1 15 385 257 258 50 388 125 902 228 852 44 404 131 133 137 989 118 602 138 1200 90 445 94 985 20 500 262 1278 99 857 136 284
2 15 186 7 1185 52 530 78 1316 142 295 98 447 44 1415 14 881 42 1249 15 888 106 1062 90 129 12 910 78 1173 75 460 78 207
3 15 321 84 498 206 1152 129 1023 55 152 16 71 235 964 183 1399 150 1392 23 656 99 1415 11 302 81 1259 155 1164 69 1329 109 830
4 15 341 35 1194 119 149 158 1356 70 94 221 956 164 1194 98 1335 107 1378 203 990 103 514 7 962 45 463 159 645 198 1274 21 1485
5 15 278 38 634 162 651 17 1165 178 1414 26 249 88 421 53 947 194 101 59 839 141 672 111 442 142 1472 64 185 65 735 54 701
6 15 329 43 177 4 604 57 666 224 548 100 468 249 337 185 179 40 746 60 1078 4 859 119 351 37 1410 114 750 212 1490 199 147
7 15 261 17 963 250 425 45 433 56 87 8 588 121 414 1 8 64 1346 187 314 111 1445 6 1 140 107 49 522 120 1160 133 948
8 15 248 38 578 71 290 166 1326 159 1433 71 246 14 341 12 229 175 660 122 315 172 1151 24 950 32 253 31 1276 64 611 92 1347
9 15 278 183 1104 53 1316 61 1126 61 1298 21 1372 205 1066 19 1260 122 300 41 1290 212 1168 64 296 104 1173 23 591 211 1185 14 846
10 15 288 258 645 40 1364 147 1126 10 919 42 1291 128 200 39 693 33 303 165 929 144 410 23 177 70 50 83 787 130 1465 131 1362
11 15 331 21 112 123 193 76 426 260 1303 55 1105 92 392 163 773 27 345 57 354 188 759 172 1156 150 29 37 100 226 1257 9 629
12 15 298 117 184 161 810 155 86 99 248 2 355 121 978 26 1322 189 1451 122 121 94 1013 193 1162 93 1062 10 177 3 551 106 13
13 15 266 278 930 40 734 71 613 84 450 33 201 142 1070 7 1164 114 948 21 1111 143 743 8 740 122 149 76 1189 141 1386 52 1023
14 15 353 212 1448 181 301 2 571 49 493 214 30 63 1488 9 1255 108 126 55 1363 52 1184 165 555 72 670 184 1197 235 1413 164 802
15 15 279 163 597 6 685 127 268 65 1386 50 1272 98 629 213 743 64 487 109 1349 169 121 15 79 26 1106 156 1419 104 1374 32 1259
16 15 320 46 681 11 532 127 332 80 1295 141 1370 90 517 156 113 136 783 119 447 4 1396 155 762 108 1103 60 834 125 539 244 1050
17 15 234 17 171 3 1260 44 169 74 46 123 832 197 870 71 573 23 874 67 78 180 954 25 1174 139 366 125 37 74 69 8 143
18 15 267 182 135 49 1176 82 1211 76 272 10 1490 1 472 37 836 234 229 244 1021 32 76 29 814 95 1080 46 711 146 294 73 1423
19 15 336 206 1157 37 592 173 385 4 1086 162 1193 88 313 98 280 141 956 108 877 209 1200 87 488 7 246 25 218 238 417 100 1421
20 15 225 18 328 89 199 190 160 79 906 104 735 153 1123 21 850 119 455 2 245 176 14 13 233 12 734 57 104 19 944 76 348
21 15 209 57 80 47 1315 12 62 13 947 27 818 15 56 67 600 210 384 40 61 153 235 37 1037 191 1409 25 812 49 274 102 730
22 15 317 177 1325 196 1399 25 829 155 76 58 610 135 319 35 228 109 746 87 936 6 1209 84 382 106 376 176 836 181 22 57 954
23 15 255 210 1329 7 578 236 344 23 425 172 1411 68 553 41 74 53 573 83 709 77 673 78 524 29 1412 69 48 31 1139 102 301
24 15 307 178 704 7 1148 255 1075 139 1385 19 35 61 212 1 1153 38 238 191 65 42 645 72 1273 173 551 202 10 105 512 54 976
25 15 239 146 435 56 671 62 367 189 388 31 33 109 742 29 554 87 1167 53 488 199 149 9 1236 102 98 29 1120 53 402 41 93
26 15 392 47 419 78 68 170 956 128 76 116 867 133 1264 101 239 189 1442 245 324 47 1148 40 1341 121 279 275 684 247 774 26 453
27 15 326 27 642 87 1075 162 801 171 1028 136 816 284 219 37 88 61 1335 139 1438 98 48 41 441 125 1143 57 142 119 1260 88 939
28 15 248 99 1205 132 1249 58 349 108 117 59 338 22 158 81 512 217 693 100 645 125 388 6 494 48 848 70 846 42 184 75 181
29 15 361 56 303 125 473 173 1220 130 1063 37 411 78 1021 161 756 185 1119 62 1 43 777 74 1416 157 225 85 525 263 1014 179 1093
30 15 317 17 210 15 1296 174 935 43 1041 94 73 62 224 85 505 35 1460 115 158 212 770 5 580 240 1477 202 933 248 662 38 767
31 15 359 200 1000 100 758 150 724 193 541 201 1494 153 1377 57 1266 72 564 88 878 86 326 63 854 45 1282 187 1379 192 814 8 264
32 15 308 151 126 172 183 2 1072 100 1332 32 151 30 1494 3 781 193 518 157 1354 43 323 171 1232 239 730 11 321 78 1227 160 369
33 15 287 34 899 110 975 180 1076 109 481 173 803 218 133 6 1169 8 1034 70 1066 157 1235 43 594 80 979 188 857 43 525 17 347
34 15 331 67 1396 263 539 59 667 2 358 88 26 268 1437 144 1320 45 1491 7 1291 72 386 55 265 133 399 106 174 132 1402 218 1336
35 15 432 93 1357 106 828 80 217 30 1023 122 814 67 706 235 712 128 505 264 230 123 151 207 753 170 232 264 613 171 1174 102 413
36 15 208 115 1013 30 539 82 1226 18 961 36 566 123 1015 60 1459 25 246 62 689 26 13 95 1496 98 263 74 1415 4 213 195 1254
37 15 376 2 1350 157 495 84 1063 66 349 9 442 222 1440 156 407 158 1361 156 936 56 929 38 661 221 953 1 1424 281 154 276 1348
38 15 316 72 1121 266 991 56 400 33 999 195 616 20 159 92 1295 60 1115 12 1054 206 82 217 421 78 1457 15 636 211 1078 51 1329
39 15 264 16 872 29 956 165 1155 18 972 44 676 122 27 8 1468 18 1006 182 1145 12 278 256 60 215 174 11 962 150 9 74 1285
40 15 248 58 314 57 810 20 201 18 1355 180 1163 64 201 53 924 61 805 155 58 182 100 29 185 91 925 215 1420 2 942 58 867
41 15 339 22 1214 50 120 112 539 131 22 149 1076 15 34 65 1103 10 418 136 1065 143 448 251 1398 102 151 92 1140 233 220 186 662
42 15 291 107 1326 83 598 133 466 36 146 132 922 67 688 184 465 105 346 91 174 13 120 162 1185 180 209 15 125 106 778 41 1084
43 15 282 206 169 27 689 82 513 154 966 77 492 186 1434 13 707 109 593 60 1114 93 4 149 922 82 551 118 1468 9 61 49 1357
44 15 317 92 1160 27 216 110 213 62 1095 63 1499 222 460 219 987 100 1434 68 741 5 616 190 357 196 188 65 1408 127 1499 41 867
45 15 261 101 638 123 1149 12 462 91 1017 54 234 58 479 150 975 94 825 220 49 129 245 67 1131 2 1462 93 1372 71 576 43 289
46 15 184 49 15 71 120 73 933 200 1169 30 1460 73 668 60 304 49 494 25 953 27 219 97 697 58 1449 61 1070 39 1222 10 1436
47 15 249 98 1285 33 127 6 113 20 1053 121 987 139 164 85 1309 171 856 41 1300 18 436 56 265 72 867 254 1149 60 763 71 1015
48 15 358 224 252 79 1257 31 299 174 801 190 1080 45 384 176 562 75 531 240 474 59 206 170 727 27 168 52 758 13 359 237 908
49 15 234 29 1422 120 221 43 1203 162 1349 53 1351 87 89 19 547 61 1182 32 800 48 849 76 646 178 226 81 707 10 662 173 855
50 15 121 22 1048 8 411 39 1308 22 6 19 485 12 352 111 283 58 1459 28 410 130 1372 7 34 47 330 15 14 60 1323 31 1198
51 15 353 117 477 245 234 118 766 94 77 221 428 26 483 76 1411 147 953 233 931 154 899 101 1153 49 344 174 237 11 650 1 618
52 15 259 222 148 69 1135 1 518 56 740 124 1341 249 788 36 716 25 1149 62 410 69 417 34 1067 211 513 47 1292 38 696 55 1001
53 15 341 110 950 9 381 263 714 15 1239 32 990 81 632 117 62 213 1366 45 921 187 593 115 749 17 400 92 1500 164 1386 246 741
54 15 321 166 966 71 1468 97 1252 231 222 188 592 155 834 142 1309 73 1238 11 457 205 1392 20 73 36 1098 13 114 150 252 51 551
55 15 284 46 368 104 553 32 292 57 121 133 1375 134 917 65 1029 48 666 272 415 40 676 198 637 69 195 30 99 44 836 149 933
56 15 261 43 547 147 1331 15 77 78 164 17 432 19 381 54 113 75 823 87 805 11 547 110 854 71 1330 199 198 109 803 274 443
57 15 275 239 647 74 1033 196 715 43 1273 46 786 224 175 56 266 173 130 59 611 25 447 65 834 8 396 51 1023 116 565 2 688
58 15 324 30 905 69 120 250 1201 120 1331 238 639 17 15 197 1242 197 539 30 1287 230 1222 14 1117 50 55 158 872 21 696 1 1257
59 15 281 5 116 44 828 118 919 174 1207 184 691 108 519 55 1034 98 1047 137 506 89 394 6 691 157 600 96 592 127 195 10 943
60 15 253 45 392 214 1381 77 1414 5 984 63 1467 23 21 157 530 83 121 201 256 135 448 70 714 14 1022 34 1180 66 1246 82 401
61 15 322 37 810 47 1269 117 669 197 352 193 1071 178 766 169 264 32 730 135 1459 227 1120 48 783 10 490 164 604 4 1316 56 651
62 15 395 92 1414 8 219 283 253 35 798 70 469 160 1230 286 1026 183 694 126 1372 94 965 293 471 70 1318 59 1423 111 1196 106 758
63 15 283 48 1201 127 418 200 727 66 125 21 871 13 177 72 1447 152 999 111 926 61 1098 17 387 154 40 50 80 181 453 146 1053
64 15 301 144 302 5 889 16 1016 225 981 25 295 7 926 171 1307 41 60 144 171 8 1025 44 302 191 1098 249 355 123 816 115 826
65 15 258 11 166 106 159 107 291 154 1066 43 1251 89 612 142 774 233 1442 175 1334 103 1451 24 1248 27 903 13 1378 13 1058 51 201
66 15 264 147 887 3 484 204 1438 40 358 73 1132 159 66 128 595 43 1020 30 893 26 657 93 980 15 1300 15 1489 243 245 102 765
67 15 261 2 1002 257 71 70 1476 234 718 41 193 78 156 124 167 111 428 2 901 33 630 33 691 12 1213 137 1404 25 1447 148 1269
68 15 353 184 548 57 1160 178 757 219 979 73 1290 154 1111 157 674 154 27 102 1480 146 597 18 918 61 472 154 512 22 1022 90 456
69 15 281 97 635 7 794 16 1359 54 1489 268 1042 285 583 69 938 28 239 108 472 96 304 11 544 32 810 29 172 128 1277 180 246
70 15 290 158 161 15 510 88 1406 138 110 136 396 17 303 256 1036 8 1263 10 944 50 1462 240 438 177 492 72 586 3 796 84 1351
71 15 297 127 1398 103 847 33 798 75 966 141 1222 94 1436 267 214 64 679 32 938 71 593 86 1160 69 408 108 1192 114 490 102 278
72 15 281 124 307 190 1309 96 258 17 1231 3 181 249 442 30 105 115 793 36 889 218 1148 45 1486 115 503 144 238 10 496 16 569
73 15 334 148 437 82 215 89 1375 154 554 96 1468 143 1384 132 1233 141 193 105 452 113 52 160 170 1 1489 76 799 40 216 193 269
74 15 277 22 1379 10 1216 61 206 60 737 81 1176 280 85 74 560 150 786 213 591 12 372 13 622 36 684 194 920 85 279 95 675
75 15 311 169 346 26 30 68 652 10 65 32 244 50 881 172 1491 157 1211 184 551 145 37 110 1165 131 628 47 353 136 200 122 165
76 15 283 260 1473 37 547 124 1055 79 943 40 1054 13 1192 99 603 138 1097 152 688 66 1498 262 958 49 807 13 1463 18 950 66 1459
77 15 351 25 838 94 245 245 1051 53 1158 48 749 70 911 171 1411 155 1206 23 1485 142 1100 134 465 234 1383 128 276 198 1008 35 938
78 15 247 198 1125 23 241 115 939 17 1461 50 689 87 802 17 476 129 489 91 241 121 1213 20 7 104 1479 130 709 7 1102 127 899
79 15 288 32 570 139 1226 107 1176 95 259 23 288 22 920 160 469 1 799 249 95 21 428 128 354 172 485 96 52 125 875 71 180
80 15 352 280 396 152 1143 17 1303 65 684 119 630 13 172 175 859 128 104 103 1039 146 972 18 929 68 372 185 302 100 139 193 1414
81 15 327 209 1157 52 1064 237 1208 33 868 81 1228 170 633 33 306 74 746 109 687 165 1341 104 1147 130 1423 38 801 145 357 57 1157
82 15 342 30 811 63 1368 145 1126 21 1337 106 120 10 1268 130 916 48 949 133 869 241 7 236 584 5 774 187 674 144 745 212 1044
83 15 348 109 1355 154 866 195 1010 74 62 163 2 95 231 129 947 72 1242 12 279 263 954 21 657 4 1249 58 950 229 1441 164 945
84 15 273 102 264 60 49 82 516 49 579 60 420 265 669 137 1500 26 902 190 125 101 1303 22 521 72 46 45 834 3 514 154 961
85 15 219 32 238 146 291 120 834 10 1042 63 1459 51 21 233 1223 100 1279 19 266 18 736 8 732 42 864 7 1109 15 559 233 260
86 15 277 55 1448 134 735 261 1121 54 789 18 1494 144 1298 17 975 65 1350 54 230 187 1451 86 717 131 721 144 1083 30 52 8 456
87 15 296 221 570 24 1065 31 909 177 44 54 843 150 994 32 718 32 609 122 1451 39 145 48 151 25 1186 275 702 66 1169 187 1266
88 15 273 46 19 36 782 128 645 220 1494 70 978 172 343 91 918 85 867 89 31 8 1261 61 698 60 288 234 594 56 2 13 992
89 15 264 26 503 43 569 62 330 18 21 158 299 241 398 7 203 168 676 57 89 56 7 100 1134 37 144 23 958 166 179 162 1317
90 15 213 171 569 82 453 5 1478 100 918 52 569 22 341 14 17 3 1072 224 1391 8 1243 157 1065 110 1264 25 1299 55 765 39 580
91 15 263 13 699 221 1003 207 600 68 370 51 242 163 32 113 484 14 1068 1 226 111 146 94 1161 54 1376 30 538 10 615 167 1052
92 15 327 259 852 110 1334 148 831 95 495 64 105 69 1349 140 1347 101 883 148 262 20 772 6 1378 263 25 125 991 11 348 77 820
93 15 218 99 620 59 1335 223 987 58 245 20 1185 62 105 64 327 27 171 29 854 71 294 120 1351 90 447 8 1331 118 1467 44 840
94 15 330 134 489 1 509 21 24 133 278 214 379 242 112 66 181 17 1322 91 1117 261 1419 242 108 29 495 69 1172 24 961 107 1275
95 15 239 88 846 5 344 50 324 13 1484 114 26 33 16 35 513 103 101 13 168 216 922 228 1039 2 534 177 898 40 1130 78 512
96 15 464 203 1149 246 523 182 509 219 807 4 1196 45 9 248 436 181 560 151 222 278 1264 99 138 281 555 77 820 91 201 17 790
97 15 358 258 195 110 938 36 368 116 1311 112 1223 209 523 67 1264 100 62 65 326 110 148 75 380 118 1496 177 485 91 558 147 1339
98 15 294 119 656 89 188 27 68 81 409 68 936 118 1165 211 775 57 530 42 691 73 1102 189 618 161 280 105 351 8 318 126 148
99 15 334 107 1464 102 867 9 1124 103 1207 151 111 264 496 24 565 45 105 266 373 139 630 102 1035 96 453 66 412 183 618 15 94
100 15 254 30 232 143 1161 30 1233 93 1355 142 209 71 1467 55 1132 44 417 21 1244 175 1165 90 561 206 550 55 690 57 789 60 1282
101 15 307 90 747 110 618 25 1236 245 352 100 1358 248 254 42 1198 153 683 101 1309 91 1269 99 739 160 1227 21 871 51 1059 1 933
102 15 337 196 277 145 108 124 1253 66 63 140 673 205 985 170 1197 3 893 134 805 50 1166 10 60 117 642 193 369 51 281 82 181
103 15 293 103 1401 210 110 101 1182 184 764 78 1137 85 23 116 620 72 367 57 673 50 543 67 656 142 1157 13 207 152 1263 39 561
104 15 319 137 891 80 851 90 607 47 1293 193 965 75 295 187 1088 21 942 13 417 92 1346 135 273 199 366 200 56 120 161 6 650
105 15 400 277 402 176 376 139 1352 29 1084 174 927 34 112 163 72 68 666 182 1071 98 1380 94 1495 210 594 129 1231 43 962 188 914
106 15 225 160 425 11 545 5 1402 36 1235 147 1222 117 387 58 916 58 875 95 939 67 836 21 1330 60 576 131 457 56 1041 106 1098
107 15 275 7 844 22 626 89 1165 160 1142 50 929 216 678 4 1124 59 598 92 886 24 944 99 344 151 697 195 333 190 1314 18 1347
108 15 289 153 713 54 812 145 160 155 509 163 501 67 926 59 1422 61 947 86 1062 26 750 101 300 153 464 194 642 12 1385 18 458
109 15 315 35 337 53 1494 5 1279 185 1429 58 379 111 681 90 419 172 1240 104 996 134 391 130 261 120 577 161 1105 55 507 163 485
110 15 354 44 352 204 835 161 1203 13 1423 271 1255 167 1454 104 1201 168 570 36 103 148 60 10 80 55 1452 122 816 76 215 195 1449
111 15 228 245 794 110 1034 19 68 34 1038 30 173 21 1019 118 1492 31 1247 124 131 76 601 51 1377 42 1279 97 49 82 1121 61 413
112 15 272 74 1416 10 659 136 669 109 38 7 319 90 126 52 401 169 294 57 1168 135 1394 97 45 151 191 8 688 117 357 151 258
113 15 287 87 512 125 619 139 258 105 1426 53 1012 165 23 39 9 85 1179 21 33 94 841 231 686 109 366 49 316 5 1490 130 1345
114 15 257 281 387 6 98 119 287 4 1097 48 1026 162 627 44 498 198 649 33 1036 9 463 7 365 6 995 179 1485 113 793 79 1354
115 15 398 98 420 60 503 145 518 123 457 169 1170 49 591 194 773 248 1363 150 282 272 19 180 242 13 1150 8 582 205 1170 79 942
116 15 363 69 657 13 1114 2 280 205 108 166 162 31 1260 207 1273 127 269 77 1248 177 753 75 1119 94 1311 190 1361 164 1284 220 14
117 15 269 116 618 131 1121 21 53 104 782 70 376 57 1444 172 1072 142 928 121 1243 76 690 153 102 28 418 59 767 55 782 41 775
118 15 244 171 744 115 1188 13 1109 84 565 15 1155 108 396 125 596 73 1070 96 1017 145 989 6 82 26 678 4 633 107 1188 135 493
119 15 302 253 602 3 1224 127 1499 227 522 16 476 30 768 82 936 108 1479 29 78 99 430 99 758 147 710 171 1149 14 559 108 595
120 15 279 5 485 69 1057 2 753 217 1412 49 623 119 1386 84 1248 52 533 150 229 74 586 128 109 137 916 6 42 196 1025 108 849
121 15 417 174 69 48 939 258 269 207 1282 91 306 59 1263 43 1363 198 1273 193 250 211 1491 85 738 128 1169 287 785 103 1248 2 322
122 15 341 233 607 40 207 115 1204 95 909 150 749 187 289 120 714 132 229 153 170 153 12 136 1495 49 178 30 389 85 390 31 1313
123 15 284 49 587 111 854 5 930 245 544 38 653 81 1111 17 554 63 364 75 1319 154 749 92 804 94 938 101 1070 186 1363 110 615
124 15 278 27 843 139 965 20 258 9 1369 74 1385 76 66 94 1495 8 790 268 290 146 619 188 464 3 147 35 1104 72 913 231 591
125 15 239 14 1270 12 1185 71 1107 113 846 54 566 122 190 44 564 11 197 127 915 88 793 87 627 115 1012 175 535 150 777 14 732
126 15 313 110 382 108 1321 40 931 8 633 224 1457 24 780 143 1082 14 852 66 768 33 87 278 1036 72 1373 276 794 56 238 116 380
127 15 326 84 1394 196 18 162 411 109 1357 136 1234 100 1405 88 242 64 567 105 665 155 831 144 40 69 1013 3 286 113 889 102 1192
128 15 262 182 370 125 452 53 1223 49 1409 19 736 183 724 18 888 106 14 60 1284 49 1179 192 753 62 896 5 638 33 940 177 103
129 15 303 108 1121 2 1013 119 695 31 323 242 1360 2 563 79 970 85 264 70 494 42 470 183 484 77 216 217 282 100 584 158 1174
130 15 321 75 93 184 108 129 42 153 1046 211 1098 104 3 118 28 168 1004 109 190 80 903 27 1492 58 761 66 705 9 864 118 255
131 15 276 92 73 216 1306 198 426 4 561 83 1107 13 1473 195 1325 64 1403 45 846 94 777 54 491 156 763 156 1181 5 710 8 109
132 15 320 204 1154 47 663 242 653 175 59 14 1271 139 591 112 956 118 1091 36 1492 2 40 130 1278 29 30 149 966 57 1244 149 1387
133 15 253 167 686 71 1053 8 932 78 643 18 871 13 1420 132 205 46 1102 52 1198 7 501 247 419 201 683 17 272 194 307 18 1085
134 15 237 103 1427 38 517 158 714 180 1083 37 389 53 1160 198 1263 32 844 6 361 59 885 7 361 40 122 54 153 59 1368 165 78
135 15 268 79 1319 214 365 40 997 87 1464 9 1232 92 62 178 419 28 564 101 1225 20 329 122 609 173 1383 70 1009 98 509 29 1002
136 15 354 127 464 148 1338 68 1302 86 711 40 1295 69 103 30 828 124 510 48 1214 55 1450 280 1226 158 1353 203 906 257 273 81 512
137 15 215 91 197 171 452 40 762 65 478 31 1221 8 463 285 1054 12 1262 47 642 117 470 84 1475 37 549 23 567 10 154 57 851
138 15 411 106 48 237 906 25 612 189 341 62 146 103 758 248 216 101 718 117 875 188 57 197 534 155 1430 32 40 244 676 52 1240
139 15 331 41 386 98 538 235 58 76 1148 85 806 170 1116 216 1030 200 322 139 816 4 1176 67 783 15 1111 98 588 98 1174 116 890
140 15 281 65 770 35 841 72 435 93 1140 145 76 7 489 50 283 143 154 103 970 34 940 66 218 97 1380 268 262 199 189 30 36
141 15 276 67 293 45 837 106 32 9 1449 223 1002 26 286 80 592 182 197 66 1031 160 1468 7 1101 183 740 40 162 31 882 159 165
142 15 241 68 857 89 1407 147 170 51 181 188 1490 22 391 28 1122 51 127 7 612 52 88 66 1004 26 360 127 535 40 789 243 998
143 15 246 48 179 31 1458 111 53 129 521 33 395 56 889 55 1013 136 1474 83 991 139 1300 34 252 247 1401 12 329 117 749 2 958
144 15 319 107 389 112 1033 28 692 116 856 156 1201 72 1003 33 1225 24 350 90 75 270 871 130 1248 137 928 165 628 69 1337 89 489
145 15 242 139 334 79 359 45 1135 83 108 141 1258 33 306 81 1065 28 532 71 1314 133 1209 20 853 138 1258 33 281 94 1188 94 117
146 15 287 21 1225 118 982 121 79 134 943 144 1443 5 857 142 398 95 528 269 985 164 412 60 1479 45 1002 45 1201 52 1193 21 874
147 15 295 10 1199 43 78 70 143 6 1159 108 648 41 340 158 1218 226 1084 70 9 63 1194 85 979 93 624 104 819 107 1026 293 401
148 15 266 5 1298 54 374 90 1485 146 787 144 817 3 994 73 475 100 1249 91 215 2 1059 81 1469 208 112 75 1082 91 720 167 1404
149 15 223 182 1062 110 671 71 1006 62 1005 28 742 78 617 47 1063 50 974 12 903 13 1266 174 762 46 253 21 342 172 148 49 508
150 15 270 34 356 98 159 40 1269 37 169 177 316 25 970 123 809 281 1412 35 859 187 1207 162 277 63 724 31 680 14 1001 45 680
151 15 143 15 279 91 450 62 273 8 174 29 107 28 1004 55 1437 21 815 56 159 9 300 106 486 36 1195 13 798 9 375 181 300
152 15 278 12 249 25 1185 197 31 72 926 167 347 27 146 9 1027 82 1241 70 643 233 518 65 541 232 532 62 844 129 12 10 1485
153 15 368 22 1473 72 724 23 1102 30 516 237 1465 187 566 82 1002 264 733 184 570 103 1292 143 28 207 32 54 1241 73 246 160 1486
154 15 324 82 266 7 1433 86 1187 120 1003 241 958 28 1186 253 1036 105 981 124 993 24 29 111 313 33 899 62 124 145 176 202 1095
155 15 271 210 31 224 638 13 753 21 780 57 869 23 618 95 705 166 1497 42 1454 123 1175 144 264 128 355 40 548 53 1208 17 1109
156 15 419 155 611 100 684 187 855 251 1082 126 755 208 867 121 1220 89 859 64 19 233 1499 13 631 222 1386 53 434 102 639 172 975
157 15 290 160 1368 71 630 9 703 44 1346 156 759 12 1049 17 467 117 423 178 88 20 34 235 1036 155 571 27 1072 76 314 174 1448
158 15 388 27 330 103 297 79 822 230 1259 51 887 137 803 240 716 221 919 156 1166 193 1486 96 860 20 532 177 667 134 827 78 1013
159 15 186 180 946 152 1446 32 212 19 296 11 6 33 1075 5 1217 54 665 47 607 68 1100 37 714 201 389 30 709 18 1275 46 114
160 15 249 74 137 35 119 13 357 53 1371 199 1184 71 884 30 1148 184 280 121 297 48 615 12 322 166 353 11 798 15 962 217 1071
161 15 339 3 1032 157 239 119 1479 99 214 80 55 186 958 62 715 79 259 208 547 38 55 116 1135 1 1471 251 1459 186 293 111 590
162 15 308 28 453 123 109 36 889 18 570 1 798 148 1087 172 930 121 1436 3 336 163 928 177 101 224 1170 85 1053 181 519 62 919
163 15 331 226 920 91 211 135 1394 150 623 196 131 165 123 40 1190 84 1252 43 1382 92 1000 48 1395 67 646 168 648 44 492 107 1145
164 15 320 159 26 53 535 207 884 13 411 43 1012 207 1457 238 445 209 1399 4 771 90 964 23 1104 20 1435 258 489 75 1499 3 447
165 15 231 12 766 109 530 32 686 37 974 2 1476 129 472 63 708 71 1032 78 1047 13 918 152 1280 50 183 17 378 256 159 138 364
166 15 298 26 417 1 1369 80 332 197 507 5 62 174 555 48 588 48 1375 48 1494 61 702 216 768 144 879 202 464 64 966 178 29
167 15 226 132 16 211 451 10 1446 215 1206 8 1281 98 1427 115 2 13 730 84 694 14 122 5 436 121 698 7 460 20 126 78 1100
168 15 241 52 501 119 898 32 87 245 63 44 1321 34 792 81 109 20 1003 49 717 104 838 12 1417 116 880 85 314 140 890 75 1053
169 15 327 250 1000 89 495 6 915 200 1440 40 122 101 1048 209 298 89 237 63 551 83 295 83 1058 251 100 34 1218 124 359 15 1342
170 15 238 99 318 79 592 28 1383 55 825 6 48 151 1225 34 1363 56 251 17 362 15 1057 148 1487 107 1256 130 1433 50 541 219 606
171 15 285 166 40 123 784 162 860 14 878 23 1162 99 837 55 107 171 1250 61 678 91 673 33 670 86 197 202 667 119 700 23 1165
172 15 346 3 147 129 1453 230 1226 59 1057 34 1198 200 423 206 481 58 324 68 1325 179 1412 245 558 32 1212 39 675 222 786 26 190
173 15 350 63 361 174 1406 159 1461 186 408 135 1267 61 1371 179 414 7 544 30 952 176 496 106 523 261 1158 176 878 12 878 25 314
174 15 369 215 208 13 681 35 1043 19 605 250 1059 145 302 241 363 116 1274 56 249 205 978 52 685 39 583 246 1361 195 201 20 919
175 15 245 50 945 79 490 25 1022 74 437 126 1234 161 624 140 333 45 75 150 1160 20 615 83 690 21 358 211 793 38 1140 2 360
176 15 280 210 1226 215 79 55 223 47 1491 28 1412 281 469 70 52 62 797 151 447 71 755 129 125 57 1192 1 62 2 396 22 190
177 15 305 39 700 141 91 107 1237 216 579 40 1379 116 1208 2 916 47 118 284 252 21 665 208 764 142 164 91 812 33 13 41 230
178 15 322 35 1461 160 340 115 1469 61 618 15 365 281 1126 170 334 32 901 110 524 125 1224 87 560 215 229 13 993 79 877 113 600
179 15 252 156 314 17 381 270 825 172 1411 157 684 52 679 65 852 119 879 17 59 145 394 9 510 5 1000 28 1232 40 866 8 1388
180 15 404 147 175 87 335 193 639 102 1477 126 215 5 1378 129 156 89 834 171 200 231 733 38 1277 260 821 86 1481 100 1462 256 1435
181 15 301 90 1492 218 815 121 1481 22 458 26 800 61 94 179 1230 126 492 96 719 193 353 61 420 72 1247 135 446 43 810 63 255
182 15 286 76 854 32 713 117 1322 135 1066 95 252 36 945 113 255 192 458 71 136 8 1057 112 181 94 44 148 831 26 1062 178 1131
183 15 200 41 1307 13 720 40 797 17 1379 85 1439 160 1269 92 1008 114 1489 44 1498 145 66 67 1456 72 173 81 1230 24 1484 8 1270
184 15 297 12 436 97 413 9 1419 2 1090 70 1466 76 522 251 654 201 1455 231 356 10 448 109 1004 95 1025 67 949 114 964 141 1151
185 15 207 11 316 80 1004 129 813 164 1003 99 953 39 1081 27 35 30 327 22 862 28 220 210 196 17 274 69 136 23 1444 89 834
186 15 356 243 358 73 1358 220 942 208 1268 2 1057 250 425 87 525 159 298 72 1282 148 1355 65 310 8 1042 154 742 64 876 31 1245
187 15 297 38 1340 12 1043 90 7 232 445 24 776 188 939 175 623 122 514 109 1043 159 1307 2 709 40 715 5 443 216 823 74 42
188 15 404 105 322 122 626 109 757 193 920 121 286 87 1086 10 1287 175 747 184 712 33 568 224 723 93 1374 52 728 249 350 264 1236
189 15 336 115 491 43 352 120 744 205 824 77 338 240 1193 175 1433 97 1228 7 1385 3 547 63 755 199 214 162 721 74 204 103 850
190 15 314 220 853 32 1187 154 524 71 453 220 808 48 772 88 173 102 465 210 496 17 428 6 700 81 764 209 812 18 940 97 24
191 15 282 26 1108 39 1428 64 88 91 271 58 507 82 1243 61 495 82 108 154 1156 189 1409 171 419 157 240 126 891 32 1436 78 331
192 15 335 160 233 11 878 121 603 112 787 52 1211 188 805 3 147 250 1181 98 1464 174 841 163 633 17 1183 3 709 253 998 70 460
193 15 230 17 833 108 1444 12 441 2 401 165 1240 74 1075 76 1217 140 784 60 541 145 591 40 952 76 626 54 795 45 1116 140 44
194 15 401 118 869 12 1180 31 142 73 615 128 384 285 179 169 1081 69 876 143 120 104 190 176 920 153 390 138 1414 202 1472 206 1394
195 15 350 49 1456 139 553 88 1172 162 22 223 911 110 1241 97 663 190 1159 45 199 201 622 71 114 76 53 6 1118 45 779 252 1281
196 15 248 100 844 219 598 3 336 20 1048 166 760 23 1167 140 917 3 294 252 881 7 990 13 393 44 833 110 506 83 1378 59 344
197 15 352 75 1279 224 338 152 373 238 680 80 96 50 999 156 400 81 504 45 570 163 1229 112 22 156 1221 61 830 126 252 42 1009
198 15 259 37 1500 39 461 170 956 79 1360 138 1182 1 910 142 945 102 470 122 329 81 415 3 790 3 455 167 677 75 964 139 1150
199 15 443 164 837 212 803 267 838 136 833 118 134 60 1449 165 701 112 41 115 666 209 853 47 65 155 1038 182 793 127 371 150 500
200 15 348 188 101 59 762 42 907 58 501 229 749 15 1345 54 382 233 537 21 923 129 1269 168 20 47 605 255 584 26 1494 217 1163
201 15 311 180 874 106 1291 43 312 201 71 164 1376 99 614 4 285 79 1111 130 496 157 804 123 837 12 821 87 1499 156 453 18 734
202 15 291 97 476 166 265 129 964 13 938 58 450 9 1370 145 301 24 4 206 253 8 300 129 395 151 1154 55 812 113 1309 156 604
203 15 394 59 899 42 1425 74 1046 49 827 7 1188 239 464 221 1482 130 459 240 54 248 1382 54 1258 145 731 142 697 111 96 211 1261
204 15 220 49 1049 26 1167 223 771 3 525 106 97 33 1173 75 985 88 204 178 888 114 1225 16 17 15 419 14 663 132 1160 28 550
205 15 298 150 440 134 495 144 1435 148 777 118 1376 14 1280 7 1377 1 349 139 1233 214 236 41 522 160 956 15 1334 66 269 142 1196
206 15 380 163 1270 85 514 58 1296 215 1229 130 986 134 303 73 613 146 1383 22 676 148 106 190 1190 61 106 194 111 149 117 136 1404
207 15 383 13 869 8 679 29 1329 289 1071 178 708 143 1270 90 505 142 904 141 636 216 96 280 739 73 1271 117 446 99 929 99 811
208 15 274 59 1303 30 557 124 1314 90 141 92 344 103 1000 46 384 146 74 158 1268 119 528 23 92 109 367 98 614 60 970 117 779
209 15 164 161 1324 17 49 107 1244 173 1008 38 1407 14 319 48 1145 12 517 33 857 13 1018 26 195 7 278 58 1095 14 248 101 760
210 15 380 153 326 9 544 135 671 131 497 76 1444 188 858 148 445 187 43 100 1290 20 1046 123 1254 207 529 207 1298 36 945 184 1264
211 15 339 48 1458 39 1139 234 1476 31 1025 194 695 192 1305 95 1096 262 1135 86 1497 87 1028 173 1445 87 377 46 584 112 1223 9 1393
212 15 240 26 991 191 516 86 499 206 217 29 1090 62 1159 102 1332 139 1251 31 423 2 216 109 212 5 1132 9 1166 198 827 9 288
213 15 306 62 857 21 657 142 1089 157 749 10 416 210 945 173 320 33 1230 12 604 138 205 105 800 94 1490 64 326 190 1032 120 16
214 15 312 223 289 13 457 27 867 78 1282 51 1067 129 36 164 977 40 1395 152 883 152 493 155 1055 55 1307 63 41 8 679 250 611
215 15 380 195 1487 75 1237 22 971 147 1271 123 379 245 214 57 381 186 1343 204 1166 101 555 43 186 44 489 151 540 189 501 120 36
216 15 273 103 872 185 717 43 1347 95 779 36 1458 138 1055 170 71 64 838 80 214 102 729 162 956 6 855 8 400 99 1144 75 112
217 15 207 3 1386 167 696 52 113 67 458 156 118 23 177 6 356 79 1380 68 1208 66 1063 35 209 183 1305 29 910 93 1357 9 859
218 15 240 63 906 132 226 153 1124 40 1188 85 1429 186 1069 93 1491 84 1052 81 1315 86 1254 87 1468 44 1457 29 1204 15 754 23 1288
219 15 362 107 76 90 888 211 1385 197 1099 197 753 82 391 105 296 16 120 139 394 87 387 220 373 145 1452 15 1173 45 290 157 202
220 15 353 108 801 47 83 16 578 48 732 286 756 60 697 128 701 103 17 216 14 68 336 25 53 211 83 261 33 56 183 136 527
221 15 246 10 303 98 1130 2 1264 22 1473 160 1181 11 589 11 620 5 163 218 635 52 566 101 533 20 1407 38 1196 241 463 245 990
222 15 288 7 205 6 1434 252 1044 128 92 176 726 25 1410 124 75 187 1239 44 1050 49 1472 23 795 63 900 142 227 170 1091 45 225
223 15 248 4 549 161 1461 58 131 14 739 131 967 202 110 3 466 41 349 157 1300 98 1099 52 585 19 326 117 1052 6 243 178 672
224 15 281 92 1124 206 758 12 1303 20 864 129 1011 141 1062 217 110 13 1038 161 144 52 950 139 523 28 1033 9 317 75 393 113 389
225 15 286 45 1303 138 600 230 257 44 65 136 680 118 1153 126 270 20 447 20 339 100 798 102 551 114 1241 30 393 192 1362 16 649
226 15 327 79 940 6 1075 130 400 223 1144 193 404 136 1154 27 856 65 242 228 1086 157 1385 96 588 36 728 20 498 116 768 124 794
227 15 339 122 796 14 676 56 1256 123 798 26 545 13 1385 197 138 177 933 113 684 149 490 13 1313 175 420 224 445 96 901 197 19
228 15 281 18 639 161 124 95 745 38 202 53 1398 189 594 107 411 256 705 85 413 27 375 32 742 96 316 4 451 186 883 62 1174
229 15 305 1 1313 281 260 164 584 8 1376 60 295 23 484 76 270 28 1190 26 374 104 1026 276 289 206 1139 11 577 199 1131 66 714
230 15 357 88 6 213 1346 70 428 142 346 130 338 42 10 42 185 12 715 90 569 148 624 62 1005 251 529 260 953 101 452 136 180
231 15 258 52 169 16 61 207 132 80 454 109 956 135 1032 112 1377 92 591 165 962 100 27 1 1154 23 367 93 394 2 711 107 726
232 15 252 1 221 37 1343 55 1297 27 1014 133 59 103 592 181 1021 53 31 265 1245 18 792 110 1341 72 872 4 1402 196 779 7 575
233 15 263 105 184 26 356 34 1175 118 30 158 1342 108 548 106 1370 61 38 5 981 53 69 131 930 7 316 182 785 14 714 207 315
234 15 309 42 1485 55 403 137 1384 119 785 33 235 141 1391 82 1397 195 360 8 527 33 1157 101 1311 196 764 129 1215 198 1154 77 525
235 15 343 272 388 152 177 54 1035 177 1170 113 201 30 1157 236 1323 72 107 43 972 36 189 132 1335 100 1391 93 1495 99 830 109 1195
236 15 290 106 1451 88 15 7 535 80 1157 65 465 87 1313 137 781 9 943 215 932 182 438 101 1109 175 527 17 280 173 1004 8 944
237 15 337 73 115 64 1108 243 102 82 313 108 485 82 63 48 434 211 640 108 22 165 1032 161 1224 182 639 77 900 71 579 12 269
238 15 310 140 580 241 396 195 1422 65 391 17 1222 255 986 12 67 36 711 53 538 106 842 140 732 47 950 140 23 47 574 60 242
239 15 362 60 344 38 886 1 1446 102 640 96 1029 124 1140 130 179 58 266 189 923 82 226 77 1265 246 42 241 788 138 1462 228 571
240 15 333 61 311 171 564 136 333 93 140 246 477 55 1266 86 1118 55 696 106 626 182 1169 19 677 61 329 196 503 90 1041 108 539
241 15 364 184 1376 197 294 214 1458 18 1447 89 675 44 1176 238 655 42 155 149 1194 177 478 209 1037 27 706 112 1462 93 1093 29 690
242 15 270 122 1256 131 415 110 1014 3 938 71 1362 62 137 42 989 181 1174 104 248 75 438 10 268 53 853 177 1130 195 1252 18 790
243 15 256 91 871 126 300 96 1135 219 1409 142 1020 111 1372 77 400 77 387 108 1205 38 185 47 857 49 350 62 1378 28 174 11 173
244 15 312 83 1396 162 612 153 633 114 105 77 308 170 1290 51 1407 66 677 67 359 95 359 57 1354 135 1462 182 561 136 1184 12 230
245 15 307 28 659 38 9 58 515 43 286 173 407 157 1235 17 246 241 1214 6 1476 63 232 70 103 169 1498 190 55 28 1222 258 505
246 15 326 101 199 49 501 38 1304 143 282 52 424 122 1303 185 183 53 979 93 936 98 1333 126 1338 136 1187 188 24 65 1241 185 218
247 15 306 31 836 275 984 29 1477 14 484 141 400 72 1445 54 175 24 187 36 187 149 1 162 867 95 486 176 1175 182 1077 94 1255
248 15 292 232 1335 180 1193 97 197 14 443 9 774 83 173 103 181 18 1148 74 1353 126 1116 213 580 186 145 13 592 75 894 37 1157
249 15 303 92 1372 82 742 20 433 62 115 136 628 1 1340 240 1227 20 590 145 562 140 1178 217 1241 161 316 21 56 115 876 65 292
250 15 279 98 1439 11 1195 224 1145 253 404 12 611 38 154 107 1381 216 1271 44 727 1 801 63 1129 76 1169 154 1308 19 1062 80 240
251 15 200 39 1140 76 1367 51 786 5 1500 174 357 127 1225 32 1054 30 1451 26 888 68 1197 57 741 90 562 36 223 5 135 187 576
252 15 353 86 197 265 950 47 1273 102 1304 211 1165 104 1289 253 803 30 1169 261 1349 1 1167 58 559 118 741 105 533 42 1155 85 1178
253 15 319 5 1008 253 959 115 1470 23 1375 38 967 228 153 21 457 119 680 130 1405 10 936 190 249 215 686 24 566 36 1155 191 38
254 15 210 47 313 7 12 82 243 29 311 71 1450 60 408 17 1186 157 735 177 1401 19 730 64 85 20 980 175 1217 60 619 69 413
255 15 295 78 847 93 601 163 1256 8 1434 78 63 83 825 69 799 24 1475 141 681 105 108 55 421 194 1179 115 878 99 893 172 1236
256 15 346 251 578 63 818 215 1141 183 642 73 1190 4 141 131 1027 234 540 94 51 36 418 5 855 50 949 76 964 211 1176 106 36
257 15 266 1 1378 9 1258 224 331 158 1232 80 278 101 419 28 1216 7 203 136 123 30 476 62 1168 180 660 45 1120 70 7 200 358
258 15 231 170 1119 58 1354 18 868 70 1374 58 1224 66 804 45 946 6 96 104 1273 94 242 49 1141 24 1360 187 1003 110 1124 97 339
259 15 296 110 735 139 201 273 839 144 701 7 581 59 1390 57 1152 214 138 184 94 93 520 22 590 67 939 10 628 47 378 55 272
260 15 336 27 878 63 348 171 1041 65 234 36 1454 149 855 192 455 92 1273 142 248 126 1450 104 1352 9 357 209 572 130 783 169 363
261 15 376 220 453 94 33 120 822 264 1035 70 1407 45 1469 162 1229 45 1148 39 950 47 442 169 143 156 908 230 102 153 320 70 813
262 15 258 5 674 99 246 112 360 6 156 195 703 198 1448 26 933 214 354 176 1197 19 884 81 108 26 507 3 1188 67 1420 63 1025
263 15 480 104 1135 179 827 37 1178 264 1162 281 387 58 1247 184 1453 184 1077 111 1277 255 960 31 1313 139 3 237 1165 177 1442 163 1190
264 15 306 83 1148 236 259 12 226 71 145 119 280 104 1395 28 1416 188 1072 110 680 137 490 205 978 61 315 33 126 25 150 118 1272
265 15 336 128 1042 148 1012 167 937 15 1173 212 172 39 4 77 809 163 451 94 619 88 459 189 1180 140 104 15 414 31 357 174 808
266 15 208 101 242 109 408 2 652 134 630 21 596 46 1368 229 1268 107 227 39 1037 10 1468 40 607 25 668 31 70 100 343 46 1324
267 15 285 1 712 117 615 9 1230 94 648 72 11 265 1003 173 377 126 1458 81 343 9 1096 85 1159 173 307 144 81 7 4 70 366
268 15 234 243 358 2 1098 123 588 12 191 104 1219 72 787 29 1131 110 571 63 942 74 1436 58 1382 5 809 123 865 33 1189 120 82
269 15 309 133 583 154 1175 5 968 174 645 209 837 71 1083 56 567 181 856 113 775 124 354 27 1371 8 998 143 561 79 575 72 730
270 15 282 166 987 72 1048 44 1357 38 743 43 843 2 1140 136 308 151 1060 62 444 247 1173 43 1101 100 922 162 277 4 948 140 437
271 15 274 136 663 28 1093 73 1058 30 147 64 438 25 448 40 1261 11 679 223 1210 16 1314 204 210 73 1113 134 606 227 24 90 827
272 15 275 95 182 81 272 85 945 72 313 3 142 94 858 41 1495 133 285 197 340 261 1270 118 1105 90 591 64 256 32 611 9 1466
273 15 279 242 1307 55 932 32 598 144 743 49 1019 218 1215 32 781 69 805 190 520 21 1346 126 453 46 1250 101 1125 53 816 18 782
274 15 324 222 1010 88 1154 64 714 235 591 26 864 182 1210 65 1342 114 475 11 1432 236 1380 65 409 135 624 5 388 161 884 14 1344
275 15 293 2 765 151 1292 68 96 58 66 38 1227 14 345 63 410 167 683 57 149 65 1404 220 934 160 411 46 1162 100 142 258 968
276 15 464 172 659 270 1358 20 175 106 282 250 4 190 286 120 134 189 837 186 1204 37 153 51 468 137 1109 105 683 250 66 240 1272
277 15 306 15 915 17 508 226 436 68 1063 59 1142 87 851 139 1151 134 1101 169 478 183 843 131 790 106 158 15 1093 159 1349 26 161
278 15 298 67 1277 143 946 74 1279 212 1241 108 768 131 346 85 1328 26 1266 74 1354 84 1465 18 568 225 423 141 238 42 910 60 480
279 15 282 28 580 88 618 89 1252 248 26 23 215 116 159 118 1078 172 421 2 1413 97 978 170 683 111 655 12 366 126 1190 10 942
280 15 278 139 520 31 1253 57 893 6 931 39 410 65 832 186 1311 165 338 162 702 29 765 209 1023 47 93 8 173 82 419 168 459
281 15 402 194 1080 17 1179 19 332 103 1402 81 16 205 1265 139 172 46 485 182 985 176 1026 136 1015 248 62 163 416 164 830 138 849
282 15 270 165 1085 2 978 11 1265 50 91 44 1045 63 802 114 605 218 913 197 451 8 1201 12 963 91 418 84 29 137 182 156 294
283 15 245 44 1140 123 796 56 60 155 867 137 1247 72 136 155 96 23 557 117 82 142 1288 80 951 21 148 4 936 90 1176 10 1411
284 15 216 70 1261 132 521 100 1438 180 1046 56 1477 37 572 6 394 8 692 65 283 84 87 1 1354 130 1068 10 236 136 573 68 711
285 15 363 44 1443 35 659 228 130 268 331 77 993 193 967 61 6 69 1054 39 229 78 1462 30 841 168 473 180 75 282 399 67 854
286 15 271 57 273 28 408 150 843 127 544 67 711 78 1215 68 138 216 1408 56 417 65 367 143 64 235 1213 14 466 40 1420 15 1312
287 15 294 80 996 107 1399 72 717 18 136 140 187 139 1050 92 76 153 680 25 449 196 68 156 1303 89 128 1 858 77 1326 129 1239
288 15 260 94 93 2 1296 19 1295 219 440 73 339 111 712 195 688 97 450 72 1178 17 961 118 31 51 1311 31 1371 100 1110 105 939
289 15 277 86 985 45 722 70 1333 6 1311 130 870 146 312 64 891 45 770 5 603 131 527 248 525 176 1063 28 647 87 1099 122 1479
290 15 436 179 34 173 33 126 604 265 803 274 756 46 645 49 515 156 1226 101 1092 174 446 103 1310 73 1399 176 568 170 279 117 146
291 15 295 255 1470 113 447 55 140 122 92 130 720 127 765 9 1365 33 1486 172 331 87 1209 37 1442 81 468 96 340 90 521 68 1154
292 15 289 55 1289 60 638 43 1098 284 975 11 1104 98 302 1 75 111 790 87 102 78 951 233 1350 47 1078 182 546 129 1045 28 1113
293 15 204 73 813 9 1422 8 153 95 583 56 757 26 197 69 122 183 612 89 195 54 1 59 203 23 791 21 686 109 176 150 769
294 15 290 228 868 242 175 40 949 3 1249 31 29 119 262 156 567 83 323 190 324 103 1216 1 507 81 844 25 50 147 577 3 1483
295 15 340 93 230 53 474 156 1350 17 134 188 190 173 176 100 1498 127 1366 128 893 167 902 271 999 83 1088 123 322 15 82 6 256
296 15 382 228 91 12 1100 148 685 83 143 100 715 56 600 206 1112 51 283 34 404 50 1315 136 932 160 339 200 324 159 174 289 1273
297 15 366 212 937 28 228 106 716 127 1313 144 609 74 119 104 988 104 10 90 35 115 1460 195 105 233 134 260 61 19 1336 19 1404
298 15 270 97 1143 58 598 255 933 54 1401 69 1150 141 213 20 1429 28 374 148 1119 45 850 53 1026 91 328 236 1028 48 971 9 862
299 15 285 90 343 16 522 34 913 187 543 65 775 48 1399 113 1426 75 1419 2 896 173 872 153 56 99 553 175 298 7 277 188 384
300 15 326 24 1462 33 39 133 1473 165 1006 213 1386 10 442 201 1293 149 1122 76 693 148 263 7 1144 120 833 73 996 252 691 26 607
301 15 279 21 957 84 1405 18 903 14 49 252 590 8 371 89 100 245 1018 9 738 170 275 101 595 271 1384 103 165 7 309 5 593
302 15 375 157 30 112 50 66 56 146 1064 83 755 88 1129 204 244 129 1279 207 738 48 931 76 219 70 1053 205 163 47 285 238 1148
303 15 258 80 231 231 169 270 1455 32 660 60 92 38 1153 102 208 74 1203 7 280 6 148 145 689 198 683 30 1221 7 753 13 803
304 15 219 4 200 98 150 55 472 33 745 111 505 43 36 25 1315 49 872 46 801 27 376 39 350 236 1291 135 1387 57 649 137 1090
305 15 341 90 1351 43 1347 107 1364 44 588 208 36 155 1236 75 465 112 905 125 674 185 1491 250 262 85 946 84 696 122 583 20 69
306 15 239 20 869 5 1486 38 86 110 1397 81 1131 8 156 71 1210 220 710 223 689 207 275 22 1003 50 411 56 449 65 31 19 932
307 15 359 132 1419 33 343 244 693 148 274 212 313 39 1244 39 441 79 975 185 562 30 139 22 462 135 265 219 518 91 694 187 1337
308 15 265 142 1260 148 699 43 697 95 1116 153 684 54 27 9 206 21 63 9 1097 82 27 97 1360 65 386 126 222 125 815 158 1386
309 15 326 237 341 101 1483 4 774 95 287 123 695 197 802 8 97 67 865 252 64 21 409 18 935 131 225 113 1332 30 144 234 850
310 15 356 55 1269 45 1232 64 591 264 1039 281 771 113 1470 107 490 67 315 134 1094 72 454 127 296 173 777 24 1467 206 654 50 673
311 15 318 41 1464 213 79 36 1461 258 1369 220 1040 243 165 64 478 210 1199 15 760 21 972 36 1363 58 164 41 258 125 1198 11 624
312 15 391 86 86 62 1199 198 838 192 960 202 431 164 1093 79 1244 168 749 98 521 116 1430 84 467 6 1212 92 1220 237 1042 173 449
313 15 344 108 1131 265 968 289 144 158 1234 17 1405 68 847 66 1236 175 891 113 96 48 637 110 1400 112 1222 141 1147 45 1364 9 1095
314 15 211 94 687 20 1298 77 1450 26 517 45 146 147 164 74 1359 70 586 127 1261 13 142 103 1276 95 670 48 1264 113 747 4 1145
315 15 413 237 864 168 756 153 99 182 1183 157 586 5 327 117 884 243 63 158 378 169 522 178 894 134 631 79 17 38 157 50 839
316 15 252 92 173 31 520 96 772 46 437 183 711 7 1464 77 1470 42 1282 101 295 20 1058 22 896 222 81 73 1245 228 1066 22 1319
317 15 253 19 1229 99 1147 116 808 21 73 111 1423 183 439 33 477 271 1129 22 1253 25 993 27 1289 136 643 30 788 156 343 19 99
318 15 400 189 379 186 804 215 128 106 161 42 937 266 219 137 538 53 994 46 694 72 1296 145 1448 64 802 178 1472 67 932 235 215
319 15 350 192 1011 137 1037 27 1435 58 563 110 740 79 298 104 339 89 81 3 1051 122 242 58 1231 224 1155 216 421 174 1266 160 1387
320 15 374 187 360 288 759 81 515 115 478 200 1093 45 1273 1 662 66 1336 214 469 110 392 196 1374 47 688 106 530 196 27 19 46
321 15 242 122 793 192 624 34 312 81 891 9 57 34 688 33 25 28 558 228 1112 127 672 51 864 149 575 85 635 27 478 10 1123
322 15 326 232 686 65 861 103 510 10 446 153 366 154 1114 184 475 74 1000 102 259 154 586 71 1058 5 1365 100 314 120 941 104 1410
323 15 318 114 829 116 839 158 789 43 1477 73 1373 4 1135 8 24 190 932 130 720 131 1265 25 458 180 33 73 592 127 1006 220 347
324 15 319 183 1226 52 596 55 813 161 1195 114 781 45 859 250 395 134 766 43 1455 6 1236 44 358 251 738 130 935 56 310 75 1248
325 15 177 93 1346 133 281 30 475 26 1195 30 409 87 1428 44 342 71 1081 102 829 24 1068 2 1353 70 825 37 1300 132 376 8 643
326 15 259 59 309 199 522 109 147 140 722 95 63 28 478 184 1335 141 834 8 1431 25 1021 52 280 42 233 6 1319 156 1221 55 955
327 15 250 24 1068 10 195 142 918 137 834 2 1473 19 290 39 440 292 968 29 1272 116 678 112 903 31 528 74 432 38 457 187 352
328 15 272 67 1438 111 335 26 835 52 530 184 883 71 1136 113 1071 57 1231 177 790 89 174 2 407 41 730 65 926 170 1142 136 20
329 15 406 59 773 106 744 19 352 148 1004 167 843 79 96 192 774 119 358 37 1332 283 1328 201 698 207 655 83 177 123 615 210 838
330 15 388 30 628 217 174 42 175 166 1172 76 1110 176 1055 183 818 40 1143 214 219 116 348 48 232 77 570 104 8 227 488 224 474
331 15 195 158 1094 39 500 28 1092 8 278 72 984 35 1007 136 838 18 432 125 1184 66 1025 76 1398 17 1367 29 223 22 137 148 411
332 15 384 61 939 78 784 87 592 186 50 283 1261 30 245 34 206 27 265 150 461 117 1484 178 640 249 365 198 203 211 314 32 870
333 15 257 23 889 70 1156 32 913 176 1361 45 934 31 457 40 320 241 680 142 949 49 419 12 261 128 626 68 297 202 1146 30 221
334 15 413 8 648 256 850 59 39 59 687 172 600 96 45 122 742 175 339 134 1385 201 1373 220 1032 173 499 195 593 89 1392 109 1206
335 15 275 101 1494 73 1226 34 1271 31 808 22 1038 248 112 178 942 112 1375 57 80 124 680 101 1221 24 39 39 26 68 262 166 1273
336 15 289 31 759 180 465 154 1353 1 397 7 25 113 603 39 218 44 31 245 611 18 208 192 1359 56 1249 115 630 5 1353 247 1404
337 15 244 33 1345 113 460 139 1171 35 876 22 1035 67 461 112 104 101 819 120 1118 16 513 140 97 140 1410 75 68 60 838 48 1287
338 15 224 8 238 147 171 19 794 64 1356 99 129 132 1195 82 744 133 520 54 281 96 213 35 665 39 293 80 28 116 1494 16 96
339 15 151 32 31 85 1207 21 1096 141 1482 1 198 94 687 106 572 11 1008 52 779 37 572 5 1138 5 114 21 332 87 1373 58 1361
340 15 284 38 1184 170 529 143 1316 196 834 45 1222 223 644 40 21 180 846 77 1213 94 1108 48 486 101 14 52 144 1 867 16 1273
341 15 344 137 282 107 1332 109 222 145 606 161 228 217 534 48 77 98 240 94 693 78 923 35 283 68 786 255 400 90 51 80 1228
342 15 336 201 791 48 84 35 752 93 101 35 805 264 978 166 1059 126 257 179 443 214 448 66 329 151 463 37 104 16 568 50 1031
343 15 422 262 975 80 506 81 1294 240 768 13 873 158 1385 34 1329 213 104 248 1000 131 1082 148 370 83 202 166 1020 104 1163 153 679
344 15 331 25 283 124 840 120 177 108 820 31 1289 49 456 63 1064 109 1049 18 841 173 1318 137 35 140 1484 175 617 269 889 116 486
345 15 343 30 168 184 1394 78 1316 38 517 265 943 221 996 22 115 91 979 251 1421 269 1429 100 931 4 967 58 981 16 446 88 995
346 15 339 79 520 163 184 99 1340 39 1433 239 784 48 521 234 349 116 1478 66 64 177 772 55 454 165 868 40 338 132 718 47 1000
347 15 265 93 708 38 1192 4 1415 116 352 157 1141 58 370 132 1222 127 489 139 634 66 792 48 1299 65 215 236 1395 19 1319 29 959
348 15 272 208 1024 70 117 22 394 24 480 154 1412 236 1465 80 46 92 459 62 405 120 1278 58 643 103 948 61 1341 12 1432 60 1176
349 15 366 177 470 162 12 30 1389 142 585 201 420 142 896 23 431 96 75 18 204 43 956 221 1465 98 820 174 1133 84 1488 223 914
350 15 334 120 1055 205 441 58 750 89 93 56 560 95 204 183 210 89 750 100 210 25 489 3 162 187 446 171 1419 222 150 68 571
351 15 355 281 80 134 56 84 985 48 1479 44 1405 41 382 192 803 76 637 126 816 139 584 247 988 5 307 51 1375 286 1356 25 1274
352 15 331 43 899 122 214 125 360 36 1286 181 540 80 871 242 324 161 105 109 968 46 172 192 406 17 1107 21 1319 140 1131 140 573
353 15 313 148 1341 51 1269 113 1016 196 277 126 1271 35 142 84 1272 66 141 45 1480 126 1234 149 1309 22 1340 142 380 12 1487 254 582
354 15 357 63 951 176 2 226 1458 16 122 160 1241 175 774 75 1204 1 921 51 472 203 879 77 523 205 130 169 1494 69 442 119 153
355 15 354 98 1438 244 96 28 1308 112 86 175 504 183 1147 83 506 77 502 108 900 76 697 127 229 115 212 54 488 121 329 169 1473
356 15 240 123 1473 28 1295 226 645 42 705 124 106 67 612 14 853 4 917 142 859 49 1211 19 1395 114 522 58 1206 56 1485 134 624
357 15 346 165 575 75 164 154 2 22 1281 218 1006 148 193 80 684 144 710 114 416 121 1171 95 834 114 77 44 1236 97 568 141 44
358 15 238 61 1288 82 62 213 1493 89 759 160 484 87 811 78 180 76 937 65 645 12 1097 82 1102 47 712 49 781 48 273 41 1202
359 15 228 230 348 29 146 143 346 39 756 170 769 6 1187 82 673 24 49 90 1193 43 161 135 773 93 429 23 989 10 898 24 1290
360 15 319 261 207 44 1070 58 1022 190 1161 1 681 215 695 146 1132 21 30 79 462 49 862 182 65 170 1186 69 327 54 750 57 673
361 15 242 97 889 215 1069 10 1429 42 659 47 1055 70 708 99 905 7 222 30 1097 94 5 37 1286 201 277 123 969 117 1163 24 26
362 15 255 62 33 71 940 164 1438 59 1401 40 805 13 1370 13 975 22 1339 119 44 207 1186 37 35 67 223 52 299 88 561 263 168
363 15 261 66 1493 2 1415 126 480 142 247 5 286 17 106 220 574 82 1016 67 187 88 827 95 715 223 6 97 1096 48 1329 27 1422
364 15 268 52 504 89 1364 150 5 1 252 122 1336 15 1211 144 8 107 1154 141 642 1 456 136 76 45 604 189 828 133 1232 15 1020
365 15 348 76 247 32 1357 222 505 13 1396 69 604 21 1062 166 890 261 111 61 1119 177 647 27 811 248 752 212 578 144 622 13 363
366 15 324 155 1402 239 488 20 552 227 53 232 236 208 1281 1 603 68 376 135 1490 41 911 90 556 67 711 14 1087 100 111 23 3
367 15 234 96 575 9 511 59 488 16 221 135 1335 163 783 8 462 106 491 176 1385 56 339 48 165 49 479 96 1173 127 151 28 1148
368 15 318 133 910 11 806 131 730 118 1223 235 709 26 224 15 181 3 1247 64 1491 23 1318 128 507 212 257 30 51 267 1066 196 751
369 15 330 74 9 110 821 205 278 20 231 256 603 56 354 18 783 118 1371 147 1326 10 1028 145 1390 214 1043 21 1483 152 871 105 1123
370 15 290 87 790 62 481 197 1222 33 875 32 508 177 1230 33 932 11 883 111 982 192 1374 180 660 19 1242 138 145 122 1375 59 917
371 15 255 46 504 185 1242 13 868 41 886 73 913 160 417 11 284 70 7 87 744 219 423 184 178 9 1429 19 1227 58 506 102 1362
372 15 393 80 815 174 968 207 1402 184 546 139 725 14 781 35 234 238 904 127 728 11 976 56 17 207 151 108 345 171 1214 214 924
373 15 333 85 195 53 2 67 1156 93 1093 72 1376 250 76 172 1179 40 1126 34 1379 52 892 142 1010 177 232 170 231 177 602 81 105
374 15 298 56 425 73 992 30 1206 95 317 239 390 97 1165 9 295 33 1423 96 565 144 101 116 1392 181 1419 179 1329 16 175 129 756
375 15 317 224 1368 48 557 139 411 32 482 146 959 189 54 65 744 158 660 21 216 45 86 45 236 100 227 232 1252 51 1464 91 1155
376 15 279 202 146 73 1281 152 942 130 261 73 886 149 1196 176 42 5 86 88 549 63 959 11 222 39 239 19 920 208 872 11 1153
377 15 289 20 494 47 1061 5 176 290 458 138 599 31 266 259 1371 3 153 101 1401 69 480 108 464 116 1081 107 1031 77 1223 75 1253
378 15 318 140 1428 34 883 255 273 73 154 12 446 34 1060 51 318 191 547 199 1105 53 1041 64 289 3 1475 252 279 193 1390 37 1260
379 15 337 108 21 157 1069 60 712 108 294 162 697 36 1034 43 1125 184 591 83 193 123 99 251 496 188 874 122 1037 56 80 4 513
380 15 275 195 1030 176 661 32 316 174 1433 62 1316 72 125 21 272 70 1334 164 640 142 1448 1 851 57 649 155 474 11 1034 47 585
381 15 330 168 1490 146 1375 26 699 35 1283 72 1409 150 922 35 410 294 204 2 1325 97 1149 61 1235 200 514 19 656 149 414 199 1388
382 15 300 197 578 72 721 58 814 24 685 20 508 125 161 247 108 5 81 50 1017 2 726 173 425 122 1413 250 1056 64 820 92 877
383 15 347 113 640 28 882 230 394 185 175 98 372 34 766 92 26 278 413 87 1301 1 1313 47 860 186 428 162 472 101 850 95 251
384 15 266 60 67 69 608 59 1173 115 240 181 134 88 1380 57 1138 43 1341 44 173 37 271 144 977 142 446 61 1041 75 769 159 702
385 15 333 106 215 74 636 209 643 27 1454 58 1293 109 1288 104 1192 120 524 196 1454 10 1315 3 887 157 911 224 1123 144 1302 125 508
386 15 313 43 1378 74 745 101 48 63 943 146 1146 76 245 96 1206 92 1416 117 120 108 218 45 847 94 1395 36 1105 229 179 248 10
387 15 226 164 899 112 293 178 1355 23 568 147 861 85 198 63 1378 22 494 79 485 20 216 60 948 39 135 36 994 72 420 31 238
388 15 299 68 1241 43 11 88 369 114 913 134 784 192 1105 145 1086 50 1183 111 641 126 995 35 848 56 2 75 479 67 436 195 895
389 15 299 91 1040 140 428 68 5 40 1220 34 227 138 296 33 406 186 414 196 1223 16 484 154 332 86 781 30 467 231 442 55 216
390 15 317 102 1092 133 1428 93 1040 38 798 53 1230 37 125 201 120 42 447 40 1279 158 1444 93 529 210 1085 189 597 190 1228 7 1290
391 15 279 66 688 90 226 167 1283 110 240 27 977 253 488 110 666 11 894 100 1499 101 59 37 1491 31 178 12 1446 84 344 198 996
392 15 336 45 445 62 588 23 1299 194 919 29 1411 197 1120 138 50 193 311 52 998 17 478 30 384 183 1307 203 1424 78 1028 239 926
393 15 227 46 1276 14 928 34 1409 47 158 74 1033 49 1111 164 534 111 583 132 460 195 196 16 762 169 795 59 385 15 309 13 1199
394 15 290 108 1103 6 1496 34 1375 157 57 144 822 238 579 23 625 110 804 63 935 136 1172 43 503 5 1374 193 154 74 364 119 16
395 15 282 227 924 38 798 134 822 103 113 63 1187 52 352 40 338 195 887 138 100 3 525 17 1250 112 104 199 526 32 769 58 1075
396 15 203 2 1485 63 150 70 1248 129 660 95 720 15 152 63 703 5 461 14 909 92 239 169 253 65 1215 197 340 26 1315 13 29
397 15 219 19 264 30 1002 99 611 15 886 28 1061 42 268 155 1376 68 672 4 1479 26 83 135 873 80 355 217 1035 35 1349 146 944
398 15 314 76 1038 123 1471 68 683 151 987 145 1342 48 518 67 1443 32 1227 181 612 128 313 194 635 221 1097 24 879 107 1203 9 10
399 15 277 148 1314 1 1463 7 950 140 637 27 142 85 435 91 600 126 1099 23 359 19 928 118 304 114 944 227 397 94 327 165 1144
400 15 262 110 191 9 789 152 1094 125 841 92 752 53 805 46 1045 167 708 131 1011 20 1167 162 196 46 353 107 1343 24 1308 67 1456
401 15 270 57 196 86 967 65 1070 48 1372 240 675 86 122 128 206 79 376 6 580 108 376 8 283 210 1092 75 1176 123 902 32 890
402 15 352 3 136 112 1393 195 1082 86 816 195 8 58 1109 237 1279 176 607 45 1044 117 980 126 664 146 744 66 52 83 1074 118 651
403 15 279 132 1150 34 716 43 514 138 1195 136 201 35 1362 101 979 65 890 31 965 60 1396 187 484 243 1060 36 594 127 246 30 1084
404 15 244 181 1276 268 759 12 743 49 247 18 711 114 40 161 1177 39 1322 4 834 44 1310 27 115 53 637 137 355 104 70 10 1484
405 15 316 87 1070 76 1153 103 124 87 410 109 570 18 20 237 809 42 364 81 76 164 762 164 996 12 1320 121 5 103 851 177 1154
406 15 240 3 1473 58 1053 109 274 46 734 83 1314 143 1221 51 1234 57 593 134 159 35 1043 14 667 35 593 210 1429 97 1055 126 80
407 15 369 123 609 97 226 75 31 179 436 255 37 50 807 10 1160 180 1399 105 696 27 1106 55 1048 253 504 273 33 138 369 26 186
408 15 382 4 402 182 1290 217 906 116 1214 135 129 9 1215 214 1252 158 355 206 243 76 121 179 508 125 157 21 1184 113 68 158 404
409 15 281 5 1295 244 1353 61 194 160 577 20 1054 157 854 27 978 6 581 163 1410 183 264 65 1397 94 38 90 1223 40 1215 92 667
410 15 291 11 1480 72 838 84 981 13 607 46 363 170 193 58 217 174 1129 74 961 132 259 72 647 250 1119 7 65 74 1433 222 390
411 15 260 150 374 87 468 233 239 6 148 111 286 73 156 44 321 176 629 71 462 1 477 51 615 28 530 135 912 27 1238 109 58
412 15 259 73 417 68 462 163 1434 66 1010 24 33 66 516 146 210 47 1458 60 217 8 71 187 1069 22 372 111 321 252 719 5 836
413 15 330 134 820 20 372 57 507 184 530 71 916 90 225 278 858 129 1068 173 838 57 1304 123 1435 154 405 67 1016 71 698 43 472
414 15 271 75 1210 23 170 31 87 173 227 167 582 8 687 81 1345 70 748 99 653 101 186 213 107 116 512 75 829 89 708 35 997
415 15 319 201 541 80 915 94 551 64 511 31 1235 135 338 57 285 162 1019 211 1000 30 1497 228 545 77 169 122 999 66 834 38 82
416 15 203 66 119 200 528 1 831 16 665 43 884 41 1449 134 381 89 387 32 666 13 1233 8 2 28 234 1 870 69 449 278 442
417 15 412 104 585 19 95 152 248 277 1273 224 272 175 1116 124 964 124 276 150 1261 79 155 254 599 145 1491 101 827 75 1027 60 562
418 15 284 188 1327 4 1220 140 1067 9 229 26 746 4 323 3 1383 221 1193 131 845 266 711 73 530 34 189 111 707 120 1416 94 377
419 15 274 16 1178 114 611 38 1251 67 875 8 1006 22 739 235 192 247 83 142 1095 103 848 201 660 1 530 4 879 118 816 58 506
420 15 277 7 1257 13 694 17 360 45 921 189 383 45 66 146 650 82 1386 3 233 271 1275 37 1489 33 361 208 1391 176 692 115 1302
421 15 245 18 960 186 419 140 56 183 1067 108 480 31 750 7 1473 139 792 61 742 35 454 55 1260 30 1146 35 923 167 559 34 1334
422 15 303 126 921 34 299 131 208 10 1454 225 866 9 432 135 520 3 1468 41 1457 230 661 201 1140 107 752 120 441 4 991 140 127
423 15 275 149 146 68 460 12 976 34 1068 18 341 75 1094 29 195 57 1307 64 60 145 1143 175 568 5 1500 191 518 210 503 144 3
424 15 280 156 745 52 1359 139 1296 236 435 116 1393 80 139 124 769 4 926 9 928 51 540 13 9 103 429 104 219 95 726 122 1107
425 15 320 206 945 13 99 121 591 43 134 28 215 218 1137 162 715 38 422 74 392 171 508 138 1258 19 1102 56 1263 237 1192 76 577
426 15 380 200 681 78 1099 57 841 209 286 13 461 79 996 96 858 25 1130 239 969 197 1150 167 526 80 707 213 165 30 201 219 1184
427 15 395 164 1283 81 913 93 585 164 1372 17 994 284 830 23 424 272 1139 273 1317 162 550 47 1137 47 1105 129 1058 145 174 76 703
428 15 284 27 1157 106 975 2 878 59 645 23 683 65 1100 235 696 123 524 190 1291 59 78 117 485 126 99 170 888 45 555 74 1386
429 15 329 12 1096 37 990 36 763 83 625 24 840 232 1243 137 975 189 587 237 1406 148 1053 19 1076 64 868 264 81 118 936 47 954
430 15 257 242 1048 75 637 35 1200 8 969 44 918 105 1162 2 441 103 1220 162 1465 26 402 25 1204 228 713 60 1061 144 820 28 828
431 15 242 75 1344 51 36 58 535 51 754 25 324 185 397 117 780 88 794 106 718 201 61 105 963 13 340 23 5 71 647 44 362
432 15 292 18 291 50 279 44 378 129 462 149 1214 21 1128 4 319 98 541 102 979 48 1171 121 1489 180 900 186 1405 222 1351 89 182
433 15 336 111 1349 40 893 75 621 143 761 220 253 100 190 146 769 11 719 236 1282 99 501 71 678 76 195 175 1323 52 1136 126 979
434 15 272 59 731 25 968 157 186 33 1246 282 212 9 39 75 340 102 920 144 1254 104 1147 158 75 104 1025 21 98 2 537 87 338
435 15 277 12 1400 213 817 74 782 260 879 57 1326 123 89 252 1437 2 1446 12 754 38 1495 51 972 75 574 46 1061 164 1111 8 446
436 15 287 166 490 78 651 37 864 107 1160 292 687 86 925 67 1236 50 494 47 578 25 679 65 297 29 416 196 101 114 266 76 297
437 15 337 96 687 129 581 137 554 133 1024 89 7 15 457 198 728 191 1471 42 1468 250 1143 224 1015 20 158 65 956 75 247 23 358
438 15 296 73 359 135 505 167 896 75 1194 28 191 55 461 287 175 176 1014 101 979 127 1059 34 778 75 268 61 27 4 1113 82 402
439 15 376 72 515 219 1408 13 690 249 122 47 735 224 695 103 769 295 1193 73 824 55 151 17 815 140 1113 234 1001 32 236 108 1243
440 15 400 232 337 100 873 103 1274 190 461 79 473 217 1402 69 1318 219 578 152 1083 94 471 5 466 87 480 138 639 164 649 154 1145
441 15 299 196 739 115 295 13 574 212 449 163 1435 23 38 20 1197 45 25 72 46 2 1149 91 248 224 635 63 1285 109 998 150 1217
442 15 349 115 110 113 820 2 405 129 1497 1 814 212 1208 99 764 5 1053 105 1024 277 847 225 831 194 1219 17 69 8 690 245 1396
443 15 325 203 765 211 501 55 496 31 1420 248 1318 50 1463 113 202 14 684 137 5 195 1207 89 1424 112 562 47 1165 69 1364 51 754
444 15 258 134 366 100 466 20 12 1 206 240 249 20 1188 8 431 250 831 87 1409 11 500 57 989 99 135 49 1068 96 1182 118 649
445 15 243 54 3 92 59 201 198 38 1472 132 1084 7 690 33 959 44 577 31 717 16 772 280 460 8 947 42 1001 130 1150 108 505
446 15 306 160 627 72 1332 120 518 230 1194 89 183 68 516 83 275 115 223 33 892 39 1136 24 1283 79 1330 170 1277 239 1307 11 1180
447 15 322 102 203 76 1001 150 1413 109 68 89 809 103 1464 121 595 143 1154 62 521 100 816 182 1135 79 1150 184 1411 16 552 98 154
448 15 343 197 929 74 756 64 3 144 982 140 889 31 1465 131 1349 186 1353 78 1119 28 971 220 1389 166 841 120 1079 17 931 120 927
449 15 247 75 558 135 365 128 734 65 1051 25 19 5 917 65 1022 22 537 133 646 139 846 49 22 38 1332 83 972 250 835 23 656
450 15 286 113 714 63 86 116 787 262 811 19 429 76 1421 7 860 31 1366 194 875 164 450 129 50 90 225 95 375 56 155 16 553
451 15 277 105 1376 99 1256 51 293 38 51 248 529 95 1466 4 1223 196 770 43 1474 113 669 23 1000 13 1072 160 788 26 41 175 440
452 15 302 26 1190 47 1390 181 402 15 874 130 696 107 895 248 812 42 815 176 1149 40 1325 181 1306 33 698 182 721 95 916 7 1104
453 15 363 48 577 236 428 142 1111 43 289 8 1221 172 1190 25 1019 258 1075 254 1282 34 1107 118 173 12 1032 141 368 182 751 144 395
454 15 159 23 322 34 736 77 1264 28 588 118 1101 83 1379 75 1068 42 1318 118 910 13 1137 12 898 46 851 60 108 47 312 23 1172
455 15 360 105 1241 152 862 111 1343 58 1308 217 1414 172 446 15 457 171 517 34 1382 67 802 241 919 182 847 1 923 209 694 66 355
456 15 234 25 727 25 527 145 812 13 88 66 334 36 521 74 390 169 255 32 708 80 138 43 1133 136 112 113 470 141 856 72 633
457 15 324 93 341 144 1485 29 1138 244 1039 135 1195 59 1295 194 1324 171 639 10 1486 16 1169 179 1424 267 1499 20 403 29 621 31 339
458 15 317 130 471 140 320 157 881 61 63 48 468 63 1008 94 110 156 1451 86 798 68 1217 76 1246 63 1250 249 1281 192 155 6 326
459 15 285 124 609 60 435 24 855 137 1424 148 1007 35 1035 98 711 33 1163 144 1183 34 824 174 1446 39 986 164 690 157 388 56 1138
460 15 306 34 1070 7 815 92 1291 26 786 220 662 112 426 73 1284 24 315 27 904 172 309 130 733 73 1317 198 489 226 1095 119 23
461 15 307 253 862 103 690 44 314 87 224 48 1426 151 881 15 799 164 267 140 1044 105 627 21 632 8 1215 150 1092 133 885 113 592
462 15 257 26 692 90 514 21 1388 165 116 290 1264 55 65 144 1467 41 329 97 1245 24 1415 22 1437 40 32 137 744 62 291 75 607
463 15 408 272 515 117 1256 202 1311 218 1128 96 1434 240 1091 127 76 86 1341 106 517 24 1136 103 1336 127 1155 1 215 94 617 230 890
464 15 340 56 765 173 1084 54 408 103 467 92 291 102 1109 157 387 21 1328 149 1448 43 137 245 510 50 163 52 1260 152 270 254 21
465 15 417 9 56 230 103 266 764 140 1051 167 121 83 641 174 1234 3 731 29 493 189 1206 98 1344 141 132 139 359 133 330 286 307
466 15 160 71 1368 145 147 41 471 18 909 102 1059 30 203 17 1183 7 250 26 1139 57 1123 73 537 16 932 92 240 2 1131 104 178
467 15 291 96 392 160 494 71 512 159 1112 71 850 106 1249 86 1071 172 694 7 932 160 684 35 835 15 557 86 211 150 299 81 1403
468 15 317 154 293 173 1258 34 94 56 1273 11 1103 157 673 6 171 51 1166 175 1241 228 39 44 398 88 1041 144 1060 86 1092 181 1317
469 15 350 121 1125 13 908 119 487 74 450 110 683 207 1252 66 341 124 1273 117 580 128 818 119 683 212 1440 228 214 69 748 46 189
470 15 478 185 832 236 85 10 1489 77 41 147 1277 241 592 173 557 233 707 263 1064 56 1260 144 888 179 979 272 1486 100 725 75 1141
471 15 265 106 773 4 735 114 1410 24 502 87 537 58 143 81 813 228 184 72 1022 26 558 248 359 171 752 67 1145 12 547 28 1491
472 15 388 180 1099 208 523 217 1155 41 205 160 1 4 896 168 1485 18 453 237 1325 172 157 220 1187 197 49 32 1326 29 888 61 161
473 15 334 214 174 211 16 13 455 156 706 32 624 131 599 65 682 97 1139 151 409 28 1022 138 1314 99 685 167 297 164 1015 5 1270
474 15 357 88 388 143 1315 56 1418 9 340 111 1174 192 305 157 656 136 861 96 886 269 768 185 1269 70 641 25 296 132 19 116 2
475 15 273 169 664 78 447 72 1447 67 755 37 580 102 130 41 304 90 841 209 93 72 896 45 239 43 937 150 915 67 63 124 866
476 15 389 235 73 94 1298 75 771 12 296 104 1133 86 71 235 503 165 27 179 1085 91 1389 121 364 211 522 104 269 192 1401 42 112
477 15 202 117 1238 31 420 3 993 3 1215 87 162 39 376 143 329 12 1043 165 179 50 1173 117 647 90 909 8 1420 147 386 2 588
478 15 228 104 945 64 473 3 1437 6 241 87 354 223 926 97 1392 78 808 24 53 86 488 123 1445 16 20 16 1441 102 662 111 1315
479 15 359 48 344 94 453 201 413 49 935 37 702 264 761 144 1418 209 310 54 662 142 114 29 1322 89 209 139 1349 184 292 115 81
480 15 379 177 1397 246 134 8 541 208 1226 56 224 214 914 165 1238 160 317 86 55 54 696 66 1322 44 135 255 1323 22 1202 137 1130
481 15 229 43 1378 14 692 25 591 80 1489 69 821 71 949 33 1305 104 762 59 1040 44 204 47 59 253 300 136 671 120 876 48 700
482 15 254 135 336 5 1204 95 1355 169 1061 146 985 199 327 12 75 135 937 245 216 1 789 30 915 67 1010 16 949 8 336 11 102
483 15 230 47 33 222 1362 34 833 5 1278 116 112 37 938 69 1380 45 1220 72 212 102 1256 73 690 74 596 68 796 183 312 4 969
484 15 381 104 455 42 120 141 111 160 86 261 1035 210 872 60 950 68 324 65 689 62 1274 179 1174 115 817 39 254 271 1361 129 665
485 15 380 217 1307 117 1268 14 1004 217 438 172 1229 21 1263 200 1269 152 48 69 256 5 704 160 217 234 207 204 867 96 867 25 589
486 15 247 146 446 56 1044 145 1271 29 569 182 1241 59 285 86 1012 82 660 80 518 3 469 166 1396 31 830 43 1485 14 1435 115 893
487 15 279 195 397 53 1386 126 138 141 1055 131 1244 66 595 19 1408 1 501 31 123 152 878 82 780 2 1027 120 1033 201 802 77 1400
488 15 378 88 589 58 406 208 1233 223 466 20 999 169 1434 65 1278 186 541 191 921 48 581 85 601 203 1397 176 1015 134 667 40 777
489 15 256 45 151 35 193 50 613 191 874 173 1423 39 353 137 1349 93 1333 11 341 166 194 127 1423 45 338 28 1174 104 662 40 327
490 15 340 58 940 74 1449 103 1341 186 213 151 920 49 546 179 1438 83 405 77 501 124 1256 127 1154 177 459 86 403 135 377 91 134
491 15 402 138 1301 138 727 134 477 211 909 190 856 125 1273 95 353 131 276 116 1475 41 258 278 332 152 1477 22 72 113 706 130 408
492 15 420 48 1410 179 1324 134 1191 285 291 124 376 185 746 231 1031 76 49 130 1112 23 545 121 225 128 1084 119 1310 135 381 183 1407
493 15 241 274 397 8 337 44 519 55 1073 135 1058 40 131 83 529 112 93 34 961 106 767 56 486 44 379 136 533 41 664 41 693
494 15 262 26 46 270 1051 83 1448 3 470 120 1454 78 619 92 783 285 1218 68 1155 47 1274 38 158 118 190 7 574 59 100 17 1326
495 15 300 45 161 48 731 174 1411 10 752 31 920 68 583 3 569 205 837 197 991 206 78 81 1278 126 988 229 342 55 429 22 608
496 15 354 136 1026 133 937 74 1440 41 1421 175 1355 145 384 137 692 51 736 114 1026 216 1082 57 835 123 880 181 233 137 655 54 346
497 15 230 8 1050 153 895 38 746 79 936 38 840 89 931 211 711 13 516 23 1297 87 829 83 1126 152 787 114 845 58 1470 8 1391
498 15 290 30 452 33 1466 127 1442 89 247 53 1214 42 137 78 72 206 703 290 410 98 619 14 1389 88 1495 204 902 35 1345 63 146
499 15 244 41 937 202 392 88 1098 54 540 232 1408 128 242 83 648 42 764 7 993 95 1375 41 864 147 131 10 1134 48 154 5 935
500 15 314 185 1399 26 1075 104 1174 41 1051 33 565 145 1444 149 672 118 707 56 1306 73 1229 221 134 115 365 152 1200 59 1070 94 731
