1 20 468 257 258 50 388 125 902 228 852 44 404 131 133 137 989 118 602 138 1200 90 445 94 985 20 500 262 1278 99 857 136 284 52 530 78 1316 142 295 98 447 44 1415
2 20 350 42 1249 15 888 106 1062 90 129 12 910 78 1173 75 460 78 207 67 1301 84 498 206 1152 129 1023 55 152 16 71 235 964 183 1399 150 1392 23 656 99 1415 11 302
3 20 467 60 1161 81 1259 155 1164 69 1329 109 830 177 942 35 1194 119 149 158 1356 70 94 221 956 164 1194 98 1335 107 1378 203 990 103 514 7 962 45 463 159 645 198 1274
4 20 366 89 776 38 634 162 651 17 1165 178 1414 26 249 88 421 53 947 194 101 59 839 141 672 111 442 142 1472 64 185 65 735 54 701 47 1485 87 1220 116 384 100 468
5 20 391 185 179 40 746 60 1078 4 859 119 351 37 1410 114 750 212 1490 199 147 250 425 45 433 56 87 8 588 121 414 1 8 64 1346 187 314 111 1445 6 1 140 107
6 20 320 134 100 12 180 69 226 38 578 71 290 166 1326 159 1433 71 246 14 341 12 229 175 660 122 315 172 1151 24 950 32 253 31 1276 64 611 92 1347 84 225 61 1126
7 20 348 21 1372 205 1066 19 1260 122 300 41 1290 212 1168 64 296 104 1173 23 591 211 1185 14 846 7 1131 258 645 40 1364 147 1126 10 919 42 1291 128 200 39 693 33 303
8 20 431 165 1074 165 929 144 410 23 177 70 50 83 787 130 1465 131 1362 14 932 21 112 123 193 76 426 260 1303 55 1105 92 392 163 773 27 345 57 354 188 759 172 1156
9 20 390 220 239 46 371 9 629 40 1421 117 184 161 810 155 86 99 248 2 355 121 978 26 1322 189 1451 122 121 94 1013 193 1162 93 1062 10 177 3 551 106 13 146 1348
10 20 388 80 1388 278 930 40 734 71 613 84 450 33 201 142 1070 7 1164 114 948 21 1111 143 743 8 740 122 149 76 1189 141 1386 52 1023 135 1399 212 1448 181 301 2 571
11 20 440 166 720 132 1453 214 30 63 1488 9 1255 108 126 55 1363 52 1184 165 555 72 670 184 1197 235 1413 164 802 74 590 163 597 6 685 127 268 65 1386 50 1272 98 629
12 20 390 64 487 109 1349 169 121 15 79 26 1106 156 1419 104 1374 32 1259 101 210 127 332 80 1295 141 1370 90 517 156 113 136 783 119 447 4 1396 155 762 108 1103 60 834
13 20 436 186 704 109 1452 244 1050 116 1488 44 169 74 46 123 832 197 870 71 573 23 874 67 78 180 954 25 1174 139 366 125 37 74 69 8 143 147 1468 182 135 49 1176
14 20 386 222 1139 82 1211 76 272 10 1490 1 472 37 836 234 229 244 1021 32 76 29 814 95 1080 46 711 146 294 73 1423 82 79 173 385 4 1086 162 1193 88 313 98 280
15 20 387 108 877 209 1200 87 488 7 246 25 218 238 417 100 1421 187 683 18 328 89 199 190 160 79 906 104 735 153 1123 21 850 119 455 2 245 176 14 13 233 12 734
16 20 371 189 1407 76 348 174 1268 12 62 13 947 27 818 15 56 67 600 210 384 40 61 153 235 37 1037 191 1409 25 812 49 274 102 730 80 295 177 1325 196 1399 25 829
17 20 401 202 958 83 821 58 610 135 319 35 228 109 746 87 936 6 1209 84 382 106 376 176 836 181 22 57 954 95 151 236 344 23 425 172 1411 68 553 41 74 53 573
18 20 389 77 673 78 524 29 1412 69 48 31 1139 102 301 181 1259 178 704 7 1148 255 1075 139 1385 19 35 61 212 1 1153 38 238 191 65 42 645 72 1273 173 551 202 10
19 20 332 54 976 199 482 62 367 189 388 31 33 109 742 29 554 87 1167 53 488 199 149 9 1236 102 98 29 1120 53 402 41 93 11 9 30 766 78 68 170 956 128 76
20 20 539 133 1264 101 239 189 1442 245 324 47 1148 40 1341 121 279 275 684 247 774 26 453 142 273 162 801 171 1028 136 816 284 219 37 88 61 1335 139 1438 98 48 41 441
21 20 314 3 971 125 1143 57 142 119 1260 88 939 132 1249 58 349 108 117 59 338 22 158 81 512 217 693 100 645 125 388 6 494 48 848 70 846 42 184 75 181 37 1401
22 20 501 49 15 240 818 125 473 173 1220 130 1063 37 411 78 1021 161 756 185 1119 62 1 43 777 74 1416 157 225 85 525 263 1014 179 1093 142 265 133 929 15 1296 174 935
23 20 487 94 73 62 224 85 505 35 1460 115 158 212 770 5 580 240 1477 202 933 248 662 38 767 100 758 150 724 193 541 201 1494 153 1377 57 1266 72 564 88 878 86 326
24 20 418 187 233 63 854 45 1282 187 1379 192 814 8 264 107 1358 151 126 172 183 2 1072 100 1332 32 151 30 1494 3 781 193 518 157 1354 43 323 171 1232 239 730 11 321
25 20 448 160 369 110 975 180 1076 109 481 173 803 218 133 6 1169 8 1034 70 1066 157 1235 43 594 80 979 188 857 43 525 17 347 263 539 59 667 2 358 88 26 268 1437
26 20 466 45 1491 7 1291 72 386 55 265 133 399 106 174 132 1402 218 1336 111 1158 93 1357 106 828 80 217 30 1023 122 814 67 706 235 712 128 505 264 230 123 151 207 753
27 20 372 236 458 46 1257 264 613 171 1174 102 413 30 539 82 1226 18 961 36 566 123 1015 60 1459 25 246 62 689 26 13 95 1496 98 263 74 1415 4 213 195 1254 116 703
28 20 508 157 495 84 1063 66 349 9 442 222 1440 156 407 158 1361 156 936 56 929 38 661 221 953 1 1424 281 154 276 1348 266 991 56 400 33 999 195 616 20 159 92 1295
29 20 377 126 1298 60 1115 12 1054 206 82 217 421 78 1457 15 636 211 1078 51 1329 100 219 214 761 29 956 165 1155 18 972 44 676 122 27 8 1468 18 1006 182 1145 12 278
30 20 416 183 412 256 60 215 174 11 962 150 9 74 1285 64 314 20 201 18 1355 180 1163 64 201 53 924 61 805 155 58 182 100 29 185 91 925 215 1420 2 942 58 867
31 20 429 22 1214 50 120 112 539 131 22 149 1076 15 34 65 1103 10 418 136 1065 143 448 251 1398 102 151 92 1140 233 220 186 662 83 598 133 466 36 146 132 922 67 688
32 20 407 105 346 91 174 13 120 162 1185 180 209 15 125 106 778 41 1084 203 240 82 513 154 966 77 492 186 1434 13 707 109 593 60 1114 93 4 149 922 82 551 118 1468
33 20 415 41 1259 3 427 207 703 102 1107 110 213 62 1095 63 1499 222 460 219 987 100 1434 68 741 5 616 190 357 196 188 65 1408 127 1499 41 867 155 890 12 462 91 1017
34 20 343 76 1214 67 326 136 307 150 975 94 825 220 49 129 245 67 1131 2 1462 93 1372 71 576 43 289 14 478 49 15 71 120 73 933 200 1169 30 1460 73 668 60 304
35 20 280 99 1378 66 1368 97 697 58 1449 61 1070 39 1222 10 1436 110 682 98 1285 33 127 6 113 20 1053 121 987 139 164 85 1309 171 856 41 1300 18 436 56 265 72 867
36 20 504 59 1104 254 1149 60 763 71 1015 286 1247 224 252 79 1257 31 299 174 801 190 1080 45 384 176 562 75 531 240 474 59 206 170 727 27 168 52 758 13 359 237 908
37 20 256 29 1422 120 221 43 1203 162 1349 53 1351 87 89 19 547 61 1182 32 800 48 849 76 646 178 226 81 707 10 662 173 855 18 817 22 1048 8 411 39 1308 22 6
38 20 415 181 922 47 948 114 1000 28 410 130 1372 7 34 47 330 15 14 60 1323 31 1198 245 234 118 766 94 77 221 428 26 483 76 1411 147 953 233 931 154 899 101 1153
39 20 350 13 893 232 1004 174 237 11 650 1 618 231 423 66 330 74 866 1 518 56 740 124 1341 249 788 36 716 25 1149 62 410 69 417 34 1067 211 513 47 1292 38 696
40 20 509 9 381 263 714 15 1239 32 990 81 632 117 62 213 1366 45 921 187 593 115 749 17 400 92 1500 164 1386 246 741 197 1209 166 966 71 1468 97 1252 231 222 188 592
41 20 370 142 1309 73 1238 11 457 205 1392 20 73 36 1098 13 114 150 252 51 551 104 553 32 292 57 121 133 1375 134 917 65 1029 48 666 272 415 40 676 198 637 69 195
42 20 336 23 210 149 933 25 975 61 541 34 1466 15 77 78 164 17 432 19 381 54 113 75 823 87 805 11 547 110 854 71 1330 199 198 109 803 274 443 74 1033 196 715
43 20 415 46 786 224 175 56 266 173 130 59 611 25 447 65 834 8 396 51 1023 116 565 2 688 133 635 30 905 69 120 250 1201 120 1331 238 639 17 15 197 1242 197 539
44 20 390 56 892 30 1287 230 1222 14 1117 50 55 158 872 21 696 1 1257 274 1098 12 1147 174 1207 184 691 108 519 55 1034 98 1047 137 506 89 394 6 691 157 600 96 592
45 20 391 9 759 262 1282 10 943 217 266 45 392 214 1381 77 1414 5 984 63 1467 23 21 157 530 83 121 201 256 135 448 70 714 14 1022 34 1180 66 1246 82 401 190 857
46 20 502 139 1268 117 669 197 352 193 1071 178 766 169 264 32 730 135 1459 227 1120 48 783 10 490 164 604 4 1316 56 651 8 219 283 253 35 798 70 469 160 1230 286 1026
47 20 441 115 822 183 694 126 1372 94 965 293 471 70 1318 59 1423 111 1196 106 758 181 1188 48 1201 127 418 200 727 66 125 21 871 13 177 72 1447 152 999 111 926 61 1098
48 20 402 61 895 73 57 58 457 163 526 181 453 146 1053 62 166 144 302 5 889 16 1016 225 981 25 295 7 926 171 1307 41 60 144 171 8 1025 44 302 191 1098 249 355
49 20 369 115 826 101 485 187 240 23 1081 107 291 154 1066 43 1251 89 612 142 774 233 1442 175 1334 103 1451 24 1248 27 903 13 1378 13 1058 51 201 3 484 204 1438 40 358
50 20 390 41 1262 73 1132 159 66 128 595 43 1020 30 893 26 657 93 980 15 1300 15 1489 243 245 102 765 179 602 2 1002 257 71 70 1476 234 718 41 193 78 156 124 167
51 20 384 24 83 215 345 2 901 33 630 33 691 12 1213 137 1404 25 1447 148 1269 33 399 178 757 219 979 73 1290 154 1111 157 674 154 27 102 1480 146 597 18 918 61 472
52 20 391 13 178 198 1329 22 1022 90 456 52 722 16 1359 54 1489 268 1042 285 583 69 938 28 239 108 472 96 304 11 544 32 810 29 172 128 1277 180 246 190 343 88 1406
53 20 386 147 1177 138 110 136 396 17 303 256 1036 8 1263 10 944 50 1462 240 438 177 492 72 586 3 796 84 1351 20 764 127 1398 103 847 33 798 75 966 141 1222 94 1436
54 20 380 64 679 32 938 71 593 86 1160 69 408 108 1192 114 490 102 278 190 1309 96 258 17 1231 3 181 249 442 30 105 115 793 36 889 218 1148 45 1486 115 503 144 238
55 20 429 16 569 186 1093 256 1057 154 554 96 1468 143 1384 132 1233 141 193 105 452 113 52 160 170 1 1489 76 799 40 216 193 269 184 532 22 1379 10 1216 61 206 60 737
56 20 430 210 310 81 1176 280 85 74 560 150 786 213 591 12 372 13 622 36 684 194 920 85 279 95 675 183 1336 169 346 26 30 68 652 10 65 32 244 50 881 172 1491
57 20 435 69 520 58 357 184 551 145 37 110 1165 131 628 47 353 136 200 122 165 165 993 260 1473 37 547 124 1055 79 943 40 1054 13 1192 99 603 138 1097 152 688 66 1498
58 20 429 168 138 13 1463 18 950 66 1459 129 964 25 838 94 245 245 1051 53 1158 48 749 70 911 171 1411 155 1206 23 1485 142 1100 134 465 234 1383 128 276 198 1008 35 938
59 20 352 198 1125 23 241 115 939 17 1461 50 689 87 802 17 476 129 489 91 241 121 1213 20 7 104 1479 130 709 7 1102 127 899 152 207 32 570 139 1226 107 1176 95 259
60 20 421 86 1392 160 469 1 799 249 95 21 428 128 354 172 485 96 52 125 875 71 180 6 94 221 889 152 1143 17 1303 65 684 119 630 13 172 175 859 128 104 103 1039
61 20 395 18 929 68 372 185 302 100 139 193 1414 8 265 237 1208 33 868 81 1228 170 633 33 306 74 746 109 687 165 1341 104 1147 130 1423 38 801 145 357 57 1157 27 311
62 20 495 63 1368 145 1126 21 1337 106 120 10 1268 130 916 48 949 133 869 241 7 236 584 5 774 187 674 144 745 212 1044 100 404 109 1355 154 866 195 1010 74 62 163 2
63 20 403 129 947 72 1242 12 279 263 954 21 657 4 1249 58 950 229 1441 164 945 60 49 82 516 49 579 60 420 265 669 137 1500 26 902 190 125 101 1303 22 521 72 46
64 20 374 125 1489 188 253 41 66 154 961 237 771 150 904 10 1042 63 1459 51 21 233 1223 100 1279 19 266 18 736 8 732 42 864 7 1109 15 559 233 260 122 1343 55 1448
65 20 389 176 1262 134 735 261 1121 54 789 18 1494 144 1298 17 975 65 1350 54 230 187 1451 86 717 131 721 144 1083 30 52 8 456 24 1065 31 909 177 44 54 843 150 994
66 20 411 47 354 122 1451 39 145 48 151 25 1186 275 702 66 1169 187 1266 243 1222 46 19 36 782 128 645 220 1494 70 978 172 343 91 918 85 867 89 31 8 1261 61 698
67 20 366 64 532 60 288 234 594 56 2 13 992 64 7 62 330 18 21 158 299 241 398 7 203 168 676 57 89 56 7 100 1134 37 144 23 958 166 179 162 1317 85 212
68 20 308 82 453 5 1478 100 918 52 569 22 341 14 17 3 1072 224 1391 8 1243 157 1065 110 1264 25 1299 55 765 39 580 86 1484 13 699 221 1003 207 600 68 370 51 242
69 20 384 250 413 59 876 204 456 14 1068 1 226 111 146 94 1161 54 1376 30 538 10 615 167 1052 70 199 130 666 110 1334 148 831 95 495 64 105 69 1349 140 1347 101 883
70 20 305 46 1140 148 262 20 772 6 1378 263 25 125 991 11 348 77 820 59 1335 223 987 58 245 20 1185 62 105 64 327 27 171 29 854 71 294 120 1351 90 447 8 1331
71 20 429 44 840 122 957 134 489 1 509 21 24 133 278 214 379 242 112 66 181 17 1322 91 1117 261 1419 242 108 29 495 69 1172 24 961 107 1275 116 298 210 288 5 344
72 20 496 103 1439 114 26 33 16 35 513 103 101 13 168 216 922 228 1039 2 534 177 898 40 1130 78 512 195 1447 203 1149 246 523 182 509 219 807 4 1196 45 9 248 436
73 20 474 151 222 278 1264 99 138 281 555 77 820 91 201 17 790 4 1259 258 195 110 938 36 368 116 1311 112 1223 209 523 67 1264 100 62 65 326 110 148 75 380 118 1496
74 20 334 16 41 147 1339 89 188 27 68 81 409 68 936 118 1165 211 775 57 530 42 691 73 1102 189 618 161 280 105 351 8 318 126 148 33 762 8 913 102 867 9 1124
75 20 425 151 111 264 496 24 565 45 105 266 373 139 630 102 1035 96 453 66 412 183 618 15 94 143 1161 30 1233 93 1355 142 209 71 1467 55 1132 44 417 21 1244 175 1165
76 20 421 45 311 188 301 191 897 55 690 57 789 60 1282 28 1070 90 747 110 618 25 1236 245 352 100 1358 248 254 42 1198 153 683 101 1309 91 1269 99 739 160 1227 21 871
77 20 465 38 899 106 214 196 277 145 108 124 1253 66 63 140 673 205 985 170 1197 3 893 134 805 50 1166 10 60 117 642 193 369 51 281 82 181 210 110 101 1182 184 764
78 20 334 85 23 116 620 72 367 57 673 50 543 67 656 142 1157 13 207 152 1263 39 561 25 92 90 607 47 1293 193 965 75 295 187 1088 21 942 13 417 92 1346 135 273
79 20 498 200 56 120 161 6 650 5 685 277 402 176 376 139 1352 29 1084 174 927 34 112 163 72 68 666 182 1071 98 1380 94 1495 210 594 129 1231 43 962 188 914 159 310
80 20 313 11 545 5 1402 36 1235 147 1222 117 387 58 916 58 875 95 939 67 836 21 1330 60 576 131 457 56 1041 106 1098 81 1392 89 1165 160 1142 50 929 216 678 4 1124
81 20 420 147 1045 24 944 99 344 151 697 195 333 190 1314 18 1347 54 812 145 160 155 509 163 501 67 926 59 1422 61 947 86 1062 26 750 101 300 153 464 194 642 12 1385
82 20 460 114 503 35 337 53 1494 5 1279 185 1429 58 379 111 681 90 419 172 1240 104 996 134 391 130 261 120 577 161 1105 55 507 163 485 204 335 44 1259 204 835 161 1203
83 20 386 271 1255 167 1454 104 1201 168 570 36 103 148 60 10 80 55 1452 122 816 76 215 195 1449 77 153 142 922 110 1034 19 68 34 1038 30 173 21 1019 118 1492 31 1247
84 20 329 203 1121 104 1250 42 1279 97 49 82 1121 61 413 21 73 17 1022 10 659 136 669 109 38 7 319 90 126 52 401 169 294 57 1168 135 1394 97 45 151 191 8 688
85 20 404 182 644 19 157 87 512 125 619 139 258 105 1426 53 1012 165 23 39 9 85 1179 21 33 94 841 231 686 109 366 49 316 5 1490 130 1345 239 11 140 890 6 98
86 20 421 34 822 48 1026 162 627 44 498 198 649 33 1036 9 463 7 365 6 995 179 1485 113 793 79 1354 116 1205 145 518 123 457 169 1170 49 591 194 773 248 1363 150 282
87 20 431 292 1028 57 885 180 242 13 1150 8 582 205 1170 79 942 114 225 37 324 13 1114 2 280 205 108 166 162 31 1260 207 1273 127 269 77 1248 177 753 75 1119 94 1311
88 20 343 66 480 28 307 44 378 116 618 131 1121 21 53 104 782 70 376 57 1444 172 1072 142 928 121 1243 76 690 153 102 28 418 59 767 55 782 41 775 82 219 152 1228
89 20 313 21 806 115 1188 13 1109 84 565 15 1155 108 396 125 596 73 1070 96 1017 145 989 6 82 26 678 4 633 107 1188 135 493 96 16 127 1499 227 522 16 476 30 768
90 20 399 244 769 82 936 108 1479 29 78 99 430 99 758 147 710 171 1149 14 559 108 595 21 1156 2 753 217 1412 49 623 119 1386 84 1248 52 533 150 229 74 586 128 109
91 20 495 6 42 196 1025 108 849 8 1190 174 69 48 939 258 269 207 1282 91 306 59 1263 43 1363 198 1273 193 250 211 1491 85 738 128 1169 287 785 103 1248 2 322 74 226
92 20 394 40 207 115 1204 95 909 150 749 187 289 120 714 132 229 153 170 153 12 136 1495 49 178 30 389 85 390 31 1313 111 854 5 930 245 544 38 653 81 1111 17 554
93 20 415 138 646 63 364 75 1319 154 749 92 804 94 938 101 1070 186 1363 110 615 203 547 27 843 139 965 20 258 9 1369 74 1385 76 66 94 1495 8 790 268 290 146 619
94 20 332 3 147 35 1104 72 913 231 591 12 1185 71 1107 113 846 54 566 122 190 44 564 11 197 127 915 88 793 87 627 115 1012 175 535 150 777 14 732 56 67 84 143
95 20 434 40 931 8 633 224 1457 24 780 143 1082 14 852 66 768 33 87 278 1036 72 1373 276 794 56 238 116 380 33 1149 84 1394 196 18 162 411 109 1357 136 1234 100 1405
96 20 363 146 1183 105 665 155 831 144 40 69 1013 3 286 113 889 102 1192 75 457 51 702 125 452 53 1223 49 1409 19 736 183 724 18 888 106 14 60 1284 49 1179 192 753
97 20 391 5 638 33 940 177 103 2 1013 119 695 31 323 242 1360 2 563 79 970 85 264 70 494 42 470 183 484 77 216 217 282 100 584 158 1174 85 400 67 1296 184 108
98 20 400 69 468 211 1098 104 3 118 28 168 1004 109 190 80 903 27 1492 58 761 66 705 9 864 118 255 262 423 198 426 4 561 83 1107 13 1473 195 1325 64 1403 45 846
99 20 387 54 491 156 763 156 1181 5 710 8 109 89 345 242 653 175 59 14 1271 139 591 112 956 118 1091 36 1492 2 40 130 1278 29 30 149 966 57 1244 149 1387 115 634
100 20 340 71 1053 8 932 78 643 18 871 13 1420 132 205 46 1102 52 1198 7 501 247 419 201 683 17 272 194 307 18 1085 84 888 103 1427 38 517 158 714 180 1083 37 389
101 20 295 198 1263 32 844 6 361 59 885 7 361 40 122 54 153 59 1368 165 78 12 983 37 235 87 1464 9 1232 92 62 178 419 28 564 101 1225 20 329 122 609 173 1383
102 20 418 98 509 29 1002 104 484 127 464 148 1338 68 1302 86 711 40 1295 69 103 30 828 124 510 48 1214 55 1450 280 1226 158 1353 203 906 257 273 81 512 5 811 83 493
103 20 307 40 762 65 478 31 1221 8 463 285 1054 12 1262 47 642 117 470 84 1475 37 549 23 567 10 154 57 851 218 729 4 1 119 1479 25 612 189 341 62 146 103 758
104 20 507 101 718 117 875 188 57 197 534 155 1430 32 40 244 676 52 1240 147 1014 235 58 76 1148 85 806 170 1116 216 1030 200 322 139 816 4 1176 67 783 15 1111 98 588
105 20 372 116 890 35 841 72 435 93 1140 145 76 7 489 50 283 143 154 103 970 34 940 66 218 97 1380 268 262 199 189 30 36 141 1280 80 380 57 285 116 440 9 1449
106 20 363 9 102 74 1104 142 591 215 900 11 369 94 138 7 388 80 230 197 737 102 988 31 882 159 165 104 335 68 857 89 1407 147 170 51 181 188 1490 22 391 28 1122
107 20 431 43 342 103 1245 275 827 41 1038 52 866 40 789 243 998 221 167 87 1015 31 1458 111 53 129 521 33 395 56 889 55 1013 136 1474 83 991 139 1300 34 252 247 1401
108 20 364 101 846 12 329 117 749 2 958 1 844 28 692 116 856 156 1201 72 1003 33 1225 24 350 90 75 270 871 130 1248 137 928 165 628 69 1337 89 489 83 34 128 342
109 20 350 45 1135 83 108 141 1258 33 306 81 1065 28 532 71 1314 133 1209 20 853 138 1258 33 281 94 1188 94 117 118 982 121 79 134 943 144 1443 5 857 142 398 95 528
110 20 394 164 412 60 1479 45 1002 45 1201 52 1193 21 874 17 409 212 1152 6 1159 108 648 41 340 158 1218 226 1084 70 9 63 1194 85 979 93 624 104 819 107 1026 293 401
111 20 337 5 1298 54 374 90 1485 146 787 144 817 3 994 73 475 100 1249 91 215 2 1059 81 1469 208 112 75 1082 91 720 167 1404 25 313 88 386 110 671 71 1006 62 1005
112 20 315 71 1102 28 742 78 617 47 1063 50 974 12 903 13 1266 174 762 46 253 21 342 172 148 49 508 98 159 40 1269 37 169 177 316 25 970 123 809 281 1412 35 859
113 20 240 162 277 63 724 31 680 14 1001 45 680 72 1048 62 273 8 174 29 107 28 1004 55 1437 21 815 56 159 9 300 106 486 36 1195 13 798 9 375 181 300 202 405
114 20 402 25 1185 197 31 72 926 167 347 27 146 9 1027 82 1241 70 643 233 518 65 541 232 532 62 844 129 12 10 1485 72 724 23 1102 30 516 237 1465 187 566 82 1002
115 20 452 184 570 103 1292 143 28 207 32 54 1241 73 246 160 1486 7 1433 86 1187 120 1003 241 958 28 1186 253 1036 105 981 124 993 24 29 111 313 33 899 62 124 145 176
116 20 425 293 275 210 31 224 638 13 753 21 780 57 869 23 618 95 705 166 1497 42 1454 123 1175 144 264 128 355 40 548 53 1208 17 1109 15 189 178 689 100 684 187 855
117 20 470 254 278 251 1082 126 755 208 867 121 1220 89 859 64 19 233 1499 13 631 222 1386 53 434 102 639 172 975 69 120 27 886 44 1346 156 759 12 1049 17 467 117 423
118 20 528 36 29 191 272 204 78 93 1199 155 571 27 1072 76 314 174 1448 86 990 79 822 230 1259 51 887 137 803 240 716 221 919 156 1166 193 1486 96 860 20 532 177 667
119 20 267 57 525 134 827 78 1013 152 1446 32 212 19 296 11 6 33 1075 5 1217 54 665 47 607 68 1100 37 714 201 389 30 709 18 1275 46 114 118 777 173 1090 25 1402
120 20 423 85 94 202 1177 53 1371 199 1184 71 884 30 1148 184 280 121 297 48 615 12 322 166 353 11 798 15 962 217 1071 157 239 119 1479 99 214 80 55 186 958 62 715
121 20 402 59 1021 79 259 208 547 38 55 116 1135 1 1471 251 1459 186 293 111 590 149 527 28 453 123 109 36 889 18 570 1 798 148 1087 172 930 121 1436 3 336 163 928
122 20 476 116 1075 177 101 224 1170 85 1053 181 519 62 919 33 833 226 920 91 211 135 1394 150 623 196 131 165 123 40 1190 84 1252 43 1382 92 1000 48 1395 67 646 168 648
123 20 390 107 1145 146 460 207 884 13 411 43 1012 207 1457 238 445 209 1399 4 771 90 964 23 1104 20 1435 258 489 75 1499 3 447 109 530 32 686 37 974 2 1476 129 472
124 20 430 71 1032 78 1047 13 918 152 1280 50 183 17 378 256 159 138 364 156 1496 80 332 197 507 5 62 174 555 48 588 48 1375 48 1494 61 702 216 768 144 879 202 464
125 20 329 178 29 85 795 131 369 215 1206 8 1281 98 1427 115 2 13 730 84 694 14 122 5 436 121 698 7 460 20 126 78 1100 119 898 32 87 245 63 44 1321 34 792
126 20 362 23 1254 81 109 20 1003 49 717 104 838 12 1417 116 880 85 314 140 890 75 1053 231 196 6 915 200 1440 40 122 101 1048 209 298 89 237 63 551 83 295 83 1058
127 20 281 55 111 142 563 34 1218 124 359 15 1342 62 1249 99 318 79 592 28 1383 55 825 6 48 151 1225 34 1363 56 251 17 362 15 1057 148 1487 107 1256 130 1433 50 541
128 20 382 80 653 162 860 14 878 23 1162 99 837 55 107 171 1250 61 678 91 673 33 670 86 197 202 667 119 700 23 1165 237 301 3 147 129 1453 230 1226 59 1057 34 1198
129 20 449 206 481 58 324 68 1325 179 1412 245 558 32 1212 39 675 222 786 26 190 210 188 10 510 19 928 159 1461 186 408 135 1267 61 1371 179 414 7 544 30 952 176 496
130 20 489 135 1410 106 523 261 1158 176 878 12 878 25 314 113 383 35 1043 19 605 250 1059 145 302 241 363 116 1274 56 249 205 978 52 685 39 583 246 1361 195 201 20 919
131 20 370 50 945 79 490 25 1022 74 437 126 1234 161 624 140 333 45 75 150 1160 20 615 83 690 21 358 211 793 38 1140 2 360 215 79 55 223 47 1491 28 1412 281 469
132 20 379 49 990 151 447 71 755 129 125 57 1192 1 62 2 396 22 190 141 91 107 1237 216 579 40 1379 116 1208 2 916 47 118 284 252 21 665 208 764 142 164 91 812
133 20 432 190 852 21 1157 35 1461 160 340 115 1469 61 618 15 365 281 1126 170 334 32 901 110 524 125 1224 87 560 215 229 13 993 79 877 113 600 167 276 156 314 17 381
134 20 371 172 1411 157 684 52 679 65 852 119 879 17 59 145 394 9 510 5 1000 28 1232 40 866 8 1388 224 1068 193 639 102 1477 126 215 5 1378 129 156 89 834 171 200
135 20 459 38 1277 260 821 86 1481 100 1462 256 1435 113 854 90 1492 218 815 121 1481 22 458 26 800 61 94 179 1230 126 492 96 719 193 353 61 420 72 1247 135 446 43 810
136 20 353 98 1023 76 854 32 713 117 1322 135 1066 95 252 36 945 113 255 192 458 71 136 8 1057 112 181 94 44 148 831 26 1062 178 1131 140 945 41 1307 13 720 40 797
137 20 406 85 1439 160 1269 92 1008 114 1489 44 1498 145 66 67 1456 72 173 81 1230 24 1484 8 1270 195 1020 105 1456 2 1090 70 1466 76 522 251 654 201 1455 231 356 10 448
138 20 367 95 1025 67 949 114 964 141 1151 63 1101 129 813 164 1003 99 953 39 1081 27 35 30 327 22 862 28 220 210 196 17 274 69 136 23 1444 89 834 190 5 220 942
139 20 401 2 1057 250 425 87 525 159 298 72 1282 148 1355 65 310 8 1042 154 742 64 876 31 1245 84 1223 38 1340 12 1043 90 7 232 445 24 776 188 939 175 623 122 514
140 20 488 159 1307 2 709 40 715 5 443 216 823 74 42 153 894 109 757 193 920 121 286 87 1086 10 1287 175 747 184 712 33 568 224 723 93 1374 52 728 249 350 264 1236
141 20 437 115 491 43 352 120 744 205 824 77 338 240 1193 175 1433 97 1228 7 1385 3 547 63 755 199 214 162 721 74 204 103 850 28 686 220 853 32 1187 154 524 71 453
142 20 330 75 428 220 808 48 772 88 173 102 465 210 496 17 428 6 700 81 764 209 812 18 940 97 24 7 286 79 1087 39 1428 64 88 91 271 58 507 82 1243 61 495
143 20 456 83 976 82 108 154 1156 189 1409 171 419 157 240 126 891 32 1436 78 331 31 392 121 603 112 787 52 1211 188 805 3 147 250 1181 98 1464 174 841 163 633 17 1183
144 20 338 253 998 70 460 108 1444 12 441 2 401 165 1240 74 1075 76 1217 140 784 60 541 145 591 40 952 76 626 54 795 45 1116 140 44 69 1128 118 869 12 1180 31 142
145 20 592 116 914 62 748 128 384 285 179 169 1081 69 876 143 120 104 190 176 920 153 390 138 1414 202 1472 206 1394 139 553 88 1172 162 22 223 911 110 1241 97 663 190 1159
146 20 339 201 622 71 114 76 53 6 1118 45 779 252 1281 87 971 132 239 45 969 3 336 20 1048 166 760 23 1167 140 917 3 294 252 881 7 990 13 393 44 833 110 506
147 20 391 62 939 25 499 75 1279 224 338 152 373 238 680 80 96 50 999 156 400 81 504 45 570 163 1229 112 22 156 1221 61 830 126 252 42 1009 33 539 37 1500 39 461
148 20 463 98 92 109 1213 79 1360 138 1182 1 910 142 945 102 470 122 329 81 415 3 790 3 455 167 677 75 964 139 1150 161 1079 164 837 212 803 267 838 136 833 118 134
149 20 499 150 1229 60 1449 165 701 112 41 115 666 209 853 47 65 155 1038 182 793 127 371 150 500 242 1206 42 907 58 501 229 749 15 1345 54 382 233 537 21 923 129 1269
150 20 486 246 782 72 59 108 257 255 584 26 1494 217 1163 124 1030 180 874 106 1291 43 312 201 71 164 1376 99 614 4 285 79 1111 130 496 157 804 123 837 12 821 87 1499
151 20 383 205 1412 90 371 97 476 166 265 129 964 13 938 58 450 9 1370 145 301 24 4 206 253 8 300 129 395 151 1154 55 812 113 1309 156 604 42 1425 74 1046 49 827
152 20 520 239 464 221 1482 130 459 240 54 248 1382 54 1258 145 731 142 697 111 96 211 1261 25 818 223 771 3 525 106 97 33 1173 75 985 88 204 178 888 114 1225 16 17
153 20 355 14 663 132 1160 28 550 148 581 144 1435 148 777 118 1376 14 1280 7 1377 1 349 139 1233 214 236 41 522 160 956 15 1334 66 269 142 1196 3 372 47 680 198 1031
154 20 502 215 1229 130 986 134 303 73 613 146 1383 22 676 148 106 190 1190 61 106 194 111 149 117 136 1404 164 1075 13 869 8 679 29 1329 289 1071 178 708 143 1270 90 505
155 20 446 88 356 120 1131 141 636 216 96 280 739 73 1271 117 446 99 929 99 811 32 1462 59 1303 30 557 124 1314 90 141 92 344 103 1000 46 384 146 74 158 1268 119 528
156 20 274 190 153 131 1013 60 970 117 779 17 49 107 1244 173 1008 38 1407 14 319 48 1145 12 517 33 857 13 1018 26 195 7 278 58 1095 14 248 101 760 49 647 166 874
157 20 557 135 671 131 497 76 1444 188 858 148 445 187 43 100 1290 20 1046 123 1254 207 529 207 1298 36 945 184 1264 39 1139 234 1476 31 1025 194 695 192 1305 95 1096 262 1135
158 20 305 87 1028 173 1445 87 377 46 584 112 1223 9 1393 27 546 86 499 206 217 29 1090 62 1159 102 1332 139 1251 31 423 2 216 109 212 5 1132 9 1166 198 827 9 288
159 20 392 62 857 21 657 142 1089 157 749 10 416 210 945 173 320 33 1230 12 604 138 205 105 800 94 1490 64 326 190 1032 120 16 88 1040 223 289 13 457 27 867 78 1282
160 20 460 129 36 164 977 40 1395 152 883 152 493 155 1055 55 1307 63 41 8 679 250 611 71 105 3 1014 75 1237 22 971 147 1271 123 379 245 214 57 381 186 1343 204 1166
161 20 403 180 952 101 555 43 186 44 489 151 540 189 501 120 36 5 1103 103 872 185 717 43 1347 95 779 36 1458 138 1055 170 71 64 838 80 214 102 729 162 956 6 855
162 20 300 173 1009 75 112 25 1354 3 1386 167 696 52 113 67 458 156 118 23 177 6 356 79 1380 68 1208 66 1063 35 209 183 1305 29 910 93 1357 9 859 130 1277 63 906
163 20 367 90 67 95 1008 153 1124 40 1188 85 1429 186 1069 93 1491 84 1052 81 1315 86 1254 87 1468 44 1457 29 1204 15 754 23 1288 40 710 107 76 90 888 211 1385 197 1099
164 20 392 30 1247 197 753 82 391 105 296 16 120 139 394 87 387 220 373 145 1452 15 1173 45 290 157 202 33 978 108 801 47 83 16 578 48 732 286 756 60 697 128 701
165 20 412 222 466 101 1062 216 14 68 336 25 53 211 83 261 33 56 183 136 527 163 1014 2 1264 22 1473 160 1181 11 589 11 620 5 163 218 635 52 566 101 533 20 1407
166 20 511 241 463 245 990 219 1474 252 1044 128 92 176 726 25 1410 124 75 187 1239 44 1050 49 1472 23 795 63 900 142 227 170 1091 45 225 135 115 71 1130 161 1461 58 131
167 20 363 6 509 202 110 3 466 41 349 157 1300 98 1099 52 585 19 326 117 1052 6 243 178 672 109 1172 92 1124 206 758 12 1303 20 864 129 1011 141 1062 217 110 13 1038
168 20 365 179 128 56 1305 52 950 139 523 28 1033 9 317 75 393 113 389 138 600 230 257 44 65 136 680 118 1153 126 270 20 447 20 339 100 798 102 551 114 1241 30 393
169 20 279 16 649 25 787 12 1069 32 2 8 6 72 231 27 856 65 242 228 1086 157 1385 96 588 36 728 20 498 116 768 124 794 31 876 141 622 14 676 56 1256 123 798
170 20 496 28 1439 197 138 177 933 113 684 149 490 13 1313 175 420 224 445 96 901 197 19 112 1201 18 639 161 124 95 745 38 202 53 1398 189 594 107 411 256 705 85 413
171 20 384 32 742 96 316 4 451 186 883 62 1174 281 260 164 584 8 1376 60 295 23 484 76 270 28 1190 26 374 104 1026 276 289 206 1139 11 577 199 1131 66 714 14 386
172 20 478 239 134 3 1202 213 1346 70 428 142 346 130 338 42 10 42 185 12 715 90 569 148 624 62 1005 251 529 260 953 101 452 136 180 62 1424 101 886 80 363 207 132
173 20 323 85 957 135 1032 112 1377 92 591 165 962 100 27 1 1154 23 367 93 394 2 711 107 726 111 229 1 221 37 1343 55 1297 27 1014 133 59 103 592 181 1021 53 31
174 20 308 76 33 52 936 18 792 110 1341 72 872 4 1402 196 779 7 575 104 1291 105 184 26 356 34 1175 118 30 158 1342 108 548 106 1370 61 38 5 981 53 69 131 930
175 20 411 13 576 74 830 182 785 14 714 207 315 98 1422 42 1485 55 403 137 1384 119 785 33 235 141 1391 82 1397 195 360 8 527 33 1157 101 1311 196 764 129 1215 198 1154
176 20 370 103 875 77 525 169 40 54 1035 177 1170 113 201 30 1157 236 1323 72 107 43 972 36 189 132 1335 100 1391 93 1495 99 830 109 1195 10 989 106 1451 88 15 7 535
177 20 492 168 1201 80 1157 65 465 87 1313 137 781 9 943 215 932 182 438 101 1109 175 527 17 280 173 1004 8 944 271 1184 243 102 82 313 108 485 82 63 48 434 211 640
178 20 408 116 700 20 306 94 1444 161 1224 182 639 77 900 71 579 12 269 241 396 195 1422 65 391 17 1222 255 986 12 67 36 711 53 538 106 842 140 732 47 950 140 23
179 20 474 61 1205 158 905 60 344 38 886 1 1446 102 640 96 1029 124 1140 130 179 58 266 189 923 82 226 77 1265 246 42 241 788 138 1462 228 571 12 46 144 336 188 1374
180 20 396 103 711 136 333 93 140 246 477 55 1266 86 1118 55 696 106 626 182 1169 19 677 61 329 196 503 90 1041 108 539 96 39 25 271 6 1217 214 1458 18 1447 89 675
181 20 376 63 984 103 269 112 886 31 606 62 585 205 99 112 1462 93 1093 29 690 172 1044 122 1256 131 415 110 1014 3 938 71 1362 62 137 42 989 181 1174 104 248 75 438
182 20 341 62 1236 177 1130 195 1252 18 790 126 300 96 1135 219 1409 142 1020 111 1372 77 400 77 387 108 1205 38 185 47 857 49 350 62 1378 28 174 11 173 44 887 21 1117
183 20 366 153 633 114 105 77 308 170 1290 51 1407 66 677 67 359 95 359 57 1354 135 1462 182 561 136 1184 12 230 22 493 28 659 38 9 58 515 43 286 173 407 157 1235
184 20 381 87 299 6 1476 63 232 70 103 169 1498 190 55 28 1222 258 505 5 934 96 410 27 913 38 1304 143 282 52 424 122 1303 185 183 53 979 93 936 98 1333 126 1338
185 20 425 131 746 63 469 185 218 275 984 29 1477 14 484 141 400 72 1445 54 175 24 187 36 187 149 1 162 867 95 486 176 1175 182 1077 94 1255 29 187 34 744 180 1193
186 20 357 143 1433 9 774 83 173 103 181 18 1148 74 1353 126 1116 213 580 186 145 13 592 75 894 37 1157 82 742 20 433 62 115 136 628 1 1340 240 1227 20 590 145 562
187 20 390 217 1241 161 316 21 56 115 876 65 292 11 1195 224 1145 253 404 12 611 38 154 107 1381 216 1271 44 727 1 801 63 1129 76 1169 154 1308 19 1062 80 240 76 1367
188 20 435 116 1478 174 357 127 1225 32 1054 30 1451 26 888 68 1197 57 741 90 562 36 223 5 135 187 576 223 176 47 1273 102 1304 211 1165 104 1289 253 803 30 1169 261 1349
189 20 413 227 627 1 1167 58 559 118 741 105 533 42 1155 85 1178 83 1391 5 1008 253 959 115 1470 23 1375 38 967 228 153 21 457 119 680 130 1405 10 936 190 249 215 686
190 20 299 36 1155 191 38 19 1162 47 313 7 12 82 243 29 311 71 1450 60 408 17 1186 157 735 177 1401 19 730 64 85 20 980 175 1217 60 619 69 413 67 23 131 959
191 20 432 163 1256 8 1434 78 63 83 825 69 799 24 1475 141 681 105 108 55 421 194 1179 115 878 99 893 172 1236 161 122 70 149 183 642 73 1190 4 141 131 1027 234 540
192 20 417 99 1322 214 1480 50 949 76 964 211 1176 106 36 9 1258 224 331 158 1232 80 278 101 419 28 1216 7 203 136 123 30 476 62 1168 180 660 45 1120 70 7 200 358
193 20 369 170 1119 58 1354 18 868 70 1374 58 1224 66 804 45 946 6 96 104 1273 94 242 49 1141 24 1360 187 1003 110 1124 97 339 23 1124 110 735 139 201 273 839 144 701
194 20 392 170 1209 57 1152 214 138 184 94 93 520 22 590 67 939 10 628 47 378 55 272 81 226 51 1321 63 348 171 1041 65 234 36 1454 149 855 192 455 92 1273 142 248
195 20 461 24 1474 126 1450 104 1352 9 357 209 572 130 783 169 363 109 215 48 960 264 1035 70 1407 45 1469 162 1229 45 1148 39 950 47 442 169 143 156 908 230 102 153 320
196 20 397 157 385 241 357 21 384 173 1414 2 1417 195 703 198 1448 26 933 214 354 176 1197 19 884 81 108 26 507 3 1188 67 1420 63 1025 36 896 74 1341 179 827 37 1178
197 20 565 281 387 58 1247 184 1453 184 1077 111 1277 255 960 31 1313 139 3 237 1165 177 1442 163 1190 236 259 12 226 71 145 119 280 104 1395 28 1416 188 1072 110 680 137 490
198 20 407 47 881 205 978 61 315 33 126 25 150 118 1272 72 691 128 1042 148 1012 167 937 15 1173 212 172 39 4 77 809 163 451 94 619 88 459 189 1180 140 104 15 414
199 20 289 47 1054 31 357 174 808 109 408 2 652 134 630 21 596 46 1368 229 1268 107 227 39 1037 10 1468 40 607 25 668 31 70 100 343 46 1324 138 860 1 712 117 615
200 20 392 94 648 72 11 265 1003 173 377 126 1458 81 343 9 1096 85 1159 173 307 144 81 7 4 70 366 80 753 243 358 2 1098 123 588 12 191 104 1219 72 787 29 1131
201 20 327 13 744 110 571 63 942 74 1436 58 1382 5 809 123 865 33 1189 120 82 69 202 5 968 174 645 209 837 71 1083 56 567 181 856 113 775 124 354 27 1371 8 998
202 20 357 61 1408 143 561 79 575 72 730 72 1048 44 1357 38 743 43 843 2 1140 136 308 151 1060 62 444 247 1173 43 1101 100 922 162 277 4 948 140 437 144 859 46 997
203 20 347 73 1058 30 147 64 438 25 448 40 1261 11 679 223 1210 16 1314 204 210 73 1113 134 606 227 24 90 827 98 1100 85 945 72 313 3 142 94 858 41 1495 133 285
204 20 293 29 179 13 2 47 989 118 1105 90 591 64 256 32 611 9 1466 90 97 39 682 55 932 32 598 144 743 49 1019 218 1215 32 781 69 805 190 520 21 1346 126 453
205 20 408 101 1125 53 816 18 782 98 605 222 1010 88 1154 64 714 235 591 26 864 182 1210 65 1342 114 475 11 1432 236 1380 65 409 135 624 5 388 161 884 14 1344 151 1292
206 20 564 207 1213 180 1313 14 345 63 410 167 683 57 149 65 1404 220 934 160 411 46 1162 100 142 258 968 159 1339 172 659 270 1358 20 175 106 282 250 4 190 286 120 134
207 20 516 105 710 189 837 186 1204 37 153 51 468 137 1109 105 683 250 66 240 1272 184 1454 15 915 17 508 226 436 68 1063 59 1142 87 851 139 1151 134 1101 169 478 183 843
208 20 381 106 158 15 1093 159 1349 26 161 143 946 74 1279 212 1241 108 768 131 346 85 1328 26 1266 74 1354 84 1465 18 568 225 423 141 238 42 910 60 480 88 618 89 1252
209 20 411 274 7 116 159 118 1078 172 421 2 1413 97 978 170 683 111 655 12 366 126 1190 10 942 140 1349 57 893 6 931 39 410 65 832 186 1311 165 338 162 702 29 765
210 20 493 138 417 209 1023 47 93 8 173 82 419 168 459 17 1179 19 332 103 1402 81 16 205 1265 139 172 46 485 182 985 176 1026 136 1015 248 62 163 416 164 830 138 849
211 20 379 165 1085 2 978 11 1265 50 91 44 1045 63 802 114 605 218 913 197 451 8 1201 12 963 91 418 84 29 137 182 156 294 123 796 56 60 155 867 137 1247 72 136
212 20 336 260 1388 128 918 140 783 36 609 43 857 110 572 21 148 4 936 90 1176 10 1411 188 1366 70 1261 132 521 100 1438 180 1046 56 1477 37 572 6 394 8 692 65 283
213 20 319 74 1223 84 87 1 1354 130 1068 10 236 136 573 68 711 29 1145 12 549 32 144 36 1068 268 331 77 993 193 967 61 6 69 1054 39 229 78 1462 30 841 168 473
214 20 461 204 175 250 76 282 399 67 854 99 365 150 843 127 544 67 711 78 1215 68 138 216 1408 56 417 65 367 143 64 235 1213 14 466 40 1420 15 1312 52 1482 80 996
215 20 439 72 717 18 136 140 187 139 1050 92 76 153 680 25 449 196 68 156 1303 89 128 1 858 77 1326 129 1239 195 950 19 1295 219 440 73 339 111 712 195 688 97 450
216 20 326 17 961 118 31 51 1311 31 1371 100 1110 105 939 11 570 104 1134 45 722 70 1333 6 1311 130 870 146 312 64 891 45 770 5 603 131 527 248 525 176 1063 28 647
217 20 568 122 1479 170 144 189 871 265 803 274 756 46 645 49 515 156 1226 101 1092 174 446 103 1310 73 1399 176 568 170 279 117 146 113 1182 255 1470 113 447 55 140 122 92
218 20 324 40 1008 130 720 127 765 9 1365 33 1486 172 331 87 1209 37 1442 81 468 96 340 90 521 68 1154 99 1138 55 1289 60 638 43 1098 284 975 11 1104 98 302 1 75
219 20 338 87 102 78 951 233 1350 47 1078 182 546 129 1045 28 1113 165 666 73 813 9 1422 8 153 95 583 56 757 26 197 69 122 183 612 89 195 54 1 59 203 23 791
220 20 395 86 778 21 686 109 176 150 769 161 842 228 868 242 175 40 949 3 1249 31 29 119 262 156 567 83 323 190 324 103 1216 1 507 81 844 25 50 147 577 3 1483
221 20 473 93 230 53 474 156 1350 17 134 188 190 173 176 100 1498 127 1366 128 893 167 902 271 999 83 1088 123 322 15 82 6 256 281 1442 148 685 83 143 100 715 56 600
222 20 581 51 283 34 404 50 1315 136 932 160 339 200 324 159 174 289 1273 183 10 197 974 127 1313 144 609 74 119 104 988 104 10 90 35 115 1460 195 105 233 134 260 61
223 20 366 215 1141 19 1336 19 1404 58 598 255 933 54 1401 69 1150 141 213 20 1429 28 374 148 1119 45 850 53 1026 91 328 236 1028 48 971 9 862 217 1130 90 343 16 522
224 20 456 187 543 65 775 48 1399 113 1426 75 1419 2 896 173 872 153 56 99 553 175 298 7 277 188 384 217 1270 24 1462 33 39 133 1473 165 1006 213 1386 10 442 201 1293
225 20 414 76 693 148 263 7 1144 120 833 73 996 252 691 26 607 84 1405 18 903 14 49 252 590 8 371 89 100 245 1018 9 738 170 275 101 595 271 1384 103 165 7 309
226 20 539 90 373 157 30 112 50 66 56 146 1064 83 755 88 1129 204 244 129 1279 207 738 48 931 76 219 70 1053 205 163 47 285 238 1148 102 12 130 493 231 169 270 1455
227 20 346 62 1202 122 216 60 1227 38 1153 102 208 74 1203 7 280 6 148 145 689 198 683 30 1221 7 753 13 803 260 1011 251 925 115 814 55 472 33 745 111 505 43 36
228 20 439 49 872 46 801 27 376 39 350 236 1291 135 1387 57 649 137 1090 43 1347 107 1364 44 588 208 36 155 1236 75 465 112 905 125 674 185 1491 250 262 85 946 84 696
229 20 348 20 69 5 1486 38 86 110 1397 81 1131 8 156 71 1210 220 710 223 689 207 275 22 1003 50 411 56 449 65 31 19 932 104 246 17 692 33 343 244 693 148 274
230 20 379 201 260 39 441 79 975 185 562 30 139 22 462 135 265 219 518 91 694 187 1337 148 699 43 697 95 1116 153 684 54 27 9 206 21 63 9 1097 82 27 97 1360
231 20 462 126 222 125 815 158 1386 229 1245 237 341 101 1483 4 774 95 287 123 695 197 802 8 97 67 865 252 64 21 409 18 935 131 225 113 1332 30 144 234 850 45 1232
232 20 418 35 854 3 84 93 32 146 1188 113 1470 107 490 67 315 134 1094 72 454 127 296 173 777 24 1467 206 654 50 673 8 147 8 472 213 79 36 1461 258 1369 220 1040
233 20 454 246 120 65 452 15 760 21 972 36 1363 58 164 41 258 125 1198 11 624 213 170 160 94 62 1199 198 838 192 960 202 431 164 1093 79 1244 168 749 98 521 116 1430
234 20 467 57 846 84 467 6 1212 92 1220 237 1042 173 449 51 867 74 1126 265 968 289 144 158 1234 17 1405 68 847 66 1236 175 891 113 96 48 637 110 1400 112 1222 141 1147
235 20 267 117 965 45 1364 9 1095 69 1489 94 687 20 1298 77 1450 26 517 45 146 147 164 74 1359 70 586 127 1261 13 142 103 1276 95 670 48 1264 113 747 4 1145 40 452
236 20 461 168 756 153 99 182 1183 157 586 5 327 117 884 243 63 158 378 169 522 178 894 134 631 79 17 38 157 50 839 28 1338 92 173 31 520 96 772 46 437 183 711
237 20 349 77 1470 42 1282 101 295 20 1058 22 896 222 81 73 1245 228 1066 22 1319 11 401 55 469 71 723 139 804 21 73 111 1423 183 439 33 477 271 1129 22 1253 25 993
238 20 496 136 643 30 788 156 343 19 99 140 1193 189 379 186 804 215 128 106 161 42 937 266 219 137 538 53 994 46 694 72 1296 145 1448 64 802 178 1472 67 932 235 215
239 20 496 192 1011 137 1037 27 1435 58 563 110 740 79 298 104 339 89 81 3 1051 122 242 58 1231 224 1155 216 421 174 1266 160 1387 288 759 81 515 115 478 200 1093 45 1273
240 20 401 66 1336 214 469 110 392 196 1374 47 688 106 530 196 27 19 46 192 624 34 312 81 891 9 57 34 688 33 25 28 558 228 1112 127 672 51 864 149 575 85 635
241 20 439 113 1453 205 239 163 846 65 861 103 510 10 446 153 366 154 1114 184 475 74 1000 102 259 154 586 71 1058 5 1365 100 314 120 941 104 1410 116 839 158 789 43 1477
242 20 430 48 721 5 1461 75 45 56 1026 190 932 130 720 131 1265 25 458 180 33 73 592 127 1006 220 347 89 390 55 813 161 1195 114 781 45 859 250 395 134 766 43 1455
243 20 289 44 358 251 738 130 935 56 310 75 1248 133 281 30 475 26 1195 30 409 87 1428 44 342 71 1081 102 829 24 1068 2 1353 70 825 37 1300 132 376 8 643 96 946
244 20 354 147 1018 8 408 248 128 7 773 156 1190 95 63 28 478 184 1335 141 834 8 1431 25 1021 52 280 42 233 6 1319 156 1221 55 955 239 726 24 1068 10 195 142 918
245 20 363 2 1473 19 290 39 440 292 968 29 1272 116 678 112 903 31 528 74 432 38 457 187 352 111 335 26 835 52 530 184 883 71 1136 113 1071 57 1231 177 790 89 174
246 20 510 41 730 65 926 170 1142 136 20 14 809 19 352 148 1004 167 843 79 96 192 774 119 358 37 1332 283 1328 201 698 207 655 83 177 123 615 210 838 217 174 42 175
247 20 402 76 1110 176 1055 183 818 40 1143 214 219 116 348 48 232 77 570 104 8 227 488 224 474 39 500 28 1092 8 278 72 984 35 1007 136 838 18 432 125 1184 66 1025
248 20 454 17 1367 29 223 22 137 148 411 134 935 61 939 78 784 87 592 186 50 283 1261 30 245 34 206 27 265 150 461 117 1484 178 640 249 365 198 203 211 314 32 870
249 20 352 23 889 70 1156 32 913 176 1361 45 934 31 457 40 320 241 680 142 949 49 419 12 261 128 626 68 297 202 1146 30 221 142 43 183 102 28 1367 59 39 59 687
250 20 498 96 45 122 742 175 339 134 1385 201 1373 220 1032 173 499 195 593 89 1392 109 1206 73 1226 34 1271 31 808 22 1038 248 112 178 942 112 1375 57 80 124 680 101 1221
251 20 387 110 1111 24 39 39 26 68 262 166 1273 180 465 154 1353 1 397 7 25 113 603 39 218 44 31 245 611 18 208 192 1359 56 1249 115 630 5 1353 247 1404 113 460
252 20 333 35 876 22 1035 67 461 112 104 101 819 120 1118 16 513 140 97 140 1410 75 68 60 838 48 1287 147 171 19 794 64 1356 99 129 132 1195 82 744 133 520 54 281
253 20 208 35 665 39 293 80 28 116 1494 16 96 75 1077 21 1096 141 1482 1 198 94 687 106 572 11 1008 52 779 37 572 5 1138 5 114 21 332 87 1373 58 1361 44 655
254 20 454 195 1225 143 1316 196 834 45 1222 223 644 40 21 180 846 77 1213 94 1108 48 486 101 14 52 144 1 867 16 1273 182 966 109 222 145 606 161 228 217 534 48 77
255 20 514 211 1035 136 810 98 1144 78 923 35 283 68 786 255 400 90 51 80 1228 159 1249 201 791 48 84 35 752 93 101 35 805 264 978 166 1059 126 257 179 443 214 448
256 20 479 151 463 37 104 16 568 50 1031 80 506 81 1294 240 768 13 873 158 1385 34 1329 213 104 248 1000 131 1082 148 370 83 202 166 1020 104 1163 153 679 170 332 120 177
257 20 539 31 1289 49 456 63 1064 109 1049 18 841 173 1318 137 35 140 1484 175 617 269 889 116 486 184 1394 78 1316 38 517 265 943 221 996 22 115 91 979 251 1421 269 1429
258 20 397 4 967 58 981 16 446 88 995 123 1413 79 520 163 184 99 1340 39 1433 239 784 48 521 234 349 116 1478 66 64 177 772 55 454 165 868 40 338 132 718 47 1000
259 20 363 93 708 38 1192 4 1415 116 352 157 1141 58 370 132 1222 127 489 139 634 66 792 48 1299 65 215 236 1395 19 1319 29 959 145 302 74 1090 143 1382 118 30 10 1053
260 20 406 236 1465 80 46 92 459 62 405 120 1278 58 643 103 948 61 1341 12 1432 60 1176 1 329 263 1353 142 585 201 420 142 896 23 431 96 75 18 204 43 956 221 1465
261 20 510 124 635 84 1488 223 914 205 441 58 750 89 93 56 560 95 204 183 210 89 750 100 210 25 489 3 162 187 446 171 1419 222 150 68 571 157 1473 281 80 134 56
262 20 467 48 1479 44 1405 41 382 192 803 76 637 126 816 139 584 247 988 5 307 51 1375 286 1356 25 1274 122 214 125 360 36 1286 181 540 80 871 242 324 161 105 109 968
263 20 401 12 869 46 172 192 406 17 1107 21 1319 140 1131 140 573 280 188 148 1341 51 1269 113 1016 196 277 126 1271 35 142 84 1272 66 141 45 1480 126 1234 149 1309 22 1340
264 20 498 170 1304 142 380 12 1487 254 582 131 1101 63 951 176 2 226 1458 16 122 160 1241 175 774 75 1204 1 921 51 472 203 879 77 523 205 130 169 1494 69 442 119 153
265 20 453 98 1438 244 96 28 1308 112 86 175 504 183 1147 83 506 77 502 108 900 76 697 127 229 115 212 54 488 121 329 169 1473 76 1176 123 1473 28 1295 226 645 42 705
266 20 361 193 987 4 535 67 612 14 853 4 917 142 859 49 1211 19 1395 114 522 58 1206 56 1485 134 624 75 164 154 2 22 1281 218 1006 148 193 80 684 144 710 114 416
267 20 335 95 834 114 77 44 1236 97 568 141 44 82 62 213 1493 89 759 160 484 87 811 78 180 76 937 65 645 12 1097 82 1102 47 712 49 781 48 273 41 1202 57 142
268 20 309 29 146 143 346 39 756 170 769 6 1187 82 673 24 49 90 1193 43 161 135 773 93 429 23 989 10 898 24 1290 83 591 261 207 44 1070 58 1022 190 1161 1 681
269 20 327 33 327 162 407 146 1132 21 30 79 462 49 862 182 65 170 1186 69 327 54 750 57 673 215 1069 10 1429 42 659 47 1055 70 708 99 905 7 222 30 1097 94 5
270 20 434 237 1268 37 1286 201 277 123 969 117 1163 24 26 290 1146 164 1438 59 1401 40 805 13 1370 13 975 22 1339 119 44 207 1186 37 35 67 223 52 299 88 561 263 168
271 20 346 66 1493 2 1415 126 480 142 247 5 286 17 106 220 574 82 1016 67 187 88 827 95 715 223 6 97 1096 48 1329 27 1422 140 234 150 5 1 252 122 1336 15 1211
272 20 482 242 342 141 642 1 456 136 76 45 604 189 828 133 1232 15 1020 32 1357 222 505 13 1396 69 604 21 1062 166 890 261 111 61 1119 177 647 27 811 248 752 212 578
273 20 385 35 1121 144 622 13 363 239 488 20 552 227 53 232 236 208 1281 1 603 68 376 135 1490 41 911 90 556 67 711 14 1087 100 111 23 3 74 94 186 1312 9 511
274 20 361 56 1426 59 488 16 221 135 1335 163 783 8 462 106 491 176 1385 56 339 48 165 49 479 96 1173 127 151 28 1148 72 358 119 1241 11 806 131 730 118 1223 235 709
275 20 406 115 335 130 500 15 181 3 1247 64 1491 23 1318 128 507 212 257 30 51 267 1066 196 751 20 209 205 278 20 231 256 603 56 354 18 783 118 1371 147 1326 10 1028
276 20 421 124 254 145 1390 214 1043 21 1483 152 871 105 1123 42 478 197 1222 33 875 32 508 177 1230 33 932 11 883 111 982 192 1374 180 660 19 1242 138 145 122 1375 59 917
277 20 392 46 504 185 1242 13 868 41 886 73 913 160 417 11 284 70 7 87 744 219 423 184 178 9 1429 19 1227 58 506 102 1362 38 1267 80 815 174 968 207 1402 184 546
278 20 443 14 781 35 234 238 904 127 728 11 976 56 17 207 151 108 345 171 1214 214 924 172 984 85 195 53 2 67 1156 93 1093 72 1376 250 76 172 1179 40 1126 34 1379
279 20 403 98 695 87 276 99 398 20 635 81 105 270 583 56 425 73 992 30 1206 95 317 239 390 97 1165 9 295 33 1423 96 565 144 101 116 1392 181 1419 179 1329 16 175
280 20 423 147 763 224 1368 48 557 139 411 32 482 146 959 189 54 65 744 158 660 21 216 45 86 45 236 100 227 232 1252 51 1464 91 1155 140 331 50 472 44 1490 152 942
281 20 344 46 599 149 1196 176 42 5 86 88 549 63 959 11 222 39 239 19 920 208 872 11 1153 115 1075 20 494 47 1061 5 176 290 458 138 599 31 266 259 1371 3 153
282 20 392 69 480 108 464 116 1081 107 1031 77 1223 75 1253 47 1138 140 1428 34 883 255 273 73 154 12 446 34 1060 51 318 191 547 199 1105 53 1041 64 289 3 1475 252 279
283 20 427 159 253 23 70 49 1136 72 829 60 712 108 294 162 697 36 1034 43 1125 184 591 83 193 123 99 251 496 188 874 122 1037 56 80 4 513 41 1109 195 1030 176 661
284 20 355 230 631 62 1316 72 125 21 272 70 1334 164 640 142 1448 1 851 57 649 155 474 11 1034 47 585 115 1162 168 1490 146 1375 26 699 35 1283 72 1409 150 922 35 410
285 20 376 2 1325 97 1149 61 1235 200 514 19 656 149 414 199 1388 72 30 185 203 72 721 58 814 24 685 20 508 125 161 247 108 5 81 50 1017 2 726 173 425 122 1413
286 20 411 53 182 97 589 1 1061 92 877 76 1132 113 640 28 882 230 394 185 175 98 372 34 766 92 26 278 413 87 1301 1 1313 47 860 186 428 162 472 101 850 95 251
287 20 384 60 67 69 608 59 1173 115 240 181 134 88 1380 57 1138 43 1341 44 173 37 271 144 977 142 446 61 1041 75 769 159 702 184 1131 209 643 27 1454 58 1293 109 1288
288 20 407 120 524 196 1454 10 1315 3 887 157 911 224 1123 144 1302 125 508 98 1267 43 1378 74 745 101 48 63 943 146 1146 76 245 96 1206 92 1416 117 120 108 218 45 847
289 20 368 45 443 94 1395 36 1105 229 179 248 10 92 1007 164 899 112 293 178 1355 23 568 147 861 85 198 63 1378 22 494 79 485 20 216 60 948 39 135 36 994 72 420
290 20 386 52 1419 68 1241 43 11 88 369 114 913 134 784 192 1105 145 1086 50 1183 111 641 126 995 35 848 56 2 75 479 67 436 195 895 83 438 91 1040 140 428 68 5
291 20 360 4 1217 40 1220 34 227 138 296 33 406 186 414 196 1223 16 484 154 332 86 781 30 467 231 442 55 216 133 1428 93 1040 38 798 53 1230 37 125 201 120 42 447
292 20 406 94 566 40 1279 158 1444 93 529 210 1085 189 597 190 1228 7 1290 90 226 167 1283 110 240 27 977 253 488 110 666 11 894 100 1499 101 59 37 1491 31 178 12 1446
293 20 410 198 996 78 1279 45 445 62 588 23 1299 194 919 29 1411 197 1120 138 50 193 311 52 998 17 478 30 384 183 1307 203 1424 78 1028 239 926 14 928 34 1409 47 158
294 20 375 49 1111 164 534 111 583 132 460 195 196 16 762 169 795 59 385 15 309 13 1199 6 1496 34 1375 157 57 144 822 238 579 23 625 110 804 63 935 136 1172 43 503
295 20 421 193 154 74 364 119 16 246 489 227 924 38 798 134 822 103 113 63 1187 52 352 40 338 195 887 138 100 3 525 17 1250 112 104 199 526 32 769 58 1075 63 150
296 20 280 129 660 95 720 15 152 63 703 5 461 14 909 92 239 169 253 65 1215 197 340 26 1315 13 29 109 674 99 611 15 886 28 1061 42 268 155 1376 68 672 4 1479
297 20 423 41 828 80 355 217 1035 35 1349 146 944 123 1471 68 683 151 987 145 1342 48 518 67 1443 32 1227 181 612 128 313 194 635 221 1097 24 879 107 1203 9 10 100 553
298 20 362 1 1463 7 950 140 637 27 142 85 435 91 600 126 1099 23 359 19 928 118 304 114 944 227 397 94 327 165 1144 210 1460 49 742 125 841 92 752 53 805 46 1045
299 20 363 131 1011 20 1167 162 196 46 353 107 1343 24 1308 67 1456 86 967 65 1070 48 1372 240 675 86 122 128 206 79 376 6 580 108 376 8 283 210 1092 75 1176 123 902
300 20 444 16 288 32 890 127 1071 3 136 112 1393 195 1082 86 816 195 8 58 1109 237 1279 176 607 45 1044 117 980 126 664 146 744 66 52 83 1074 118 651 154 1363 132 1150
301 20 405 95 1287 104 814 136 201 35 1362 101 979 65 890 31 965 60 1396 187 484 243 1060 36 594 127 246 30 1084 133 1189 181 1276 268 759 12 743 49 247 18 711 114 40
302 20 326 39 1322 4 834 44 1310 27 115 53 637 137 355 104 70 10 1484 76 1153 103 124 87 410 109 570 18 20 237 809 42 364 81 76 164 762 164 996 12 1320 121 5
303 20 361 177 1154 81 278 3 1473 58 1053 109 274 46 734 83 1314 143 1221 51 1234 57 593 134 159 35 1043 14 667 35 593 210 1429 97 1055 126 80 126 1277 123 609 97 226
304 20 460 15 892 75 31 179 436 255 37 50 807 10 1160 180 1399 105 696 27 1106 55 1048 253 504 273 33 138 369 26 186 9 476 4 402 182 1290 217 906 116 1214 135 129
305 20 471 214 1252 158 355 206 243 76 121 179 508 125 157 21 1184 113 68 158 404 82 459 5 1295 244 1353 61 194 160 577 20 1054 157 854 27 978 6 581 163 1410 183 264
306 20 360 94 38 90 1223 40 1215 92 667 26 49 11 1480 72 838 84 981 13 607 46 363 170 193 58 217 174 1129 74 961 132 259 72 647 250 1119 7 65 74 1433 222 390
307 20 337 150 374 87 468 233 239 6 148 111 286 73 156 44 321 176 629 71 462 1 477 51 615 28 530 135 912 27 1238 109 58 15 321 73 417 68 462 163 1434 66 1010
308 20 446 203 1174 157 230 33 1427 146 210 47 1458 60 217 8 71 187 1069 22 372 111 321 252 719 5 836 20 372 57 507 184 530 71 916 90 225 278 858 129 1068 173 838
309 20 362 123 1435 154 405 67 1016 71 698 43 472 33 1280 75 1210 23 170 31 87 173 227 167 582 8 687 81 1345 70 748 99 653 101 186 213 107 116 512 75 829 89 708
310 20 366 80 915 94 551 64 511 31 1235 135 338 57 285 162 1019 211 1000 30 1497 228 545 77 169 122 999 66 834 38 82 200 528 1 831 16 665 43 884 41 1449 134 381
311 20 423 159 690 10 693 32 666 13 1233 8 2 28 234 1 870 69 449 278 442 90 336 104 585 19 95 152 248 277 1273 224 272 175 1116 124 964 124 276 150 1261 79 155
312 20 378 145 1491 101 827 75 1027 60 562 86 798 188 1327 4 1220 140 1067 9 229 26 746 4 323 3 1383 221 1193 131 845 266 711 73 530 34 189 111 707 120 1416 94 377
313 20 330 16 1178 114 611 38 1251 67 875 8 1006 22 739 235 192 247 83 142 1095 103 848 201 660 1 530 4 879 118 816 58 506 198 250 7 1257 13 694 17 360 45 921
314 20 435 13 902 189 383 45 66 146 650 82 1386 3 233 271 1275 37 1489 33 361 208 1391 176 692 115 1302 60 574 200 54 154 429 117 315 87 716 205 662 31 750 7 1473
315 20 400 257 735 139 792 61 742 35 454 55 1260 30 1146 35 923 167 559 34 1334 95 124 131 208 10 1454 225 866 9 432 135 520 3 1468 41 1457 230 661 201 1140 107 752
316 20 378 168 711 140 127 16 547 149 146 68 460 12 976 34 1068 18 341 75 1094 29 195 57 1307 64 60 145 1143 175 568 5 1500 191 518 210 503 144 3 41 225 152 781
317 20 426 139 1296 236 435 116 1393 80 139 124 769 4 926 9 928 51 540 13 9 103 429 104 219 95 726 122 1107 137 110 248 286 140 949 121 591 43 134 28 215 218 1137
318 20 451 38 422 74 392 171 508 138 1258 19 1102 56 1263 237 1192 76 577 123 500 164 703 78 1099 57 841 209 286 13 461 79 996 96 858 25 1130 239 969 197 1150 167 526
319 20 492 42 444 80 707 213 165 30 201 219 1184 91 129 13 281 118 549 93 585 164 1372 17 994 284 830 23 424 272 1139 273 1317 162 550 47 1137 47 1105 129 1058 145 174
320 20 347 132 1223 76 703 106 975 2 878 59 645 23 683 65 1100 235 696 123 524 190 1291 59 78 117 485 126 99 170 888 45 555 74 1386 49 769 12 1096 37 990 36 763
321 20 473 48 596 176 609 24 840 232 1243 137 975 189 587 237 1406 148 1053 19 1076 64 868 264 81 118 936 47 954 156 929 242 1048 75 637 35 1200 8 969 44 918 105 1162
322 20 359 103 1220 162 1465 26 402 25 1204 228 713 60 1061 144 820 28 828 51 36 58 535 51 754 25 324 185 397 117 780 88 794 106 718 201 61 105 963 13 340 23 5
323 20 382 44 362 151 1316 18 291 50 279 44 378 129 462 149 1214 21 1128 4 319 98 541 102 979 48 1171 121 1489 180 900 186 1405 222 1351 89 182 40 893 75 621 143 761
324 20 430 13 741 220 253 100 190 146 769 11 719 236 1282 99 501 71 678 76 195 175 1323 52 1136 126 979 25 968 157 186 33 1246 282 212 9 39 75 340 102 920 144 1254
325 20 366 96 712 104 1147 158 75 104 1025 21 98 2 537 87 338 93 851 12 1400 213 817 74 782 260 879 57 1326 123 89 252 1437 2 1446 12 754 38 1495 51 972 75 574
326 20 369 164 1111 8 446 46 139 203 1138 78 651 37 864 107 1160 292 687 86 925 67 1236 50 494 47 578 25 679 65 297 29 416 196 101 114 266 76 297 62 485 96 687
327 20 460 137 554 133 1024 89 7 15 457 198 728 191 1471 42 1468 250 1143 224 1015 20 158 65 956 75 247 23 358 90 177 127 811 75 1194 28 191 55 461 287 175 176 1014
328 20 438 127 1059 34 778 75 268 61 27 4 1113 82 402 219 1408 13 690 249 122 47 735 224 695 103 769 295 1193 73 824 55 151 17 815 140 1113 234 1001 32 236 108 1243
329 20 544 232 337 100 873 103 1274 190 461 79 473 217 1402 69 1318 219 578 152 1083 94 471 5 466 87 480 138 639 164 649 154 1145 181 982 196 739 115 295 13 574 212 449
330 20 317 23 38 20 1197 45 25 72 46 2 1149 91 248 224 635 63 1285 109 998 150 1217 6 1102 115 110 113 820 2 405 129 1497 1 814 212 1208 99 764 5 1053 105 1024
331 20 490 225 831 194 1219 17 69 8 690 245 1396 189 72 203 765 211 501 55 496 31 1420 248 1318 50 1463 113 202 14 684 137 5 195 1207 89 1424 112 562 47 1165 69 1364
332 20 324 28 1427 51 754 178 452 149 901 100 466 20 12 1 206 240 249 20 1188 8 431 250 831 87 1409 11 500 57 989 99 135 49 1068 96 1182 118 649 6 1026 54 3
333 20 396 162 470 146 253 113 1062 38 1472 132 1084 7 690 33 959 44 577 31 717 16 772 280 460 8 947 42 1001 130 1150 108 505 111 1332 160 627 72 1332 120 518 230 1194
334 20 436 188 423 77 1305 11 680 226 206 39 1136 24 1283 79 1330 170 1277 239 1307 11 1180 161 1431 102 203 76 1001 150 1413 109 68 89 809 103 1464 121 595 143 1154 62 521
335 20 448 182 1135 79 1150 184 1411 16 552 98 154 88 1432 197 929 74 756 64 3 144 982 140 889 31 1465 131 1349 186 1353 78 1119 28 971 220 1389 166 841 120 1079 17 931
336 20 342 55 599 75 558 135 365 128 734 65 1051 25 19 5 917 65 1022 22 537 133 646 139 846 49 22 38 1332 83 972 250 835 23 656 131 548 113 714 63 86 116 787
337 20 388 146 1425 262 811 19 429 76 1421 7 860 31 1366 194 875 164 450 129 50 90 225 95 375 56 155 16 553 23 1384 105 1376 99 1256 51 293 38 51 248 529 95 1466
338 20 426 196 770 43 1474 113 669 23 1000 13 1072 160 788 26 41 175 440 47 1390 181 402 15 874 130 696 107 895 248 812 42 815 176 1149 40 1325 181 1306 33 698 182 721
339 20 443 112 1065 95 916 7 1104 167 1143 48 577 236 428 142 1111 43 289 8 1221 172 1190 25 1019 258 1075 254 1282 34 1107 118 173 12 1032 141 368 182 751 144 395 19 1374
340 20 285 153 1332 46 477 20 523 77 1264 28 588 118 1101 83 1379 75 1068 42 1318 118 910 13 1137 12 898 46 851 60 108 47 312 23 1172 99 1321 105 1241 152 862 111 1343
341 20 408 217 1414 172 446 15 457 171 517 34 1382 67 802 241 919 182 847 1 923 209 694 66 355 116 1052 25 727 25 527 145 812 13 88 66 334 36 521 74 390 169 255
342 20 405 80 138 43 1133 136 112 113 470 141 856 72 633 59 372 29 1138 244 1039 135 1195 59 1295 194 1324 171 639 10 1486 16 1169 179 1424 267 1499 20 403 29 621 31 339
343 20 398 130 471 140 320 157 881 61 63 48 468 63 1008 94 110 156 1451 86 798 68 1217 76 1246 63 1250 249 1281 192 155 6 326 60 435 24 855 137 1424 148 1007 35 1035
344 20 391 33 1163 144 1183 34 824 174 1446 39 986 164 690 157 388 56 1138 7 815 92 1291 26 786 220 662 112 426 73 1284 24 315 27 904 172 309 130 733 73 1317 198 489
345 20 396 119 23 82 635 253 862 103 690 44 314 87 224 48 1426 151 881 15 799 164 267 140 1044 105 627 21 632 8 1215 150 1092 133 885 113 592 129 895 26 692 90 514
346 20 528 165 116 290 1264 55 65 144 1467 41 329 97 1245 24 1415 22 1437 40 32 137 744 62 291 75 607 220 549 272 515 117 1256 202 1311 218 1128 96 1434 240 1091 127 76
347 20 360 6 1344 86 1341 106 517 24 1136 103 1336 127 1155 1 215 94 617 230 890 74 1170 56 765 173 1084 54 408 103 467 92 291 102 1109 157 387 21 1328 149 1448 43 137
348 20 548 50 163 52 1260 152 270 254 21 199 355 266 764 140 1051 167 121 83 641 174 1234 3 731 29 493 189 1206 98 1344 141 132 139 359 133 330 286 307 145 147 41 471
349 20 303 102 1059 30 203 17 1183 7 250 26 1139 57 1123 73 537 16 932 92 240 2 1131 104 178 160 494 71 512 159 1112 71 850 106 1249 86 1071 172 694 7 932 160 684
350 20 402 15 557 86 211 150 299 81 1403 168 639 34 94 56 1273 11 1103 157 673 6 171 51 1166 175 1241 228 39 44 398 88 1041 144 1060 86 1092 181 1317 128 758 121 1125
351 20 527 119 487 74 450 110 683 207 1252 66 341 124 1273 117 580 128 818 119 683 212 1440 228 214 69 748 46 189 14 269 134 316 77 41 147 1277 241 592 173 557 233 707
352 20 402 21 71 144 888 179 979 272 1486 100 725 75 1141 4 735 114 1410 24 502 87 537 58 143 81 813 228 184 72 1022 26 558 248 359 171 752 67 1145 12 547 28 1491
353 20 519 180 1099 208 523 217 1155 41 205 160 1 4 896 168 1485 18 453 237 1325 172 157 220 1187 197 49 32 1326 29 888 61 161 60 1101 214 174 211 16 13 455 156 706
354 20 472 39 169 172 1179 142 60 151 409 28 1022 138 1314 99 685 167 297 164 1015 5 1270 271 304 88 388 143 1315 56 1418 9 340 111 1174 192 305 157 656 136 861 96 886
355 20 357 185 1269 70 641 25 296 132 19 116 2 19 744 169 664 78 447 72 1447 67 755 37 580 102 130 41 304 90 841 209 93 72 896 45 239 43 937 150 915 67 63
356 20 468 118 113 127 629 76 1430 235 73 94 1298 75 771 12 296 104 1133 86 71 235 503 165 27 179 1085 91 1389 121 364 211 522 104 269 192 1401 42 112 21 165 53 931
357 20 268 88 876 31 420 3 993 3 1215 87 162 39 376 143 329 12 1043 165 179 50 1173 117 647 90 909 8 1420 147 386 2 588 180 253 104 945 64 473 3 1437 6 241
358 20 416 112 572 99 69 115 1470 97 1392 78 808 24 53 86 488 123 1445 16 20 16 1441 102 662 111 1315 266 1437 48 344 94 453 201 413 49 935 37 702 264 761 144 1418
359 20 429 54 662 142 114 29 1322 89 209 139 1349 184 292 115 81 67 284 21 1055 246 134 8 541 208 1226 56 224 214 914 165 1238 160 317 86 55 54 696 66 1322 44 135
360 20 323 22 1202 137 1130 8 861 43 1378 14 692 25 591 80 1489 69 821 71 949 33 1305 104 762 59 1040 44 204 47 59 253 300 136 671 120 876 48 700 209 378 95 1355
361 20 298 22 233 88 334 104 237 284 828 245 216 1 789 30 915 67 1010 16 949 8 336 11 102 3 136 86 1080 222 1362 34 833 5 1278 116 112 37 938 69 1380 45 1220
362 20 405 81 79 73 690 74 596 68 796 183 312 4 969 36 1375 104 455 42 120 141 111 160 86 261 1035 210 872 60 950 68 324 65 689 62 1274 179 1174 115 817 39 254
363 20 403 19 114 28 1071 129 665 110 363 39 1070 117 1268 14 1004 217 438 172 1229 21 1263 200 1269 152 48 69 256 5 704 160 217 234 207 204 867 96 867 25 589 5 84
364 20 372 56 1044 145 1271 29 569 182 1241 59 285 86 1012 82 660 80 518 3 469 166 1396 31 830 43 1485 14 1435 115 893 123 1312 195 397 53 1386 126 138 141 1055 131 1244
365 20 410 19 1408 1 501 31 123 152 878 82 780 2 1027 120 1033 201 802 77 1400 110 640 88 589 58 406 208 1233 223 466 20 999 169 1434 65 1278 186 541 191 921 48 581
366 20 348 1 385 180 427 21 1481 176 1015 134 667 40 777 52 1436 45 151 35 193 50 613 191 874 173 1423 39 353 137 1349 93 1333 11 341 166 194 127 1423 45 338 28 1174
367 20 455 20 746 93 1391 40 327 74 1449 103 1341 186 213 151 920 49 546 179 1438 83 405 77 501 124 1256 127 1154 177 459 86 403 135 377 91 134 138 727 134 477 211 909
368 20 576 146 750 190 856 125 1273 95 353 131 276 116 1475 41 258 278 332 152 1477 22 72 113 706 130 408 179 1324 134 1191 285 291 124 376 185 746 231 1031 76 49 130 1112
369 20 396 130 471 23 545 121 225 128 1084 119 1310 135 381 183 1407 106 113 135 149 194 567 44 519 55 1073 135 1058 40 131 83 529 112 93 34 961 106 767 56 486 44 379
370 20 333 45 1120 136 533 41 664 41 693 93 313 26 46 270 1051 83 1448 3 470 120 1454 78 619 92 783 285 1218 68 1155 47 1274 38 158 118 190 7 574 59 100 17 1326
371 20 380 45 161 48 731 174 1411 10 752 31 920 68 583 3 569 205 837 197 991 206 78 81 1278 126 988 229 342 55 429 22 608 18 1157 136 1026 133 937 74 1440 41 1421
372 20 400 34 275 30 83 224 1444 137 692 51 736 114 1026 216 1082 57 835 123 880 181 233 137 655 54 346 153 895 38 746 79 936 38 840 89 931 211 711 13 516 23 1297
373 20 357 60 372 135 1077 83 1126 152 787 114 845 58 1470 8 1391 29 1434 30 452 33 1466 127 1442 89 247 53 1214 42 137 78 72 206 703 290 410 98 619 14 1389 88 1495
374 20 304 35 1345 63 146 13 1487 41 937 202 392 88 1098 54 540 232 1408 128 242 83 648 42 764 7 993 95 1375 41 864 147 131 10 1134 48 154 5 935 167 558 21 851
375 20 402 48 1295 29 726 33 565 145 1444 149 672 118 707 56 1306 73 1229 221 134 115 365 152 1200 59 1070 94 731 29 177 170 43 19 183 12 411 125 312 261 1368 105 205
376 20 343 158 452 25 601 14 176 7 139 53 1360 97 1483 38 23 73 1284 60 532 94 655 63 568 47 1499 120 197 102 102 42 1135 168 834 32 644 218 224 245 26 63 1065
377 20 398 23 354 60 630 91 617 29 278 119 1145 28 1449 163 1194 129 1027 11 768 16 220 160 850 43 165 128 1364 182 965 136 791 183 641 128 514 51 867 249 395 64 109
378 20 440 164 1052 193 1059 199 210 141 241 96 1176 5 619 26 1177 75 219 59 47 98 196 120 1221 37 107 176 1033 183 1106 151 201 56 390 148 359 107 80 157 477 12 768
379 20 421 6 1419 51 887 223 1002 118 1422 178 105 31 1415 87 738 89 62 131 352 208 582 183 297 86 462 162 724 87 393 21 745 197 453 45 375 109 1309 79 20 14 892
380 20 481 90 791 194 564 77 425 234 1025 97 858 106 784 67 994 60 1211 101 580 72 290 97 453 229 161 78 1079 203 91 142 628 74 681 88 177 111 152 211 46 75 106
381 20 428 72 491 8 79 102 738 177 161 178 83 85 543 24 62 84 576 202 104 215 1303 49 966 164 1465 52 656 150 53 16 1325 93 202 141 1489 41 1446 197 1274 93 1407
382 20 472 242 1047 224 500 68 407 37 814 77 999 74 723 210 1145 104 1173 48 57 26 574 20 585 63 782 132 239 113 33 257 257 81 656 204 157 30 558 130 1318 222 1291
383 20 365 139 1455 11 930 13 703 170 797 10 825 114 424 145 1243 26 1311 135 82 55 1196 174 1153 132 859 38 1023 139 136 165 61 17 1047 93 1111 97 1433 107 1218 49 985
384 20 385 29 1053 38 1499 115 426 62 491 95 354 105 1148 157 436 126 902 166 1009 61 972 101 830 243 1020 27 888 114 1206 31 79 34 581 44 1060 220 800 68 53 90 523
385 20 311 37 1422 53 911 160 574 11 557 5 369 108 870 15 611 54 1186 9 220 9 592 147 43 5 478 25 33 76 370 138 874 213 555 125 361 80 682 70 191 217 1490
386 20 432 20 369 62 170 195 989 8 1362 17 1428 151 925 125 364 56 763 91 1335 249 1211 265 1417 1 540 151 206 67 623 97 204 186 230 26 1297 176 705 158 242 62 335
387 20 405 134 216 57 696 67 883 44 1137 177 1065 198 748 8 1112 3 1406 56 6 120 241 82 1158 152 965 144 953 132 688 271 1086 102 232 135 587 61 1402 72 1388 13 990
388 20 362 143 427 60 745 104 1362 6 144 109 1421 207 467 31 455 43 896 71 504 138 875 43 1303 38 1410 128 734 154 517 159 351 97 932 61 417 71 551 81 1261 67 677
389 20 489 174 392 216 645 187 1200 78 513 222 926 71 1486 205 853 58 59 53 571 83 1306 160 647 106 1062 174 141 114 419 33 859 161 72 1 1029 73 94 187 893 92 1094
390 20 469 39 35 24 443 101 1043 93 83 54 2 130 953 60 153 26 200 83 1340 244 842 203 828 127 339 211 660 238 1049 38 377 55 110 188 603 148 1192 183 327 102 440
391 20 316 90 117 50 493 6 457 153 883 40 1116 91 195 178 569 51 347 11 716 65 426 215 615 51 997 107 1007 61 575 23 350 114 281 60 1432 65 1278 42 752 109 476
392 20 424 45 1260 90 940 279 477 44 1360 85 1308 116 112 66 566 163 197 49 984 219 1477 41 441 44 788 44 547 47 399 132 769 223 518 132 452 69 1452 124 1177 109 1087
393 20 468 81 220 34 80 180 39 153 1069 123 1118 183 1178 45 736 103 1018 95 479 60 298 114 580 216 1488 259 1308 119 872 103 1433 53 307 48 1299 20 791 147 366 208 1119
394 20 413 7 819 83 319 116 1380 73 1496 270 284 97 653 4 297 3 1484 115 616 48 36 210 1362 133 968 21 87 129 1098 78 176 102 1049 213 101 43 1252 184 644 136 386
395 20 293 90 1462 96 675 37 1130 26 654 69 404 159 130 94 600 90 872 92 45 124 1314 25 1349 84 1459 70 512 8 28 130 163 77 1056 98 1075 51 175 35 993 13 663
396 20 440 276 1281 17 1336 182 339 138 640 118 699 154 838 29 476 20 1216 43 1451 155 67 56 541 44 668 49 1479 207 450 87 686 210 451 48 1355 133 1367 206 573 28 730
397 20 467 273 330 121 78 177 1327 201 17 88 538 48 1214 21 385 102 421 137 688 67 668 149 1370 241 1130 58 68 120 1071 61 1206 70 432 38 296 196 410 11 1229 159 362
398 20 470 189 149 18 372 67 1286 66 1233 10 5 113 507 178 447 130 1319 108 324 227 943 68 1494 114 1257 24 373 15 717 214 365 227 147 46 1438 180 1323 167 450 189 1128
399 20 470 208 1089 86 993 179 831 27 1073 9 1371 47 1085 81 1184 96 1475 156 1440 45 838 154 1041 210 327 210 710 5 432 183 1057 32 414 175 1016 235 1266 115 412 101 1333
400 20 520 236 48 180 1257 20 1320 291 1455 49 1010 183 1362 206 554 112 236 36 149 123 78 57 1206 282 472 98 1154 17 1350 127 10 98 37 165 874 55 1051 167 187 98 1276
401 20 327 114 410 178 878 12 769 77 963 99 217 113 750 48 1446 120 973 78 601 39 167 72 201 182 1272 41 905 36 1029 17 407 32 1135 50 129 85 1078 75 517 167 629
402 20 360 50 1265 25 384 40 1420 164 59 127 1210 127 44 125 1430 60 1374 4 1306 16 823 114 96 89 62 158 726 190 922 131 334 89 474 73 686 197 1076 14 304 10 565
403 20 335 56 1111 209 889 47 46 101 393 8 1377 81 1103 5 27 54 228 78 490 11 29 225 533 152 1473 113 1472 6 1417 42 69 70 1203 81 551 43 196 133 1335 162 1396
404 20 428 76 180 166 557 31 136 36 185 66 1233 148 1455 140 202 44 1088 32 766 138 650 81 126 196 1249 206 1037 103 1175 107 940 98 1238 92 296 27 70 71 1231 283 109
405 20 496 178 899 282 381 139 220 82 400 146 247 190 463 46 735 3 364 98 874 39 149 53 584 229 1249 48 1080 210 425 55 1275 291 465 50 28 148 114 112 1359 81 1096
406 20 316 182 1432 89 1150 101 981 67 1340 68 107 112 145 9 1105 47 557 84 611 28 1299 49 397 101 268 114 111 29 1142 119 209 126 1259 76 174 66 124 95 97 20 1342
407 20 470 151 520 70 890 9 1454 74 1437 8 1113 135 877 126 535 134 1190 264 1052 14 819 239 838 115 468 110 531 166 908 161 44 19 501 234 38 100 635 150 1435 72 130
408 20 499 126 670 183 1079 188 101 126 760 23 92 46 203 173 1333 126 168 12 55 44 565 164 515 10 393 162 210 259 1142 56 1140 231 69 213 265 173 1365 85 622 97 1124
409 20 373 8 972 47 249 100 1407 243 415 149 816 253 961 141 12 21 1031 2 365 160 855 19 964 231 324 65 705 70 47 62 1227 32 162 40 262 35 335 77 1366 112 106
410 20 453 64 185 75 1139 15 276 82 1302 110 737 174 706 52 290 104 1043 246 256 101 438 109 372 126 517 125 307 147 161 123 189 194 167 140 912 110 204 145 489 25 1012
411 20 460 205 1464 227 881 3 199 58 203 77 1091 93 1301 4 442 35 1103 173 1074 263 509 9 393 181 612 113 1143 171 856 46 12 136 1448 232 1358 44 1438 166 881 65 424
412 20 334 51 1235 26 1439 132 1226 48 1260 38 1207 94 156 8 1291 154 696 51 625 5 746 214 1180 43 1104 154 1044 103 615 219 561 2 726 158 455 33 261 123 754 18 725
413 20 389 33 358 180 1434 126 672 71 796 175 208 42 554 21 1266 13 237 46 189 116 1386 87 1113 95 1115 57 131 197 296 69 686 159 101 72 686 252 179 133 832 3 313
414 20 435 10 1288 69 555 258 1161 180 522 107 1263 73 340 91 1361 10 1372 247 1466 208 767 31 27 20 622 34 82 127 983 124 1447 140 120 80 1243 83 1207 127 557 156 1417
415 20 311 107 1478 139 568 64 836 14 12 6 1321 33 841 53 1091 98 550 33 374 42 1237 99 157 108 549 16 747 108 976 216 1211 40 1389 65 1138 17 1235 198 978 99 1140
416 20 362 145 25 169 1489 16 1230 76 313 130 378 269 813 171 505 20 755 97 1476 148 659 24 872 10 64 76 1175 135 686 82 997 13 333 77 152 96 116 33 1445 23 1418
417 20 392 29 659 24 1414 147 782 73 1283 181 1271 89 282 52 157 276 1063 35 1151 196 1066 111 559 74 969 188 559 27 75 60 25 40 65 106 662 32 1084 17 1291 203 394
418 20 405 185 559 178 658 158 368 79 1115 3 81 176 700 263 793 74 352 39 1004 37 106 108 267 97 1192 21 1070 1 23 22 600 133 394 244 1044 87 455 36 1330 85 1368
419 20 399 189 935 214 1254 47 1483 56 1323 279 1394 249 1081 87 705 181 607 27 54 12 873 61 428 59 121 3 1369 90 525 13 61 109 274 39 1308 46 1422 140 258 98 1497
420 20 332 112 758 214 1047 2 840 42 168 13 314 24 909 23 181 65 994 25 1038 96 694 66 403 100 1330 234 801 34 21 84 1388 30 1474 207 201 84 467 170 611 37 1327
421 20 356 203 230 19 695 245 1263 58 1360 13 1236 97 1105 57 155 26 19 168 1033 41 1108 9 618 7 119 17 359 11 820 99 1307 185 568 209 786 236 97 49 1084 35 1103
422 20 430 24 781 132 260 66 930 65 941 97 1033 206 374 84 1074 46 1127 9 400 212 501 145 1100 66 702 225 518 158 603 43 1482 8 362 120 559 189 9 76 499 179 603
423 20 451 202 722 36 1017 32 664 28 1124 137 908 221 387 116 238 155 760 66 68 10 753 93 294 221 833 79 1423 59 869 238 1340 28 1425 102 423 166 276 257 39 11 482
424 20 382 46 703 65 198 12 241 60 904 156 1363 117 1251 38 790 215 614 279 256 7 527 15 1462 230 1221 63 706 61 424 80 383 262 1359 1 256 79 766 34 1205 94 1072
425 20 413 34 338 54 449 112 21 14 339 168 795 102 628 152 960 99 901 248 651 180 1422 11 816 122 166 70 1098 100 911 163 1191 70 875 204 695 107 1428 26 1461 30 709
426 20 350 104 1410 139 1102 37 394 36 706 253 1389 47 1153 23 1280 44 635 110 1400 50 443 188 717 121 831 46 586 114 568 232 237 114 562 21 658 14 1354 3 174 57 1278
427 20 369 35 677 22 841 104 854 49 1261 256 898 11 1049 37 1150 41 1317 275 976 41 488 73 966 241 1015 21 764 8 285 185 1372 10 996 29 268 89 837 101 867 219 1036
428 20 418 156 1471 14 1036 208 960 168 159 175 1237 247 413 43 379 68 345 176 1172 78 1206 2 1145 204 83 93 592 43 1325 168 74 7 608 26 439 98 912 81 114 36 650
429 20 464 42 1412 97 964 125 822 182 215 198 1202 189 576 259 37 258 171 60 977 11 7 126 291 94 455 12 1377 42 385 110 141 49 750 132 258 145 832 122 115 71 410
430 20 410 7 368 171 1039 8 895 137 842 98 58 151 761 240 1493 88 862 73 1299 134 1467 6 1295 169 1350 115 609 60 322 46 1017 156 313 114 523 151 1264 6 1159 120 1193
431 20 437 1 706 88 305 111 951 244 1109 70 859 52 1424 5 1057 8 1445 57 366 256 857 239 1441 45 802 127 555 84 584 101 902 205 393 86 159 176 1415 226 1229 8 864
432 20 269 43 1267 74 1064 28 619 14 748 13 1109 15 109 137 662 13 1169 170 426 14 1465 89 755 46 1129 73 725 19 216 189 174 92 1167 89 1425 34 91 119 703 75 1466
433 20 446 225 954 65 84 24 1150 112 1285 105 1190 158 669 62 1427 143 962 67 1248 90 511 15 711 11 1107 207 1187 121 512 178 744 48 533 23 14 124 146 219 1331 235 21
434 20 434 140 62 134 186 33 387 91 353 32 1277 97 1358 125 119 249 958 39 1308 211 93 39 58 8 713 221 202 67 1427 177 396 30 1026 197 629 92 952 50 1336 139 909
435 20 412 112 853 137 462 47 650 136 207 254 1273 178 2 123 736 205 825 50 729 167 293 11 28 83 1040 42 1166 230 582 70 595 15 242 45 748 22 1466 81 603 52 425
436 20 475 87 1089 120 290 178 1122 178 1163 74 1169 78 851 138 293 11 1042 58 820 189 67 32 825 63 670 91 260 112 631 68 962 142 1191 254 1246 191 1111 152 669 163 655
437 20 429 96 539 133 696 95 1092 227 575 143 1130 206 708 140 995 144 242 11 690 56 616 184 1245 34 526 205 1158 39 1451 73 1433 120 977 74 1023 26 1097 113 555 28 1343
438 20 366 166 351 6 988 160 1315 10 1186 141 696 80 248 242 345 77 1116 211 437 71 1008 52 809 52 544 23 1232 23 16 22 87 179 1348 35 589 148 1241 95 680 38 552
439 20 358 196 1446 79 1405 157 1186 47 894 35 810 26 871 77 1435 221 142 14 60 56 812 27 1275 15 1079 88 245 213 823 64 480 14 911 70 1088 118 717 118 490 158 473
440 20 466 103 993 38 823 126 230 97 1407 54 1296 20 97 59 373 110 500 156 1019 216 1435 222 487 45 491 131 609 136 584 37 1141 231 325 256 411 41 1432 97 1330 155 1250
441 20 341 4 227 132 355 84 1169 48 743 134 529 26 701 57 1336 161 853 203 1320 4 1042 220 1362 62 897 14 1358 29 414 34 1166 30 898 61 279 176 1400 92 1384 135 449
442 20 287 55 1115 116 652 151 265 14 881 9 882 3 1059 7 147 50 713 74 231 34 735 148 1365 29 367 154 1302 103 1059 99 1036 159 369 28 844 86 821 43 750 76 1491
443 20 357 184 1013 78 1459 64 912 176 1095 246 13 160 748 101 1265 37 1085 7 981 18 1171 163 1128 127 95 88 1343 123 212 38 897 6 1223 8 201 59 1112 74 1208 30 500
444 20 383 202 1192 164 811 124 646 77 423 103 718 18 1017 174 1178 53 813 163 438 49 362 13 817 59 77 140 330 137 1443 116 299 105 228 1 629 35 1154 149 1286 34 127
445 20 463 127 766 213 540 92 1001 114 852 35 1374 157 793 211 479 145 1155 33 1011 169 229 47 836 152 219 103 1134 128 115 109 1335 15 555 98 735 52 667 191 1260 124 334
446 20 399 99 609 61 633 72 1030 7 159 71 1259 79 946 155 819 21 870 5 910 57 644 243 155 203 737 45 923 44 738 273 151 157 1105 56 499 161 1208 70 380 118 933
447 20 417 6 434 69 688 69 843 106 1247 43 1362 24 42 238 343 237 1190 73 567 220 283 179 740 52 964 221 228 16 424 146 800 85 377 200 1320 1 1176 7 415 93 109
448 20 344 63 566 88 334 133 1030 9 1386 42 603 88 643 37 1057 142 810 25 1157 121 1282 38 1005 16 1417 30 324 48 1383 159 57 51 31 188 558 69 190 177 1254 196 232
449 20 417 130 1004 175 439 162 1432 102 505 106 605 82 1092 11 76 46 1027 180 152 216 1022 175 234 195 544 37 938 45 1048 49 566 27 220 89 618 117 1204 19 472 123 989
450 20 361 273 1378 127 1344 174 408 166 609 26 1028 29 774 43 151 55 1066 87 345 5 1140 96 23 79 1500 43 1150 11 1315 221 757 61 913 37 523 35 1037 214 1336 27 1112
451 20 346 109 1276 108 1109 83 979 50 515 51 288 1 1082 68 1203 132 1006 102 1031 72 645 209 248 101 1446 125 6 109 397 28 84 117 204 158 759 50 333 9 713 49 515
452 20 350 163 147 4 204 6 76 121 612 169 1098 136 541 23 1001 15 549 173 1054 124 1465 122 901 58 582 142 339 151 1452 125 369 30 1243 71 593 105 137 5 923 8 1328
453 20 430 67 1246 244 666 73 897 77 1431 116 669 96 343 257 473 101 84 25 212 34 166 237 225 100 1109 76 606 9 543 72 804 28 17 178 602 27 319 179 1076 155 1398
454 20 228 75 133 8 329 50 1241 24 775 170 1029 2 1051 79 149 23 458 92 756 83 1263 94 1114 13 1298 44 1137 31 222 88 1357 44 1192 8 947 42 591 18 714 152 1091
455 20 430 181 529 105 974 1 365 18 547 30 1265 68 82 183 313 32 512 123 82 172 1290 223 358 52 803 77 1062 189 984 145 1311 68 949 197 1107 57 537 177 1367 53 72
456 20 410 147 1379 156 192 46 1062 132 283 17 100 150 1331 41 1393 96 981 50 940 32 1186 37 1328 258 235 233 1221 143 787 86 1090 163 216 194 1358 63 182 1 996 5 225
457 20 483 84 797 134 1085 107 270 203 1025 147 640 5 1171 56 216 233 907 228 603 123 277 165 338 122 84 179 512 83 5 54 1490 42 801 120 1425 77 152 160 1148 95 209
458 20 387 209 11 171 1493 73 1276 82 189 96 1131 255 1019 30 544 33 602 57 13 37 435 75 316 2 1482 132 630 222 1379 2 56 187 850 7 672 196 1327 54 1045 16 547
459 20 396 63 1039 130 1157 9 616 49 557 162 521 50 1202 62 954 43 528 69 690 214 1277 87 569 4 1001 37 319 191 1372 182 843 235 901 125 454 60 1392 155 1067 56 788
460 20 396 69 475 75 673 38 78 148 1097 56 151 104 1473 137 696 96 4 121 103 64 180 191 515 249 881 22 798 13 176 77 450 42 842 172 1424 89 160 184 948 37 1211
461 20 359 108 879 178 806 135 228 2 1487 57 1146 4 1313 13 355 118 1092 36 969 1 1205 89 4 64 982 111 1112 255 215 120 853 167 1409 23 714 5 636 232 1220 78 1343
462 20 365 131 696 108 1247 105 1273 219 151 48 275 18 929 192 1192 67 1179 76 745 38 1181 66 578 105 594 2 216 5 1128 149 700 28 530 117 7 67 1495 177 428 109 457
463 20 397 96 357 209 398 46 327 20 455 143 592 247 798 86 372 11 292 65 1372 180 253 141 932 72 1244 17 118 87 729 37 366 153 1319 25 5 215 1297 66 1449 73 1166
464 20 438 115 144 26 1419 223 539 51 330 23 338 205 419 98 155 54 732 151 966 201 494 94 364 45 124 192 860 108 1167 55 1254 92 91 9 882 123 87 135 1211 190 1445
465 20 435 154 1168 174 868 204 702 46 1428 107 1378 67 1386 82 992 149 1380 45 614 232 1274 97 697 122 194 100 119 144 385 233 260 20 1482 70 80 25 1453 70 758 37 99
466 20 457 10 771 71 912 97 1061 4 1047 115 52 238 1139 170 260 13 145 58 94 101 104 131 439 231 1474 126 1489 196 90 98 76 238 1132 64 235 94 505 102 418 128 1420
467 20 292 18 861 38 341 14 1479 166 1088 5 1474 106 136 11 511 32 288 83 1309 74 185 11 120 24 929 73 956 33 483 62 930 120 603 14 1247 91 274 240 1386 249 326
468 20 572 169 738 145 1105 174 757 285 772 200 1138 77 856 26 1147 261 617 40 1461 1 213 103 947 170 529 159 1466 93 903 123 1325 159 234 218 1022 243 655 63 373 151 1025
469 20 412 45 41 139 1401 224 1476 58 826 36 313 181 87 42 485 193 111 62 976 23 867 112 229 94 1438 37 758 58 1 172 1288 76 423 123 1412 8 1344 126 490 254 1190
470 20 347 238 1104 121 850 42 332 85 801 92 665 153 492 41 381 90 21 95 1342 24 25 63 252 111 165 38 217 7 515 14 810 117 1053 106 816 158 1161 22 677 120 699
471 20 456 72 1191 254 1081 211 529 115 1320 2 1437 88 1443 202 256 262 590 164 548 162 694 129 222 4 307 141 1053 251 300 53 2 17 86 51 245 1 1269 82 224 23 927
472 20 396 100 1179 52 836 76 650 175 1146 162 1217 27 954 225 1346 11 246 117 128 2 805 28 943 139 265 54 778 107 6 146 1355 84 518 136 1258 189 460 91 330 59 856
473 20 361 31 605 50 1371 29 780 3 174 256 164 36 993 4 444 16 809 79 1051 82 330 10 485 209 531 159 1436 73 23 6 205 181 155 117 260 19 756 275 1255 171 1054
474 20 451 42 956 246 1172 135 1302 120 772 48 54 99 639 112 1361 95 527 88 173 18 943 46 1455 43 945 63 402 284 1471 251 770 24 83 118 838 209 325 190 146 28 570
475 20 481 34 747 55 209 132 604 63 1299 24 310 195 224 143 551 220 1388 184 239 201 181 15 508 203 487 125 1333 168 1372 213 927 13 1492 80 965 115 592 205 63 17 816
476 20 383 88 976 58 22 121 379 68 306 100 649 91 1444 23 988 175 297 20 961 140 444 7 586 62 816 116 1172 115 809 114 1172 66 1022 84 434 245 242 162 484 60 837
477 20 345 31 1149 30 821 175 438 103 1254 29 406 22 757 1 1470 81 1173 229 1318 13 1171 269 671 97 805 73 44 91 1215 74 500 267 187 61 45 1 161 20 1173 58 366
478 20 364 55 1157 170 338 111 1055 31 908 52 470 37 1364 56 852 96 184 30 612 79 209 12 1374 140 308 65 1395 162 585 98 383 9 1287 116 809 207 173 92 1159 204 1219
479 20 440 29 448 123 1130 77 467 26 680 100 1057 85 267 213 637 244 721 237 47 17 23 76 63 181 709 8 728 189 358 238 800 218 477 9 1175 95 1405 21 1219 16 1128
480 20 393 71 1182 22 482 42 201 156 1054 45 355 84 558 91 877 34 779 11 893 251 604 136 1332 172 7 23 218 3 1233 159 747 26 558 253 800 169 920 143 403 78 681
481 20 389 39 955 130 1077 128 315 87 888 43 693 158 367 133 84 66 800 112 1233 9 1146 148 1302 29 1084 80 93 25 1255 12 87 76 537 255 1177 135 1168 192 1045 90 796
482 20 436 219 896 104 140 111 180 13 303 77 357 244 1009 107 285 152 427 174 1149 58 1458 65 1095 176 1332 160 159 10 1084 55 1441 97 13 207 1133 109 1415 28 402 14 699
483 20 403 173 656 154 46 96 883 9 489 193 93 99 928 72 684 155 617 84 1133 139 1319 46 278 126 275 26 834 39 157 94 540 51 1230 60 580 109 967 125 1304 165 1380
484 20 406 25 992 54 747 45 428 68 403 118 725 17 1314 135 243 124 1282 270 1483 174 487 118 1084 62 699 78 683 169 531 46 632 256 663 139 1154 36 48 16 916 84 1495
485 20 293 106 357 139 1067 27 1424 18 346 29 18 156 398 26 1207 11 1423 26 910 101 336 38 1352 29 1186 58 1348 98 347 94 377 161 595 210 1080 6 286 33 628 102 567
486 20 431 33 28 174 638 181 1086 173 986 186 584 4 1245 60 61 90 541 162 808 87 1394 145 725 58 882 101 722 131 774 89 762 30 979 68 850 206 682 144 525 37 664
487 20 428 208 1468 135 1480 117 477 250 978 153 688 64 1312 122 414 23 677 54 1189 75 7 107 182 98 986 43 514 17 987 169 881 49 156 211 1405 12 1259 124 1378 111 1387
488 20 408 39 1276 121 85 198 396 69 926 86 358 44 498 248 1300 28 1126 97 267 19 1117 30 733 113 1500 105 400 83 255 124 538 87 1038 82 302 199 845 129 158 141 1218
489 20 453 246 33 243 1303 78 692 214 1038 222 228 54 983 93 135 91 1040 105 857 57 760 32 1225 2 449 225 822 138 332 110 1056 99 450 81 92 43 72 90 1120 44 713
490 20 419 100 803 21 77 15 1144 278 353 206 242 70 927 157 1074 48 1265 43 545 154 214 247 165 100 994 124 928 111 535 68 523 68 68 60 152 89 410 19 1211 121 40
491 20 322 37 930 31 1336 3 856 26 1035 147 138 32 609 87 694 160 1474 130 1457 2 651 242 1026 62 106 20 183 126 287 22 1122 19 65 144 255 36 1473 219 732 67 1493
492 20 336 53 614 42 190 191 759 63 784 2 222 25 186 37 7 48 1103 122 284 12 886 21 3 180 1274 244 1183 11 65 247 812 13 332 23 552 58 1276 113 1319 178 1104
493 20 375 45 576 42 1471 174 57 68 97 27 1436 105 1068 177 912 76 220 114 583 159 490 20 518 19 373 221 624 9 924 47 973 67 180 175 1106 99 883 46 1496 186 1046
494 20 368 112 553 52 794 123 901 16 1031 118 776 157 854 36 1074 1 67 97 824 81 1442 160 447 133 449 95 1274 38 323 203 788 82 469 71 722 118 154 65 789 82 346
495 20 397 250 7 193 1177 18 185 4 1298 13 972 153 420 34 51 90 853 12 1466 3 187 4 69 163 368 31 322 119 798 125 969 209 1500 109 1176 189 441 147 842 122 1352
496 20 420 139 118 25 992 20 1195 83 130 140 1305 45 199 9 829 145 543 170 516 66 1209 127 269 172 1196 25 613 154 250 207 967 61 534 134 1434 237 1135 28 632 114 1388
497 20 331 149 352 12 1007 155 157 120 3 4 486 17 1438 210 210 2 476 142 1293 252 1122 30 1297 82 1248 44 58 91 921 24 1144 156 771 9 50 40 848 87 92 33 897
498 20 341 88 627 20 46 74 98 39 1484 24 1456 217 264 51 949 34 1430 34 197 46 735 45 1100 143 127 217 827 38 339 38 28 45 662 268 696 17 1291 35 68 234 817
499 20 351 8 876 108 34 81 27 192 483 28 971 71 455 8 297 135 939 55 543 126 479 143 1339 283 1366 50 71 129 1142 28 1472 34 716 147 277 18 328 59 1297 53 723
500 20 357 19 157 68 633 168 409 41 969 21 1271 47 1097 96 723 204 1332 160 692 15 537 197 997 8 1196 58 932 65 973 65 1435 191 11 111 778 77 311 81 482 93 188
