1 20 6208 0 1 0 0 1 0 0 0 1 0 1 1 0 0 0 0 1 0 0 1 0.0
2 20 7894 1 1 0 0 1 1 0 0 1 0 0 0 0 0 0 0 0 1 1 1 0.0
3 20 8618 1 1 0 1 0 0 1 0 0 0 0 0 1 1 0 0 1 0 0 0 0.0
4 20 7025 0 1 0 1 0 0 0 1 0 1 0 0 0 0 1 0 1 1 0 0 0.0
5 20 7914 0 1 1 1 0 1 0 0 0 0 1 0 1 0 1 1 0 1 1 0 0.0
6 20 6280 0 1 0 1 0 0 0 0 1 1 0 0 0 1 1 1 0 1 0 1 0.0
7 20 11339 1 0 1 0 1 0 0 1 0 0 1 1 0 1 0 1 1 0 1 0 0.0
8 20 5651 0 0 0 0 0 1 1 1 1 0 0 0 0 1 0 0 0 0 0 0 0.0
9 20 7331 0 0 1 1 0 0 0 0 1 1 1 0 0 1 0 1 0 1 0 0 0.0
10 20 8585 1 0 0 0 0 0 0 1 0 1 0 1 0 1 0 1 1 0 0 1 0.0
11 20 10086 0 1 0 1 1 0 1 1 0 0 0 0 0 0 0 1 0 1 1 0 0.0
12 20 7858 0 1 0 1 1 0 1 1 0 0 1 0 0 0 0 0 1 0 0 0 0.0
13 20 6880 0 1 0 1 0 0 0 0 1 1 0 0 1 0 0 0 1 0 0 1 0.0
14 20 9123 0 1 0 1 1 1 0 0 0 1 1 1 0 1 0 0 1 0 0 0 0.0
15 20 6058 1 0 0 1 1 0 1 0 1 0 0 1 0 0 1 0 1 0 1 1 0.0
16 20 6368 0 0 0 0 1 1 0 1 0 0 0 1 0 1 0 0 0 1 0 1 0.0
17 20 5528 0 1 1 0 0 0 1 1 0 0 0 0 1 0 0 1 0 0 0 1 0.0
18 20 8428 0 0 1 0 1 0 0 0 1 0 1 1 0 1 1 0 1 1 0 0 0.0
19 20 6400 1 0 0 0 0 0 1 1 1 0 1 0 1 0 1 0 1 0 0 0 0.0
20 20 7508 1 0 0 0 1 1 0 0 0 1 0 0 0 0 0 1 1 1 0 1 0.0
21 20 5978 1 0 0 1 0 0 0 0 0 1 0 0 0 0 1 1 1 0 0 1 0.0
22 20 6509 0 0 0 0 1 1 1 0 0 0 1 1 0 1 0 0 0 0 1 0 0.0
23 20 7086 0 0 0 1 0 0 1 0 0 0 1 1 0 0 0 1 1 0 1 0 0.0
24 20 9081 0 1 1 0 0 1 1 0 0 1 1 0 1 1 0 0 1 0 0 1 0.0
25 20 7714 0 1 0 0 0 0 1 1 1 0 1 1 0 1 1 0 1 1 0 0 0.0
26 20 7854 1 1 0 0 0 0 0 0 1 1 1 0 1 0 1 0 0 0 0 0 0.0
27 20 7906 0 1 0 0 0 1 0 1 1 0 1 0 0 0 1 0 1 1 0 0 0.0
28 20 8333 0 1 0 1 0 0 1 0 1 1 0 1 0 0 0 0 1 0 1 1 0.0
29 20 10947 0 1 1 0 0 1 1 0 1 0 0 1 0 1 1 0 1 1 0 1 0.0
30 20 8266 0 0 0 1 0 1 0 1 1 0 0 1 1 0 0 0 1 0 1 1 0.0
31 20 5774 1 0 0 0 0 0 1 1 1 0 0 0 1 0 0 0 0 1 0 1 0.0
32 20 5678 0 0 1 1 0 0 0 1 0 0 0 0 0 1 0 1 0 0 0 1 0.0
33 20 9067 1 1 0 0 0 1 1 0 0 1 0 1 0 0 1 0 1 0 1 0 0.0
34 20 7572 1 0 0 0 0 0 0 1 1 1 0 0 0 0 0 1 0 1 0 0 0.0
35 20 8377 0 1 0 1 0 1 1 0 0 0 1 1 0 0 0 0 1 1 0 0 0.0
36 20 6470 1 0 1 1 0 0 1 1 0 0 1 0 1 0 0 0 0 1 1 0 0.0
37 20 9022 1 0 1 0 1 0 0 0 1 0 0 0 0 1 0 1 1 1 1 0 0.0
38 20 7179 0 1 0 1 1 1 0 0 1 1 0 0 0 0 1 1 0 0 0 0 0.0
39 20 9205 1 0 0 1 1 0 0 1 1 1 0 0 1 1 0 0 1 0 1 1 0.0
40 20 8900 1 0 1 1 0 0 0 1 0 1 1 1 0 0 0 0 1 1 0 0 0.0
41 20 6121 0 1 1 0 0 1 1 0 1 0 1 0 0 0 1 1 0 1 0 0 0.0
42 20 6987 0 0 1 0 1 0 0 1 1 0 1 0 1 0 1 0 0 0 1 0 0.0
43 20 7021 1 0 0 0 1 1 1 1 1 0 1 0 1 0 0 1 0 0 0 0 0.0
44 20 9760 1 1 0 1 0 0 1 1 0 1 0 0 0 1 1 0 0 1 0 1 0.0
45 20 9750 1 0 1 0 0 0 1 1 1 1 0 0 0 0 1 1 1 1 0 0 0.0
46 20 7714 1 0 0 0 0 0 1 1 0 1 1 0 1 1 1 0 1 0 0 0 0.0
47 20 8500 0 0 0 1 0 1 1 0 0 0 1 0 0 0 1 1 1 0 0 1 0.0
48 20 7112 1 0 1 0 0 0 0 0 1 1 0 1 1 1 0 0 1 1 0 0 0.0
49 20 9680 1 0 0 1 0 0 1 0 0 0 0 1 1 1 1 1 0 1 0 0 0.0
50 20 10554 1 1 0 0 1 1 0 1 1 1 0 0 0 1 0 1 0 0 0 0 0.0
51 20 9125 1 0 1 1 1 1 0 1 0 0 0 0 1 0 0 0 1 0 1 1 0.0
52 20 8707 1 0 1 0 1 1 1 0 0 1 1 0 0 1 1 0 0 0 0 1 0.0
53 20 9780 0 0 0 0 0 1 1 1 0 0 0 1 1 1 0 0 1 1 0 1 0.0
54 20 7189 1 1 1 0 0 1 0 0 0 0 1 1 0 0 0 1 0 1 0 0 0.0
55 20 9041 1 0 0 0 1 1 0 0 0 0 0 1 1 0 0 0 1 1 0 1 0.0
56 20 5622 0 1 0 1 0 0 1 1 1 0 0 1 0 0 0 1 0 0 1 0 0.0
57 20 6919 1 0 0 0 1 0 0 0 0 0 0 1 0 1 1 1 0 0 0 1 0.0
58 20 10140 0 1 1 1 0 1 0 0 1 1 0 0 0 1 1 0 0 0 0 1 0.0
59 20 6990 0 0 0 1 1 0 1 0 0 1 0 1 0 1 0 0 1 0 0 0 0.0
60 20 6520 1 0 1 0 1 0 0 0 1 0 0 0 0 1 1 0 0 0 0 1 0.0
61 20 6982 1 0 0 0 0 1 0 1 1 0 0 0 0 0 0 1 1 0 1 1 0.0
62 20 8371 1 0 1 0 1 1 1 0 0 0 1 0 0 0 1 1 0 0 0 0 0.0
63 20 7879 0 1 1 0 1 1 1 0 0 0 0 1 0 0 1 1 0 0 1 0 0.0
64 20 9704 1 0 0 0 0 0 1 1 0 0 0 1 1 1 1 1 1 0 0 1 0.0
65 20 8650 0 0 0 1 1 0 1 1 0 0 1 0 0 1 1 1 1 0 1 0 0.0
66 20 7525 0 1 0 0 1 0 1 0 0 0 1 0 0 1 0 0 0 0 1 1 0.0
67 20 4933 1 0 0 0 1 0 0 0 0 0 0 0 0 0 1 0 1 0 1 0 0.0
68 20 9530 0 1 0 1 1 0 1 0 1 0 0 1 1 1 1 1 0 0 0 0 0.0
69 20 7667 0 0 0 1 1 0 1 1 1 1 0 0 0 1 0 0 0 1 0 0 0.0
70 20 9334 1 0 1 1 0 0 1 1 1 0 0 1 0 0 1 1 0 0 0 1 0.0
71 20 8059 1 0 0 1 1 0 0 0 0 1 1 0 0 1 1 1 1 0 0 1 0.0
72 20 6939 1 0 0 1 0 1 0 0 1 0 1 1 1 0 0 0 0 1 0 0 0.0
73 20 7711 0 0 0 0 0 0 1 1 0 0 1 1 1 0 1 0 0 0 0 1 0.0
74 20 6444 0 0 0 1 0 1 0 0 1 1 1 0 0 0 1 0 1 1 0 1 0.0
75 20 8125 0 0 1 0 0 0 1 0 0 0 1 0 1 1 0 1 1 0 1 0 0.0
76 20 8595 1 0 0 0 0 1 1 0 0 1 0 1 0 1 0 0 1 0 0 1 0.0
77 20 6258 1 0 0 0 1 0 0 0 0 1 1 1 1 0 0 0 0 0 1 0 0.0
78 20 5982 0 0 0 1 1 0 0 1 0 1 0 0 1 0 0 0 1 1 1 0 0.0
79 20 8274 0 0 1 1 0 0 1 1 0 0 0 1 0 1 1 0 0 1 0 0 0.0
80 20 9397 1 1 1 0 0 1 1 0 0 1 0 0 1 0 0 0 0 1 0 1 0.0
81 20 9595 0 1 0 0 0 0 1 1 0 0 0 1 1 1 1 1 0 0 0 1 0.0
82 20 7075 0 1 1 1 0 0 0 0 0 1 0 0 0 0 1 0 0 1 0 1 0.0
83 20 7529 0 0 1 0 0 0 1 1 0 0 0 0 0 0 0 1 0 1 1 1 0.0
84 20 7506 0 1 1 0 1 0 0 1 1 0 0 1 0 0 0 1 0 0 0 1 0.0
85 20 6707 0 1 0 0 0 1 1 0 0 1 0 0 0 0 0 1 1 0 0 1 0.0
86 20 7990 1 1 0 1 0 1 1 0 1 0 0 1 1 0 0 0 1 0 0 0 0.0
87 20 9330 0 0 0 1 1 0 1 0 1 1 1 0 0 1 0 0 1 0 1 1 0.0
88 20 5011 0 0 0 0 0 0 0 0 1 0 0 1 0 0 0 1 1 1 0 0 0.0
89 20 7965 1 0 1 0 1 0 0 1 0 0 1 1 1 1 0 0 0 0 1 1 0.0
90 20 7204 0 0 1 0 0 0 0 0 1 0 1 1 0 1 1 1 0 0 0 0 0.0
91 20 8274 1 0 0 1 0 1 0 0 0 1 1 0 0 0 1 1 0 1 1 0 0.0
92 20 6674 0 1 1 0 0 0 0 0 0 0 0 0 0 1 0 1 0 1 1 1 0.0
93 20 8529 0 0 1 0 0 0 1 0 0 0 1 0 1 1 1 0 1 1 0 0 0.0
94 20 6515 1 1 1 0 1 1 0 1 0 1 1 0 0 0 0 0 0 1 0 0 0.0
95 20 8755 1 1 0 1 0 1 0 0 0 1 0 1 0 1 1 0 0 0 0 1 0.0
96 20 8197 0 0 0 0 0 1 0 1 0 0 0 1 1 1 0 1 0 1 1 0 0.0
97 20 7064 1 1 0 1 0 0 0 1 1 0 0 1 0 0 0 0 1 0 1 0 0.0
98 20 9410 0 0 0 0 0 0 1 1 1 0 1 0 0 0 1 1 1 0 1 1 0.0
99 20 7304 0 0 0 1 1 0 0 0 1 0 0 1 1 0 0 0 0 1 1 0 0.0
100 20 9589 1 1 0 1 1 0 1 1 1 0 0 0 0 1 0 1 0 0 0 0 0.0
101 20 7827 0 1 1 1 1 0 0 1 0 1 0 1 1 0 0 0 0 1 0 0 0.0
102 20 8613 0 1 0 0 0 1 1 1 0 1 0 1 1 0 0 0 0 0 1 0 0.0
103 20 7553 1 0 1 1 0 1 1 0 1 1 1 0 0 0 0 0 1 0 0 0 0.0
104 20 7786 0 1 0 0 1 0 0 1 0 0 1 1 0 0 0 0 1 0 1 0 0.0
105 20 6720 0 1 0 1 0 0 0 0 1 1 0 1 0 0 0 0 0 0 0 1 0.0
106 20 6622 1 1 0 0 1 0 1 0 0 0 1 0 0 1 1 0 0 0 1 1 0.0
107 20 7715 0 0 0 1 1 1 0 0 1 1 0 0 1 1 1 0 0 0 1 0 0.0
108 20 7657 0 0 0 1 1 1 0 0 1 1 1 0 0 1 0 0 1 0 0 0 0.0
109 20 6944 1 0 0 0 1 1 1 0 1 0 0 1 0 0 0 0 0 1 0 0 0.0
110 20 9490 0 1 1 1 1 1 1 0 1 0 0 0 0 0 1 1 0 0 0 0 0.0
111 20 8393 1 0 1 0 0 1 0 0 0 1 1 0 1 0 0 0 0 0 1 0 0.0
112 20 8748 1 0 0 1 1 1 1 0 0 1 0 0 0 1 0 0 1 0 0 1 0.0
113 20 7779 0 0 1 1 0 0 0 1 0 1 1 1 0 1 0 1 1 1 0 0 0.0
114 20 9328 1 0 1 0 0 1 1 0 0 0 0 1 0 1 0 1 1 0 0 1 0.0
115 20 8248 0 1 0 0 1 0 0 1 1 0 0 1 0 1 0 1 0 1 0 0 0.0
116 20 8703 0 0 0 1 1 1 1 0 0 1 1 0 0 1 1 1 1 0 0 0 0.0
117 20 7213 0 0 1 0 1 1 0 0 1 0 0 0 0 0 1 1 0 1 1 0 0.0
118 20 6676 0 0 0 1 0 1 1 0 1 1 0 1 0 0 0 0 0 1 1 0 0.0
119 20 8099 0 0 0 0 0 0 0 1 1 0 1 1 1 0 1 1 0 0 0 1 0.0
120 20 8294 0 0 1 0 1 1 0 0 1 1 0 1 1 0 0 1 0 0 0 1 0.0
121 20 8109 1 0 0 0 1 1 0 0 0 0 1 0 1 1 1 0 0 1 1 0 0.0
122 20 8670 0 0 0 1 0 1 1 0 0 0 0 0 0 1 1 1 0 1 1 0 0.0
123 20 10960 1 0 0 1 1 0 0 0 1 0 1 1 0 1 1 0 1 1 1 0 0.0
124 20 7596 1 1 1 0 0 1 0 0 0 0 0 1 0 1 1 1 1 0 0 0 0.0
125 20 7795 0 0 0 0 1 1 0 1 0 1 1 0 1 1 1 0 0 0 1 1 0.0
126 20 7968 1 0 1 1 0 1 0 0 0 1 0 1 0 0 0 0 0 1 0 1 0.0
127 20 8847 0 0 1 0 1 1 0 0 1 1 1 0 1 0 1 1 0 0 0 0 0.0
128 20 8408 0 0 1 1 0 0 0 1 0 1 0 0 0 1 0 1 1 0 1 1 0.0
129 20 8978 0 0 1 0 0 1 1 0 0 0 1 1 1 0 0 1 0 1 1 0 0.0
130 20 7711 1 0 0 0 1 1 0 1 1 0 0 0 1 0 0 1 1 0 0 1 0.0
131 20 8577 1 0 1 0 1 0 0 0 0 1 0 1 0 1 1 0 0 1 1 0 0.0
132 20 7782 1 0 1 0 1 1 1 1 0 1 0 1 0 1 0 0 1 0 0 0 0.0
133 20 8222 0 1 1 0 1 1 1 0 0 1 0 0 0 0 1 1 0 0 0 1 0.0
134 20 9596 0 0 0 1 0 1 0 1 1 1 1 1 0 0 1 0 1 0 1 0 0.0
135 20 8569 1 0 1 1 0 0 1 0 0 0 1 0 0 0 0 0 0 1 0 1 0.0
136 20 7980 0 1 1 1 0 0 1 0 0 0 1 0 0 0 1 0 0 1 1 0 0.0
137 20 11381 1 0 0 0 1 0 1 0 1 1 1 0 0 1 1 0 0 0 0 1 0.0
138 20 7063 1 1 0 0 1 0 0 0 1 0 1 1 0 0 1 0 1 0 0 0 0.0
139 20 10194 1 0 0 0 1 0 1 1 0 1 1 1 1 1 0 0 1 0 0 0 0.0
140 20 8217 1 1 1 1 0 0 0 0 0 0 1 1 0 0 1 0 1 1 0 0 0.0
141 20 7221 0 0 0 0 0 0 1 1 1 1 1 0 0 0 0 1 0 1 0 0 0.0
142 20 6884 0 0 1 0 0 0 1 1 0 0 1 0 1 1 1 0 0 0 1 0 0.0
143 20 7700 1 0 0 0 0 0 1 1 0 1 0 0 1 0 1 0 1 0 0 1 0.0
144 20 7510 0 0 0 1 1 0 1 1 0 0 0 1 0 0 1 0 1 0 1 0 0.0
145 20 6365 1 1 0 0 0 1 0 0 0 0 1 0 0 0 1 0 0 1 0 0 0.0
146 20 8898 0 0 0 1 1 0 1 0 1 1 1 0 1 0 1 0 1 1 1 0 0.0
147 20 7594 1 1 1 0 0 0 0 1 0 0 0 0 0 0 1 0 1 1 1 0 0.0
148 20 6874 0 1 1 1 1 0 0 0 0 1 1 0 1 0 0 0 0 0 0 0 0.0
149 20 7623 1 1 0 0 0 0 0 0 0 0 0 0 1 1 0 1 0 0 1 1 0.0
150 20 7877 0 0 0 0 1 0 0 0 1 0 0 1 0 1 1 0 0 0 1 1 0.0
151 20 8027 0 0 0 0 0 1 0 1 0 0 0 1 0 0 1 1 0 1 1 1 0.0
152 20 7245 0 0 0 0 0 1 0 0 0 1 1 0 1 0 1 1 0 0 1 0 0.0
153 20 8772 1 0 1 0 0 0 1 1 1 1 0 0 1 0 1 1 0 1 1 0 0.0
154 20 7610 0 0 0 0 1 1 0 0 0 0 0 1 0 1 1 1 0 0 1 0 0.0
155 20 7038 0 1 0 0 0 1 0 0 0 1 1 1 1 0 0 0 0 0 0 0 0.0
156 20 7287 0 0 1 0 0 0 0 1 0 1 1 1 1 0 1 1 0 0 0 0 0.0
157 20 9239 0 0 1 0 0 0 1 1 1 0 0 1 0 1 0 1 0 0 1 0 0.0
158 20 8906 0 0 0 1 0 1 1 0 0 1 1 1 0 0 1 0 1 1 0 1 0.0
159 20 8043 0 1 0 0 1 0 0 1 1 0 0 1 0 0 0 1 0 1 1 1 0.0
160 20 8327 0 0 1 0 0 0 1 0 1 0 0 1 1 1 0 0 0 1 1 0 0.0
161 20 7741 0 0 0 1 0 0 0 1 1 0 1 1 1 0 0 1 0 0 0 1 0.0
162 20 8516 0 0 1 1 0 0 0 0 0 1 1 1 1 0 0 1 0 1 0 0 0.0
163 20 9498 0 0 0 1 1 0 0 0 0 0 1 1 1 1 1 1 0 0 0 0 0.0
164 20 7147 1 0 0 0 0 0 0 0 1 1 1 0 1 0 0 1 1 0 1 0 0.0
165 20 8378 0 1 0 0 1 0 0 0 0 0 1 1 1 1 1 1 0 1 0 1 0.0
166 20 8443 0 0 0 0 0 0 1 0 0 1 1 1 1 0 0 1 0 1 1 0 0.0
167 20 7906 1 0 1 1 0 1 1 1 0 1 0 0 1 0 1 1 0 0 0 1 0.0
168 20 6025 0 1 1 0 1 1 0 0 0 0 0 0 0 0 1 1 0 0 1 1 0.0
169 20 7403 1 1 1 1 1 0 1 0 0 0 0 1 1 0 0 1 0 1 1 0 0.0
170 20 7838 1 0 0 0 0 1 0 0 1 0 1 1 0 1 1 1 0 0 0 0 0.0
171 20 8494 1 0 1 0 1 0 0 1 0 1 0 1 1 1 0 0 1 0 1 1 0.0
172 20 6578 0 1 1 0 0 0 0 0 1 0 0 1 0 0 0 0 1 1 0 0 0.0
173 20 8074 1 0 1 0 0 0 1 0 0 1 0 0 1 1 1 1 0 0 0 0 0.0
174 20 8103 0 1 1 0 1 1 0 1 0 0 0 1 0 0 0 1 0 1 0 0 0.0
175 20 8589 1 0 0 1 0 1 1 0 0 0 0 0 1 0 1 1 1 0 0 0 0.0
176 20 7634 0 0 0 1 0 0 1 0 0 1 0 0 0 1 0 0 1 1 0 1 0.0
177 20 6961 0 1 0 1 1 1 0 0 1 0 1 0 1 0 0 0 0 0 1 0 0.0
178 20 6613 0 0 1 0 0 1 1 1 0 0 0 1 0 0 1 1 0 0 1 0 0.0
179 20 7637 1 0 1 1 1 0 1 0 0 0 0 0 1 0 0 1 0 0 0 0 0.0
180 20 7791 0 0 0 0 1 1 1 0 0 1 1 0 1 0 0 0 1 0 1 0 0.0
181 20 7031 1 0 0 1 0 0 1 0 1 0 0 0 0 1 1 0 1 0 0 0 0.0
182 20 6953 1 0 0 1 0 0 0 0 1 0 0 0 0 0 0 1 0 1 1 1 0.0
183 20 6120 0 0 0 0 1 0 0 0 1 1 0 0 1 1 1 0 1 0 0 0 0.0
184 20 9499 0 1 0 0 0 0 1 0 1 0 1 1 0 0 0 0 1 0 1 1 0.0
185 20 6598 0 0 0 0 1 1 0 1 0 0 0 0 0 0 0 0 1 0 1 1 0.0
186 20 9023 0 1 0 0 1 1 0 0 0 1 1 1 1 1 0 0 1 0 1 0 0.0
187 20 8771 0 0 1 0 0 1 0 0 1 0 1 0 0 1 1 1 0 1 0 1 0.0
188 20 9435 0 0 0 1 1 1 1 1 0 1 1 0 0 1 1 0 0 0 1 0 0.0
189 20 10647 0 1 0 0 0 1 1 1 1 0 1 1 1 0 0 0 0 1 0 0 0.0
190 20 7607 1 0 1 1 1 0 0 1 0 1 0 0 1 0 1 0 1 0 0 0 0.0
191 20 7178 0 1 0 1 1 1 0 0 1 0 0 1 0 0 0 0 1 1 0 0 0.0
192 20 8676 1 0 1 1 0 0 1 0 0 0 0 1 1 0 1 1 0 1 0 0 0.0
193 20 9487 0 1 1 1 1 0 1 1 0 0 1 1 0 0 0 1 0 0 0 0 0.0
194 20 7735 0 1 0 0 0 1 1 1 1 0 0 1 0 0 0 1 0 0 1 0 0.0
195 20 9657 1 1 0 1 0 0 0 0 1 0 1 1 0 1 1 1 0 0 0 0 0.0
196 20 11173 0 0 1 0 1 0 0 1 0 0 1 0 1 1 1 1 1 1 0 1 0.0
197 20 8327 0 1 1 0 1 0 1 0 0 0 0 0 1 0 0 1 1 0 0 0 0.0
198 20 5591 1 0 0 0 0 1 0 1 0 0 1 0 0 1 0 0 0 0 0 1 0.0
199 20 9486 1 0 0 0 1 0 1 1 0 0 1 1 1 1 0 0 1 0 1 0 0.0
200 20 7356 0 0 0 0 1 0 1 1 0 0 1 0 0 0 1 0 1 1 0 1 0.0
201 20 9980 1 0 0 1 1 1 0 1 0 0 1 0 0 1 0 0 0 0 1 1 0.0
202 20 9585 1 0 0 0 1 1 1 1 1 0 0 0 0 1 0 0 1 0 0 1 0.0
203 20 8007 1 0 0 0 1 1 0 1 0 1 0 0 0 0 1 0 1 0 1 0 0.0
204 20 7826 0 0 1 0 0 0 1 1 0 1 1 0 0 1 0 1 0 0 1 0 0.0
205 20 9247 1 1 1 0 0 1 0 0 1 0 1 0 1 0 0 0 1 0 1 0 0.0
206 20 6148 0 1 1 1 0 0 1 0 0 1 0 0 1 0 0 1 0 0 0 0 0.0
207 20 6401 0 0 0 0 1 0 0 0 0 1 1 1 0 1 1 1 0 0 0 0 0.0
208 20 8353 0 1 0 0 0 1 0 0 0 1 1 1 1 1 0 0 0 0 0 0 0.0
209 20 8310 0 0 0 0 1 1 0 0 1 1 1 0 1 1 0 1 0 0 0 1 0.0
210 20 5435 0 0 0 1 0 0 1 1 1 0 0 0 1 0 0 1 0 0 0 1 0.0
211 20 7919 0 1 1 0 1 1 0 0 0 1 1 1 0 0 0 0 0 0 1 0 0.0
212 20 9075 0 0 0 1 1 0 0 1 0 1 0 1 0 1 0 1 0 1 1 0 0.0
213 20 8147 1 0 1 0 0 0 0 1 0 0 1 0 0 0 0 1 0 1 1 0 0.0
214 20 8456 0 0 0 1 0 0 0 1 1 0 0 0 0 0 0 1 1 1 1 1 0.0
215 20 6606 0 1 0 0 0 0 1 0 1 0 1 1 1 0 1 0 0 0 0 0 0.0
216 20 9599 1 0 1 1 0 0 1 0 1 1 1 0 0 0 1 1 0 0 0 1 0.0
217 20 7107 1 0 0 0 0 1 0 0 1 0 1 1 0 0 0 1 0 0 0 0 0.0
218 20 10076 1 0 0 1 1 0 1 1 0 0 0 0 0 1 0 1 0 1 0 1 0.0
219 20 7078 0 1 0 1 0 0 1 0 1 1 1 0 1 0 0 0 0 0 0 1 0.0
220 20 7791 1 1 0 0 0 0 0 1 1 1 0 0 0 0 1 1 1 1 0 1 0.0
221 20 5558 0 0 1 0 0 0 1 1 0 0 0 1 0 0 1 0 0 0 0 0 0.0
222 20 6412 0 1 1 1 0 0 0 0 0 0 1 0 0 1 0 0 1 0 0 0 0.0
223 20 10951 0 1 1 0 0 1 1 0 1 0 0 1 1 0 0 1 1 0 0 1 0.0
224 20 8833 0 0 1 1 1 1 0 0 0 0 1 0 0 1 1 1 0 0 1 0 0.0
225 20 7761 1 0 1 0 1 0 1 1 1 0 0 1 0 0 1 0 1 0 0 1 0.0
226 20 5741 0 0 0 0 1 0 1 0 1 0 1 0 1 0 1 0 0 0 0 0 0.0
227 20 8735 1 0 1 1 0 1 1 1 0 0 1 1 1 0 0 0 0 1 0 0 0.0
228 20 6567 1 1 0 0 0 0 1 0 1 1 1 0 0 0 0 0 0 0 1 0 0.0
229 20 8007 0 1 0 1 1 1 1 0 0 0 1 0 0 0 1 0 1 0 0 0 0.0
230 20 5976 0 0 1 0 0 1 0 0 0 0 0 1 1 0 0 1 1 1 0 1 0.0
231 20 7551 0 0 1 0 0 1 1 0 0 0 0 0 0 1 1 0 1 0 0 1 0.0
232 20 7722 1 1 0 0 1 0 0 1 0 0 0 1 0 1 1 1 0 1 0 0 0.0
233 20 8302 0 1 1 1 1 0 1 0 1 0 0 1 0 0 0 0 1 0 0 1 0.0
234 20 9103 0 0 1 1 0 0 1 1 0 0 0 1 0 1 0 0 1 1 0 0 0.0
235 20 8624 0 1 1 1 0 1 0 1 0 0 0 0 0 0 0 0 1 0 1 1 0.0
236 20 5528 0 0 1 0 1 1 0 0 0 0 0 0 0 1 1 0 1 0 1 0 0.0
237 20 10394 1 1 0 1 1 0 1 0 1 1 0 0 0 0 0 0 1 0 1 1 0.0
238 20 7296 0 1 0 1 0 0 0 0 0 1 0 0 1 0 1 1 1 0 1 0 0.0
239 20 7977 0 1 1 1 0 0 0 0 1 0 1 0 0 0 1 0 0 0 0 1 0.0
240 20 5717 1 0 0 0 1 0 0 0 0 0 1 1 1 0 1 0 0 1 0 1 0.0
241 20 8209 1 0 0 0 0 1 0 0 0 1 0 0 1 1 0 0 1 0 0 1 0.0
242 20 8058 1 1 0 1 0 0 1 1 0 0 0 0 0 1 0 0 1 0 0 1 0.0
243 20 8710 0 0 0 0 1 0 1 1 0 1 0 0 0 1 1 0 1 0 1 0 0.0
244 20 8869 0 1 0 1 0 0 1 0 0 1 1 0 0 1 1 1 0 1 1 0 0.0
245 20 7902 1 0 1 0 1 0 0 1 0 1 0 0 1 1 0 1 0 1 0 0 0.0
246 20 6295 1 1 1 0 1 1 1 0 0 0 0 1 0 0 0 0 0 0 0 0 0.0
247 20 7571 1 0 0 1 0 0 0 0 0 0 0 1 1 1 1 1 0 1 0 1 0.0
248 20 6546 1 0 0 0 0 1 1 1 0 0 1 0 1 0 1 0 0 0 0 1 0.0
249 20 7083 1 1 1 0 1 1 0 0 0 1 1 0 0 0 0 0 0 1 0 1 0.0
250 20 8495 0 0 0 1 0 0 0 0 1 0 1 1 1 1 0 0 1 0 0 0 0.0
251 20 5889 1 0 0 0 0 0 1 1 0 0 1 0 0 1 0 1 0 1 0 0 0.0
252 20 7160 1 1 1 0 0 0 1 0 0 0 1 1 0 1 1 0 0 0 0 0 0.0
253 20 6577 1 0 0 0 0 0 1 0 1 0 0 1 1 0 1 0 1 0 1 0 0.0
254 20 7485 0 1 0 1 0 0 0 1 1 1 0 0 1 1 0 0 0 0 0 0 0.0
255 20 6247 0 0 1 0 1 1 0 0 1 1 0 0 1 0 1 0 0 0 0 0 0.0
256 20 7643 0 0 1 1 0 1 0 1 1 1 0 0 0 0 0 0 1 0 0 0 0.0
257 20 8061 1 1 1 0 1 0 0 1 0 0 0 0 1 1 0 0 1 1 0 0 0.0
258 20 7645 1 1 1 0 0 0 0 1 1 0 0 0 1 0 0 0 0 0 0 1 0.0
259 20 9549 0 1 1 0 0 0 1 0 0 0 1 0 0 1 1 0 1 0 0 1 0.0
260 20 7790 0 0 0 0 1 1 0 1 1 1 1 0 0 0 0 1 0 1 1 0 0.0
261 20 5781 0 1 0 0 1 0 0 0 0 0 0 1 1 0 1 0 0 1 0 0 0.0
262 20 9347 1 1 1 0 0 0 0 0 1 1 0 1 0 0 1 0 1 0 0 1 0.0
263 20 9997 1 0 0 1 1 0 0 0 1 1 0 0 0 0 1 0 1 0 0 1 0.0
264 20 7420 0 0 1 0 0 1 0 0 1 1 0 1 1 0 0 0 0 1 0 0 0.0
265 20 7883 1 0 1 0 0 0 0 0 0 0 0 0 1 0 0 1 1 1 0 1 0.0
266 20 9567 0 1 0 1 1 0 1 1 0 1 1 0 0 0 1 0 0 1 0 0 0.0
267 20 6610 0 0 1 0 0 0 0 0 0 0 0 1 1 1 0 1 1 0 1 0 0.0
268 20 9086 0 0 1 0 1 0 0 1 0 0 0 1 1 1 0 0 1 1 0 1 0.0
269 20 6852 1 0 0 0 0 1 0 0 0 1 1 0 1 1 1 0 0 0 1 0 0.0
270 20 9308 0 1 0 1 1 0 0 0 1 1 1 1 1 0 0 0 0 0 0 0 0.0
271 20 9520 1 1 0 0 1 0 0 1 0 0 0 0 1 1 1 0 0 1 0 1 0.0
272 20 9661 0 0 1 0 1 0 1 1 1 0 1 1 1 0 0 1 0 1 0 0 0.0
273 20 7352 1 0 1 0 1 0 0 0 1 0 1 1 0 1 1 0 1 0 0 1 0.0
274 20 6571 1 0 1 1 0 1 0 0 0 0 0 1 0 1 0 0 1 0 0 0 0.0
275 20 8795 0 0 0 1 1 1 0 0 0 0 0 0 0 1 0 0 1 1 1 1 0.0
276 20 8899 0 0 0 1 0 1 1 0 1 1 0 1 1 0 0 0 1 0 1 0 0.0
277 20 9051 0 0 1 1 1 0 1 0 0 0 0 1 1 0 1 1 1 0 0 0 0.0
278 20 8232 1 0 0 0 1 0 0 1 0 0 0 0 0 1 1 1 0 0 1 1 0.0
279 20 7283 0 0 0 1 0 0 0 1 1 0 0 1 1 1 0 0 1 0 0 1 0.0
280 20 6580 0 0 1 0 1 0 0 1 0 1 0 0 0 0 1 1 0 1 1 0 0.0
281 20 6812 1 0 0 0 0 1 1 0 1 0 1 1 1 1 1 0 0 0 0 1 0.0
282 20 8837 0 0 0 0 1 1 1 0 1 0 0 1 1 1 0 0 1 0 1 0 0.0
283 20 7495 0 0 1 1 1 0 0 1 1 0 0 0 0 0 1 0 1 1 0 0 0.0
284 20 8847 0 1 0 1 1 0 0 1 1 0 1 0 0 0 0 1 1 1 0 0 0.0
285 20 8460 1 0 1 0 1 0 0 0 0 0 1 1 1 0 0 1 1 1 0 1 0.0
286 20 8192 0 0 1 1 1 0 1 0 0 0 1 0 0 1 1 1 0 0 0 0 0.0
287 20 8209 0 0 1 0 0 0 1 1 0 0 0 0 1 1 0 0 0 1 1 0 0.0
288 20 8412 0 0 1 1 0 0 0 0 1 1 0 0 1 0 0 1 1 0 0 0 0.0
289 20 7098 0 1 1 0 0 0 0 0 0 1 0 0 1 1 0 1 1 0 1 0 0.0
290 20 6210 1 1 0 0 0 0 0 0 1 0 0 1 0 1 0 0 0 1 0 0 0.0
291 20 7309 1 1 0 0 1 0 0 1 0 0 1 0 0 0 1 1 1 0 0 1 0.0
292 20 10320 0 1 1 0 0 0 0 1 0 0 0 1 0 0 1 1 0 1 0 1 0.0
293 20 9659 0 1 1 0 1 0 1 0 0 0 1 1 1 0 0 1 0 1 1 0 0.0
294 20 9119 1 0 0 0 0 1 0 0 1 1 1 1 0 0 0 1 1 1 0 1 0.0
295 20 6790 0 1 0 0 0 1 1 0 1 0 0 0 0 1 1 0 0 1 1 0 0.0
296 20 8449 0 0 1 1 1 1 0 0 1 0 1 0 0 0 1 1 1 0 0 1 0.0
297 20 8130 1 0 0 1 0 0 1 0 0 1 1 1 0 0 0 0 1 1 0 0 0.0
298 20 7533 1 1 0 1 0 0 1 1 1 0 0 0 0 0 0 1 0 0 1 1 0.0
299 20 8765 0 1 0 1 0 1 1 0 1 1 0 0 0 0 1 0 1 0 1 0 0.0
300 20 6750 1 1 0 1 1 0 1 0 1 0 0 1 0 0 0 0 1 0 0 0 0.0
301 20 9032 1 0 0 1 0 1 1 1 0 0 1 0 1 0 0 0 1 0 1 0 0.0
302 20 8559 1 1 1 1 1 0 0 1 1 0 0 0 1 0 1 0 0 0 1 0 0.0
303 20 8111 0 0 1 1 0 1 1 0 1 0 0 1 1 1 0 0 0 0 0 0 0.0
304 20 8028 1 0 0 0 1 1 1 0 1 1 0 0 0 0 0 1 0 0 1 0 0.0
305 20 7754 1 0 0 0 0 0 1 0 0 0 1 0 0 0 1 0 1 1 1 0 0.0
306 20 7347 0 1 1 0 0 1 0 0 1 1 0 0 0 1 0 0 0 1 1 0 0.0
307 20 5304 0 0 0 0 0 0 0 0 0 1 1 1 0 1 0 0 0 0 1 1 0.0
308 20 7173 0 0 1 0 1 1 0 0 1 0 0 1 1 1 0 1 0 0 1 0 0.0
309 20 6537 0 0 1 0 0 1 1 1 0 0 0 1 1 0 0 0 0 0 1 0 0.0
310 20 8595 1 0 0 1 0 1 0 0 1 0 0 0 1 0 0 1 1 1 1 0 0.0
311 20 6231 0 1 1 1 0 0 1 1 0 0 0 1 0 0 0 0 1 0 1 0 0.0
312 20 7606 1 0 1 0 0 0 1 0 0 1 1 1 0 0 0 0 0 0 1 0 0.0
313 20 10196 1 0 1 1 1 1 0 0 0 0 0 1 1 0 1 0 1 1 1 1 0.0
314 20 8825 1 0 0 0 1 1 0 1 0 0 0 1 1 0 0 0 1 0 1 1 0.0
315 20 10968 0 0 1 0 1 1 1 0 1 0 0 1 0 1 0 1 1 0 0 1 0.0
316 20 7976 0 0 1 0 0 1 1 1 1 0 1 0 1 0 1 0 0 0 0 0 0.0
317 20 5865 1 0 1 0 0 1 1 0 0 0 0 0 1 0 0 0 0 0 1 0 0.0
318 20 7891 1 0 0 0 1 1 0 1 0 0 1 1 0 1 1 0 1 0 0 0 0.0
319 20 6815 1 0 0 0 0 0 1 0 0 1 1 0 1 0 0 0 1 1 1 0 0.0
320 20 8220 0 0 0 1 0 1 1 0 0 0 0 0 0 0 1 1 1 1 1 1 0.0
321 20 9220 1 0 1 0 0 0 0 0 1 1 0 0 1 0 0 1 1 1 1 1 0.0
322 20 6138 1 0 1 1 0 1 0 1 0 0 1 1 0 0 0 0 0 0 1 1 0.0
323 20 6357 0 0 0 0 1 0 0 1 1 0 1 1 1 0 0 0 0 1 0 0 0.0
324 20 7092 1 0 0 0 1 0 0 0 0 1 1 0 1 0 1 0 1 0 1 0 0.0
325 20 9859 0 1 0 0 0 1 0 0 1 0 1 0 1 0 0 1 1 1 1 0 0.0
326 20 5726 0 1 0 0 0 1 1 0 1 1 0 0 1 0 1 0 0 0 0 0 0.0
327 20 6267 0 1 0 1 0 0 1 0 0 1 1 0 1 0 0 1 1 1 0 0 0.0
328 20 7311 0 1 0 0 1 0 0 1 0 1 0 0 0 1 0 1 1 0 0 1 0.0
329 20 6130 0 1 1 0 0 0 1 0 0 0 1 1 0 0 1 0 0 0 1 0 0.0
330 20 9027 0 1 0 0 1 0 0 1 1 0 1 0 0 1 0 1 0 0 1 1 0.0
331 20 9268 0 0 0 1 0 0 0 0 1 1 0 1 0 1 0 0 1 1 1 1 0.0
332 20 8998 1 1 0 0 0 0 1 0 1 1 0 1 1 1 0 1 0 0 1 0 0.0
333 20 9222 0 0 0 1 0 1 1 0 1 1 0 1 1 0 0 1 0 1 0 0 0.0
334 20 9379 0 1 1 0 1 1 1 0 0 1 0 0 1 0 0 0 1 0 0 0 0.0
335 20 8376 0 1 0 1 0 1 0 1 0 0 0 1 0 0 1 1 0 0 0 1 0.0
336 20 6549 1 0 0 0 1 0 1 1 0 0 0 0 1 1 0 1 0 0 0 0 0.0
337 20 8855 0 0 1 1 1 1 0 0 0 0 0 0 1 1 1 0 0 0 0 1 0.0
338 20 9584 0 1 0 1 1 0 1 0 1 0 1 0 1 0 1 0 1 0 1 0 0.0
339 20 9750 0 1 1 0 1 0 1 1 1 0 1 0 0 1 0 1 0 0 0 1 0.0
340 20 7866 0 0 1 0 1 0 1 0 1 0 1 1 1 0 0 1 0 0 0 0 0.0
341 20 6869 0 0 1 0 1 1 0 0 1 0 0 1 1 1 0 1 0 1 1 0 0.0
342 20 8812 0 1 0 0 0 0 1 1 0 1 1 0 0 1 1 0 0 1 1 0 0.0
343 20 7405 0 0 0 0 1 1 0 0 0 1 1 1 0 0 1 0 1 0 0 1 0.0
344 20 9224 1 0 1 0 1 0 0 1 1 1 1 0 0 0 0 1 0 0 1 0 0.0
345 20 6805 0 1 0 0 1 0 1 0 1 0 0 0 1 1 1 0 0 0 1 0 0.0
346 20 8254 0 0 0 1 0 1 1 1 0 0 0 0 0 0 1 0 0 1 0 0 0.0
347 20 8007 1 1 0 1 1 0 1 0 0 1 0 0 0 0 0 0 0 1 0 1 0.0
348 20 6584 0 1 0 0 0 0 1 0 0 1 1 1 0 1 0 0 0 0 0 1 0.0
349 20 8611 0 0 1 1 1 1 0 1 0 1 0 0 0 0 1 0 1 0 1 0 0.0
350 20 7806 1 0 0 1 0 0 1 1 0 1 1 0 0 0 1 0 1 0 0 0 0.0
351 20 4439 0 0 1 0 0 1 0 0 0 0 0 1 1 1 0 0 1 0 0 0 0.0
352 20 8049 0 0 0 0 0 1 1 1 0 0 0 0 0 1 1 0 0 1 1 1 0.0
353 20 7703 1 0 0 0 0 1 1 1 0 0 0 0 1 1 0 1 0 0 1 0 0.0
354 20 7425 0 0 0 0 1 0 0 0 0 1 0 0 1 1 1 1 0 0 0 1 0.0
355 20 5663 0 0 0 0 0 1 0 0 1 1 1 0 1 0 0 1 0 1 0 0 0.0
356 20 6642 0 0 1 0 1 0 1 1 0 0 0 0 1 0 0 0 0 0 1 1 0.0
357 20 9895 1 0 1 1 0 0 0 1 0 1 0 1 1 0 1 0 0 0 1 1 0.0
358 20 6801 0 0 1 1 1 1 0 0 0 1 0 0 0 0 0 0 1 1 0 0 0.0
359 20 7171 1 0 1 0 1 0 0 0 1 0 1 0 1 0 0 0 0 1 1 0 0.0
360 20 8873 1 0 1 1 1 1 1 0 0 1 0 0 0 0 0 0 0 0 0 1 0.0
361 20 9109 1 0 0 0 0 1 1 0 1 1 1 1 0 0 1 1 0 1 1 1 0.0
362 20 6743 0 1 0 1 0 1 1 0 0 0 0 0 0 1 0 1 1 0 0 0 0.0
363 20 8034 1 1 0 0 1 1 1 0 0 1 0 0 0 1 0 0 0 1 1 1 0.0
364 20 8530 1 0 1 0 0 0 0 0 1 0 1 1 1 0 1 0 1 0 0 0 0.0
365 20 8633 1 1 0 0 0 1 1 0 1 0 0 1 0 0 1 0 1 0 0 1 0.0
366 20 7893 1 0 1 0 0 1 1 0 0 1 0 0 1 0 1 1 0 0 0 1 0.0
367 20 6510 1 1 1 1 1 0 0 0 0 0 0 1 0 0 0 0 0 0 0 0 0.0
368 20 5674 0 0 1 0 0 1 1 0 1 0 0 0 0 1 0 0 0 0 0 0 0.0
369 20 5273 0 1 0 0 1 0 0 0 0 0 1 1 0 0 0 0 1 0 1 1 0.0
370 20 8060 1 0 0 1 0 0 0 1 1 0 0 0 0 1 1 0 0 1 0 1 0.0
371 20 9037 1 1 0 1 1 0 1 0 0 0 1 0 0 0 1 1 0 0 1 1 0.0
372 20 6837 0 0 0 0 1 0 0 1 0 0 0 0 0 1 1 1 1 0 1 1 0.0
373 20 10448 0 0 0 0 0 1 1 1 1 1 0 0 1 1 0 0 0 0 1 1 0.0
374 20 10408 1 0 1 1 0 1 0 0 0 0 1 1 0 1 0 1 0 1 0 1 0.0
375 20 7000 1 1 1 1 0 0 1 0 0 0 0 1 0 0 0 1 1 0 0 0 0.0
376 20 7727 0 1 0 1 1 0 0 1 0 0 0 1 0 0 1 0 1 0 0 1 0.0
377 20 6225 1 0 0 1 1 1 0 0 1 0 0 0 1 0 0 0 0 1 0 0 0.0
378 20 6013 1 0 0 0 1 1 1 0 0 0 1 0 0 0 0 0 0 0 0 1 0.0
379 20 8464 1 1 0 1 0 1 0 0 0 0 0 0 0 0 1 0 1 1 0 1 0.0
380 20 5614 1 0 0 0 1 0 1 1 0 0 0 0 1 0 0 1 0 0 0 0 0.0
381 20 7430 0 1 0 0 0 0 1 0 0 0 1 0 1 0 1 0 1 1 0 1 0.0
382 20 6353 0 0 0 1 1 1 0 0 0 1 1 1 0 0 0 0 0 1 1 0 0.0
383 20 9579 0 1 1 0 1 0 0 1 0 1 0 0 1 0 0 1 1 1 0 0 0.0
384 20 7338 1 1 0 0 0 0 0 0 0 1 0 0 1 1 1 1 1 0 0 0 0.0
385 20 7216 1 1 0 1 1 1 1 1 1 1 0 1 0 0 0 0 0 0 0 0 0.0
386 20 8354 1 0 0 1 1 1 0 1 1 0 0 1 0 0 0 0 1 0 0 1 0.0
387 20 9476 0 0 1 1 0 0 1 1 0 0 1 0 0 0 0 0 0 1 1 1 0.0
388 20 6890 0 0 0 1 1 0 1 1 0 0 1 1 0 0 0 0 0 0 1 0 0.0
389 20 7407 0 0 0 0 0 1 0 0 1 1 0 1 0 0 1 0 1 0 0 1 0.0
390 20 4630 1 1 1 0 0 0 0 1 1 0 0 0 0 0 1 0 0 1 0 0 0.0
391 20 7098 0 0 1 0 1 0 0 0 1 0 0 1 0 0 1 0 1 1 1 0 0.0
392 20 8140 1 0 0 1 1 0 0 0 1 0 1 1 1 0 0 0 0 1 0 0 0.0
393 20 6395 0 0 0 0 1 0 1 1 0 0 0 0 0 0 1 0 1 1 0 0 0.0
394 20 7913 1 0 1 1 0 0 1 1 0 0 0 0 1 1 0 0 0 1 0 0 0.0
395 20 7084 1 0 1 0 0 0 0 0 0 0 1 1 0 1 0 0 0 0 1 1 0.0
396 20 10143 0 1 0 0 0 0 0 1 1 0 1 1 1 0 0 0 1 1 0 1 0.0
397 20 6800 0 0 0 0 0 1 1 0 0 1 1 0 0 0 1 1 1 0 1 0 0.0
398 20 8237 0 1 1 1 1 0 0 1 0 0 1 0 1 1 0 0 1 0 0 0 0.0
399 20 9205 0 0 0 1 1 1 1 1 0 1 0 0 0 1 0 1 0 0 0 1 0.0
400 20 8724 0 0 1 0 1 1 0 0 1 0 1 0 0 1 0 0 0 1 0 1 0.0
401 20 6936 0 0 1 0 0 0 1 0 0 1 0 0 1 1 1 1 0 1 0 0 0.0
402 20 8871 1 1 1 0 0 0 1 1 1 1 0 0 0 0 0 0 0 0 1 1 0.0
403 20 7683 1 0 0 0 1 1 0 0 0 0 0 0 1 1 0 1 0 0 0 0 0.0
404 20 6731 0 0 0 0 1 0 0 1 1 0 0 0 0 1 0 1 0 0 1 0 0.0
405 20 7367 0 0 0 0 0 0 1 1 1 0 1 0 1 0 1 0 0 0 1 1 0.0
406 20 7935 0 1 0 1 0 0 1 1 0 1 0 0 0 1 0 0 0 0 0 1 0.0
407 20 8338 0 1 1 1 1 0 0 1 0 1 0 0 0 0 0 0 0 0 1 0 0.0
408 20 5301 0 0 0 0 1 0 0 0 0 1 0 1 0 0 1 0 0 1 1 1 0.0
409 20 8037 1 0 1 0 0 0 0 1 1 0 1 0 1 0 1 0 0 0 1 0 0.0
410 20 5684 0 1 1 1 0 0 0 1 0 0 0 0 0 0 0 0 1 0 0 1 0.0
411 20 7618 0 0 1 1 1 1 1 1 0 0 1 0 0 0 0 1 0 1 0 0 0.0
412 20 10619 1 1 0 1 1 0 1 0 1 1 0 1 0 0 0 1 0 1 0 1 0.0
413 20 6023 1 0 0 1 0 1 1 1 0 1 1 0 0 0 0 0 0 0 0 1 0.0
414 20 8540 1 0 0 0 0 0 1 1 0 0 0 1 0 0 1 0 1 1 0 0 0.0
415 20 9373 0 0 0 0 1 1 1 0 1 1 0 0 1 0 0 1 1 1 0 0 0.0
416 20 8829 0 0 1 0 0 0 0 1 1 0 0 0 1 0 1 1 0 0 1 1 0.0
417 20 8513 1 1 0 1 0 0 0 0 1 0 0 1 0 0 0 0 1 1 1 0 0.0
418 20 7783 0 0 0 1 1 0 0 0 1 0 0 1 1 1 1 0 0 0 1 1 0.0
419 20 9980 0 0 1 1 0 0 1 0 0 1 0 0 1 0 0 0 1 1 0 1 0.0
420 20 8620 0 0 1 0 1 1 0 0 1 0 0 1 0 0 1 1 0 0 0 1 0.0
421 20 9690 0 1 0 1 1 0 0 0 0 1 1 0 1 1 1 0 0 0 1 1 0.0
422 20 7799 1 0 1 1 0 0 1 1 1 0 0 1 0 0 1 1 0 0 0 0 0.0
423 20 8665 0 1 1 1 1 0 0 0 0 1 0 0 1 1 0 1 0 0 0 1 0.0
424 20 7866 1 0 1 1 0 0 1 0 0 1 1 0 1 0 0 0 1 0 1 1 0.0
425 20 7288 0 0 0 0 0 0 0 1 0 0 1 0 1 0 0 1 0 1 1 1 0.0
426 20 8648 1 0 0 1 0 1 1 1 0 0 0 0 0 0 0 0 1 1 1 1 0.0
427 20 9794 1 1 0 1 0 1 1 1 0 1 1 0 1 1 0 1 0 0 0 0 0.0
428 20 8259 1 1 0 0 0 0 1 0 0 1 1 0 0 1 0 1 1 0 0 1 0.0
429 20 6712 1 1 1 0 0 0 0 0 1 0 0 0 1 0 0 1 0 0 0 1 0.0
430 20 8693 1 0 1 0 0 0 0 0 1 1 1 0 0 0 1 0 0 0 1 1 0.0
431 20 9010 1 0 1 0 1 1 1 1 0 0 0 1 0 0 1 0 0 0 0 1 0.0
432 20 9188 1 0 1 1 1 0 0 1 0 1 0 1 0 1 0 0 0 0 0 1 0.0
433 20 8651 0 0 1 1 1 0 1 0 1 0 1 1 0 0 0 1 0 0 0 0 0.0
434 20 9397 0 0 0 0 1 1 0 0 1 0 0 1 0 1 0 1 0 1 1 0 0.0
435 20 6819 0 0 1 0 0 0 0 0 1 0 0 1 1 0 1 0 1 1 0 1 0.0
436 20 7428 1 0 0 0 1 1 0 1 1 0 1 1 0 0 1 0 0 0 0 0 0.0
437 20 8745 0 0 1 0 0 0 0 0 1 1 0 0 0 1 1 0 1 1 0 1 0.0
438 20 8024 0 1 0 1 0 0 0 1 0 1 1 1 1 0 0 0 1 0 0 1 0.0
439 20 8958 0 1 0 1 0 1 1 0 0 0 1 1 0 0 0 1 1 0 0 0 0.0
440 20 8017 0 1 0 1 1 1 0 0 0 0 0 1 0 0 1 0 0 1 1 0 0.0
441 20 9269 1 0 0 1 0 1 1 0 0 1 0 0 1 1 1 1 0 0 1 0 0.0
442 20 7904 1 0 0 1 1 1 1 0 0 1 0 0 0 0 0 0 1 0 1 1 0.0
443 20 9837 0 1 0 0 0 0 0 1 1 1 0 0 0 0 1 1 1 1 1 1 0.0
444 20 6658 0 0 0 1 0 1 0 1 0 1 1 0 0 1 0 0 1 1 0 0 0.0
445 20 7246 0 0 1 0 1 0 0 0 1 0 1 0 1 0 1 1 0 0 0 0 0.0
446 20 7320 0 0 1 0 1 1 0 1 1 1 0 0 1 1 0 0 0 0 0 0 0.0
447 20 7595 1 1 1 1 1 1 0 0 0 0 0 1 0 1 0 0 0 1 1 0 0.0
448 20 9290 0 0 0 1 1 0 1 0 1 1 1 1 0 1 0 0 0 0 0 0 0.0
449 20 6423 0 0 0 0 0 1 1 1 0 0 0 0 1 1 1 0 0 1 1 0 0.0
450 20 10645 0 0 0 0 1 1 0 1 0 1 0 1 1 1 0 0 1 1 0 1 0.0
451 20 6235 1 0 0 0 0 1 1 0 0 0 0 1 0 0 0 0 0 0 1 1 0.0
452 20 7964 0 1 1 0 0 0 1 1 0 1 0 1 0 0 0 1 1 0 1 1 0.0
453 20 6349 1 0 1 1 0 0 0 0 0 0 0 1 0 1 1 0 0 1 0 0 0.0
454 20 8813 0 0 1 1 0 1 0 1 0 0 0 1 1 0 0 1 1 0 1 0 0.0
455 20 6814 0 0 1 1 1 0 0 1 0 0 0 1 1 0 1 1 0 0 0 0 0.0
456 20 9201 0 0 1 0 0 0 1 1 1 1 1 0 0 0 1 0 0 0 1 1 0.0
457 20 6832 1 0 0 0 0 1 0 0 0 0 0 0 0 0 1 1 1 0 1 0 0.0
458 20 7790 0 0 1 0 1 0 1 1 0 1 0 1 0 0 1 0 1 0 1 1 0.0
459 20 8077 1 0 1 1 0 1 1 1 0 0 0 1 0 0 0 0 0 1 0 1 0.0
460 20 5924 0 0 0 0 0 1 0 0 0 0 0 0 1 1 0 1 1 0 0 1 0.0
461 20 10293 0 0 0 1 1 1 1 0 0 1 0 1 1 0 0 0 1 1 0 1 0.0
462 20 7931 0 0 1 0 0 1 0 1 0 1 0 0 1 1 0 1 0 1 0 0 0.0
463 20 6707 0 0 0 1 0 0 0 1 1 0 0 1 0 1 0 0 0 0 1 1 0.0
464 20 7003 0 1 0 0 1 0 0 1 0 0 0 0 0 1 1 0 1 0 1 0 0.0
465 20 8877 0 0 0 1 1 1 1 0 0 0 0 0 0 0 0 1 0 1 1 0 0.0
466 20 6845 1 1 1 1 0 0 0 1 0 0 0 0 1 0 0 0 0 0 0 1 0.0
467 20 9369 1 0 1 0 1 0 1 0 1 0 1 1 1 1 0 0 1 0 0 0 0.0
468 20 7573 0 1 0 0 0 1 1 0 1 1 0 0 1 0 1 0 0 0 0 0 0.0
469 20 7621 0 0 0 1 0 0 0 0 1 1 0 1 1 0 0 0 1 1 0 0 0.0
470 20 5198 0 0 0 1 0 0 0 0 1 0 0 0 0 1 1 1 0 0 1 0 0.0
471 20 8947 1 0 0 1 1 1 0 0 0 0 0 1 1 0 0 0 0 1 0 1 0.0
472 20 6773 0 1 0 0 0 1 0 1 0 1 1 0 1 0 1 0 0 0 0 1 0.0
473 20 7884 1 1 1 0 0 1 1 1 0 0 1 0 1 0 1 0 0 1 0 0 0.0
474 20 7615 1 0 1 0 0 0 1 0 0 1 1 1 0 0 0 1 0 0 0 1 0.0
475 20 7877 1 0 0 1 1 0 0 0 0 0 1 0 1 1 0 1 0 0 0 1 0.0
476 20 7010 0 0 0 0 0 1 1 0 1 0 1 0 0 0 1 1 0 0 0 1 0.0
477 20 9577 1 1 0 1 1 1 1 0 0 1 0 0 0 1 0 0 0 1 1 0 0.0
478 20 9496 1 0 0 1 0 1 1 0 0 0 1 0 1 0 0 1 0 0 1 0 0.0
479 20 8970 1 1 0 1 1 0 0 0 0 0 0 0 1 0 0 0 1 1 1 1 0.0
480 20 7140 1 1 0 0 0 0 0 1 1 0 1 0 0 1 0 1 0 0 0 1 0.0
481 20 7617 1 0 0 1 1 0 0 1 0 1 0 1 0 1 0 0 0 0 0 1 0.0
482 20 8254 0 0 0 1 1 0 0 0 0 1 1 0 0 1 1 0 0 1 1 1 0.0
483 20 5918 0 0 0 1 0 1 0 0 1 0 0 0 1 0 0 1 0 0 1 0 0.0
484 20 7608 1 1 1 0 0 1 0 0 0 0 1 0 0 0 1 0 0 0 1 1 0.0
485 20 10110 0 0 1 1 0 0 1 1 1 0 1 1 1 0 0 0 0 1 1 0 0.0
486 20 6804 1 0 0 0 0 1 0 0 0 1 0 1 0 0 1 1 1 0 0 1 0.0
487 20 8311 0 0 0 0 0 1 0 1 1 0 0 1 1 1 0 0 0 1 0 1 0.0
488 20 7716 1 0 0 1 0 0 0 1 0 1 1 1 0 0 0 1 0 0 0 0 0.0
489 20 6982 0 0 1 0 0 1 0 1 0 1 1 1 0 0 0 0 0 0 1 1 0.0
490 20 7014 0 0 1 0 0 1 0 1 1 0 0 1 1 0 0 0 0 0 1 0 0.0
491 20 9753 1 1 1 1 0 1 0 0 0 1 0 0 1 0 1 1 0 1 0 1 0.0
492 20 6474 0 0 0 1 1 0 0 1 0 1 0 0 0 0 0 1 1 1 1 0 0.0
493 20 8835 1 1 0 0 1 1 0 0 0 0 1 1 0 1 1 0 0 0 1 0 0.0
494 20 6471 0 1 0 1 0 0 1 1 0 1 0 0 1 0 0 0 0 0 1 0 0.0
495 20 7695 0 0 0 1 1 0 0 1 1 1 1 0 1 0 0 0 1 0 0 1 0.0
496 20 7679 0 1 1 0 0 0 1 0 0 1 0 0 0 0 0 0 1 0 1 1 0.0
497 20 9276 0 1 0 0 0 1 0 1 0 0 1 1 0 1 1 0 0 1 0 1 0.0
498 20 9446 0 0 0 1 1 0 1 1 0 1 1 0 0 1 0 1 0 1 0 0 0.0
499 20 7494 1 0 0 0 1 0 1 0 0 0 0 0 0 1 1 1 0 0 1 1 0.0
500 20 8567 1 0 0 1 1 1 0 0 0 1 0 1 1 1 1 0 0 0 0 0 0.0
