1 5 140 257 258 50 388 125 902 228 852 44 404
2 5 107 15 1466 131 133 137 989 118 602 138 1200
3 5 133 149 1035 20 500 262 1278 99 857 136 284
4 5 75 7 1185 52 530 78 1316 142 295 98 447
5 5 53 14 881 42 1249 15 888 106 1062 90 129
6 5 76 78 1173 75 460 78 207 67 1301 84 498
7 5 104 115 1357 206 1152 129 1023 55 152 16 71
8 5 119 6 1193 235 964 183 1399 150 1392 23 656
9 5 85 11 302 81 1259 155 1164 69 1329 109 830
10 5 120 35 1194 119 149 158 1356 70 94 221 956
11 5 103 98 1335 107 1378 203 990 103 514 7 962
12 5 83 125 1047 53 562 172 421 46 868 21 1485
13 5 84 38 634 162 651 17 1165 178 1414 26 249
14 5 96 90 275 88 421 53 947 194 101 59 839
15 5 87 111 442 142 1472 64 185 65 735 54 701
16 5 85 43 177 4 604 57 666 224 548 100 468
17 5 81 185 179 40 746 60 1078 4 859 119 351
18 5 164 114 750 212 1490 199 147 250 425 45 433
19 5 129 273 51 121 414 1 8 64 1346 187 314
20 5 89 6 1 140 107 49 522 120 1160 133 948
21 5 101 38 578 71 290 166 1326 159 1433 71 246
22 5 101 12 229 175 660 122 315 172 1151 24 950
23 5 72 61 1347 64 611 92 1347 84 225 61 1126
24 5 81 21 1372 205 1066 19 1260 122 300 41 1290
25 5 118 188 446 212 1168 64 296 104 1173 23 591
26 5 133 177 617 211 1185 14 846 7 1131 258 645
27 5 73 147 1126 10 919 42 1291 128 200 39 693
28 5 122 116 273 165 1074 165 929 144 410 23 177
29 5 104 228 1086 130 1465 131 1362 14 932 21 112
30 5 136 248 1123 194 324 143 58 40 1273 55 1105
31 5 73 27 1175 92 392 163 773 27 345 57 354
32 5 143 170 997 188 759 172 1156 150 29 37 100
33 5 96 9 629 40 1421 117 184 161 810 155 86
34 5 97 208 420 94 236 39 1484 121 978 26 1322
35 5 102 122 121 94 1013 193 1162 93 1062 10 177
36 5 130 118 1130 3 551 106 13 146 1348 278 930
37 5 49 18 1103 40 734 71 613 84 450 33 201
38 5 58 7 1164 114 948 21 1111 143 743 8 740
39 5 123 76 1189 141 1386 52 1023 135 1399 212 1448
40 5 105 190 1495 49 493 214 30 63 1488 9 1255
41 5 134 200 1230 52 1184 165 555 72 670 184 1197
42 5 106 164 802 74 590 163 597 6 685 127 268
43 5 106 50 1272 98 629 213 743 64 487 109 1349
44 5 112 196 609 169 121 15 79 26 1106 156 1419
45 5 80 39 1392 104 1374 32 1259 101 210 127 332
46 5 128 141 1370 90 517 156 113 136 783 119 447
47 5 83 92 1059 4 1396 155 762 108 1103 60 834
48 5 139 186 704 109 1452 244 1050 116 1488 44 169
49 5 109 83 1208 74 46 123 832 197 870 71 573
50 5 119 75 1170 233 601 25 1174 139 366 125 37
51 5 103 106 1367 74 69 8 143 147 1468 182 135
52 5 41 82 1211 76 272 10 1490 1 472 37 836
53 5 89 244 1021 32 76 29 814 95 1080 46 711
54 5 98 73 1423 82 79 173 385 4 1086 162 1193
55 5 128 98 280 141 956 108 877 209 1200 87 488
56 5 61 10 1377 26 540 161 311 8 563 100 1421
57 5 96 18 328 89 199 190 160 79 906 104 735
58 5 96 185 1311 153 1123 21 850 119 455 2 245
59 5 72 270 533 9 1464 13 233 12 734 57 104
60 5 60 76 348 174 1268 12 62 13 947 27 818
61 5 135 191 88 144 451 213 176 89 552 40 61
62 5 107 239 891 46 1308 37 1037 191 1409 25 812
63 5 116 102 730 80 295 177 1325 196 1399 25 829
64 5 102 202 958 83 821 58 610 135 319 35 228
65 5 76 94 1201 109 746 87 936 6 1209 84 382
66 5 149 176 836 181 22 57 954 95 151 236 344
67 5 76 137 641 68 553 41 74 53 573 83 709
68 5 51 27 716 29 1412 69 48 31 1139 102 301
69 5 119 178 704 7 1148 255 1075 139 1385 19 35
70 5 113 224 1496 38 238 191 65 42 645 72 1273
71 5 142 180 495 219 980 54 976 199 482 62 367
72 5 117 120 421 264 565 63 914 109 742 29 554
73 5 80 64 393 199 149 9 1236 102 98 29 1120
74 5 128 185 1297 162 1446 47 419 78 68 170 956
75 5 140 32 405 133 1264 101 239 189 1442 245 324
76 5 141 40 1341 121 279 275 684 247 774 26 453
77 5 116 27 642 87 1075 162 801 171 1028 136 816
78 5 134 149 995 284 219 37 88 61 1335 139 1438
79 5 96 241 1298 58 318 3 971 125 1143 57 142
80 5 83 20 1443 119 1260 88 939 132 1249 58 349
81 5 63 47 621 108 117 59 338 22 158 81 512
82 5 69 100 645 125 388 6 494 48 848 70 846
83 5 82 192 823 52 683 75 181 37 1401 56 303
84 5 120 137 1162 125 473 173 1220 130 1063 37 411
85 5 105 161 756 185 1119 62 1 43 777 74 1416
86 5 104 214 196 92 85 34 55 98 132 82 1418
87 5 91 133 929 15 1296 174 935 43 1041 94 73
88 5 114 207 1077 35 1460 115 158 212 770 5 580
89 5 147 202 933 248 662 38 767 100 758 150 724
90 5 81 152 227 43 330 2 1242 153 1377 57 1266
91 5 115 106 1064 92 1071 129 446 187 233 63 854
92 5 129 187 1379 192 814 8 264 107 1358 151 126
93 5 65 164 514 100 1332 32 151 30 1494 3 781
94 5 124 157 1354 43 323 171 1232 239 730 11 321
95 5 146 160 369 110 975 180 1076 109 481 173 803
96 5 70 73 1 8 1034 70 1066 157 1235 43 594
97 5 114 188 857 43 525 17 347 263 539 59 667
98 5 73 28 804 83 963 101 62 13 272 144 1320
99 5 74 7 1291 72 386 55 265 133 399 106 174
100 5 121 218 1336 111 1158 93 1357 106 828 80 217
101 5 110 98 1386 30 1023 122 814 67 706 235 712
102 5 166 137 275 214 111 200 540 73 1248 207 753
103 5 163 236 458 46 1257 264 613 171 1174 102 413
104 5 56 115 1013 30 539 82 1226 18 961 36 566
105 5 53 60 1459 25 246 62 689 26 13 95 1496
106 5 88 71 1236 98 263 74 1415 4 213 195 1254
107 5 63 2 1350 157 495 84 1063 66 349 9 442
108 5 162 122 1297 222 1440 156 407 158 1361 156 936
109 5 65 12 472 56 929 38 661 221 953 1 1424
110 5 165 276 1348 266 991 56 400 33 999 195 616
111 5 47 55 1035 20 159 92 1295 60 1115 12 1054
112 5 131 140 768 206 82 217 421 78 1457 15 636
113 5 111 51 1329 100 219 214 761 29 956 165 1155
114 5 88 39 1160 11 751 191 804 18 1006 182 1145
115 5 165 160 361 183 412 256 60 215 174 11 962
116 5 108 228 607 155 1465 74 1285 64 314 20 201
117 5 102 180 1163 64 201 53 924 61 805 155 58
118 5 129 130 1357 182 100 29 185 91 925 215 1420
119 5 80 98 1212 119 1139 22 1214 50 120 112 539
120 5 79 35 1168 131 22 149 1076 15 34 65 1103
121 5 148 156 825 143 448 251 1398 102 151 92 1140
122 5 89 65 65 83 598 133 466 36 146 132 922
123 5 111 184 465 105 346 91 174 13 120 162 1185
124 5 89 15 125 106 778 41 1084 203 240 82 513
125 5 89 77 492 186 1434 13 707 109 593 60 1114
126 5 129 226 899 73 1178 149 922 82 551 118 1468
127 5 92 41 1259 3 427 207 703 102 1107 110 213
128 5 136 73 170 222 460 219 987 100 1434 68 741
129 5 92 64 336 163 169 65 1408 127 1499 41 867
130 5 76 101 638 123 1149 12 462 91 1017 54 234
131 5 133 67 326 136 307 150 975 94 825 220 49
132 5 89 239 1166 2 1462 93 1372 71 576 43 289
133 5 84 49 15 71 120 73 933 200 1169 30 1460
134 5 38 55 1089 5 1394 60 304 49 494 25 953
135 5 53 97 697 58 1449 61 1070 39 1222 10 1436
136 5 55 98 1285 33 127 6 113 20 1053 121 987
137 5 52 108 757 42 747 39 159 18 436 56 265
138 5 179 254 1149 60 763 71 1015 286 1247 224 252
139 5 105 52 692 79 1257 31 299 174 801 190 1080
140 5 144 176 562 75 531 240 474 59 206 170 727
141 5 109 222 1244 13 359 237 908 47 569 29 1422
142 5 106 213 1288 162 1349 53 1351 87 89 19 547
143 5 83 32 800 48 849 76 646 178 226 81 707
144 5 52 173 855 18 817 22 1048 8 411 39 1308
145 5 133 298 1408 181 922 47 948 114 1000 28 410
146 5 60 101 97 130 1372 7 34 47 330 15 14
147 5 97 31 916 60 1323 31 1198 245 234 118 766
148 5 138 210 396 26 483 76 1411 147 953 233 931
149 5 57 50 707 49 344 174 237 11 650 1 618
150 5 94 222 148 69 1135 1 518 56 740 124 1341
151 5 81 37 1222 249 788 36 716 25 1149 62 410
152 5 77 34 1067 211 513 47 1292 38 696 55 1001
153 5 85 110 950 9 381 263 714 15 1239 32 990
154 5 135 117 62 213 1366 45 921 187 593 115 749
155 5 127 118 1124 17 400 92 1500 164 1386 246 741
156 5 150 166 966 71 1468 97 1252 231 222 188 592
157 5 90 142 1309 73 1238 11 457 205 1392 20 73
158 5 70 13 114 150 252 51 551 104 553 32 292
159 5 108 151 874 57 121 133 1375 134 917 65 1029
160 5 121 272 415 40 676 198 637 69 195 30 99
161 5 56 149 933 25 975 61 541 34 1466 15 77
162 5 50 17 432 19 381 54 113 75 823 87 805
163 5 91 67 571 11 547 110 854 71 1330 199 198
164 5 141 55 1399 109 803 274 443 74 1033 196 715
165 5 111 46 786 224 175 56 266 173 130 59 611
166 5 66 185 951 25 447 65 834 8 396 51 1023
167 5 108 58 133 133 635 30 905 69 120 250 1201
168 5 135 238 639 17 15 197 1242 197 539 30 1287
169 5 74 142 127 50 55 158 872 21 696 1 1257
170 5 105 5 116 44 828 118 919 174 1207 184 691
171 5 49 23 579 32 972 94 315 91 151 6 691
172 5 99 96 592 127 195 10 943 217 266 45 392
173 5 76 25 701 214 1381 77 1414 5 984 63 1467
174 5 167 185 720 179 1090 267 496 135 448 70 714
175 5 81 34 1180 66 1246 82 401 190 857 37 810
176 5 170 117 669 197 352 193 1071 178 766 169 264
177 5 91 6 378 227 1120 48 783 10 490 164 604
178 5 111 4 625 168 226 92 1414 8 219 283 253
179 5 112 9 798 35 798 70 469 160 1230 286 1026
180 5 162 115 822 183 694 126 1372 94 965 293 471
181 5 66 61 1034 37 1142 16 219 111 1196 106 758
182 5 92 48 1201 127 418 200 727 66 125 21 871
183 5 120 260 224 152 999 111 926 61 1098 17 387
184 5 124 73 57 58 457 163 526 181 453 146 1053
185 5 83 144 302 5 889 16 1016 225 981 25 295
186 5 66 96 650 41 60 144 171 8 1025 44 302
187 5 108 60 367 81 102 115 826 101 485 187 240
188 5 107 107 291 154 1066 43 1251 89 612 142 774
189 5 68 175 1334 103 1451 24 1248 27 903 13 1378
190 5 77 117 898 13 1058 51 201 3 484 204 1438
191 5 90 49 723 41 1262 73 1132 159 66 128 595
192 5 35 30 893 26 657 93 980 15 1300 15 1489
193 5 102 4 93 179 602 2 1002 257 71 70 1476
194 5 101 107 245 157 371 41 193 78 156 124 167
195 5 61 24 83 215 345 2 901 33 630 33 691
196 5 104 137 1404 25 1447 148 1269 33 399 178 757
197 5 128 73 1290 154 1111 157 674 154 27 102 1480
198 5 69 18 918 61 472 154 512 22 1022 90 456
199 5 88 97 635 7 794 16 1359 54 1489 268 1042
200 5 62 69 938 28 239 108 472 96 304 11 544
201 5 149 73 1357 217 862 180 246 190 343 88 1406
202 5 138 147 1177 138 110 136 396 17 303 256 1036
203 5 109 10 944 50 1462 240 438 177 492 72 586
204 5 73 84 1351 20 764 127 1398 103 847 33 798
205 5 108 87 796 94 1436 267 214 64 679 32 938
206 5 88 48 396 69 408 108 1192 114 490 102 278
207 5 86 124 307 190 1309 96 258 17 1231 3 181
208 5 112 87 152 177 930 36 889 218 1148 45 1486
209 5 131 68 46 133 78 16 569 186 1093 256 1057
210 5 110 26 737 154 554 96 1468 143 1384 132 1233
211 5 95 50 480 2 792 151 1286 113 52 160 170
212 5 103 76 799 40 216 193 269 184 532 22 1379
213 5 61 97 1488 10 1216 61 206 60 737 81 1176
214 5 172 147 1270 280 85 74 560 150 786 213 591
215 5 90 190 1237 19 1306 13 622 36 684 194 920
216 5 108 95 675 183 1336 169 346 26 30 68 652
217 5 147 128 1343 215 1254 107 747 115 1008 172 1491
218 5 113 69 520 58 357 184 551 145 37 110 1165
219 5 146 47 353 136 200 122 165 165 993 260 1473
220 5 78 161 884 79 943 40 1054 13 1192 99 603
221 5 108 152 688 66 1498 262 958 49 807 13 1463
222 5 111 66 1459 129 964 25 838 94 245 245 1051
223 5 77 47 1448 53 1158 48 749 70 911 171 1411
224 5 102 58 381 155 1206 23 1485 142 1100 134 465
225 5 99 128 276 198 1008 35 938 23 241 115 939
226 5 39 25 1425 17 1461 50 689 87 802 17 476
227 5 106 169 1199 129 489 91 241 121 1213 20 7
228 5 98 122 888 104 1479 130 709 7 1102 127 899
229 5 79 32 570 139 1226 107 1176 95 259 23 288
230 5 111 160 469 1 799 249 95 21 428 128 354
231 5 103 96 52 125 875 71 180 6 94 221 889
232 5 86 79 1302 152 1143 17 1303 65 684 119 630
233 5 101 63 211 95 42 184 988 146 972 18 929
234 5 105 151 145 44 70 39 928 100 139 193 1414
235 5 122 209 1157 52 1064 237 1208 33 868 81 1228
236 5 97 33 306 74 746 109 687 165 1341 104 1147
237 5 82 38 801 145 357 57 1157 27 311 145 1126
238 5 85 106 120 10 1268 130 916 48 949 133 869
239 5 166 252 601 37 23 187 674 144 745 212 1044
240 5 139 109 1355 154 866 195 1010 74 62 163 2
241 5 99 129 947 72 1242 12 279 263 954 21 657
242 5 118 58 950 229 1441 164 945 60 49 82 516
243 5 135 60 420 265 669 137 1500 26 902 190 125
244 5 65 88 661 101 1303 22 521 72 46 45 834
245 5 154 188 253 41 66 154 961 237 771 150 904
246 5 98 134 657 10 1042 63 1459 51 21 233 1223
247 5 20 13 74 45 47 19 266 18 736 8 732
248 5 86 8 647 15 559 233 260 122 1343 55 1448
249 5 128 176 1262 134 735 261 1121 54 789 18 1494
250 5 62 30 1297 144 1298 17 975 65 1350 54 230
251 5 44 31 524 10 761 144 1083 30 52 8 456
252 5 101 221 570 24 1065 31 909 177 44 54 843
253 5 54 32 718 32 609 122 1451 39 145 48 151
254 5 163 275 702 66 1169 187 1266 243 1222 46 19
255 5 136 128 645 220 1494 70 978 172 343 91 918
256 5 90 89 31 8 1261 61 698 60 288 234 594
257 5 104 218 115 64 7 62 330 18 21 158 299
258 5 77 7 203 168 676 57 89 56 7 100 1134
259 5 85 40 1494 37 144 23 958 166 179 162 1317
260 5 82 171 569 82 453 5 1478 100 918 52 569
261 5 144 220 1434 113 1490 224 1391 8 1243 157 1065
262 5 43 25 1299 55 765 39 580 86 1484 13 699
263 5 121 61 1378 221 1003 207 600 68 370 51 242
264 5 105 250 413 59 876 204 456 14 1068 1 226
265 5 77 192 1262 18 1297 94 1161 54 1376 30 538
266 5 95 102 1339 10 615 167 1052 70 199 130 666
267 5 103 148 831 95 495 64 105 69 1349 140 1347
268 5 112 148 262 20 772 6 1378 263 25 125 991
269 5 81 36 161 11 348 77 820 59 1335 223 987
270 5 76 174 146 64 1135 20 1185 62 105 64 327
271 5 80 114 496 71 294 120 1351 90 447 8 1331
272 5 64 44 840 122 957 134 489 1 509 21 24
273 5 166 178 952 133 278 214 379 242 112 66 181
274 5 138 91 1117 261 1419 242 108 29 495 69 1172
275 5 97 107 1275 116 298 210 288 5 344 50 324
276 5 59 114 26 33 16 35 513 103 101 13 168
277 5 105 228 1039 2 534 177 898 40 1130 78 512
278 5 170 203 1149 246 523 182 509 219 807 4 1196
279 5 188 234 265 181 560 151 222 278 1264 99 138
280 5 89 77 820 91 201 17 790 4 1259 258 195
281 5 89 72 887 110 938 36 368 116 1311 112 1223
282 5 83 67 1264 100 62 65 326 110 148 75 380
283 5 89 32 664 1 1421 177 485 91 558 147 1339
284 5 76 119 656 89 188 27 68 81 409 68 936
285 5 114 211 775 57 530 42 691 73 1102 189 618
286 5 68 169 978 8 318 126 148 33 762 8 913
287 5 110 9 1124 103 1207 151 111 264 496 24 565
288 5 113 162 172 139 630 102 1035 96 453 66 412
289 5 76 9 1117 183 618 15 94 143 1161 30 1233
290 5 76 20 1333 93 1355 142 209 71 1467 55 1132
291 5 93 135 821 44 417 21 1244 175 1165 90 561
292 5 58 55 690 57 789 60 1282 28 1070 90 747
293 5 132 25 1236 245 352 100 1358 248 254 42 1198
294 5 103 71 828 153 683 101 1309 91 1269 99 739
295 5 75 21 871 51 1059 1 933 106 214 196 277
296 5 101 69 197 107 593 124 1253 66 63 140 673
297 5 86 23 114 104 1397 170 1197 3 893 134 805
298 5 90 10 60 117 642 193 369 51 281 82 181
299 5 135 103 1401 210 110 101 1182 184 764 78 1137
300 5 74 125 922 72 367 57 673 50 543 67 656
301 5 79 53 1064 142 1157 13 207 152 1263 39 561
302 5 109 137 891 80 851 90 607 47 1293 193 965
303 5 61 13 911 75 295 187 1088 21 942 13 417
304 5 132 135 273 199 366 200 56 120 161 6 650
305 5 159 277 402 176 376 139 1352 29 1084 174 927
306 5 114 126 875 34 112 163 72 68 666 182 1071
307 5 132 94 1495 210 594 129 1231 43 962 188 914
308 5 71 160 425 11 545 5 1402 36 1235 147 1222
309 5 59 58 916 58 875 95 939 67 836 21 1330
310 5 92 131 457 56 1041 106 1098 81 1392 89 1165
311 5 79 56 49 72 637 50 929 216 678 4 1124
312 5 123 147 1045 24 944 99 344 151 697 195 333
313 5 107 18 1347 54 812 145 160 155 509 163 501
314 5 67 64 649 67 926 59 1422 61 947 86 1062
315 5 101 129 515 153 464 194 642 12 1385 18 458
316 5 67 35 337 53 1494 5 1279 185 1429 58 379
317 5 104 135 222 90 989 20 1232 172 1240 104 996
318 5 115 31 1041 134 391 130 261 120 577 161 1105
319 5 109 83 618 55 507 163 485 204 335 44 1259
320 5 127 60 453 134 989 161 1203 13 1423 271 1255
321 5 93 104 1201 168 570 36 103 148 60 10 80
322 5 103 71 1184 55 1452 122 816 76 215 195 1449
323 5 87 245 794 110 1034 19 68 34 1038 30 173
324 5 63 25 1219 21 1019 118 1492 31 1247 124 131
325 5 77 104 1250 42 1279 97 49 82 1121 61 413
326 5 67 74 1416 10 659 136 669 109 38 7 319
327 5 76 12 604 90 126 52 401 169 294 57 1168
328 5 84 31 824 135 1394 97 45 151 191 8 688
329 5 110 182 644 19 157 87 512 125 619 139 258
330 5 84 58 1278 105 1426 53 1012 165 23 39 9
331 5 100 21 33 94 841 231 686 109 366 49 316
332 5 126 130 1345 239 11 140 890 6 98 119 287
333 5 97 48 1026 162 627 44 498 198 649 33 1036
334 5 43 16 768 9 463 7 365 6 995 179 1485
335 5 95 23 912 113 793 79 1354 116 1205 145 518
336 5 164 182 659 49 591 194 773 248 1363 150 282
337 5 110 292 1028 57 885 180 242 13 1150 8 582
338 5 49 79 942 114 225 37 324 13 1114 2 280
339 5 132 221 675 31 1260 207 1273 127 269 77 1248
340 5 139 29 506 94 1311 190 1361 164 1284 220 14
341 5 88 116 618 131 1121 21 53 104 782 70 376
342 5 132 172 1072 142 928 121 1243 76 690 153 102
343 5 48 58 1009 28 418 59 767 55 782 41 775
344 5 79 171 744 115 1188 13 1109 84 565 15 1155
345 5 120 209 876 146 1137 96 1017 145 989 6 82
346 5 93 4 633 107 1188 135 493 96 16 127 1499
347 5 53 16 476 30 768 82 936 108 1479 29 78
348 5 107 99 758 147 710 171 1149 14 559 108 595
349 5 68 5 485 69 1057 2 753 217 1412 49 623
350 5 97 84 1248 52 533 150 229 74 586 128 109
351 5 98 6 42 196 1025 108 849 8 1190 174 69
352 5 149 77 641 115 800 258 269 207 1282 91 306
353 5 146 43 1363 198 1273 193 250 211 1491 85 738
354 5 155 256 1193 128 1169 287 785 103 1248 2 322
355 5 126 233 607 40 207 115 1204 95 909 150 749
356 5 138 120 714 132 229 153 170 153 12 136 1495
357 5 101 238 345 123 638 30 389 85 390 31 1313
358 5 89 49 587 111 854 5 930 245 544 38 653
359 5 80 17 554 63 364 75 1319 154 749 92 804
360 5 125 101 1070 186 1363 110 615 203 547 27 843
361 5 50 42 225 108 1057 20 258 9 1369 74 1385
362 5 144 257 336 96 919 94 1495 8 790 268 290
363 5 102 171 562 3 147 35 1104 72 913 231 591
364 5 52 14 1270 12 1185 71 1107 113 846 54 566
365 5 100 55 759 263 1149 44 564 11 197 127 915
366 5 116 136 360 108 200 175 535 150 777 14 732
367 5 98 110 382 108 1321 40 931 8 633 224 1457
368 5 106 143 1082 14 852 66 768 33 87 278 1036
369 5 113 276 794 56 238 116 380 33 1149 84 1394
370 5 134 69 784 196 18 162 411 109 1357 136 1234
371 5 84 66 1245 100 1405 88 242 64 567 105 665
372 5 108 170 728 155 831 144 40 69 1013 3 286
373 5 81 102 1192 75 457 51 702 125 452 53 1223
374 5 77 19 736 183 724 18 888 106 14 60 1284
375 5 93 192 753 62 896 5 638 33 940 177 103
376 5 100 108 1121 2 1013 119 695 31 323 242 1360
377 5 78 116 1106 85 333 38 871 85 264 70 494
378 5 147 183 484 77 216 217 282 100 584 158 1174
379 5 150 75 93 184 108 129 42 153 1046 211 1098
380 5 87 2 568 41 1131 118 28 168 1004 109 190
381 5 55 27 1492 58 761 66 705 9 864 118 255
382 5 118 92 73 216 1306 198 426 4 561 83 1107
383 5 90 195 1325 64 1403 45 846 94 777 54 491
384 5 77 63 1064 156 763 156 1181 5 710 8 109
385 5 136 204 1154 47 663 242 653 175 59 14 1271
386 5 79 112 956 118 1091 36 1492 2 40 130 1278
387 5 128 241 757 57 1244 149 1387 115 634 78 964
388 5 49 8 932 78 643 18 871 13 1420 132 205
389 5 104 52 1198 7 501 247 419 201 683 17 272
390 5 80 18 1085 84 888 103 1427 38 517 158 714
391 5 65 37 389 53 1160 198 1263 32 844 6 361
392 5 57 126 404 59 885 7 361 40 122 54 153
393 5 62 165 78 12 983 37 235 87 1464 9 1232
394 5 89 178 419 28 564 101 1225 20 329 122 609
395 5 75 92 103 24 60 29 1002 104 484 127 464
396 5 58 68 1302 86 711 40 1295 69 103 30 828
397 5 106 24 987 124 510 48 1214 55 1450 280 1226
398 5 69 69 336 30 186 119 6 50 1158 81 512
399 5 79 91 197 171 452 40 762 65 478 31 1221
400 5 123 204 940 68 1220 285 1054 12 1262 47 642
401 5 42 84 1475 37 549 23 567 10 154 57 851
402 5 123 106 48 237 906 25 612 189 341 62 146
403 5 142 102 670 149 129 76 682 188 57 197 534
404 5 142 32 40 244 676 52 1240 147 1014 235 58
405 5 106 31 689 71 360 139 43 77 1448 216 1030
406 5 83 232 809 4 1176 67 783 15 1111 98 588
407 5 92 116 890 35 841 72 435 93 1140 145 76
408 5 130 115 752 105 788 269 1109 58 586 103 970
409 5 132 66 218 97 1380 268 262 199 189 30 36
410 5 90 67 293 45 837 106 32 9 1449 223 1002
411 5 107 74 1104 142 591 215 900 11 369 94 138
412 5 84 7 1101 183 740 40 162 31 882 159 165
413 5 108 68 857 89 1407 147 170 51 181 188 1490
414 5 57 181 749 22 391 28 1122 51 127 7 612
415 5 130 275 827 41 1038 52 866 40 789 243 998
416 5 70 48 179 31 1458 111 53 129 521 33 395
417 5 95 86 998 136 1474 83 991 139 1300 34 252
418 5 32 12 329 117 749 2 958 1 844 28 692
419 5 75 156 1201 72 1003 33 1225 24 350 90 75
420 5 118 130 1248 137 928 165 628 69 1337 89 489
421 5 97 139 334 79 359 45 1135 83 108 141 1258
422 5 75 111 465 40 1070 71 1314 133 1209 20 853
423 5 92 33 281 94 1188 94 117 118 982 121 79
424 5 131 144 1443 5 857 142 398 95 528 269 985
425 5 44 60 1479 45 1002 45 1201 52 1193 21 874
426 5 47 10 1199 43 78 70 143 6 1159 108 648
427 5 106 36 920 41 340 158 1218 226 1084 70 9
428 5 136 85 979 93 624 104 819 107 1026 293 401
429 5 87 5 1298 54 374 90 1485 146 787 144 817
430 5 69 73 475 100 1249 91 215 2 1059 81 1469
431 5 125 255 191 91 720 167 1404 25 313 88 386
432 5 70 137 1149 62 1005 28 742 78 617 47 1063
433 5 59 33 623 25 204 174 762 46 253 21 342
434 5 84 200 1260 51 683 34 356 98 159 40 1269
435 5 145 263 618 25 970 123 809 281 1412 35 859
436 5 63 162 277 63 724 31 680 14 1001 45 680
437 5 41 15 279 91 450 62 273 8 174 29 107
438 5 47 47 1226 21 815 56 159 9 300 106 486
439 5 90 13 798 9 375 181 300 202 405 48 520
440 5 72 102 1136 56 354 167 347 27 146 9 1027
441 5 132 70 643 233 518 65 541 232 532 62 844
442 5 115 213 356 72 724 23 1102 30 516 237 1465
443 5 155 82 1002 264 733 184 570 103 1292 143 28
444 5 126 272 126 74 1407 54 1241 73 246 160 1486
445 5 107 82 266 7 1433 86 1187 120 1003 241 958
446 5 123 253 1036 105 981 124 993 24 29 111 313
447 5 182 62 124 145 176 202 1095 293 275 210 31
448 5 80 86 1354 224 638 13 753 21 780 57 869
449 5 114 95 705 166 1497 42 1454 123 1175 144 264
450 5 93 212 649 144 780 40 548 53 1208 17 1109
451 5 163 155 611 100 684 187 855 251 1082 126 755
452 5 104 121 1220 89 859 64 19 233 1499 13 631
453 5 84 53 434 102 639 172 975 69 120 27 886
454 5 47 9 703 44 1346 156 759 12 1049 17 467
455 5 132 110 757 117 423 178 88 20 34 235 1036
456 5 83 61 140 42 1121 150 634 86 990 79 822
457 5 173 209 715 230 1259 51 887 137 803 240 716
458 5 91 111 336 117 421 67 196 3 749 158 124
459 5 114 177 667 134 827 78 1013 152 1446 32 212
460 5 64 253 523 19 296 11 6 33 1075 5 1217
461 5 51 53 1465 54 665 47 607 68 1100 37 714
462 5 72 69 1478 201 389 30 709 18 1275 46 114
463 5 74 74 137 35 119 13 357 53 1371 199 1184
464 5 101 49 543 124 1381 30 1148 184 280 121 297
465 5 141 131 555 126 672 220 1450 15 962 217 1071
466 5 91 3 1032 157 239 119 1479 99 214 80 55
467 5 100 62 715 79 259 208 547 38 55 116 1135
468 5 145 251 1459 186 293 111 590 149 527 28 453
469 5 40 24 1149 123 109 36 889 18 570 1 798
470 5 127 172 930 121 1436 3 336 163 928 177 101
471 5 117 85 1053 181 519 62 919 33 833 226 920
472 5 118 41 1032 69 1460 135 1394 150 623 196 131
473 5 41 1 218 18 870 63 847 84 1252 43 1382
474 5 88 56 391 101 737 48 1395 67 646 168 648
475 5 103 107 1145 146 460 207 884 13 411 43 1012
476 5 108 82 201 9 981 238 445 209 1399 4 771
477 5 90 67 932 49 339 258 489 75 1499 3 447
478 5 38 12 766 109 530 32 686 37 974 2 1476
479 5 75 63 708 71 1032 78 1047 13 918 152 1280
480 5 102 13 385 87 950 17 378 256 159 138 364
481 5 61 26 417 1 1369 80 332 197 507 5 62
482 5 84 48 588 48 1375 48 1494 61 702 216 768
483 5 151 167 633 144 879 202 464 64 966 178 29
484 5 115 132 16 211 451 10 1446 215 1206 8 1281
485 5 77 78 1367 98 1427 115 2 13 730 84 694
486 5 45 3 199 121 698 7 460 20 126 78 1100
487 5 98 52 501 119 898 32 87 245 63 44 1321
488 5 37 1 1500 34 792 81 109 20 1003 49 717
489 5 85 12 1417 116 880 85 314 140 890 75 1053
490 5 117 250 1000 89 495 6 915 200 1440 40 122
491 5 105 209 298 89 237 63 551 83 295 83 1058
492 5 74 55 111 142 563 34 1218 124 359 15 1342
493 5 53 99 318 79 592 28 1383 55 825 6 48
494 5 91 200 769 151 1225 34 1363 56 251 17 362
495 5 98 91 242 15 1057 148 1487 107 1256 130 1433
496 5 99 219 606 80 653 162 860 14 878 23 1162
497 5 82 55 107 171 1250 61 678 91 673 33 670
498 5 116 199 492 119 700 23 1165 237 301 3 147
499 5 56 122 840 10 32 55 932 59 1057 34 1198
500 5 151 206 481 58 324 68 1325 179 1412 245 558
