1 10 2 1 8 1 952 2 571 3 456 1 1175 1 7 1 1441 7 1148 3 971 5 168
2 10 3 2 1299 10 835 1 596 1 618 5 816 1 800 1 882 3 1396 5 443 2 901
3 10 2 3 1162 1 1489 2 1160 1 661 4 1098 1 799 6 55 4 1249 1 833 3 514
4 10 2 2 293 1 220 1 509 2 495 1 418 5 752 5 1369 2 1089 3 1027 7 365
5 10 3 1 35 1 1377 2 1123 8 790 2 1124 4 561 2 1242 2 40 4 1 7 317
6 10 3 1 844 3 1032 1 1471 1 798 5 354 1 62 5 1000 2 323 14 215 1 265
7 10 2 2 1057 4 259 3 709 7 990 1 1113 1 910 3 790 3 455 2 1059 2 755
8 10 4 2 290 9 1434 2 216 1 1353 2 1052 3 1386 14 700 4 451 2 711 1 221
9 10 5 9 938 8 646 11 130 3 718 1 381 1 115 1 1378 9 117 6 1037 2 1098
10 10 3 6 592 3 142 10 695 2 1413 2 978 1 1043 1 952 3 96 3 1249 1 507
11 10 3 4 1040 1 21 5 212 2 768 9 1255 7 753 4 200 2 643 3 1150 1 1432
12 10 2 2 1020 1 662 1 397 1 198 1 867 4 875 1 329 2 125 3 152 5 976
13 10 3 4 535 4 917 1 681 2 1415 5 286 1 252 7 838 3 1247 2 1255 5 81
14 10 3 1 1061 3 887 1 1467 1 227 6 1496 2 1485 6 942 4 834 1 477 8 380
15 10 3 5 836 1 187 1 831 2 562 3 1327 3 1468 9 928 3 1381 2 878 2 1
16 10 3 1 1149 8 446 2 1149 2 405 1 802 1 923 4 481 6 326 3 731 3 1319
17 10 3 4 692 8 861 1 655 1 501 6 1136 2 127 7 993 1 587 6 1419 1 193
18 10 2 3 915 1 607 3 160 1 540 3 1406 1 1029 3 893 1 73 4 643 2 657
19 10 2 10 1261 1 310 1 1246 2 1400 4 1231 1 1012 3 174 1 1308 3 1369 1 944
20 10 3 1 862 9 492 1 256 1 706 7 98 1 1070 8 519 3 1186 2 436 2 344
21 10 2 3 1059 1 629 1 454 1 1082 2 38 1 996 4 1155 1 1474 2 1175 11 292
22 10 2 3 1320 5 1474 1 1269 2 805 3 174 4 444 1 161 2 973 1 1073 1 861
23 10 1 2 186 2 222 1 637 3 52 2 31 3 387 1 1432 1 299 2 383 2 496
24 10 2 1 456 8 1134 1 388 6 521 1 882 1 397 1 538 2 1200 1 361 2 946
25 10 3 3 28 5 367 6 179 1 793 2 463 3 1153 4 754 2 212 5 1226 1 1243
26 10 2 2 151 2 1452 3 937 6 560 4 1001 1 1391 1 1470 3 320 3 43 2 333
27 10 2 6 183 2 326 1 1276 1 820 1 183 1 168 1 669 1 1060 2 343 4 1247
28 10 2 1 897 2 15 3 1499 1 88 3 222 1 1393 1 62 3 1426 3 289 2 111
29 10 3 7 1360 2 520 4 707 2 315 1 774 3 1374 2 190 3 1223 4 862 4 376
30 10 2 1 1052 3 89 1 496 1 148 6 700 9 1467 2 286 1 1357 1 82 1 472
31 10 2 3 1347 1 698 3 415 6 850 2 678 1 644 2 1317 1 271 2 1384 6 356
32 10 2 5 430 1 232 1 855 1 238 1 1070 4 1017 3 395 8 1483 4 1287 1 702
33 10 3 2 260 9 817 4 13 2 1274 1 599 3 378 2 927 5 1229 4 1011 3 1094
34 10 3 12 737 4 1112 3 501 7 24 1 465 1 1459 3 668 1 1028 1 694 1 1252
35 10 2 8 750 4 1464 1 1440 1 987 2 1303 5 1132 1 1145 1 1157 2 561 4 1194
36 10 3 3 1250 6 1455 6 626 3 231 1 231 1 1453 1 683 6 749 4 894 3 26
37 10 2 1 786 1 512 4 914 7 971 1 396 1 659 1 351 1 76 1 146 2 886
38 10 2 2 1049 1 291 4 635 1 617 1 1407 1 773 1 1382 3 1190 4 230 2 549
39 10 3 2 808 1 66 5 193 2 1449 6 351 1 492 4 263 4 591 1 1151 10 1322
40 10 1 1 501 1 1422 1 80 1 84 2 1155 2 1474 1 1188 2 1297 1 1046 1 489
41 10 2 1 364 2 735 1 476 1 962 4 565 5 611 3 1198 1 740 1 522 1 967
42 10 2 2 637 4 345 1 123 1 19 2 1256 3 312 2 1170 2 513 4 1372 3 1204
43 10 3 5 173 2 828 2 919 1 704 8 875 2 1350 2 788 3 849 2 1167 4 1063
44 10 3 1 1102 2 275 5 1370 9 680 2 1358 1 640 7 1440 3 1363 1 1488 1 688
45 10 3 1 44 2 810 1 668 5 1021 4 554 3 383 7 10 2 1265 2 669 3 210
46 10 2 8 1285 1 430 1 457 1 917 5 441 2 1384 2 1151 2 824 3 1453 1 1066
47 10 2 2 414 1 767 2 1229 2 683 3 407 2 180 4 1230 3 1057 1 231 2 1229
48 10 3 3 1186 1 266 2 1145 3 376 1 1466 3 144 7 850 10 1107 3 293 2 1477
49 10 4 3 1391 1 651 2 584 2 1480 1 498 2 240 3 576 6 1164 3 793 19 1273
50 10 2 1 514 2 1324 1 1433 3 77 3 971 2 1142 4 490 1 1334 9 932 3 123
51 10 2 3 921 2 745 1 977 1 337 3 794 1 1413 6 86 3 1331 2 96 1 1219
52 10 2 1 582 5 835 1 134 8 294 2 12 3 1036 3 928 2 152 1 1239 1 918
53 10 2 4 613 1 1232 1 54 4 1345 1 641 2 666 5 120 1 347 2 981 3 1093
54 10 2 2 636 3 976 2 4 4 889 1 590 1 1156 1 386 4 1144 1 71 3 337
55 10 3 1 75 2 1462 2 1 3 845 3 1003 1 737 1 1331 1 470 5 1062 12 406
56 10 2 3 911 3 893 1 693 1 25 4 1400 2 404 5 1323 3 13 2 354 4 803
57 10 3 1 649 8 627 4 1348 2 1341 2 1335 1 1414 5 641 5 1250 2 1481 4 675
58 10 2 1 666 3 1388 1 843 6 389 4 1159 1 1250 1 246 2 515 7 582 2 694
59 10 3 1 1437 5 397 4 1227 6 701 2 1224 5 763 6 1166 1 688 2 1416 2 621
60 10 1 3 607 2 20 3 405 4 1104 1 785 1 462 1 100 1 284 1 1374 1 1201
61 10 2 2 365 3 391 2 347 1 88 3 650 4 159 1 429 3 156 4 513 5 893
62 10 2 1 27 1 306 6 812 2 1485 3 977 2 950 2 1394 4 249 2 89 2 187
63 10 3 5 1373 2 794 2 1408 6 74 1 658 7 239 2 864 5 801 2 1240 5 1459
64 10 3 4 1482 7 277 7 1345 1 64 4 179 5 216 4 290 2 1098 4 182 1 1430
65 10 3 4 471 7 1348 4 403 2 1475 8 52 1 1365 1 483 2 625 1 883 4 1035
66 10 2 1 1190 4 207 1 1463 1 1463 1 896 1 1258 1 1355 2 1332 4 260 11 176
67 10 2 1 723 3 357 6 222 1 236 3 1356 1 1359 5 1422 4 1037 1 1105 1 423
68 10 1 1 378 1 1418 1 855 2 427 1 20 1 667 2 871 7 128 1 255 1 587
69 10 3 2 639 5 1488 3 468 1 638 1 980 10 921 1 636 1 55 2 1331 4 1317
70 10 3 2 991 2 256 2 1388 7 82 2 798 7 790 3 192 5 1485 2 129 2 1143
71 10 3 8 103 6 1251 2 1131 4 223 3 890 5 722 4 488 3 774 1 95 3 1488
72 10 1 1 614 2 66 1 1265 2 1311 2 163 3 393 1 923 2 101 3 1488 1 576
73 10 3 4 887 1 1129 3 1459 3 721 1 350 3 350 2 1229 10 1227 4 291 3 1473
74 10 2 3 1064 1 489 3 651 1 622 2 1235 5 366 3 1351 1 1082 1 22 1 97
75 10 3 1 1212 3 135 7 1252 2 1195 3 426 4 1134 8 753 4 434 3 1176 1 68
76 10 2 1 1470 2 353 1 1489 2 15 1 80 2 849 3 1236 5 1258 2 1239 2 301
77 10 3 5 537 9 755 1 120 6 640 6 727 3 1193 1 899 2 1115 1 845 1 101
78 10 3 1 37 6 781 5 508 12 1014 2 269 2 1072 2 813 4 1042 1 684 1 277
79 10 2 1 228 1 772 1 1023 5 1028 1 209 1 337 1 1186 4 1372 8 56 1 195
80 10 3 1 261 1 1335 5 201 1 1366 5 1064 6 1306 5 729 4 436 1 506 1 440
81 10 2 5 903 1 1481 1 356 2 250 2 1391 1 328 1 60 1 350 1 68 8 74
82 10 3 2 883 3 236 1 1482 10 265 4 1198 5 643 1 774 1 397 3 637 1 1393
83 10 2 2 368 1 688 2 130 6 1081 2 576 3 1185 2 1465 6 1264 3 853 2 833
84 10 4 7 1017 3 164 2 312 1 1005 1 909 9 182 4 169 8 29 1 1343 4 977
85 10 2 1 571 1 1084 7 1035 3 236 5 1015 1 732 2 1394 3 1041 1 1428 1 428
86 10 2 1 400 1 609 5 571 7 520 3 1013 2 143 1 303 2 304 1 1104 1 1310
87 10 2 2 476 2 529 9 502 1 206 2 208 1 1174 4 1295 2 280 2 90 2 714
88 10 4 1 178 4 368 2 789 10 1042 7 1043 5 531 2 338 5 621 3 99 3 1487
89 10 3 1 357 1 1484 3 975 4 885 3 1242 1 1394 4 1321 6 983 6 121 6 666
90 10 3 4 1128 3 1370 9 721 2 268 1 1349 1 756 5 556 5 267 3 1160 1 891
91 10 2 1 51 2 731 2 532 3 480 3 280 1 248 1 794 3 1177 5 1068 4 1161
92 10 3 3 1332 5 194 8 1150 1 568 1 567 3 1165 1 599 1 377 5 164 2 1479
93 10 5 5 1127 5 1335 2 304 2 560 15 898 10 312 3 720 1 1282 7 760 6 1157
94 10 3 2 161 1 617 3 1301 7 1064 2 734 6 118 2 445 6 73 3 936 2 1329
95 10 2 1 19 3 1468 4 823 1 703 2 1127 6 483 1 588 1 268 2 165 1 356
96 10 2 4 1244 4 1312 3 429 2 3 3 1426 3 1366 4 310 1 948 1 952 2 54
97 10 3 2 601 4 176 2 1357 6 441 7 957 1 186 1 802 3 1482 1 1290 11 959
98 10 3 1 456 2 1405 4 558 5 642 3 592 4 530 5 39 3 364 3 823 3 430
99 10 5 5 1200 12 897 7 1048 2 1322 10 11 4 1416 5 1139 6 899 5 529 1 1338
100 10 2 4 840 1 656 3 1142 1 525 2 1033 3 67 7 244 4 1210 1 12 2 1064
101 10 2 5 1069 5 1019 3 1382 1 263 1 1444 2 12 1 1353 2 466 5 1224 1 674
102 10 2 1 827 1 47 2 805 1 564 5 194 1 1013 2 1349 1 960 5 1213 4 500
103 10 4 5 1133 1 892 9 681 1 1293 9 684 1 549 3 1270 7 639 1 1325 3 213
104 10 1 1 80 2 631 1 1084 1 1195 4 511 3 1259 3 1169 1 1327 2 334 1 1183
105 10 4 4 776 8 260 2 528 5 969 9 149 7 1088 2 1108 4 191 7 1418 1 334
106 10 3 1 752 3 838 1 1411 2 211 5 1252 2 975 4 451 4 911 8 885 5 650
107 10 3 1 282 1 1242 8 162 4 1417 1 1222 3 1268 2 1287 9 595 7 60 2 898
108 10 2 1 289 2 194 2 1445 4 1426 1 48 1 869 3 861 2 685 2 436 4 673
109 10 2 3 846 3 742 1 1028 6 1132 2 792 3 918 2 837 4 164 2 890 2 688
110 10 2 4 1267 2 675 3 487 2 1467 2 500 6 1487 3 1105 1 435 1 1075 2 23
111 10 4 4 117 3 61 22 1109 6 489 1 527 3 264 1 937 5 357 1 664 2 1336
112 10 4 1 1164 6 755 3 1354 2 1298 1 197 6 20 14 1006 2 327 4 1064 5 1498
113 10 2 2 932 3 939 3 315 4 907 3 195 3 625 2 1333 4 1260 1 726 2 104
114 10 2 2 1272 3 62 2 528 1 530 2 386 1 478 1 740 3 1123 1 1080 11 861
115 10 3 1 388 5 375 2 63 3 1182 5 591 5 241 1 1279 3 646 2 293 6 29
116 10 3 1 246 1 1146 8 1222 2 1478 3 194 1 1457 1 839 1 661 6 403 9 512
117 10 2 1 947 1 1442 4 919 3 1298 1 468 1 1156 5 1248 5 981 4 957 2 629
118 10 2 1 442 8 1053 2 757 3 521 2 1247 1 1163 3 105 1 69 3 1283 1 1334
119 10 3 1 465 1 517 4 475 9 1346 1 785 2 1124 1 727 5 616 4 405 2 1381
120 10 1 1 1303 1 286 2 297 1 79 5 1037 1 92 3 954 1 831 3 1403 1 285
121 10 2 1 303 2 1100 1 316 1 1067 4 852 3 1259 7 1420 1 535 2 22 1 814
122 10 1 3 739 3 1241 2 1212 1 321 2 1451 1 1354 3 351 2 930 1 837 1 891
123 10 3 10 1379 5 1045 4 1464 3 545 1 688 3 188 1 987 7 540 1 1408 4 1168
124 10 4 2 564 6 1171 12 566 1 1243 3 798 1 1493 2 1010 1 1485 9 1228 4 42
125 10 3 2 679 2 26 1 853 2 488 1 21 12 360 6 1216 6 879 1 81 3 598
126 10 2 1 129 1 566 4 216 5 1216 1 414 3 13 2 1328 4 262 1 1259 1 1343
127 10 3 1 719 1 862 2 726 1 1248 8 815 7 1455 3 1389 2 668 1 1468 9 285
128 10 2 3 697 3 975 4 369 1 1194 2 121 1 715 2 271 1 1377 2 1269 1 381
129 10 3 7 519 1 846 5 1362 5 584 2 1402 2 864 3 614 2 258 1 1243 6 409
130 10 3 6 270 2 1368 1 532 7 1155 3 114 3 141 6 1235 1 921 3 1403 1 583
131 10 3 2 1134 2 307 1 704 5 930 3 405 4 1327 9 77 2 1248 1 807 3 796
132 10 2 2 989 2 342 4 1088 2 731 1 990 4 163 3 267 1 1045 6 518 1 218
133 10 2 2 1162 1 1456 5 33 1 515 1 1142 1 572 1 654 2 15 2 381 5 395
134 10 3 2 1076 4 36 2 643 5 772 4 1246 6 1227 1 393 3 53 1 291 3 497
135 10 4 2 1397 9 60 2 445 7 651 9 1066 2 119 2 653 2 803 4 408 1 50
136 10 3 2 377 9 357 3 1352 2 475 2 1206 5 1465 4 837 1 276 1 958 4 1155
137 10 3 3 68 3 1253 5 1101 1 655 1 521 2 86 6 157 4 759 7 895 3 1431
138 10 2 4 892 1 1029 2 1318 3 818 1 182 2 546 2 915 2 1416 1 401 2 762
139 10 3 1 1418 7 825 3 1016 2 1271 8 831 1 597 1 573 5 1233 4 1394 1 387
140 10 3 1 663 1 439 2 162 1 935 2 946 2 827 6 213 12 1427 1 734 2 77
141 10 5 2 643 4 672 2 1189 2 845 1 728 18 859 3 710 2 1022 13 1179 4 1080
142 10 4 1 210 10 593 1 155 3 1330 6 1479 9 151 4 655 2 1013 3 1198 4 611
143 10 2 4 1067 6 1338 2 262 1 48 2 1451 4 95 2 1405 4 413 1 1154 1 225
144 10 2 2 1390 2 902 2 272 5 950 1 701 3 567 5 237 1 817 1 1256 1 1217
145 10 3 8 411 4 320 7 1097 1 193 1 366 2 1379 1 930 4 1384 1 845 1 281
146 10 1 1 254 1 65 1 295 1 927 1 719 2 54 1 244 1 1186 1 194 2 1199
147 10 3 2 193 2 1035 6 630 1 579 2 1342 1 1143 10 927 3 632 3 406 1 1394
148 10 2 3 1092 9 347 4 1410 3 341 1 156 1 5 1 100 1 874 1 928 5 940
149 10 2 5 1117 1 125 2 1326 4 228 6 1006 1 254 1 226 1 286 2 1123 3 1236
150 10 2 3 36 1 1208 2 941 6 752 1 493 5 907 1 995 2 856 1 901 1 740
151 10 3 3 681 1 409 2 114 1 1479 2 181 10 684 8 149 3 1248 1 1062 8 404
152 10 2 1 493 1 545 4 565 6 254 3 68 2 747 1 112 2 997 2 489 1 546
153 10 4 1 696 11 1424 2 1396 5 1182 3 1353 1 1341 3 145 8 102 1 325 6 1142
154 10 2 8 985 2 183 2 959 1 473 3 998 3 665 2 286 3 387 2 1389 1 830
155 10 2 3 390 1 450 1 1270 2 431 2 1030 2 828 4 124 6 256 5 1411 1 228
156 10 3 1 29 2 314 2 1338 14 1321 1 1403 2 1118 4 26 5 224 4 27 3 397
157 10 2 1 1265 3 715 1 1140 1 1316 7 1414 3 907 2 1438 2 1205 4 1225 2 92
158 10 2 3 732 1 1274 11 680 2 542 3 932 1 1148 1 424 1 1408 3 745 2 148
159 10 2 1 1256 6 1037 4 899 3 230 6 1341 4 928 1 1445 1 414 2 672 1 738
160 10 4 6 300 1 1472 11 1117 2 1295 3 1015 10 1114 3 265 2 1404 1 561 4 933
161 10 2 3 134 2 1072 4 578 2 172 1 172 4 1311 3 295 2 751 2 230 1 61
162 10 2 1 494 1 894 2 559 1 1468 1 463 2 641 2 433 4 415 1 1463 7 825
163 10 3 4 405 11 992 1 1181 8 30 1 1305 1 287 2 293 3 192 2 106 1 663
164 10 2 1 59 1 1072 3 1238 1 85 3 143 1 198 4 1146 4 892 1 1452 1 975
165 10 4 1 1477 1 1113 3 390 5 349 7 300 3 1368 1 1161 18 994 2 846 4 1230
166 10 3 2 318 3 1192 6 508 3 851 3 59 3 712 2 1335 3 113 3 396 6 1068
167 10 2 3 721 1 1093 5 184 2 81 4 454 1 690 4 428 2 5 3 242 4 777
168 10 2 4 1406 6 471 1 670 1 208 3 81 1 389 1 473 4 1135 1 271 6 1290
169 10 2 4 34 1 874 2 257 1 140 3 1329 1 737 1 1118 1 472 8 756 1 558
170 10 1 2 572 1 231 2 858 1 47 1 349 1 510 6 458 1 1256 1 1231 1 843
171 10 3 1 557 3 504 1 591 3 34 1 106 3 1366 1 439 11 600 6 1499 1 937
172 10 2 4 446 2 193 1 1461 4 1365 2 71 6 67 1 79 2 18 3 900 4 1351
173 10 2 5 399 2 546 1 515 1 979 1 746 1 911 5 112 2 1226 8 866 3 98
174 10 4 3 350 5 1232 1 822 1 1164 3 1246 1 229 1 1069 18 1233 3 183 4 663
175 10 2 1 1400 4 1294 1 965 3 1356 1 52 5 532 2 532 2 1469 6 1231 2 707
176 10 2 1 68 3 1300 4 677 1 847 1 1148 7 1046 1 326 4 632 1 787 3 879
177 10 3 6 769 1 1406 7 731 2 183 3 1074 5 794 1 399 4 1400 6 1268 3 1038
178 10 2 2 648 1 1207 1 695 5 972 4 1165 2 1469 5 645 4 696 3 874 1 1125
179 10 2 2 820 6 293 4 886 3 1275 1 330 1 1207 1 1236 1 620 5 521 5 973
180 10 3 5 817 3 1316 2 1259 4 25 1 968 1 1165 2 1472 10 145 6 1300 3 87
181 10 2 6 92 1 784 4 376 1 74 3 1484 3 460 2 1247 1 627 1 461 3 1285
182 10 1 1 1031 1 684 1 578 1 1056 1 1361 1 1351 1 930 3 197 2 713 1 1081
183 10 2 1 302 4 285 3 1020 1 115 2 1230 5 348 1 427 2 736 3 158 7 1226
184 10 2 1 876 1 916 3 931 2 877 1 700 1 290 4 692 8 1461 1 1455 4 1001
185 10 3 4 644 3 956 6 1369 1 1015 5 318 2 296 3 1299 2 37 3 1284 1 184
186 10 2 3 395 1 649 4 1195 3 409 2 510 5 1316 1 375 1 537 1 230 8 860
187 10 2 1 1430 3 678 3 1141 1 1315 1 262 1 1136 2 883 5 313 1 462 3 840
188 10 3 2 740 2 1209 3 155 6 570 6 129 3 1012 1 985 5 751 1 931 3 419
189 10 3 4 1424 1 1445 1 982 2 858 10 200 3 909 3 1112 3 375 3 549 1 173
190 10 2 1 978 1 655 9 509 4 1062 4 801 2 33 2 910 2 537 2 588 2 1230
191 10 2 1 236 1 96 3 1362 4 577 2 105 8 337 4 546 3 480 2 729 1 737
192 10 2 2 1338 4 559 2 1081 1 1326 1 393 3 620 7 1188 2 657 2 1013 1 600
193 10 2 1 300 7 1019 3 820 2 1144 2 236 5 1077 1 1200 1 940 2 925 1 348
194 10 3 1 32 1 701 4 535 1 547 8 1225 8 734 1 929 1 1301 3 1033 8 504
195 10 2 1 847 2 948 2 583 2 722 1 809 5 215 1 286 7 870 3 1236 2 425
196 10 4 6 228 7 31 1 1045 2 773 1 1119 2 757 7 309 9 1128 3 201 2 1332
197 10 3 7 360 2 608 1 1010 4 582 2 1087 1 554 10 590 4 241 1 1113 4 991
198 10 3 4 1229 4 639 5 538 7 75 1 1360 3 70 2 799 1 880 1 189 2 520
199 10 4 3 1334 4 761 4 1399 2 711 1 1314 8 1429 6 1041 8 457 2 532 11 866
200 10 2 2 464 1 365 1 1451 3 1024 2 1450 2 861 6 798 6 1488 1 1466 1 1081
201 10 2 1 329 1 922 2 608 1 430 4 1066 3 264 1 1204 1 956 3 928 3 128
202 10 3 1 858 6 246 4 9 1 471 2 1308 1 738 5 1031 4 862 4 586 6 1233
203 10 3 6 1434 4 1246 1 44 1 1217 1 332 4 1020 4 1383 2 1107 1 1419 8 1368
204 10 3 7 438 1 1456 2 789 1 1068 2 497 11 1115 3 65 1 674 1 1228 2 1337
205 10 3 6 684 2 375 4 576 4 1320 2 1051 5 328 2 978 1 1178 1 505 6 438
206 10 2 3 41 1 483 1 1436 1 1480 2 64 2 130 5 770 1 1196 1 546 5 1240
207 10 3 1 67 3 237 2 606 1 651 4 1131 1 1481 5 1149 11 14 4 718 4 772
208 10 3 7 125 8 157 3 1384 1 1257 3 283 4 967 1 1334 4 85 1 85 1 961
209 10 1 1 1460 4 193 1 1126 1 1302 1 1377 2 347 2 446 1 1215 2 572 3 1324
210 10 2 3 1121 3 573 1 1235 7 538 3 148 2 1216 1 1289 2 295 5 591 1 703
211 10 2 1 949 4 693 4 716 1 554 2 38 1 31 1 870 5 670 3 927 1 1328
212 10 3 4 1101 1 1243 1 1439 5 1163 5 193 3 234 4 1341 1 290 9 866 1 169
213 10 3 4 677 3 1047 5 428 3 884 6 618 1 495 3 83 2 815 6 926 2 773
214 10 3 1 655 5 1243 6 1226 2 5 7 312 2 1177 5 1193 1 498 1 223 2 937
215 10 3 5 778 1 885 1 423 2 1059 1 1363 4 824 9 925 5 1150 3 238 7 1199
216 10 2 3 326 1 1425 2 832 3 1353 9 554 2 1381 2 956 1 1213 1 1495 2 1256
217 10 3 2 1277 1 784 1 419 1 1164 11 1087 6 1126 3 1171 1 1126 1 429 7 1225
218 10 2 1 320 1 212 1 917 1 113 3 592 1 237 1 961 3 468 10 1268 2 1294
219 10 3 6 958 6 1255 10 493 4 1075 1 908 2 493 1 769 5 30 2 423 2 1328
220 10 3 5 542 2 417 6 322 3 1415 7 1452 1 796 2 130 2 251 1 318 1 1376
221 10 3 3 1209 2 421 4 101 1 573 8 96 4 728 5 998 2 673 1 735 2 58
222 10 2 1 270 3 472 1 1042 1 1399 4 863 1 846 1 1180 4 414 7 1084 6 1394
223 10 2 2 204 1 1373 2 1142 9 522 4 1199 1 165 1 712 3 1477 1 1488 1 251
224 10 2 6 733 1 852 3 644 1 631 2 715 6 174 2 748 2 931 1 302 3 1434
225 10 3 2 1214 1 499 8 1069 5 1267 2 1078 5 282 9 1468 2 490 1 597 4 861
226 10 3 5 604 3 28 1 323 1 524 10 1285 2 1250 1 1058 6 524 3 1229 1 677
227 10 3 12 1046 4 264 1 816 8 946 2 193 1 89 1 326 4 1279 1 125 2 248
228 10 2 4 1286 1 599 1 1198 4 1001 5 908 2 82 1 830 1 824 2 833 3 1004
229 10 2 4 583 1 298 2 1098 2 788 1 991 4 185 2 1369 1 685 2 807 6 823
230 10 2 1 871 2 607 2 1378 2 113 3 237 3 18 1 912 2 222 2 729 4 759
231 10 4 2 869 3 858 2 1226 7 1204 6 212 2 113 1 21 1 120 18 452 4 707
232 10 2 2 1152 3 388 5 1220 1 182 1 909 3 556 1 117 1 74 1 265 3 910
233 10 4 5 884 7 561 4 990 3 286 1 500 9 1425 5 60 1 762 1 1031 5 776
234 10 3 3 1050 2 250 4 1231 2 994 9 1416 2 1091 1 1099 1 667 5 1303 4 140
235 10 2 4 1195 6 211 1 471 3 565 3 431 1 262 2 108 2 1241 1 1480 2 433
236 10 3 1 789 2 449 2 887 2 1142 1 1403 16 808 1 477 1 665 3 1128 4 132
237 10 2 3 768 1 454 2 1212 2 273 1 437 1 607 1 880 5 63 3 362 4 833
238 10 2 3 514 4 379 2 1422 1 1410 6 540 4 511 2 397 2 436 2 958 3 1374
239 10 2 1 741 3 1198 2 706 3 801 2 752 1 817 6 635 8 1189 1 1066 2 106
240 10 2 4 120 1 1198 2 1371 2 325 1 114 1 1249 1 1154 6 1217 5 1092 2 677
241 10 3 2 1377 6 1355 2 671 2 30 4 889 3 729 1 456 5 1361 2 273 6 291
242 10 1 1 1030 3 550 2 734 1 1450 2 742 1 224 1 513 2 699 1 470 1 1486
243 10 2 4 321 1 125 4 331 2 933 2 752 4 904 1 1471 1 1408 5 678 1 1249
244 10 2 4 769 3 89 1 1338 1 692 1 69 3 150 3 236 1 1124 1 1062 7 1244
245 10 3 8 295 5 1304 2 636 6 40 2 285 4 1230 5 583 1 878 3 263 2 883
246 10 3 1 615 10 502 2 1224 3 828 5 688 3 627 1 1433 6 305 1 407 2 821
247 10 2 1 1094 1 407 2 288 1 1143 7 872 1 1368 1 1392 3 1155 1 985 4 570
248 10 3 3 1114 2 130 5 1181 1 224 5 725 4 377 3 1253 11 237 3 281 1 156
249 10 4 11 951 2 241 8 234 3 292 1 1139 6 1372 3 667 3 19 2 1438 4 1270
250 10 1 1 265 1 1464 2 1405 1 985 2 747 3 161 2 1357 2 435 2 644 2 1432
251 10 3 8 1360 2 414 4 1177 10 1073 2 439 3 1159 1 852 1 543 2 487 1 528
252 10 2 6 40 3 21 5 157 2 522 3 1154 2 869 1 1013 1 1397 1 1378 4 456
253 10 3 5 628 4 1349 2 1157 5 1340 5 253 4 184 8 323 1 61 3 17 1 949
254 10 2 2 1299 5 943 1 924 3 429 1 695 5 1298 1 1050 2 165 5 855 1 757
255 10 2 1 52 1 358 4 802 2 1480 2 411 3 14 1 1175 7 994 2 719 1 252
256 10 3 2 83 1 454 8 1125 1 277 2 526 1 931 2 1355 7 465 1 513 9 124
257 10 2 2 816 3 88 6 727 1 1169 1 44 2 236 3 446 1 1194 2 1499 2 1019
258 10 2 3 864 1 168 1 23 2 1223 2 419 5 496 1 1123 1 655 3 471 3 543
259 10 2 2 1042 1 1457 2 733 4 267 2 164 1 137 4 902 1 837 2 436 4 866
260 10 3 4 346 1 508 1 1164 2 309 4 1182 7 559 8 36 4 1128 1 1470 5 267
261 10 3 4 281 1 429 3 979 4 718 2 1300 2 1328 3 356 5 525 5 1460 1 990
262 10 3 5 524 1 1274 4 85 7 854 1 156 1 382 9 567 1 728 2 593 4 670
263 10 2 5 488 1 88 8 445 1 1278 1 510 2 3 2 423 1 363 2 1495 4 691
264 10 3 1 793 4 624 2 82 8 102 4 188 1 56 1 129 5 761 7 1100 2 406
265 10 2 3 160 4 1120 3 287 1 995 1 937 5 216 3 83 4 1386 2 1171 2 1416
266 10 2 1 1470 1 253 2 11 3 690 1 638 2 1155 1 1429 1 1279 7 163 6 203
267 10 4 6 416 1 1338 9 918 4 1478 7 509 4 1416 4 197 3 1201 1 133 2 400
268 10 3 3 709 2 969 2 785 1 47 2 555 1 696 5 328 6 679 1 899 9 917
269 10 2 2 11 1 760 1 1058 2 1440 2 1225 2 382 6 1485 7 1421 1 1326 1 1314
270 10 4 7 198 2 40 4 870 2 566 4 575 2 1131 6 1050 7 1411 7 552 1 1434
271 10 3 1 272 2 744 7 490 1 360 3 1456 2 318 1 95 5 1153 3 532 6 1272
272 10 2 5 75 1 594 4 43 3 640 1 63 4 800 2 953 2 1026 2 577 1 593
273 10 3 2 706 10 948 2 68 3 1145 4 743 6 466 2 565 1 823 1 483 4 769
274 10 2 6 894 2 708 2 1008 2 218 1 604 2 1357 1 711 1 488 5 517 4 1199
275 10 2 4 737 4 1314 2 242 1 1063 1 1277 1 1373 1 148 5 1290 2 1037 1 121
276 10 3 2 237 1 807 5 845 4 586 2 267 3 372 2 287 1 1142 1 681 10 418
277 10 2 1 885 1 10 1 329 3 727 1 711 2 991 2 856 1 1261 7 921 1 1128
278 10 2 1 456 3 63 3 1293 1 727 2 236 3 106 2 1091 4 574 6 426 4 229
279 10 3 2 1033 2 910 4 1177 1 1465 2 663 2 686 8 1267 1 1083 5 905 3 618
280 10 5 1 775 11 1029 10 893 5 1172 3 1042 6 748 5 666 1 1225 6 1238 2 1229
281 10 3 1 1017 1 309 9 691 1 1377 4 141 1 624 6 1284 5 1219 2 742 1 127
282 10 2 1 484 6 838 1 1378 1 1457 4 1374 1 986 3 1382 3 1293 2 968 1 268
283 10 2 4 1478 1 587 9 599 1 1456 1 1063 5 561 1 1150 2 135 2 1175 3 381
284 10 3 5 505 9 864 4 446 3 582 1 1110 3 1138 4 243 1 412 3 295 6 1429
285 10 1 1 480 1 1335 2 1329 2 533 1 1084 2 835 1 396 2 1062 1 473 1 1089
286 10 3 4 208 4 286 4 696 3 1262 2 822 7 639 3 1055 1 1192 2 1195 1 1149
287 10 2 2 1322 2 1444 3 1403 3 1022 3 1442 1 94 1 676 6 1139 1 894 2 1316
288 10 2 3 1149 1 359 1 528 4 1377 1 301 1 258 3 324 3 440 5 812 1 498
289 10 3 3 643 4 697 1 777 4 1297 1 473 5 64 1 974 2 30 4 918 6 257
290 10 2 1 451 4 401 1 1326 3 16 1 365 3 1288 1 1113 3 489 5 1323 3 1424
291 10 3 7 1437 2 523 7 160 2 645 3 503 4 909 5 664 3 291 1 448 3 1046
292 10 4 4 1388 2 1292 10 1226 3 935 4 585 6 1446 4 306 2 553 3 1247 3 716
293 10 3 2 929 1 1324 10 200 5 1462 4 542 1 88 6 905 1 1482 3 536 1 386
294 10 4 1 1397 1 1 1 768 4 108 2 1448 10 487 6 967 4 822 6 1253 6 931
295 10 3 3 1499 1 139 2 1064 3 514 1 798 1 780 4 173 8 460 5 1085 2 945
296 10 2 4 767 1 324 4 1432 2 404 1 1475 2 94 3 920 2 127 1 807 2 23
297 10 2 1 378 5 589 2 1253 2 909 1 34 2 221 4 519 1 1117 5 36 5 859
298 10 3 1 414 4 1038 8 787 2 76 2 1009 2 861 1 517 7 343 1 45 3 1040
299 10 2 2 387 6 463 1 67 1 1106 1 1001 1 392 4 1360 2 475 2 513 1 514
300 10 2 3 630 1 1284 1 469 3 148 3 435 5 174 1 460 1 8 3 289 3 105
301 10 4 13 1060 3 530 5 1461 6 204 3 165 5 1381 4 363 1 224 4 1107 5 1032
302 10 2 4 137 1 1243 2 444 1 442 5 706 3 853 1 273 1 1106 2 391 2 67
303 10 1 1 1114 2 571 1 1332 1 835 2 395 5 305 1 737 2 855 1 31 1 1260
304 10 3 2 723 5 684 1 407 13 58 2 480 3 60 3 201 1 1224 1 391 2 1394
305 10 5 3 796 6 707 5 1214 4 731 17 351 6 280 4 59 1 364 3 742 1 1017
306 10 3 3 118 5 534 7 626 2 237 8 104 2 324 3 641 1 1440 1 1435 3 794
307 10 3 3 1200 2 1211 5 1071 4 1500 3 68 4 491 2 549 6 1136 1 102 3 1202
308 10 3 5 1404 3 208 2 1460 3 892 4 863 1 720 5 847 2 842 7 1216 2 438
309 10 4 7 1458 8 645 3 1029 6 933 1 143 1 1308 6 1312 2 264 4 261 4 387
310 10 3 5 1214 3 1081 1 1445 1 680 4 410 2 1314 9 1120 2 425 4 472 1 685
311 10 2 1 434 1 884 4 548 3 253 5 932 6 824 1 508 2 540 2 1239 1 1155
312 10 3 1 746 1 720 2 605 4 659 1 901 3 1457 12 1261 5 277 5 594 2 1225
313 10 4 5 326 5 144 8 658 5 953 3 82 1 194 3 30 2 326 5 208 4 1086
314 10 3 4 1094 2 1169 2 1311 6 1351 3 1053 3 1382 4 106 3 373 3 286 1 127
315 10 3 5 488 2 966 4 1184 1 1216 2 893 6 931 3 1131 2 992 7 95 2 59
316 10 4 1 470 9 578 1 1100 1 1012 9 248 5 1290 2 481 7 244 1 1215 5 897
317 10 2 7 154 3 489 2 946 1 1168 3 1198 1 1050 1 605 1 707 5 1083 1 564
318 10 3 2 249 8 930 2 436 1 1161 2 1016 2 578 5 632 1 157 5 641 2 61
319 10 2 1 152 4 1190 3 813 4 167 2 892 1 22 1 1310 1 1077 5 1276 2 1068
320 10 2 2 836 3 911 7 940 1 1470 1 1120 1 103 1 1312 2 780 1 745 4 27
321 10 2 2 555 1 904 10 1378 1 1476 2 1142 1 1015 2 950 4 224 3 1468 2 939
322 10 2 4 673 4 1070 1 394 1 1121 1 557 1 64 3 1379 1 739 3 1273 1 1338
323 10 2 2 263 2 213 1 190 1 719 1 1280 6 754 5 1374 1 1294 1 12 5 998
324 10 1 2 1033 1 902 1 481 4 23 2 1463 1 1170 1 574 4 679 1 843 1 1129
325 10 2 1 583 1 333 1 403 3 338 7 864 2 736 1 198 2 281 5 505 1 832
326 10 2 2 1245 1 1199 2 469 5 990 2 983 1 123 2 738 1 795 1 1270 6 214
327 10 3 4 1315 3 712 11 329 4 1047 3 94 4 985 1 705 3 1301 3 1219 1 1254
328 10 4 2 562 3 1094 1 1131 6 892 14 117 2 1037 3 401 3 587 4 1500 3 496
329 10 4 5 810 5 1070 2 1418 2 490 5 255 3 1424 2 837 12 1260 5 972 2 737
330 10 2 5 169 2 83 1 315 1 1343 1 687 2 1274 2 1112 4 584 4 674 3 896
331 10 3 1 1120 2 835 1 61 2 1076 7 339 1 676 4 884 3 54 7 1098 2 1065
332 10 4 6 1350 11 222 4 249 3 134 4 697 4 1497 1 680 4 1017 1 1179 2 1038
333 10 3 3 131 11 1292 3 413 2 989 1 643 5 1465 1 818 1 104 1 1022 5 1194
334 10 3 1 1323 8 20 4 499 1 60 1 391 3 313 1 498 7 1112 5 961 2 273
335 10 3 4 1027 3 42 1 1070 3 612 3 398 2 1465 4 1059 7 384 8 496 3 981
336 10 3 1 151 5 308 1 1105 2 570 3 612 2 215 4 351 13 1255 1 826 1 447
337 10 4 10 1291 1 76 2 449 3 245 7 15 3 298 2 100 8 1002 3 1440 5 1170
338 10 5 1 751 3 710 5 348 10 937 1 2 3 241 12 1476 9 1480 2 565 6 1236
339 10 3 7 245 1 40 1 1480 8 695 1 857 3 1347 1 639 1 983 10 1006 1 1047
340 10 2 1 1155 2 1252 1 1043 1 1456 3 288 2 1007 2 644 2 1322 3 1169 5 1240
341 10 4 3 1146 3 1049 4 190 10 792 7 1104 7 754 1 103 3 893 2 1423 8 54
342 10 1 1 1288 1 1490 2 15 2 282 2 730 1 1186 1 1355 2 850 2 934 2 999
343 10 3 4 261 1 322 4 199 2 447 1 605 1 267 12 633 1 95 1 286 4 610
344 10 3 1 196 1 1227 7 673 1 1296 7 1238 7 1226 4 367 3 1096 2 389 4 804
345 10 3 3 1259 7 1245 1 1436 3 714 2 1185 6 1119 1 109 7 444 1 303 1 1124
346 10 3 1 1164 2 943 11 281 5 1420 1 329 1 612 9 1017 3 24 5 498 1 678
347 10 3 1 271 7 1369 9 838 9 974 2 1347 3 899 3 3 1 1431 1 335 3 842
348 10 2 1 1204 3 1365 4 740 5 364 7 1451 3 812 2 784 1 1158 1 527 2 815
349 10 3 2 1232 1 318 16 221 3 419 1 1435 2 290 2 252 2 362 2 888 1 1258
350 10 1 1 553 1 466 1 1324 1 1023 3 95 1 395 2 1392 1 879 5 541 1 980
351 10 2 4 251 5 546 1 548 2 1337 1 534 1 166 1 1103 1 72 2 474 7 85
352 10 2 2 841 3 514 4 605 2 966 1 570 3 459 1 941 3 471 1 969 1 628
353 10 3 1 597 1 404 6 666 12 970 5 1465 2 231 1 997 4 175 2 164 4 1459
354 10 2 1 1066 1 1091 2 826 1 782 2 1301 6 1266 3 1163 1 1298 2 1490 2 1139
355 10 3 3 1423 1 1356 2 495 2 1437 6 1084 1 734 3 104 8 172 5 401 1 201
356 10 2 6 1196 1 1311 1 285 1 261 1 1109 5 659 2 561 1 1001 2 1025 5 1381
357 10 3 1 745 4 1418 3 1147 9 241 1 468 1 1188 1 1270 6 1055 3 515 1 696
358 10 3 6 697 3 1256 2 676 2 223 6 673 2 1225 5 500 3 1251 2 98 1 1249
359 10 4 20 1136 2 67 4 936 2 45 1 1019 2 206 3 654 3 1094 2 677 1 824
360 10 2 4 288 1 1127 2 96 1 1344 5 438 5 646 2 854 3 1211 4 961 2 1181
361 10 3 1 509 13 496 3 1202 1 265 6 1141 2 425 3 398 1 18 1 292 1 1116
362 10 2 2 886 2 437 4 260 1 800 1 905 2 416 3 751 5 202 1 258 1 70
363 10 2 5 1222 3 1018 2 1090 1 1251 3 884 1 530 6 1170 2 572 2 1299 1 147
364 10 2 5 93 1 645 3 202 1 556 7 255 1 878 1 23 1 278 2 1009 3 1295
365 10 2 6 222 5 1159 1 458 1 7 2 1433 3 1109 2 1089 1 556 2 896 1 1341
366 10 4 10 335 2 604 2 821 10 99 6 1369 1 1358 6 612 1 512 1 944 3 1243
367 10 1 1 162 3 1444 2 90 1 1248 1 1116 2 521 1 886 1 1170 1 277 1 963
368 10 2 2 248 3 1428 3 719 4 163 1 1050 1 676 3 1149 1 567 3 686 5 1270
369 10 3 2 1137 1 790 1 590 13 280 1 87 4 193 4 17 8 1018 1 16 2 94
370 10 3 6 1265 1 127 1 575 4 1182 6 863 3 835 2 864 4 519 5 1005 1 631
371 10 3 2 825 4 598 2 537 2 9 4 1438 4 1269 4 1428 2 1469 8 253 1 944
372 10 3 5 1298 1 1348 1 695 1 355 1 531 6 1440 1 1490 9 1272 9 840 3 844
373 10 1 1 941 5 587 1 654 1 751 1 704 2 265 3 202 1 685 2 1144 1 957
374 10 3 3 1310 2 1037 1 1343 1 485 4 496 1 1375 1 135 11 1331 5 1013 3 541
375 10 2 2 681 3 672 1 383 2 740 5 680 3 1038 4 740 1 1298 2 631 1 1275
376 10 2 1 1215 2 274 2 983 1 1493 2 394 5 801 2 1205 7 684 2 288 1 436
377 10 2 7 249 1 56 6 866 2 1383 2 32 1 963 4 819 2 1333 2 1425 1 890
378 10 2 2 1320 2 622 3 256 9 1075 4 286 2 798 1 26 1 792 3 836 2 59
379 10 3 1 763 6 548 5 94 3 1302 1 1003 1 1117 4 647 5 161 3 492 2 1191
380 10 3 1 1065 3 820 10 653 3 739 4 1423 2 940 1 860 1 1388 4 818 1 113
381 10 4 3 242 9 153 7 1350 7 1179 1 464 2 1361 7 1252 2 626 3 977 2 245
382 10 3 3 515 1 302 5 1414 3 616 10 1038 4 1089 1 973 3 1054 2 552 2 1097
383 10 2 1 680 3 837 3 421 2 162 1 904 2 848 2 385 2 1022 2 579 2 968
384 10 2 5 1182 2 948 3 1372 1 880 1 1213 1 1403 1 977 1 668 1 995 4 939
385 10 3 3 1366 5 41 6 1276 2 540 3 500 2 620 5 1491 2 142 1 57 2 1055
386 10 3 1 801 1 53 3 71 1 1092 3 1471 2 1284 7 967 8 1226 1 702 8 648
387 10 1 3 811 3 88 1 332 2 279 2 759 1 622 1 1487 1 1080 2 1484 3 700
388 10 2 2 617 1 807 3 629 2 1407 5 620 1 1261 1 876 3 479 4 347 3 65
389 10 4 1 137 1 681 10 222 1 815 7 1328 2 317 1 13 2 517 6 1004 9 1116
390 10 2 1 304 3 104 2 185 1 108 2 325 4 1343 2 133 2 1367 4 61 3 1345
391 10 4 10 294 1 1345 3 969 9 1493 4 322 7 402 1 34 2 340 3 634 2 241
392 10 2 1 1372 4 584 9 45 1 1072 2 289 1 1357 5 748 4 152 1 455 1 557
393 10 3 1 1164 2 247 2 552 2 1346 9 319 3 680 5 228 2 1311 2 865 2 548
394 10 2 2 617 2 205 1 789 2 81 2 953 3 962 2 252 1 1311 5 125 5 1466
395 10 2 2 1198 3 331 1 1262 5 141 3 1410 1 609 1 989 1 267 1 1447 6 913
396 10 2 1 989 3 628 7 1240 1 1030 3 540 1 335 3 504 2 884 4 872 1 871
397 10 2 5 167 2 533 3 1189 1 1098 5 416 3 418 2 892 1 1070 1 761 1 920
398 10 2 4 1422 7 333 4 246 1 87 1 227 2 317 1 1121 4 81 1 381 1 264
399 10 3 1 1041 3 226 1 336 1 1435 2 800 4 751 5 1261 1 930 12 720 7 353
400 10 3 7 495 1 956 6 807 6 1026 1 637 1 768 2 299 1 690 5 971 2 1485
401 10 2 1 167 2 1151 2 415 8 1348 2 1389 1 275 1 697 2 961 1 1044 2 301
402 10 2 1 92 4 786 6 1377 1 874 1 95 2 43 2 1053 3 903 4 1457 4 303
403 10 4 3 1373 1 36 1 1346 1 654 9 199 5 614 9 1178 1 881 9 143 1 1316
404 10 2 1 1345 1 1036 2 343 1 1385 1 450 4 112 6 674 1 6 2 1037 2 347
405 10 2 2 1131 3 733 6 378 3 970 2 5 5 281 1 1106 2 1219 1 56 1 1276
406 10 4 2 379 7 1040 1 1157 7 96 2 1440 3 433 8 421 2 836 4 650 5 917
407 10 2 4 1028 3 1310 2 603 3 562 4 1042 1 256 1 1408 8 564 1 1303 2 675
408 10 2 1 547 6 452 2 1226 3 221 1 41 1 1110 2 1480 8 1044 2 1401 1 317
409 10 2 2 261 2 413 4 580 1 503 3 1214 2 987 9 1267 2 423 2 1499 1 1291
410 10 3 1 1055 4 589 15 1174 1 131 1 6 1 1048 10 610 1 596 2 254 2 1260
411 10 1 3 1377 1 876 1 10 2 371 1 410 1 155 1 1170 1 1475 4 520 1 20
412 10 3 1 352 1 874 5 1331 6 179 5 326 4 898 2 96 2 1100 6 1073 2 726
413 10 3 6 1089 2 147 1 1070 8 74 8 1425 3 660 5 438 1 1036 1 24 1 1211
414 10 2 1 210 1 1128 2 965 8 233 1 993 1 189 1 790 2 580 8 44 2 641
415 10 3 2 1477 10 433 1 359 8 736 2 1478 2 804 2 1348 2 108 1 1126 7 114
416 10 3 4 705 4 278 1 837 5 489 4 476 1 511 5 1376 5 181 1 1359 3 1451
417 10 3 1 1349 1 1213 5 485 1 472 7 909 2 653 9 595 2 1396 1 861 1 398
418 10 2 1 945 2 531 2 290 1 884 1 633 1 403 10 698 4 550 1 777 1 916
419 10 3 3 990 4 463 1 370 8 1258 1 1411 2 331 1 162 3 198 10 295 5 1033
420 10 2 2 877 6 969 1 1465 6 163 1 372 2 1189 3 1141 3 889 3 1056 2 750
421 10 2 1 1042 3 559 1 258 1 1287 2 1060 5 509 2 538 5 812 1 81 1 115
422 10 3 1 45 3 745 1 169 6 318 3 782 2 328 1 583 7 1157 2 1034 8 775
423 10 3 4 195 2 217 7 487 8 436 3 261 1 777 1 561 4 925 2 297 1 1285
424 10 3 6 811 10 1063 1 1202 1 408 1 208 1 1081 6 1082 2 151 1 381 6 34
425 10 2 2 186 6 1027 1 306 3 842 3 698 8 1473 1 1437 1 736 2 649 1 919
426 10 4 4 1458 2 759 5 721 5 445 10 763 11 410 2 67 1 792 4 173 2 1479
427 10 3 3 1163 1 658 12 78 1 564 2 1464 1 704 4 64 2 673 4 1159 1 1050
428 10 3 3 1165 4 77 12 709 1 998 1 211 1 233 1 164 2 819 3 434 4 960
429 10 2 2 481 1 883 1 1384 7 303 1 1185 2 789 2 756 3 647 2 215 8 832
430 10 2 3 1321 1 714 6 1115 1 702 1 455 3 1119 1 534 3 350 2 310 1 1181
431 10 2 3 95 2 1022 3 1300 6 9 1 1012 3 602 1 1358 1 1030 1 1057 3 527
432 10 2 2 476 2 367 1 1378 1 640 4 518 2 826 2 102 8 611 2 1269 2 648
433 10 3 5 1430 3 614 1 100 4 639 2 396 2 1415 1 865 2 1287 7 1419 5 892
434 10 2 1 995 2 712 1 1374 3 214 6 1018 1 1174 5 895 5 1413 2 195 2 598
435 10 3 1 599 4 756 4 1015 3 1339 6 1404 1 691 8 311 5 817 2 499 1 18
436 10 1 1 1024 2 1263 1 1191 2 501 1 591 1 1371 2 1068 2 1023 4 888 1 625
437 10 2 4 351 2 174 1 1253 5 622 5 805 1 913 1 792 2 311 3 947 1 1203
438 10 2 1 862 4 572 3 445 1 649 3 1443 1 1301 1 665 4 171 1 1227 1 545
439 10 4 9 1007 3 975 9 272 3 134 3 994 3 1245 3 901 4 20 9 1152 1 1059
440 10 2 1 752 4 1392 1 126 4 455 1 99 4 407 1 691 1 527 1 158 2 330
441 10 2 6 1197 1 670 1 1013 1 498 3 1109 1 581 1 1483 5 396 1 1103 6 633
442 10 1 1 863 1 303 3 1246 1 740 1 1313 2 303 1 125 2 1209 6 875 1 773
443 10 2 2 1284 4 1439 1 325 2 166 2 1229 2 126 1 1144 2 1292 6 1481 2 820
444 10 4 8 715 1 381 2 1362 6 799 8 626 3 1462 1 462 4 1034 4 149 6 1441
445 10 2 2 164 5 589 2 1455 1 692 3 15 1 77 1 803 4 132 2 567 4 1419
446 10 2 1 983 4 987 2 1013 9 273 1 1450 1 737 1 733 3 309 1 456 1 826
447 10 2 4 406 1 488 3 160 3 550 1 642 1 739 1 584 1 1320 4 954 2 338
448 10 3 5 316 3 565 2 564 1 1500 8 99 3 1117 2 1033 1 466 7 465 1 885
449 10 2 1 953 3 467 1 258 2 1072 2 1162 2 598 3 1099 6 435 3 516 6 163
450 10 2 1 767 7 559 6 172 3 199 1 48 1 732 1 992 1 80 1 683 3 1446
451 10 2 2 6 1 148 1 1431 6 347 5 1244 3 901 1 152 1 683 1 263 2 591
452 10 2 4 100 2 165 1 1354 4 397 3 667 3 787 1 838 3 14 2 13 2 336
453 10 2 4 250 4 1069 2 797 1 1268 1 468 5 529 4 503 6 284 1 837 1 237
454 10 2 1 898 4 1276 1 991 1 35 1 1125 5 525 3 568 1 1249 5 1415 2 378
455 10 4 6 46 1 409 4 210 4 776 7 522 8 1213 8 405 3 1482 1 265 1 508
456 10 2 3 228 1 787 7 479 2 14 2 1072 1 813 1 1186 2 36 2 1383 3 1228
457 10 3 6 662 4 798 2 608 3 538 3 763 2 164 2 1391 1 804 3 466 12 1222
458 10 3 1 1341 3 1459 6 362 8 780 1 1421 4 740 1 957 1 856 4 467 1 1323
459 10 4 3 1122 6 445 2 379 10 427 1 960 3 1106 1 678 11 1095 5 570 4 571
460 10 3 3 1080 2 745 6 1223 3 334 6 59 3 917 2 978 6 854 3 451 3 11
461 10 1 1 1380 1 391 6 1080 5 618 1 47 1 611 1 850 1 38 1 1490 1 210
462 10 2 3 601 4 629 1 400 4 1029 2 623 3 831 2 984 6 354 1 472 2 238
463 10 2 6 172 1 95 2 1332 3 1218 8 170 1 618 1 566 2 1200 2 241 3 839
464 10 3 2 1445 5 1450 2 425 3 658 3 247 8 570 1 415 1 253 9 1156 3 1256
465 10 4 2 1096 10 1018 1 515 6 438 3 390 3 301 7 86 3 1365 4 504 1 466
466 10 3 3 1113 3 40 3 596 2 565 5 362 2 505 1 187 5 1325 5 1350 8 541
467 10 2 2 1012 4 518 5 994 1 1356 3 110 1 926 3 356 1 982 4 326 3 957
468 10 2 3 164 3 34 1 580 4 819 2 410 1 31 1 150 1 758 3 1327 3 1453
469 10 2 1 1353 2 129 3 732 2 220 2 917 3 123 4 214 1 1032 3 1386 5 854
470 10 3 10 1312 3 77 2 840 3 811 2 1350 1 660 8 628 1 56 1 571 2 938
471 10 2 2 611 5 712 1 631 4 543 1 1158 4 326 8 1219 1 1021 1 686 1 766
472 10 2 2 565 3 232 2 353 1 865 4 1113 1 1001 3 125 1 127 3 776 1 120
473 10 5 3 1196 4 1410 2 1492 3 1138 11 231 8 399 3 701 2 1329 8 1059 6 736
474 10 3 4 1017 10 1084 1 1363 1 1346 10 846 1 1482 3 1016 1 551 2 1107 1 1093
475 10 2 1 865 4 880 1 1417 2 399 5 605 2 1120 1 1150 1 350 2 188 2 1298
476 10 2 1 755 1 1016 1 619 1 1380 3 1398 1 376 3 1197 4 421 4 306 2 128
477 10 1 1 738 2 1011 1 85 1 206 1 1360 5 1222 4 95 2 505 1 632 1 126
478 10 2 2 926 2 259 4 774 1 147 2 621 1 1061 7 620 1 464 2 92 2 1064
479 10 3 2 704 3 738 1 1437 2 779 3 742 1 383 4 1175 12 1492 1 737 1 837
480 10 2 2 978 2 1347 3 1110 13 1188 1 1211 1 45 1 1316 1 646 2 1030 1 125
481 10 3 10 1006 1 1190 8 633 1 1285 3 964 3 214 1 102 1 698 2 954 2 1394
482 10 3 4 222 7 402 10 69 1 345 1 1154 3 1406 2 876 1 798 2 1165 2 1437
483 10 3 5 1276 1 1343 2 891 2 824 1 914 7 906 3 670 5 324 1 110 5 1014
484 10 4 1 616 2 637 5 1091 3 232 3 1141 14 1354 5 1049 1 760 3 1249 5 1400
485 10 2 1 137 2 814 7 925 1 919 2 204 1 681 4 1496 6 778 2 847 2 392
486 10 2 1 832 3 73 6 699 1 607 2 1407 2 1035 1 957 2 239 3 62 2 269
487 10 2 1 1090 5 620 5 702 4 347 3 488 1 143 2 1258 4 846 1 697 1 89
488 10 2 5 1263 1 554 3 101 9 431 1 932 2 920 1 269 2 574 1 843 4 1283
489 10 2 3 1034 2 18 2 63 1 91 4 165 2 1099 1 3 2 1242 1 410 4 1383
490 10 2 4 634 4 295 2 496 2 168 1 87 2 1454 1 459 4 1389 4 982 1 107
491 10 3 6 214 1 745 3 1292 3 830 3 384 2 337 6 259 5 614 3 1295 1 116
492 10 2 2 1201 6 1229 2 297 1 1087 1 484 2 87 1 1191 3 977 1 211 2 1032
493 10 3 4 1428 1 290 4 204 1 247 6 778 8 155 2 826 5 830 2 1483 3 195
494 10 3 4 1279 1 1466 4 795 3 1302 4 545 6 928 1 1425 1 546 5 1359 2 1004
495 10 4 10 915 3 875 2 1252 1 31 4 818 5 450 2 911 5 177 7 782 8 214
496 10 3 1 610 5 61 1 584 1 989 2 1037 6 886 6 528 1 272 8 367 1 602
497 10 4 1 718 10 468 3 621 4 902 2 986 12 429 8 771 3 1250 2 289 2 747
498 10 4 1 300 1 1022 3 115 3 333 6 28 3 1128 1 1094 11 992 5 289 7 849
499 10 1 1 987 1 333 1 1000 2 1061 2 163 4 880 1 1131 1 987 1 531 3 756
500 10 4 5 53 3 798 1 1079 5 1173 3 1346 1 465 9 462 3 387 3 486 7 6
