1 25 6 1 8 1 952 2 571 3 456 1 1175 1 7 1 1441 7 1148 3 971 5 168 2 1242 2 1299 10 835 1 596 1 618 5 816 1 800 1 882 3 1396 5 443 2 901 3 85 3 1162 1 1489 2 1160
2 25 7 4 1098 1 799 6 55 4 1249 1 833 3 514 7 1109 2 293 1 220 1 509 2 495 1 418 5 752 5 1369 2 1089 3 1027 7 365 3 1224 1 35 1 1377 2 1123 8 790 2 1124 4 561 2 1242
3 25 8 4 1 7 317 3 1032 1 1471 1 798 5 354 1 62 5 1000 2 323 14 215 1 265 2 1090 2 1057 4 259 3 709 7 990 1 1113 1 910 3 790 3 455 2 1059 2 755 1 476 2 290 9 1434
4 25 9 1 188 2 216 1 1353 2 1052 3 1386 14 700 4 451 2 711 1 221 8 646 11 130 3 718 1 381 1 115 1 1378 9 117 6 1037 2 1098 3 142 10 695 2 1413 2 978 1 1043 1 952 3 96
5 25 7 1 507 1 21 5 212 2 768 9 1255 7 753 4 200 2 643 3 1150 1 1432 1 662 1 397 1 198 1 867 4 875 1 329 2 125 3 152 5 976 4 917 1 681 2 1415 5 286 1 252 7 838
6 25 9 1 603 3 1247 2 1255 5 81 3 887 1 1467 1 227 6 1496 2 1485 6 942 4 834 1 477 8 380 8 71 5 836 1 187 1 831 2 562 3 1327 3 1468 9 928 3 1381 2 878 2 1 8 771
7 25 8 3 1335 1 1149 8 446 2 1149 2 405 1 802 1 923 4 481 6 326 3 731 3 1319 9 1068 4 692 8 861 1 655 1 501 6 1136 2 127 7 993 1 587 6 1419 1 193 1 607 3 160 1 540
8 25 7 1 1029 3 893 1 73 4 643 2 657 6 918 10 1261 1 310 1 1246 2 1400 4 1231 1 1012 3 174 1 1308 3 1369 1 944 9 492 1 256 1 706 7 98 1 1070 8 519 3 1186 2 436 2 344
9 25 6 3 1059 1 629 1 454 1 1082 2 38 1 996 4 1155 1 1474 2 1175 11 292 4 1346 3 1320 5 1474 1 1269 2 805 3 174 4 444 1 161 2 973 1 1073 1 861 2 222 1 637 3 52 2 31
10 25 7 2 305 3 387 1 1432 1 299 2 383 2 496 8 1134 1 388 6 521 1 882 1 397 1 538 2 1200 1 361 2 946 5 396 3 28 5 367 6 179 1 793 2 463 3 1153 4 754 2 212 5 1226
11 25 5 6 81 1 1243 2 1452 3 937 6 560 4 1001 1 1391 1 1470 3 320 3 43 2 333 2 326 1 1276 1 820 1 183 1 168 1 669 1 1060 2 343 4 1247 2 15 3 1499 1 88 3 222 1 1393
12 25 7 1 263 1 62 3 1426 3 289 2 111 5 806 7 1360 2 520 4 707 2 315 1 774 3 1374 2 190 3 1223 4 862 4 376 2 748 1 1052 3 89 1 496 1 148 6 700 9 1467 2 286 1 1357
13 25 7 1 472 5 894 3 1347 1 698 3 415 6 850 2 678 1 644 2 1317 1 271 2 1384 6 356 1 232 1 855 1 238 1 1070 4 1017 3 395 8 1483 4 1287 1 702 3 844 2 260 9 817 4 13
14 25 6 1 848 2 1274 1 599 3 378 2 927 5 1229 4 1011 3 1094 4 1112 3 501 7 24 1 465 1 1459 3 668 1 1028 1 694 1 1252 4 1464 1 1440 1 987 2 1303 5 1132 1 1145 1 1157 2 561
15 25 7 3 629 4 1194 6 1455 6 626 3 231 1 231 1 1453 1 683 6 749 4 894 3 26 3 777 1 786 1 512 4 914 7 971 1 396 1 659 1 351 1 76 1 146 2 886 7 237 2 1049 1 291
16 25 6 2 783 4 635 1 617 1 1407 1 773 1 1382 3 1190 4 230 2 549 1 1158 2 808 1 66 5 193 2 1449 6 351 1 492 4 263 4 591 1 1151 10 1322 1 1422 1 80 1 84 2 1155 2 1474
17 25 5 6 1235 1 1188 2 1297 1 1046 1 489 2 735 1 476 1 962 4 565 5 611 3 1198 1 740 1 522 1 967 3 727 2 637 4 345 1 123 1 19 2 1256 3 312 2 1170 2 513 4 1372 3 1204
18 25 7 5 173 2 828 2 919 1 704 8 875 2 1350 2 788 3 849 2 1167 4 1063 2 275 5 1370 9 680 2 1358 1 640 7 1440 3 1363 1 1488 1 688 1 370 1 44 2 810 1 668 5 1021 4 554
19 25 6 7 10 2 1265 2 669 3 210 1 430 1 457 1 917 5 441 2 1384 2 1151 2 824 3 1453 1 1066 5 456 2 414 1 767 2 1229 2 683 3 407 2 180 4 1230 3 1057 1 231 2 1229 1 266
20 25 9 3 376 1 1466 3 144 7 850 10 1107 3 293 2 1477 4 625 3 1391 1 651 2 584 2 1480 1 498 2 240 3 576 6 1164 3 793 19 1273 2 1324 1 1433 3 77 3 971 2 1142 4 490 1 1334
21 25 7 2 841 9 932 3 123 2 745 1 977 1 337 3 794 1 1413 6 86 3 1331 2 96 1 1219 14 687 1 582 5 835 1 134 8 294 2 12 3 1036 3 928 2 152 1 1239 1 918 1 1232 1 54
22 25 6 1 680 4 1345 1 641 2 666 5 120 1 347 2 981 3 1093 9 986 2 636 3 976 2 4 4 889 1 590 1 1156 1 386 4 1144 1 71 3 337 2 1462 2 1 3 845 3 1003 1 737 1 1331
23 25 8 5 1062 12 406 1 966 3 911 3 893 1 693 1 25 4 1400 2 404 5 1323 3 13 2 354 4 803 2 197 1 649 8 627 4 1348 2 1341 2 1335 1 1414 5 641 5 1250 2 1481 4 675 3 1388
24 25 7 1 979 1 843 6 389 4 1159 1 1250 1 246 2 515 7 582 2 694 3 925 1 1437 5 397 4 1227 6 701 2 1224 5 763 6 1166 1 688 2 1416 2 621 2 20 3 405 4 1104 1 785 1 462
25 25 6 1 284 1 1374 1 1201 3 391 2 347 1 88 3 650 4 159 1 429 3 156 4 513 5 893 1 306 6 812 2 1485 3 977 2 950 2 1394 4 249 2 89 2 187 2 794 2 1408 6 74 1 658
26 25 8 2 864 5 801 2 1240 5 1459 7 277 7 1345 1 64 4 179 5 216 4 290 2 1098 4 182 1 1430 3 270 4 471 7 1348 4 403 2 1475 8 52 1 1365 1 483 2 625 1 883 4 1035 2 73
27 25 6 1 788 1 1190 4 207 1 1463 1 1463 1 896 1 1258 1 1355 2 1332 4 260 11 176 3 1101 1 723 3 357 6 222 1 236 3 1356 1 1359 5 1422 4 1037 1 1105 1 423 3 706 1 378 1 1418
28 25 7 2 427 1 20 1 667 2 871 7 128 1 255 1 587 1 1006 2 639 5 1488 3 468 1 638 1 980 10 921 1 636 1 55 2 1331 4 1317 3 408 2 991 2 256 2 1388 7 82 2 798 7 790
29 25 6 5 1485 2 129 2 1143 6 1251 2 1131 4 223 3 890 5 722 4 488 3 774 1 95 3 1488 2 66 1 1265 2 1311 2 163 3 393 1 923 2 101 3 1488 1 576 1 868 4 887 1 1129 3 1459
30 25 7 2 565 3 721 1 350 3 350 2 1229 10 1227 4 291 3 1473 2 1200 3 1064 1 489 3 651 1 622 2 1235 5 366 3 1351 1 1082 1 22 1 97 3 135 7 1252 2 1195 3 426 4 1134 8 753
31 25 6 4 488 4 434 3 1176 1 68 1 397 1 1470 2 353 1 1489 2 15 1 80 2 849 3 1236 5 1258 2 1239 2 301 9 755 1 120 6 640 6 727 3 1193 1 899 2 1115 1 845 1 101 2 626
32 25 8 6 781 5 508 12 1014 2 269 2 1072 2 813 4 1042 1 684 1 277 1 772 1 1023 5 1028 1 209 1 337 1 1186 4 1372 8 56 1 195 1 1335 5 201 1 1366 5 1064 6 1306 5 729 4 436
33 25 6 1 440 1 1481 1 356 2 250 2 1391 1 328 1 60 1 350 1 68 8 74 3 236 1 1482 10 265 4 1198 5 643 1 774 1 397 3 637 1 1393 1 688 2 130 6 1081 2 576 3 1185 2 1465
34 25 8 6 866 6 1264 3 853 2 833 1 144 7 1017 3 164 2 312 1 1005 1 909 9 182 4 169 8 29 1 1343 4 977 1 416 1 571 1 1084 7 1035 3 236 5 1015 1 732 2 1394 3 1041 1 1428
35 25 6 2 782 1 400 1 609 5 571 7 520 3 1013 2 143 1 303 2 304 1 1104 1 1310 4 873 2 476 2 529 9 502 1 206 2 208 1 1174 4 1295 2 280 2 90 2 714 3 984 1 178 4 368
36 25 10 10 1042 7 1043 5 531 2 338 5 621 3 99 3 1487 4 173 1 357 1 1484 3 975 4 885 3 1242 1 1394 4 1321 6 983 6 121 6 666 6 717 4 1128 3 1370 9 721 2 268 1 1349 1 756
37 25 7 1 691 5 556 5 267 3 1160 1 891 2 731 2 532 3 480 3 280 1 248 1 794 3 1177 5 1068 4 1161 1 840 3 1332 5 194 8 1150 1 568 1 567 3 1165 1 599 1 377 5 164 2 1479
38 25 10 5 1127 5 1335 2 304 2 560 15 898 10 312 3 720 1 1282 7 760 6 1157 1 617 3 1301 7 1064 2 734 6 118 2 445 6 73 3 936 2 1329 3 1468 4 823 1 703 2 1127 6 483 1 588
39 25 8 2 165 1 356 7 494 4 1244 4 1312 3 429 2 3 3 1426 3 1366 4 310 1 948 1 952 2 54 4 176 2 1357 6 441 7 957 1 186 1 802 3 1482 1 1290 11 959 2 1405 4 558 5 642
40 25 10 4 530 5 39 3 364 3 823 3 430 12 897 7 1048 2 1322 10 11 4 1416 5 1139 6 899 5 529 1 1338 2 349 4 840 1 656 3 1142 1 525 2 1033 3 67 7 244 4 1210 1 12 2 1064
41 25 7 5 1069 5 1019 3 1382 1 263 1 1444 2 12 1 1353 2 466 5 1224 1 674 1 47 2 805 1 564 5 194 1 1013 2 1349 1 960 5 1213 4 500 1 396 5 1133 1 892 9 681 1 1293 9 684
42 25 7 3 186 1 549 3 1270 7 639 1 1325 3 213 1 965 1 80 2 631 1 1084 1 1195 4 511 3 1259 3 1169 1 1327 2 334 1 1183 3 762 4 776 8 260 2 528 5 969 9 149 7 1088 2 1108
43 25 8 7 1418 1 334 3 838 1 1411 2 211 5 1252 2 975 4 451 4 911 8 885 5 650 1 1242 8 162 4 1417 1 1222 3 1268 2 1287 9 595 7 60 2 898 1 503 1 289 2 194 2 1445 4 1426
44 25 6 1 869 3 861 2 685 2 436 4 673 3 742 1 1028 6 1132 2 792 3 918 2 837 4 164 2 890 2 688 1 884 4 1267 2 675 3 487 2 1467 2 500 6 1487 3 1105 1 435 1 1075 2 23
45 25 10 4 117 3 61 22 1109 6 489 1 527 3 264 1 937 5 357 1 664 2 1336 1 236 1 1164 6 755 3 1354 2 1298 1 197 6 20 14 1006 2 327 4 1064 5 1498 6 294 2 932 3 939 3 315
46 25 7 4 185 4 907 3 195 3 625 2 1333 4 1260 1 726 2 104 9 383 2 1272 3 62 2 528 1 530 2 386 1 478 1 740 3 1123 1 1080 11 861 2 697 1 388 5 375 2 63 3 1182 5 591
47 25 7 1 734 5 241 1 1279 3 646 2 293 6 29 1 1146 8 1222 2 1478 3 194 1 1457 1 839 1 661 6 403 9 512 3 484 1 947 1 1442 4 919 3 1298 1 468 1 1156 5 1248 5 981 4 957
48 25 6 1 525 1 442 8 1053 2 757 3 521 2 1247 1 1163 3 105 1 69 3 1283 1 1334 1 517 4 475 9 1346 1 785 2 1124 1 727 5 616 4 405 2 1381 1 286 2 297 1 79 5 1037 1 92
49 25 5 1 831 3 1403 1 285 8 774 1 303 2 1100 1 316 1 1067 4 852 3 1259 7 1420 1 535 2 22 1 814 3 510 3 739 3 1241 2 1212 1 321 2 1451 1 1354 3 351 2 930 1 837 1 891
50 25 8 10 1379 5 1045 4 1464 3 545 1 688 3 188 1 987 7 540 1 1408 4 1168 3 963 2 564 6 1171 12 566 1 1243 3 798 1 1493 2 1010 1 1485 9 1228 4 42 1 588 2 679 2 26 1 853
51 25 7 2 713 2 488 1 21 12 360 6 1216 6 879 1 81 3 598 1 566 4 216 5 1216 1 414 3 13 2 1328 4 262 1 1259 1 1343 1 1060 1 719 1 862 2 726 1 1248 8 815 7 1455 3 1389
52 25 6 2 89 2 668 1 1468 9 285 1 729 3 697 3 975 4 369 1 1194 2 121 1 715 2 271 1 1377 2 1269 1 381 1 846 5 1362 5 584 2 1402 2 864 3 614 2 258 1 1243 6 409 2 1368
53 25 7 7 1155 3 114 3 141 6 1235 1 921 3 1403 1 583 2 307 1 704 5 930 3 405 4 1327 9 77 2 1248 1 807 3 796 2 342 4 1088 2 731 1 990 4 163 3 267 1 1045 6 518 1 218
54 25 6 2 1162 1 1456 5 33 1 515 1 1142 1 572 1 654 2 15 2 381 5 395 2 1469 2 1076 4 36 2 643 5 772 4 1246 6 1227 1 393 3 53 1 291 3 497 1 1226 2 1397 9 60 2 445
55 25 8 9 1066 2 119 2 653 2 803 4 408 1 50 9 357 3 1352 2 475 2 1206 5 1465 4 837 1 276 1 958 4 1155 3 958 3 68 3 1253 5 1101 1 655 1 521 2 86 6 157 4 759 7 895
56 25 6 1 1029 2 1318 3 818 1 182 2 546 2 915 2 1416 1 401 2 762 3 554 1 1418 7 825 3 1016 2 1271 8 831 1 597 1 573 5 1233 4 1394 1 387 1 439 2 162 1 935 2 946 2 827
57 25 12 4 726 6 213 12 1427 1 734 2 77 4 672 2 1189 2 845 1 728 18 859 3 710 2 1022 13 1179 4 1080 10 593 1 155 3 1330 6 1479 9 151 4 655 2 1013 3 1198 4 611 6 1338 2 262
58 25 6 2 1451 4 95 2 1405 4 413 1 1154 1 225 7 636 2 1390 2 902 2 272 5 950 1 701 3 567 5 237 1 817 1 1256 1 1217 4 320 7 1097 1 193 1 366 2 1379 1 930 4 1384 1 845
59 25 6 4 338 1 281 1 65 1 295 1 927 1 719 2 54 1 244 1 1186 1 194 2 1199 2 384 2 193 2 1035 6 630 1 579 2 1342 1 1143 10 927 3 632 3 406 1 1394 2 129 3 1092 9 347
60 25 6 1 547 4 1410 3 341 1 156 1 5 1 100 1 874 1 928 5 940 3 608 5 1117 1 125 2 1326 4 228 6 1006 1 254 1 226 1 286 2 1123 3 1236 4 1430 3 36 1 1208 2 941 6 752
61 25 7 5 907 1 995 2 856 1 901 1 740 1 409 2 114 1 1479 2 181 10 684 8 149 3 1248 1 1062 8 404 1 294 1 493 1 545 4 565 6 254 3 68 2 747 1 112 2 997 2 489 1 546
62 25 7 1 696 11 1424 2 1396 5 1182 3 1353 1 1341 3 145 8 102 1 325 6 1142 2 257 8 985 2 183 2 959 1 473 3 998 3 665 2 286 3 387 2 1389 1 830 1 146 3 390 1 450 1 1270
63 25 8 2 974 2 431 2 1030 2 828 4 124 6 256 5 1411 1 228 2 314 2 1338 14 1321 1 1403 2 1118 4 26 5 224 4 27 3 397 3 905 1 1265 3 715 1 1140 1 1316 7 1414 3 907 2 1438
64 25 8 4 1225 2 92 1 1274 11 680 2 542 3 932 1 1148 1 424 1 1408 3 745 2 148 6 1037 4 899 3 230 6 1341 4 928 1 1445 1 414 2 672 1 738 1 721 6 300 1 1472 11 1117 2 1295
65 25 6 3 9 3 1015 10 1114 3 265 2 1404 1 561 4 933 2 1072 4 578 2 172 1 172 4 1311 3 295 2 751 2 230 1 61 1 439 1 494 1 894 2 559 1 1468 1 463 2 641 2 433 4 415
66 25 7 3 1052 1 1463 7 825 5 685 4 405 11 992 1 1181 8 30 1 1305 1 287 2 293 3 192 2 106 1 663 4 1199 1 59 1 1072 3 1238 1 85 3 143 1 198 4 1146 4 892 1 1452 1 975
67 25 9 1 1477 1 1113 3 390 5 349 7 300 3 1368 1 1161 18 994 2 846 4 1230 3 1192 6 508 3 851 3 59 3 712 2 1335 3 113 3 396 6 1068 3 243 3 721 1 1093 5 184 2 81 4 454
68 25 5 1 1111 1 690 4 428 2 5 3 242 4 777 6 471 1 670 1 208 3 81 1 389 1 473 4 1135 1 271 6 1290 1 874 2 257 1 140 3 1329 1 737 1 1118 1 472 8 756 1 558 1 231
69 25 6 1 47 1 349 1 510 6 458 1 1256 1 1231 1 843 3 504 1 591 3 34 1 106 3 1366 1 439 11 600 6 1499 1 937 2 193 1 1461 4 1365 2 71 6 67 1 79 2 18 3 900 4 1351
70 25 8 5 399 2 546 1 515 1 979 1 746 1 911 5 112 2 1226 8 866 3 98 4 961 3 350 5 1232 1 822 1 1164 3 1246 1 229 1 1069 18 1233 3 183 4 663 4 1399 1 1400 4 1294 1 965
71 25 8 1 52 5 532 2 532 2 1469 6 1231 2 707 3 1300 4 677 1 847 1 1148 7 1046 1 326 4 632 1 787 3 879 2 65 6 769 1 1406 7 731 2 183 3 1074 5 794 1 399 4 1400 6 1268
72 25 8 10 1477 3 1038 7 369 2 648 1 1207 1 695 5 972 4 1165 2 1469 5 645 4 696 3 874 1 1125 6 293 4 886 3 1275 1 330 1 1207 1 1236 1 620 5 521 5 973 3 1316 2 1259 4 25
73 25 6 1 1165 2 1472 10 145 6 1300 3 87 4 413 6 92 1 784 4 376 1 74 3 1484 3 460 2 1247 1 627 1 461 3 1285 1 684 1 578 1 1056 1 1361 1 1351 1 930 3 197 2 713 1 1081
74 25 7 1 302 4 285 3 1020 1 115 2 1230 5 348 1 427 2 736 3 158 7 1226 1 1432 1 876 1 916 3 931 2 877 1 700 1 290 4 692 8 1461 1 1455 4 1001 1 1497 4 644 3 956 6 1369
75 25 6 5 318 2 296 3 1299 2 37 3 1284 1 184 1 649 4 1195 3 409 2 510 5 1316 1 375 1 537 1 230 8 860 3 678 3 1141 1 1315 1 262 1 1136 2 883 5 313 1 462 3 840 2 1209
76 25 8 6 570 6 129 3 1012 1 985 5 751 1 931 3 419 1 1445 1 982 2 858 10 200 3 909 3 1112 3 375 3 549 1 173 9 457 1 978 1 655 9 509 4 1062 4 801 2 33 2 910 2 537
77 25 7 2 830 2 588 2 1230 1 96 3 1362 4 577 2 105 8 337 4 546 3 480 2 729 1 737 1 471 2 1338 4 559 2 1081 1 1326 1 393 3 620 7 1188 2 657 2 1013 1 600 7 1019 3 820
78 25 6 2 236 5 1077 1 1200 1 940 2 925 1 348 2 1023 1 32 1 701 4 535 1 547 8 1225 8 734 1 929 1 1301 3 1033 8 504 1 1255 1 847 2 948 2 583 2 722 1 809 5 215 1 286
79 25 9 3 1236 2 425 7 31 1 1045 2 773 1 1119 2 757 7 309 9 1128 3 201 2 1332 2 608 1 1010 4 582 2 1087 1 554 10 590 4 241 1 1113 4 991 8 486 4 1229 4 639 5 538 7 75
80 25 8 3 70 2 799 1 880 1 189 2 520 1 1304 3 1334 4 761 4 1399 2 711 1 1314 8 1429 6 1041 8 457 2 532 11 866 2 30 2 464 1 365 1 1451 3 1024 2 1450 2 861 6 798 6 1488
81 25 7 1 1081 1 922 2 608 1 430 4 1066 3 264 1 1204 1 956 3 928 3 128 6 246 4 9 1 471 2 1308 1 738 5 1031 4 862 4 586 6 1233 10 22 6 1434 4 1246 1 44 1 1217 1 332
82 25 7 4 1383 2 1107 1 1419 8 1368 1 1456 2 789 1 1068 2 497 11 1115 3 65 1 674 1 1228 2 1337 3 1168 6 684 2 375 4 576 4 1320 2 1051 5 328 2 978 1 1178 1 505 6 438 1 435
83 25 8 1 677 3 41 1 483 1 1436 1 1480 2 64 2 130 5 770 1 1196 1 546 5 1240 3 237 2 606 1 651 4 1131 1 1481 5 1149 11 14 4 718 4 772 3 1477 7 125 8 157 3 1384 1 1257
84 25 5 1 469 3 283 4 967 1 1334 4 85 1 85 1 961 4 193 1 1126 1 1302 1 1377 2 347 2 446 1 1215 2 572 3 1324 2 759 3 1121 3 573 1 1235 7 538 3 148 2 1216 1 1289 2 295
85 25 7 1 516 5 591 1 703 6 1099 1 949 4 693 4 716 1 554 2 38 1 31 1 870 5 670 3 927 1 1328 3 601 4 1101 1 1243 1 1439 5 1163 5 193 3 234 4 1341 1 290 9 866 1 169
86 25 8 4 677 3 1047 5 428 3 884 6 618 1 495 3 83 2 815 6 926 2 773 3 977 1 655 5 1243 6 1226 2 5 7 312 2 1177 5 1193 1 498 1 223 2 937 6 353 5 778 1 885 1 423
87 25 8 2 1486 2 1059 1 1363 4 824 9 925 5 1150 3 238 7 1199 3 292 3 326 1 1425 2 832 3 1353 9 554 2 1381 2 956 1 1213 1 1495 2 1256 1 784 1 419 1 1164 11 1087 6 1126 3 1171
88 25 7 1 429 7 1225 3 1341 1 320 1 212 1 917 1 113 3 592 1 237 1 961 3 468 10 1268 2 1294 6 1255 10 493 4 1075 1 908 2 493 1 769 5 30 2 423 2 1328 1 1107 5 542 2 417
89 25 7 4 151 6 322 3 1415 7 1452 1 796 2 130 2 251 1 318 1 1376 2 421 4 101 1 573 8 96 4 728 5 998 2 673 1 735 2 58 5 878 1 270 3 472 1 1042 1 1399 4 863 1 846
90 25 7 4 414 7 1084 6 1394 5 618 2 204 1 1373 2 1142 9 522 4 1199 1 165 1 712 3 1477 1 1488 1 251 1 852 3 644 1 631 2 715 6 174 2 748 2 931 1 302 3 1434 1 499 8 1069
91 25 8 2 1078 5 282 9 1468 2 490 1 597 4 861 3 549 5 604 3 28 1 323 1 524 10 1285 2 1250 1 1058 6 524 3 1229 1 677 4 264 1 816 8 946 2 193 1 89 1 326 4 1279 1 125
92 25 6 8 1421 2 248 3 1113 4 1286 1 599 1 1198 4 1001 5 908 2 82 1 830 1 824 2 833 3 1004 1 416 4 583 1 298 2 1098 2 788 1 991 4 185 2 1369 1 685 2 807 6 823 2 607
93 25 8 2 113 3 237 3 18 1 912 2 222 2 729 4 759 5 240 2 869 3 858 2 1226 7 1204 6 212 2 113 1 21 1 120 18 452 4 707 3 343 2 1152 3 388 5 1220 1 182 1 909 3 556
94 25 8 4 1450 1 117 1 74 1 265 3 910 7 561 4 990 3 286 1 500 9 1425 5 60 1 762 1 1031 5 776 2 250 4 1231 2 994 9 1416 2 1091 1 1099 1 667 5 1303 4 140 6 211 1 471
95 25 5 3 431 1 262 2 108 2 1241 1 1480 2 433 1 820 1 789 2 449 2 887 2 1142 1 1403 16 808 1 477 1 665 3 1128 4 132 3 1436 3 768 1 454 2 1212 2 273 1 437 1 607 1 880
96 25 6 3 362 4 833 4 379 2 1422 1 1410 6 540 4 511 2 397 2 436 2 958 3 1374 2 98 1 741 3 1198 2 706 3 801 2 752 1 817 6 635 8 1189 1 1066 2 106 1 1198 2 1371 2 325
97 25 6 1 513 1 114 1 1249 1 1154 6 1217 5 1092 2 677 1 507 2 1377 6 1355 2 671 2 30 4 889 3 729 1 456 5 1361 2 273 6 291 3 550 2 734 1 1450 2 742 1 224 1 513 2 699
98 25 5 1 1404 1 470 1 1486 1 125 4 331 2 933 2 752 4 904 1 1471 1 1408 5 678 1 1249 2 1330 4 769 3 89 1 1338 1 692 1 69 3 150 3 236 1 1124 1 1062 7 1244 5 1304 2 636
99 25 7 4 503 6 40 2 285 4 1230 5 583 1 878 3 263 2 883 10 502 2 1224 3 828 5 688 3 627 1 1433 6 305 1 407 2 821 1 407 2 288 1 1143 7 872 1 1368 1 1392 3 1155 1 985
100 25 9 1 1468 4 570 3 1059 3 1114 2 130 5 1181 1 224 5 725 4 377 3 1253 11 237 3 281 1 156 7 661 11 951 2 241 8 234 3 292 1 1139 6 1372 3 667 3 19 2 1438 4 1270 1 1421
101 25 7 1 1464 2 1405 1 985 2 747 3 161 2 1357 2 435 2 644 2 1432 3 1393 8 1360 2 414 4 1177 10 1073 2 439 3 1159 1 852 1 543 2 487 1 528 3 942 6 40 3 21 5 157 2 522
102 25 7 3 142 3 1154 2 869 1 1013 1 1397 1 1378 4 456 1 363 5 628 4 1349 2 1157 5 1340 5 253 4 184 8 323 1 61 3 17 1 949 5 943 1 924 3 429 1 695 5 1298 1 1050 2 165
103 25 7 1 757 1 358 4 802 2 1480 2 411 3 14 1 1175 7 994 2 719 1 252 1 454 8 1125 1 277 2 526 1 931 2 1355 7 465 1 513 9 124 1 1372 2 816 3 88 6 727 1 1169 1 44
104 25 5 1 772 2 236 3 446 1 1194 2 1499 2 1019 7 1414 3 864 1 168 1 23 2 1223 2 419 5 496 1 1123 1 655 3 471 3 543 1 1457 2 733 4 267 2 164 1 137 4 902 1 837 2 436
105 25 7 1 508 1 1164 2 309 4 1182 7 559 8 36 4 1128 1 1470 5 267 2 304 4 281 1 429 3 979 4 718 2 1300 2 1328 3 356 5 525 5 1460 1 990 1 1274 4 85 7 854 1 156 1 382
106 25 7 1 743 9 567 1 728 2 593 4 670 1 88 8 445 1 1278 1 510 2 3 2 423 1 363 2 1495 4 691 1 698 1 793 4 624 2 82 8 102 4 188 1 56 1 129 5 761 7 1100 2 406
107 25 7 3 160 4 1120 3 287 1 995 1 937 5 216 3 83 4 1386 2 1171 2 1416 1 612 1 1470 1 253 2 11 3 690 1 638 2 1155 1 1429 1 1279 7 163 6 203 1 1338 9 918 4 1478 7 509
108 25 7 4 197 3 1201 1 133 2 400 2 969 2 785 1 47 2 555 1 696 5 328 6 679 1 899 9 917 1 760 1 1058 2 1440 2 1225 2 382 6 1485 7 1421 1 1326 1 1314 2 40 4 870 2 566
109 25 8 2 1131 6 1050 7 1411 7 552 1 1434 2 744 7 490 1 360 3 1456 2 318 1 95 5 1153 3 532 6 1272 2 2 5 75 1 594 4 43 3 640 1 63 4 800 2 953 2 1026 2 577 1 593
110 25 7 2 706 10 948 2 68 3 1145 4 743 6 466 2 565 1 823 1 483 4 769 5 664 6 894 2 708 2 1008 2 218 1 604 2 1357 1 711 1 488 5 517 4 1199 2 645 4 737 4 1314 2 242
111 25 6 1 1277 1 1373 1 148 5 1290 2 1037 1 121 1 807 5 845 4 586 2 267 3 372 2 287 1 1142 1 681 10 418 1 10 1 329 3 727 1 711 2 991 2 856 1 1261 7 921 1 1128 3 63
112 25 8 1 627 3 1293 1 727 2 236 3 106 2 1091 4 574 6 426 4 229 1 931 2 1033 2 910 4 1177 1 1465 2 663 2 686 8 1267 1 1083 5 905 3 618 1 196 1 775 11 1029 10 893 5 1172
113 25 7 3 616 3 1042 6 748 5 666 1 1225 6 1238 2 1229 1 309 9 691 1 1377 4 141 1 624 6 1284 5 1219 2 742 1 127 1 883 1 484 6 838 1 1378 1 1457 4 1374 1 986 3 1382 3 1293
114 25 8 5 1219 2 968 1 268 6 1242 4 1478 1 587 9 599 1 1456 1 1063 5 561 1 1150 2 135 2 1175 3 381 2 848 5 505 9 864 4 446 3 582 1 1110 3 1138 4 243 1 412 3 295 6 1429
115 25 5 1 480 1 1335 2 1329 2 533 1 1084 2 835 1 396 2 1062 1 473 1 1089 2 522 4 208 4 286 4 696 3 1262 2 822 7 639 3 1055 1 1192 2 1195 1 1149 2 1444 3 1403 3 1022 3 1442
116 25 6 1 676 6 1139 1 894 2 1316 2 1063 3 1149 1 359 1 528 4 1377 1 301 1 258 3 324 3 440 5 812 1 498 1 1197 3 643 4 697 1 777 4 1297 1 473 5 64 1 974 2 30 4 918
117 25 7 1 132 6 257 2 1202 1 451 4 401 1 1326 3 16 1 365 3 1288 1 1113 3 489 5 1323 3 1424 2 523 7 160 2 645 3 503 4 909 5 664 3 291 1 448 3 1046 1 371 4 1388 2 1292
118 25 9 3 935 4 585 6 1446 4 306 2 553 3 1247 3 716 1 1324 10 200 5 1462 4 542 1 88 6 905 1 1482 3 536 1 386 1 1 1 768 4 108 2 1448 10 487 6 967 4 822 6 1253 6 931
119 25 6 3 1499 1 139 2 1064 3 514 1 798 1 780 4 173 8 460 5 1085 2 945 2 554 4 767 1 324 4 1432 2 404 1 1475 2 94 3 920 2 127 1 807 2 23 5 589 2 1253 2 909 1 34
120 25 7 4 40 2 221 4 519 1 1117 5 36 5 859 4 1038 8 787 2 76 2 1009 2 861 1 517 7 343 1 45 3 1040 6 463 1 67 1 1106 1 1001 1 392 4 1360 2 475 2 513 1 514 1 1284
121 25 7 3 148 3 435 5 174 1 460 1 8 3 289 3 105 3 530 5 1461 6 204 3 165 5 1381 4 363 1 224 4 1107 5 1032 1 1001 4 137 1 1243 2 444 1 442 5 706 3 853 1 273 1 1106
122 25 8 2 67 2 571 1 1332 1 835 2 395 5 305 1 737 2 855 1 31 1 1260 5 684 1 407 13 58 2 480 3 60 3 201 1 1224 1 391 2 1394 5 249 3 796 6 707 5 1214 4 731 17 351
123 25 8 2 688 6 280 4 59 1 364 3 742 1 1017 5 534 7 626 2 237 8 104 2 324 3 641 1 1440 1 1435 3 794 2 1211 5 1071 4 1500 3 68 4 491 2 549 6 1136 1 102 3 1202 2 895
124 25 8 7 423 5 1404 3 208 2 1460 3 892 4 863 1 720 5 847 2 842 7 1216 2 438 8 645 3 1029 6 933 1 143 1 1308 6 1312 2 264 4 261 4 387 3 1081 1 1445 1 680 4 410 2 1314
125 25 8 2 608 9 1120 2 425 4 472 1 685 1 567 1 434 1 884 4 548 3 253 5 932 6 824 1 508 2 540 2 1239 1 1155 1 720 2 605 4 659 1 901 3 1457 12 1261 5 277 5 594 2 1225
126 25 8 5 326 5 144 8 658 5 953 3 82 1 194 3 30 2 326 5 208 4 1086 3 800 4 1094 2 1169 2 1311 6 1351 3 1053 3 1382 4 106 3 373 3 286 1 127 1 1215 5 488 2 966 4 1184
127 25 8 2 1391 1 1216 2 893 6 931 3 1131 2 992 7 95 2 59 9 578 1 1100 1 1012 9 248 5 1290 2 481 7 244 1 1215 5 897 1 509 7 154 3 489 2 946 1 1168 3 1198 1 1050 1 605
128 25 6 1 361 1 707 5 1083 1 564 8 930 2 436 1 1161 2 1016 2 578 5 632 1 157 5 641 2 61 6 1101 1 152 4 1190 3 813 4 167 2 892 1 22 1 1310 1 1077 5 1276 2 1068 3 911
129 25 5 1 1470 1 1120 1 103 1 1312 2 780 1 745 4 27 1 904 10 1378 1 1476 2 1142 1 1015 2 950 4 224 3 1468 2 939 4 1070 1 394 1 1121 1 557 1 64 3 1379 1 739 3 1273 1 1338
130 25 5 2 263 2 213 1 190 1 719 1 1280 6 754 5 1374 1 1294 1 12 5 998 2 458 2 1033 1 902 1 481 4 23 2 1463 1 1170 1 574 4 679 1 843 1 1129 1 333 1 403 3 338 7 864
131 25 7 1 198 2 281 5 505 1 832 1 1199 2 469 5 990 2 983 1 123 2 738 1 795 1 1270 6 214 3 712 11 329 4 1047 3 94 4 985 1 705 3 1301 3 1219 1 1254 4 420 2 562 3 1094
132 25 9 6 892 14 117 2 1037 3 401 3 587 4 1500 3 496 5 1070 2 1418 2 490 5 255 3 1424 2 837 12 1260 5 972 2 737 1 1066 5 169 2 83 1 315 1 1343 1 687 2 1274 2 1112 4 584
133 25 9 3 896 2 835 1 61 2 1076 7 339 1 676 4 884 3 54 7 1098 2 1065 1 1403 6 1350 11 222 4 249 3 134 4 697 4 1497 1 680 4 1017 1 1179 2 1038 1 730 3 131 11 1292 3 413
134 25 7 6 826 2 989 1 643 5 1465 1 818 1 104 1 1022 5 1194 3 663 1 1323 8 20 4 499 1 60 1 391 3 313 1 498 7 1112 5 961 2 273 3 1162 4 1027 3 42 1 1070 3 612 3 398
135 25 9 4 1059 7 384 8 496 3 981 5 308 1 1105 2 570 3 612 2 215 4 351 13 1255 1 826 1 447 1 76 2 449 3 245 7 15 3 298 2 100 8 1002 3 1440 5 1170 3 684 1 751 3 710
136 25 8 10 937 1 2 3 241 12 1476 9 1480 2 565 6 1236 1 40 1 1480 8 695 1 857 3 1347 1 639 1 983 10 1006 1 1047 2 485 1 1155 2 1252 1 1043 1 1456 3 288 2 1007 2 644 2 1322
137 25 8 2 1228 3 1169 5 1240 3 1049 4 190 10 792 7 1104 7 754 1 103 3 893 2 1423 8 54 1 967 1 1288 1 1490 2 15 2 282 2 730 1 1186 1 1355 2 850 2 934 2 999 7 677 4 261
138 25 8 4 900 1 322 4 199 2 447 1 605 1 267 12 633 1 95 1 286 4 610 1 1227 7 673 1 1296 7 1238 7 1226 4 367 3 1096 2 389 4 804 7 1245 1 1436 3 714 2 1185 6 1119 1 109
139 25 8 1 303 1 1124 2 943 11 281 5 1420 1 329 1 612 9 1017 3 24 5 498 1 678 2 110 1 271 7 1369 9 838 9 974 2 1347 3 899 3 3 1 1431 1 335 3 842 1 669 1 1204 3 1365
140 25 7 5 364 7 1451 3 812 2 784 1 1158 1 527 2 815 6 764 2 1232 1 318 16 221 3 419 1 1435 2 290 2 252 2 362 2 888 1 1258 4 1180 1 553 1 466 1 1324 1 1023 3 95 1 395
141 25 6 1 879 5 541 1 980 5 546 1 548 2 1337 1 534 1 166 1 1103 1 72 2 474 7 85 9 857 2 841 3 514 4 605 2 966 1 570 3 459 1 941 3 471 1 969 1 628 1 374 1 597
142 25 7 6 666 12 970 5 1465 2 231 1 997 4 175 2 164 4 1459 2 873 1 1066 1 1091 2 826 1 782 2 1301 6 1266 3 1163 1 1298 2 1490 2 1139 3 1391 3 1423 1 1356 2 495 2 1437 6 1084
143 25 6 1 265 1 734 3 104 8 172 5 401 1 201 1 1373 6 1196 1 1311 1 285 1 261 1 1109 5 659 2 561 1 1001 2 1025 5 1381 1 677 1 745 4 1418 3 1147 9 241 1 468 1 1188 1 1270
144 25 7 3 515 1 696 3 1256 2 676 2 223 6 673 2 1225 5 500 3 1251 2 98 1 1249 1 148 20 1136 2 67 4 936 2 45 1 1019 2 206 3 654 3 1094 2 677 1 824 1 1127 2 96 1 1344
145 25 8 2 1403 5 438 5 646 2 854 3 1211 4 961 2 1181 13 496 3 1202 1 265 6 1141 2 425 3 398 1 18 1 292 1 1116 9 891 2 886 2 437 4 260 1 800 1 905 2 416 3 751 5 202
146 25 5 6 624 1 258 1 70 3 1018 2 1090 1 1251 3 884 1 530 6 1170 2 572 2 1299 1 147 1 645 3 202 1 556 7 255 1 878 1 23 1 278 2 1009 3 1295 5 1159 1 458 1 7 2 1433
147 25 7 6 754 3 1109 2 1089 1 556 2 896 1 1341 1 851 10 335 2 604 2 821 10 99 6 1369 1 1358 6 612 1 512 1 944 3 1243 1 64 1 162 3 1444 2 90 1 1248 1 1116 2 521 1 886
148 25 8 1 277 1 963 3 1428 3 719 4 163 1 1050 1 676 3 1149 1 567 3 686 5 1270 6 348 2 1137 1 790 1 590 13 280 1 87 4 193 4 17 8 1018 1 16 2 94 5 1145 6 1265 1 127
149 25 7 1 1133 1 575 4 1182 6 863 3 835 2 864 4 519 5 1005 1 631 5 544 2 825 4 598 2 537 2 9 4 1438 4 1269 4 1428 2 1469 8 253 1 944 1 930 5 1298 1 1348 1 695 1 355
150 25 7 6 1440 1 1490 9 1272 9 840 3 844 5 587 1 654 1 751 1 704 2 265 3 202 1 685 2 1144 1 957 2 626 3 1310 2 1037 1 1343 1 485 4 496 1 1375 1 135 11 1331 5 1013 3 541
151 25 6 2 681 3 672 1 383 2 740 5 680 3 1038 4 740 1 1298 2 631 1 1275 1 1012 1 1215 2 274 2 983 1 1493 2 394 5 801 2 1205 7 684 2 288 1 436 1 56 6 866 2 1383 2 32
152 25 6 4 819 2 1333 2 1425 1 890 1 881 2 1320 2 622 3 256 9 1075 4 286 2 798 1 26 1 792 3 836 2 59 1 1318 1 763 6 548 5 94 3 1302 1 1003 1 1117 4 647 5 161 3 492
153 25 8 3 348 2 1191 4 326 1 1065 3 820 10 653 3 739 4 1423 2 940 1 860 1 1388 4 818 1 113 1 290 3 242 9 153 7 1350 7 1179 1 464 2 1361 7 1252 2 626 3 977 2 245 3 303
154 25 6 1 302 5 1414 3 616 10 1038 4 1089 1 973 3 1054 2 552 2 1097 8 1183 1 680 3 837 3 421 2 162 1 904 2 848 2 385 2 1022 2 579 2 968 2 948 3 1372 1 880 1 1213 1 1403
155 25 7 2 1273 1 977 1 668 1 995 4 939 1 1275 3 1366 5 41 6 1276 2 540 3 500 2 620 5 1491 2 142 1 57 2 1055 1 53 3 71 1 1092 3 1471 2 1284 7 967 8 1226 1 702 8 648
156 25 6 3 811 3 88 1 332 2 279 2 759 1 622 1 1487 1 1080 2 1484 3 700 1 807 3 629 2 1407 5 620 1 1261 1 876 3 479 4 347 3 65 3 85 1 137 1 681 10 222 1 815 7 1328
157 25 9 1 13 2 517 6 1004 9 1116 3 104 2 185 1 108 2 325 4 1343 2 133 2 1367 4 61 3 1345 2 336 10 294 1 1345 3 969 9 1493 4 322 7 402 1 34 2 340 3 634 2 241 6 739
158 25 6 4 584 9 45 1 1072 2 289 1 1357 5 748 4 152 1 455 1 557 2 1409 1 1164 2 247 2 552 2 1346 9 319 3 680 5 228 2 1311 2 865 2 548 2 457 2 617 2 205 1 789 2 81
159 25 6 3 962 2 252 1 1311 5 125 5 1466 1 783 2 1198 3 331 1 1262 5 141 3 1410 1 609 1 989 1 267 1 1447 6 913 3 1188 1 989 3 628 7 1240 1 1030 3 540 1 335 3 504 2 884
160 25 6 1 871 2 1291 5 167 2 533 3 1189 1 1098 5 416 3 418 2 892 1 1070 1 761 1 920 5 585 4 1422 7 333 4 246 1 87 1 227 2 317 1 1121 4 81 1 381 1 264 3 226 1 336
161 25 8 4 1360 1 1435 2 800 4 751 5 1261 1 930 12 720 7 353 1 753 7 495 1 956 6 807 6 1026 1 637 1 768 2 299 1 690 5 971 2 1485 2 1151 2 415 8 1348 2 1389 1 275 1 697
162 25 7 1 1044 2 301 4 786 6 1377 1 874 1 95 2 43 2 1053 3 903 4 1457 4 303 1 36 1 1346 1 654 9 199 5 614 9 1178 1 881 9 143 1 1316 2 836 1 1345 1 1036 2 343 1 1385
163 25 8 4 112 6 674 1 6 2 1037 2 347 3 733 6 378 3 970 2 5 5 281 1 1106 2 1219 1 56 1 1276 7 1040 1 1157 7 96 2 1440 3 433 8 421 2 836 4 650 5 917 1 1276 4 1028
164 25 7 8 28 3 1310 2 603 3 562 4 1042 1 256 1 1408 8 564 1 1303 2 675 6 452 2 1226 3 221 1 41 1 1110 2 1480 8 1044 2 1401 1 317 3 189 2 261 2 413 4 580 1 503 3 1214
165 25 7 9 1267 2 423 2 1499 1 1291 4 589 15 1174 1 131 1 6 1 1048 10 610 1 596 2 254 2 1260 2 1027 3 1377 1 876 1 10 2 371 1 410 1 155 1 1170 1 1475 4 520 1 20 1 874
166 25 8 6 179 5 326 4 898 2 96 2 1100 6 1073 2 726 1 1379 6 1089 2 147 1 1070 8 74 8 1425 3 660 5 438 1 1036 1 24 1 1211 2 1086 1 210 1 1128 2 965 8 233 1 993 1 189
167 25 8 3 681 1 790 2 580 8 44 2 641 1 1196 2 1477 10 433 1 359 8 736 2 1478 2 804 2 1348 2 108 1 1126 7 114 1 1393 4 705 4 278 1 837 5 489 4 476 1 511 5 1376 5 181
168 25 7 3 1451 1 1213 5 485 1 472 7 909 2 653 9 595 2 1396 1 861 1 398 4 90 1 945 2 531 2 290 1 884 1 633 1 403 10 698 4 550 1 777 1 916 4 463 1 370 8 1258 1 1411
169 25 7 6 71 2 331 1 162 3 198 10 295 5 1033 6 969 1 1465 6 163 1 372 2 1189 3 1141 3 889 3 1056 2 750 2 316 1 1042 3 559 1 258 1 1287 2 1060 5 509 2 538 5 812 1 81
170 25 9 3 745 1 169 6 318 3 782 2 328 1 583 7 1157 2 1034 8 775 2 217 7 487 8 436 3 261 1 777 1 561 4 925 2 297 1 1285 11 111 6 811 10 1063 1 1202 1 408 1 208 1 1081
171 25 9 1 133 6 1082 2 151 1 381 6 34 6 1027 1 306 3 842 3 698 8 1473 1 1437 1 736 2 649 1 919 2 759 5 721 5 445 10 763 11 410 2 67 1 792 4 173 2 1479 1 658 12 78
172 25 6 4 1438 1 564 2 1464 1 704 4 64 2 673 4 1159 1 1050 4 77 12 709 1 998 1 211 1 233 1 164 2 819 3 434 4 960 4 1225 2 481 1 883 1 1384 7 303 1 1185 2 789 2 756
173 25 6 1 526 3 647 2 215 8 832 4 1457 3 1321 1 714 6 1115 1 702 1 455 3 1119 1 534 3 350 2 310 1 1181 1 941 3 95 2 1022 3 1300 6 9 1 1012 3 602 1 1358 1 1030 1 1057
174 25 7 5 36 3 527 2 367 1 1378 1 640 4 518 2 826 2 102 8 611 2 1269 2 648 1 661 5 1430 3 614 1 100 4 639 2 396 2 1415 1 865 2 1287 7 1419 5 892 2 712 1 1374 3 214
175 25 7 3 177 6 1018 1 1174 5 895 5 1413 2 195 2 598 4 756 4 1015 3 1339 6 1404 1 691 8 311 5 817 2 499 1 18 2 1263 1 1191 2 501 1 591 1 1371 2 1068 2 1023 4 888 1 625
176 25 7 4 351 2 174 1 1253 5 622 5 805 1 913 1 792 2 311 3 947 1 1203 7 54 1 862 4 572 3 445 1 649 3 1443 1 1301 1 665 4 171 1 1227 1 545 3 975 9 272 3 134 3 994
177 25 6 3 901 4 20 9 1152 1 1059 8 1002 1 752 4 1392 1 126 4 455 1 99 4 407 1 691 1 527 1 158 2 330 1 953 6 1197 1 670 1 1013 1 498 3 1109 1 581 1 1483 5 396 1 1103
178 25 6 2 605 1 863 1 303 3 1246 1 740 1 1313 2 303 1 125 2 1209 6 875 1 773 4 1439 1 325 2 166 2 1229 2 126 1 1144 2 1292 6 1481 2 820 4 543 8 715 1 381 2 1362 6 799
179 25 6 3 1462 1 462 4 1034 4 149 6 1441 2 1254 2 164 5 589 2 1455 1 692 3 15 1 77 1 803 4 132 2 567 4 1419 1 792 1 983 4 987 2 1013 9 273 1 1450 1 737 1 733 3 309
180 25 8 1 826 1 581 4 406 1 488 3 160 3 550 1 642 1 739 1 584 1 1320 4 954 2 338 19 741 5 316 3 565 2 564 1 1500 8 99 3 1117 2 1033 1 466 7 465 1 885 6 636 1 953
181 25 6 1 258 2 1072 2 1162 2 598 3 1099 6 435 3 516 6 163 7 559 6 172 3 199 1 48 1 732 1 992 1 80 1 683 3 1446 1 1211 2 6 1 148 1 1431 6 347 5 1244 3 901 1 152
182 25 5 1 1280 1 683 1 263 2 591 2 165 1 1354 4 397 3 667 3 787 1 838 3 14 2 13 2 336 4 1069 2 797 1 1268 1 468 5 529 4 503 6 284 1 837 1 237 1 545 1 898 4 1276
183 25 7 1 35 1 1125 5 525 3 568 1 1249 5 1415 2 378 1 353 6 46 1 409 4 210 4 776 7 522 8 1213 8 405 3 1482 1 265 1 508 1 971 3 228 1 787 7 479 2 14 2 1072 1 813
184 25 8 6 1442 1 1186 2 36 2 1383 3 1228 4 798 2 608 3 538 3 763 2 164 2 1391 1 804 3 466 12 1222 3 1459 6 362 8 780 1 1421 4 740 1 957 1 856 4 467 1 1323 2 1442 3 1122
185 25 10 2 379 10 427 1 960 3 1106 1 678 11 1095 5 570 4 571 11 177 3 1080 2 745 6 1223 3 334 6 59 3 917 2 978 6 854 3 451 3 11 1 391 6 1080 5 618 1 47 1 611 1 850
186 25 6 1 299 1 38 1 1490 1 210 1 1165 3 601 4 629 1 400 4 1029 2 623 3 831 2 984 6 354 1 472 2 238 3 1218 6 172 1 95 2 1332 3 1218 8 170 1 618 1 566 2 1200 2 241
187 25 8 2 155 3 839 1 549 2 1445 5 1450 2 425 3 658 3 247 8 570 1 415 1 253 9 1156 3 1256 10 1018 1 515 6 438 3 390 3 301 7 86 3 1365 4 504 1 466 3 40 3 596 2 565
188 25 7 1 1229 5 362 2 505 1 187 5 1325 5 1350 8 541 1 497 2 1012 4 518 5 994 1 1356 3 110 1 926 3 356 1 982 4 326 3 957 2 108 3 164 3 34 1 580 4 819 2 410 1 31
189 25 6 2 813 1 150 1 758 3 1327 3 1453 2 129 3 732 2 220 2 917 3 123 4 214 1 1032 3 1386 5 854 3 77 2 840 3 811 2 1350 1 660 8 628 1 56 1 571 2 938 5 712 1 631
190 25 8 1 1158 4 326 8 1219 1 1021 1 686 1 766 3 232 2 353 1 865 4 1113 1 1001 3 125 1 127 3 776 1 120 1 1394 3 1196 4 1410 2 1492 3 1138 11 231 8 399 3 701 2 1329 8 1059
191 25 6 10 1084 1 1363 1 1346 10 846 1 1482 3 1016 1 551 2 1107 1 1093 4 880 1 1417 2 399 5 605 2 1120 1 1150 1 350 2 188 2 1298 1 1016 1 619 1 1380 3 1398 1 376 3 1197 4 421
192 25 6 2 1100 4 306 2 128 1 357 1 738 2 1011 1 85 1 206 1 1360 5 1222 4 95 2 505 1 632 1 126 2 259 4 774 1 147 2 621 1 1061 7 620 1 464 2 92 2 1064 11 537 2 704
193 25 7 1 1437 2 779 3 742 1 383 4 1175 12 1492 1 737 1 837 1 933 2 978 2 1347 3 1110 13 1188 1 1211 1 45 1 1316 1 646 2 1030 1 125 2 526 10 1006 1 1190 8 633 1 1285 3 964
194 25 7 1 102 1 698 2 954 2 1394 7 402 10 69 1 345 1 1154 3 1406 2 876 1 798 2 1165 2 1437 3 68 5 1276 1 1343 2 891 2 824 1 914 7 906 3 670 5 324 1 110 5 1014 4 1125
195 25 8 1 900 1 616 2 637 5 1091 3 232 3 1141 14 1354 5 1049 1 760 3 1249 5 1400 2 814 7 925 1 919 2 204 1 681 4 1496 6 778 2 847 2 392 3 73 6 699 1 607 2 1407 2 1035
196 25 6 1 1198 1 957 2 239 3 62 2 269 1 808 1 1090 5 620 5 702 4 347 3 488 1 143 2 1258 4 846 1 697 1 89 2 840 5 1263 1 554 3 101 9 431 1 932 2 920 1 269 2 574
197 25 6 4 1283 2 14 3 1034 2 18 2 63 1 91 4 165 2 1099 1 3 2 1242 1 410 4 1383 9 85 4 634 4 295 2 496 2 168 1 87 2 1454 1 459 4 1389 4 982 1 107 1 745 3 1292
198 25 7 3 384 2 337 6 259 5 614 3 1295 1 116 2 4 2 1201 6 1229 2 297 1 1087 1 484 2 87 1 1191 3 977 1 211 2 1032 1 290 4 204 1 247 6 778 8 155 2 826 5 830 2 1483
199 25 8 1 668 3 195 1 639 4 1279 1 1466 4 795 3 1302 4 545 6 928 1 1425 1 546 5 1359 2 1004 3 875 2 1252 1 31 4 818 5 450 2 911 5 177 7 782 8 214 2 200 1 610 5 61
200 25 9 3 251 1 584 1 989 2 1037 6 886 6 528 1 272 8 367 1 602 4 215 1 718 10 468 3 621 4 902 2 986 12 429 8 771 3 1250 2 289 2 747 1 1022 3 115 3 333 6 28 3 1128
201 25 8 3 976 1 1094 11 992 5 289 7 849 9 793 1 987 1 333 1 1000 2 1061 2 163 4 880 1 1131 1 987 1 531 3 756 6 1452 5 53 3 798 1 1079 5 1173 3 1346 1 465 9 462 3 387
202 25 8 7 6 2 201 1 317 4 1090 2 260 1 732 3 58 5 1323 6 529 1 1161 1 869 5 459 1 1482 4 779 2 178 7 516 2 1480 2 883 1 1228 3 1079 8 1127 1 169 2 840 3 415 6 944
203 25 5 2 386 6 466 1 721 6 1227 2 510 1 1339 2 1440 1 298 6 158 1 207 1 476 2 1493 1 1492 1 1270 1 1342 1 1287 1 662 2 437 2 643 1 1026 1 189 2 324 4 950 2 1011 7 877
204 25 8 5 692 1 1258 2 1210 2 890 3 371 2 265 1 107 1 827 1 515 10 1467 6 274 2 656 8 1291 2 953 1 275 1 542 1 1206 2 382 5 28 2 993 4 92 3 870 1 891 5 1015 10 959
205 25 10 7 937 4 592 1 1083 8 831 2 112 6 699 3 1365 5 696 2 964 4 346 4 451 1 90 3 665 4 464 6 275 2 92 2 915 2 761 4 45 10 26 1 1249 15 105 3 606 3 449 5 1432
206 25 10 9 1459 2 687 1 1071 2 647 10 168 7 1448 2 864 7 798 1 339 2 104 4 1485 7 10 6 1103 6 1263 3 475 10 148 1 1394 1 1216 11 396 2 654 1 652 3 511 2 191 5 135 3 1408
207 25 6 2 601 8 1015 3 511 4 464 2 1390 1 614 1 1150 3 48 4 966 4 1198 2 529 1 1178 1 765 2 104 1 758 1 1444 3 1449 2 271 6 374 1 1185 1 930 2 729 2 242 2 1213 4 67
208 25 7 5 1497 1 263 2 1363 6 806 4 1158 3 698 3 334 4 526 1 798 1 1059 1 205 4 562 7 1292 1 56 2 682 5 1273 9 96 2 1090 3 1055 2 907 1 997 3 364 1 1214 1 824 1 359
209 25 7 1 471 2 609 4 862 1 680 1 695 2 1209 1 1141 3 341 5 293 10 1001 1 150 1 806 1 76 4 349 4 517 4 1270 3 100 1 1215 3 6 8 1019 4 1081 1 859 3 606 4 1047 2 761
210 25 7 1 458 6 91 2 191 1 788 1 853 5 1132 4 448 1 1382 3 861 2 724 4 249 1 405 1 1378 6 758 3 371 5 425 1 1081 4 1082 1 892 5 1237 1 1001 6 1051 2 122 4 1040 3 793
211 25 7 3 269 4 678 1 1366 2 1327 3 1396 3 1452 6 11 2 497 4 896 3 612 3 686 5 1076 7 695 1 1137 1 250 7 961 2 1039 2 297 1 1354 1 1447 5 775 1 1411 1 532 2 211 6 243
212 25 7 1 828 6 289 4 507 8 113 6 1101 2 538 6 796 1 1307 4 838 1 1485 1 669 2 1458 7 1015 1 14 2 1243 1 938 3 21 6 268 1 1365 1 1046 3 478 2 866 2 1036 3 1143 1 560
213 25 7 3 463 3 170 1 989 6 1154 6 1231 4 508 1 151 1 114 2 536 1 363 4 956 1 879 1 145 6 140 1 1399 2 1353 3 561 2 233 1 149 6 484 8 827 2 663 1 404 1 805 4 978
214 25 9 1 1279 2 551 3 627 4 1347 5 1241 11 325 4 893 6 908 2 800 10 278 1 845 2 503 3 1128 1 1185 3 715 4 1179 7 698 3 169 6 839 2 387 4 1164 3 797 1 1032 1 1107 3 474
215 25 8 1 1127 1 1142 4 1406 1 1184 1 544 2 10 2 988 2 536 4 725 6 914 1 1403 2 735 7 421 1 846 5 1495 1 918 3 1432 12 932 13 53 3 1135 1 42 3 497 1 126 4 1485 3 1333
216 25 7 11 1170 1 100 3 284 3 1365 1 544 3 1008 1 1455 2 1359 2 1136 3 884 2 618 2 981 1 940 4 480 1 322 1 802 3 1177 2 1413 4 1042 7 1240 1 634 7 76 7 912 4 1151 1 45
217 25 6 1 1145 1 1303 4 535 1 1304 6 1420 1 424 1 1377 1 1203 1 47 1 202 7 513 1 48 2 111 10 135 5 537 1 1308 2 1148 1 1112 3 682 1 514 1 580 3 379 3 1211 1 593 9 754
218 25 7 3 1307 4 1142 1 647 1 173 9 1008 1 871 9 448 1 315 1 1091 4 854 4 654 2 1455 2 108 2 821 2 1066 5 959 4 998 3 1378 1 1136 6 800 2 1119 1 631 5 911 1 751 2 1451
219 25 8 1 1431 1 387 2 131 6 1151 3 1273 13 299 4 111 1 610 1 830 3 787 2 882 3 880 4 392 1 792 1 624 4 119 1 1242 5 1087 1 595 2 1473 2 729 4 237 2 1292 8 1316 9 1405
220 25 7 1 978 1 1154 2 395 3 1142 1 795 1 623 1 1128 1 1153 1 107 2 1289 7 613 3 511 1 671 7 1177 3 112 1 744 1 108 3 899 1 606 5 554 4 832 2 1474 4 121 5 1304 17 1314
221 25 5 4 987 1 1316 1 1130 2 343 3 347 2 781 2 1454 2 481 3 1395 1 643 1 292 2 735 4 802 1 1084 1 683 2 34 1 490 4 87 5 294 1 1275 1 1068 1 413 3 368 3 260 3 1253
222 25 7 1 818 1 712 3 1374 6 73 1 632 6 641 5 866 1 511 6 1025 1 757 1 1445 6 417 1 676 4 717 1 1480 2 956 4 895 1 444 1 95 8 1020 1 1069 2 1366 3 312 11 180 1 1107
223 25 8 15 1418 7 1491 2 1010 8 612 1 177 4 1403 5 576 3 1374 3 566 5 719 3 1039 4 565 1 123 1 1089 9 1089 2 580 2 19 2 344 1 1478 1 920 2 1259 3 1408 1 861 2 468 2 1030
224 25 8 2 1011 1 1032 1 400 1 750 7 422 3 901 1 794 1 946 1 861 3 1286 1 1206 3 1091 4 1110 8 1428 5 1437 4 645 1 167 3 605 19 201 2 429 4 1158 2 897 3 782 1 1411 3 708
225 25 7 2 893 2 1484 7 306 1 694 5 963 3 390 5 150 2 1187 2 91 2 580 11 1056 3 406 1 917 2 806 1 899 1 975 4 751 3 1413 2 157 1 1061 6 1373 4 1299 1 792 2 1148 3 618
226 25 8 1 128 4 1233 4 133 3 1086 1 1021 5 1254 1 1171 14 277 8 988 1 661 2 1364 7 267 2 992 2 417 5 444 5 259 8 1045 1 764 3 965 1 355 1 1008 2 1160 5 1309 1 918 2 444
227 25 8 7 439 5 1190 4 440 2 1414 1 125 3 1315 8 1142 2 1494 4 1499 2 790 3 189 1 1055 7 503 4 620 6 1319 2 428 2 370 5 629 1 1459 4 665 2 504 3 253 2 919 2 246 3 1394
228 25 7 4 957 1 671 1 1178 5 776 2 441 7 1390 1 1043 5 360 6 615 1 1058 2 1006 3 240 1 721 1 230 3 805 1 1063 2 843 1 1275 1 409 1 822 1 1460 3 719 9 525 1 560 11 277
229 25 7 1 1272 2 1221 7 375 3 1326 4 321 1 102 2 254 3 718 2 1284 3 76 3 789 5 78 3 60 1 68 1 529 3 664 2 566 4 52 2 568 4 621 1 500 5 363 3 963 6 37 1 363
230 25 8 1 428 1 1088 8 589 1 565 4 1214 4 712 4 736 1 120 1 666 1 882 2 815 7 7 3 294 2 204 3 1222 2 477 4 658 3 923 3 455 4 1145 13 373 4 305 2 1240 1 543 5 31
231 25 7 3 1418 3 1246 9 935 2 1173 3 1365 1 337 2 454 5 487 3 182 3 540 3 760 5 523 1 305 2 339 3 653 2 1393 1 1320 2 622 2 410 4 593 5 443 1 83 5 735 3 1227 3 714
232 25 7 3 830 5 204 4 1191 7 826 6 1439 1 328 1 833 2 688 1 667 1 876 3 1112 3 1220 6 16 4 1070 3 722 1 368 3 595 3 47 1 553 1 1072 1 425 4 503 2 769 2 1170 2 239
233 25 9 17 1348 2 1230 1 356 3 242 10 937 3 676 1 312 10 1266 11 712 1 208 2 738 1 959 3 1135 5 1054 2 1500 1 220 1 889 2 50 4 804 2 984 1 906 5 1092 4 451 1 1080 6 901
234 25 7 3 714 2 1079 2 1428 4 466 2 1407 1 1486 2 1012 6 1237 4 1143 3 1341 1 1399 4 1117 2 1064 1 709 4 559 4 1195 3 598 2 826 5 1122 8 1000 1 930 3 757 5 659 6 640 1 539
235 25 7 1 1005 9 1346 1 398 5 1150 3 738 1 397 2 783 2 1340 4 1352 1 1351 4 10 1 1206 1 373 1 1228 6 523 1 789 8 131 5 236 4 1216 4 1254 1 288 1 92 2 162 1 688 3 1470
236 25 8 1 28 2 907 1 653 1 503 9 1198 5 860 2 712 2 1442 2 419 9 907 1 1474 1 1180 1 983 2 434 1 391 11 923 2 1425 5 517 6 594 1 573 4 624 1 1017 5 1234 1 1281 4 1458
237 25 5 3 15 4 28 3 334 2 1360 2 1081 3 629 4 1266 1 792 4 243 2 1072 1 1165 1 251 1 451 1 1072 2 174 2 75 3 1327 1 783 1 814 1 847 5 1207 1 384 1 1500 2 217 1 167
238 25 7 4 305 1 617 12 917 1 825 1 1050 3 848 2 358 6 153 1 1450 1 773 4 482 1 49 4 980 1 16 2 1039 3 606 1 1288 1 1198 2 420 1 538 2 830 13 678 4 417 1 50 2 147
239 25 7 3 705 1 1298 7 1135 5 558 1 1331 1 859 3 961 2 1491 2 1220 1 587 1 302 5 748 1 957 1 927 3 412 14 1106 1 778 1 499 3 1006 1 982 3 311 7 1480 1 553 5 233 1 162
240 25 7 7 1014 1 1116 3 659 1 1005 9 957 1 1257 6 508 4 161 2 782 3 562 4 1412 2 538 7 143 1 304 1 200 1 602 1 1188 3 747 3 468 3 266 2 840 1 418 3 1112 4 1237 5 1173
241 25 7 3 507 1 997 6 1057 5 740 2 920 2 1294 1 1327 3 6 5 362 1 775 5 834 1 2 2 643 5 995 2 1073 1 231 5 124 6 795 1 643 3 753 3 1425 1 1338 2 20 6 782 1 865
242 25 7 1 1333 1 608 4 424 1 353 7 1444 1 1331 1 1001 2 1381 9 333 3 494 1 1353 2 97 1 1173 8 955 1 134 10 1307 1 530 2 727 2 560 4 738 1 1351 2 940 3 995 2 868 2 420
243 25 8 3 68 1 895 7 618 8 675 4 324 1 295 1 553 2 1066 1 719 3 1193 3 1309 2 544 7 712 1 600 1 1213 5 247 4 649 10 1029 1 415 4 585 1 839 3 1468 10 303 2 792 2 591
244 25 5 1 782 2 1034 1 768 2 1383 2 152 3 24 2 875 1 1345 1 1203 1 611 1 860 2 677 6 866 2 783 5 200 1 1042 1 460 1 850 1 486 2 887 1 119 2 425 5 772 6 783 1 643
245 25 7 5 999 2 1003 1 749 2 1252 4 54 1 1488 1 566 2 672 1 142 1 568 1 474 3 340 4 565 1 294 2 1223 1 1463 2 1356 3 65 2 787 2 38 5 55 13 765 2 216 6 267 3 633
246 25 9 5 819 10 990 13 681 2 1437 2 127 11 393 1 8 8 1060 3 1443 1 1029 2 398 3 1096 1 1432 1 115 3 1312 3 308 5 1291 2 1399 10 257 4 175 2 545 1 1343 2 726 1 1464 1 1152
247 25 6 2 669 3 98 5 466 3 32 3 563 1 474 1 714 2 1476 7 504 4 1018 2 1364 2 515 2 521 1 1134 3 660 1 992 1 1111 2 834 1 165 1 480 3 745 4 1196 10 976 2 19 1 731
248 25 9 3 423 1 1348 8 7 2 1006 1 41 1 1381 1 1463 1 526 3 339 12 691 14 537 4 317 2 634 2 518 5 1430 10 702 1 14 2 1114 1 713 2 706 3 593 9 215 1 82 3 1137 1 994
249 25 7 2 9 3 801 8 149 2 471 1 130 1 739 1 1367 1 277 1 1175 3 987 2 1384 2 297 3 583 1 1030 6 1096 1 1337 5 790 11 659 2 1194 1 773 4 1060 1 254 3 560 1 172 4 1332
250 25 8 7 79 8 197 1 9 1 388 4 1149 3 969 1 174 6 413 2 293 2 310 3 1220 4 710 5 922 1 70 2 1139 5 1485 1 149 7 1299 4 982 2 853 1 321 3 890 1 923 7 1019 1 1396
251 25 7 1 1100 7 1055 4 866 2 1232 3 1100 4 661 1 1098 1 776 5 250 2 953 1 61 2 1184 5 874 1 1366 3 389 2 1151 2 768 1 1354 1 653 1 7 5 145 5 309 9 1092 2 661 2 322
252 25 7 4 96 2 690 6 1098 4 864 1 379 1 725 1 247 5 865 1 1026 1 1285 1 1484 4 1067 2 833 2 307 3 434 8 92 1 526 1 775 9 1493 5 253 1 104 2 159 2 1392 2 1237 4 1203
253 25 6 2 509 2 498 2 639 4 501 4 528 4 63 2 989 3 938 4 1131 2 980 3 398 1 504 1 1026 1 960 6 808 1 1102 2 32 7 1179 1 1142 2 452 1 221 1 1211 1 912 4 1058 2 525
254 25 7 1 30 4 934 2 385 4 215 2 136 1 1374 1 1406 1 906 3 418 4 497 1 259 1 1250 4 567 1 893 2 820 7 1312 4 606 7 339 3 327 1 1337 1 555 5 118 2 1357 7 1473 1 305
255 25 7 2 684 1 141 4 70 17 1147 2 1332 1 744 2 961 1 1240 1 1298 4 399 1 352 4 329 1 856 1 517 11 478 1 442 5 398 3 1341 3 974 4 455 2 317 4 861 1 996 1 819 1 468
256 25 7 5 1200 1 1331 3 1472 4 525 4 1116 4 405 1 385 5 1060 5 43 1 392 1 522 1 1192 1 656 5 1232 1 1366 2 751 4 1249 8 978 4 421 2 724 6 1463 5 1320 1 1057 2 60 1 798
257 25 6 4 428 5 481 2 803 8 435 1 573 1 1426 1 200 2 1486 2 896 4 939 3 278 2 300 1 831 10 1254 3 688 3 208 4 281 1 89 3 874 3 1235 1 203 1 1330 1 115 1 564 2 1184
258 25 7 3 1126 4 36 3 790 2 145 5 860 1 1224 1 395 4 1106 8 107 1 977 2 234 2 99 2 331 5 608 3 1103 1 351 2 460 7 542 1 1232 1 1368 3 201 1 428 4 25 2 304 4 1012
259 25 6 2 329 3 850 4 1188 6 1104 5 1394 2 260 2 922 1 1011 4 18 4 384 3 1176 1 23 1 1367 1 1466 3 370 3 908 1 1482 2 816 1 222 3 881 9 1415 2 162 1 976 1 487 2 385
260 25 8 2 1354 11 722 6 604 1 607 1 800 5 730 5 1343 1 77 4 538 1 378 2 416 2 666 15 743 1 97 2 1190 2 989 4 430 2 995 3 880 1 1281 2 104 3 1241 2 788 1 65 3 294
261 25 6 3 102 7 1105 5 1371 3 1414 3 1396 2 1402 1 94 1 855 2 991 1 176 1 517 2 861 1 647 6 1285 1 175 4 1264 2 867 5 1195 2 1021 1 833 1 490 6 151 6 794 1 456 1 567
262 25 6 1 635 1 1450 3 1220 3 53 2 83 1 868 1 266 5 832 1 714 1 6 6 813 2 1402 2 1428 5 1486 1 827 2 478 2 402 1 1111 3 161 3 595 6 1449 2 557 2 604 2 584 4 504
263 25 7 1 360 2 692 1 960 7 575 1 1315 1 471 2 645 7 830 3 1469 2 1470 6 810 9 14 2 1373 1 1274 4 241 3 775 1 1194 1 982 3 1020 1 461 12 597 3 428 1 687 2 400 1 783
264 25 7 1 1113 1 119 2 309 1 1024 1 294 4 1355 5 1074 1 1139 2 590 14 6 1 922 1 998 2 716 4 1106 2 285 5 1040 3 132 3 738 1 1196 1 811 2 456 1 1105 2 667 5 477 6 481
265 25 8 5 412 2 737 11 742 3 1028 2 1080 1 101 1 1041 5 423 1 807 1 717 7 190 7 1198 3 1016 4 339 1 698 1 431 1 618 3 53 3 545 1 1376 6 1488 2 1409 9 1122 1 687 3 1117
266 25 7 4 400 2 350 1 46 4 578 1 658 1 116 1 95 7 1038 10 307 8 361 3 442 2 610 1 747 2 1001 1 263 1 503 7 64 1 135 2 1249 7 1160 1 1028 1 867 5 675 2 1026 2 1197
267 25 7 1 262 1 824 6 542 3 925 3 1452 6 515 1 1469 1 179 1 338 4 1120 2 210 1 572 3 105 5 1339 1 528 8 1037 1 1250 2 329 1 206 6 80 1 147 3 660 1 172 2 394 10 856
268 25 11 5 1479 1 546 2 300 1 657 3 432 19 339 1 884 2 1108 5 1323 3 463 4 1095 1 109 2 18 4 1403 4 1328 2 71 7 1435 15 597 9 1043 8 21 1 14 11 232 1 156 2 1352 2 1056
269 25 6 6 806 1 1033 1 1199 1 1340 1 669 4 2 5 354 2 137 7 178 4 181 2 1180 1 315 1 1042 12 543 2 976 2 229 1 546 2 420 2 303 1 1074 1 372 4 1497 2 328 1 496 1 1180
270 25 7 4 1317 6 1291 4 579 6 1062 1 1472 2 598 5 1143 1 344 1 124 1 1381 2 921 2 1355 2 855 3 402 1 1263 2 927 1 238 4 939 7 1282 2 182 1 1128 8 930 7 763 2 617 2 980
271 25 8 6 485 4 549 1 851 5 151 3 12 3 1041 5 340 2 346 2 93 5 1230 2 703 1 1374 5 284 7 561 1 719 7 1419 1 1017 2 616 6 1194 1 68 3 829 4 552 3 494 5 1349 1 613
272 25 5 3 754 2 1492 3 887 3 422 2 235 3 1262 2 878 3 883 1 945 1 557 2 411 1 420 1 275 3 214 3 1038 1 980 2 1066 1 871 7 1217 5 1473 1 367 1 453 1 1308 3 1075 3 1377
273 25 6 4 1265 1 222 2 920 4 753 1 256 4 646 1 1085 3 673 1 165 1 331 2 1176 4 1386 10 516 3 1422 4 1364 2 1288 2 899 3 612 2 1262 1 399 1 96 1 407 2 966 2 170 6 1418
274 25 5 1 362 1 658 4 1211 1 706 1 247 1 998 1 904 1 760 1 354 7 1279 2 944 2 1410 4 778 1 97 1 1031 7 14 2 1155 2 964 2 769 3 1416 1 398 2 32 1 1023 3 1289 1 233
275 25 6 2 1024 1 423 3 429 1 1306 2 365 2 249 5 1424 4 950 4 1401 1 1446 3 1074 3 113 1 1231 2 1193 5 771 2 1014 1 392 4 1196 1 1393 7 749 3 1421 4 424 1 1187 3 1116 1 1499
276 25 6 3 117 3 235 3 460 3 34 1 650 5 393 3 1068 5 643 3 334 3 553 2 1484 6 1281 1 671 1 1110 5 662 3 1448 3 1025 1 1372 1 982 1 1076 1 496 4 523 1 492 4 238 3 243
277 25 6 2 1370 2 1359 2 1050 2 1488 1 875 2 880 4 139 3 1107 5 564 2 1006 1 39 1 1461 1 457 2 1416 8 947 4 1273 4 1217 2 1027 4 303 1 106 5 141 2 230 3 791 3 817 2 265
278 25 6 3 216 3 1066 1 1167 4 907 1 597 2 1002 1 1403 2 1112 2 517 2 741 1 1149 5 1111 2 488 1 235 2 914 8 1179 1 941 3 1153 1 861 6 628 2 1222 2 747 1 51 4 323 4 43
279 25 9 2 343 7 967 2 1469 6 465 1 1314 2 1058 13 1332 8 1374 4 920 6 1002 4 648 1 139 1 49 3 558 4 1216 10 1446 3 644 1 790 1 1032 1 84 4 1007 5 435 3 1307 3 670 1 484
280 25 6 5 493 8 691 1 147 1 1386 2 1375 5 1189 2 956 1 47 2 553 3 238 2 940 2 11 2 337 1 497 1 461 2 1487 3 1493 1 372 3 641 1 1232 3 1393 1 562 3 1244 6 694 1 87
281 25 7 2 936 7 852 1 1484 1 267 3 816 2 442 1 796 2 372 2 306 3 1490 3 1189 2 806 1 500 2 1316 5 298 3 448 1 219 4 157 2 449 1 105 5 1269 1 26 1 1384 10 348 5 502
282 25 6 2 656 2 992 5 814 1 505 1 1129 3 678 2 729 1 939 1 897 3 906 3 1246 6 461 2 1141 2 1231 1 1087 2 1045 1 301 2 1120 2 1366 4 792 2 1048 9 1221 1 926 1 1418 1 582
283 25 6 7 973 1 657 1 1412 1 15 2 884 3 1304 3 195 1 1181 3 972 3 139 1 214 3 374 2 216 1 1466 2 897 8 1340 2 275 4 716 1 695 5 429 5 1166 3 1219 1 241 4 1227 2 1332
284 25 8 3 178 2 1071 1 1432 1 545 2 1001 2 1088 2 400 2 429 3 880 4 1429 2 1277 5 1459 8 707 1 1005 10 86 1 271 11 43 6 1266 7 188 2 1265 1 801 1 1345 2 323 2 379 2 1417
285 25 7 4 1434 3 107 2 380 2 1102 1 906 3 1189 7 336 3 393 3 1139 3 540 1 657 1 1183 5 814 2 1050 1 1446 2 1189 1 216 5 431 1 739 3 1366 2 937 3 747 4 1006 5 654 7 1335
286 25 6 1 721 1 1112 6 1335 1 746 3 91 1 1001 3 1019 1 1321 5 302 2 826 2 1083 1 1286 8 543 3 189 1 418 1 599 2 1247 1 626 6 1349 1 597 2 236 1 1315 1 1391 3 55 4 1236
287 25 8 2 158 4 251 13 700 7 902 1 375 1 714 7 406 1 1431 3 19 2 196 1 1090 2 850 2 1041 2 1027 6 452 5 1102 4 1375 6 1193 1 877 2 506 1 1183 3 1213 3 48 2 1167 5 1034
288 25 8 5 974 1 161 1 429 5 1083 9 723 1 565 1 303 4 1404 1 439 1 1328 1 1497 2 1452 11 859 2 819 4 1064 10 1316 2 1101 8 884 3 522 2 891 3 252 2 1475 2 767 2 218 2 503
289 25 9 9 453 7 55 6 1077 2 1446 2 690 2 191 3 597 1 465 4 131 4 646 3 612 6 484 3 487 1 1367 1 535 10 974 4 653 3 27 4 680 2 757 3 721 2 330 4 138 3 501 3 1317
290 25 6 1 444 5 973 1 930 1 122 5 1101 2 175 4 649 3 1305 2 448 1 1412 1 606 5 125 5 345 1 1397 3 174 1 56 1 1193 2 1226 1 1033 5 434 1 1332 2 385 5 1314 5 1248 1 888
291 25 6 1 270 2 1409 5 1425 1 334 1 891 5 683 1 1200 1 1172 2 1117 1 805 1 1142 1 1459 4 219 1 345 7 908 6 630 2 119 2 871 2 851 4 351 1 1263 4 1223 3 1098 1 1179 2 155
292 25 7 1 639 2 22 1 750 2 773 5 1228 6 534 6 1220 3 1042 9 56 1 1390 1 567 1 1297 7 541 8 477 4 597 1 85 1 565 1 1124 7 1074 1 136 2 861 1 586 2 1016 3 1487 1 525
293 25 9 13 17 3 203 2 850 2 440 1 296 4 572 1 1392 3 1314 1 1286 4 1069 3 1037 1 384 1 49 1 1250 7 276 1 1098 1 1224 3 1496 9 1294 6 967 8 494 3 68 2 1454 9 332 2 789
294 25 10 2 929 3 1407 1 247 7 80 4 1053 5 1268 1 1492 2 1490 11 382 5 487 2 859 1 510 7 805 4 48 1 62 5 89 2 114 1 1023 7 593 4 1386 5 1437 3 122 5 432 14 1210 7 499
295 25 11 11 1081 8 928 2 1081 6 1042 11 164 1 307 2 1093 2 1303 1 1496 1 1441 2 511 4 796 4 1026 4 343 1 1216 3 509 3 778 3 952 15 94 5 1042 1 748 1 793 3 588 11 1104 5 256
296 25 8 1 1482 6 1238 1 1360 2 1363 2 645 2 1000 11 854 1 1217 8 1347 1 796 4 1469 4 197 12 1079 1 936 1 1260 1 116 2 862 1 439 1 247 2 1360 8 1233 1 662 5 515 1 81 2 677
297 25 5 1 1445 2 809 1 1370 2 1082 1 112 1 530 1 320 2 1112 6 1284 1 884 1 1390 2 1352 4 649 5 920 2 648 1 1282 1 953 1 108 3 709 3 1346 1 773 2 906 1 485 5 358 1 25
298 25 7 1 992 4 404 1 124 5 33 1 1229 4 1467 4 94 1 571 6 551 5 1344 4 943 1 90 1 1090 3 1265 1 1351 6 472 1 727 4 958 2 1099 2 1059 2 353 1 46 3 768 4 18 3 247
299 25 5 2 1307 1 494 2 122 4 1087 4 1378 1 59 1 1039 4 1248 1 426 4 1294 1 238 2 1131 2 1396 2 1304 3 1460 4 1378 3 1394 2 1382 1 1030 3 266 2 1479 3 745 3 726 3 634 1 380
300 25 7 4 1344 2 1170 3 945 2 89 1 1291 4 573 1 870 1 677 2 1019 6 1430 1 1366 1 199 1 1086 3 1033 10 301 2 1366 5 1436 1 985 3 586 2 648 3 356 3 1279 4 25 5 742 2 352
301 25 6 3 443 2 481 4 1408 6 1135 1 66 2 1418 2 714 1 948 1 692 1 944 1 1322 4 1342 4 134 8 47 1 537 1 1411 1 557 2 6 1 476 6 629 4 1441 3 549 1 1211 2 679 1 526
302 25 8 3 9 1 1307 2 906 1 657 10 882 1 1236 3 591 1 946 4 250 7 1239 1 893 4 320 4 437 4 841 2 1302 2 844 2 559 2 132 1 348 8 1263 4 139 2 568 2 1355 2 1477 9 1088
303 25 7 5 1026 2 41 3 971 10 405 4 563 2 360 2 755 1 1394 2 574 1 717 4 1030 7 28 3 831 1 677 3 1132 5 631 1 18 2 319 5 899 2 42 2 565 2 620 5 1328 2 842 1 933
304 25 8 1 691 3 785 2 1159 4 14 2 681 2 1457 6 937 1 1302 7 854 1 167 11 1454 1 346 3 1076 1 504 4 252 1 725 2 978 3 478 5 164 7 214 8 1494 1 889 3 940 1 308 6 596
305 25 6 3 425 2 662 1 1334 5 293 1 843 4 1282 1 204 1 776 9 340 2 467 3 184 1 638 6 315 3 781 1 1166 2 368 6 949 1 641 2 235 1 1009 2 398 2 1306 3 1310 1 411 1 1306
306 25 6 5 1266 4 290 2 138 2 899 2 734 2 1245 4 1117 6 639 2 493 2 427 2 1154 1 415 5 1335 2 191 1 719 1 463 1 651 3 515 2 1387 2 208 2 1045 1 735 2 1207 4 617 2 410
307 25 9 3 105 2 365 2 98 1 380 4 967 16 885 2 637 3 1322 1 1255 2 787 4 1455 1 1424 1 353 3 1153 4 1306 7 664 2 1346 2 772 5 1412 12 196 2 80 3 964 6 305 5 971 3 321
308 25 8 3 772 1 162 1 261 1 1430 2 633 1 952 3 290 7 546 4 1377 2 389 4 341 4 247 1 314 4 1238 3 458 2 649 8 1437 10 793 4 105 1 664 3 133 1 1051 8 1193 6 853 1 1117
309 25 9 1 1173 3 199 7 685 1 197 3 454 1 341 5 247 4 1097 2 754 2 979 2 1483 2 1439 1 621 7 1171 1 1251 7 990 2 687 2 1431 3 489 3 1062 5 862 3 1417 8 1014 12 1332 7 282
310 25 8 3 197 4 500 1 1352 1 1175 2 1252 2 1190 4 1263 3 480 1 937 2 359 2 215 8 408 2 470 2 571 1 438 2 761 6 1427 6 1151 1 302 3 773 2 1329 1 887 10 20 11 437 1 1222
311 25 9 2 1486 5 520 3 1088 5 665 6 321 21 656 1 356 1 782 1 305 1 1323 2 1045 3 1382 4 767 5 1428 2 1357 1 1335 1 140 4 283 4 994 11 824 5 926 1 715 2 1022 2 1417 2 1347
312 25 9 1 79 8 472 2 974 5 1175 2 1116 2 971 5 97 4 406 1 458 1 118 2 644 2 25 5 1333 3 916 2 707 3 1048 7 940 4 1077 9 991 2 133 12 307 3 1054 3 5 5 810 1 471
313 25 8 1 1317 3 975 2 229 5 749 1 1032 1 645 2 1238 3 1181 6 1340 5 727 1 457 1 710 4 1285 4 243 2 526 4 1402 5 685 3 818 12 1412 7 722 3 151 1 237 6 926 4 891 3 257
314 25 9 2 825 9 561 2 337 2 540 2 267 4 1406 3 652 14 7 1 658 1 611 1 1012 9 912 1 262 2 112 5 1215 1 1070 1 1422 2 637 2 1053 2 1377 2 921 2 1237 3 187 15 1049 2 22
315 25 6 2 885 1 719 14 690 2 772 4 236 3 370 1 998 2 276 3 998 1 88 4 1056 3 1060 2 1255 1 528 4 940 1 246 1 1420 3 1407 1 1029 1 375 3 905 1 340 1 1320 7 1293 1 334
316 25 6 5 1180 1 1018 2 785 3 648 1 1365 3 1103 1 259 2 863 3 395 1 651 6 772 2 1187 1 849 3 1481 5 299 1 528 1 1400 8 923 1 68 2 1054 1 988 1 368 3 1217 4 1084 3 1429
317 25 8 4 829 3 1458 1 17 5 1402 11 433 4 1314 9 1460 1 971 6 385 1 43 12 2 1 589 1 770 2 1225 3 234 2 1339 1 744 1 113 2 769 2 1416 11 1236 1 318 1 882 1 706 1 869
318 25 7 3 943 3 1113 3 822 1 863 2 1417 1 650 4 643 2 745 3 119 4 1206 3 933 2 116 5 723 2 1111 4 335 1 1429 3 365 10 79 3 169 3 372 3 1113 1 449 4 1360 6 740 1 1118
319 25 7 3 283 5 1446 2 1183 6 382 2 529 5 849 1 452 1 587 1 1482 7 1335 1 857 1 17 1 469 2 1109 4 88 2 1065 2 1488 1 1432 1 156 4 1191 2 630 1 1236 9 527 1 365 6 1294
320 25 8 3 305 7 1210 3 974 8 1046 3 1484 2 381 7 612 2 99 1 1158 3 173 4 317 1 970 1 1418 2 1082 4 695 2 1460 2 1262 5 776 3 1305 5 184 1 959 6 1141 1 855 3 1180 1 154
321 25 6 1 219 1 148 1 411 1 24 4 422 1 66 8 374 3 1170 3 1068 1 1205 4 871 1 915 1 175 3 360 2 216 3 1228 4 103 1 1042 2 780 1 1220 1 432 4 214 6 338 2 428 2 1169
322 25 6 1 1119 5 717 2 1291 1 552 1 919 4 484 2 608 5 442 1 633 3 397 2 1341 2 346 1 833 2 210 1 129 2 420 1 538 1 657 6 23 8 615 6 1373 6 1061 1 461 4 675 1 518
323 25 9 3 1419 1 934 3 1320 1 357 3 1301 1 53 3 1465 3 204 3 584 3 1081 3 321 2 59 12 780 7 745 1 882 2 60 1 1215 1 423 12 1147 2 663 8 1235 4 756 4 644 2 1424 10 1207
324 25 7 3 890 4 1304 1 1026 1 1215 2 758 4 865 2 453 7 425 3 574 4 1299 1 635 3 524 1 1198 1 751 2 346 2 1364 4 1009 6 1282 1 333 2 1450 11 134 1 1357 4 138 1 503 6 1029
325 25 7 2 1320 6 419 2 1378 4 162 1 1323 3 144 2 107 3 739 2 275 2 229 2 999 5 267 1 227 1 353 4 1327 3 589 5 551 8 365 8 1184 1 1188 1 377 2 249 2 638 5 435 2 626
326 25 8 5 1378 2 588 1 777 3 181 1 1226 2 123 8 206 2 451 3 1459 1 472 3 104 1 21 1 669 1 65 2 1297 1 192 2 858 4 1175 1 472 15 175 2 1415 4 521 5 447 1 799 9 921
327 25 9 1 579 1 793 2 1395 7 626 1 227 1 1003 2 292 1 753 1 969 3 499 3 313 7 502 3 135 3 365 1 258 2 433 2 19 8 498 11 425 10 388 6 1383 3 753 2 1354 5 71 4 1154
328 25 5 1 1078 1 692 2 528 1 1429 2 1059 1 798 3 1307 1 893 2 1028 3 1225 1 902 4 495 7 225 1 1173 1 393 4 1484 1 432 5 267 1 55 1 308 1 79 3 825 3 276 1 536 6 207
329 25 7 1 156 5 517 2 1327 1 1328 1 1474 6 482 1 774 3 495 2 255 1 1333 2 1189 12 130 4 1012 1 1500 6 1443 1 1150 3 1004 3 387 2 939 4 932 2 705 2 1408 4 55 2 109 3 1163
330 25 6 2 1235 7 1479 1 64 2 911 5 730 5 78 6 708 1 454 1 103 1 697 7 1401 2 598 2 1327 2 1303 1 430 1 1015 3 1475 2 758 1 242 3 1097 1 26 1 907 6 656 1 944 1 457
331 25 7 2 342 10 400 1 704 2 474 2 205 1 514 2 1072 1 1176 1 728 3 1338 1 657 13 22 4 225 5 1379 3 1320 4 577 1 1174 3 257 2 1172 1 876 1 1078 1 880 2 346 2 360 4 50
332 25 6 6 537 1 198 2 594 1 1175 2 1401 3 1475 11 1197 2 946 2 153 2 439 5 599 2 49 2 421 1 1307 4 687 1 90 1 416 2 1464 3 670 1 712 2 845 1 1432 2 895 5 1396 2 40
333 25 8 1 31 2 116 4 319 3 505 1 225 3 1065 6 661 1 1256 4 225 1 1014 3 1177 2 392 7 461 2 742 6 1279 2 79 1 1446 5 923 5 434 8 1183 9 522 1 790 1 1309 3 292 1 1416
334 25 8 8 853 5 1481 4 308 2 548 3 1270 2 184 1 98 2 1232 2 797 1 248 3 241 3 928 1 327 1 321 1 1412 1 32 14 679 1 1168 1 174 1 1078 7 1142 5 1275 7 1397 1 593 5 1175
335 25 7 5 758 3 62 1 1041 2 1433 1 1436 3 1083 4 420 3 1280 2 1311 2 1021 7 325 1 499 1 256 2 101 8 1178 2 832 3 284 16 454 1 880 1 1347 1 1127 1 1026 3 431 2 820 1 1023
336 25 6 1 1282 1 1334 1 946 2 1436 1 851 1 567 2 1191 1 549 3 409 6 769 3 889 1 254 1 1191 2 1136 3 406 4 1278 7 790 5 1405 1 916 1 472 2 646 4 859 4 1482 1 373 6 680
337 25 8 4 1408 2 355 2 942 4 433 1 1055 10 284 1 1011 1 443 1 776 3 835 2 785 7 243 9 975 1 1197 1 1135 2 1291 1 114 3 987 3 52 6 1392 1 847 1 137 4 472 3 894 8 217
338 25 9 2 686 3 564 1 1003 7 66 6 1101 11 1343 1 1387 2 322 9 1086 6 1139 4 1072 1 506 3 193 8 1171 6 1222 4 712 2 630 1 341 2 482 1 1421 1 1005 6 562 3 1150 2 425 3 1236
339 25 6 3 522 2 1121 2 248 3 44 2 1069 1 1438 4 341 1 524 3 1138 6 269 4 214 1 284 3 1293 1 978 1 398 1 415 3 67 2 995 4 820 2 1434 2 1357 6 1255 5 1309 1 1034 2 738
340 25 10 14 368 11 502 3 915 12 473 4 748 3 497 2 465 2 864 3 106 4 1220 1 1013 2 226 4 606 2 1294 1 1297 1 748 1 774 5 495 2 327 1 232 7 1085 6 548 3 1193 2 526 5 129
341 25 8 1 824 5 836 3 743 1 692 3 1003 2 1192 6 281 1 985 2 424 8 180 4 267 4 439 1 957 3 1401 4 1191 1 1327 10 599 3 653 3 735 1 573 1 488 4 762 3 1102 4 188 2 647
342 25 7 20 1283 4 152 1 505 1 104 2 677 5 1482 3 899 3 1108 2 501 1 1039 2 1263 2 263 1 88 1 1211 2 857 1 132 3 503 1 194 1 1036 1 78 2 671 1 386 7 55 1 763 3 211
343 25 7 7 1066 3 552 4 1446 1 6 1 1500 6 1287 1 771 2 1381 6 1454 3 294 5 1159 3 1238 1 53 1 165 6 262 4 855 4 1322 2 423 4 576 1 652 1 731 1 1443 1 775 2 1414 2 134
344 25 7 4 79 4 935 1 1237 3 290 2 605 3 753 5 1323 2 493 2 577 2 665 2 793 4 1276 4 1302 1 768 1 69 3 882 3 411 5 94 4 236 1 843 10 429 3 1158 2 237 1 1253 5 492
345 25 7 3 391 1 1052 6 158 5 1314 4 1453 1 268 1 787 2 677 1 427 13 1285 2 932 3 1282 2 1428 1 595 2 1316 3 1241 3 725 1 1113 3 510 3 1293 2 804 5 506 1 473 7 728 1 1134
346 25 8 1 1391 2 58 2 919 1 415 3 51 5 413 4 832 3 494 4 1290 7 1474 9 1324 2 1362 5 897 1 853 4 938 3 1203 4 1295 13 665 3 296 1 21 5 133 1 736 2 1306 2 490 1 916
347 25 8 5 1182 3 519 6 1457 9 373 1 599 1 852 1 1455 13 490 5 83 2 170 5 181 1 1246 2 252 1 736 1 402 1 15 1 1331 1 1451 7 990 1 1363 2 811 5 583 3 1035 7 103 1 434
348 25 6 2 725 1 999 1 601 4 1023 1 610 1 265 6 1038 3 1069 3 45 4 649 2 1318 2 953 1 200 4 1239 2 1150 3 781 1 783 7 432 3 795 1 1176 1 1172 4 1215 2 1359 4 739 1 111
349 25 9 5 1292 7 803 5 809 4 860 6 834 9 1298 11 307 3 791 4 1243 2 452 1 1295 4 613 1 646 4 465 2 104 2 51 3 639 4 237 1 299 1 1014 3 1214 3 419 2 501 2 126 5 776
350 25 6 2 581 1 1267 1 795 2 139 2 489 1 843 1 445 3 808 1 1294 1 783 3 58 8 815 8 459 2 393 1 1388 2 31 2 446 1 342 3 1160 6 306 1 422 1 1411 1 780 5 306 4 829
351 25 6 2 1397 1 34 2 894 2 970 3 1397 7 420 3 1155 2 192 4 1200 3 1153 2 315 2 87 1 821 1 777 1 624 2 1100 1 1 5 1121 2 517 5 1195 1 1343 5 601 2 472 2 293 1 243
352 25 8 2 1461 4 541 2 1391 5 1275 1 371 3 1261 3 682 3 1094 4 1493 4 901 1 384 4 1216 4 774 8 434 1 1464 5 885 3 282 1 261 1 736 8 984 4 62 4 198 3 473 1 1378 1 90
353 25 7 2 52 8 607 3 671 1 245 1 1111 3 1301 2 1257 9 777 2 550 1 543 1 696 6 698 3 1005 1 480 7 1142 6 566 6 523 1 159 2 113 2 1354 1 295 4 1350 2 554 1 59 4 629
354 25 7 5 811 5 398 6 843 3 1044 3 1330 1 1162 1 854 11 508 1 964 1 526 5 1140 8 982 2 235 1 44 2 1038 1 201 1 462 1 532 1 1009 1 916 8 999 4 769 2 661 1 535 2 339
355 25 8 3 972 2 524 1 254 8 793 1 750 3 814 4 1197 3 232 1 416 2 1359 1 255 9 1142 7 203 5 1370 6 1143 4 816 1 474 6 1279 5 934 1 1359 4 1150 1 63 1 481 3 106 5 31
356 25 9 1 559 4 14 2 860 1 124 4 1051 2 1249 3 1095 4 481 9 1449 3 1354 1 919 1 1192 1 395 5 1170 2 976 6 296 1 737 3 1275 15 1042 2 328 2 154 2 34 2 1136 1 46 14 688
357 25 8 3 690 2 879 2 250 1 1359 1 539 1 386 1 1436 6 1080 7 1373 4 1196 2 443 1 274 4 897 9 498 2 709 4 1092 2 343 4 1044 1 1357 2 188 8 62 6 1342 2 1203 5 928 5 924
358 25 7 4 1153 4 126 1 199 2 282 1 407 5 1010 2 1076 5 1080 3 1041 4 847 3 618 3 1241 1 143 3 81 4 610 3 1256 1 831 3 792 1 1018 2 1041 12 1185 1 401 1 1395 1 396 1 367
359 25 6 3 891 2 900 1 1124 5 277 2 310 2 1138 1 1197 3 937 1 390 1 165 1 785 2 732 4 1221 4 663 1 767 2 240 5 1020 5 824 2 1414 4 629 3 885 1 595 2 1341 3 357 3 917
360 25 6 1 838 1 1055 3 476 1 68 2 1467 4 455 1 1225 1 167 1 836 5 944 1 39 2 515 1 655 1 1471 2 1160 6 1247 1 260 6 369 3 194 1 1029 2 1166 5 602 4 417 4 911 1 760
361 25 5 1 716 2 623 4 7 1 1483 3 1204 1 1431 2 148 1 428 1 130 5 362 1 615 1 586 2 1179 3 1026 4 718 2 244 1 1187 1 634 5 1485 2 83 2 693 1 259 1 213 1 1446 2 616
362 25 8 8 488 3 1283 1 497 2 1098 2 1268 1 279 1 1385 6 965 1 523 1 929 5 1014 2 1094 1 1500 1 1278 3 334 4 324 4 1253 13 713 5 1355 5 601 9 1055 1 701 1 1021 2 932 5 1439
363 25 6 1 1202 1 594 2 1373 8 157 1 111 1 219 3 1470 2 714 1 853 1 1213 4 1340 1 1102 7 516 2 957 4 173 7 1290 5 423 2 568 1 990 1 1282 1 1169 1 1442 3 1018 1 1020 2 748
364 25 5 3 1179 2 480 1 1091 2 1043 2 505 2 1185 2 84 6 664 2 1324 11 1075 1 405 1 874 2 445 1 1368 2 1058 1 1254 4 1028 3 1242 2 231 1 585 2 1472 1 384 1 885 1 970 2 519
365 25 6 2 393 1 701 1 1370 5 645 1 1463 6 976 1 949 3 766 1 660 5 854 1 1388 1 573 2 888 6 728 1 1242 1 261 2 31 2 1450 2 1335 2 117 3 1474 5 1013 3 1075 2 704 1 1335
366 25 6 3 686 6 179 4 332 1 1469 4 1408 7 598 1 1160 3 1444 1 19 3 856 4 854 1 816 4 350 1 157 3 504 3 1126 3 844 3 1459 1 300 5 1439 2 379 1 266 1 557 2 246 2 960
367 25 7 2 1225 6 706 1 39 2 871 2 696 2 1153 3 83 5 644 1 337 1 780 1 1475 6 1159 1 860 3 631 1 46 3 1089 9 349 2 224 5 719 1 439 1 1147 8 837 1 46 4 1294 4 187
368 25 7 5 181 1 1463 2 850 7 221 8 741 2 413 1 1171 7 1202 6 1410 5 164 1 1155 2 239 2 59 4 663 2 1428 2 260 5 541 4 506 2 150 1 204 2 815 3 980 1 405 1 1249 3 817
369 25 7 2 125 8 1053 1 175 1 919 4 492 4 326 1 834 2 781 2 313 1 1164 2 1449 4 504 2 501 1 223 6 984 5 454 9 1330 4 1103 1 299 3 739 1 1053 2 253 1 1326 5 998 3 805
370 25 7 1 1420 5 1161 2 1012 4 1044 2 1182 1 130 6 676 1 971 3 75 2 626 1 780 1 406 6 252 1 756 1 421 8 1022 3 403 4 696 1 801 1 118 1 312 4 673 4 886 5 1246 2 567
371 25 6 1 1121 2 408 1 772 3 490 2 574 3 721 2 114 3 1199 4 19 1 1339 3 1010 2 1319 3 204 5 401 3 686 4 976 1 529 1 479 2 1265 2 270 4 1297 3 459 1 74 6 235 1 207
372 25 8 3 805 9 606 4 347 3 67 1 1047 1 1098 3 1230 7 605 13 633 2 193 1 593 1 1131 3 259 1 5 2 1289 4 1368 2 476 4 1184 3 903 5 792 5 288 1 416 2 950 1 1239 4 685
373 25 9 3 1460 3 11 1 1000 12 521 2 82 3 427 1 1371 9 1350 2 103 1 421 1 698 1 651 6 1380 2 1110 11 421 5 1241 2 1396 1 277 3 378 4 1189 3 1402 2 689 3 1201 9 391 8 587
374 25 7 1 1077 7 2 3 853 1 946 7 700 1 426 11 249 3 71 2 328 5 814 2 49 5 800 4 421 3 809 1 504 1 868 1 339 1 143 1 1206 3 168 2 1295 2 51 1 21 1 102 2 681
375 25 7 5 907 8 948 4 166 5 153 1 921 2 351 3 111 1 718 3 391 3 1070 3 898 3 427 2 825 2 692 3 638 2 781 1 1020 1 22 1 1153 6 586 3 270 1 499 1 181 3 905 6 701
376 25 7 3 481 5 226 6 1119 1 1454 1 359 7 8 1 1365 9 515 1 1499 5 1373 4 1365 1 469 7 410 1 329 1 153 1 298 3 444 1 357 3 412 2 1383 3 973 1 420 2 1005 1 1180 1 330
377 25 6 4 1072 1 121 1 1257 1 47 1 28 5 698 1 50 2 576 1 565 4 478 1 1280 5 932 4 344 2 452 2 514 5 1129 1 723 2 1409 2 1468 2 1044 5 521 1 170 1 876 9 358 4 445
378 25 6 1 251 1 431 9 678 4 921 2 1065 2 125 1 1155 5 987 1 1160 2 99 1 276 1 1099 3 222 5 189 5 1322 3 497 2 708 1 1425 1 1014 1 537 4 714 1 742 1 62 2 65 1 867
379 25 7 8 521 3 1412 5 1347 1 1210 1 1360 12 54 1 1242 4 281 1 480 2 111 4 1095 7 616 9 263 2 835 1 368 1 1389 1 1377 1 691 4 1111 1 187 1 1498 5 955 1 1020 2 487 1 935
380 25 6 2 798 6 632 1 825 3 420 1 1053 1 448 2 956 2 547 1 1217 3 138 1 926 1 1024 4 292 3 1266 6 1498 5 24 1 634 2 512 1 32 3 914 5 948 1 750 1 433 4 14 2 701
381 25 6 4 543 4 310 1 1449 2 46 1 420 2 945 1 1449 1 1325 5 605 4 408 1 1136 2 1402 3 1078 1 992 4 1383 2 561 7 828 1 555 2 313 1 1146 3 301 6 855 2 305 1 881 3 1109
382 25 7 1 467 1 1138 1 1488 7 311 1 945 9 770 3 896 2 643 5 1494 1 755 9 758 1 367 4 266 7 822 1 919 1 612 2 1331 1 59 2 1357 1 777 2 1220 3 1439 3 315 1 1378 2 552
383 25 7 3 905 3 754 7 120 2 986 1 1052 2 237 4 1342 4 782 3 770 3 228 3 984 5 427 3 1222 3 1322 3 145 3 71 6 235 2 1008 2 613 3 303 2 801 5 474 2 82 4 1458 1 1093
384 25 5 1 1022 1 41 1 348 1 1078 2 138 2 680 3 1334 2 987 1 926 1 910 1 317 2 1119 1 503 2 440 1 655 4 54 5 784 7 986 2 315 2 201 5 416 1 33 1 797 6 1438 2 1152
385 25 7 5 748 7 769 1 792 1 1479 1 824 1 92 2 1475 2 1142 6 11 5 132 2 1358 2 83 2 196 1 793 1 328 5 424 4 1004 11 58 1 610 7 116 2 94 1 599 1 1007 1 941 1 1328
386 25 8 1 73 2 1276 4 207 1 545 1 403 3 930 2 712 3 403 3 1335 1 1297 1 288 6 745 4 30 4 1144 13 1373 2 490 4 1 1 409 1 715 2 825 4 586 1 330 7 899 4 386 7 1221
387 25 9 2 59 1 61 1 637 1 1374 1 279 6 1111 4 316 7 24 5 902 2 1121 1 1286 1 705 6 1162 3 582 4 425 3 699 9 1031 2 67 12 337 5 1217 8 304 4 957 2 979 1 125 4 941
388 25 7 6 656 3 1435 3 301 2 191 1 1471 1 686 3 775 6 1376 2 113 3 1167 1 1013 2 705 1 1127 4 128 3 961 1 1060 4 694 1 676 1 865 6 54 3 598 1 134 2 913 7 1386 3 534
389 25 10 9 1473 4 86 6 874 2 224 4 355 2 296 7 30 6 923 2 1399 1 561 4 205 1 316 4 330 5 237 2 949 1 1267 6 62 5 65 4 912 5 126 4 1427 2 305 8 950 1 1456 7 4
390 25 6 1 219 2 1375 3 1209 3 206 5 857 4 1343 6 103 5 682 1 823 1 21 1 465 8 59 1 874 4 126 3 1491 2 702 4 922 4 626 2 1013 3 187 1 1316 1 1040 2 201 1 1165 1 525
391 25 7 1 16 3 1353 10 925 5 1321 2 239 1 478 1 757 1 1133 2 869 1 980 8 1322 3 901 1 17 1 840 2 1448 1 147 3 157 4 570 1 456 5 800 7 700 4 602 3 1119 2 1040 1 828
392 25 5 1 797 1 1227 3 1286 2 939 1 1044 1 451 4 602 7 1316 3 1364 2 473 1 872 4 1038 2 937 1 573 2 1384 2 765 1 205 3 602 2 392 1 159 1 1371 4 921 8 770 1 507 1 1421
393 25 7 3 963 2 643 1 10 5 1252 8 415 9 507 1 660 2 912 2 61 5 916 1 948 1 583 2 1222 3 825 1 623 5 467 1 740 3 335 2 1005 3 384 7 1097 3 1138 1 342 2 468 4 64
394 25 8 4 1100 3 606 2 414 2 1245 2 526 3 1281 5 520 7 263 2 673 1 166 6 525 2 301 1 887 3 840 3 566 2 424 3 248 1 1323 9 1204 3 982 3 507 6 200 2 485 3 1415 2 243
395 25 7 2 277 6 1227 4 1379 1 6 3 46 15 124 2 406 2 839 2 689 2 664 1 464 2 1209 10 619 1 1442 1 57 2 527 1 329 2 83 6 1083 5 999 1 792 2 1425 2 1207 1 974 2 12
396 25 7 1 74 3 1171 3 1464 6 358 4 688 6 1468 7 241 4 290 1 141 3 471 1 1307 1 789 10 171 2 519 1 1102 1 627 1 893 2 310 2 329 2 952 4 118 1 1320 4 1192 3 1201 1 636
397 25 6 1 134 6 442 2 1371 1 1116 2 875 3 1073 4 816 1 392 2 503 6 786 2 394 4 4 1 1103 1 330 2 417 1 380 1 294 1 673 3 682 4 642 1 621 1 215 1 866 2 1187 11 111
398 25 6 1 938 9 315 1 278 1 1105 1 316 7 1487 3 670 3 831 10 34 2 916 1 819 1 157 2 953 1 1128 1 1316 1 511 1 1167 1 832 2 378 1 1351 7 1023 3 1245 4 983 3 247 2 139
399 25 7 1 1488 4 468 3 245 1 584 2 938 4 767 1 375 1 613 1 879 3 1055 1 616 3 796 1 977 11 459 1 315 2 266 1 107 3 1044 1 1129 6 1256 6 1133 7 1433 1 1383 1 212 4 1001
400 25 7 2 343 3 97 3 112 7 435 2 601 11 118 1 594 2 997 4 474 3 1013 3 1412 2 1326 1 327 2 1399 1 359 2 1441 1 1404 7 530 2 630 1 1038 3 833 1 855 2 1174 6 631 2 300
401 25 6 1 1470 2 1058 2 1102 2 1046 7 1499 4 1348 6 1110 1 231 2 626 3 1113 5 767 1 768 5 709 2 474 1 337 3 1284 1 122 1 319 5 763 1 53 2 919 1 1269 1 744 1 1183 4 1420
402 25 7 4 1228 1 1378 2 154 1 77 2 702 3 524 4 832 4 546 1 343 1 982 1 750 7 436 3 889 5 1076 6 127 4 404 2 753 1 691 6 593 1 803 1 699 5 1211 1 156 5 48 2 252
403 25 8 2 549 3 159 1 1498 2 338 1 799 5 1021 4 456 3 876 6 858 3 1040 4 92 5 1110 1 912 3 156 1 782 5 1043 5 741 4 981 3 302 3 1060 2 612 1 14 5 647 4 1195 4 777
404 25 7 1 51 1 999 2 774 1 178 2 853 8 532 4 780 1 529 5 369 5 762 6 401 4 488 3 219 3 1142 1 252 6 314 6 362 1 721 1 1082 1 1224 1 1483 5 836 1 604 7 1012 3 796
405 25 8 2 534 2 460 5 633 1 494 2 1189 3 345 5 1185 3 1002 3 1334 5 751 5 84 2 203 3 367 2 689 3 773 3 1477 7 202 3 188 4 580 4 667 6 1162 5 1241 1 212 7 1427 1 175
406 25 6 2 706 2 277 1 488 3 459 1 225 1 19 4 1021 2 1233 5 1251 5 498 1 43 4 347 2 368 2 1101 4 1024 2 1450 3 666 2 1175 1 453 12 175 1 1152 3 641 2 1314 3 1115 1 464
407 25 7 4 412 1 992 1 134 2 649 3 939 2 198 5 1494 3 785 4 981 1 1158 2 481 8 1333 4 433 3 128 3 528 1 893 1 562 1 192 3 511 3 216 4 201 4 1455 5 562 1 629 1 567
408 25 7 1 729 1 362 2 1482 5 370 7 1246 1 483 3 882 3 505 6 424 2 1033 5 257 2 104 1 33 2 21 2 221 5 500 2 988 5 1061 1 1202 1 845 1 310 12 1019 2 1034 1 1197 4 1378
409 25 5 3 94 1 542 1 827 6 1332 1 920 2 1448 4 648 2 637 3 398 3 857 1 246 2 1217 4 731 2 633 2 619 2 1226 1 1404 2 860 1 424 3 291 1 957 3 885 1 1256 5 468 1 1131
410 25 6 3 621 1 576 2 897 1 127 2 674 1 690 2 1413 1 467 1 1349 3 524 9 863 2 282 1 1446 1 1066 8 607 2 305 3 455 2 507 6 621 2 1307 1 669 3 1250 5 134 2 194 3 1091
411 25 7 4 394 5 129 9 1221 10 166 3 220 6 577 1 327 3 889 1 1050 1 1253 4 1318 4 96 3 1048 1 1147 1 496 1 978 3 1237 1 1033 2 227 3 854 1 93 1 137 4 575 1 369 2 632
412 25 8 5 344 2 520 3 1255 1 853 2 762 9 1205 2 1325 3 177 7 346 1 260 5 598 2 1404 2 1413 6 1276 3 1468 1 299 2 1455 10 1248 3 283 9 362 1 822 2 216 2 768 1 133 1 1016
413 25 5 1 617 2 1158 1 912 3 682 1 239 6 989 9 551 1 13 2 1127 1 1234 2 812 2 637 2 19 1 410 3 571 2 795 4 688 1 53 2 1489 2 1141 2 951 2 1387 1 105 1 1348 3 1226
414 25 6 1 395 7 819 3 39 2 530 1 852 1 478 3 1247 1 1112 2 1253 7 371 1 371 4 742 1 736 3 1364 4 771 2 1232 2 1132 1 381 1 1125 1 578 1 1349 1 147 5 1047 3 769 5 515
415 25 7 2 272 2 263 1 1465 1 373 9 1040 8 8 1 1285 1 663 1 830 2 1105 4 651 1 413 1 203 9 289 3 1474 7 877 3 56 2 1477 1 1237 2 1327 3 1303 5 1305 4 240 1 866 2 1276
416 25 7 2 353 3 81 7 962 2 540 2 78 7 1350 2 1119 2 120 3 1489 2 207 2 898 1 1179 1 747 4 152 2 829 1 383 4 1356 6 988 3 529 1 1060 3 583 3 1091 3 711 2 453 5 1111
417 25 7 2 1216 3 1434 5 234 2 254 3 974 3 979 6 520 9 390 1 900 1 90 1 1311 1 42 2 61 3 99 1 917 4 1201 3 1103 1 935 1 1100 1 1066 5 1424 5 1238 4 805 4 1212 2 22
418 25 9 3 1259 8 350 1 230 1 333 5 1154 2 1307 6 564 5 814 7 508 3 519 12 673 6 1153 6 1157 7 148 1 586 1 876 3 1224 1 844 2 84 2 1282 4 614 3 260 3 24 1 41 1 768
419 25 7 2 1140 1 682 2 440 2 875 1 501 2 931 2 696 6 1254 7 1079 1 1385 1 162 1 1364 5 877 3 35 1 1033 3 364 2 131 1 234 7 1104 7 1111 4 723 2 933 1 1482 3 667 11 270
420 25 7 1 259 2 639 5 1332 1 915 1 1169 1 94 1 967 3 223 1 982 6 1063 9 548 9 910 2 334 2 303 1 1031 6 283 2 1311 6 134 1 596 2 463 2 885 1 85 1 565 2 318 3 880
421 25 5 4 593 7 717 2 1447 2 438 1 777 2 759 5 125 1 583 2 566 1 1319 1 122 2 1255 1 860 4 684 1 38 3 616 1 611 5 627 1 1107 3 33 2 769 3 486 1 979 1 848 2 628
422 25 8 3 1034 11 424 2 274 2 1080 5 1250 1 362 1 1498 11 418 2 778 4 155 1 906 2 497 5 710 1 1009 1 62 2 864 8 529 1 671 3 386 1 706 1 979 3 226 2 503 6 627 4 1368
423 25 6 2 1274 1 351 4 1143 3 849 3 624 6 643 1 1416 2 964 3 414 2 1186 2 417 3 1026 1 1496 4 32 1 1186 2 483 3 1133 2 411 1 706 2 172 4 799 3 1041 3 1265 1 376 3 1007
424 25 5 2 1371 1 927 6 152 2 793 5 222 1 1440 9 1194 1 1200 1 1035 1 670 1 1112 1 752 1 1108 1 1487 1 768 2 1112 3 1349 1 1103 2 1308 1 708 3 241 3 1322 4 214 4 679 1 778
425 25 6 1 617 2 647 1 872 1 448 2 1265 2 889 5 390 2 1196 1 248 2 1136 1 370 2 699 3 751 4 968 2 812 3 60 5 888 5 11 2 700 1 242 1 570 4 1005 6 50 3 1480 1 1286
426 25 7 2 120 1 733 6 135 2 1298 2 1280 6 1305 2 701 1 1153 10 1387 3 885 1 763 8 644 4 1251 1 1399 2 1184 3 241 1 1268 3 1318 1 1053 2 1425 3 1028 1 164 1 911 5 815 2 259
427 25 6 6 1252 1 760 2 1064 1 107 5 258 1 1111 2 1347 2 400 2 1490 1 694 1 240 3 331 2 567 3 262 3 1390 2 995 2 442 7 1088 2 673 3 166 7 1282 1 43 2 392 6 263 2 280
428 25 6 7 999 1 1489 1 1470 5 329 3 170 2 131 4 673 1 1483 1 985 2 830 2 934 1 1258 3 539 1 865 1 955 1 1059 4 18 4 276 1 622 1 543 3 827 7 376 3 492 1 316 4 569
429 25 8 3 3 2 684 2 599 1 1116 7 565 6 366 2 180 7 34 2 152 2 1414 3 3 2 1289 2 1244 1 596 3 983 12 843 1 278 1 717 4 886 2 268 1 1254 2 555 2 197 3 1049 8 211
430 25 7 1 1072 4 803 6 413 2 195 2 46 1 433 1 838 1 609 1 1267 1 791 1 426 5 795 1 709 1 1075 5 811 1 1448 1 786 9 1304 3 1099 10 401 7 109 2 634 1 205 2 404 5 728
431 25 7 2 1491 5 1080 1 1332 3 1302 4 1245 4 1133 3 1442 1 1496 2 1476 6 1341 2 1393 3 443 1 554 7 250 1 1371 10 360 2 360 2 1197 2 1105 4 3 3 1117 3 1110 2 1011 1 1134 1 1389
432 25 6 1 556 1 347 1 1033 1 765 2 959 1 68 1 996 2 307 3 565 1 1125 2 753 1 967 2 862 9 72 1 880 5 927 4 931 4 1001 1 131 2 542 1 937 2 424 2 1302 7 675 7 1073
433 25 7 3 1196 1 484 4 440 3 1149 2 1411 2 834 1 940 2 1378 1 1134 6 883 4 1314 1 1461 4 1413 5 1344 13 1119 1 1108 1 154 2 1481 2 215 10 412 3 321 2 351 3 791 1 1349 1 817
434 25 7 1 1223 3 587 4 407 1 608 1 506 2 512 1 1371 2 1268 1 1499 6 317 2 1123 2 228 2 1334 2 575 4 1351 2 814 1 921 2 993 1 346 1 1493 9 804 6 1430 3 1290 1 842 10 264
435 25 5 1 759 2 377 3 164 2 1293 1 1134 1 503 4 1260 5 994 1 575 2 520 1 1007 2 1420 2 1048 2 1082 4 1078 3 652 4 847 6 973 2 596 4 1181 2 257 2 1082 1 1469 1 227 1 882
436 25 6 1 1390 2 641 1 753 1 393 2 505 1 1124 1 70 2 323 7 1237 7 1435 4 407 1 589 2 658 1 533 5 1023 6 117 2 1227 2 423 4 539 1 1291 4 16 2 1031 1 1086 1 474 1 590
437 25 7 1 599 1 700 3 514 1 794 1 1289 4 1187 5 1277 4 438 8 685 5 1401 3 1008 4 367 2 124 4 443 1 887 2 683 5 531 2 1347 6 944 1 262 1 783 3 998 2 83 4 796 1 844
438 25 5 1 809 2 37 1 321 6 1278 2 333 1 459 1 139 9 383 5 1013 1 1370 1 1338 1 215 2 1491 3 1352 1 61 2 933 1 1259 3 853 1 465 1 931 1 1454 2 971 2 1251 4 340 3 196
439 25 7 1 905 3 875 1 468 4 1340 1 397 2 66 5 295 7 1226 1 247 1 69 3 341 2 305 4 99 4 943 3 429 2 265 9 219 1 592 3 1245 1 416 5 601 3 268 1 1391 4 607 2 208
440 25 5 1 1080 1 685 1 728 2 51 2 1142 1 1081 10 670 1 1093 1 180 4 972 1 1082 2 339 3 442 1 261 3 997 1 1216 3 873 1 1331 5 924 5 777 1 1082 1 703 3 353 1 397 2 712
441 25 4 1 1111 1 470 1 1436 3 434 2 266 5 466 1 1308 1 1380 2 221 5 1478 1 1100 3 1293 1 888 1 1127 2 1316 1 1040 1 493 1 1351 1 1327 1 46 1 1196 2 487 1 19 1 761 1 1437
442 25 6 1 6 2 975 1 497 2 59 2 244 2 1208 1 747 2 861 1 1363 17 1373 2 178 1 944 4 1186 4 471 1 740 4 913 1 1484 3 60 4 624 3 1265 1 109 2 225 1 1173 2 1158 4 472
443 25 8 1 1315 5 926 1 1048 2 706 5 1051 2 872 3 1180 4 1394 3 977 3 1203 1 1351 1 330 5 1199 2 931 5 813 13 562 1 879 1 353 2 575 1 43 3 519 3 1009 16 1281 1 248 2 585
444 25 8 1 132 1 259 2 726 8 1279 3 1437 6 17 2 1452 2 230 8 629 3 985 2 80 1 535 10 135 1 814 1 1104 9 1075 1 1172 1 1051 10 1265 1 1074 1 1448 6 1028 3 866 2 769 4 761
445 25 8 5 290 3 23 3 151 11 8 1 297 7 64 4 267 2 697 1 529 8 28 3 719 7 556 1 1340 3 1292 1 41 1 155 1 991 3 60 1 910 3 215 1 539 4 981 2 1146 3 269 3 438
446 25 4 6 1171 1 123 2 63 1 112 4 1182 5 380 1 1288 1 533 1 83 1 387 1 1151 3 1092 2 659 1 809 1 592 2 33 1 63 4 437 1 102 1 318 2 1309 1 629 2 202 1 826 1 725
447 25 5 1 639 1 704 1 449 2 219 1 856 1 509 5 1457 2 714 5 1409 3 514 1 935 5 820 1 831 1 956 2 355 1 46 2 1294 2 1143 7 510 2 765 1 1434 1 1278 5 27 1 1459 2 70
448 25 7 1 1397 1 22 6 441 10 392 4 568 6 1493 5 1495 1 1324 3 653 1 594 3 1256 4 817 5 1045 1 1044 1 725 1 1131 3 529 3 1150 1 10 3 17 1 1417 1 1099 2 410 3 1193 1 106
449 25 10 1 927 2 4 3 1443 7 154 1 12 2 418 3 561 1 771 2 486 4 260 3 293 2 800 10 687 1 480 5 713 4 1352 9 687 15 204 15 1382 1 130 3 1026 2 1083 2 1244 5 980 1 869
450 25 8 6 586 2 481 3 1044 3 583 3 63 5 1480 5 472 1 784 4 988 1 1275 1 1123 1 301 9 187 5 910 1 93 2 1022 2 1410 4 791 10 357 4 953 1 706 2 1306 1 103 2 665 3 53
451 25 5 2 1372 1 1398 4 1213 1 185 5 569 1 1066 1 781 2 905 4 441 1 942 2 684 4 581 1 1172 1 901 7 1123 1 341 3 866 6 916 1 68 1 702 2 1014 2 313 3 80 1 387 2 474
452 25 8 2 571 3 207 3 632 6 1460 8 1377 4 1150 9 875 2 376 5 1258 1 617 3 1091 3 546 1 1281 1 926 3 357 1 112 1 508 4 230 4 235 1 825 1 592 2 876 12 178 2 108 5 1227
453 25 7 1 783 3 992 1 214 3 98 12 1222 2 967 2 909 1 1264 1 181 6 1241 2 935 1 329 4 1016 1 1123 1 1030 2 1492 3 328 3 762 2 1150 2 1024 4 489 1 1496 4 422 5 1214 5 1395
454 25 6 2 1361 2 941 1 1393 2 755 4 1022 10 33 2 683 1 912 5 127 2 1115 2 1167 5 1076 6 155 4 45 3 807 1 1313 1 1494 2 753 3 505 2 359 2 437 1 626 1 256 1 367 3 1162
455 25 6 3 475 3 230 1 1056 2 501 1 426 5 215 2 765 1 1205 2 625 1 87 1 1343 4 1432 3 1205 8 1057 1 145 2 452 5 1005 3 894 2 168 1 1344 1 545 3 10 4 1034 1 270 3 1379
456 25 5 2 230 1 66 6 725 1 366 2 1174 4 292 2 564 1 1020 2 214 1 1025 7 299 2 1428 1 50 4 1172 1 157 4 467 1 622 1 49 1 553 1 1450 1 1415 1 66 3 111 2 1375 1 140
457 25 5 1 91 2 1163 1 1053 1 340 1 1113 1 640 5 512 1 637 4 159 1 1140 1 713 1 844 1 142 3 530 2 310 5 1094 1 785 5 1274 4 1257 1 619 1 269 6 511 1 991 3 603 2 188
458 25 8 3 275 2 1112 10 378 8 1093 2 699 6 1304 7 959 2 276 5 1323 1 66 2 1290 1 194 1 1053 2 805 5 429 1 1046 2 920 1 1219 1 247 4 846 9 1486 2 666 3 1333 2 1109 1 1015
459 25 6 4 1348 1 976 1 1106 4 24 2 283 4 830 3 566 6 1141 3 817 2 1378 2 1399 2 854 1 1124 4 1081 2 335 3 781 3 266 3 799 3 1052 3 438 3 1238 2 978 2 358 3 1488 1 1368
460 25 7 1 1219 1 5 5 1302 2 370 1 908 1 442 1 504 10 991 1 348 1 389 1 336 2 507 5 895 4 381 2 664 2 971 8 154 3 1003 8 1294 1 361 5 1278 1 1174 2 91 5 974 4 1169
461 25 6 1 606 1 1301 4 51 5 353 5 1314 1 765 6 179 1 1139 4 604 2 849 1 890 1 114 3 411 1 1358 4 1334 1 175 4 407 2 1395 5 1359 1 1304 3 197 2 312 4 574 2 396 1 1462
462 25 6 3 1195 2 168 3 607 2 65 1 1353 7 933 1 892 1 1432 1 999 3 1103 1 849 1 345 4 994 4 875 4 1464 9 1202 4 1405 1 961 1 586 2 176 4 1102 3 69 2 1429 1 592 4 31
463 25 7 2 1206 1 491 7 997 13 1271 2 724 3 1384 10 319 1 898 1 704 2 1172 1 820 1 468 2 579 4 654 2 1293 2 1295 1 630 4 351 2 1116 1 1227 2 852 5 1466 2 158 2 1046 2 814
464 25 7 6 1193 3 959 1 1481 3 805 5 592 10 911 2 1081 7 35 2 664 1 48 1 330 1 226 1 276 2 580 2 400 2 801 1 475 11 1372 4 1189 3 806 1 30 1 1238 2 591 3 1113 3 1277
465 25 6 1 1051 3 1297 1 134 2 38 2 806 3 235 2 159 1 285 2 839 3 1144 1 1428 2 538 4 680 3 1319 1 110 1 704 9 876 3 1045 1 751 5 1287 3 1485 1 480 3 840 2 1434 3 246
466 25 6 2 1127 1 1002 1 574 1 310 6 911 2 234 3 1043 3 884 1 1185 1 1263 2 725 1 809 1 167 2 777 2 493 4 548 9 1317 2 1038 2 17 4 209 4 3 3 311 1 708 6 1291 1 546
467 25 7 4 1289 2 1140 4 818 2 930 2 853 3 959 2 435 1 144 3 1161 2 1465 1 648 1 1154 10 1213 3 773 2 1454 3 194 1 736 2 1000 5 482 3 1264 3 716 2 1425 6 1227 2 542 1 344
468 25 6 7 1154 1 210 2 1368 5 949 5 752 2 1325 1 522 3 1403 1 842 1 564 5 725 2 694 4 108 4 228 2 594 1 1047 1 1390 1 186 1 1213 1 92 2 43 1 1113 4 1060 3 128 3 262
469 25 9 1 1071 2 645 1 1250 2 986 2 367 6 1092 4 910 1 633 7 363 4 196 3 1409 1 14 4 1042 7 743 3 1346 11 1430 9 964 3 475 8 1219 2 1080 1 934 4 457 2 708 1 568 2 489
470 25 8 4 1137 2 1289 1 1249 1 1054 5 819 18 284 3 879 2 799 1 479 6 346 3 257 3 560 3 429 5 314 3 1009 1 789 5 465 5 1117 1 702 2 225 2 578 3 876 4 1131 4 1208 1 1457
471 25 8 2 279 4 1448 3 907 2 1159 1 12 1 452 14 1258 1 1217 6 102 6 583 4 419 2 142 1 473 1 301 3 1135 1 1307 1 843 3 784 5 1158 5 800 5 654 4 1292 1 977 8 1066 1 175
472 25 8 3 1022 10 1458 3 644 2 928 2 1285 11 297 1 966 3 1128 5 635 4 463 1 726 1 583 10 722 1 1185 3 988 2 224 1 772 1 998 4 910 1 778 3 95 2 1363 1 824 6 1200 5 593
473 25 9 16 564 7 780 11 664 2 520 3 202 1 435 3 137 3 1378 1 935 1 737 4 237 1 1437 1 804 1 1243 2 1319 5 625 3 27 11 600 2 1301 2 1421 2 622 2 1470 1 435 3 818 2 401
474 25 8 3 1130 3 924 4 1460 2 1378 2 776 2 815 3 1004 2 659 3 498 6 1080 2 391 1 318 4 1415 8 581 1 801 1 1248 1 1125 6 1199 4 645 3 778 1 422 9 577 1 1329 1 162 9 1211
475 25 6 1 1087 6 323 2 518 4 309 2 740 6 1397 1 829 2 441 2 432 6 986 1 416 1 851 2 839 2 162 1 790 1 189 2 969 2 1362 6 574 1 411 6 732 2 571 3 27 3 1340 2 1076
476 25 8 5 433 11 788 1 943 7 787 2 257 2 719 1 1325 1 775 1 628 7 570 3 1011 1 226 1 1128 1 880 3 969 3 903 5 112 3 413 4 292 2 351 6 605 1 501 6 601 2 193 1 880
477 25 7 4 201 1 1340 4 549 1 38 2 308 4 1056 1 1055 1 938 7 1342 3 896 1 85 1 313 3 44 5 677 5 1336 1 1340 1 811 1 186 4 1154 7 408 2 1451 3 1307 1 42 5 125 3 112
478 25 12 1 1101 2 1059 5 203 3 216 8 1418 7 1350 1 700 3 1497 9 171 1 51 3 1018 1 760 14 118 10 337 2 149 14 1328 3 811 10 916 4 850 5 747 5 8 2 632 5 1006 1 916 2 990
479 25 6 1 1357 5 658 1 102 3 1208 4 740 5 338 3 1162 1 1241 1 561 1 1436 2 993 2 374 2 1019 1 118 4 893 3 195 2 208 8 1108 2 710 1 687 5 838 3 314 3 158 2 961 3 379
480 25 7 7 689 3 266 1 175 13 817 2 372 2 1224 8 1451 1 1478 1 365 1 814 2 99 6 980 3 789 2 903 6 334 3 1062 2 1293 3 1244 3 1480 4 30 1 1168 1 295 1 591 1 1306 2 1296
481 25 5 3 951 2 276 2 89 1 1405 2 530 1 82 1 1021 1 1409 2 1185 1 459 1 438 3 817 1 812 6 1208 4 660 9 443 1 144 3 929 2 1063 1 939 1 566 1 966 1 1470 2 189 1 107
482 25 9 1 137 7 158 3 280 10 878 7 161 1 711 4 1347 3 685 1 85 4 879 1 841 4 831 5 1095 3 175 2 266 1 293 2 163 2 1455 1 453 3 97 3 561 12 466 6 104 12 296 1 738
483 25 8 1 154 3 1311 2 1316 5 270 4 1096 3 244 1 1390 3 156 2 651 3 893 4 1030 2 1353 8 615 1 408 3 902 4 1254 1 1013 4 298 3 1137 3 1147 3 414 5 591 6 1327 1 1437 5 1213
484 25 5 4 948 1 709 1 565 5 1170 5 365 1 132 1 374 1 572 2 250 3 1410 2 803 8 440 1 1242 2 748 2 690 3 822 1 68 2 721 2 170 1 95 2 763 1 1454 1 861 2 599 2 1482
485 25 4 5 315 6 953 2 566 3 1107 2 577 2 150 1 1188 1 127 1 443 1 864 1 1220 4 904 2 791 1 687 2 1079 1 773 1 525 1 699 1 338 3 217 1 1153 2 880 2 533 2 252 1 683
486 25 6 3 952 2 1024 2 613 1 360 3 189 3 645 1 1414 5 198 1 624 4 874 8 1194 7 470 4 1070 3 649 1 1168 4 433 1 567 1 1163 1 523 1 1055 4 938 2 691 4 248 2 192 1 663
487 25 7 1 896 2 757 6 289 2 852 1 729 5 1322 1 255 2 1385 5 649 1 675 2 973 4 1187 7 839 2 117 5 1312 1 438 8 427 1 814 1 603 4 724 2 272 7 357 1 539 6 1036 1 489
488 25 8 2 1030 2 449 1 561 5 589 9 1386 1 1063 2 224 1 435 7 113 3 1066 7 538 1 200 3 290 3 1100 3 1383 1 1425 2 500 6 384 3 1016 1 1118 6 688 2 1469 6 843 6 633 2 1003
489 25 8 2 439 2 1329 4 1076 9 342 2 160 7 821 2 23 3 414 1 1444 1 762 7 1470 4 413 4 423 10 661 2 1104 2 421 4 1153 4 62 2 524 1 741 3 268 6 1029 3 354 2 428 1 252
490 25 5 3 1095 2 810 1 1206 1 463 5 1080 1 562 1 1100 1 1381 1 1275 2 1020 1 817 2 36 1 672 1 999 3 1021 1 261 2 1342 4 987 1 1392 9 510 3 464 1 983 2 1327 2 677 1 2
491 25 7 2 1325 1 648 2 1306 3 612 3 850 4 1074 1 1481 1 903 4 157 3 94 4 862 3 1470 2 545 5 990 2 296 4 279 7 1138 2 1273 3 1084 3 302 4 9 6 296 2 694 2 1080 4 1373
492 25 7 1 975 1 368 4 771 1 977 2 81 7 679 2 806 2 883 2 1432 3 431 2 21 5 1097 3 567 1 1311 1 58 1 1086 3 1372 5 1406 1 682 1 1324 2 757 5 974 9 1060 6 1334 1 34
493 25 6 2 502 2 344 2 514 7 328 1 387 1 751 2 600 1 574 3 360 1 762 1 678 2 296 3 500 4 508 3 681 3 207 3 1043 3 224 10 190 1 1479 5 318 1 375 1 501 4 342 1 949
494 25 9 1 1469 1 1180 6 1096 2 975 6 523 2 1023 1 647 2 1076 1 1344 3 1494 1 724 4 1399 25 588 2 62 1 1447 2 1344 4 1073 1 816 1 1287 2 686 3 210 2 450 3 200 12 302 5 108
495 25 7 6 263 1 378 4 545 3 1476 9 1218 1 210 2 459 1 567 1 697 1 1349 1 1459 2 1105 4 933 1 1255 2 72 2 504 9 115 5 469 3 66 8 931 2 1150 2 874 3 224 3 837 1 452
496 25 9 1 1402 5 860 3 941 2 1212 3 977 3 789 4 1312 3 745 2 835 7 1410 9 328 5 6 10 835 3 428 3 601 2 444 1 82 3 1413 1 1483 3 1144 1 478 4 1430 10 711 1 658 4 579
497 25 9 3 149 5 951 1 1435 12 133 5 347 4 1282 3 183 1 1079 2 1117 6 685 1 317 1 331 6 657 1 358 3 1061 1 765 2 1330 7 188 5 453 1 282 5 1019 5 1309 3 662 5 434 2 497
498 25 5 1 1235 1 1243 2 332 1 589 3 1498 2 1040 4 1003 1 1101 4 1149 4 1418 2 1253 4 1263 2 887 1 309 3 983 1 342 1 1388 3 1165 3 1372 1 1456 1 1439 4 510 3 943 1 971 1 409
499 25 7 1 1376 2 513 1 778 1 1246 7 106 3 574 4 1232 3 223 4 1139 3 276 1 716 3 544 1 119 4 1349 2 1164 1 1116 5 301 2 149 1 452 3 1397 5 707 3 858 1 1347 4 1499 10 1306
500 25 7 2 1496 2 1373 3 369 1 797 3 427 2 1192 3 746 9 551 2 1316 2 853 1 969 2 1053 6 560 1 675 4 1150 3 752 3 932 3 31 1 993 2 246 1 1291 3 946 1 59 2 77 12 490
