1 20 3275 0 1 0 0 1 0 0 0 0 1 0 0 0 0 0 0 0 0 0 0 0.0
2 20 4338 0 0 1 0 0 0 1 0 0 0 0 1 0 0 0 0 0 0 0 0 0.0
3 20 3860 0 0 1 0 0 1 0 0 0 0 0 1 0 0 0 0 0 0 0 0 0.0
4 20 3346 0 0 0 0 0 1 0 1 1 0 0 0 0 0 0 1 0 0 0 0 0.0
5 20 3543 0 0 0 1 1 0 0 0 0 1 0 0 0 0 0 0 0 0 1 0 0.0
6 20 4330 0 0 0 0 1 0 1 0 0 0 0 0 1 0 1 0 0 0 0 0 0.0
7 20 3982 0 0 0 0 0 0 0 0 1 0 0 0 0 1 0 0 0 1 0 0 0.0
8 20 5197 0 0 0 1 1 0 0 1 0 0 1 0 0 0 0 0 0 0 0 0 0.0
9 20 3236 0 0 0 0 1 0 0 1 0 0 1 0 0 0 0 0 0 0 0 0 0.0
10 20 4151 0 0 0 0 0 0 0 0 0 0 0 0 0 1 0 0 0 1 0 1 0.0
11 20 4742 0 1 0 0 1 1 0 0 0 0 0 0 1 0 0 0 0 0 0 0 0.0
12 20 5369 0 0 0 0 1 0 1 0 1 0 0 0 0 0 0 1 0 0 0 0 0.0
13 20 3201 0 1 0 1 0 0 0 0 0 0 0 0 0 1 0 0 0 0 0 0 0.0
14 20 3849 1 0 0 0 0 0 0 0 1 0 0 0 0 0 0 0 0 1 0 0 0.0
15 20 3932 0 0 0 1 0 0 1 0 0 1 0 0 0 0 0 0 0 1 0 0 0.0
16 20 3864 0 0 0 0 0 0 1 0 1 0 0 0 1 0 0 0 0 0 0 0 0.0
17 20 5148 0 0 0 0 0 0 0 0 0 0 0 1 0 0 0 1 0 0 1 1 0.0
18 20 5152 0 1 0 0 0 1 0 0 0 0 0 1 0 0 0 0 0 1 0 0 0.0
19 20 3964 0 0 0 0 0 0 1 1 0 0 0 1 0 0 0 0 0 0 1 0 0.0
20 20 4076 0 0 0 0 0 0 0 0 0 1 0 1 1 0 0 0 0 0 0 0 0.0
21 20 3279 0 0 1 1 0 0 0 0 0 0 0 1 0 0 0 0 0 0 0 0 0.0
22 20 3510 0 0 0 0 0 0 0 0 0 0 1 0 0 0 1 0 0 0 1 1 0.0
23 20 4113 0 0 0 0 0 0 0 0 0 1 0 0 0 1 0 1 0 0 0 0 0.0
24 20 3173 0 0 0 0 0 0 0 0 0 0 0 0 1 0 0 1 0 0 0 1 0.0
25 20 4336 0 0 0 0 1 0 0 1 0 0 0 0 0 1 0 0 0 0 0 0 0.0
26 20 4705 1 0 0 0 0 0 0 0 0 1 0 0 0 0 1 0 1 0 0 0 0.0
27 20 4553 0 1 0 0 0 0 0 1 1 0 0 0 1 0 0 0 0 0 0 0 0.0
28 20 4227 1 0 1 0 0 0 1 0 0 0 0 0 0 0 0 0 0 0 0 0 0.0
29 20 3815 1 0 0 0 0 0 0 1 1 0 0 1 0 0 0 0 0 0 0 0 0.0
30 20 5339 1 0 0 0 0 0 0 1 0 1 0 0 0 0 0 0 0 0 1 0 0.0
31 20 4105 0 0 1 0 0 0 0 0 0 0 0 0 0 0 1 0 0 0 1 0 0.0
32 20 6721 0 0 1 0 1 0 0 0 0 0 1 0 1 1 0 0 0 0 0 0 0.0
33 20 3763 0 1 0 0 0 0 0 0 0 0 0 0 1 0 0 1 0 0 0 0 0.0
34 20 4188 1 0 0 0 0 0 0 0 0 1 0 0 0 0 0 1 1 0 1 0 0.0
35 20 4907 0 0 1 0 0 0 0 1 0 0 0 1 0 0 0 0 0 0 1 0 0.0
36 20 2712 0 0 0 0 0 0 0 0 0 1 0 0 0 0 1 0 0 0 1 0 0.0
37 20 4841 0 0 1 0 0 0 0 1 1 0 0 0 0 0 0 1 0 0 0 0 0.0
38 20 4188 0 0 0 1 0 0 0 0 0 0 0 1 0 0 0 1 0 0 0 0 0.0
39 20 4649 0 0 1 1 0 0 0 0 0 0 1 0 0 0 0 0 0 0 0 1 0.0
40 20 3995 0 0 0 0 1 0 0 1 0 0 0 0 0 0 0 0 0 1 0 0 0.0
41 20 4872 1 0 0 0 0 0 0 0 0 0 1 0 1 0 1 0 0 0 0 0 0.0
42 20 3450 0 0 1 0 0 0 0 0 0 0 0 1 0 0 0 0 0 0 0 1 0.0
43 20 3814 0 0 0 0 0 1 1 0 0 0 0 1 0 0 0 0 0 0 0 0 0.0
44 20 2596 0 0 0 0 1 0 1 0 0 0 0 0 0 1 0 0 0 0 0 0 0.0
45 20 4004 0 0 1 0 0 0 0 0 0 1 0 1 0 0 0 0 0 0 0 0 0.0
46 20 3441 0 0 1 0 0 0 0 0 0 0 0 1 0 0 0 1 0 0 0 0 0.0
47 20 5671 0 1 0 0 0 0 0 0 0 1 0 0 1 0 1 0 0 0 0 0 0.0
48 20 4391 1 1 0 0 0 0 0 0 0 0 0 0 0 0 0 0 0 0 0 1 0.0
49 20 3794 0 0 0 0 1 0 0 0 0 0 0 0 0 1 0 0 1 0 0 0 0.0
50 20 3399 0 0 0 0 0 0 0 0 1 0 0 0 1 0 0 0 1 1 0 0 0.0
51 20 3412 0 0 0 1 0 0 0 0 0 0 0 1 0 0 0 0 0 0 1 0 0.0
52 20 5881 1 1 0 0 0 1 0 0 0 0 1 0 0 0 1 0 0 0 0 0 0.0
53 20 4024 0 0 0 0 0 1 0 0 0 0 1 0 1 1 0 0 0 0 0 0 0.0
54 20 5394 0 0 1 0 0 1 0 0 0 0 0 0 0 0 0 0 1 0 1 0 0.0
55 20 4896 0 1 0 0 0 0 0 0 0 0 1 1 0 1 0 0 0 0 0 0 0.0
56 20 3822 1 0 0 1 0 0 0 0 1 0 0 0 0 0 0 0 0 0 1 0 0.0
57 20 3454 0 0 0 0 0 0 0 0 0 1 0 1 1 0 0 0 0 0 0 0 0.0
58 20 4720 0 0 0 0 1 0 0 1 0 0 0 0 1 0 0 1 0 0 0 0 0.0
59 20 5239 1 1 0 0 0 0 0 0 0 0 0 0 0 0 0 0 0 1 1 0 0.0
60 20 4372 0 1 0 0 0 0 0 0 0 0 0 0 0 0 1 1 0 0 0 0 0.0
61 20 5494 0 0 0 1 0 0 0 0 0 0 0 1 0 0 0 1 1 0 0 0 0.0
62 20 5299 0 0 1 0 0 0 0 0 0 0 1 0 0 1 1 0 0 0 0 0 0.0
63 20 3743 0 0 0 0 0 0 0 0 0 1 0 0 1 0 0 0 0 1 0 0 0.0
64 20 3795 1 0 0 0 0 0 0 0 0 0 0 0 0 0 0 0 1 1 0 0 0.0
65 20 5440 0 0 0 0 1 1 0 0 0 0 0 1 1 0 0 0 0 0 0 0 0.0
66 20 2090 0 0 0 0 0 0 0 1 0 0 0 0 0 0 0 1 0 1 0 0 0.0
67 20 3764 0 0 0 0 0 1 0 1 1 0 0 0 0 0 0 0 0 1 0 0 0.0
68 20 2945 0 0 0 0 0 0 1 0 0 0 0 0 0 0 0 0 1 1 0 0 0.0
69 20 3912 0 1 0 0 0 0 0 0 0 1 0 0 0 0 0 0 0 0 1 0 0.0
70 20 4667 0 0 0 0 0 1 0 1 0 1 1 0 0 0 0 0 0 0 0 0 0.0
71 20 2957 0 0 0 0 0 0 0 0 1 0 1 0 0 0 0 0 0 0 0 0 0.0
72 20 5644 0 0 0 0 0 0 1 1 0 1 0 0 0 0 0 1 0 0 0 1 0.0
73 20 4712 0 0 0 0 0 0 0 0 0 0 0 0 0 1 1 1 0 0 0 1 0.0
74 20 2386 0 0 0 0 0 0 1 1 0 0 0 0 0 0 0 0 0 0 0 0 0.0
75 20 4265 0 0 0 0 0 0 0 1 0 1 0 0 0 0 0 0 0 1 1 0 0.0
76 20 3874 0 0 0 0 0 1 0 0 0 0 1 0 0 0 0 0 0 0 1 1 0.0
77 20 4178 0 0 0 0 0 1 0 0 0 0 0 1 1 0 0 0 0 0 0 0 0.0
78 20 4090 0 0 0 0 0 0 0 0 0 1 0 0 1 1 0 0 0 0 0 0 0.0
79 20 3854 0 0 0 0 0 1 0 0 0 0 0 0 0 0 0 0 0 0 1 1 0.0
80 20 3438 0 0 0 0 0 0 1 0 0 1 0 0 0 0 0 0 0 0 1 0 0.0
81 20 4037 0 0 0 0 0 0 0 0 0 0 0 1 0 1 1 0 0 0 1 0 0.0
82 20 4521 1 0 1 0 0 1 0 0 0 0 0 1 0 0 0 0 0 0 0 0 0.0
83 20 4765 0 1 0 0 0 0 0 0 0 1 0 0 0 0 1 0 1 0 0 0 0.0
84 20 4663 0 0 0 1 0 0 0 0 1 0 1 0 0 0 0 0 1 0 0 0 0.0
85 20 3840 0 0 0 0 0 0 0 0 1 0 0 1 1 0 0 0 0 1 0 0 0.0
86 20 4609 0 0 0 0 0 0 1 0 0 0 1 0 1 0 0 0 0 1 0 0 0.0
87 20 4234 1 1 1 0 0 0 0 0 0 0 0 0 0 0 0 0 1 0 0 0 0.0
88 20 3816 0 0 0 0 0 0 0 1 0 0 0 0 1 0 0 0 0 0 0 1 0.0
89 20 4292 0 0 0 1 0 0 0 0 1 1 0 0 0 1 0 0 0 0 0 0 0.0
90 20 4902 0 0 1 0 0 0 1 0 1 0 0 0 0 0 0 0 0 0 1 0 0.0
91 20 4705 0 1 0 0 0 0 0 1 0 0 1 0 0 0 0 1 0 0 0 1 0.0
92 20 3813 0 0 0 0 0 0 0 1 0 0 0 0 1 0 0 0 0 1 0 0 0.0
93 20 2808 1 0 0 0 0 0 0 0 0 0 0 0 0 0 1 0 0 0 0 0 0.0
94 20 5814 0 1 0 0 0 0 0 0 1 1 0 0 0 0 1 0 0 0 1 0 0.0
95 20 4407 1 0 0 0 0 0 1 0 1 0 1 0 0 0 0 0 0 0 0 0 0.0
96 20 4342 0 0 0 0 0 0 1 0 0 0 0 1 0 1 1 0 0 0 0 0 0.0
97 20 3315 0 0 1 0 0 0 0 0 0 1 0 0 0 0 1 0 0 0 0 0 0.0
98 20 4637 0 0 1 0 1 0 1 1 0 0 0 0 0 0 0 0 0 0 0 0 0.0
99 20 5360 0 1 1 0 0 1 0 0 0 0 0 0 0 0 0 0 1 0 0 0 0.0
100 20 5262 0 0 0 0 0 0 0 0 0 0 0 1 0 1 0 0 1 0 1 0 0.0
101 20 3965 0 0 1 0 1 0 0 0 0 0 0 0 0 1 0 0 0 0 0 0 0.0
102 20 3260 0 0 0 1 0 0 0 0 0 0 0 0 0 0 0 0 1 1 0 0 0.0
103 20 4040 0 0 0 1 0 0 0 0 1 0 1 0 0 0 0 0 0 0 0 0 0.0
104 20 3612 0 0 0 0 0 1 0 0 0 0 0 1 0 0 0 0 0 1 0 0 0.0
105 20 4309 0 1 0 0 0 0 0 1 0 0 0 0 0 1 0 0 1 0 0 0 0.0
106 20 3947 0 0 0 0 0 0 0 0 0 0 1 0 0 0 0 1 0 0 1 0 0.0
107 20 2846 0 0 1 1 0 0 0 0 0 0 0 1 0 0 0 0 0 0 0 0 0.0
108 20 4681 0 0 0 0 0 1 1 1 0 0 0 0 0 0 1 0 0 0 0 0 0.0
109 20 3671 0 1 0 0 1 0 0 0 0 0 0 0 0 1 0 0 0 0 0 0 0.0
110 20 4503 0 0 0 0 1 0 0 1 1 0 0 0 1 0 0 0 0 0 0 0 0.0
111 20 3593 0 0 0 0 0 0 0 0 0 0 0 0 0 0 0 0 0 1 1 1 0.0
112 20 4396 0 0 1 0 1 0 0 0 0 0 0 0 0 0 0 0 0 1 1 0 0.0
113 20 4297 0 0 1 1 0 0 0 0 0 1 0 0 0 0 0 1 0 0 0 0 0.0
114 20 4965 0 0 0 0 1 0 0 1 0 1 0 0 0 1 0 0 0 0 0 0 0.0
115 20 4140 1 0 1 0 0 0 0 0 0 0 1 0 0 0 0 0 0 0 0 0 0.0
116 20 3924 1 0 0 0 0 0 0 0 0 0 0 0 1 0 0 0 1 0 0 0 0.0
117 20 2671 0 0 0 0 0 0 0 0 0 0 0 0 0 0 0 1 0 0 1 0 0.0
118 20 4578 0 0 1 1 0 1 0 0 0 0 0 0 0 0 0 0 1 0 0 0 0.0
119 20 4002 0 0 1 0 1 0 0 0 0 0 0 0 0 0 0 1 0 0 0 0 0.0
120 20 4861 1 0 0 0 0 0 0 0 0 0 1 0 0 0 0 0 0 1 1 0 0.0
121 20 4270 0 0 0 0 0 0 0 1 0 0 1 0 0 0 1 0 0 0 0 0 0.0
122 20 2661 0 1 0 0 0 1 0 0 0 0 0 1 0 0 0 0 0 0 0 0 0.0
123 20 3106 0 0 0 0 1 0 0 1 0 0 0 0 0 0 0 0 0 1 0 0 0.0
124 20 3293 1 0 1 0 0 0 0 0 0 0 0 0 1 0 0 0 0 0 0 0 0.0
125 20 4450 0 0 0 0 1 0 0 0 0 1 1 0 1 0 0 0 0 0 0 0 0.0
126 20 3917 0 0 0 0 0 1 0 0 0 0 0 1 0 0 0 0 1 0 0 0 0.0
127 20 4015 0 1 0 0 0 0 0 0 0 0 0 0 0 0 0 1 0 0 1 0 0.0
128 20 4556 1 0 0 1 1 1 0 0 0 0 0 0 0 0 0 0 0 0 1 0 0.0
129 20 2796 0 0 0 0 0 0 0 0 0 0 0 0 1 0 0 0 0 1 0 0 0.0
130 20 3236 0 0 0 0 0 0 0 0 0 0 0 0 0 1 0 0 1 0 1 0 0.0
131 20 2435 0 0 0 0 0 1 0 0 0 1 0 0 0 0 0 0 0 0 0 0 0.0
132 20 4220 0 1 1 0 0 0 0 0 1 0 0 0 0 0 1 0 0 0 0 0 0.0
133 20 4625 0 1 0 0 1 0 1 0 0 0 0 0 0 0 0 0 0 0 0 1 0.0
134 20 5042 0 0 0 0 0 0 1 0 1 0 1 0 0 1 0 0 0 0 0 0 0.0
135 20 3547 0 0 0 0 0 0 0 0 1 0 1 0 0 0 0 0 0 0 0 1 0.0
136 20 3356 0 0 0 0 0 0 1 0 0 0 0 0 1 0 0 1 0 0 0 0 0.0
137 20 4611 0 0 0 1 0 1 0 1 1 0 0 0 0 0 0 0 0 0 1 0 0.0
138 20 3375 0 1 0 0 0 0 0 0 0 0 0 0 1 0 0 0 0 1 0 0 0.0
139 20 5325 0 1 0 0 0 0 1 1 0 0 0 0 0 0 0 0 1 0 0 0 0.0
140 20 3623 0 0 0 1 0 1 0 0 0 0 0 0 0 1 0 1 0 0 0 0 0.0
141 20 3755 0 0 0 0 0 0 0 0 0 1 0 0 0 1 0 0 0 1 0 0 0.0
142 20 4498 1 0 0 0 0 0 0 1 0 0 0 0 1 0 0 0 0 0 0 1 0.0
143 20 3278 0 0 1 0 1 0 0 0 0 0 0 1 0 0 0 0 0 0 0 0 0.0
144 20 3407 0 0 0 0 0 0 0 0 1 0 1 0 0 0 1 0 1 0 0 0 0.0
145 20 3938 0 0 1 0 0 0 1 0 0 0 0 0 0 0 0 0 0 0 1 0 0.0
146 20 3247 0 0 0 0 0 0 0 0 0 1 0 0 1 0 0 0 0 0 0 1 0.0
147 20 3036 0 0 0 1 0 0 1 0 0 0 0 0 1 0 0 0 0 0 0 0 0.0
148 20 4121 0 1 0 1 1 0 0 0 0 0 0 0 0 0 0 0 0 0 0 0 0.0
149 20 4212 0 1 1 0 0 0 0 0 1 0 0 0 1 1 0 0 0 0 0 0 0.0
150 20 4408 0 1 0 0 0 0 1 0 0 0 0 0 0 0 0 0 1 1 0 0 0.0
151 20 4600 0 0 0 0 0 0 0 0 0 0 0 1 0 0 0 0 1 1 1 0 0.0
152 20 4588 0 0 0 1 0 0 0 0 1 0 1 1 0 0 0 0 0 0 0 0 0.0
153 20 5049 0 1 1 0 0 0 0 0 1 0 0 0 0 0 0 0 0 0 1 0 0.0
154 20 4981 1 0 0 0 0 0 0 0 1 0 0 1 1 0 0 0 0 0 0 0 0.0
155 20 3822 0 0 0 0 0 0 1 0 0 0 1 0 0 0 0 0 0 0 1 0 0.0
156 20 4638 0 0 0 0 0 0 0 0 1 0 0 0 0 1 1 0 1 0 0 0 0.0
157 20 4316 0 0 1 0 0 0 0 0 0 0 0 0 1 0 0 0 1 0 0 0 0.0
158 20 3984 0 0 0 0 0 0 0 0 0 0 0 0 1 0 1 0 0 1 0 0 0.0
159 20 4495 0 0 0 0 0 1 0 0 0 0 0 0 1 1 0 0 0 0 1 0 0.0
160 20 4006 0 0 0 0 0 0 0 1 1 0 0 0 0 0 0 0 0 1 1 0 0.0
161 20 3411 1 1 0 0 0 0 0 0 0 0 1 0 0 0 0 0 0 0 0 0 0.0
162 20 2850 1 0 0 1 0 0 0 0 1 0 0 0 0 0 0 0 0 0 0 0 0.0
163 20 4104 0 0 0 1 0 0 0 0 0 0 0 1 0 0 0 1 0 0 1 0 0.0
164 20 3447 0 0 1 0 0 0 0 0 0 0 0 0 0 0 1 0 0 0 1 0 0.0
165 20 2821 1 0 0 0 1 0 0 0 0 0 0 0 1 0 0 0 0 0 0 0 0.0
166 20 5095 0 0 0 1 0 0 0 1 0 0 0 0 0 0 0 0 1 0 0 1 0.0
167 20 4248 0 1 1 0 0 0 0 0 0 0 0 0 0 0 0 1 0 1 0 0 0.0
168 20 3584 0 0 1 0 0 0 0 0 0 1 1 0 0 0 0 0 0 0 0 0 0.0
169 20 3899 0 0 1 1 0 0 0 0 0 0 1 0 0 0 0 0 0 1 0 0 0.0
170 20 4315 0 0 0 0 0 0 0 0 0 0 0 0 0 0 1 0 1 1 0 0 0.0
171 20 3990 1 1 0 0 0 0 0 0 0 0 0 1 0 1 0 0 0 0 0 0 0.0
172 20 3950 0 0 0 0 0 0 0 0 0 1 1 0 0 0 1 0 0 0 0 0 0.0
173 20 3737 0 0 0 0 0 0 1 0 0 1 0 0 0 0 0 0 1 0 0 0 0.0
174 20 3917 0 0 0 0 0 0 0 1 0 0 0 0 1 1 0 0 0 0 0 0 0.0
175 20 3103 0 0 0 0 0 1 0 0 0 1 0 1 0 0 0 0 0 0 0 0 0.0
176 20 4475 1 0 0 0 0 0 1 0 0 0 0 0 0 0 0 0 0 1 1 0 0.0
177 20 5368 0 0 1 0 0 0 0 1 0 0 1 0 1 0 0 0 0 0 0 0 0.0
178 20 4621 0 0 0 0 0 0 0 0 0 1 0 0 0 0 0 0 1 1 0 1 0.0
179 20 3355 0 1 0 1 0 0 0 0 0 0 0 0 0 0 0 0 0 0 0 1 0.0
180 20 4308 0 0 0 0 1 0 0 1 0 0 0 1 0 0 0 1 0 0 0 0 0.0
181 20 5120 0 0 1 0 0 0 1 0 0 0 0 1 1 0 0 0 0 0 0 0 0.0
182 20 3536 0 1 0 0 0 1 0 1 0 0 0 0 0 0 0 0 0 0 0 0 0.0
183 20 4028 0 0 0 0 0 0 0 0 0 0 1 0 1 0 0 1 1 0 0 0 0.0
184 20 4204 0 0 1 0 1 0 0 0 0 0 0 1 0 0 0 0 0 0 0 0 0.0
185 20 4030 0 0 0 0 0 0 0 0 0 0 0 0 0 0 0 1 1 0 0 1 0.0
186 20 4871 0 0 1 0 0 0 0 0 0 0 1 1 0 0 0 0 0 0 0 1 0.0
187 20 4394 1 0 0 0 0 0 0 0 0 0 1 0 0 0 1 0 0 0 1 0 0.0
188 20 3112 0 0 0 0 0 1 1 0 0 1 0 0 0 1 0 0 0 0 0 0 0.0
189 20 5683 0 0 0 1 0 0 0 0 0 0 0 0 0 0 0 0 1 1 1 0 0.0
190 20 4743 0 0 0 0 0 0 0 1 0 0 0 0 0 1 1 0 0 0 1 0 0.0
191 20 2981 1 0 0 0 0 0 0 0 0 1 0 0 1 0 0 0 0 1 0 0 0.0
192 20 3407 1 0 0 0 0 0 0 0 0 0 0 0 1 0 0 0 0 1 0 0 0.0
193 20 3607 0 1 0 0 1 0 0 0 0 0 0 0 0 0 0 1 0 0 0 0 0.0
194 20 2957 0 0 1 0 1 0 0 0 0 1 0 0 0 0 0 0 0 0 0 0 0.0
195 20 3125 0 1 0 0 0 0 0 0 0 0 0 0 1 0 0 0 0 1 0 1 0.0
196 20 3297 0 0 0 0 0 0 0 1 0 0 0 0 0 0 0 1 1 0 0 0 0.0
197 20 3911 0 0 0 0 0 1 0 0 0 0 0 0 1 1 0 0 0 0 0 0 0.0
198 20 5296 0 0 0 0 0 1 0 0 0 1 0 0 1 0 0 1 0 0 0 0 0.0
199 20 4634 0 0 0 0 0 1 0 0 1 0 0 1 1 0 0 0 0 0 0 0 0.0
200 20 3373 0 0 0 0 0 0 0 0 1 0 0 0 0 1 0 1 0 0 0 0 0.0
201 20 2745 0 0 0 0 0 0 0 0 0 0 0 0 0 1 1 0 0 1 0 0 0.0
202 20 4176 0 0 0 0 0 0 0 0 0 0 1 1 0 0 0 0 0 0 0 1 0.0
203 20 4259 0 0 0 0 0 0 0 1 0 1 0 0 0 0 0 1 0 0 1 0 0.0
204 20 4972 0 0 1 0 0 0 0 0 0 0 0 1 0 1 0 0 0 0 0 1 0.0
205 20 3513 0 0 0 0 0 1 0 1 0 0 0 0 1 0 0 0 0 1 0 0 0.0
206 20 2283 0 0 0 0 1 0 0 0 0 0 0 0 0 1 0 0 0 0 0 0 0.0
207 20 3931 0 0 0 0 1 0 1 0 0 0 0 0 0 0 0 0 0 0 0 1 0.0
208 20 4310 0 1 0 0 0 0 0 0 0 0 1 0 0 0 0 0 0 1 0 0 0.0
209 20 5017 0 0 0 0 0 1 0 1 0 0 0 0 0 0 0 0 0 1 1 0 0.0
210 20 3858 0 0 0 0 1 0 1 0 0 0 1 0 0 0 0 0 0 0 1 0 0.0
211 20 4546 1 0 1 0 0 0 0 0 0 0 1 0 0 0 0 0 0 0 0 1 0.0
212 20 4842 0 1 0 0 1 0 0 0 0 0 0 0 0 0 0 0 1 0 0 1 0.0
213 20 3638 0 0 0 0 0 1 0 0 1 0 1 0 0 0 0 0 0 0 0 0 0.0
214 20 4197 0 0 0 0 0 0 1 0 0 0 0 1 0 0 0 0 1 0 0 0 0.0
215 20 4047 0 0 0 1 0 0 0 0 0 0 0 0 1 0 1 0 0 0 0 0 0.0
216 20 4914 0 1 1 0 0 0 0 0 0 0 0 1 0 0 0 0 0 0 1 0 0.0
217 20 4419 0 0 0 0 1 1 0 0 0 0 0 0 1 0 0 0 0 0 0 0 0.0
218 20 4095 0 1 0 0 0 0 0 0 0 1 0 0 0 0 0 0 0 1 0 0 0.0
219 20 4429 0 0 1 0 0 0 0 0 0 1 0 0 0 0 0 0 1 0 1 0 0.0
220 20 3465 0 0 0 0 0 0 0 0 0 1 0 0 0 0 0 1 0 0 0 1 0.0
221 20 4056 0 1 0 0 0 0 0 0 1 0 0 0 1 0 1 0 0 0 0 0 0.0
222 20 4262 0 0 0 0 0 0 0 0 0 0 1 1 0 0 1 0 0 0 0 1 0.0
223 20 3647 0 1 0 0 0 1 0 0 0 0 0 0 0 0 0 0 0 1 0 0 0.0
224 20 3970 0 0 0 0 0 1 0 1 0 0 1 0 0 0 0 0 0 0 1 0 0.0
225 20 3633 0 0 1 0 0 0 1 0 0 0 0 0 1 0 0 0 0 0 0 0 0.0
226 20 2911 0 1 0 0 0 0 1 0 0 0 0 0 0 0 0 0 1 0 0 0 0.0
227 20 3449 0 0 0 0 0 0 0 0 0 0 0 0 0 1 0 0 0 1 0 1 0.0
228 20 4736 0 0 0 0 1 0 0 0 0 0 1 1 0 1 0 0 0 0 0 0 0.0
229 20 3679 0 0 1 0 0 0 0 1 0 0 0 0 0 0 0 0 0 0 0 1 0.0
230 20 5184 0 0 1 0 0 0 0 0 1 0 1 0 0 1 0 0 0 0 0 0 0.0
231 20 3788 0 1 1 0 0 0 0 0 0 0 0 1 1 0 0 0 0 0 0 0 0.0
232 20 3844 0 0 1 0 0 0 0 0 0 1 0 0 1 0 0 0 0 0 1 0 0.0
233 20 4787 0 0 0 0 0 0 0 0 0 0 0 0 1 0 1 0 1 0 0 1 0.0
234 20 5186 0 1 0 0 0 0 0 0 0 0 0 1 0 1 1 0 0 0 0 0 0.0
235 20 3132 0 0 0 0 1 0 1 0 0 0 0 0 0 0 0 0 1 0 0 0 0.0
236 20 4150 0 0 0 0 0 1 0 0 0 0 0 0 1 0 1 0 0 0 0 0 0.0
237 20 3781 1 0 1 0 0 0 0 0 0 0 0 0 0 1 0 0 0 0 0 0 0.0
238 20 2950 0 0 0 1 1 0 0 1 0 0 0 0 0 0 0 0 0 0 0 0 0.0
239 20 4557 1 0 1 1 0 0 0 0 0 0 0 0 1 0 0 0 0 0 0 0 0.0
240 20 4829 0 0 1 0 0 0 0 1 0 0 0 0 1 0 0 0 0 1 0 0 0.0
241 20 3702 0 0 0 0 1 1 0 0 0 0 0 0 1 0 0 0 0 0 0 0 0.0
242 20 4132 1 0 0 0 0 0 0 0 0 0 0 0 1 0 0 0 0 0 1 0 0.0
243 20 4307 0 0 0 0 0 0 0 0 0 0 0 0 1 0 0 1 0 1 0 0 0.0
244 20 3563 0 0 0 0 0 0 0 0 1 0 0 0 0 0 1 0 1 0 1 0 0.0
245 20 3428 0 0 0 0 0 1 0 0 0 0 1 0 1 0 0 0 0 0 0 0 0.0
246 20 4294 0 0 0 0 1 0 0 0 0 0 0 1 0 0 0 0 0 1 0 0 0.0
247 20 5009 0 0 1 0 0 0 0 0 0 0 0 0 1 0 0 1 0 1 0 1 0.0
248 20 4052 0 0 0 0 0 1 0 0 0 0 0 1 1 0 0 0 0 0 0 0 0.0
249 20 3343 0 0 0 0 0 0 1 0 0 0 0 1 1 0 0 0 0 0 0 0 0.0
250 20 4134 1 0 0 1 0 0 0 0 0 0 0 0 0 0 1 1 0 0 0 0 0.0
251 20 4036 0 0 0 0 0 0 0 1 0 0 0 0 0 0 1 0 0 0 1 1 0.0
252 20 2924 0 0 0 0 1 0 0 0 1 0 1 0 0 0 0 0 0 0 0 0 0.0
253 20 3750 0 1 0 1 0 0 0 0 0 0 0 0 0 0 0 0 1 0 0 0 0.0
254 20 4523 0 0 1 0 1 0 0 0 0 0 0 0 0 0 1 0 0 0 1 0 0.0
255 20 3886 1 0 0 1 0 0 0 1 0 0 0 0 0 0 1 0 0 0 0 0 0.0
256 20 4967 1 0 0 0 0 0 1 0 0 0 0 1 0 0 0 0 1 1 0 0 0.0
257 20 5406 0 0 1 1 0 0 0 1 0 0 0 0 0 0 0 0 0 0 0 1 0.0
258 20 3123 0 0 0 0 0 0 0 1 0 1 0 1 0 0 1 0 0 0 0 0 0.0
259 20 3972 0 0 0 1 0 0 0 0 1 0 0 0 0 0 0 0 0 1 0 0 0.0
260 20 2941 0 0 0 0 0 0 0 1 1 0 0 0 0 0 0 1 0 0 0 0 0.0
261 20 3921 0 0 0 0 0 0 1 0 0 1 0 0 0 0 1 0 1 0 0 0 0.0
262 20 3743 0 0 0 0 0 0 0 1 0 1 0 0 0 0 0 1 1 0 0 0 0.0
263 20 4728 1 0 0 0 0 0 0 0 0 0 0 1 0 0 0 0 1 1 0 0 0.0
264 20 5355 0 0 0 0 0 0 1 1 0 0 0 0 0 1 0 1 0 0 0 0 0.0
265 20 3074 0 0 0 0 0 0 1 0 1 0 0 0 1 0 0 0 0 0 0 0 0.0
266 20 4385 0 0 0 0 0 0 0 0 1 0 0 0 0 0 1 0 1 0 0 0 0.0
267 20 4331 0 0 0 0 0 0 0 1 0 0 1 0 0 0 0 0 1 0 0 0 0.0
268 20 3937 0 0 0 0 0 0 0 0 1 0 0 0 0 0 1 0 1 0 0 0 0.0
269 20 3844 0 0 0 1 0 0 0 1 0 1 0 0 0 0 0 0 0 0 0 0 0.0
270 20 4081 0 1 0 0 0 0 0 1 0 0 0 0 0 0 0 0 1 0 0 0 0.0
271 20 3807 0 0 0 0 0 1 0 0 0 0 1 0 0 0 0 0 0 1 1 0 0.0
272 20 5096 1 0 0 0 0 0 1 0 0 1 0 0 0 0 0 0 0 0 1 0 0.0
273 20 4176 0 0 0 0 0 0 0 0 0 0 0 0 0 0 0 1 1 0 1 0 0.0
274 20 3411 0 0 0 0 0 0 1 0 0 0 0 1 0 0 1 0 0 0 0 0 0.0
275 20 3452 0 0 0 0 0 0 1 1 0 0 0 0 0 0 0 0 0 0 1 0 0.0
276 20 3610 1 0 0 1 0 1 0 0 0 0 0 0 0 0 0 0 0 0 0 0 0.0
277 20 3761 0 0 0 0 0 0 1 0 0 0 0 1 0 0 0 0 0 0 1 0 0.0
278 20 4710 0 0 0 0 1 0 1 1 0 1 0 0 0 0 0 0 0 0 0 0 0.0
279 20 3413 0 0 1 0 0 0 0 0 0 0 1 0 0 0 0 0 0 0 1 0 0.0
280 20 3775 1 0 0 0 0 0 0 0 0 0 0 0 0 0 0 1 0 1 0 0 0.0
281 20 4092 0 0 0 0 0 0 1 0 0 0 1 0 0 0 0 0 1 0 0 0 0.0
282 20 5281 0 1 0 0 0 1 0 0 0 0 1 0 0 1 0 0 0 0 0 0 0.0
283 20 4923 0 0 0 0 0 1 1 0 0 0 0 0 1 0 0 0 0 0 0 1 0.0
284 20 4633 0 0 0 0 0 0 0 1 0 0 0 1 0 0 0 0 1 0 0 1 0.0
285 20 3579 1 0 0 1 0 0 0 0 0 0 0 0 0 0 0 0 0 1 0 0 0.0
286 20 4069 0 0 0 0 0 0 1 0 0 0 0 0 0 1 1 1 0 0 0 0 0.0
287 20 3817 0 0 0 0 0 0 0 1 0 0 0 1 0 0 0 0 1 0 0 0 0.0
288 20 4274 0 0 0 1 0 0 0 0 0 0 0 1 1 0 0 0 0 1 0 0 0.0
289 20 5240 0 0 0 1 0 0 0 0 0 0 0 0 0 0 0 1 1 1 0 0 0.0
290 20 3489 0 0 0 0 0 0 0 0 0 1 1 0 0 0 1 0 0 0 0 0 0.0
291 20 2497 0 0 0 0 0 0 0 0 1 0 1 0 0 0 0 0 0 0 1 0 0.0
292 20 4225 0 0 0 1 1 0 0 1 0 0 0 0 0 0 0 0 0 0 0 0 0.0
293 20 4656 1 0 0 0 0 0 0 0 0 0 1 0 0 1 1 0 0 0 0 0 0.0
294 20 3694 0 1 0 0 0 0 0 0 0 1 0 0 1 0 0 0 0 0 0 1 0.0
295 20 3889 0 0 0 0 0 1 1 0 0 0 0 0 0 1 0 0 0 0 0 0 0.0
296 20 4716 0 0 0 0 0 0 1 0 0 0 0 0 1 1 0 1 0 0 0 0 0.0
297 20 5047 1 0 0 1 0 0 0 0 0 0 0 0 0 0 1 0 1 0 0 0 0.0
298 20 4527 1 0 0 1 0 0 0 0 0 1 0 0 1 0 0 0 0 0 0 0 0.0
299 20 4075 1 0 0 0 0 0 0 0 0 1 0 0 0 0 0 1 0 0 0 0 0.0
300 20 4238 1 1 0 0 0 0 0 1 0 1 0 0 0 0 0 1 0 0 0 0 0.0
301 20 3011 0 0 0 1 0 0 0 1 0 0 0 0 1 0 0 0 0 0 0 0 0.0
302 20 2930 0 0 0 0 0 0 0 0 0 1 0 0 0 0 1 0 0 0 1 0 0.0
303 20 3435 0 0 0 1 0 1 0 0 0 0 0 0 1 0 0 0 0 0 0 0 0.0
304 20 4134 0 1 0 1 0 0 0 0 0 0 0 0 0 0 0 0 0 1 0 1 0.0
305 20 4942 0 0 0 0 0 0 1 0 0 0 0 0 0 1 0 0 0 1 0 1 0.0
306 20 4491 0 0 1 0 1 0 0 0 0 0 1 0 0 0 0 0 0 0 1 0 0.0
307 20 4004 1 0 0 0 0 0 1 0 0 0 0 1 0 1 0 0 0 0 0 0 0.0
308 20 2697 1 0 0 0 0 0 0 0 0 0 0 1 0 0 0 0 0 0 0 0 0.0
309 20 4097 0 0 1 0 0 0 0 1 0 0 0 0 0 0 1 0 0 0 0 1 0.0
310 20 3995 0 1 0 0 0 1 0 0 0 0 0 0 0 0 0 0 1 0 0 0 0.0
311 20 3633 0 0 0 0 0 0 0 0 0 0 0 0 0 0 1 0 0 1 0 1 0.0
312 20 4766 0 1 0 0 0 1 0 0 0 1 0 0 0 0 0 0 0 0 1 0 0.0
313 20 4164 0 1 0 0 0 0 0 0 1 0 0 0 1 0 0 0 0 0 0 0 0.0
314 20 5222 0 0 0 0 0 1 0 0 0 1 0 1 0 0 0 0 0 0 0 1 0.0
315 20 4113 0 0 1 1 0 0 0 0 0 1 0 0 0 0 0 0 0 0 0 0 0.0
316 20 3955 0 1 0 0 0 1 0 0 0 0 0 0 0 0 0 0 0 1 1 0 0.0
317 20 4931 0 0 0 1 0 1 1 0 0 0 0 0 0 0 0 0 0 0 0 1 0.0
318 20 5427 0 0 0 0 0 0 0 0 0 0 0 0 1 1 0 0 1 1 0 0 0.0
319 20 3433 0 1 0 1 0 0 0 0 0 0 0 0 0 1 0 0 0 0 0 0 0.0
320 20 2715 0 0 0 0 0 0 0 0 0 0 0 1 0 0 0 0 0 0 1 0 0.0
321 20 4110 0 0 0 0 0 0 1 0 0 0 0 0 0 1 1 0 1 0 0 0 0.0
322 20 4322 0 1 0 0 1 0 0 0 1 0 0 0 0 0 0 0 0 1 0 0 0.0
323 20 4157 0 1 0 0 0 0 0 0 0 0 0 0 1 0 0 0 0 0 0 1 0.0
324 20 5241 0 1 0 0 0 0 0 0 0 0 1 0 0 1 0 0 0 1 0 0 0.0
325 20 4074 0 0 0 0 0 0 0 0 0 0 0 1 0 0 0 1 0 1 1 0 0.0
326 20 3679 0 1 0 0 0 0 0 0 0 0 0 0 0 1 0 0 0 0 0 1 0.0
327 20 2553 0 0 1 0 1 0 0 0 1 0 0 0 0 0 0 0 0 0 0 0 0.0
328 20 5413 0 0 0 1 0 0 0 0 0 1 0 0 0 1 1 0 0 0 0 0 0.0
329 20 2816 0 0 0 0 0 0 1 0 0 1 0 0 0 0 0 0 0 0 0 0 0.0
330 20 4236 0 0 0 1 0 0 0 0 0 0 0 1 0 0 0 0 0 1 0 0 0.0
331 20 4954 1 0 0 0 0 0 0 0 0 0 0 0 0 0 1 1 1 0 0 0 0.0
332 20 3430 0 0 0 1 0 0 0 0 0 1 0 0 0 1 0 0 0 0 0 0 0.0
333 20 4325 0 0 0 0 0 0 0 0 0 0 0 0 0 0 0 0 1 0 1 1 0.0
334 20 5044 0 1 0 0 0 0 0 0 0 0 1 0 0 0 0 1 1 0 0 0 0.0
335 20 2959 1 0 0 1 0 0 0 0 0 0 0 0 0 0 0 0 1 1 0 0 0.0
336 20 4576 0 0 1 1 0 0 0 0 0 0 0 0 0 0 0 1 0 0 1 0 0.0
337 20 3482 0 0 1 0 1 0 0 0 0 0 0 0 0 0 1 0 0 0 0 0 0.0
338 20 3531 0 0 0 0 0 0 0 0 1 0 0 0 1 0 0 0 0 0 1 0 0.0
339 20 4376 1 0 0 0 0 0 0 0 0 0 1 0 0 0 0 0 1 0 0 0 0.0
340 20 4295 0 0 0 0 0 0 0 0 0 0 0 1 0 0 0 0 0 0 1 1 0.0
341 20 4041 0 0 0 0 0 0 1 0 0 1 0 1 0 1 0 0 0 0 0 0 0.0
342 20 4649 0 0 0 0 0 1 0 0 0 0 1 0 1 0 0 1 0 0 0 0 0.0
343 20 3833 1 0 0 0 0 0 0 0 0 0 1 0 1 0 0 0 0 0 0 0 0.0
344 20 6276 0 0 0 0 1 0 1 0 0 0 1 0 0 0 1 0 1 0 0 0 0.0
345 20 5246 1 0 0 0 0 0 1 1 1 0 0 0 0 0 0 0 0 0 0 0 0.0
346 20 3917 0 0 0 0 0 0 0 0 0 0 1 0 0 0 0 0 0 1 0 1 0.0
347 20 2679 0 0 0 0 0 0 0 0 1 1 0 0 0 0 0 0 0 0 0 0 0.0
348 20 3074 0 0 0 0 0 0 0 0 0 0 1 0 0 0 1 0 1 0 0 0 0.0
349 20 3966 0 0 1 0 0 0 0 1 0 0 1 0 0 0 0 0 1 0 0 0 0.0
350 20 3853 0 0 0 0 0 1 0 1 0 0 0 0 0 0 0 1 0 0 0 0 0.0
351 20 4644 0 0 0 0 0 1 0 0 0 1 0 0 1 1 0 0 0 0 0 0 0.0
352 20 3113 0 0 0 0 1 0 0 0 0 0 0 0 0 0 1 1 0 0 0 0 0.0
353 20 3990 0 0 0 0 0 0 0 0 0 0 1 0 0 0 0 1 0 1 0 0 0.0
354 20 3789 0 1 0 0 0 0 0 0 0 0 0 0 1 1 0 0 0 0 0 0 0.0
355 20 3348 0 0 0 0 0 0 0 0 0 0 1 1 0 0 0 0 0 0 0 1 0.0
356 20 4234 0 0 0 1 0 0 0 0 0 0 1 1 0 0 1 0 0 0 0 0 0.0
357 20 3600 0 0 0 1 0 0 0 0 0 0 1 1 0 0 0 0 0 0 0 1 0.0
358 20 4299 0 0 0 0 0 0 0 1 1 0 0 0 0 0 0 0 0 1 0 1 0.0
359 20 3293 0 1 0 0 0 0 1 0 0 0 0 0 0 0 0 0 0 1 0 0 0.0
360 20 4769 0 0 0 0 0 1 0 0 1 0 0 0 0 1 0 1 0 0 0 0 0.0
361 20 4297 0 1 0 0 1 0 0 0 0 0 0 1 0 0 0 0 0 0 0 1 0.0
362 20 4107 0 1 0 0 1 0 0 0 1 0 0 0 0 0 0 0 0 0 0 0 0.0
363 20 3573 0 1 0 1 0 1 0 0 0 0 0 0 0 0 1 0 0 0 0 0 0.0
364 20 3276 0 0 1 0 1 0 0 0 0 0 0 0 0 0 0 1 0 0 0 0 0.0
365 20 4766 0 1 1 1 0 0 0 0 0 0 0 0 0 0 0 0 1 0 0 1 0.0
366 20 3862 0 0 0 0 0 1 0 0 0 0 1 1 0 0 0 0 0 0 0 0 0.0
367 20 4942 1 1 0 0 0 0 1 0 0 0 0 0 0 0 0 0 0 0 0 1 0.0
368 20 2837 0 0 0 0 1 0 0 0 0 0 1 0 1 0 0 0 0 0 0 0 0.0
369 20 5665 0 1 1 0 0 0 0 0 0 0 0 0 1 0 1 0 0 0 0 0 0.0
370 20 4907 0 0 0 0 0 1 1 1 0 0 0 0 0 0 0 1 0 0 0 0 0.0
371 20 5240 0 0 0 0 1 0 0 0 0 0 1 0 0 1 0 0 0 0 0 1 0.0
372 20 4528 0 0 0 0 0 0 0 0 0 1 0 0 0 1 1 0 1 0 0 0 0.0
373 20 3918 1 0 0 0 0 0 0 1 0 0 0 0 0 0 0 0 1 0 0 0 0.0
374 20 3699 1 0 0 0 0 0 0 0 1 0 0 0 1 0 0 0 1 0 0 0 0.0
375 20 3803 0 0 0 0 0 0 1 1 0 0 0 0 0 0 0 0 1 0 0 0 0.0
376 20 3832 0 0 0 1 0 0 0 0 1 0 0 0 0 0 1 0 0 0 0 0 0.0
377 20 3695 1 0 0 0 0 0 0 0 0 0 0 1 1 0 0 0 0 1 0 0 0.0
378 20 4863 0 0 1 1 0 0 1 0 0 0 0 0 1 0 0 0 0 0 0 0 0.0
379 20 5448 0 1 0 1 0 0 0 0 0 1 0 0 0 0 0 0 0 0 0 1 0.0
380 20 4261 0 0 0 1 0 0 0 1 0 0 0 0 0 0 0 1 0 0 0 0 0.0
381 20 4399 1 1 0 0 0 0 0 0 0 1 0 0 0 0 0 0 0 0 1 0 0.0
382 20 3385 0 0 0 0 1 1 0 0 0 0 0 0 1 0 0 0 0 0 0 0 0.0
383 20 4884 0 0 1 0 0 0 0 0 0 0 0 0 1 0 1 0 0 1 0 0 0.0
384 20 4221 0 0 0 1 0 0 0 0 0 0 0 0 1 0 0 0 0 0 1 0 0.0
385 20 3927 0 0 1 0 0 0 0 0 0 0 1 0 0 0 0 1 0 0 1 0 0.0
386 20 4479 0 0 0 1 0 0 1 0 0 0 0 0 0 0 0 1 0 1 0 0 0.0
387 20 5147 0 1 0 0 0 0 1 0 1 0 0 0 0 0 0 0 0 0 1 0 0.0
388 20 2781 0 0 0 0 0 1 0 0 0 0 0 0 0 1 0 0 0 0 0 0 0.0
389 20 2801 1 1 0 0 0 0 0 0 0 0 0 0 0 0 0 0 0 0 0 0 0.0
390 20 4055 0 0 1 0 1 0 0 0 0 0 0 0 0 0 0 0 1 0 0 0 0.0
391 20 5200 1 0 0 1 0 0 0 0 0 1 0 0 0 0 0 0 0 1 0 0 0.0
392 20 4986 1 0 0 0 0 0 0 0 1 1 0 0 0 0 0 0 0 0 1 0 0.0
393 20 5176 0 0 0 0 0 0 0 1 0 0 1 0 0 0 0 0 1 0 0 1 0.0
394 20 6290 1 0 0 0 0 1 0 1 0 1 0 0 0 0 0 0 1 0 0 0 0.0
395 20 3700 1 0 0 1 0 0 0 0 0 0 0 0 1 0 0 0 0 0 0 0 0.0
396 20 4299 0 0 0 0 0 0 0 0 0 0 1 0 1 0 0 0 0 0 0 1 0.0
397 20 2713 0 0 0 1 0 0 0 0 0 0 0 0 0 0 0 0 1 0 0 0 0.0
398 20 3548 0 0 0 1 0 0 0 0 0 0 0 0 0 0 0 0 0 0 1 1 0.0
399 20 2891 0 0 0 0 0 0 0 0 0 0 0 1 0 0 0 1 0 0 1 0 0.0
400 20 4304 0 0 0 1 0 1 0 0 0 0 0 0 0 1 0 0 0 0 0 0 0.0
401 20 4257 1 0 0 0 1 0 1 0 0 0 0 1 0 0 0 0 0 0 0 0 0.0
402 20 5118 0 1 1 0 0 0 0 0 0 0 0 0 0 0 1 0 0 0 1 0 0.0
403 20 3617 0 0 0 0 0 0 0 0 1 0 1 0 0 0 0 1 0 0 0 0 0.0
404 20 3970 0 0 0 0 0 0 1 0 0 0 0 0 0 0 0 0 1 0 1 0 0.0
405 20 5139 0 0 1 0 0 0 0 1 0 1 0 0 0 0 1 0 0 0 0 0 0.0
406 20 5063 0 0 0 1 1 0 0 0 0 0 0 0 0 0 0 0 0 0 1 1 0.0
407 20 3425 1 1 0 0 0 0 0 0 0 0 0 0 1 0 0 0 0 0 0 0 0.0
408 20 4063 1 0 0 0 0 0 0 0 0 0 0 0 1 0 1 0 0 0 0 0 0.0
409 20 3998 0 0 0 0 1 1 0 0 0 0 0 0 0 0 0 0 1 1 0 0 0.0
410 20 4856 1 0 0 0 0 0 0 0 0 0 0 0 1 0 0 0 0 1 1 0 0.0
411 20 3432 0 0 0 0 0 0 0 0 0 0 1 1 0 0 0 0 0 0 1 0 0.0
412 20 3113 1 0 0 0 1 1 0 0 0 0 0 0 0 0 0 0 0 0 0 0 0.0
413 20 3906 1 0 0 0 0 1 0 0 1 0 0 0 0 0 0 0 0 0 0 0 0.0
414 20 5211 0 0 1 0 0 0 0 1 1 0 0 0 0 0 0 0 0 0 0 1 0.0
415 20 3725 0 0 1 0 0 0 0 0 0 0 0 0 0 0 1 0 0 1 0 1 0.0
416 20 4351 0 1 0 0 0 0 0 0 0 0 0 0 1 0 0 0 1 1 0 0 0.0
417 20 4322 0 0 1 0 0 0 0 0 0 0 0 0 0 0 1 0 0 1 0 0 0.0
418 20 3520 0 0 1 0 0 0 1 0 0 0 0 0 0 0 1 0 1 0 0 0 0.0
419 20 2823 0 0 1 0 0 0 1 0 0 0 0 0 0 0 0 0 0 1 0 0 0.0
420 20 4521 1 0 0 1 0 0 0 0 0 0 1 0 0 0 0 0 0 0 0 1 0.0
421 20 4274 0 0 0 0 0 0 0 1 0 0 1 0 0 1 0 0 0 0 1 0 0.0
422 20 5356 0 0 0 0 1 0 0 0 0 0 0 0 1 0 1 0 1 1 0 0 0.0
423 20 3473 0 0 0 0 0 0 0 1 0 0 0 0 1 0 0 0 0 1 0 0 0.0
424 20 3489 0 0 0 0 0 1 0 0 0 1 0 0 0 0 0 0 0 0 1 0 0.0
425 20 4055 0 0 0 1 0 0 0 1 0 0 0 0 0 0 0 0 0 0 1 1 0.0
426 20 4640 0 0 0 0 0 0 1 0 0 0 0 1 0 0 0 1 0 0 0 1 0.0
427 20 5227 0 0 0 0 0 0 1 1 1 0 0 0 0 0 0 1 0 0 1 0 0.0
428 20 4042 0 0 0 0 1 0 1 0 0 1 0 0 0 0 0 0 0 0 0 0 0.0
429 20 2648 0 0 0 0 0 0 0 1 1 0 1 0 0 0 0 0 0 0 0 0 0.0
430 20 5317 0 1 0 0 0 0 0 0 0 0 1 0 0 0 0 1 0 1 0 0 0.0
431 20 4717 0 1 0 0 0 0 0 0 0 1 0 1 0 1 0 0 0 0 0 0 0.0
432 20 3615 0 0 0 1 0 0 0 0 1 0 0 0 0 0 0 0 0 0 0 1 0.0
433 20 2405 0 1 0 0 0 0 0 0 0 0 1 0 0 0 0 0 0 0 0 0 0.0
434 20 3817 1 0 0 0 0 0 1 0 0 0 0 0 1 0 0 0 0 0 0 0 0.0
435 20 2855 0 0 0 0 0 0 0 1 0 0 0 0 0 0 0 0 0 0 1 0 0.0
436 20 3111 0 1 0 0 0 0 0 1 0 0 0 1 0 0 0 0 0 0 0 0 0.0
437 20 2990 0 0 0 0 0 1 0 0 0 0 1 0 0 0 1 0 0 0 0 0 0.0
438 20 3794 0 0 0 1 0 0 0 0 1 0 1 1 0 0 0 0 0 0 0 0 0.0
439 20 4466 0 0 0 0 0 0 0 0 1 0 1 0 1 0 1 0 0 0 0 0 0.0
440 20 3702 0 0 0 0 0 0 0 0 0 0 0 0 0 0 0 0 1 1 1 0 0.0
441 20 5165 0 0 1 1 0 1 0 0 0 0 0 0 0 0 0 0 1 0 0 0 0.0
442 20 3631 0 1 0 0 0 0 0 0 0 1 0 0 0 1 0 0 0 0 0 1 0.0
443 20 5179 1 0 1 0 0 1 0 0 0 0 0 1 0 0 0 0 0 0 0 0 0.0
444 20 4962 0 0 1 1 0 0 0 0 0 1 0 1 0 0 0 0 0 0 0 0 0.0
445 20 5240 0 1 1 0 0 0 0 0 0 0 0 0 1 0 0 0 0 0 1 0 0.0
446 20 5372 0 0 0 1 1 0 0 0 1 0 0 0 0 0 0 0 1 0 0 1 0.0
447 20 6323 0 0 1 0 1 0 0 0 0 0 1 0 0 0 0 0 1 1 0 0 0.0
448 20 4037 0 0 0 0 0 0 1 0 0 0 0 1 0 0 0 0 0 0 1 0 0.0
449 20 3839 1 1 0 0 0 0 0 0 0 0 1 0 0 0 1 0 0 0 0 0 0.0
450 20 3740 0 0 0 0 0 1 0 0 0 1 0 0 0 0 0 0 0 0 1 0 0.0
451 20 3717 0 0 0 0 0 0 0 0 0 0 0 0 0 1 0 1 0 0 0 1 0.0
452 20 5447 1 0 0 0 0 0 0 0 0 0 0 0 0 0 0 0 1 1 0 1 0.0
453 20 3670 1 0 0 0 0 0 1 0 0 0 0 0 0 0 0 0 1 1 0 0 0.0
454 20 3956 1 0 0 0 0 0 1 0 0 0 0 0 0 1 0 0 0 0 0 0 0.0
455 20 4884 1 0 0 0 0 0 0 1 1 0 1 0 0 0 0 0 1 0 0 0 0.0
456 20 3911 0 1 0 0 0 1 0 1 1 0 0 0 0 0 0 1 0 0 0 0 0.0
457 20 3131 0 1 0 1 0 0 0 0 0 0 0 0 0 0 1 0 0 0 0 0 0.0
458 20 3345 0 0 0 1 0 0 0 0 0 0 0 1 0 0 0 0 0 0 0 1 0.0
459 20 4061 0 0 1 0 1 0 0 0 1 0 0 0 0 0 0 0 0 0 0 0 0.0
460 20 4241 0 1 0 0 0 0 0 0 0 1 0 0 1 0 0 0 0 0 0 0 0.0
461 20 4180 0 0 0 0 1 0 1 0 0 0 1 0 0 0 0 0 0 0 0 1 0.0
462 20 3199 0 0 0 0 0 0 1 1 0 0 0 0 0 0 0 0 0 0 1 0 0.0
463 20 2860 0 0 0 0 0 0 0 0 0 1 0 0 0 0 0 1 0 0 0 0 0.0
464 20 3930 0 1 0 0 0 0 0 0 0 0 0 1 0 0 0 0 1 0 0 0 0.0
465 20 5451 1 1 0 0 1 0 0 1 0 0 0 0 0 0 0 0 0 0 1 0 0.0
466 20 4208 0 0 0 0 0 0 0 0 0 1 0 0 1 0 0 1 0 0 0 0 0.0
467 20 4907 0 0 0 0 0 0 0 0 0 0 0 1 0 0 0 0 0 1 1 1 0.0
468 20 4727 0 0 1 0 0 0 0 0 1 0 0 0 0 0 0 1 0 1 0 0 0.0
469 20 5009 0 0 0 0 0 1 0 0 0 0 0 0 1 0 1 0 0 1 0 0 0.0
470 20 4102 0 0 0 0 0 1 0 0 0 0 1 0 1 0 1 0 0 0 0 0 0.0
471 20 3680 0 0 0 0 0 0 0 0 0 0 1 0 1 1 0 0 0 0 0 0 0.0
472 20 3386 0 0 0 0 0 0 0 0 0 0 1 0 0 1 0 0 0 1 0 0 0.0
473 20 4609 0 0 0 1 0 0 0 0 1 0 0 0 0 0 0 1 1 0 0 0 0.0
474 20 4256 0 0 0 0 0 0 0 0 0 1 0 0 1 0 0 1 0 0 0 0 0.0
475 20 4899 0 0 0 0 1 0 0 1 1 0 0 1 0 0 0 0 0 0 0 0 0.0
476 20 3626 0 0 0 0 0 0 0 0 0 0 1 0 0 0 0 1 0 0 0 1 0.0
477 20 4759 1 0 1 0 1 0 0 0 0 0 0 1 0 0 0 0 0 0 0 0 0.0
478 20 3077 0 0 0 1 0 0 0 0 0 0 0 0 0 1 1 0 0 0 0 0 0.0
479 20 2910 1 0 0 0 0 0 0 0 1 0 0 0 0 0 0 0 1 0 0 0 0.0
480 20 4338 0 0 1 0 0 1 0 0 0 0 1 0 0 0 0 0 0 0 1 0 0.0
481 20 2764 0 1 0 0 0 0 1 0 0 0 0 0 0 0 0 0 0 0 0 0 0.0
482 20 4154 0 1 1 0 0 0 0 0 0 0 0 1 1 0 0 0 0 0 0 0 0.0
483 20 3928 0 0 0 0 1 0 0 0 1 1 0 0 0 0 0 0 1 0 0 0 0.0
484 20 4600 0 0 0 0 1 0 0 0 0 0 0 0 0 0 0 0 0 1 1 1 0.0
485 20 3609 0 1 0 0 0 0 1 0 0 0 0 0 0 1 0 0 0 0 0 0 0.0
486 20 3376 0 0 1 0 0 0 0 1 0 0 1 0 0 0 0 0 0 0 0 0 0.0
487 20 4350 0 0 0 0 1 0 0 0 0 0 0 0 0 0 1 0 1 0 0 1 0.0
488 20 4027 1 0 0 0 0 0 0 0 0 1 0 0 0 0 0 0 0 0 1 0 0.0
489 20 4727 1 0 0 0 0 0 0 0 0 1 0 1 0 0 1 0 0 0 0 0 0.0
490 20 4967 0 0 0 0 1 0 1 0 1 0 0 0 0 0 0 1 0 0 0 0 0.0
491 20 3149 0 1 0 0 0 1 0 1 0 0 0 0 0 0 0 0 0 0 0 0 0.0
492 20 4320 0 1 0 0 0 0 0 0 1 0 0 0 0 0 0 0 1 1 0 0 0.0
493 20 4137 0 0 0 0 0 0 0 1 0 1 0 0 0 0 0 0 0 0 0 1 0.0
494 20 4239 0 0 0 1 1 0 0 0 0 0 0 0 0 0 0 1 0 0 1 0 0.0
495 20 4954 0 0 1 0 0 1 0 0 0 0 1 1 0 0 0 0 1 0 0 0 0.0
496 20 4429 0 1 0 0 0 0 0 0 1 0 0 0 0 0 0 0 0 0 1 1 0.0
497 20 4815 0 0 0 0 0 1 0 0 0 0 1 0 0 0 0 0 0 1 0 1 0.0
498 20 5308 1 1 0 1 0 0 0 0 0 0 0 0 0 0 1 0 0 0 0 0 0.0
499 20 4759 0 0 1 1 0 0 0 1 1 0 0 0 0 0 0 0 0 0 0 0 0.0
500 20 2977 0 0 0 0 1 0 0 0 0 0 0 0 1 0 0 1 0 0 0 0 0.0
