1 22 69 58 1189 50 517 7 58 52 707 14 1175 12 1213 29 350 29 1732 7 1283 46 1157 21 1980 7 1984 17 1553 18 1817 23 20 6 900 64 247 54 960 103 1856 3 633 21 284 56 116
2 22 45 12 1320 12 239 9 1763 12 305 37 1917 61 1501 7 1508 21 149 27 460 29 1115 46 495 9 838 16 1796 2 473 10 1930 68 1638 10 1305 10 236 3 735 18 1470 21 334 11 737
3 22 43 2 761 10 1103 9 1673 7 728 44 1531 6 913 50 1696 45 1356 15 105 11 709 24 1005 4 1861 64 1952 10 844 3 1351 1 9 25 1566 7 336 10 1986 1 629 29 1085 62 918
4 22 51 4 1448 10 1836 26 720 16 737 79 1207 2 326 9 1951 13 310 19 1259 12 82 15 75 40 81 19 838 25 1105 83 1095 6 1599 6 1612 1 1922 68 737 20 1241 18 1682 19 47
5 22 60 1 1537 42 860 31 44 3 417 9 1679 82 689 4 1520 12 1402 37 117 6 148 13 1306 49 1419 15 947 22 211 70 1128 52 911 56 404 35 1946 5 773 5 224 38 1023 15 680
6 22 43 25 894 57 1687 19 274 2 1430 34 1502 3 1041 6 577 6 1559 8 1379 17 462 16 1980 28 1072 13 363 7 1721 20 55 36 755 43 275 2 1799 60 262 9 589 13 358 12 629
7 22 67 38 881 38 1699 31 1523 110 1436 7 100 78 1942 35 758 29 1274 8 1957 12 371 20 268 30 1192 29 1415 2 1256 22 1618 15 45 21 1877 83 797 14 1244 13 160 15 166 27 919
8 22 65 14 555 13 942 3 569 63 1999 5 821 9 1640 5 1858 61 1426 25 1874 52 923 49 1494 43 1603 48 1131 36 1923 10 883 22 1397 22 8 19 647 9 788 28 546 87 1462 31 1221
9 22 53 61 1226 26 644 18 1598 11 867 1 823 25 1532 4 150 9 507 16 379 8 501 1 1066 23 1005 19 460 73 1840 39 1805 27 731 26 1225 44 136 30 132 44 1115 15 103 11 729
10 22 58 48 419 46 1048 25 596 51 1364 34 1731 94 138 19 1284 43 1059 21 928 1 1676 21 1725 9 1012 5 1312 34 1573 27 1132 9 824 10 653 4 834 8 292 9 1064 55 91 16 292
11 22 60 48 1602 13 236 72 1930 58 609 16 1354 7 1234 44 403 23 1442 31 1219 12 127 24 1664 27 1204 25 1224 13 1410 13 1632 41 1683 73 1509 5 591 2 1201 33 840 11 321 13 237
12 22 67 7 1059 16 1812 3 113 11 725 45 642 88 1875 17 404 10 1259 50 1949 21 936 13 90 3 241 10 661 16 759 2 1055 160 227 1 1986 76 1065 40 288 65 1026 7 442 13 829
13 22 53 32 325 28 334 40 1405 66 1998 8 1452 18 1267 9 185 24 1195 35 1250 23 321 16 1129 17 1948 17 634 5 999 16 731 22 1226 18 1238 17 957 55 453 16 770 33 408 16 1310
14 22 58 10 1691 12 372 4 1665 58 1267 12 513 1 1110 17 1489 22 694 3 685 108 1790 51 28 19 354 18 981 8 976 15 745 11 830 31 1522 74 1953 32 811 10 1528 21 1776 46 25
15 22 50 61 931 43 758 7 271 24 844 5 1971 22 454 14 23 3 1430 25 1732 14 1423 1 301 18 1730 30 717 10 820 39 1034 31 1693 6 1837 11 464 55 730 34 338 46 891 1 679
16 22 60 13 1698 48 1675 5 458 19 824 11 495 42 901 19 1954 4 1595 1 557 17 1053 4 1679 31 398 110 197 33 1214 24 133 8 1217 5 190 9 1489 68 984 30 1644 44 555 60 1709
17 22 49 25 1648 47 678 21 1162 21 420 10 80 47 1723 13 1215 31 754 25 742 5 914 28 1715 12 141 2 457 11 726 5 1869 60 768 41 1524 22 835 4 1498 24 1258 31 983 5 1825
18 22 74 2 1868 5 1705 15 596 58 505 53 515 12 1232 13 1897 10 106 10 1655 30 231 42 1705 55 1831 10 879 7 426 19 209 139 344 15 1391 53 1349 64 83 32 127 6 131 95 485
19 22 68 33 1382 9 617 7 486 6 1326 4 1853 11 1321 37 432 13 1485 2 373 31 1680 116 824 26 952 111 1573 57 1925 58 1345 28 557 41 1033 63 272 4 844 3 1631 1 47 27 1545
20 22 81 29 1801 82 1247 5 1412 108 793 21 1541 2 1003 11 1427 6 56 8 1586 28 544 46 384 62 851 67 55 2 429 40 276 59 1962 78 1656 17 738 14 1996 37 638 72 1248 20 343
21 22 81 3 1607 28 204 24 1408 96 1225 2 1497 8 1054 55 1770 12 1580 71 1476 36 1064 61 148 72 1830 84 1859 4 1747 66 1660 21 1465 3 382 49 1878 19 981 62 1194 5 850 33 1253
22 22 69 2 751 38 1161 42 627 95 481 19 463 67 1728 9 1152 118 339 4 747 45 1127 8 992 16 1617 5 946 14 1695 7 572 109 1001 2 54 8 1243 13 1893 52 1597 7 667 18 1446
23 22 73 15 1155 69 619 6 481 40 162 40 1329 8 1931 9 1643 92 82 23 924 45 1145 70 1345 86 947 40 1726 11 37 6 1476 10 205 57 1134 5 875 25 816 15 441 53 1731 11 1237
24 22 39 7 652 30 47 11 443 7 1467 12 1636 3 798 22 521 7 815 52 117 22 619 6 474 12 438 1 1125 20 1137 5 1142 5 1771 62 1018 21 1166 6 1545 36 1227 44 49 5 1730
25 22 58 4 310 3 1326 23 936 2 1412 81 1959 25 417 34 474 37 226 35 1145 59 1578 2 1931 14 1335 29 142 21 1086 56 211 9 400 13 1064 9 500 12 332 56 472 9 1370 52 1609
26 22 69 30 687 8 515 1 227 54 1654 7 1910 62 166 23 824 10 595 72 963 121 1627 1 198 9 938 31 573 11 1823 137 1071 11 1803 19 394 11 7 33 1433 5 1623 22 216 12 429
27 22 34 11 1064 15 1283 3 1376 1 1962 9 1574 13 1653 3 448 67 1222 45 1190 33 1110 1 291 44 656 4 1028 14 1884 3 596 13 1224 17 504 1 1825 5 83 26 1116 2 1866 17 577
28 22 59 136 55 5 581 20 167 36 1994 34 1056 6 1220 51 1436 6 64 15 1843 17 482 15 1409 3 986 14 1171 23 1550 67 863 61 903 10 42 10 679 19 1237 8 1677 7 726 30 1269
29 22 65 6 69 12 1171 7 699 88 1511 28 1361 21 478 28 1882 62 1062 1 83 2 527 22 253 17 756 91 1082 32 1201 6 36 17 508 17 79 5 1334 54 1090 87 446 45 133 8 111
30 22 47 16 1252 55 1423 43 1080 41 1743 17 1839 13 862 47 225 1 353 4 779 12 581 2 1453 7 759 10 83 23 1675 28 294 2 1409 8 1389 71 903 23 326 8 684 39 1395 2 945
31 22 48 5 591 58 1690 10 1715 31 185 14 1600 3 729 20 1961 81 1019 26 1477 19 745 20 702 32 1914 52 1615 17 1577 3 946 12 1765 20 907 12 1573 31 190 11 1740 4 1372 6 1312
32 22 39 20 1397 18 1122 31 49 13 524 2 840 10 1559 33 718 1 1483 29 685 3 1053 3 606 2 1412 17 40 54 509 26 1992 4 380 13 1251 17 1529 9 1827 42 1165 42 1900 7 1584
33 22 49 4 1703 1 1567 14 883 26 1810 14 1234 14 1707 7 1836 1 465 139 1644 3 495 11 1426 8 656 20 321 8 906 35 1444 57 1237 13 1101 11 456 38 809 17 65 38 1875 14 425
34 22 40 12 689 26 260 7 370 101 1013 9 725 12 1039 20 1394 23 461 6 283 9 1911 39 1519 5 1854 31 1366 4 842 2 288 9 1554 21 876 8 273 3 1449 51 1422 8 905 3 1352
35 22 59 22 1294 2 548 67 803 5 1470 9 661 6 1140 8 533 45 704 3 1848 67 611 6 475 25 1027 68 1610 29 1726 9 1145 45 846 15 285 43 674 24 455 30 1662 51 1080 16 393
36 22 53 21 1821 16 771 68 448 25 71 30 1803 10 403 22 1963 11 827 5 217 7 273 6 1911 4 732 14 985 3 621 41 465 50 414 20 1151 40 969 28 1377 45 1737 44 87 20 451
37 22 61 130 534 28 1233 13 1750 27 500 32 989 8 1834 3 1603 12 953 1 1539 2 948 1 294 27 1352 20 324 47 530 32 1589 14 952 4 1084 14 839 33 313 22 1656 82 1862 67 950
38 22 48 30 1542 72 1547 10 1318 10 377 9 1257 17 373 12 1579 8 385 8 861 1 1927 3 957 48 729 32 874 61 415 26 1317 19 903 61 439 25 362 6 1623 7 1884 11 1322 8 891
39 22 49 3 98 3 1250 1 508 66 1525 11 230 8 1708 15 83 20 1150 6 1968 63 310 10 116 34 1721 31 1115 24 249 9 1032 18 1531 30 696 55 950 21 74 11 1594 12 815 46 1263
40 22 44 10 1902 44 969 1 1068 26 1184 5 180 16 1839 43 266 31 493 1 1555 5 1344 36 1540 28 538 2 973 11 1041 20 562 20 1249 19 974 78 1129 8 1912 13 730 24 1966 5 1139
41 22 50 1 1837 9 1677 80 371 7 270 25 175 70 9 18 1157 26 1420 7 775 23 1559 70 1078 11 908 30 550 9 476 19 1861 45 1959 5 898 6 207 3 1583 17 1834 10 1446 12 1179
42 22 76 22 1903 17 1759 61 420 33 168 25 199 46 1493 75 1832 15 551 31 476 20 1072 23 1499 2 870 46 1823 39 1382 10 1957 40 809 25 890 46 1765 9 1430 81 457 9 1461 85 1546
43 22 52 13 992 5 1078 31 1462 2 1520 73 1410 11 906 3 190 29 238 13 2 21 1794 22 657 14 459 63 546 20 1085 22 48 10 926 59 1523 31 640 35 705 16 1162 8 231 20 1338
44 22 62 91 637 13 660 2 1303 11 1686 62 1764 9 523 8 1601 12 1284 21 198 18 101 37 763 6 525 32 191 61 8 69 1406 30 1122 28 544 6 1304 40 1893 40 816 2 1727 26 1216
45 22 58 34 1318 6 1748 5 803 81 1996 5 813 19 464 5 299 1 1150 7 416 40 1344 9 1820 3 843 11 1471 7 1265 24 1997 47 1438 78 429 9 1896 8 204 26 263 120 1612 42 997
46 22 46 3 1666 1 676 72 738 48 1906 17 178 1 582 12 1466 2 164 50 1753 26 877 1 28 20 1360 20 956 15 1690 2 1660 53 1368 26 835 9 1150 16 696 34 1217 21 1467 15 1606
47 22 44 2 1194 12 466 90 824 7 369 6 1136 10 590 23 1555 20 1670 18 1204 14 65 9 1673 7 412 5 790 45 1101 12 1245 16 203 13 1071 25 330 25 1753 59 502 20 1595 2 857
48 22 58 5 1982 38 114 8 208 22 1337 27 575 4 1032 21 545 18 1247 69 324 3 112 7 864 7 1484 51 1245 41 1952 73 1964 15 1013 21 1296 11 832 1 1909 52 487 15 1625 74 1501
49 22 49 17 1874 45 1819 9 1459 3 806 18 583 70 781 48 1411 13 189 4 742 5 436 50 1119 31 693 7 1933 42 1710 22 1195 14 874 16 108 9 24 23 1104 41 1845 6 661 3 1105
50 22 65 47 1048 2 1027 13 697 23 754 28 762 22 1255 33 22 19 61 5 1110 14 185 74 1334 19 1246 5 610 5 1948 75 60 25 611 52 795 44 477 26 1594 2 1803 111 1524 8 543
51 22 84 7 1030 56 1387 24 1424 19 387 39 587 22 798 13 434 8 1925 17 1934 148 1339 34 1834 23 463 30 837 8 370 72 1312 35 1342 76 1864 78 1045 48 340 30 327 34 274 27 353
52 22 52 4 965 32 1160 69 1357 32 1217 26 313 2 1522 54 1491 17 1389 24 52 46 338 1 530 7 34 28 237 20 1785 35 1168 48 1716 29 282 5 1420 2 775 21 1462 22 1260 5 1518
53 22 65 28 418 26 636 58 1815 37 1196 40 28 1 1156 16 1698 58 1353 35 377 22 180 53 87 16 757 50 1374 16 1797 31 1718 4 902 19 1823 15 198 24 1453 4 1289 56 1367 48 695
54 22 53 5 1963 66 86 87 1281 48 1731 13 35 22 1726 19 1758 18 264 8 1867 4 1167 12 1909 18 809 6 1135 8 1174 3 1759 56 747 6 1795 44 1873 29 1802 25 1698 20 68 19 1468
55 22 48 12 1158 46 230 37 1018 13 1632 84 1696 22 1786 51 630 13 1948 13 27 22 169 54 650 10 765 6 1639 28 1726 4 713 4 1223 19 1860 4 792 23 1740 5 177 2 845 12 1463
56 22 43 26 616 23 1319 10 1197 11 1534 68 1090 1 908 13 620 74 1945 3 1616 10 1905 7 295 37 1714 20 1637 13 1299 22 1785 2 1290 2 1887 5 381 35 1770 27 1896 1 336 27 1081
57 22 45 42 13 12 1767 20 735 4 771 3 807 21 381 2 1798 9 681 8 615 49 638 66 1243 11 1075 15 241 3 1663 2 1850 26 1869 23 914 55 1331 11 379 2 355 28 803 47 405
58 22 69 14 1041 25 81 4 1912 56 567 73 1323 9 393 17 955 48 1144 32 643 21 287 30 698 88 732 109 271 11 296 4 1446 5 235 3 203 20 1045 34 1178 12 595 43 950 37 1680
59 22 60 12 468 30 1091 62 1980 22 323 32 422 14 579 21 362 11 1378 3 768 5 108 50 1356 2 967 9 1471 34 1021 47 1146 9 757 66 1152 25 664 57 1517 43 1787 44 230 4 366
60 22 103 74 848 58 1724 47 990 96 1608 17 1732 45 591 23 757 57 1765 43 15 69 886 114 1217 94 1855 67 581 4 1623 35 1837 2 1275 19 143 1 303 70 1760 41 1309 41 888 19 1270
61 22 64 59 102 49 1482 34 107 6 1995 34 1833 5 1832 63 1576 52 469 5 1890 15 202 13 38 80 474 1 1843 10 990 23 690 56 1337 7 1446 19 1237 26 78 53 1073 32 1057 3 1508
62 22 55 26 282 6 773 16 384 32 1187 6 1256 33 323 60 1862 45 319 39 1762 4 1111 44 1747 27 153 15 1400 4 1424 41 1382 3 1963 35 1390 14 890 15 1190 10 1547 21 686 55 1397
63 22 38 26 248 9 634 4 536 58 389 5 1727 47 769 20 1405 6 774 19 100 26 65 11 1973 13 809 3 1241 26 1355 7 86 14 272 16 1925 6 197 14 450 33 1903 10 1953 9 1928
64 22 60 8 95 111 428 20 496 6 943 57 1739 14 123 23 227 81 1794 8 472 57 380 16 537 38 109 11 771 8 3 19 126 26 994 4 431 3 1843 24 30 4 1172 13 926 54 535
65 22 48 3 1769 33 481 22 420 31 1000 7 1963 30 1528 35 1231 27 1119 34 1779 34 399 6 1809 3 1957 41 1943 4 1321 12 1301 5 2000 41 295 4 1235 9 1237 56 1316 28 287 19 1469
66 22 52 15 1480 56 726 3 1841 42 592 23 28 17 1326 47 1474 2 1170 52 374 19 793 43 1056 47 1272 8 1292 2 588 4 1994 8 1027 26 535 25 1605 11 1894 16 775 34 766 23 7
67 22 68 18 388 50 371 44 503 40 1191 26 1431 9 51 50 1363 2 154 21 131 2 715 12 1867 13 1258 46 1415 69 1123 14 756 15 610 42 1957 20 211 65 1275 62 687 28 254 33 77
68 22 54 89 992 47 980 20 1711 37 835 12 1555 17 1396 2 1532 44 1545 6 1470 2 540 1 1069 52 1400 22 74 21 90 79 699 37 1189 8 721 20 15 1 274 8 574 11 666 10 1166
69 22 41 17 1619 8 1262 11 1574 14 1913 18 316 5 432 23 31 17 1242 25 25 5 1222 19 1469 31 737 51 390 38 68 4 1630 13 1429 26 1587 23 714 36 1997 15 1165 7 1472 5 937
70 22 47 12 1375 12 1197 13 118 74 520 4 641 36 268 59 1727 3 1311 16 1558 16 28 1 1968 20 537 29 827 6 435 16 185 11 1885 7 1086 5 780 24 419 27 1205 37 245 48 1902
71 22 57 15 1065 105 836 26 922 99 108 20 1566 24 1886 22 1915 24 1655 8 1576 4 1309 44 368 11 1540 9 74 3 974 29 658 3 67 41 627 18 1212 19 1114 30 270 17 1577 7 334
72 22 43 2 1508 7 1242 15 742 20 974 3 37 11 1470 35 184 3 1759 21 94 17 252 24 669 72 1731 12 729 28 1987 24 1303 4 922 29 1184 13 607 32 1785 5 1693 9 454 47 1769
73 22 54 45 318 43 1250 79 917 15 1085 30 1902 12 394 32 297 31 560 8 1893 7 1597 3 1916 6 321 22 1402 16 27 16 1921 49 1247 17 351 44 180 33 1740 5 1606 30 1856 1 1051
74 22 38 8 447 11 135 3 181 25 1670 5 606 4 1292 36 1833 17 477 1 1929 60 1267 62 1699 1 874 13 1029 14 1339 11 626 25 785 5 111 17 771 29 759 4 724 14 1914 19 1878
75 22 74 39 1609 2 1370 45 477 1 513 50 817 39 470 31 1762 11 1130 12 793 2 755 60 1361 51 444 15 205 56 1706 62 55 44 243 19 867 8 450 16 1908 45 1493 41 923 93 417
76 22 64 50 222 21 865 3 627 10 1771 10 1641 45 215 48 974 31 1227 4 1480 3 759 20 127 24 522 18 1543 74 1920 16 1780 54 461 13 687 41 378 85 377 30 602 33 1955 12 1041
77 22 62 19 599 25 534 10 1512 12 363 56 1405 55 1534 25 802 14 235 7 185 53 1813 4 1243 32 859 91 822 11 918 64 244 7 1561 22 1637 90 1771 12 1024 1 257 13 812 3 754
78 22 71 31 1886 60 1614 85 959 60 1322 85 723 24 83 55 1698 10 1044 40 1143 8 838 8 1567 16 1767 11 347 2 1274 48 76 26 765 40 1509 30 743 37 183 10 1099 26 1748 1 809
79 22 52 34 617 27 1184 66 1776 11 743 5 492 2 1303 25 44 3 213 23 53 17 1904 53 63 20 381 8 1483 3 1875 36 1107 13 1320 24 1376 16 21 71 734 3 1884 53 761 14 553
80 22 44 54 2 2 1894 38 502 2 1983 5 937 6 609 5 1643 10 653 6 1400 88 1627 3 1191 41 856 7 1091 5 1644 4 396 3 1979 42 1672 28 1271 4 857 8 684 9 882 70 682
81 22 48 13 1874 8 37 2 876 13 883 20 1621 10 1887 27 480 44 53 27 1956 10 6 26 1564 84 1260 64 833 6 1224 10 1681 23 1556 8 607 36 199 17 1800 15 258 4 373 16 1423
82 22 41 14 1070 17 542 22 1999 9 1711 15 1416 16 1097 16 525 85 1455 75 1331 5 36 11 38 6 1036 6 1889 3 1700 23 592 10 1961 32 1022 16 46 3 486 1 1662 14 1458 19 1350
83 22 37 20 1789 13 1785 8 1484 1 828 76 837 17 1675 10 523 2 1867 2 487 4 1767 4 1642 32 216 27 1550 52 387 11 1480 35 579 6 861 19 1927 8 459 11 1620 4 590 11 379
84 22 45 13 605 26 1919 8 1721 4 1254 51 833 5 994 14 1628 57 175 16 970 10 1829 7 1551 52 1871 11 1567 5 567 14 15 6 1761 98 734 16 996 17 1647 3 232 5 1935 13 444
85 22 62 17 495 49 834 7 1923 88 1758 22 890 27 100 42 315 3 107 24 1069 42 1284 1 30 56 1764 22 39 1 1744 27 72 12 1164 3 1825 90 700 13 81 16 723 42 224 23 241
86 22 53 29 1743 13 1648 26 25 9 824 7 159 17 479 24 1995 46 631 2 1786 46 1503 9 534 32 885 28 1499 33 1139 11 642 117 1668 47 1957 7 702 8 1557 16 777 1 341 11 1088
87 22 61 54 1280 19 258 26 1948 23 1706 27 410 10 1794 26 371 3 232 21 854 37 48 5 1707 66 1452 9 826 43 513 7 811 26 586 124 663 49 1000 30 563 8 1193 2 1803 2 1631
88 22 40 6 1726 31 1492 6 1546 1 941 16 772 5 1409 12 1027 12 874 24 853 4 708 18 853 15 145 31 955 19 288 26 357 15 179 11 1476 11 1198 46 1175 34 134 32 1703 29 1173
89 22 60 49 732 7 848 3 1422 39 1744 8 950 90 1451 35 1093 22 1954 44 1850 28 278 11 1389 10 1948 3 1582 23 1642 23 21 63 1238 35 1080 28 266 19 1729 29 1068 14 862 23 1935
90 22 34 26 935 33 1632 18 1249 2 253 9 1176 3 1411 7 196 2 85 9 1442 7 1308 6 1631 8 267 24 517 18 1356 43 807 9 46 1 839 34 169 26 465 34 1866 15 740 7 211
91 22 52 19 789 5 1213 59 366 24 56 21 1295 16 565 7 554 15 1391 9 1848 42 804 24 1586 38 1340 16 1889 50 1024 14 1665 1 914 49 754 27 293 19 629 25 1895 29 1032 15 1330
92 22 55 10 926 13 143 1 1442 4 272 23 1334 10 1174 71 790 74 1964 9 724 30 970 21 1507 24 1034 44 1516 44 1589 8 1263 43 531 18 729 30 1686 32 682 16 782 21 1273 4 19
93 22 52 16 597 17 133 5 300 5 1561 3 1114 2 75 38 681 7 895 16 729 14 1775 93 1632 50 1603 104 1286 52 1517 23 1681 5 513 23 951 5 848 17 1063 2 288 4 645 25 1860
94 22 66 20 607 11 351 55 1672 12 568 46 1904 25 1230 28 547 100 158 20 1976 1 325 10 1263 23 1591 88 171 4 1396 58 125 6 1212 3 1760 74 274 38 455 14 1972 17 1371 11 681
95 22 63 83 1745 24 1238 14 1662 91 366 23 713 26 1530 1 284 7 459 5 1320 76 564 96 168 41 507 7 686 22 903 11 910 37 609 2 1916 12 647 14 1344 4 409 42 1664 1 1692
96 22 44 7 1626 11 327 28 1257 6 187 12 1500 4 592 19 1008 3 1429 23 772 15 677 23 1115 34 1999 2 1270 91 1925 13 1051 9 1598 30 1094 29 542 1 215 20 1563 34 1475 28 1758
97 22 73 79 278 12 1832 18 1926 20 695 21 1625 16 1504 22 643 45 474 34 1038 23 290 3 1643 87 1183 23 1825 90 1062 13 403 77 476 9 1344 12 1659 7 1427 37 683 46 370 39 210
98 22 65 51 1639 19 1098 25 1837 54 996 9 865 38 782 4 1650 62 932 46 843 2 1297 1 1430 27 1898 18 461 19 740 11 1897 88 209 23 724 21 1781 33 37 4 1660 78 592 22 1888
99 22 51 30 1306 5 1827 76 935 49 1008 9 1350 41 1693 28 1501 30 977 1 1148 2 598 11 771 43 95 21 103 15 1525 8 88 24 910 37 1240 13 1522 9 676 26 1379 20 243 19 87
100 22 37 6 1592 42 253 2 296 25 248 15 1623 13 442 23 736 21 1379 42 1961 13 1419 15 1794 46 1994 19 1287 16 1374 36 1432 1 89 3 70 18 246 4 1730 12 1955 3 249 4 92
101 22 51 31 430 1 1620 4 1691 30 1074 25 1322 9 1105 2 407 14 302 23 1012 8 504 4 648 17 1917 42 895 66 1734 41 723 9 264 34 1907 34 262 28 565 40 183 8 1168 46 334
102 22 52 27 366 10 136 18 438 41 389 53 963 41 1292 32 1523 8 1595 14 1504 35 1688 1 634 37 1736 39 821 6 215 21 531 5 1276 8 505 16 734 9 1837 35 1640 6 1005 64 1883
103 22 50 13 82 41 725 13 466 56 1791 13 849 30 791 21 320 40 1712 12 38 1 1394 27 1109 74 1193 44 965 21 428 6 732 11 1995 2 510 26 1050 2 141 36 1078 5 1330 12 810
104 22 58 33 98 27 1945 54 1489 4 1202 27 915 16 448 37 13 32 862 31 436 8 1193 6 1032 36 1354 60 790 33 1021 54 1668 61 944 1 1412 2 139 8 1535 14 329 19 743 26 1857
105 22 50 7 1942 5 800 67 62 10 1210 6 1170 7 1823 13 571 28 1912 22 1016 9 1563 14 907 40 119 30 1171 3 927 6 971 14 1048 65 962 50 254 42 1373 11 1534 13 303 43 427
106 22 61 31 1032 6 270 2 1358 5 1719 58 1686 6 694 59 1974 27 88 23 1116 53 648 28 23 3 612 3 1763 50 819 17 1536 57 1547 76 493 21 242 11 1415 46 629 26 287 2 1309
107 22 53 23 534 51 739 11 1454 40 1726 55 932 16 1685 37 523 12 323 9 348 17 1053 38 1790 6 653 17 104 20 1388 22 1002 30 1494 3 1124 46 1936 17 397 37 1721 5 848 18 358
108 22 40 21 502 24 1340 2 1442 2 40 22 23 29 1518 1 717 17 1731 16 1431 6 849 12 341 2 1600 33 1337 38 1768 28 1364 40 1579 38 17 22 1918 25 1845 16 236 3 945 9 402
109 22 59 31 549 42 1642 3 957 30 12 14 1866 24 297 10 956 28 37 2 1261 57 1640 28 774 28 161 9 144 126 73 68 733 13 843 8 1160 17 1203 29 23 3 1621 11 1522 9 784
110 22 55 9 979 57 1024 25 75 1 1302 39 1388 15 595 2 341 2 218 55 1495 17 1891 16 1170 112 705 38 428 27 646 19 1187 8 316 28 138 5 1403 8 1967 21 1404 36 972 19 879
111 22 55 9 1851 12 1971 5 1521 2 279 24 1242 12 337 3 37 28 1164 5 1207 20 1149 36 218 10 574 40 1875 59 1553 69 420 5 1376 29 1070 29 1372 4 185 73 1326 37 1168 46 190
112 22 61 25 149 13 1731 38 347 49 1968 50 1763 15 546 12 1872 34 1121 9 1852 14 1002 7 1665 37 1397 14 1116 36 1014 15 1223 3 487 8 620 21 17 66 1539 36 1906 83 788 27 1869
113 22 63 9 1118 11 1086 27 522 2 821 20 1486 23 1444 36 1007 7 336 2 1496 9 572 37 1879 20 1469 20 847 3 1124 99 1661 22 1723 12 389 174 1019 26 749 62 1006 2 1364 10 1615
114 22 69 16 1516 27 184 20 1127 3 683 41 1295 38 1770 11 1680 44 129 70 1082 15 167 1 1058 2 617 65 730 41 1453 33 705 29 1978 45 243 4 1005 54 1405 53 1371 16 744 66 1540
115 22 56 15 1483 27 1381 18 1926 51 182 84 620 5 485 10 1617 64 1692 3 478 49 1303 15 60 2 283 15 1570 33 661 21 1320 37 651 29 125 11 1054 24 1810 25 2 11 1065 13 56
116 22 58 3 222 35 1878 7 899 9 1543 1 115 72 1005 15 1356 12 544 61 1729 23 1845 27 543 69 344 9 244 67 1476 27 1845 16 159 3 1532 6 361 77 1383 25 1003 16 1461 6 108
117 22 75 44 1822 14 1405 22 1002 2 1002 49 1672 22 923 20 1239 25 274 20 55 30 654 40 647 31 597 108 1122 46 1733 32 1862 7 1953 30 1835 14 1309 16 638 99 131 54 1764 28 1155
118 22 47 33 1537 10 1825 17 748 62 699 69 293 4 91 25 1933 32 1228 8 135 6 1503 3 1176 48 1358 13 933 4 1023 11 1838 11 160 16 920 2 1875 10 1155 4 800 23 26 60 1060
119 22 53 3 928 2 201 10 1831 11 679 9 1419 71 1268 19 1046 100 916 37 1825 3 1249 9 917 12 174 13 1602 32 1438 5 1220 6 386 30 586 33 1657 91 333 8 689 31 917 3 1695
120 22 41 30 714 6 852 25 366 48 312 23 632 4 455 69 1583 10 1565 5 1310 38 447 18 1264 17 1495 15 1714 13 1741 17 1583 12 1666 7 1087 6 1417 19 1476 16 293 19 931 1 1092
121 22 45 5 1973 10 928 43 46 17 567 1 1984 41 725 6 1389 84 133 29 744 14 1634 81 1895 4 1198 17 1389 2 1498 1 1855 20 1002 16 779 16 584 3 1838 19 1945 13 263 12 902
122 22 60 47 722 29 1876 40 1981 37 748 26 131 30 860 20 755 14 1323 16 261 25 1574 26 963 6 418 13 476 24 177 1 1836 16 762 89 144 6 815 26 1603 11 1225 6 7 100 485
123 22 60 6 244 23 364 10 1973 21 303 63 1677 15 698 10 1319 2 434 71 1939 50 1879 43 498 13 333 86 1255 8 520 32 422 20 1846 18 1419 7 769 10 1985 65 1511 8 825 25 13
124 22 49 16 765 31 1092 1 1413 10 270 3 1376 18 51 66 1082 46 1783 14 827 7 1787 23 1880 18 1938 24 1592 51 1256 43 110 27 536 13 211 33 670 5 1589 2 20 13 468 26 622
125 22 67 84 1661 24 563 32 1435 36 1417 26 1025 11 1339 56 364 47 1656 3 613 4 1180 3 1216 37 500 34 1477 27 203 81 1473 38 1464 55 37 2 537 19 612 24 690 10 115 18 1389
126 22 46 14 429 21 1630 13 1325 31 1772 10 1795 10 1147 85 589 28 898 7 1911 14 1907 5 483 22 1644 4 526 18 1373 58 901 1 117 25 1706 3 446 20 1615 63 755 4 465 6 1209
127 22 65 55 157 3 296 15 1016 29 302 6 794 42 609 89 1487 5 1421 21 1479 37 540 6 370 42 1587 1 351 2 1471 44 1257 3 1378 24 502 93 1889 2 321 109 764 7 1659 18 1580
128 22 46 2 364 15 854 25 1924 15 562 32 667 3 1902 27 368 73 742 10 1215 42 856 2 38 25 1233 20 195 23 1500 3 385 32 1671 9 1075 50 301 1 15 31 31 4 31 16 1791
129 22 36 15 446 23 1852 6 1675 1 1540 17 1104 22 1459 4 542 12 1223 19 402 40 712 15 1051 22 1705 34 329 8 1327 14 1677 8 19 11 1617 18 87 28 1885 20 1727 2 148 26 1686
130 22 50 36 287 15 1290 5 1074 10 939 47 1844 15 539 6 136 43 1645 1 261 19 1834 24 1964 7 1814 11 1773 16 903 24 399 122 363 31 212 37 588 7 1760 2 1921 18 200 9 1084
131 22 68 57 414 82 1897 18 1384 35 747 1 1063 22 1138 12 1305 89 1592 22 1359 10 664 5 1113 17 1102 4 589 19 1593 85 742 56 173 9 485 78 1868 12 1271 5 209 28 1641 20 1932
132 22 62 4 1834 6 30 2 693 63 427 4 666 39 1039 49 884 26 17 18 901 31 1325 1 166 6 1321 112 813 65 25 7 1762 49 696 13 775 5 1763 20 82 74 1422 13 1989 14 856
133 22 53 10 26 12 1167 76 356 21 1702 3 947 16 521 37 817 2 420 1 1031 26 1363 13 80 5 1226 55 771 59 1277 44 1263 58 460 10 3 5 1468 7 35 60 375 7 1472 3 1832
134 22 53 7 1764 64 1236 15 307 14 519 44 1801 27 1634 56 1387 28 786 13 1689 10 1423 10 1387 7 875 103 1572 2 253 7 359 19 929 26 797 26 899 12 1831 5 1285 26 767 12 344
135 22 50 22 1541 7 1900 47 376 14 1121 1 1236 28 1355 14 249 91 1848 9 1306 15 1513 1 1496 40 1342 46 1906 59 1694 2 1549 24 1938 4 1149 65 296 7 1696 7 277 1 1103 4 501
136 22 45 23 675 18 951 41 1847 2 997 57 739 95 1420 12 874 11 992 14 120 3 1378 30 1337 29 1902 6 779 12 1867 2 1860 14 125 3 1791 35 1359 1 1403 2 264 22 1510 22 1311
137 22 77 15 27 64 539 21 489 68 1563 7 842 30 1466 90 553 41 650 21 327 73 1371 29 1486 12 472 40 430 63 1854 9 1433 21 811 26 1779 14 887 8 380 39 78 42 1362 42 1205
138 22 51 1 661 28 1177 31 451 11 1603 38 1774 30 42 41 601 14 1325 13 1221 36 802 37 139 11 283 11 1558 18 117 21 348 64 695 13 89 22 63 46 1412 8 1922 2 3 23 569
139 22 50 27 1226 2 381 23 1001 1 1663 12 406 2 107 64 262 15 1326 10 1387 1 354 10 1194 18 1930 21 883 50 177 29 233 24 1161 8 231 1 442 13 396 109 1526 53 1195 15 106
140 22 47 28 1728 19 1857 38 1893 12 77 19 782 27 1437 13 257 1 1809 4 1251 3 937 4 1416 13 1251 15 1919 5 1042 45 1044 40 307 22 1111 36 1644 39 745 7 170 35 1807 53 1156
141 22 53 50 1250 73 634 19 1370 3 975 17 899 16 1395 51 1582 36 245 15 901 12 1272 11 326 1 1080 12 1444 6 1377 14 1867 46 19 7 1943 8 1420 10 1064 31 533 55 654 42 1520
142 22 44 25 1156 9 972 1 110 65 1836 48 1370 6 524 60 734 62 353 19 1708 7 1454 5 1192 11 139 28 900 16 499 8 1931 3 207 27 740 3 658 5 1086 7 1173 14 2000 19 1266
143 22 62 37 1779 30 814 38 1383 14 522 106 1252 23 1630 11 1347 1 1977 27 431 2 632 14 1869 27 211 12 1423 24 775 22 1517 53 1395 104 1857 14 1371 17 1613 5 117 21 655 25 1240
144 22 67 7 112 35 646 95 57 25 1417 24 1637 75 1962 114 1191 19 1924 9 1228 22 678 22 675 15 115 17 507 15 1354 39 1500 32 979 34 501 2 101 12 569 11 1568 19 532 27 1888
145 22 64 15 300 30 1680 37 1830 111 1856 8 939 62 855 35 1314 33 1201 10 754 21 1666 30 1008 10 1714 26 1945 25 927 11 509 23 173 33 1521 44 1446 25 1546 39 808 8 863 9 420
146 22 64 9 1216 17 491 71 1117 3 553 6 170 125 565 24 1415 47 286 37 487 14 917 15 1305 7 260 38 62 34 1800 6 1134 42 1123 20 107 9 1172 80 309 4 357 32 1903 4 1261
147 22 46 34 1216 60 682 8 1658 18 839 11 1042 12 1977 5 1838 28 1559 40 1736 23 126 12 1598 17 1698 2 1756 40 1913 17 922 7 631 43 1222 22 1792 13 1147 1 361 22 853 34 1503
148 22 65 57 1160 20 1174 27 1737 10 828 3 1419 69 336 7 1256 41 1396 29 293 9 1374 76 1428 14 1683 14 136 68 614 8 1528 3 1615 78 1718 19 316 4 135 45 1569 6 1682 50 1282
149 22 41 27 1499 24 601 2 1846 6 474 35 1803 27 1606 14 1220 64 1971 19 605 21 1715 7 1857 7 1359 6 262 55 756 21 4 6 353 9 916 8 1166 25 435 9 60 8 229 13 75
150 22 47 6 1919 1 309 24 1833 13 222 23 1282 6 1303 7 1659 8 992 3 122 17 579 107 821 53 714 21 275 29 849 13 1631 31 620 5 345 31 532 5 1190 25 1920 37 106 10 129
151 22 40 5 297 19 1552 14 1627 7 912 4 1610 49 375 2 360 29 1784 9 871 14 1686 10 865 6 1600 10 1575 34 1857 15 364 26 1355 23 189 37 1380 39 954 4 1873 26 1258 20 1702
152 22 53 21 1577 2 1839 51 1302 24 1293 1 14 34 1713 14 1292 8 1985 31 605 28 1542 28 1856 10 122 63 611 1 317 41 1782 42 135 1 1426 31 1533 19 1245 11 86 48 1905 21 566
153 22 48 12 1813 18 172 12 1812 4 335 3 335 56 406 4 1785 96 952 18 1119 13 1950 36 1457 6 1715 26 1781 14 375 20 479 12 735 1 1709 42 50 32 500 15 332 6 995 35 1365
154 22 48 1 1185 40 888 3 527 5 1128 14 1383 8 1977 23 1360 4 564 99 1014 19 1873 19 1611 13 32 45 1100 77 1946 2 1854 61 29 12 238 3 1495 4 1716 1 936 26 1478 5 998
155 22 69 11 1217 31 1794 2 347 6 145 5 1508 13 1282 70 266 9 780 37 1030 25 1948 27 695 46 436 2 216 39 179 21 1283 17 755 50 1779 9 1089 46 1244 131 1859 14 1306 81 1814
156 22 48 3 1072 32 1229 74 753 9 1248 31 1429 97 49 38 1556 14 1706 15 876 27 603 37 123 16 1789 8 305 7 1737 19 1484 14 1977 5 1283 5 373 18 961 4 1378 7 1806 5 506
157 22 61 31 1115 15 1014 43 326 26 272 27 639 24 1953 1 1131 74 1004 12 1699 33 1248 134 68 33 1256 24 1271 7 665 10 1286 8 843 34 1969 25 315 3 1201 8 1929 27 500 15 747
158 22 59 27 1067 9 1784 12 555 27 574 3 504 14 1687 12 656 10 1742 17 832 12 275 57 437 16 955 16 717 113 1621 86 159 37 1294 31 1347 52 1078 4 97 4 1483 6 938 31 1551
159 22 43 7 32 68 1692 35 1374 7 481 37 36 22 44 3 1227 20 1306 1 1551 69 730 35 201 15 188 1 1946 9 981 4 459 50 912 11 159 11 349 6 1898 2 839 3 1411 14 1193
160 22 52 17 396 1 1370 1 925 6 1309 4 1900 35 1208 1 1452 33 1802 55 164 3 763 9 1707 50 1939 41 64 54 1834 7 894 2 978 64 837 10 740 18 1865 42 488 24 374 43 125
161 22 53 21 793 18 730 21 1592 29 1199 40 1867 4 475 13 356 72 1750 35 1986 18 609 64 554 10 566 16 1260 63 701 40 145 7 1443 9 163 5 710 9 659 1 473 15 820 28 449
162 22 43 42 41 3 663 15 1512 1 1097 22 1961 21 903 39 1882 26 355 9 331 29 514 20 299 5 1285 9 423 8 1147 22 1705 5 364 19 1353 26 1088 22 1780 19 1254 4 1024 66 1991
163 22 46 52 1555 13 927 37 520 5 1509 23 1256 2 1478 23 574 3 1899 7 208 3 586 12 1633 2 279 29 561 33 1693 21 1209 6 1402 35 120 16 1741 23 1869 31 1758 52 2000 32 1289
164 22 66 49 953 61 964 65 837 2 747 54 692 33 1894 19 733 69 490 13 433 35 835 6 664 13 1817 7 1361 10 624 9 1558 64 793 11 1211 18 1107 24 322 70 1255 6 773 28 1507
165 22 56 19 1920 108 1994 23 742 7 808 4 1626 5 67 40 330 24 1311 19 833 15 1801 95 5 32 42 10 451 3 1666 62 1274 1 1781 19 564 2 370 5 182 21 1899 7 1328 45 1025
166 22 56 24 1891 49 227 5 1255 44 516 67 924 3 537 9 691 27 1853 6 112 31 877 12 125 51 608 14 9 50 284 7 541 14 108 26 1447 15 1178 6 424 10 903 45 310 53 685
167 22 48 18 155 9 960 61 94 1 1110 21 386 7 246 39 1278 12 1722 9 1294 6 1652 3 308 56 816 3 1558 4 481 10 1650 6 1725 48 1893 69 9 72 1220 23 203 2 563 8 673
168 22 61 6 1619 11 1941 2 1240 39 1701 99 1474 21 252 34 136 15 560 13 1584 83 1103 2 1591 4 1962 43 1494 36 1303 50 1153 6 411 52 1339 42 1746 1 308 9 1161 1 911 41 1630
169 22 59 21 1512 63 1622 26 290 26 1468 6 998 10 998 3 850 40 253 33 185 23 1673 25 624 35 1899 21 584 20 1605 25 561 53 389 41 1829 3 1035 18 937 19 1502 9 1908 74 355
170 22 71 11 48 24 1742 23 1978 8 1835 36 1574 20 927 16 764 65 1507 20 294 34 1770 1 682 75 1824 112 1628 5 573 15 1545 28 33 4 574 88 347 4 259 18 183 73 1010 32 608
171 22 66 19 575 5 98 36 791 17 1948 79 361 24 104 4 354 56 39 4 1218 18 1602 26 1676 16 240 140 1007 34 1350 30 156 15 565 27 1445 7 1295 13 1681 62 1655 4 1912 29 1372
172 22 54 14 1452 31 448 25 1709 16 319 6 1980 63 253 6 357 4 489 26 835 50 86 23 76 3 789 50 1333 38 1097 12 586 33 1820 16 314 21 935 46 609 15 1453 15 884 35 987
173 22 50 8 1742 10 218 34 1432 35 110 26 572 28 1408 5 576 51 975 16 1061 48 810 65 1053 12 697 7 787 47 34 1 468 34 1282 13 1348 1 102 28 1610 10 618 15 323 9 1242
174 22 56 87 807 22 526 43 1599 7 316 5 486 35 1713 21 432 12 1610 9 497 5 826 4 1254 18 771 29 1576 14 1566 50 1618 79 1291 2 1899 3 826 20 411 4 985 43 1653 50 998
175 22 73 64 1353 32 199 94 1487 71 1389 52 1549 17 1304 13 1753 33 1219 19 592 50 258 5 1606 2 1388 56 1210 16 1081 25 1930 11 754 28 270 22 1026 43 132 12 537 59 1232 6 1904
176 22 59 23 771 12 283 56 176 38 1135 1 1876 7 750 72 1733 56 1207 38 749 5 1872 16 1168 42 1388 3 1964 67 358 5 171 19 179 2 1696 1 1030 31 1389 24 1461 42 1608 32 1270
177 22 66 41 264 41 1523 2 299 39 530 9 1497 14 1346 35 527 12 233 15 1392 1 1842 55 171 6 988 80 974 32 17 23 924 13 293 65 278 52 827 60 1938 39 843 10 1502 21 552
178 22 44 4 1571 3 1587 31 577 8 302 13 727 25 204 10 348 24 502 43 1907 1 1904 6 294 43 476 21 392 2 731 1 1544 16 1124 64 600 56 1228 10 21 6 1297 29 335 26 1633
179 22 65 31 1448 31 90 7 1244 14 248 27 499 5 1781 48 1673 13 845 9 1451 53 1522 30 953 18 800 21 86 40 112 10 1729 84 758 20 117 35 628 32 264 13 681 30 1916 80 29
180 22 67 27 117 42 795 11 1434 15 1457 5 1636 28 13 1 87 18 238 3 1480 15 1240 4 1405 27 1264 94 1845 93 942 3 199 54 1058 43 289 46 418 5 1713 52 1969 38 856 49 1530
181 22 65 59 235 20 1746 7 233 39 1205 10 1805 9 87 6 467 49 229 9 1474 7 1479 19 1222 4 1822 4 1865 43 796 24 1428 94 1763 47 289 58 1809 14 810 39 1468 6 271 84 1508
182 22 57 27 1058 72 1069 28 596 12 948 31 1556 9 1405 30 1654 51 475 40 492 10 1475 3 189 13 956 13 1680 3 818 7 362 10 1423 39 1901 5 445 9 1238 61 1588 47 211 51 607
183 22 54 2 481 4 788 2 940 3 204 30 1280 17 1103 57 1817 68 553 9 863 32 1901 48 493 24 729 4 1078 7 670 25 819 30 1502 44 359 42 685 41 126 19 288 14 177 24 595
184 22 71 43 125 25 251 23 1872 38 1182 21 1437 24 959 4 1441 24 687 107 599 19 1308 26 968 68 1163 10 1763 21 1423 7 1627 102 1761 19 905 4 1261 23 1573 29 1551 1 667 73 84
185 22 59 14 152 70 188 9 1691 18 1707 8 1164 72 1932 37 1710 14 754 1 1895 19 1559 6 1898 30 15 16 1164 32 1654 54 363 74 540 34 834 27 733 5 628 19 422 1 176 39 491
186 22 61 7 641 15 1863 1 107 1 112 108 1727 47 247 24 1462 2 179 6 81 35 781 52 1853 67 410 25 742 9 913 38 1878 40 255 43 105 7 1505 23 1847 9 492 13 1409 42 1595
187 22 41 32 780 13 121 32 1471 16 501 20 814 6 589 31 768 8 1034 4 894 31 1402 8 1263 3 1705 3 594 23 1617 24 1558 2 1540 28 972 50 846 28 481 18 948 6 1646 28 261
188 22 61 2 751 10 641 1 1584 10 109 9 1787 2 346 47 560 35 1011 36 910 16 1214 8 50 9 721 51 854 123 1871 14 1050 27 1678 39 1166 43 1059 37 421 5 489 15 537 74 536
189 22 52 28 1121 2 201 4 811 20 175 11 210 21 1305 72 967 1 1395 19 477 3 1651 51 874 20 643 26 1709 26 1691 20 22 7 1130 1 529 50 1652 51 311 53 219 9 1431 26 492
190 22 60 22 1991 29 1243 10 317 41 725 35 1642 43 1750 8 1604 11 839 4 1227 13 614 78 1796 71 1473 13 804 32 1828 18 1796 65 1659 39 542 32 757 4 635 15 1897 14 660 5 28
191 22 50 15 1342 39 1840 18 1244 38 521 74 1934 21 77 14 1636 6 1549 21 1053 7 1090 48 10 60 392 8 757 26 711 13 1266 8 81 10 1327 22 1949 12 969 10 1105 6 1850 24 94
192 22 40 10 1412 5 657 13 1968 15 1570 32 1927 19 102 56 1499 5 1462 51 67 26 18 13 760 19 1876 27 210 13 664 12 670 18 571 36 723 14 1870 1 1282 16 1652 5 148 2 252
193 22 42 3 1634 43 1909 16 1415 26 1125 8 606 11 1213 10 617 50 1996 13 865 22 1806 39 644 10 859 3 1925 9 1252 7 322 46 426 13 88 9 1479 3 760 10 462 39 107 39 1810
194 22 54 17 1904 3 1037 45 154 21 1587 10 596 24 1050 20 270 13 1655 45 522 10 1318 51 736 16 1956 2 268 32 1049 56 634 22 307 66 1383 26 1635 4 938 42 876 14 578 8 1388
195 22 59 20 449 18 174 51 1049 5 1618 16 1921 13 899 1 696 33 520 29 782 5 113 5 1925 7 1627 45 223 10 1279 48 220 53 72 43 996 13 1229 16 1933 47 46 27 100 89 856
196 22 55 28 817 4 329 22 1446 21 1591 5 1957 18 59 58 1691 33 1268 31 1537 3 970 31 1006 6 18 35 1470 39 1463 32 1198 66 1735 6 834 31 398 16 763 26 1369 14 897 31 1720
197 22 52 43 949 24 1051 18 42 2 849 33 1438 48 1828 4 460 15 1066 3 925 52 1000 12 1359 1 164 47 1152 7 1129 37 450 35 1216 1 26 69 1279 7 915 17 1817 49 1467 2 1675
198 22 50 5 1108 2 1719 4 778 9 238 46 8 3 415 52 1685 14 546 60 1692 4 737 12 1721 12 1496 43 386 15 780 18 798 48 150 38 1789 24 982 37 1137 9 1124 11 161 38 1687
199 22 39 3 163 2 1894 23 370 14 37 29 557 15 625 27 1030 26 1974 13 768 49 1931 6 862 16 1460 4 540 11 30 22 878 1 1852 23 132 37 249 8 1916 41 461 19 1983 4 1355
200 22 59 9 149 94 1444 25 760 16 833 27 1164 48 1385 11 1816 40 833 51 1158 62 1238 2 594 23 1019 1 938 43 679 1 1949 6 790 14 1011 16 1698 20 1376 35 874 12 1748 37 262
201 22 54 67 124 4 1023 8 895 12 1496 9 1826 7 673 20 1622 79 740 70 797 59 1575 9 601 31 1803 8 879 10 350 25 332 22 1047 1 584 24 887 1 1464 21 1717 39 1984 16 688
202 22 53 2 1800 10 84 10 549 21 101 56 1207 67 67 21 331 33 1539 25 576 34 321 8 1820 9 541 24 253 77 830 33 419 8 292 9 1621 11 743 27 267 25 1155 15 345 6 418
203 22 53 4 1514 3 1132 17 1501 9 1407 25 622 72 1945 40 1283 20 1313 4 1002 49 882 30 187 6 305 27 411 20 869 21 1256 11 66 39 545 32 1498 9 116 6 877 64 1197 26 1212
204 22 59 1 1727 12 1143 5 864 77 597 5 1773 5 842 17 981 91 1833 79 1199 2 1556 13 224 25 1795 7 443 33 768 54 1578 8 5 39 278 18 242 82 527 15 1876 3 721 2 384
205 22 50 32 1293 27 880 43 725 6 903 37 1781 8 401 21 91 4 1417 1 1806 19 262 5 1413 11 1488 17 1536 15 9 7 848 14 1749 30 1487 105 44 4 368 36 970 46 1474 20 1367
206 22 35 2 618 3 1192 16 898 49 145 19 1739 11 654 12 1992 12 1503 10 1859 11 36 6 44 17 985 8 423 5 1667 11 1841 4 796 37 236 10 1847 62 1914 16 274 20 743 16 1345
207 22 59 51 1245 39 1657 22 947 71 733 4 309 5 1437 31 1736 13 1134 5 94 26 267 10 1945 44 1517 1 854 7 1920 59 1893 12 1508 68 1766 28 1172 44 1016 40 667 3 1818 10 1580
208 22 67 38 1472 34 387 40 1469 30 644 25 1311 23 1564 18 1016 2 1786 66 67 23 409 17 57 41 835 1 1984 33 1019 27 1700 85 375 43 1056 16 831 36 491 8 766 49 885 23 1690
209 22 55 4 1795 49 713 39 1818 6 862 28 347 4 961 59 1276 49 31 5 1467 29 556 11 330 6 1169 58 104 15 451 1 912 46 1787 9 826 16 918 55 1244 22 824 38 121 2 397
210 22 57 7 1585 3 1208 26 1850 5 1877 11 649 13 420 14 887 121 1753 6 153 22 1646 27 1855 9 1155 9 1668 7 318 41 907 32 691 12 1702 20 26 18 1410 43 161 80 144 50 1960
211 22 67 56 567 68 723 45 651 6 1036 110 1771 16 1442 28 1669 14 1761 9 205 10 1685 2 1855 79 1557 15 287 80 1014 24 1398 5 1597 15 1683 32 1803 7 275 22 1690 16 1637 14 1459
212 22 52 6 1191 15 1896 28 944 38 523 4 1699 3 601 43 1736 72 1488 26 1299 5 1454 18 725 19 1354 16 130 47 1792 81 1650 29 1107 6 801 3 1838 3 169 47 785 5 600 13 732
213 22 42 7 1713 17 1601 37 1711 7 766 18 219 30 352 22 1067 5 1454 89 284 1 59 17 173 7 1308 17 176 35 1826 7 13 30 910 5 203 2 1686 44 1230 2 1423 5 1656 16 1166
214 22 54 28 1649 11 1829 14 444 2 891 3 840 50 907 71 1002 90 1378 76 1381 6 775 27 436 14 492 3 279 11 990 64 1721 17 1712 14 723 20 956 2 363 14 625 6 1379 1 573
215 22 54 14 1725 1 589 36 1923 41 619 39 624 9 995 4 638 22 1529 26 830 11 1337 10 1909 19 1908 46 1781 16 515 79 1488 13 1822 22 850 11 924 33 1761 40 1653 48 385 4 342
216 22 60 37 116 24 1018 7 1448 25 1488 10 294 4 1773 32 1688 60 44 34 1154 7 1560 52 1709 82 1605 8 1366 6 1702 34 1807 31 30 8 136 46 1159 23 372 25 1279 14 770 38 867
217 22 66 7 766 9 338 8 968 42 881 11 807 97 404 55 1309 1 508 7 1025 53 1589 66 1361 35 1783 19 757 78 491 59 566 28 969 26 1788 8 1280 8 1666 31 1954 14 981 6 1931
218 22 51 9 1718 29 387 27 44 9 1790 10 1831 1 1223 49 610 13 1904 58 114 67 845 15 1548 32 1188 8 900 5 1014 1 1720 2 1845 5 1494 59 1644 22 839 44 1564 34 970 13 704
219 22 59 24 602 16 316 33 21 38 486 2 134 22 37 9 681 60 1119 25 1352 40 834 33 976 20 1685 5 997 3 1207 128 1307 20 483 14 1698 32 820 21 1776 24 1133 6 1057 21 492
220 22 64 63 36 18 1127 28 251 22 32 33 115 23 1992 7 1301 4 1507 3 298 46 1908 55 1091 38 555 13 138 46 821 55 1872 65 218 7 900 42 1362 8 126 5 749 31 1974 33 873
221 22 43 3 1514 3 1937 2 220 57 1145 6 1677 9 1901 19 631 43 455 8 240 7 1965 6 1336 13 1752 17 622 89 1449 1 1421 9 1694 35 317 5 607 18 1393 16 1423 63 235 5 201
222 22 48 61 573 12 1229 24 547 4 1364 11 298 57 78 2 1108 15 837 8 1910 6 1501 28 349 1 512 58 119 38 652 1 1022 9 223 32 1141 1 1788 21 1921 13 108 25 1513 53 157
223 22 77 9 235 38 1684 48 1673 52 613 4 1326 5 706 20 1431 10 1511 49 53 17 1796 41 935 19 465 25 348 35 37 43 549 2 911 178 1034 68 1135 47 796 9 658 14 1778 43 1305
224 22 52 16 634 39 1986 20 1484 1 1580 140 619 34 1011 32 1466 4 18 1 1706 9 1803 48 1308 20 403 3 1410 28 1085 84 1049 6 1073 11 1031 1 308 2 1638 4 102 9 480 14 514
225 22 49 23 1897 3 1581 5 29 62 1757 58 660 53 1472 25 359 100 1927 7 1025 27 1891 10 276 2 806 10 512 3 428 1 355 2 1526 17 1550 1 1955 15 580 30 661 20 125 25 1064
226 22 52 18 459 15 593 18 229 20 984 25 600 10 1496 11 1842 23 411 75 739 44 1534 25 918 10 321 22 69 17 1468 33 1140 11 1514 44 769 54 1154 14 1522 2 1214 7 1134 28 837
227 22 69 14 51 69 352 6 115 3 391 8 701 21 360 18 188 64 183 14 1666 66 525 32 381 29 1525 22 781 69 215 30 1196 5 1849 27 895 19 686 28 947 43 1312 92 464 19 385
228 22 49 2 1072 21 220 12 568 6 709 22 1119 4 972 33 115 3 1854 10 1945 20 576 15 1043 29 1778 33 1405 12 1662 12 569 26 524 41 841 42 1682 59 977 14 279 53 283 24 1693
229 22 48 12 996 3 272 21 1448 74 1189 7 339 4 698 2 778 35 683 41 680 2 1974 27 607 31 346 25 769 14 1306 9 61 25 540 16 1735 31 254 72 1634 3 136 16 953 16 442
230 22 46 11 1633 7 185 4 1136 33 1609 15 947 9 1178 43 1596 16 520 16 290 39 1738 32 256 22 679 8 346 2 1142 61 342 25 1326 6 885 11 1428 33 1850 13 974 50 1797 10 1381
231 22 67 24 817 25 315 25 1789 31 272 44 1657 56 1350 58 1697 21 593 1 1492 64 1053 40 1624 17 1170 60 181 21 1834 24 1062 42 39 9 196 41 1093 25 218 22 1562 12 1472 11 1697
232 22 75 4 1013 58 1024 83 999 55 1083 28 1443 21 1974 9 630 2 1930 11 1250 55 1540 22 666 29 842 29 1010 15 837 8 1138 140 1698 19 131 19 1935 26 1601 56 373 12 1964 53 1314
233 22 38 10 807 21 1323 8 593 6 1591 17 1706 25 1933 41 1831 24 554 3 1057 11 105 36 1619 1 685 45 306 3 701 7 227 7 766 46 1220 3 608 9 1242 39 1378 6 1745 19 1046
234 22 51 30 787 23 1132 45 1806 44 60 5 731 2 1709 25 1821 7 549 11 1525 29 1182 5 497 33 307 34 1333 2 1570 125 560 45 860 3 840 4 50 3 1162 22 1743 5 1281 13 1636
235 22 57 29 628 6 1741 4 837 11 1500 2 1765 7 509 28 34 87 1082 23 340 18 1798 37 385 40 287 20 1101 31 99 17 1582 62 412 42 30 53 1052 5 1222 5 948 32 1559 19 1122
236 22 62 7 1102 48 467 16 380 5 1747 107 466 17 1897 40 630 24 1152 47 1072 3 103 15 1239 31 1291 10 107 10 1585 32 1176 2 988 23 1694 34 850 48 1403 68 264 21 861 19 1036
237 22 62 2 1523 25 1065 10 186 26 1723 30 1962 13 467 113 319 7 262 41 449 57 1078 57 1904 2 250 26 1397 57 811 7 463 2 401 37 1655 45 367 28 30 6 1522 1 1778 37 1388
238 22 76 1 763 69 835 79 1802 46 1632 1 1387 18 983 2 1103 12 969 55 1915 11 1151 17 1569 3 164 54 336 82 1277 9 236 63 157 4 1135 16 606 50 161 3 1227 74 596 96 768
239 22 57 15 1184 2 1550 6 730 19 235 18 14 18 1832 40 1566 19 771 33 520 10 1758 70 276 10 1681 22 9 55 1824 44 1902 28 692 28 244 11 254 5 1203 38 506 22 1214 57 879
240 22 56 104 1289 2 118 32 1434 11 823 6 1296 57 1246 30 31 12 1851 30 397 2 885 23 1910 6 1007 18 777 25 159 21 1730 19 1857 23 449 43 123 16 956 23 1098 35 1040 25 1443
241 22 64 6 1328 1 1884 49 803 19 1079 14 1986 21 901 13 275 2 137 23 1736 7 270 2 1585 37 99 30 655 9 512 36 1476 76 303 5 856 53 1148 84 769 101 426 51 1482 9 1344
242 22 71 35 154 46 838 20 1178 12 381 64 1137 13 813 56 346 58 644 16 1753 31 269 27 645 37 52 6 685 63 519 39 1315 31 1866 23 322 23 575 22 1078 25 58 53 126 19 746
243 22 71 67 1058 16 1470 13 1517 78 1133 6 115 44 966 29 1848 5 742 38 605 6 121 84 1009 6 698 68 426 25 22 59 205 20 103 3 1639 3 1774 46 667 7 1125 63 508 29 46
244 22 44 3 1082 4 980 15 186 2 759 23 404 14 915 12 627 35 656 29 1629 11 1288 15 674 37 376 15 766 7 1611 55 840 32 1857 1 776 13 1972 26 1832 14 135 53 421 28 1223
245 22 78 50 136 115 958 12 484 41 1364 73 387 15 905 68 111 41 1797 8 271 13 1264 26 90 48 1870 24 1257 15 624 8 1763 56 1557 40 517 40 507 48 851 8 673 18 437 20 652
246 22 40 11 1295 7 486 6 542 36 1946 21 933 4 1161 8 1815 11 1823 24 199 5 1033 27 236 16 1514 41 1138 8 1629 17 1782 25 1212 32 1533 58 894 3 1243 35 350 5 629 4 1379
247 22 53 6 1227 18 794 22 1102 51 1147 12 648 31 275 63 936 26 1281 24 1247 11 1203 81 1421 23 1233 8 1753 18 940 34 965 4 826 14 1816 16 958 15 444 15 1473 3 1063 41 291
248 22 52 8 42 80 348 4 1128 12 339 18 988 17 1261 11 1018 34 991 75 1565 3 504 43 1076 30 793 18 1388 27 757 3 1238 100 566 6 452 2 202 12 673 3 392 15 701 6 613
249 22 52 51 73 1 1652 1 1224 14 233 17 1123 5 1392 4 817 73 1964 30 1541 12 349 8 432 53 459 8 362 15 240 43 1459 65 441 13 1867 56 1830 31 1973 15 972 1 71 6 1586
250 22 45 6 1969 23 1941 27 163 1 906 4 1793 26 379 4 1099 20 843 2 517 6 963 23 48 48 1902 1 882 1 855 2 888 5 160 9 779 43 1250 20 502 119 458 2 1973 66 1647
251 22 65 21 903 92 1007 43 1464 18 1244 62 552 13 1750 17 93 53 1568 12 1496 28 1994 35 291 13 1362 3 595 9 109 42 1889 2 1605 3 1459 3 153 32 1469 3 1457 112 757 39 1691
252 22 47 24 150 61 1934 3 1118 8 1036 22 323 3 1301 2 5 32 708 9 221 1 156 15 693 32 124 18 1456 16 1024 1 786 49 1840 7 1782 46 1173 4 1324 22 1214 29 171 66 603
253 22 47 52 1980 36 783 4 1738 6 1659 18 514 10 766 27 1541 16 26 15 1988 9 7 21 948 19 1878 54 1659 27 403 8 136 25 1564 4 1525 67 1071 44 638 4 562 8 777 4 1497
254 22 49 1 95 77 839 3 1774 47 1143 10 122 11 1073 13 908 30 953 33 967 14 670 3 1691 3 449 17 520 28 1768 22 1486 6 592 14 1142 26 568 2 1949 17 160 65 722 50 1164
255 22 78 31 349 21 1017 7 1314 85 331 10 117 156 1851 12 1362 42 541 41 546 2 1433 26 739 6 304 21 863 50 1636 6 546 26 758 5 647 73 1984 51 779 6 1095 45 1478 67 1875
256 22 59 20 405 63 921 73 1517 16 1927 47 1455 7 935 36 879 13 1350 27 842 3 1337 5 92 56 821 64 405 9 399 24 849 4 1135 32 1260 1 1779 21 195 12 1326 5 1008 55 671
257 22 51 13 215 3 1854 13 1698 19 176 57 122 1 982 41 721 7 807 42 1789 12 960 2 1485 16 582 62 1964 19 1232 42 1244 59 1634 18 783 1 626 47 1710 8 1034 32 1196 3 799
258 22 60 48 698 4 707 13 1809 20 1591 25 1527 55 347 4 1542 47 247 5 1675 21 80 12 396 36 943 15 1525 6 1946 105 605 10 1345 1 1189 79 926 29 122 15 1552 9 1553 50 607
259 22 51 11 56 15 987 33 1471 11 1109 19 901 27 1977 9 1811 29 813 5 1415 22 116 12 879 10 696 4 1284 25 1394 72 183 48 991 1 1287 3 1215 60 791 37 365 3 1190 56 1338
260 22 37 12 1415 83 250 29 707 4 1291 17 896 5 624 3 1066 13 1491 19 221 9 1355 10 119 8 360 21 878 1 33 26 1353 11 1377 8 149 6 196 35 1980 2 538 31 345 23 591
261 22 48 37 1116 5 377 14 1652 10 205 3 18 28 1867 10 943 2 472 42 489 18 1823 13 579 2 422 16 193 34 676 48 1403 38 1681 24 698 5 1944 17 153 8 851 73 1853 35 1583
262 22 38 1 1832 9 1285 26 1738 6 993 34 1082 10 297 6 1874 7 817 48 42 31 388 6 1820 23 1434 27 1062 1 66 9 1236 31 1734 16 1048 4 1070 2 262 39 1410 15 1964 33 434
263 22 55 11 1415 48 536 51 1121 35 1048 1 866 101 1474 51 1960 4 1940 12 203 12 162 2 141 1 1677 29 1720 22 1648 4 1797 16 556 21 1186 17 1649 5 1421 10 1102 44 517 59 1924
264 22 49 36 1403 19 66 6 1373 11 1740 18 1844 62 1768 2 1775 5 1252 70 1378 90 1233 13 1693 13 1687 26 1572 2 1780 4 1656 9 593 15 996 32 741 36 1803 5 855 12 165 5 1161
265 22 45 2 929 6 1331 44 755 38 1414 2 1975 4 1341 57 1799 10 73 23 676 50 1396 42 1640 31 699 35 722 24 1420 14 23 14 1554 11 111 10 941 6 435 24 428 8 1318 1 888
266 22 61 52 986 2 286 2 1953 33 1861 4 104 32 1822 31 376 19 310 27 553 26 69 18 581 6 1854 22 1066 46 1097 17 1049 66 1124 59 1160 9 1151 69 1410 45 915 1 4 24 408
267 22 51 45 290 11 1420 1 1840 13 599 21 389 39 100 22 1470 5 1759 39 1078 37 644 3 1851 4 1870 1 1305 19 1429 68 1835 60 1708 9 1011 8 1771 24 1846 21 1710 41 1226 26 744
268 22 67 53 742 28 1356 25 1177 46 867 9 240 6 1778 8 236 29 762 58 205 49 1462 23 858 142 863 18 1127 12 66 2 524 38 1446 5 1187 50 1367 2 160 11 759 14 1365 45 625
269 22 51 37 400 92 1316 5 1064 34 703 5 1833 34 1107 4 1032 10 533 23 523 12 812 51 640 25 1165 45 1813 4 1545 31 198 4 1935 14 1606 24 143 26 1066 9 1597 2 1348 20 1866
270 22 49 41 194 1 47 14 665 5 750 44 281 58 1798 2 1726 2 1383 71 575 7 702 31 268 7 1283 36 37 27 339 5 684 26 335 77 319 21 73 11 714 3 1130 1 328 8 298
271 22 57 18 382 39 94 14 464 7 776 5 114 11 791 2 925 28 423 23 65 6 672 11 1759 8 1363 8 1469 60 774 42 1995 43 196 75 1522 27 465 16 214 110 355 23 1971 3 487
272 22 55 14 222 79 396 11 1838 23 75 42 716 45 1837 35 1341 26 1214 21 314 33 892 12 605 27 497 5 1519 19 1026 47 581 34 1717 26 377 18 200 7 489 4 1636 4 362 20 1391
273 22 43 39 129 8 561 43 396 13 679 3 1972 19 13 33 615 37 1267 20 861 39 592 8 228 9 1925 14 1937 16 928 16 1014 5 1098 22 1988 26 792 16 1040 13 1480 1 511 32 1300
274 22 44 5 1017 33 1419 37 728 48 1122 7 198 17 1284 10 1984 18 599 6 747 32 583 31 1420 50 255 14 967 6 1554 9 33 4 1611 30 457 16 1887 8 526 13 204 11 1342 39 112
275 22 70 25 449 30 1174 130 196 23 1023 8 614 6 793 3 622 30 1029 17 1255 25 1474 86 1709 25 485 11 373 87 1277 26 1416 12 1857 48 1621 61 531 10 1659 34 1382 2 1888 9 1913
276 22 41 35 1951 72 509 2 828 6 579 23 1740 44 1037 8 13 22 513 11 342 47 678 10 1072 44 1506 3 810 4 142 7 635 2 26 23 829 1 1122 15 1847 1 996 3 540 36 1224
277 22 70 25 670 22 538 59 1075 25 1894 74 1782 1 1047 11 1338 23 247 44 1454 13 1812 93 1908 40 1486 23 1624 5 1862 6 1989 5 331 21 344 27 1369 45 1588 10 510 32 1609 99 1834
278 22 47 23 129 10 274 1 1831 31 1691 38 1559 2 486 18 1135 9 1435 42 146 25 850 17 1251 22 429 19 1815 35 1742 6 695 8 275 51 1262 24 324 4 1304 34 460 15 1125 44 1498
279 22 65 8 1993 30 671 2 462 10 731 24 1139 26 1561 23 135 23 1611 38 390 50 1916 37 595 18 1688 36 1963 8 1406 11 969 21 796 39 1613 5 1920 91 1805 96 1840 33 837 22 1903
280 22 57 6 1755 13 433 7 1074 18 846 32 1332 8 1237 47 984 7 1493 17 1780 1 70 15 1445 61 419 27 1660 50 735 11 542 99 1672 49 154 27 637 39 921 16 985 20 55 3 867
281 22 45 20 743 14 40 26 1636 16 851 3 592 33 376 6 592 10 790 3 1106 33 1235 9 1832 9 326 44 1955 9 839 41 1997 11 374 19 1167 37 1744 46 1614 22 1879 3 715 37 1767
282 22 41 6 297 15 849 1 1402 25 1303 24 1804 11 866 13 1451 27 61 19 323 38 995 7 819 11 1372 11 1206 25 1851 33 550 62 779 1 193 4 683 5 1190 19 1817 16 697 38 615
283 22 61 13 1665 1 35 11 1136 6 1083 40 1179 47 1099 15 198 13 1035 24 365 79 503 18 554 77 834 32 1566 12 77 7 1117 44 1732 62 1392 66 1384 2 610 10 1980 17 1045 16 501
284 22 54 6 1071 21 1810 16 1638 20 1647 3 1302 28 799 12 586 22 1925 27 1250 21 1627 39 1155 2 1266 25 1202 10 1270 108 663 7 866 21 1821 105 1112 6 841 8 624 13 1440 29 643
285 22 69 36 744 2 1858 19 1864 12 1091 3 440 34 1584 4 332 3 978 9 1637 27 693 60 916 3 1692 22 1039 58 1383 45 1199 98 173 26 1784 46 449 71 1317 48 357 50 37 19 266
286 22 33 6 1808 13 288 18 68 17 1383 10 1461 7 1440 3 813 4 421 28 1648 9 849 2 119 2 249 30 1953 13 1161 35 570 6 548 11 1880 80 588 5 25 11 459 18 255 7 971
287 22 54 16 1991 26 444 7 1590 4 635 7 1482 17 1558 28 1631 44 86 2 1684 62 197 22 1447 43 1923 61 481 6 1486 52 1954 2 1058 63 375 8 1064 17 1281 17 1264 21 1183 22 1223
288 22 46 46 1181 21 949 19 1678 65 442 13 1034 70 1405 24 161 16 1049 10 1532 29 946 1 350 29 1163 13 459 28 1875 9 735 7 1998 3 668 6 152 29 281 7 1835 12 1484 9 1573
289 22 41 23 1805 1 1401 1 1020 13 695 2 1151 30 613 27 1921 49 1865 23 981 5 271 7 932 39 1061 6 1620 27 1993 18 1010 12 1792 40 1409 44 300 11 1436 20 1420 16 1381 5 1068
290 22 57 2 1868 3 814 30 1555 84 705 12 1899 8 698 45 515 39 1228 15 1392 29 1397 44 211 24 233 38 1346 17 187 24 932 2 1577 14 160 18 882 56 1738 27 284 41 613 2 1993
291 22 59 91 1696 39 1456 23 493 48 663 8 36 22 1351 66 1698 5 1945 42 934 4 1976 45 1010 50 609 7 1465 7 1437 9 1922 33 756 2 875 34 786 7 507 5 1180 3 1410 49 144
292 22 56 14 1502 10 1242 3 1017 7 369 62 148 31 240 42 1210 13 1561 30 1386 20 135 7 1793 31 811 22 1203 25 1361 69 720 48 182 55 143 12 1225 20 1044 21 800 21 1054 1 85
293 22 52 6 263 14 601 8 266 51 249 19 161 15 115 6 1846 41 1504 18 896 39 870 19 681 21 1238 46 1903 16 1953 6 1483 5 1175 28 1311 49 1608 7 1299 22 368 21 883 69 1517
294 22 61 1 1517 85 287 26 1034 26 245 101 1309 11 785 34 308 6 1874 95 1447 15 1842 8 1324 36 1866 8 1551 1 1047 46 1094 30 1587 4 386 19 296 14 1594 14 1265 7 707 32 1988
295 22 53 40 1841 27 178 41 785 14 1393 21 1466 31 1903 40 634 11 1489 3 719 2 1451 18 387 9 243 19 934 30 89 49 1697 20 652 7 225 6 1212 18 876 18 1440 14 378 92 160
296 22 56 1 933 68 219 15 1157 38 1360 58 437 3 1199 5 1226 5 1356 60 1090 30 1726 5 1396 17 1767 16 537 10 15 3 1755 7 29 66 770 5 1497 69 782 40 347 42 1178 5 922
297 22 61 39 819 29 529 13 1943 20 1804 28 439 28 1959 87 187 18 1835 10 1693 6 181 34 815 4 416 2 1962 42 995 65 1778 29 1810 29 361 53 1267 13 1505 1 1067 45 1216 23 1531
298 22 54 13 304 41 95 76 432 50 1285 11 453 24 309 43 459 43 1923 15 1239 21 752 36 1242 23 43 18 1837 31 1708 33 74 6 1253 3 1367 3 1560 3 1220 16 1270 29 729 3 497
299 22 62 49 1908 10 823 39 1528 59 841 16 1904 54 366 9 810 3 1575 44 1644 20 1882 71 684 32 9 11 1442 75 1000 47 1669 3 946 18 1067 37 172 1 1566 4 421 17 1909 2 695
300 22 46 11 665 19 667 6 502 1 644 4 624 46 577 19 1851 2 695 20 1222 40 94 33 136 76 1292 3 866 28 33 27 180 21 1712 20 431 40 1853 8 694 7 526 26 845 3 1639
301 22 49 8 1435 24 4 44 212 53 8 22 1532 37 1726 13 793 63 1765 29 227 1 1037 19 1197 42 1644 10 1326 3 89 30 1048 9 481 22 1417 5 696 8 823 25 870 7 258 22 1050
302 22 44 4 1380 30 331 20 1707 9 601 36 777 24 44 2 793 43 894 6 677 34 1215 45 1827 27 903 1 1586 15 1005 20 1893 10 1189 8 670 33 627 1 1333 28 639 41 1829 9 1375
303 22 73 50 96 32 299 11 1375 59 559 46 1521 10 221 33 393 60 1153 4 1390 8 1870 35 977 37 313 5 1102 55 1244 17 954 7 1095 20 351 107 1113 54 979 10 501 60 1372 11 802
304 22 52 10 54 44 88 1 1195 53 1940 5 135 22 822 6 1191 19 684 1 1807 14 1395 106 895 21 1568 7 1653 57 1239 17 980 20 595 31 234 35 1425 14 1995 15 1864 3 1948 23 1456
305 22 59 68 1942 14 715 5 1118 42 1492 2 1775 36 783 9 1711 18 1137 5 40 8 1070 41 1825 8 99 24 1580 50 276 25 641 59 497 28 22 46 1644 11 234 21 274 44 1427 26 406
306 22 70 63 1877 32 1514 91 1111 24 524 3 1467 21 1166 23 903 23 190 17 1724 27 1596 64 1404 21 49 37 1397 29 1401 1 1978 32 935 3 475 63 1790 5 392 17 835 58 127 55 418
307 22 48 26 1445 10 584 15 1802 51 530 20 1294 16 1089 44 1301 10 1313 62 598 9 1716 35 1567 25 1106 21 794 9 217 8 928 20 930 2 1263 28 217 6 1535 10 388 27 1562 29 240
308 22 78 50 102 89 751 63 603 3 1579 77 1757 1 1171 38 1350 24 988 93 1402 20 350 25 717 6 564 5 1873 54 1968 26 1822 7 380 22 376 16 157 82 1956 13 4 7 77 62 1494
309 22 56 7 708 12 817 17 1564 31 269 22 1224 8 1208 31 1627 22 359 48 1912 109 574 49 303 56 1236 13 656 10 607 8 249 4 846 6 447 25 1581 3 1808 12 76 3 1164 72 925
310 22 55 12 1752 42 1161 14 296 9 1606 61 12 10 1216 63 1107 35 512 25 1805 39 1570 23 1312 7 948 25 1017 5 1694 39 463 17 1723 11 1911 30 1391 12 287 16 1165 54 305 4 772
311 22 50 84 591 33 435 10 635 8 392 9 935 6 1301 44 1157 80 1213 5 1045 9 981 1 1473 16 1106 14 1577 39 1070 14 1819 34 1742 1 431 14 1490 3 941 24 634 8 766 53 731
312 22 46 8 1676 6 65 21 51 71 361 25 917 47 1336 4 1421 33 1411 3 554 32 897 16 1886 2 566 1 1140 13 926 8 861 41 1589 51 1531 30 1785 5 1410 41 964 2 419 2 569
313 22 60 28 816 26 1835 29 426 18 916 25 548 17 1619 31 539 32 880 50 1083 44 1592 13 747 2 387 38 519 90 850 24 450 7 1780 25 101 26 1795 21 1284 12 157 42 554 1 89
314 22 60 12 695 68 555 88 581 51 1475 18 938 8 501 29 433 21 37 1 80 37 1051 49 183 2 1067 27 439 5 154 8 160 11 1275 52 683 7 159 6 275 26 1968 50 466 27 1955
315 22 40 33 15 1 1017 12 1603 4 1126 34 894 20 253 6 764 22 1924 8 1583 1 1341 38 803 32 1362 39 1020 2 1192 13 1497 17 294 8 1776 25 126 29 845 25 555 12 700 27 1826
316 22 50 5 640 12 179 17 770 25 1012 52 1350 4 906 30 928 3 623 43 1591 2 1853 12 1631 67 661 1 850 52 1173 14 625 21 1882 4 230 71 262 18 1907 14 1130 17 1918 19 707
317 22 58 52 752 8 484 1 1306 13 974 8 1956 48 1188 8 1886 28 108 9 1507 5 848 12 1592 85 21 3 1704 23 607 35 245 41 194 82 1122 24 1236 27 1551 10 1298 58 129 4 1758
318 22 48 47 25 8 722 70 1848 8 558 10 1228 9 158 26 13 13 1831 21 755 1 847 14 959 47 553 43 1001 7 865 28 430 12 860 36 1155 8 712 2 318 46 948 10 366 15 1444
319 22 64 5 205 1 1699 25 894 17 1514 77 815 12 1787 82 1822 1 769 67 243 6 1313 20 107 93 1528 11 365 1 166 2 1775 23 1140 1 609 80 1325 27 1287 68 373 17 99 4 1755
320 22 42 14 1407 4 1281 22 1874 34 1744 12 771 1 1870 12 1371 42 608 39 558 58 1584 7 580 2 755 36 96 6 142 27 636 2 998 22 247 7 1073 4 776 8 1156 2 1321 62 1077
321 22 71 97 913 52 437 48 428 14 940 36 1760 49 1335 5 1534 12 923 46 988 26 1382 10 1804 11 5 13 1692 28 1303 21 1296 11 1017 30 1018 73 678 83 1937 19 79 2 341 26 1245
322 22 49 4 1883 24 1929 4 1121 22 1875 17 1677 17 421 39 1730 39 138 63 1825 4 292 27 495 4 1082 69 454 19 1642 49 859 11 460 8 672 24 938 45 376 6 1222 2 1064 2 1091
323 22 50 53 316 1 756 10 1606 10 237 36 1951 32 1441 47 1480 3 256 79 206 7 406 36 1839 4 805 13 264 2 1659 17 26 7 1116 53 516 16 1156 12 1534 2 185 50 887 18 1124
324 22 46 2 172 17 1577 22 1987 13 1493 5 1462 23 1403 42 770 51 931 37 1397 2 1524 46 1178 8 137 26 745 28 677 4 1905 2 1507 9 1568 67 270 34 1059 12 1835 12 1497 2 176
325 22 54 7 503 4 298 8 555 51 371 21 344 29 1320 7 1108 18 1544 25 1148 28 1667 41 1796 28 275 3 1186 10 569 30 631 41 268 11 1345 39 416 62 1590 2 1437 38 1062 38 1750
326 22 59 2 404 2 1529 83 315 39 243 68 81 57 655 8 1742 43 916 5 962 57 533 13 444 4 650 3 1031 16 136 61 1056 1 126 66 1479 2 1082 23 452 31 1138 7 1885 8 1185
327 22 59 2 1169 23 1339 46 22 19 710 9 737 29 945 7 836 56 1662 15 66 29 271 9 226 2 708 61 687 17 1382 25 1287 40 351 39 1500 3 1984 10 1843 86 86 15 1202 50 883
328 22 44 18 1163 2 1076 4 79 11 1832 5 1158 32 1644 23 933 89 968 21 432 12 89 4 1790 29 1348 32 742 26 917 2 1431 26 1409 5 120 12 1827 52 1347 16 740 19 114 5 1054
329 22 60 2 1500 45 1138 96 1685 34 392 9 1458 20 1635 21 1274 95 1742 31 1601 19 1722 8 551 64 1513 35 377 24 554 2 862 2 161 20 1077 4 1238 2 1748 3 1137 53 1938 14 1142
330 22 42 22 147 45 641 14 1020 3 1588 47 788 1 1078 8 1099 2 1079 21 480 38 1839 2 218 1 159 20 1725 25 1202 17 880 57 47 7 321 6 288 7 1085 50 1559 17 1291 14 1837
331 22 44 5 1802 13 803 2 1957 5 794 3 524 15 992 27 1981 9 1864 2 134 7 1367 4 1632 7 86 48 72 3 1984 64 600 28 974 47 1182 83 606 12 1845 13 562 37 1857 6 795
332 22 57 30 415 39 1179 9 1386 6 979 70 432 77 178 6 1093 3 518 4 1709 19 1401 1 979 14 151 17 1246 65 1191 66 1995 36 963 1 614 42 1629 21 1711 3 1945 5 242 45 1293
333 22 71 21 820 70 912 76 1240 27 664 10 1383 75 1711 3 241 40 135 19 551 71 1119 3 531 36 1233 40 972 25 614 14 1692 3 961 9 1511 9 189 31 278 69 1612 4 168 56 1720
334 22 70 92 1277 52 1950 19 1740 7 1016 40 161 68 1454 12 346 3 1011 35 275 27 1542 19 459 71 836 31 1074 38 818 23 1010 11 1829 41 895 3 997 7 1799 3 1542 84 674 20 196
335 22 40 9 1522 10 1901 2 1074 83 663 2 374 38 1096 2 165 48 378 31 672 10 223 6 1366 3 467 25 589 35 1543 30 339 13 543 2 1639 3 657 2 1060 10 1636 18 1715 24 924
336 22 54 22 663 23 1480 120 529 51 458 21 1318 13 1271 6 1068 30 761 8 1126 11 1781 5 1602 15 1253 11 837 7 957 44 1417 10 1529 1 584 79 229 10 81 23 956 8 1967 22 780
337 22 66 4 387 18 783 52 1782 46 45 36 1770 3 1963 37 1289 44 1039 17 1581 23 1667 2 1599 100 1422 22 40 17 770 7 1209 30 1531 33 1954 10 25 30 1016 35 288 1 1931 102 1559
338 22 56 10 1740 34 1740 65 1376 10 1562 53 827 5 1204 22 1372 1 652 37 1935 6 1088 41 1681 38 1434 83 977 14 459 13 1982 13 749 1 407 25 1095 6 320 30 1297 43 369 19 1382
339 22 51 47 1728 24 1930 6 1492 54 1845 10 1609 25 792 44 538 5 379 5 488 20 1765 3 1395 5 1583 37 57 24 606 37 1194 15 1471 17 285 64 129 23 131 10 1976 24 651 15 1757
340 22 46 2 589 14 99 43 997 3 1586 26 1636 7 935 42 1023 25 489 3 1802 36 1937 33 156 19 650 87 1961 3 1447 25 1343 16 1854 7 640 9 1816 29 1395 11 1765 12 1539 8 1121
341 22 58 21 1012 57 557 5 29 21 85 25 1521 17 1124 40 1996 16 1341 103 1438 13 1250 15 195 8 1769 9 1295 74 186 54 846 16 972 16 1617 17 1042 16 355 17 587 12 1271 15 1901
342 22 49 1 29 22 905 22 1616 84 361 28 1155 1 129 47 1836 26 80 6 1161 13 1321 12 1305 1 1616 40 693 26 1761 61 8 15 931 14 388 12 266 27 1412 1 568 30 499 6 1727
343 22 52 35 1333 21 1052 11 1291 7 852 23 1322 13 81 33 851 35 19 22 1538 36 1160 20 580 9 1497 46 700 29 313 9 1374 48 952 31 1159 39 1017 11 491 3 179 36 1498 10 1979
344 22 45 25 1377 16 1958 5 1725 129 467 2 1593 3 567 43 1082 5 1374 50 408 10 379 8 1819 14 1951 3 89 25 677 7 1337 3 101 6 1567 37 320 17 80 12 155 7 1579 27 898
345 22 48 28 615 40 1479 5 172 19 1453 36 1318 4 1513 8 1004 19 1269 3 1410 23 701 4 651 60 1523 8 701 9 911 76 55 5 1609 19 514 10 1349 12 1265 76 73 13 181 9 1944
346 22 38 37 1925 16 941 26 471 11 1259 46 1524 62 1705 5 75 14 1576 4 382 12 248 16 1693 7 1829 18 1834 9 1241 13 352 2 866 7 1076 15 1357 20 1646 35 516 1 30 11 352
347 22 46 82 830 44 1691 3 1567 1 1429 31 1137 1 91 26 1369 12 250 68 1113 28 13 9 878 6 624 7 1118 6 1383 1 1132 14 191 19 306 1 1986 30 195 53 1401 8 1617 10 1123
348 22 62 5 869 29 1675 19 804 38 964 4 1841 7 1842 30 308 45 191 4 1300 62 1559 51 1818 33 163 36 463 12 1166 1 106 28 1177 19 214 19 743 20 1769 24 1554 2 1878 136 1162
349 22 56 28 844 3 1264 78 456 27 1276 29 116 19 1047 5 1335 17 339 12 1247 3 1648 76 38 24 486 10 11 4 371 5 1678 9 1995 6 560 82 1238 14 1420 6 1487 61 1136 50 1176
350 22 51 7 1517 1 1369 19 211 132 1861 3 477 24 1610 27 386 23 37 15 1483 38 1703 7 1991 2 401 10 1084 4 922 17 887 5 1168 66 1229 5 716 33 33 6 1121 12 1322 58 678
351 22 50 10 1927 22 788 15 1071 1 874 1 160 38 1201 50 1392 2 402 9 1233 82 1245 1 866 11 528 17 947 21 1719 28 1410 1 1056 34 1309 5 1306 2 923 26 1441 36 949 94 959
352 22 59 52 1299 14 1254 18 468 49 204 42 1026 10 1332 21 269 2 585 55 1202 8 1222 7 1728 23 207 41 819 14 282 23 821 10 1526 6 1280 89 1933 7 379 32 361 64 741 6 969
353 22 48 19 1185 70 1896 33 1021 27 1674 14 1671 1 818 34 644 25 1295 1 1002 15 402 17 1424 7 744 26 838 17 605 18 30 11 1634 85 1236 14 778 8 716 23 457 7 1607 11 852
354 22 55 9 1667 38 1188 5 1318 19 1801 41 616 1 1198 44 241 51 1784 25 895 4 951 23 794 15 698 22 1827 32 1305 2 1334 11 879 90 458 3 1504 7 620 6 1167 33 351 78 769
355 22 45 73 1096 45 135 24 534 6 1017 10 1132 32 1834 1 1126 39 143 1 93 9 220 72 1794 30 936 25 1567 10 331 5 1634 1 1444 15 656 3 899 3 854 7 1738 13 170 34 642
356 22 57 26 779 15 1178 7 1375 38 584 41 1253 38 1147 23 703 11 773 61 509 30 1910 29 1684 41 823 10 1162 28 1700 1 49 14 948 1 885 59 461 4 1098 47 1345 48 298 6 1041
357 22 69 10 1077 21 920 21 598 2 1409 21 330 2 1074 28 912 2 1350 30 132 9 335 27 1789 29 802 127 1621 18 859 58 1096 66 356 36 165 90 17 46 1291 18 133 17 1749 16 625
358 22 77 7 1088 146 503 3 1653 62 1302 54 1792 9 1130 24 1850 28 473 78 674 31 1181 8 56 8 1510 14 769 44 462 48 1325 23 268 59 542 53 1885 36 1705 12 1086 9 1281 22 1247
359 22 60 35 687 66 1813 35 387 48 1004 16 157 2 359 29 453 62 1988 15 105 17 1355 28 442 38 1559 23 1364 21 431 53 882 18 1893 20 1421 8 262 4 1389 30 433 30 1446 3 694
360 22 68 9 675 2 1092 4 3 25 1437 14 538 39 690 36 4 44 433 20 1139 31 1081 43 1064 13 1487 4 29 14 43 37 1577 77 1412 58 248 122 1047 1 1286 1 370 47 35 39 378
361 22 55 47 1867 19 1356 13 1395 24 743 30 353 47 1158 12 584 15 1658 4 163 18 874 40 214 15 1586 16 324 60 1009 32 806 34 935 34 1838 24 1116 12 125 51 1127 1 303 7 1018
362 22 58 21 1992 23 270 19 18 107 1023 6 1307 73 1051 23 1728 6 1044 7 293 27 166 12 879 6 556 6 198 13 209 1 1030 53 1577 8 1057 63 1649 29 1799 31 413 6 664 42 220
363 22 50 22 1288 6 213 52 213 54 1801 24 1995 28 952 13 1823 18 998 35 512 6 483 33 1288 10 1766 31 1739 39 716 6 162 3 1208 45 1338 40 194 2 1203 20 692 18 1561 1 225
364 22 39 18 766 54 73 16 1804 10 1244 5 466 22 1299 5 1675 13 83 8 1560 18 1669 31 381 22 508 41 399 13 1644 49 389 1 309 10 1969 22 1769 6 1698 17 766 9 807 2 1586
365 22 69 36 1332 37 116 24 446 57 1259 16 1130 7 1993 4 1146 24 1610 70 776 12 267 48 1623 36 1376 27 1066 27 1274 2 3 13 394 8 1160 19 1022 65 706 13 1490 129 931 25 628
366 22 30 9 690 9 43 10 1361 2 1202 29 1989 28 1210 1 449 22 526 11 389 7 1058 29 266 9 1188 14 198 34 1547 14 1889 18 1064 3 1443 13 475 12 518 1 973 12 1337 16 641
367 22 68 14 110 4 413 23 1907 59 445 40 1048 17 866 24 1442 57 168 38 1189 65 406 13 1546 25 983 13 1978 18 1281 15 26 44 131 23 1945 92 1961 12 1093 16 1231 17 1701 58 16
368 22 59 29 1766 12 583 1 260 48 709 120 224 16 1681 12 1262 24 56 42 72 95 238 44 354 17 1100 2 350 1 783 11 1697 21 91 7 914 5 1802 47 24 19 593 15 16 5 430
369 22 46 7 479 50 319 19 166 5 267 29 1015 22 619 14 239 4 858 32 575 37 315 45 1672 1 1816 14 1380 1 280 4 1418 31 485 10 277 29 835 39 39 41 941 30 399 3 285
370 22 45 4 1840 71 1988 18 336 10 1005 19 1760 1 1327 24 348 4 256 5 1349 65 474 12 1581 8 406 9 308 57 1797 7 92 35 22 20 1831 26 1717 12 1226 3 514 26 1252 15 1536
371 22 54 28 751 57 230 14 1353 72 1698 42 176 6 600 29 1640 1 65 2 750 34 1605 31 1856 15 1979 4 1999 29 227 39 356 30 1449 3 1139 25 652 10 1994 17 1432 1 759 51 1230
372 22 66 44 1325 60 1858 82 1935 52 308 35 809 20 396 2 1509 22 226 67 686 23 918 33 1927 17 419 31 1962 11 1300 10 213 23 95 35 813 28 1898 8 1903 7 439 24 789 32 604
373 22 65 6 1741 35 167 137 1024 18 255 24 23 47 1311 1 410 12 757 4 1341 22 252 21 192 40 1132 4 581 10 1665 38 684 26 1460 98 1049 15 1742 52 652 20 1222 24 860 1 675
374 22 65 31 1230 32 345 29 641 25 1607 18 280 44 821 51 257 7 891 53 1477 1 1202 37 355 58 341 83 198 8 1335 6 1999 37 947 15 1288 24 913 18 651 34 1671 28 1298 18 410
375 22 41 2 1855 12 1905 8 802 11 486 85 1765 15 169 9 155 4 1781 4 1785 16 342 5 1386 12 675 4 68 25 434 22 534 2 1498 7 911 84 18 20 114 13 608 1 80 49 1006
376 22 57 1 467 31 1920 53 748 42 25 1 1985 18 667 21 1629 116 1512 5 1882 1 90 93 86 8 548 8 99 44 1246 12 883 9 168 18 383 46 1967 3 1906 23 105 2 1177 23 141
377 22 62 22 1434 21 126 45 132 26 693 3 1299 68 124 9 330 7 1498 71 235 41 1886 31 1198 93 659 30 513 8 1721 5 129 1 1976 33 1084 22 291 27 1934 6 273 26 1690 32 870
378 22 74 22 1660 40 1249 11 879 67 1259 44 1844 59 1682 39 663 14 724 36 1939 3 344 75 912 101 31 5 1976 37 1891 3 1132 35 102 22 1041 89 1203 19 898 6 863 11 907 7 116
379 22 75 15 1961 1 1697 72 1434 13 1533 6 221 1 28 54 1200 56 307 21 414 72 1602 29 1427 77 193 5 354 54 774 18 1775 51 374 72 1628 58 736 22 293 5 72 6 112 44 171
380 22 27 48 970 7 1707 5 1945 5 1765 4 1998 5 928 11 1609 25 43 59 1237 7 201 1 1976 6 1033 13 138 14 647 7 1636 25 1636 3 974 1 529 3 849 10 1270 14 289 2 491
381 22 31 25 392 17 324 16 1949 28 1314 2 173 11 942 1 1555 6 1822 43 1707 14 1816 32 918 11 1967 2 767 3 497 20 779 6 1259 5 1865 31 1918 23 228 12 1984 2 1954 9 1385
382 22 41 30 778 36 12 2 1270 20 1964 6 1598 3 1596 10 614 7 1913 13 879 15 982 10 592 6 959 30 865 9 1378 21 118 6 891 35 1940 25 68 55 1615 54 24 3 598 20 53
383 22 50 13 83 12 1095 51 608 2 1111 39 1090 59 1009 1 192 13 1224 16 1336 2 1898 10 4 50 776 3 1958 35 1170 8 580 45 1808 79 1959 2 968 9 644 40 581 8 214 12 1162
384 22 47 12 1466 9 372 34 1599 27 682 42 1582 19 1056 7 691 18 552 47 1718 37 1428 32 1256 26 416 37 873 17 1998 30 1753 10 178 14 1259 11 1557 12 550 17 241 3 8 15 1091
385 22 52 10 873 53 1181 18 1378 30 1518 36 1835 18 268 4 945 2 416 6 658 35 450 38 1467 2 1558 19 1724 36 1406 17 1861 28 1712 42 1109 57 306 21 486 25 1610 19 1114 4 702
386 22 59 83 116 40 1506 1 1212 14 1623 32 607 72 966 50 600 14 1340 41 1213 2 1090 64 1535 6 684 15 1699 7 384 34 236 54 1343 22 1005 10 1426 13 171 8 38 2 17 13 1869
387 22 46 13 985 2 1390 9 861 21 1020 2 558 33 1783 13 641 25 78 5 1387 61 1522 4 1303 11 14 27 1574 7 102 18 724 8 473 29 1944 55 1834 59 376 6 619 40 357 13 1172
388 22 42 1 554 29 663 41 359 40 148 11 1895 4 523 27 1939 14 1129 56 1698 20 952 17 1770 18 934 29 1617 6 1871 4 1481 12 502 17 1810 5 1977 35 814 15 431 6 1361 17 1335
389 22 51 27 980 7 126 42 1174 21 1461 24 1905 21 1619 1 1018 50 1245 49 1494 26 1416 42 1449 39 813 15 1592 20 602 14 1955 3 285 26 1930 1 1445 7 1380 5 42 10 1577 66 839
390 22 49 29 815 23 893 41 419 37 347 32 874 4 1940 12 624 26 1011 15 67 21 1354 11 720 7 336 14 400 63 1259 8 1241 55 1004 29 1566 1 1360 3 1240 26 768 39 1017 1 547
391 22 56 55 882 31 697 29 1058 34 1021 50 278 15 1119 29 697 3 314 29 1550 24 1379 16 562 13 1885 31 1668 15 1366 38 788 16 1886 72 433 23 1419 16 1130 12 955 9 1957 2 385
392 22 65 16 514 17 518 15 779 2 1230 28 279 7 233 13 1216 52 1226 16 1239 75 1933 14 80 43 890 16 1164 16 1405 11 1441 43 524 37 731 73 1422 9 928 2 548 83 880 65 1703
393 22 61 39 655 11 52 30 1450 36 1570 1 1904 8 430 5 1929 57 685 33 1582 43 725 16 1947 28 706 12 1217 43 1241 5 1576 12 286 4 1513 42 1982 9 1004 29 1997 147 31 4 595
394 22 51 7 868 27 650 16 1475 9 153 59 81 9 1495 11 859 34 706 8 1355 26 787 56 373 29 220 7 1168 2 886 11 606 10 1451 42 154 74 1794 13 1357 53 1822 4 996 4 1544
395 22 64 70 384 21 1528 54 1415 20 259 9 408 16 143 8 712 5 762 23 1342 73 619 27 909 24 1018 39 1612 13 1561 5 1050 18 200 16 964 97 640 44 224 29 197 24 974 13 1269
396 22 61 26 1609 84 814 51 232 10 90 38 757 4 897 26 1686 28 1628 53 843 26 352 23 1680 14 1674 29 327 5 176 23 1544 16 204 51 1087 18 1624 50 1329 18 540 18 812 1 547
397 22 81 31 1011 5 1485 33 1240 28 750 21 548 44 368 2 1688 17 1856 24 1397 100 833 60 1475 43 1347 3 145 115 1397 16 1018 6 1080 24 47 23 733 55 466 89 546 28 1457 45 1814
398 22 42 16 415 4 1700 38 1585 10 576 1 767 54 258 1 476 42 1016 4 606 36 43 42 1587 17 304 3 610 25 1917 51 728 9 1957 24 1662 26 1813 13 329 2 406 10 1881 1 1746
399 22 48 12 941 11 1223 4 417 14 300 22 916 5 1960 15 1250 19 1497 11 580 6 362 8 1406 7 1662 2 635 49 867 44 116 3 792 120 651 47 1498 17 1667 4 908 12 1754 49 603
400 22 66 70 1399 53 1890 3 1234 1 1646 4 1220 16 993 25 498 90 1204 35 38 15 1230 7 1613 48 1069 57 1636 19 692 15 913 14 628 13 1711 51 134 13 1484 2 1368 19 1297 94 1543
401 22 56 8 212 123 1466 25 1420 4 451 25 1102 5 1754 21 1182 43 1369 20 195 39 1557 6 213 18 1019 2 565 13 1229 23 1190 20 1264 12 825 36 385 4 1726 14 290 27 1098 79 1087
402 22 50 46 486 31 1283 31 1711 18 115 45 396 39 885 2 373 22 1343 20 3 19 246 33 1243 5 1092 28 1703 8 1291 34 329 36 348 15 1721 9 1570 38 1060 7 77 12 1729 3 895
403 22 55 11 514 42 1306 9 238 16 1511 9 571 60 1858 32 1100 64 848 17 1749 21 1831 10 514 48 1714 12 371 15 861 17 1911 70 1893 19 211 9 699 18 426 46 1477 7 1826 6 796
404 22 34 3 992 8 643 6 930 3 1312 4 1182 13 176 1 238 25 751 10 540 14 1700 33 1958 8 1861 32 1415 9 1049 52 1602 15 1518 55 1804 14 1576 7 599 4 491 14 571 10 1132
405 22 53 29 1849 9 727 45 1677 19 1913 10 1237 33 1549 21 1579 2 1052 2 1643 48 541 5 859 13 496 36 1782 56 1979 3 1272 74 1093 20 1030 47 893 10 1389 36 1257 8 59 7 1390
406 22 46 2 1397 8 497 3 1302 5 708 29 451 9 156 32 392 7 1096 19 600 5 828 3 131 51 1647 32 730 3 1311 68 1777 18 1055 35 25 39 53 6 1710 8 283 28 869 59 1614
407 22 53 19 634 27 478 33 69 4 1819 14 1477 52 533 22 716 35 1004 1 476 11 1466 52 1000 24 1360 11 1776 44 857 9 1391 1 1978 33 31 47 637 11 1495 48 1353 6 1051 30 419
408 22 49 35 51 49 1595 24 68 1 740 6 354 14 1309 13 1221 12 364 3 500 67 1345 9 479 19 112 6 610 19 489 5 1383 22 1436 9 1858 29 1719 50 2 30 1605 34 1010 36 56
409 22 80 25 838 85 1392 9 1652 1 1948 21 1070 15 1899 37 1296 50 877 8 367 6 75 55 1378 14 540 8 1923 86 1608 11 624 60 1017 49 661 42 662 112 66 39 124 13 483 57 1440
410 22 44 23 1054 13 613 8 380 70 25 11 293 29 788 17 1189 48 1410 18 309 14 547 4 1180 13 1020 23 1790 25 392 22 1108 7 1487 3 383 18 450 46 811 9 150 15 1423 4 1178
411 22 64 42 364 10 1534 4 1091 14 1928 49 747 27 1396 3 1628 66 1164 40 476 11 96 34 647 31 1147 5 1905 2 1314 20 759 46 519 52 910 47 493 28 847 8 794 66 1312 40 844
412 22 59 42 106 148 354 1 921 4 1761 5 855 5 378 27 445 4 168 40 1222 17 1320 43 75 20 1456 88 641 8 420 26 1307 4 1983 25 944 10 1828 1 183 6 162 52 1073 19 926
413 22 46 49 1421 20 1422 6 955 4 1504 30 1903 2 1092 6 1984 52 1192 27 1722 19 702 2 129 27 565 6 1052 38 579 19 757 54 1329 27 146 3 1928 19 651 14 1927 18 1941 26 262
414 22 38 23 1656 12 335 12 1037 30 326 5 1310 15 929 15 762 17 260 4 1911 18 1442 15 1091 35 450 15 351 1 721 11 1781 15 151 3 616 14 1139 71 411 5 1368 29 867 16 1472
415 22 43 9 815 24 964 19 1572 8 438 17 1372 16 1897 9 927 7 1546 20 1835 55 475 59 1846 52 1313 23 744 5 1707 3 1432 31 367 24 1627 12 1414 18 1521 3 1018 4 1343 16 1102
416 22 45 16 423 83 1710 6 983 8 242 26 1530 24 1131 1 1376 49 1608 34 1405 1 1007 20 1477 20 1582 20 1848 6 844 25 1024 24 1863 5 761 40 1970 6 1923 3 549 28 1968 5 1858
417 22 53 117 1051 7 829 24 1163 1 378 38 991 17 1344 7 1042 21 243 20 1751 24 991 50 1082 2 1793 38 1283 8 1869 16 1835 38 531 34 1728 10 1927 10 1578 6 1254 8 664 37 470
418 22 57 7 307 22 1542 54 1524 35 1998 30 1310 2 1951 32 1297 19 858 3 1454 24 34 2 975 14 1574 23 330 9 1959 11 944 101 522 72 1430 16 1089 10 560 29 594 5 1759 53 1989
419 22 79 3 1014 18 915 50 1514 30 360 7 575 61 1298 33 612 48 1796 19 1236 122 973 15 63 18 442 75 1391 27 1837 5 1570 3 640 82 437 40 1262 35 1207 13 635 62 753 26 1761
420 22 54 2 718 6 318 4 1232 54 1961 17 1403 22 1109 23 827 41 454 14 522 5 1092 7 1193 11 185 40 921 29 1250 6 74 2 359 66 1724 29 1897 24 25 32 304 53 330 61 1866
421 22 50 8 1208 39 120 24 165 29 888 5 351 33 1904 113 111 4 1722 16 1227 5 739 25 650 33 559 21 336 3 1495 75 12 6 576 6 44 2 576 20 1766 3 43 34 918 1 331
422 22 74 72 381 34 530 31 648 48 371 6 1921 82 784 9 1646 21 387 30 377 3 1750 34 947 101 1541 59 1988 20 717 17 944 2 474 38 728 50 241 48 1741 7 981 27 537 3 604
423 22 53 48 241 10 1828 23 370 14 206 29 1089 22 857 53 1490 61 1681 8 1680 56 1488 15 946 6 1497 33 999 25 1224 20 1468 7 769 25 108 8 1932 18 913 3 1775 45 1523 7 589
424 22 44 2 1921 8 1201 11 13 16 128 8 1533 53 957 31 1676 16 1844 4 1431 41 1199 10 1955 24 528 12 162 45 1964 28 1275 26 1705 16 50 45 1518 17 1938 18 1814 8 169 3 1553
425 22 63 13 396 13 1165 3 1169 9 1732 17 1260 26 591 23 1678 30 1091 46 1312 75 261 1 644 19 1101 63 438 24 1495 42 1396 1 799 28 1068 5 1 30 279 62 1318 31 231 72 74
426 22 68 29 950 81 1381 11 276 28 149 70 1391 25 438 20 1591 58 1400 32 333 72 81 1 58 50 1988 10 1079 13 914 7 408 9 753 41 145 45 1804 10 762 7 1566 56 1396 14 894
427 22 57 5 232 14 457 1 503 32 424 69 1445 43 575 102 1391 15 245 14 1416 6 300 28 1274 112 688 41 1059 7 1462 1 1674 6 1234 54 1646 7 1649 2 321 7 432 2 1971 9 442
428 22 44 20 16 16 501 40 802 3 1970 83 1022 23 532 47 691 12 637 5 1780 13 1563 48 1557 2 405 2 746 29 1076 7 30 11 20 24 1599 13 246 9 1257 23 953 1 1006 9 489
429 22 52 16 1156 22 1734 10 833 8 798 15 1197 32 1455 40 1280 52 1752 2 1258 9 1269 8 109 28 1269 64 1812 61 149 11 418 30 1936 23 39 30 952 23 248 20 112 11 942 10 416
430 22 60 12 872 11 1318 9 608 3 960 44 991 22 363 18 1018 37 937 11 593 32 1481 1 849 51 129 4 697 77 1473 2 494 4 717 11 887 73 307 59 1217 53 1041 19 888 49 1794
431 22 50 20 413 1 1709 2 1279 6 1542 1 823 43 1336 16 664 29 1532 43 298 3 1734 15 592 36 1626 31 1945 37 1117 1 1408 6 354 56 1603 2 979 87 1317 12 1688 54 436 8 791
432 22 63 14 1177 78 1832 1 728 10 1694 21 1423 5 1369 54 640 5 823 17 1741 30 1177 8 1637 56 1424 75 193 26 702 30 1736 28 321 21 170 23 106 33 21 33 1964 16 1512 46 93
433 22 57 2 596 31 578 76 394 36 891 76 785 14 473 47 1399 16 1204 14 350 21 513 37 71 28 325 4 438 23 1115 11 417 12 475 38 1069 21 356 24 818 5 1053 13 1878 22 1530
434 22 53 20 1648 38 941 6 997 37 1319 18 484 14 736 5 456 57 670 12 1045 100 1196 20 1265 23 1223 2 593 17 497 9 516 20 1590 33 458 12 1562 4 796 43 541 6 1879 35 704
435 22 63 38 1243 49 1874 4 326 45 1073 47 22 8 1095 67 315 31 683 26 1834 46 643 13 763 29 194 24 202 4 568 2 1600 33 607 38 1087 2 797 9 251 64 1396 11 1244 40 1874
436 22 57 6 424 63 1751 30 1634 27 1916 79 414 5 569 18 480 27 1832 9 1791 40 1414 5 1267 2 713 29 426 1 25 11 828 5 566 37 285 57 964 6 798 43 393 19 1227 54 1303
437 22 43 1 294 44 508 53 1543 12 149 7 984 30 621 9 1841 5 1256 4 772 3 1957 10 95 14 314 77 1109 27 707 19 1712 13 1425 16 95 2 37 24 635 20 1540 34 470 8 1911
438 22 58 41 1256 6 549 79 564 14 320 30 589 64 108 14 1157 14 1049 16 1009 4 1098 10 982 26 913 10 963 12 1628 33 916 34 1071 29 58 31 544 35 60 66 301 14 967 2 1502
439 22 57 10 1839 46 1708 39 364 67 1328 3 550 20 75 6 102 30 766 46 1604 7 1856 101 177 6 644 22 994 29 1126 13 1910 11 746 8 1481 29 1077 41 1457 11 370 25 965 2 1484
440 22 49 46 889 6 1469 64 11 19 88 14 1525 4 1560 1 358 2 220 26 1379 74 572 20 1340 29 1742 13 1995 16 570 36 26 7 659 4 208 1 1967 30 789 43 210 19 756 23 1040
441 22 71 24 1646 22 464 22 512 54 1242 5 648 15 435 91 432 4 1659 39 1897 56 1452 39 1126 48 1728 30 1060 4 778 2 974 1 1735 41 1747 70 365 54 1221 25 5 38 1667 29 1279
442 22 56 6 1538 7 1198 21 1323 53 1791 57 1526 16 1214 10 747 44 1458 12 792 112 614 3 880 5 677 17 1289 10 1186 35 260 13 407 8 1402 23 308 8 374 39 126 26 162 41 1821
443 22 33 4 1749 5 1956 14 1941 6 45 1 102 39 334 2 359 3 511 2 1116 32 214 30 1800 7 1124 2 1793 17 1779 28 294 3 571 12 1764 3 870 26 1095 38 1179 46 388 13 859
444 22 61 40 42 13 689 5 250 28 1029 17 1346 18 1607 40 560 48 847 65 83 13 1187 37 750 14 818 46 718 15 646 17 1633 42 1743 3 1901 52 745 63 867 1 588 13 1516 24 1538
445 22 62 41 1282 14 113 19 1291 105 1423 36 942 99 1108 11 331 30 245 21 1176 12 1003 21 435 64 1250 3 1821 4 413 6 1289 43 911 1 1263 7 1309 2 72 20 69 33 404 28 365
446 22 47 16 739 40 37 22 1602 17 589 5 661 17 1257 7 773 7 1952 40 386 25 278 15 30 45 360 34 1343 69 727 4 1545 10 1272 2 1164 27 331 11 1441 12 1591 51 1088 2 1809
447 22 62 32 489 45 1911 15 963 12 1757 6 1434 4 258 3 506 7 1646 12 462 91 157 80 775 66 101 10 1927 6 248 16 741 6 588 41 1601 37 1120 35 713 19 1146 63 603 18 716
448 22 57 18 241 7 1276 36 929 34 1822 9 198 85 284 34 946 60 1001 44 729 2 969 38 1668 35 569 12 57 8 118 23 245 20 1388 27 1930 18 831 4 1892 12 755 24 1983 22 1584
449 22 67 7 1603 76 900 11 226 4 1792 3 811 32 1193 65 459 56 1900 1 1720 47 1326 16 1157 90 1699 22 1477 62 526 11 673 46 394 3 871 14 1327 37 907 33 272 20 1349 19 1660
450 22 72 10 800 12 169 3 1874 39 1856 19 1772 8 72 74 1306 9 161 18 76 53 1886 17 1319 36 1611 67 1428 28 1834 19 819 56 219 10 1450 12 779 62 1423 59 1046 66 1264 44 1035
451 22 49 31 677 11 358 5 1556 26 1976 5 1691 5 203 13 901 31 1982 7 498 9 637 27 1627 5 1428 9 122 55 1117 35 12 49 772 46 1956 5 193 30 982 79 1483 2 1406 9 1638
452 22 58 1 301 19 588 65 1875 53 6 14 1066 4 707 51 577 69 1603 45 561 37 413 13 1241 2 1787 10 609 10 1232 26 59 13 212 8 58 18 1629 48 1662 18 796 54 17 2 783
453 22 54 14 467 90 1972 5 102 12 1150 3 576 27 957 9 1049 37 1298 24 411 3 1990 34 291 29 803 2 1962 25 955 12 1525 15 1612 71 1527 11 86 8 696 7 282 102 1500 4 1778
454 22 68 19 1141 27 1971 26 784 36 1775 13 753 75 1715 63 1088 28 852 48 871 12 904 3 1201 67 313 25 844 26 1150 3 1939 13 1407 34 1286 6 104 62 640 68 186 17 16 9 1604
455 22 67 59 194 30 1982 11 890 90 955 7 378 3 354 56 533 8 1061 53 1090 6 128 28 1041 1 417 25 486 35 1243 32 299 10 41 64 1508 48 221 82 1680 4 1984 15 319 4 712
456 22 66 21 173 14 580 73 284 74 1293 23 1002 35 894 11 1550 34 1385 91 1519 5 189 12 1196 12 341 32 1208 9 879 28 1400 59 269 16 1518 39 738 33 106 10 994 1 1697 31 1805
457 22 46 44 1052 16 1139 10 322 7 1296 9 1106 17 1136 22 1688 53 1755 6 664 5 1418 61 1699 22 246 49 1047 28 684 15 788 8 1048 54 722 7 1949 1 1016 9 1887 3 1119 17 142
458 22 49 54 555 56 1271 2 360 34 1919 4 1888 22 1296 30 923 40 302 22 1187 5 1518 14 49 44 1359 23 1681 18 983 8 287 1 789 30 1742 28 1738 3 1241 22 1180 6 146 30 1323
459 22 54 20 374 42 1967 12 204 41 540 4 1087 92 1840 3 1107 23 721 48 901 7 515 2 118 70 590 38 183 3 1511 2 907 14 435 18 485 9 792 10 1965 50 686 6 1518 26 818
460 22 55 22 443 2 946 29 1441 3 1119 13 1946 21 1579 25 1983 57 1195 20 42 5 705 8 1923 25 303 20 844 15 932 83 1606 26 1714 9 1742 46 1472 62 1023 55 1374 3 1504 1 1521
461 22 44 21 716 1 1783 20 547 21 578 4 1251 24 1369 17 885 18 1563 63 1690 17 1510 8 971 6 1500 21 917 13 828 26 943 48 342 29 1511 16 1544 16 1490 13 1854 31 575 14 1627
462 22 80 45 1173 21 1346 41 33 93 574 61 590 12 225 102 1259 16 544 10 893 42 151 47 591 20 706 50 545 52 378 24 1190 58 700 57 250 33 684 4 999 3 283 9 1653 3 864
463 22 35 36 639 11 47 36 73 24 1817 4 472 8 221 7 1465 17 1828 7 257 3 1523 49 401 17 821 1 700 10 423 4 204 13 259 7 1545 21 667 22 485 2 1994 10 782 47 16
464 22 68 29 119 6 718 7 1650 103 1575 125 1213 17 101 17 65 45 278 11 1236 14 835 18 533 7 1798 24 876 64 1760 27 1016 21 1616 26 693 59 1503 2 108 7 1768 10 1886 47 1828
465 22 59 24 536 16 1725 12 836 15 89 10 1205 40 685 42 1973 12 267 12 1291 98 1958 9 105 17 521 41 1247 3 1718 4 1613 36 1241 8 835 6 341 53 940 14 26 46 402 72 792
466 22 48 10 1645 10 594 22 376 21 398 21 790 65 1450 25 159 9 645 16 1984 2 1419 2 453 24 295 26 1772 6 1977 5 303 92 1224 11 490 4 173 2 1862 73 120 26 56 16 1243
467 22 57 24 118 44 367 34 716 13 1939 38 1212 8 347 3 1581 12 1692 21 1686 27 1337 22 1870 15 1576 33 1419 46 1052 5 1425 35 259 74 963 61 254 14 387 2 455 2 14 38 1375
468 22 43 48 1219 71 1230 43 1340 13 1969 36 1193 5 303 1 351 14 231 1 1880 6 1837 60 432 9 681 1 998 43 665 23 238 21 1553 2 16 7 971 5 196 2 1122 8 1585 16 1088
469 22 58 1 1804 14 1134 14 1935 12 759 25 768 22 1639 39 1393 51 1401 65 483 45 1672 1 1761 21 1354 69 1205 20 1160 21 1971 24 648 22 1069 7 103 34 1016 24 1810 35 1911 22 1079
470 22 54 66 280 57 1851 23 1586 46 1036 2 657 18 711 3 1828 19 364 2 1509 1 329 16 430 6 1437 6 746 73 1408 3 179 9 1413 12 802 15 923 69 1399 38 1673 48 1545 13 823
471 22 64 7 645 53 1647 36 975 38 550 28 392 27 202 3 1631 71 1336 8 1215 57 166 17 1801 76 274 36 248 3 1909 4 530 32 994 13 1257 45 1279 7 1673 21 866 21 538 41 1837
472 22 40 8 1419 1 774 14 1 31 1153 10 886 35 1109 16 1694 29 1800 43 693 39 1728 29 1633 13 1804 10 736 5 682 24 1927 32 481 6 1317 16 1068 2 1073 23 1151 6 992 15 1444
473 22 43 10 1485 44 251 37 660 7 300 18 800 21 1565 34 52 4 1219 10 1402 60 987 1 752 22 1200 16 1461 22 955 14 642 4 1672 8 661 12 167 16 563 27 561 24 984 28 1862
474 22 50 15 784 5 42 39 1564 6 1271 22 1120 25 1383 46 241 8 450 4 506 15 522 38 95 25 25 20 1753 47 1323 10 125 8 661 42 1286 25 1334 4 1066 35 1652 28 6 40 679
475 22 59 1 1351 14 647 15 1435 5 1396 65 1278 8 1518 16 382 43 600 14 964 25 1050 37 1117 4 1387 40 458 108 766 9 1240 4 545 43 223 69 256 47 973 6 998 11 826 14 192
476 22 52 45 535 4 1699 17 806 39 711 7 1029 26 117 3 1220 65 1345 8 1384 20 1134 7 709 49 1272 2 742 63 1502 52 738 40 1121 17 1969 6 1821 31 505 4 666 16 199 3 137
477 22 50 51 1457 36 1167 14 168 41 1633 2 580 27 621 18 213 27 749 15 1659 12 589 81 1432 30 873 12 1936 4 567 20 877 6 569 29 1956 26 1982 34 686 9 240 6 1085 9 1179
478 22 43 24 1230 4 1894 56 441 24 139 26 433 10 1901 40 1606 15 838 1 1189 44 1944 3 608 8 531 1 1723 25 657 46 798 8 310 18 206 3 1347 20 616 14 770 38 619 11 956
479 22 55 36 265 10 1861 32 395 49 87 9 911 16 1299 3 248 20 433 2 702 44 828 6 270 15 857 36 769 53 1954 21 1519 21 1577 4 487 28 1640 5 1437 40 791 83 1308 26 875
480 22 43 38 611 7 490 30 706 1 1955 47 370 16 991 14 537 16 591 25 740 32 240 23 405 33 1518 7 851 1 1766 2 672 29 335 3 1162 28 497 22 99 29 647 14 1012 13 1825
481 22 62 16 1856 40 1760 2 1394 19 1378 77 761 7 1514 5 1702 7 1543 31 1589 26 520 9 1406 21 317 76 7 55 206 11 1822 26 770 73 20 18 87 24 1156 60 110 21 1106 3 1218
482 22 66 32 1549 16 1852 48 1618 42 183 96 1680 44 1086 17 1183 2 518 1 106 18 740 22 353 32 408 83 1340 40 1710 56 540 2 467 1 1445 6 1771 12 1814 20 1007 4 702 66 1746
483 22 33 4 508 19 158 2 182 6 452 24 986 62 614 16 1697 27 210 25 1958 72 291 4 932 12 516 10 236 5 495 3 1678 3 693 1 1707 13 42 2 1888 15 1807 9 792 3 1559
484 22 44 9 496 17 1187 4 1228 8 722 51 309 51 482 3 1012 21 444 70 522 7 274 3 1857 1 1770 43 264 44 268 4 638 28 434 3 1015 17 1136 14 1951 17 1020 23 299 4 1034
485 22 45 32 982 34 1336 2 1731 66 1872 1 192 11 1539 80 1789 30 1039 33 245 1 775 6 1756 18 1965 16 1897 3 1277 6 442 8 346 28 36 17 1876 24 492 6 1853 10 1881 26 1600
486 22 55 6 1278 60 1109 27 1830 9 253 14 181 30 1457 35 714 48 1441 44 1230 25 1418 36 1863 5 1859 32 341 6 529 44 1275 1 755 9 1917 59 13 13 1927 18 1592 12 1753 20 1951
487 22 63 10 1360 7 87 26 1189 38 1519 89 60 29 75 6 1166 48 492 49 1325 52 1667 1 207 5 1292 8 353 13 997 14 90 19 1421 43 1326 65 1011 42 606 60 563 13 1367 1 1793
488 22 58 15 547 6 834 51 1844 27 729 10 1396 42 1753 2 1163 5 769 6 685 48 222 5 1786 34 990 14 1509 46 1642 16 1470 27 176 40 1971 39 642 21 188 69 1023 19 256 45 854
489 22 74 21 1726 6 423 21 886 60 438 7 560 4 528 23 633 10 750 14 1420 16 1435 84 575 14 231 85 582 47 911 19 809 70 1113 34 390 12 1275 86 835 69 1858 36 780 5 132
490 22 54 1 1960 36 1874 78 418 73 228 47 1405 21 1118 5 209 12 310 14 1537 10 1562 6 948 53 691 28 980 17 1487 17 1640 31 516 10 45 6 1150 8 945 28 1394 6 1877 41 1037
491 22 54 7 1277 70 377 8 612 49 1408 80 716 8 542 64 317 50 1040 3 1117 1 1882 7 1040 2 190 6 202 15 1989 7 1170 4 326 6 977 31 708 15 1710 57 496 12 862 42 963
492 22 45 14 1633 16 1269 3 324 3 1399 50 1801 9 1107 43 1291 45 1069 8 1622 8 86 8 810 11 171 5 1670 15 98 31 609 27 957 52 1311 32 779 10 1279 32 1138 6 1005 25 398
493 22 44 4 1215 10 633 31 216 40 482 15 601 12 1327 81 1496 12 137 12 1910 15 346 1 376 24 1940 13 281 6 917 18 1202 46 1284 18 920 15 1263 11 1884 9 582 44 347 4 1850
494 22 62 40 544 5 555 23 88 30 746 15 247 53 1290 82 1481 6 1729 11 699 114 142 11 410 10 350 9 1116 10 1950 53 1244 28 398 4 1889 37 1696 39 534 24 554 10 1224 10 367
495 22 57 43 1799 1 1923 41 1046 37 1705 7 251 91 314 10 366 7 1425 35 587 7 1144 40 194 26 733 28 182 17 1760 15 843 11 277 9 1522 16 803 4 1519 7 292 3 1223 115 432
496 22 64 25 812 1 738 25 1079 2 1716 6 187 53 1940 7 1290 19 64 35 1818 87 900 20 1118 53 1217 13 1236 4 1893 55 1461 5 115 57 643 39 1463 12 1297 7 79 11 1237 110 1974
497 22 61 11 302 16 168 15 291 2 1197 29 441 69 1247 8 1621 15 1369 1 670 29 814 13 470 46 1843 29 1812 28 701 43 769 13 2000 2 259 56 742 95 1836 8 1350 17 657 65 1181
498 22 46 54 167 10 738 13 1739 4 1508 62 1743 4 1562 3 132 66 51 11 1566 59 1584 15 1184 8 1378 5 1029 4 1902 6 313 29 2 13 546 5 1928 10 893 29 1840 7 668 44 1012
499 22 54 60 338 28 361 30 1563 1 1437 8 808 3 1354 6 1295 35 415 5 1758 14 1389 18 1684 67 1000 30 710 3 1946 10 1168 75 665 44 173 37 306 23 1567 25 705 2 1038 20 216
500 22 49 6 231 14 1213 43 1484 14 1383 41 1624 21 540 10 1563 56 912 40 1559 33 671 9 730 9 980 39 242 52 1533 16 941 27 1428 18 1822 3 1137 1 1962 19 1332 18 461 6 132
