1 22 20 20 1665 3 1822 8 783 44 414 9 838 10 1930 10 236 3 735 7 1552 3 607 9 1673 6 913 15 105 11 709 8 1354 3 1680 3 1351 1 9 10 1836 8 751 2 326 9 1951
2 22 18 19 1259 25 1105 6 1612 1 1922 7 1530 1 1537 3 417 9 1679 9 1774 2 1656 25 894 2 1430 6 577 7 1721 14 915 1 1531 4 284 12 629 2 1731 16 115 8 137 8 1957
3 22 18 10 1113 1 794 9 1640 5 1858 1 823 9 507 16 379 7 1451 20 98 1 1175 9 824 3 1631 9 1064 13 236 3 1861 5 591 2 1201 7 1059 11 725 8 314 21 936 13 90
4 22 14 10 661 16 759 2 1055 2 1546 1 881 8 1452 18 1267 4 1701 1 818 4 1463 7 1469 16 731 1 1066 6 73 4 1665 1 1110 3 685 9 1389 2 390 1 293 3 1430 25 1732
5 22 17 13 932 18 1730 2 660 13 1979 4 1595 1 557 8 1217 5 190 9 1489 3 1191 10 1656 5 914 2 457 11 726 5 1869 5 1825 12 1232 16 1961 2 1451 10 879 12 805 5 1987
6 22 11 4 1462 7 486 6 1326 4 1853 35 204 4 844 3 1631 1 47 5 1412 8 501 2 967 2 429 1 1835 3 1607 8 1054 5 850 2 751 2 757 4 747 2 1656 2 54 8 1243
7 22 13 6 481 8 1931 9 1643 11 37 6 1476 5 875 7 1467 12 1636 3 798 6 474 2 1278 1 1125 5 1771 6 1545 4 310 3 1326 7 302 13 1688 2 1931 8 232 9 1370 1 227
8 22 19 7 1910 13 841 22 216 11 1064 15 1283 3 1376 1 1962 9 1574 13 1653 3 448 9 1081 1 291 13 548 3 596 1 1825 5 83 14 163 5 581 15 1843 17 482 10 42 6 69
9 22 14 18 109 2 527 10 343 5 1334 8 1850 5 1866 2 431 28 1685 1 353 4 779 7 759 10 83 2 1409 4 345 3 196 12 1573 4 1372 7 1320 10 1559 1 1214 3 1053 3 606
10 22 14 3 1599 2 1412 2 1006 4 380 2 386 42 1165 1 1567 7 1836 1 465 9 1911 2 288 1 1804 8 905 3 1352 21 1670 1 1495 2 548 9 661 2 1403 3 1848 13 1176 6 475
11 22 17 9 1145 6 969 11 827 6 1911 4 732 9 1574 8 8 14 515 3 1603 2 948 1 294 14 952 8 703 9 1257 8 1259 8 861 11 173 3 957 13 11 3 1250 1 508 19 798
12 22 18 8 1708 6 1968 1 153 3 1149 1 1555 5 1344 2 973 11 1041 9 1677 6 1382 6 207 3 1583 15 1282 15 551 7 1346 1 949 7 5 3 190 21 1794 22 657 10 926 23 287
13 22 13 2 1883 6 1070 9 523 8 1601 12 1284 2 1727 5 803 1 1581 5 813 1 1150 9 1820 3 843 1 1390 7 1850 3 128 3 1666 1 676 42 1270 1 582 12 1466 2 164 1 28
14 22 17 20 956 2 1194 10 590 7 1525 2 1024 9 1673 7 1004 4 266 2 857 20 1159 5 1982 17 922 11 1820 11 832 1 1909 18 583 5 436 7 1933 2 1360 5 639 3 1105 2 1027
15 22 19 3 1401 5 610 8 858 7 1743 34 274 4 965 5 364 1 530 8 317 1 1156 13 1163 4 902 27 1126 15 198 16 179 4 1289 4 1167 1 439 2 167 6 1795 12 1158 17 1476
16 22 18 3 202 2 1895 13 1948 6 1044 4 1223 2 845 6 1582 1 908 3 1616 15 1264 13 1826 13 1299 2 1887 5 381 1 336 7 1117 4 771 14 1450 42 1510 2 1798 9 681 15 241
17 22 16 4 1433 6 494 19 1226 3 203 2 1673 5 108 10 1015 1 1956 12 951 6 1995 5 1890 5 615 4 1972 1 1951 7 1446 5 355 9 1624 16 384 12 990 19 987 4 1424 9 634
18 22 14 6 774 11 1973 26 1355 10 1953 8 95 5 1114 8 915 3 1875 1 249 1 1108 10 923 8 3 2 749 3 1843 1 706 4 1172 9 1061 3 1769 10 1939 6 1809 3 1957 9 45
19 22 17 18 454 5 2000 9 1237 13 132 2 1170 8 1292 2 588 2 2 8 1027 11 1894 3 1780 1 1532 12 1867 13 1258 8 594 6 1017 7 851 2 1532 2 540 1 1069 37 1189 8 721
20 22 16 15 1135 2 1042 9 506 7 1472 5 937 1 1230 4 641 3 1311 1 1968 6 435 7 1086 27 1205 8 1619 6 1792 11 1540 23 484 3 67 7 1242 9 1424 3 377 4 1195 4 922
21 22 17 4 1178 12 394 8 1893 6 321 22 1402 16 27 12 1288 16 739 12 997 8 1148 12 100 1 1051 11 135 5 606 4 1292 1 1929 1 874 5 939 4 724 1 667 10 1835 1 513
22 22 22 4 421 6 1514 4 476 19 867 3 627 31 1227 4 1480 3 759 18 1543 8 1400 13 687 7 1323 12 363 25 802 1 782 3 53 1 257 24 83 4 1254 1 809 2 1303 28 551
23 22 14 1 720 3 1875 1 1372 14 553 2 1894 5 1643 10 653 7 1602 7 855 3 1191 1 98 4 857 2 876 5 588 7 1396 12 488 26 1564 6 1224 10 1681 15 258 4 373 1 413
24 22 13 4 1741 10 753 11 38 6 1036 6 1889 3 1700 3 486 1 1662 5 1177 8 1296 2 1867 2 487 4 1767 4 1642 19 1927 8 459 11 1620 4 590 11 379 5 941 8 1721 4 1254
25 22 11 2 968 14 1628 2 1638 1 1881 4 1402 10 1258 7 1923 3 107 1 30 1 1744 3 1825 1 1258 6 76 7 159 9 655 7 496 7 702 1 341 5 1707 2 1526 9 826 8 1193
26 22 18 2 1631 1 941 13 1478 8 1779 11 1476 11 1198 7 848 3 1422 12 276 11 920 10 1948 3 1582 2 582 20 129 18 1249 2 458 7 196 2 85 9 305 7 1308 6 1631 18 1356
27 22 25 12 1242 1 839 6 579 1 1568 9 1848 1 914 1 606 1 1442 18 684 23 1334 10 1174 8 1263 1 487 54 1343 5 300 5 1561 16 668 2 75 38 681 12 687 4 645 22 962
28 22 15 11 389 11 351 4 948 1 325 10 1027 23 1591 3 1760 8 507 4 409 2 1074 3 232 4 592 2 1270 1 1960 1 215 12 324 20 695 3 1643 9 1527 2 1297 1 1430 16 530
29 22 17 4 1660 11 723 21 1479 2 598 8 88 15 287 9 676 2 868 8 392 2 296 11 87 15 1623 13 442 6 80 2 344 9 1231 1 849 5 561 1 89 3 70 21 599 3 249
30 22 14 1 1620 2 41 8 504 4 648 2 634 4 1463 9 264 1 752 1 634 1 1909 9 537 6 732 1 398 2 510 15 513 2 141 27 915 2 862 6 1032 2 139 22 821 16 55
31 22 26 8 1512 7 339 6 694 5 60 27 88 3 1763 14 1025 40 1726 37 523 12 323 9 348 17 1053 22 1002 18 358 2 40 1 717 6 849 12 341 2 1600 1 481 3 957 16 922
32 22 19 14 526 8 1160 3 1621 11 1522 9 784 1 1302 2 341 2 218 19 1187 5 1403 8 1967 5 1521 2 279 3 37 20 1149 27 353 5 1376 29 1070 5 490 6 239 12 1773 1 114
33 22 15 27 800 8 620 9 1118 3 1308 2 1496 3 1124 12 1380 10 1615 3 683 1 1058 2 617 3 1538 4 1005 2 117 12 304 8 1641 3 478 2 283 29 34 3 222 5 1634 3 1532
34 22 18 4 401 6 108 2 1002 1 480 6 890 42 989 3 1176 4 1023 8 1957 2 1875 19 692 3 928 2 201 9 1419 3 1249 8 13 12 174 5 1220 17 1871 6 852 18 1264 6 1417
35 22 15 1 1092 12 608 1 1513 10 928 1 1984 4 1334 6 1389 2 124 1 1855 18 1027 16 779 16 584 3 1838 12 902 3 427 4 1986 6 815 2 434 10 1233 13 333 1 244 8 520
36 22 20 7 769 3 1464 1 224 8 825 1 1413 18 1332 14 827 18 1938 4 1663 35 1028 5 1589 2 20 24 563 3 613 4 1180 3 1216 14 1929 10 115 18 1389 1 117 8 529 3 446
37 22 19 6 1834 4 465 6 1209 3 296 9 106 15 1103 6 794 2 1471 2 321 2 364 15 854 1 82 3 1902 27 368 26 628 3 385 16 1791 1 1799 4 542 8 706 14 1677 18 87
38 22 23 23 546 15 1290 5 1074 7 1814 11 1773 12 1553 15 53 9 1084 3 781 6 30 2 693 4 474 4 666 26 17 1 166 25 917 7 1762 14 856 12 1167 12 1007 16 521 1 1031
39 22 22 10 3 3 1832 22 1882 11 212 2 253 30 1431 5 1285 16 797 1 1236 23 478 1 1496 3 1630 4 1149 4 501 10 431 12 874 11 992 6 779 3 1927 32 184 2 264 14 887
40 22 18 7 656 9 1054 1 661 1 198 13 1221 10 708 6 934 9 1955 2 381 12 406 2 107 10 1387 1 354 10 1194 7 1144 13 396 28 1728 27 1437 5 315 1 1809 4 1251 3 937
41 22 16 6 18 6 390 10 1217 3 975 22 232 25 1156 9 972 1 110 6 524 5 1192 11 139 8 1931 3 207 2 945 3 658 5 1086 7 1173 1 981 17 1844 1 1977 9 50 2 632
42 22 18 5 117 3 1796 10 291 19 1924 36 817 2 101 10 1714 9 1275 23 173 8 863 7 1929 3 553 6 170 2 903 4 1166 4 1261 12 1977 3 912 1 859 2 1756 10 1751 2 1866
43 22 18 9 1374 4 135 2 1846 6 474 14 1220 5 573 7 1857 6 220 9 916 8 1166 25 435 6 1919 1 309 7 1659 8 992 5 1190 10 129 17 1535 2 360 6 1600 23 189 4 1873
44 22 11 4 957 3 1589 1 1426 2 581 4 335 3 335 2 1261 5 1433 11 842 4 471 3 527 5 1128 9 942 4 564 26 1868 12 761 2 1854 3 1495 4 1716 1 936 3 1125 2 347
45 22 17 12 1890 16 364 2 216 17 755 9 1248 1 447 7 1737 5 1283 5 373 15 1014 17 1515 2 1699 1 798 8 843 5 243 3 504 17 863 5 1638 4 1348 3 1459 4 1483 13 1986
46 22 14 18 867 7 32 7 481 3 1227 10 1969 1 1946 10 184 11 159 3 890 6 1898 2 839 3 1411 1 925 11 1391 1 1452 1 1669 9 1707 10 1870 7 894 2 978 4 1951 21 793
47 22 18 13 356 10 566 9 659 1 473 3 663 6 1998 8 1433 24 519 3 186 9 423 8 1147 21 1249 25 1325 4 1024 2 1738 1 379 5 1456 5 1509 7 208 3 586 15 261 2 279
48 22 19 1 731 23 1869 31 1758 1 1527 2 970 2 747 5 678 13 1817 9 1558 13 1558 2 311 4 1626 5 67 16 589 4 1591 10 451 3 1666 6 1939 6 170 3 537 9 691 31 877
49 22 15 14 108 6 424 18 155 9 960 1 1801 6 1725 5 384 30 851 2 563 2 1240 4 1962 7 1388 6 411 1 178 9 1161 1 911 4 697 5 1156 6 998 10 998 8 1957 3 1035
50 22 21 11 48 8 1835 20 294 5 573 4 574 19 575 5 98 4 354 16 240 30 156 7 1295 6 1321 14 1452 15 1653 23 76 3 789 1 879 9 1200 10 218 5 576 2 1453 1 468
51 22 10 6 228 1 102 1 195 2 1181 7 316 2 1399 5 826 4 1254 10 1120 6 169 4 985 17 1304 13 1753 4 846 3 1293 1 1876 5 1872 3 1964 1 1030 1 1842 7 169 1 241
52 22 15 4 306 2 731 1 1544 2 1077 14 248 6 856 14 877 10 702 7 1347 20 117 5 1636 1 869 1 87 18 238 4 1405 5 258 8 1978 11 1751 9 87 6 467 5 1870 2 111
53 22 14 6 271 11 1628 10 1475 3 189 3 818 7 362 6 508 1 656 4 350 25 142 2 481 4 788 2 940 8 1513 6 291 4 1441 8 1164 7 641 1 112 6 81 4 543 15 1608
54 22 20 5 107 20 814 6 589 7 608 3 1705 24 1558 2 1540 2 1966 2 751 2 386 1 1584 10 109 7 883 2 346 19 815 16 1214 10 1799 5 489 20 175 18 418 1 1395 19 477
55 22 20 26 1709 7 1130 1 529 18 1728 20 1228 18 1550 4 1325 7 1090 13 1266 3 1090 6 1850 5 220 5 1462 13 760 16 684 12 670 1 635 4 192 14 1870 1 1282 4 753 5 148
56 22 20 14 791 16 1415 11 1213 11 1937 10 859 3 1925 7 228 3 1037 10 722 8 1388 1 986 16 1921 12 1569 1 953 14 1587 17 476 5 1527 3 970 4 1031 25 19 16 763 1 575
57 22 15 11 65 14 897 4 460 1 164 1 26 4 1022 7 915 4 160 2 1719 2 1560 9 1124 11 161 8 491 15 625 6 862 16 1460 4 540 1 1627 3 1605 2 1104 2 1226 27 1443
58 22 13 2 820 6 790 14 229 3 1313 12 1496 2 1384 13 388 1 379 10 350 1 584 2 1800 3 1509 6 206 4 286 4 370 2 1050 6 1555 19 1098 3 1132 10 69 9 149 4 1002
59 22 14 21 464 6 305 2 1556 4 383 2 384 6 903 5 1413 1 1469 4 368 2 618 3 1192 2 288 17 985 7 1855 9 907 2 1810 10 1945 7 1920 3 1818 10 1580 6 1967 18 1016
60 22 20 2 1101 12 611 1 1984 33 1019 27 1700 16 831 7 872 11 510 4 961 5 1467 6 1169 1 912 4 431 21 1745 2 397 8 739 7 1585 3 1208 11 649 1 58 14 887 5 583
61 22 17 5 454 6 911 11 1159 9 742 12 20 5 139 9 205 4 231 5 1736 8 981 4 1697 5 1362 3 1838 3 169 20 156 12 1441 17 173 7 1308 17 176 2 1686 5 1656 2 105
62 22 19 3 279 11 990 2 363 14 625 1 589 2 170 9 995 4 638 11 1337 13 1975 13 1822 22 850 4 342 16 337 7 1448 4 1773 11 1524 6 1702 27 615 7 766 1 508 9 1790
63 22 14 1 1223 5 588 5 1014 1 1720 2 1845 5 1494 13 704 10 570 24 602 16 316 2 134 20 1685 6 1057 5 773 3 1514 3 1937 6 1336 5 607 4 1364 6 1822 6 1501 1 1022
64 22 14 12 1337 2 1638 5 706 20 1431 10 1511 3 543 2 240 4 18 1 1706 9 1803 3 1410 4 65 11 1031 1 308 2 1638 4 102 3 1581 5 29 12 19 7 1025 17 1523 10 512
65 22 18 1 355 2 1526 3 501 1 1955 15 580 7 1134 10 1476 14 715 6 115 3 391 18 188 4 833 27 895 9 64 4 972 10 1945 6 165 6 1663 9 1823 19 420 12 996 3 272
66 22 20 1 868 21 1448 10 317 2 778 2 1974 48 1292 1 1722 1 664 15 947 16 520 8 346 7 259 10 1790 3 768 5 257 1 1492 21 1834 9 196 11 1697 4 800 3 520 2 1930
67 22 20 17 535 8 1138 8 768 11 790 3 1057 27 1221 11 1113 3 701 7 227 7 766 9 1242 2 1067 23 1132 5 731 7 549 1 1974 2 1570 11 718 22 1743 5 1281 4 837 11 1500
68 22 16 7 509 1 1477 16 380 5 1747 6 1276 17 1897 10 107 2 988 3 1295 2 1793 21 861 2 1523 13 467 5 1088 2 250 4 355 6 1522 1 1778 1 763 12 969 26 4 3 164
69 22 15 3 1227 2 1550 6 730 7 1189 14 104 10 1681 28 1935 7 802 1 1303 1 449 2 885 5 1727 4 866 1 1884 3 194 2 137 5 856 9 1344 13 813 3 1618 23 575 10 970
70 22 18 11 304 23 213 6 287 1 157 27 900 3 1639 3 1774 2 128 1 1625 4 980 4 958 14 915 12 627 4 910 15 674 7 1611 1 776 5 1113 17 1219 14 135 1 179 5 1000
71 22 14 16 1881 8 1732 8 1763 8 673 4 1161 6 1240 8 1629 3 1243 4 1379 1 1770 6 1227 7 1271 11 330 8 42 12 339 2 335 4 1619 3 1238 3 1796 6 452 2 202 15 262
72 22 19 1 1652 1 1224 5 1392 4 817 6 678 27 358 1 1642 1 71 6 1586 6 968 6 1969 9 324 4 1793 1 855 2 888 5 160 9 779 26 1106 2 1973 21 903 5 1249 43 1464
73 22 11 12 1149 11 506 4 964 1 462 2 1307 2 1605 3 1459 3 153 3 1352 2 848 3 1301 2 5 4 1185 1 786 4 1361 6 1659 1 1542 10 83 17 24 19 1878 4 1525 4 562
74 22 16 1 95 4 320 3 1774 14 670 3 1691 3 449 2 1949 17 160 12 1163 10 117 3 1127 10 1007 17 239 3 1337 21 195 4 1033 15 140 4 707 3 1598 6 1946 2 1712 10 1345
75 22 13 5 1415 10 696 4 1284 12 542 1 1287 3 1215 3 1190 1 924 5 624 3 1066 9 1355 1 812 1 33 8 149 6 196 4 1867 2 538 5 1764 37 1116 5 377 3 18 2 472
76 22 18 2 422 13 875 9 64 7 817 1 1337 23 1434 9 1236 4 1070 2 262 51 1121 8 835 4 1797 4 1185 5 1421 6 1373 11 1740 2 1775 5 1252 5 1020 2 1780 9 1626 5 855
77 22 13 2 929 6 1331 2 1975 4 1252 11 111 1 888 2 286 2 1953 21 1715 4 104 7 524 2 1799 6 299 1 4 24 408 5 1759 3 1851 4 1870 1 1305 8 1771 6 1778 8 236
78 22 13 14 1950 9 1458 3 157 6 76 2 524 4 471 4 1252 5 1064 1 953 14 1606 20 1866 1 47 2 1726 2 1383 5 1236 7 702 5 684 3 1130 1 328 18 382 7 776 2 925
79 22 20 10 1032 6 672 2 1702 21 314 4 1636 4 362 20 1391 13 189 3 1972 11 237 8 228 9 1925 22 1988 13 1480 1 511 5 1017 6 1554 9 33 4 1611 9 1150 18 991 8 526
80 22 21 6 793 3 622 25 1474 11 373 34 1382 2 1888 9 1913 1 1685 1 99 5 509 2 828 2 26 3 540 4 1472 16 1716 1 616 23 247 23 1624 16 671 6 1989 5 331 12 1576
81 22 12 1 379 1 1831 1 1601 3 521 8 1993 6 1978 20 741 7 1074 8 1237 4 1363 1 70 4 211 9 1832 3 208 3 715 1 1402 7 1438 7 819 4 683 5 1190 19 1817 1 35
82 22 15 6 1083 10 1164 4 984 1 380 3 1302 6 43 2 1858 7 464 12 1091 4 332 16 717 2 227 3 813 4 421 2 119 2 249 11 1880 11 459 17 1920 21 7 7 883 2 1877
83 22 13 2 819 8 1064 1 877 15 1979 7 1835 7 319 1 1020 13 695 2 1151 5 271 4 27 2 330 3 1139 5 1068 3 1563 3 787 2 1653 4 1829 2 1233 22 1351 9 1922 14 1702
84 22 24 32 558 4 90 3 1017 7 369 9 1591 13 1561 7 1793 21 800 15 1742 6 1846 16 1953 7 1299 3 1373 5 288 8 1324 1 1047 4 386 2 1463 9 249 40 634 9 243 19 934
85 22 13 1 1906 3 360 7 225 6 1212 14 378 1 933 3 1199 3 1410 7 29 8 520 5 1497 28 1959 2 1962 7 1797 11 925 1 1067 4 537 11 453 3 1859 1 746 6 1253 3 1220
86 22 14 4 258 4 515 10 823 9 810 3 1575 18 1067 4 421 17 1909 2 695 1 644 19 1851 2 695 3 866 3 1978 8 694 7 526 5 978 13 793 1 1037 2 1005 4 1380 2 98
87 22 18 22 791 2 793 10 1189 8 670 9 1375 2 1505 19 1955 10 221 4 276 1 1951 14 175 7 1095 14 1573 10 501 1 1677 6 1191 4 478 5 1172 15 1864 8 1802 5 1118 11 1131
88 22 14 7 210 1 1748 4 347 11 234 3 1467 1 963 3 475 7 782 5 392 5 1873 9 1716 8 579 12 869 10 1728 2 1561 16 1991 10 607 8 249 4 846 3 1808 6 1792 7 948
89 22 15 5 1694 1 1811 30 1391 8 392 9 935 6 1301 11 1780 9 981 1 1473 1 563 3 941 1 504 6 65 7 1875 33 1411 3 554 7 693 1 1140 2 569 1 26 5 344 2 387
90 22 13 7 1780 1 889 2 1161 8 501 1 80 2 1067 8 160 11 1275 9 327 5 1097 1 340 12 1603 4 1126 1 783 1 1341 2 852 5 1984 14 181 10 602 7 67 5 640 22 1248
91 22 23 3 623 1 850 21 1882 4 230 19 707 13 1651 7 508 48 1188 9 719 5 848 3 1704 7 356 10 742 4 1758 8 722 3 1858 8 558 10 1228 9 158 26 13 1 847 14 959
92 22 14 1 74 8 712 2 318 9 353 1 769 11 1345 6 1313 20 107 1 166 2 1775 4 1755 3 227 7 580 2 755 4 776 8 1156 2 1321 5 1534 2 468 10 1804 26 1245 6 1906
93 22 14 4 394 4 1883 4 292 8 672 31 366 2 1064 10 1606 3 256 13 264 2 185 3 1868 2 172 2 1524 6 1668 2 1507 9 1568 2 176 4 298 8 555 14 1367 14 647 2 1437
94 22 14 2 404 2 1529 7 297 4 650 3 1031 1 126 23 452 3 467 7 1885 8 1185 20 1606 9 226 3 1984 2 1076 4 79 11 1832 5 1158 5 702 4 1790 2 88 2 1431 16 740
95 22 13 5 1054 14 10 8 551 2 161 2 1748 3 1920 10 277 14 1142 1 1286 26 1382 3 1588 2 218 6 288 7 1085 5 1802 2 1625 3 524 1 1230 3 656 9 1864 2 134 3 1984
96 22 12 13 562 1 768 14 101 8 1167 1 1158 6 979 3 1796 3 518 4 1709 4 1183 10 207 3 1945 13 410 3 531 3 961 4 168 1 1296 1 467 8 1231 3 1011 9 416 12 1956
97 22 17 21 111 7 1799 3 1542 9 1702 2 1074 10 223 1 609 16 1896 2 1639 3 657 2 1060 10 1636 18 1715 5 1602 3 501 1 584 10 1759 13 1033 4 387 3 1963 17 1849 15 363
98 22 15 20 647 22 455 5 135 1 1931 3 1418 1 652 16 795 1 829 2 1647 8 949 6 1677 5 488 16 35 3 1395 2 272 7 1032 2 589 5 832 3 895 10 1528 2 407 19 650
99 22 19 9 1816 12 1539 5 29 21 85 1 1443 11 795 12 1271 15 1999 22 905 8 1323 6 316 6 1161 13 1321 9 1360 8 90 9 1497 3 1382 3 179 8 768 4 301 7 1669 2 1593
100 22 24 7 544 8 108 11 1027 21 29 19 1453 8 1004 9 58 4 651 24 769 8 701 9 419 11 1365 24 310 11 1259 5 75 14 1576 4 382 12 248 7 1076 15 1357 1 30 11 352
101 22 15 3 1567 1 1429 12 1265 1 1959 2 470 6 624 4 163 6 1383 1 1132 1 1986 8 1617 10 1123 7 1842 12 1962 2 19 51 1818 3 877 1 106 5 1335 3 1648 5 1678 9 1995
102 22 14 3 477 2 401 9 1006 15 1071 1 874 1 160 6 853 10 1526 6 1280 11 371 7 379 6 969 1 818 1 1002 7 744 14 1372 3 1590 4 379 9 1667 1 1198 8 1910 15 698
103 22 17 11 879 7 620 6 1167 2 794 1 1126 1 135 5 1634 7 1738 15 1178 7 1375 22 766 1 49 6 1041 5 677 28 912 2 1350 4 643 16 625 6 1447 9 152 5 1397 9 1281
104 22 7 3 99 4 748 2 359 2 1430 2 1084 9 350 8 262 4 1389 4 3 5 1022 4 29 1 370 3 1930 1 303 2 271 3 1198 7 293 1 430 1 636 9 896 1 225 1 1364
105 22 22 13 1933 16 1804 10 1244 7 513 14 582 7 666 13 1644 10 1969 2 1586 24 1615 4 1146 12 267 2 3 10 1361 2 1202 2 550 9 1026 21 628 34 1547 3 1443 1 973 4 1812
106 22 14 4 1829 4 1329 6 1757 17 1701 1 260 16 1681 12 1262 1 1780 2 350 1 783 5 267 14 239 4 858 13 652 1 1816 4 1418 3 285 11 134 4 1840 2 1435 12 1581 3 514
107 22 16 5 31 6 600 1 1821 5 1293 2 783 10 1162 20 396 17 1286 16 593 7 33 6 1741 5 972 4 581 10 1665 4 380 6 1999 1 475 2 334 2 1855 12 1905 8 802 11 486
108 22 21 16 342 5 1386 12 675 4 68 2 1498 7 911 17 85 3 1226 17 673 1 80 1 467 1 90 8 99 23 105 2 1177 45 132 26 693 3 1299 7 1498 8 434 1 1976 10 354
109 22 14 27 1934 6 273 2 1324 10 978 3 344 5 1976 11 55 3 1132 7 116 1 1697 6 221 1 28 5 354 5 72 6 112 9 1683 5 1765 1 1032 5 928 9 1787 6 1033 13 138
110 22 14 3 849 9 61 1 1756 2 491 17 324 2 173 22 759 14 1443 14 1816 2 767 3 497 5 1865 3 1580 2 1954 1 981 6 1154 6 1598 3 1596 6 1685 6 891 3 598 13 83
111 22 20 3 1137 34 561 1 192 12 1312 10 4 2 968 1 1648 25 933 9 372 7 1356 1 1095 30 1753 3 219 12 550 10 873 2 416 21 725 2 750 1 1340 1 1212 6 993 13 171
112 22 17 4 226 8 38 2 1390 6 1118 1 1790 10 1252 25 78 4 1303 8 473 9 854 6 619 4 523 10 1373 4 1747 13 1955 1 976 12 661 6 1871 18 1258 15 1592 3 285 7 1380
113 22 11 1 416 11 720 1 1360 3 1240 1 547 3 693 4 846 3 314 4 442 12 1485 6 1517 16 514 2 1230 1 975 11 27 14 80 1 124 9 928 2 548 11 52 1 1904 1 571
114 22 20 1 533 1 812 5 484 26 787 11 606 10 1451 4 996 4 1544 5 762 17 804 13 1561 5 1050 13 1269 5 1271 5 1573 5 176 18 812 1 547 3 795 1 942 45 1814 11 887
115 22 9 10 714 3 1351 4 1700 1 767 3 989 1 476 10 685 1 404 2 406 6 771 1 1746 4 1163 4 417 14 300 6 759 5 1960 2 635 2 705 4 1082 3 792 7 1797 1 274
116 22 19 7 1613 19 692 13 1711 2 1368 3 869 8 212 4 451 7 122 1 1565 4 1726 2 373 5 1092 12 1729 3 895 16 1456 11 514 19 607 6 1561 21 1831 12 371 13 1023 4 84
117 22 18 18 426 6 796 3 1312 1 238 8 1861 23 1820 4 491 14 571 10 1132 6 932 10 1822 2 1052 2 1643 13 496 4 1041 7 1390 8 497 3 1302 5 708 29 451 9 156 2 450
118 22 18 3 131 3 1982 9 100 14 1477 7 1120 1 476 11 1466 4 1517 1 1978 6 1051 30 419 8 257 10 1514 1 740 3 500 19 112 6 610 22 1436 1 1948 8 367 6 75 12 1234
119 22 15 2 142 11 804 3 1300 4 1180 13 1020 15 1642 7 1817 3 383 18 450 11 137 3 1628 1 1858 4 1761 5 855 5 378 9 1784 6 162 6 888 6 955 4 1504 6 1984 9 961
120 22 15 3 1928 19 651 14 1927 1 1438 12 266 15 929 4 1911 1 721 16 1932 9 927 7 1546 2 349 1 1376 1 1007 6 959 7 456 6 1923 3 549 5 741 6 1160 7 829 5 356
121 22 14 8 771 2 1793 1 1188 10 1927 8 251 6 1254 7 250 3 1454 14 1574 23 330 7 1085 4 1614 2 710 3 640 3 123 2 718 6 318 4 1232 11 185 6 74 2 359 9 1530
122 22 13 7 1593 8 1208 3 1207 5 351 6 576 6 44 3 43 3 1750 2 362 2 1501 17 944 2 474 3 1569 3 604 3 698 8 1680 4 1548 20 1468 7 769 11 420 11 633 5 259
123 22 11 8 1201 8 1533 1 757 1 756 6 697 2 1439 3 1553 14 1308 3 1169 9 1732 1 1359 1 799 12 1665 1 58 2 1278 10 1079 9 753 3 353 5 232 14 457 1 503 5 219
124 22 14 7 432 2 1971 9 442 5 1502 5 1780 2 405 2 746 10 833 10 1201 13 1917 10 416 3 960 1 849 20 413 1 1709 2 1279 6 1542 1 823 12 1609 16 664 3 1734 7 1419
125 22 16 9 24 2 979 5 1369 17 1741 23 106 14 483 4 438 23 1115 7 958 6 997 4 326 4 1372 6 98 4 568 3 162 5 1267 1 25 6 798 1 294 12 149 4 772 3 1957
126 22 17 4 1784 16 95 2 37 4 1098 10 982 12 1628 7 1232 19 1509 5 780 2 1502 6 644 1 783 7 748 8 1481 29 1077 2 220 1 474 16 570 15 435 2 1198 4 1659 7 1198
127 22 18 16 1214 10 747 7 874 3 880 5 677 8 374 4 1749 5 1956 14 1941 6 45 1 102 13 1778 26 1095 4 1351 13 1187 3 1901 1 588 14 113 19 1291 2 800 3 1821 4 413
128 22 18 12 1897 1 1263 15 1720 2 72 5 661 7 1952 4 234 2 994 11 1441 12 1591 12 817 1 1789 6 588 5 493 19 1146 7 1276 9 198 9 569 12 1114 12 755 1 248 16 1552
129 22 16 1 1069 16 940 1 1720 7 1311 11 673 3 278 3 871 10 800 8 72 18 76 11 559 1 1240 2 1873 4 743 13 901 3 225 7 498 9 637 9 122 5 193 20 601 1 301
130 22 17 5 134 5 1949 8 58 18 796 5 52 3 576 2 545 2 1962 7 282 5 639 3 1201 6 1366 6 128 25 486 4 1984 3 574 8 542 14 580 10 477 18 797 11 1550 5 1600
131 22 12 7 1397 2 1763 10 994 1 1697 6 664 5 1418 2 561 7 1949 1 1016 9 1887 5 1518 14 49 8 1506 8 287 1 789 4 725 12 204 3 817 6 820 3 1511 2 907 4 166
132 22 12 1 1297 3 1119 13 1946 9 995 3 1778 5 705 8 1923 15 932 3 1504 1 1521 1 1783 2 465 5 1802 2 1222 6 1027 14 1710 10 431 3 283 12 423 3 864 8 1790 1 875
133 22 11 4 472 8 221 7 1465 3 1523 1 700 2 1378 7 1545 1 1791 3 90 7 1650 5 717 10 1886 7 343 7 325 4 1613 6 341 11 1952 10 1645 2 1419 2 453 4 1692 3 272
134 22 14 11 490 19 1377 1 1023 20 806 5 1359 3 1843 2 455 2 14 1 1343 5 1755 21 1679 5 303 1 351 14 231 1 1880 9 681 1 998 2 1122 2 659 13 1347 2 894 9 422
135 22 16 35 1911 2 657 1 329 6 746 1 62 6 601 3 1631 3 1909 1 774 10 886 9 513 12 1071 10 1402 4 1672 8 661 12 167 16 563 4 506 1 1351 10 355 3 1549 10 534
136 22 13 2 1798 4 1850 3 1220 13 1072 7 709 4 1482 2 742 1 1280 17 1969 6 1821 4 1243 15 1659 1 528 10 357 4 567 7 1398 1 1189 9 908 3 608 8 531 1 1723 8 310
137 22 14 14 770 1 731 2 702 5 385 4 487 26 875 1 1955 14 537 1 1766 2 672 2 1680 14 1012 13 1825 6 318 1 1287 7 1543 11 1822 10 620 2 518 1 106 2 467 1 1445
138 22 16 4 681 3 1678 3 693 1 1707 3 1559 21 444 3 1857 1 1770 2 446 1 1578 3 1015 17 1136 8 924 4 1034 20 1603 1 192 11 1539 6 1756 18 1965 16 1897 8 346 10 1881
139 22 25 8 210 27 1830 17 1878 4 269 15 481 4 1124 8 972 14 584 29 1657 5 1292 8 353 12 676 13 1503 1 1793 6 834 10 1396 5 769 20 663 19 52 19 256 7 560 2 24
140 22 15 1 1960 2 1477 4 254 2 208 7 1362 11 1672 10 45 6 1150 8 945 41 1037 8 542 3 1117 1 1882 7 1040 15 1989 7 1170 4 326 6 977 3 324 3 695 8 1622 2 1300
141 22 17 3 1410 10 1279 4 1215 10 633 11 1045 7 204 5 866 46 1284 11 1884 4 1850 5 555 7 1858 8 216 4 1889 2 1002 1 1923 7 251 16 803 3 1223 3 1690 2 1716 6 187
142 22 19 6 1536 11 1639 12 1297 7 79 2 1197 1 670 13 2000 2 259 8 1350 17 657 27 87 8 1378 5 1029 4 1902 1 64 5 1758 14 1389 18 1684 3 1946 1 1158 23 104 10 811
143 22 10 14 1383 6 686 3 1137 1 1962 6 132 7 53 9 1153 2 581 4 898 10 127 4 1975 3 145 9 359 8 1105 3 817 4 1445 3 1127 3 989 1 1011 1 1979 7 1119 1 806
144 22 20 14 856 17 534 6 686 2 1055 7 505 2 1115 11 1308 17 1395 14 1761 9 260 5 1676 39 1149 3 291 2 1187 16 1121 5 18 2 917 19 227 8 953 1 1179 4 1690 2 152
145 22 15 2 900 13 572 6 1486 3 649 13 508 17 1143 5 665 23 1817 2 1231 8 475 4 509 8 335 6 1982 4 115 4 1895 5 504 1 579 8 1143 13 1802 1 1434 6 1342 5 1432
146 22 22 1 502 2 30 25 867 4 156 17 1060 3 1677 22 863 9 1556 16 840 1 840 3 81 22 1478 6 651 1 703 3 352 1 1249 18 537 32 953 22 1533 3 173 5 476 9 1343
147 22 11 1 885 2 1781 1 314 1 1552 6 422 1 499 8 1669 3 1805 2 1731 4 37 9 1824 9 967 8 817 14 1099 2 1116 2 797 6 26 2 343 9 1150 9 1989 5 1998 10 855
148 22 9 6 391 4 1907 5 1918 1 1324 3 643 6 489 4 101 2 1242 3 1252 3 419 6 1081 4 247 4 1209 4 1087 1 284 3 259 9 272 6 784 4 1680 6 1121 4 1094 5 687
149 22 19 6 1673 26 192 1 968 4 196 5 735 2 139 9 510 3 876 12 1715 6 532 12 1601 7 35 6 1071 1 821 26 1276 17 853 16 300 6 15 9 1468 15 583 8 541 2 704
150 22 15 4 978 7 699 2 515 16 126 4 1630 6 1712 11 683 16 1830 1 114 1 637 9 474 5 27 1 1080 17 44 1 987 7 121 28 566 1 289 5 995 2 5 6 1030 4 950
151 22 19 3 894 1 1440 23 1358 10 866 10 460 10 420 13 444 10 808 11 1148 2 930 1 517 6 666 13 433 5 499 2 84 9 1492 4 1595 2 1297 9 671 39 158 5 399 3 1576
152 22 18 26 1947 5 264 20 402 5 787 7 436 21 1355 5 321 1 1705 3 861 2 390 6 38 1 1528 4 695 8 1683 10 385 4 1056 12 1359 2 1970 15 385 6 1586 14 1172 5 750
153 22 20 8 618 7 1739 2 304 2 1249 4 1911 10 1539 17 1591 13 1500 27 907 10 1309 11 414 1 1119 19 1889 9 1558 1 882 2 954 20 151 3 965 16 591 2 1660 9 682 16 1076
154 22 18 10 1432 7 1588 3 645 7 1785 14 975 9 1419 26 291 1 1263 7 1650 2 920 2 560 14 1949 3 599 10 1542 2 1739 4 1226 2 184 4 594 11 589 4 499 27 1301 16 699
155 22 20 6 1004 4 1222 4 1318 15 70 3 348 7 1124 3 1277 15 1836 15 186 35 597 4 1795 5 324 1 624 21 632 20 843 1 1541 18 532 3 1047 6 714 3 1717 5 1664 8 324
156 22 14 10 648 3 344 2 1895 12 1221 8 1973 4 1276 10 478 2 199 2 488 18 1035 2 838 1 700 7 110 2 1120 1 589 3 834 3 820 8 1404 10 668 3 694 30 1799 7 1408
157 22 11 4 110 10 863 3 541 3 4 4 1446 2 1662 3 1825 2 972 13 510 1 94 7 951 12 819 1 1551 3 140 3 501 10 592 1 1205 7 561 9 1897 7 1985 10 313 1 121
158 22 18 4 410 12 1652 7 1133 9 496 11 1947 9 476 3 512 35 1225 10 346 1 255 4 1879 4 633 6 1905 10 729 19 1119 10 663 2 944 11 170 9 1794 1 1047 2 1499 8 1394
159 22 17 13 1903 7 35 1 969 5 822 6 722 2 1841 22 481 7 1133 6 1600 11 1741 4 414 4 1022 15 173 1 1737 12 922 6 1353 18 106 4 534 5 1451 19 1909 7 1470 1 1906
160 22 17 11 147 1 381 2 396 7 921 35 1163 7 1506 30 146 2 1604 3 701 9 1545 2 1931 1 123 3 1272 1 1108 3 1870 1 380 8 1032 11 962 6 564 4 1021 5 1164 18 349
161 22 19 16 1579 9 1988 4 608 6 973 30 1327 2 1791 4 1135 9 1940 8 874 9 627 7 1893 1 713 14 1734 1 1500 7 1022 3 1070 28 1674 6 1853 2 29 10 709 4 1486 13 649
162 22 17 3 985 12 326 1 461 5 1632 6 1587 14 1514 2 1616 9 1494 3 420 9 1627 14 684 1 427 9 1126 19 864 5 413 4 1035 24 105 5 1684 4 1100 2 170 7 1250 13 1261
163 22 14 10 1769 3 1787 9 1436 20 330 3 199 4 215 2 1240 10 1245 6 1298 1 1115 3 619 2 1358 14 1566 9 1601 1 1188 11 1668 10 1839 8 1896 2 1662 4 1786 1 902 9 160
164 22 13 5 1393 3 1317 9 146 10 302 1 270 3 465 9 1049 11 145 1 1262 3 804 4 1253 12 979 3 727 1 917 5 512 2 1872 3 250 1 1056 17 1589 6 1835 1 1588 26 1123
165 22 20 18 1078 3 329 10 1353 11 769 12 1361 11 542 1 1316 7 720 7 1943 4 1558 3 1284 19 1424 11 1955 2 752 13 659 2 770 4 48 5 1831 31 913 7 1523 12 504 12 754
166 22 20 16 1879 14 591 7 971 26 600 1 1537 11 107 10 581 12 1965 3 1064 3 689 4 1619 1 1990 5 1279 15 135 2 1346 1 1980 25 970 3 223 8 424 25 1196 9 1638 6 704
167 22 17 41 662 1 1278 11 1182 10 1230 3 1964 5 851 12 750 2 34 1 1137 10 1182 5 853 2 651 1 28 4 1176 4 1678 1 598 5 1834 20 1982 9 534 12 480 6 1621 13 1055
168 22 15 6 1172 1 108 16 1437 4 1714 9 402 25 1026 1 585 11 1226 4 288 9 1964 10 1202 5 1621 14 808 10 1556 2 835 3 17 5 1847 2 919 12 1721 3 392 2 1771 3 1772
169 22 19 4 349 4 939 6 1097 1 1679 1 1791 1 1413 9 1175 16 1729 9 1552 26 558 13 735 4 1023 13 1909 1 1149 2 968 13 1727 8 1087 7 1940 16 1986 1 1250 15 935 24 1288
170 22 20 33 498 9 880 14 23 17 1350 2 891 3 428 2 1298 4 554 24 1045 1 1957 16 1929 12 1600 6 973 27 163 3 775 5 1627 7 1495 1 972 3 930 3 1299 15 1176 1 1592
171 22 13 6 1734 2 1179 1 953 20 1845 9 975 2 467 9 752 1 1375 2 1079 9 804 4 892 2 308 1 1836 19 1767 1 507 16 1416 7 691 6 662 4 1391 5 1810 6 556 5 779
172 22 14 12 1328 5 1807 1 480 2 1869 35 387 1 58 2 1152 5 308 9 399 1 1657 9 458 21 635 6 360 2 1990 5 1658 2 1824 11 1224 4 562 1 709 7 1540 3 152 3 273
173 22 15 3 188 10 1398 3 94 14 1080 8 1002 11 95 1 1937 4 1742 8 505 6 1646 1 1228 3 1871 1 777 20 1256 4 1235 2 410 7 679 11 1123 4 880 4 1621 10 14 18 1700
174 22 16 5 1240 3 540 7 1534 10 600 5 1453 9 103 8 1830 9 892 2 1664 2 356 8 1862 2 965 7 1831 14 1994 3 1061 2 456 5 1164 30 523 4 1451 14 1085 17 1645 2 974
175 22 23 5 815 1 1320 4 217 3 356 1 1394 6 790 6 851 24 356 7 1314 12 790 1 1060 6 690 14 1885 34 458 2 1549 10 1762 15 850 15 676 3 61 15 1664 50 472 1 687
176 22 12 4 1298 11 1191 6 175 16 1340 1 763 23 669 3 1754 1 872 2 1295 7 1076 3 1670 1 382 2 19 2 508 21 884 2 313 5 527 2 1959 2 1434 3 63 2 363 4 1617
177 22 13 9 546 2 1375 4 48 3 1766 5 1029 7 1602 7 860 8 1024 7 1732 4 1526 4 812 2 84 11 518 1 524 15 928 9 425 6 1604 2 250 3 71 8 1557 2 498 13 1899
178 22 19 6 600 7 705 2 1799 10 1720 1 1634 26 2 25 459 3 303 3 644 1 211 2 1180 6 273 19 843 17 1464 9 80 9 1928 12 353 3 213 6 85 2 593 7 867 16 785
179 22 23 3 286 20 1121 7 1874 38 1940 20 756 8 63 9 1368 17 1181 2 870 7 1403 9 747 2 1071 4 543 17 171 9 880 4 698 11 220 8 692 22 1192 5 1137 1 1932 9 11
180 22 16 33 1674 6 1094 1 66 11 793 2 503 4 1051 3 1573 7 1638 10 1573 16 754 19 299 2 634 4 341 6 588 10 295 2 1563 8 1514 7 1279 1 425 5 1953 9 1396 3 1088
181 22 15 7 601 4 1116 1 368 2 1776 9 1254 1 1629 36 725 12 1511 10 446 10 62 7 1859 2 1165 5 1795 1 540 12 1870 2 304 14 364 4 883 3 91 2 1067 5 1468 1 874
182 22 12 2 914 14 925 11 1181 1 695 2 114 6 210 34 258 1 949 4 1012 6 427 7 459 7 1193 3 1908 1 1372 2 1757 5 268 1 1880 3 1091 10 1023 2 1170 2 1715 3 1475
183 22 22 4 662 11 1775 3 1588 10 1387 21 1037 1 242 14 921 4 1768 3 1256 16 1766 17 1599 11 1917 2 727 16 1809 15 1217 10 1102 12 359 2 243 1 1778 20 300 30 1155 5 1472
184 22 22 7 1697 4 1774 15 691 18 1914 3 1225 6 472 22 902 10 336 1 535 4 1316 15 1540 20 531 8 85 1 1869 26 1674 1 1891 12 1225 21 1734 21 1424 6 1630 1 10 3 1354
185 22 17 37 815 4 806 7 117 3 1969 1 763 9 1224 7 1953 17 948 1 304 8 1123 15 855 6 111 3 873 5 1644 5 70 8 1854 6 812 1 516 18 1614 1 1599 6 1108 6 800
186 22 15 12 1060 6 440 5 903 1 585 5 1923 7 198 2 216 1 1247 2 1261 8 1899 13 103 2 1102 20 879 1 1334 15 478 3 1917 10 1426 1 220 6 284 12 1902 1 979 18 48
187 22 16 5 400 1 365 11 800 9 508 17 567 11 1851 13 809 4 606 2 857 4 896 2 1585 4 1931 19 849 7 778 4 844 2 1205 8 837 15 1156 3 19 8 1926 16 588 3 475
188 22 14 1 1453 2 664 3 881 4 1187 6 1813 1 971 15 442 14 1352 8 123 3 947 12 480 10 53 12 783 2 801 7 1684 13 1572 3 374 5 1925 4 1439 2 1759 12 864 9 317
189 22 18 6 1969 4 1245 7 242 1 207 3 1773 10 1903 12 1328 9 1382 9 201 4 873 3 824 4 1769 10 521 19 709 6 1010 11 175 16 1040 3 1499 4 1175 13 1808 20 286 11 99
190 22 17 4 1618 4 793 6 1775 16 553 10 1323 9 1857 3 1317 5 1978 12 1411 9 184 6 1783 19 982 20 1732 13 947 1 1684 2 349 1 63 9 1047 13 815 4 772 6 603 3 769
191 22 14 10 1155 5 1901 1 1216 4 551 4 221 11 435 1 1539 1 300 2 1598 15 286 16 599 8 1360 8 1518 4 776 1 1515 10 1209 1 585 5 1592 2 506 24 1504 6 1201 5 558
192 22 20 33 1630 9 783 5 1946 2 1202 34 727 6 242 3 515 3 755 9 537 16 1195 11 557 1 1622 10 1084 4 1521 4 426 12 817 4 370 10 63 11 853 7 1539 7 1272 5 1296
193 22 11 9 128 1 258 1 487 1 1563 9 885 2 1839 1 1239 4 1845 6 1704 6 1548 9 1037 9 144 5 684 7 181 4 451 7 78 3 1038 1 374 1 86 9 1560 16 1959 8 1645
194 22 16 1 393 1 1235 6 1741 1 1552 1 959 13 590 1 325 1 1582 6 615 2 1598 29 1861 10 986 17 69 2 258 22 859 10 1221 3 1530 6 579 2 1392 21 1560 2 594 9 650
195 22 16 24 572 4 1087 4 1723 10 577 19 1048 1 1040 2 1789 6 1072 11 1206 5 1452 11 1267 8 247 2 1724 3 842 3 542 7 1861 2 171 3 1456 21 818 4 656 6 306 8 567
196 22 18 11 1093 2 573 14 970 9 462 5 972 1 331 22 1051 23 11 11 1157 2 911 12 1187 1 649 4 1880 3 455 9 1977 3 157 5 424 15 1237 12 96 11 929 6 445 5 480
197 22 19 22 1780 6 1858 4 830 11 59 9 1387 13 1650 1 810 6 1420 9 155 1 134 7 1224 1 341 15 102 9 925 42 1540 24 1651 7 14 2 845 1 1165 1 1237 5 1254 3 810
198 22 21 1 363 5 1873 1 705 14 1809 6 630 31 124 1 167 2 1768 11 1661 12 1093 19 354 1 1733 26 1187 5 1406 26 578 7 1677 10 874 17 117 2 989 12 734 3 701 6 1341
199 22 15 6 1224 1 338 1 302 1 382 2 1497 3 1648 4 1906 3 48 8 1116 1 191 11 235 3 499 2 1732 1 699 1 1611 7 852 29 69 12 1966 12 1887 16 1516 6 783 23 1333
200 22 18 10 337 8 1424 6 465 15 948 15 1941 6 1165 5 1796 6 1003 11 693 6 1724 1 658 3 320 34 56 13 1846 3 1487 15 1118 5 834 3 665 6 948 6 1334 1 1326 2 1142
201 22 12 7 904 6 392 17 1708 1 1201 4 43 2 367 1 986 11 1372 7 1157 5 1874 3 908 3 571 7 1703 1 546 6 1689 2 1868 9 623 7 248 2 152 10 989 2 242 10 206
202 22 18 4 1625 15 1732 16 772 8 199 10 612 14 472 8 1499 1 1416 8 538 9 1421 7 204 1 392 10 602 23 1362 8 1697 8 1233 13 225 9 74 5 1141 1 727 4 753 5 1746
203 22 16 6 1025 10 1042 6 339 3 595 21 1344 17 281 9 741 3 530 2 996 1 149 4 356 12 57 5 1776 6 958 4 1924 2 1778 3 1697 7 1307 18 1371 9 1458 2 941 13 252
204 22 13 15 425 1 1886 15 241 3 1623 2 652 20 1077 4 920 16 1650 2 1649 1 927 11 1898 4 1264 5 1576 3 1804 6 72 2 1666 1 1787 3 321 8 712 3 366 8 136 1 434
205 22 19 9 840 6 1441 23 297 6 1523 7 1375 9 1351 2 342 10 910 6 458 5 961 3 3 9 432 2 151 25 1938 29 266 1 1648 1 631 9 1319 11 1573 3 1330 3 886 20 998
206 22 13 2 381 5 1116 3 460 1 1776 17 443 1 1107 4 362 13 1094 2 272 3 520 1 600 5 1808 10 738 2 1298 8 1187 5 406 22 1957 6 1320 2 575 3 1726 19 63 2 1374
207 22 19 7 229 2 1104 4 166 2 1378 3 1311 15 1035 2 1151 8 1222 39 1015 3 1330 23 962 6 341 9 1389 2 57 5 1881 12 781 16 407 4 1557 5 512 3 606 16 1353 9 1478
208 22 15 1 304 7 736 6 245 4 712 4 675 13 733 24 1126 8 108 1 1889 2 419 2 1784 14 1762 7 363 2 1491 11 546 10 336 3 1908 8 1737 14 1130 2 1524 4 1656 12 471
209 22 15 21 69 1 1918 16 966 4 36 2 489 7 107 5 429 8 340 7 1598 7 1223 11 1870 4 1689 6 1807 14 1215 8 75 5 1725 6 1451 3 589 13 193 6 1067 1 1224 3 1206
210 22 13 10 1971 1 1104 10 804 1 77 10 540 2 614 7 1259 11 1505 6 954 13 422 7 310 10 905 1 1755 7 1886 4 1201 5 1920 2 353 2 1918 2 1607 3 1425 4 546 17 864
211 22 17 4 1633 2 122 1 1698 10 1482 6 275 2 1458 4 199 9 1252 2 723 13 1983 10 1251 8 70 1 1530 3 676 3 362 1 492 31 427 42 1316 3 923 7 272 3 1562 10 1286
212 22 13 1 565 7 942 2 1100 2 1220 6 1834 3 655 8 1670 1 1877 20 1523 4 1781 10 1283 5 1916 4 1755 2 197 6 1383 4 1199 3 307 6 1118 7 1370 6 1788 11 1509 12 1647
213 22 18 13 163 4 1238 11 1532 5 1826 7 1821 2 162 1 884 3 167 22 1922 15 191 2 11 6 575 11 1326 1 984 12 244 17 790 3 2000 25 78 1 1061 6 400 16 780 2 1019
214 22 19 1 1934 12 953 11 131 3 376 11 1489 7 526 23 938 4 1226 22 1882 2 1726 3 948 25 884 3 1353 10 1486 11 12 4 1718 3 353 14 490 6 1051 3 830 1 747 14 853
215 22 20 4 1243 22 1155 2 1869 5 648 13 1423 14 723 5 1437 9 988 5 228 2 1429 6 1105 2 470 13 807 6 790 17 830 23 1785 18 175 2 229 4 1658 9 1228 9 1642 18 906
216 22 12 25 509 4 1977 4 1748 21 245 4 823 6 1948 3 1058 1 1489 2 1386 2 306 16 391 10 261 1 82 1 585 7 1036 7 1571 3 48 3 1450 1 997 3 1494 4 1065 1 1191
217 22 16 1 1969 2 745 1 1957 16 1604 1 1274 1 617 2 855 15 1514 3 1076 21 481 7 1444 9 1716 1 1863 12 1837 6 1410 1 1692 4 553 9 998 30 795 6 111 4 918 9 191
218 22 20 16 744 3 1223 1 1950 19 1317 3 1315 7 1099 5 914 4 540 18 894 10 1872 21 1533 4 38 1 734 11 1357 43 1194 8 134 4 584 15 1890 4 916 6 1534 4 1574 1 1740
219 22 25 2 275 1 1658 14 1597 15 1485 4 581 9 989 12 423 1 382 6 309 11 1237 2 1720 28 773 1 479 18 582 27 1747 43 1339 29 1213 14 1574 6 1601 1 884 4 1599 10 1555
220 22 16 1 79 1 1429 5 1513 12 1267 22 556 5 1200 2 1617 1 264 3 1840 4 638 18 1711 3 965 4 1211 4 1208 10 416 10 1391 7 397 2 69 5 602 12 478 22 952 9 1195
221 22 17 9 1853 17 774 13 43 4 945 7 794 2 1720 18 259 14 1184 5 19 1 1935 1 1299 20 1770 5 1880 9 679 3 520 5 465 7 400 3 1824 1 1548 18 1325 8 1691 4 1640
222 22 16 2 423 3 1590 3 1729 16 1688 9 1973 5 456 1 186 13 10 8 630 14 642 3 794 3 1135 16 1184 4 533 9 646 11 796 1 1435 3 150 3 527 10 1527 14 803 14 656
223 22 18 23 1748 11 485 6 1424 3 323 17 851 8 559 3 1447 2 1186 15 1134 2 1013 5 245 2 108 8 1826 1 799 15 1438 3 1619 4 605 11 1786 21 246 8 119 11 389 1 920
224 22 16 13 595 4 571 2 7 6 1414 16 1794 6 628 5 1214 3 12 1 894 8 995 14 1396 13 1075 14 1815 3 463 22 1887 4 1869 14 382 4 111 6 1842 1 518 1 630 6 1141
225 22 17 17 240 1 361 1 791 6 1807 6 1720 4 1730 4 45 12 1922 10 625 10 1572 10 1266 24 1810 1 1007 11 1578 1 219 4 1914 19 1153 1 1166 12 70 6 1994 9 1143 4 830
226 22 17 11 862 7 659 8 670 10 456 3 549 10 816 1 983 1 1491 10 312 8 1431 4 134 6 643 15 291 17 1146 9 1469 8 1008 20 89 8 1803 2 762 11 1143 2 1366 5 619
227 22 17 13 1131 2 1144 7 799 12 1333 5 1136 1 466 5 437 18 268 16 989 2 634 16 907 3 230 1 679 6 611 1 1674 5 334 8 1457 3 1130 10 1933 8 994 5 1796 24 1833
228 22 20 9 466 8 153 6 1297 17 402 29 281 3 1212 1 1127 1 422 3 1086 24 303 25 32 11 1508 3 672 1 788 13 1072 5 989 5 1666 11 502 4 1479 7 1174 14 1943 1 141
229 22 17 37 12 11 800 2 1230 12 1883 4 38 1 1249 2 257 5 764 9 694 13 1235 8 122 22 242 9 106 1 1948 4 1820 11 760 5 738 2 94 5 1944 4 719 6 89 1 105
230 22 15 3 167 19 1294 3 1199 4 1801 2 261 5 532 2 728 7 646 10 579 14 65 6 1678 6 1595 2 180 18 1039 15 364 14 1053 3 1365 1 687 7 1973 3 9 4 744 2 116
231 22 19 6 1948 20 1235 8 1749 67 1312 2 253 5 392 2 747 1 1214 5 149 4 822 8 1155 6 1533 2 565 3 131 4 1281 3 147 6 469 3 467 24 295 14 434 5 1643 1 1096
232 22 20 4 446 31 255 15 481 1 1552 2 1495 10 229 3 25 1 306 1 1426 16 1435 8 425 5 1591 15 68 14 460 29 1196 6 1449 11 79 16 246 4 366 4 884 4 1865 3 5
233 22 13 1 1866 4 1725 1 1287 15 1833 2 1639 6 1277 1 70 5 709 13 389 5 305 5 1949 14 1040 15 1268 2 1958 5 1845 4 1816 5 1007 5 1683 4 348 7 963 9 735 7 1632
234 22 16 1 1796 8 1421 12 336 14 442 2 942 10 1126 1 609 3 1734 12 605 4 231 4 903 15 1885 3 1517 4 1476 7 480 16 280 2 319 7 1394 11 1580 1 996 27 125 4 842
235 22 20 2 1426 1 1049 7 1074 13 1344 3 1172 4 1796 26 1562 14 614 9 1353 15 278 1 1604 15 609 7 1097 3 230 35 32 3 1876 7 975 16 117 6 1607 13 1683 3 217 1 1500
236 22 15 4 504 2 381 2 244 3 1432 38 1908 2 1909 12 1139 2 1149 3 1909 4 516 3 1004 4 1906 4 1866 8 880 8 1983 7 492 18 1005 9 1256 9 1265 3 1732 2 864 9 902
237 22 15 1 1609 14 1024 11 22 9 1968 11 954 9 1263 1 931 4 1553 15 1373 3 1572 6 1453 5 860 1 588 3 187 5 1647 8 318 12 1889 2 1783 8 733 13 1975 8 1453 10 1017
238 22 17 11 1197 4 927 20 736 8 1209 3 1165 1 1499 7 1161 22 183 10 1539 7 1353 7 854 4 1181 4 951 11 256 5 863 13 1244 3 844 8 1862 2 1517 20 1297 1 1271 6 826
239 22 16 2 1995 17 1940 4 1578 5 1256 9 109 6 1195 20 1453 2 453 1 907 14 54 12 1595 11 1831 8 1902 5 1298 4 1220 4 204 10 1081 5 1089 3 1755 8 1177 16 22 3 780
240 22 16 19 1486 7 1753 2 1678 4 33 1 338 22 326 1 1291 1 1553 19 112 5 12 2 1962 10 193 6 1733 1 1193 2 563 3 905 20 624 10 1568 4 551 7 601 1 191 16 1052
241 22 11 6 122 3 1255 1 1212 3 109 5 469 9 809 26 238 8 1766 7 120 1 1045 4 501 5 433 3 780 1 99 8 1477 2 271 3 1979 12 1115 5 945 3 613 2 1663 1 836
242 22 24 7 132 6 504 5 210 92 87 3 1083 2 1377 1 1375 1 912 1 770 8 1800 10 707 9 1996 8 1424 24 785 3 1188 5 1134 26 1424 18 1969 5 109 3 1572 2 1828 9 875
243 22 12 1 1801 1 1239 27 1836 2 250 3 262 2 950 7 863 15 1514 1 1441 6 72 1 402 4 380 3 1359 7 1170 18 1136 1 153 2 1640 5 856 5 378 13 1787 1 750 4 1443
244 22 16 8 1514 1 308 30 536 1 380 14 1542 10 1605 8 1357 4 1537 5 464 1 570 12 903 3 210 7 1635 6 1507 3 1833 21 1319 1 1167 10 620 6 906 8 735 8 750 1 1221
245 22 18 6 896 6 1243 2 953 7 1364 17 338 10 1705 15 1720 3 1995 18 1371 1 34 12 1039 25 82 2 1170 21 660 11 149 1 1405 1 505 1 933 18 1438 4 922 4 376 4 1284
246 22 16 13 1948 8 1948 26 667 4 395 1 1939 7 1881 2 405 4 504 14 403 4 755 5 604 2 1611 10 268 2 53 1 1996 26 106 10 817 16 1147 3 1274 5 1644 1 1354 4 1302
247 22 12 12 492 4 214 5 135 2 394 14 445 1 186 3 1731 13 531 5 940 7 1746 3 1711 1 245 1 865 4 1593 3 545 2 680 7 565 2 190 14 1628 6 1739 11 552 3 1804
248 22 14 1 307 11 1165 6 1547 1 449 6 1044 1 1907 11 1169 24 1896 3 904 3 1521 7 226 9 1428 1 1754 1 349 7 876 4 429 13 1964 6 985 1 1515 6 434 5 418 13 375
249 22 21 9 1073 6 1311 10 195 9 136 12 1034 1 759 1 616 7 1845 10 642 2 987 14 1659 20 647 10 998 8 1780 14 1303 32 444 2 1611 3 207 7 573 2 522 27 758 4 467
250 22 14 6 172 14 1294 7 1544 1 31 14 1566 7 443 3 833 11 294 16 1175 5 1002 1 1241 14 108 1 1927 2 593 1 1150 2 474 1 79 4 1542 1 17 1 1309 18 1723 10 266
251 22 20 5 146 3 1212 3 476 8 1176 2 347 1 230 7 847 3 1336 9 1619 22 1897 14 1674 8 1323 15 536 3 500 7 144 22 1440 9 1631 6 555 9 1027 19 117 7 1458 23 66
252 22 14 3 1720 2 1047 1 231 6 1670 14 272 7 743 21 1327 11 1929 1 1304 1 873 9 678 4 1416 11 1657 4 680 2 1675 5 593 14 574 8 1155 1 856 13 1283 2 400 2 1598
253 22 14 10 614 5 210 8 43 3 137 9 665 2 1213 20 1468 5 1004 2 715 7 682 3 1835 5 809 2 1106 6 982 7 292 8 1809 2 1322 2 1780 2 894 2 784 16 1431 17 447
254 22 14 3 1583 2 1640 1 127 4 222 4 1971 9 212 3 1322 7 361 4 769 2 140 2 1748 6 809 21 438 8 954 5 984 11 1811 6 563 8 1403 8 449 4 728 20 1981 2 972
255 22 19 1 628 2 1784 4 530 2 1219 4 745 2 1441 33 1209 9 657 5 1839 25 697 1 1767 12 819 1 1881 5 740 11 1696 7 1256 16 930 1 524 32 625 7 252 3 827 14 1338
256 22 20 7 1584 4 1924 8 577 14 293 1 843 2 1672 12 1721 7 351 7 387 4 691 8 418 27 923 9 538 1 800 18 728 16 122 7 1359 11 740 1 1519 7 961 14 176 20 1888
257 22 14 16 1754 16 914 27 1052 14 1325 12 1354 14 1248 2 315 5 1972 1 1599 6 1426 1 1893 4 11 3 166 1 58 7 1756 3 727 6 160 1 1254 1 1745 3 847 1 32 5 1903
258 22 15 1 464 2 1363 1 217 8 452 28 916 4 1987 1 1967 12 248 2 635 5 1178 3 1658 9 1093 3 1215 21 1906 3 1002 1 935 4 713 18 1295 8 1633 8 979 10 1453 3 1599
259 22 18 2 1242 20 673 4 176 6 1036 19 993 11 146 4 1844 5 1795 11 1414 2 665 13 1757 8 934 8 672 11 445 18 1067 3 1160 1 1129 6 289 4 258 18 696 10 1055 3 1458
260 22 15 2 1264 1 1434 17 617 4 41 10 231 10 643 6 1861 3 1230 2 962 1 1078 9 44 19 376 7 1160 3 1648 4 1718 8 84 5 1909 7 191 12 1953 12 1320 2 567 6 686
261 22 17 6 1891 3 5 5 251 6 304 9 1468 3 813 7 1949 10 86 6 1378 5 1879 7 41 10 75 15 32 9 779 8 182 2 95 2 1031 25 702 2 1009 10 964 3 699 18 1236
262 22 13 6 1686 3 926 2 305 1 1130 6 1255 6 1622 1 124 4 284 7 986 17 1967 3 268 2 1775 4 633 3 219 17 1048 14 1301 11 1594 7 480 2 1930 11 999 1 1146 9 1771
263 22 15 14 230 16 615 2 1576 4 775 7 1857 7 1094 21 510 5 1831 8 767 3 626 10 786 4 322 5 962 10 838 8 13 2 1106 8 872 4 416 1 1484 4 1321 8 647 6 242
264 22 18 6 1330 7 1783 3 164 2 894 5 1073 2 446 3 1315 8 1644 4 1638 1 1879 1 1342 53 1602 13 337 4 852 16 924 2 994 3 959 5 635 26 79 12 1628 5 717 7 100
265 22 18 3 93 2 1066 7 811 22 560 2 1035 6 1982 1 1874 7 1870 3 1536 11 929 1 1123 1 252 29 1564 29 1991 2 694 1 1738 28 1559 4 1014 4 1865 2 947 9 1064 6 1437
266 22 24 20 1162 20 60 9 441 3 1558 24 931 13 1775 8 1906 16 1231 4 1055 6 1388 15 1216 13 1242 17 801 2 709 12 435 1 327 10 954 1 1230 16 1307 16 1319 13 670 5 596
267 22 16 13 766 11 1155 8 1141 4 1200 8 1945 2 523 4 1821 1 1722 19 1528 1 659 3 332 18 1865 1 848 30 415 5 1298 2 1117 3 1365 2 1933 8 353 1 806 8 1030 16 1979
268 22 23 10 321 1 1515 6 1064 6 1983 9 923 22 1701 20 418 3 68 1 1954 4 1791 9 25 21 1130 5 81 6 1599 4 370 28 1735 17 1073 27 867 7 809 13 1471 10 1718 10 788
269 22 17 9 945 3 1118 13 1831 4 840 29 227 6 632 2 811 1 573 12 213 16 824 1 1605 9 256 5 1350 6 1482 4 1216 1 1274 5 511 3 1685 3 1238 17 1818 12 196 10 1072
270 22 23 14 1061 11 1450 26 29 26 603 4 919 21 1823 2 1844 8 265 16 100 3 1384 4 12 14 688 2 1756 21 153 7 627 4 594 18 1729 13 24 1 1769 7 1903 7 114 1 984
271 22 17 10 1802 9 623 1 1431 4 1473 4 1085 5 1375 6 680 11 460 25 540 1 1262 10 1190 8 1557 6 524 11 1716 4 1149 4 781 16 138 1 803 16 14 8 354 6 1644 10 29
272 22 24 21 1624 9 485 5 1837 20 1706 10 886 13 1399 6 196 6 1911 15 1503 11 257 10 1711 8 481 8 1920 13 1489 4 1662 34 1607 3 856 16 501 5 153 3 1644 14 1619 7 798
273 22 15 1 1036 6 1860 7 836 1 1622 25 973 2 1954 9 1792 15 1616 1 442 4 1359 16 49 3 645 7 650 3 1121 4 1843 22 8 1 1613 8 1971 6 364 5 275 10 1338 2 1475
274 22 22 6 555 4 1615 24 183 10 1962 5 704 6 1906 13 1953 9 1933 3 611 19 806 7 583 2 1619 9 48 17 1240 17 1427 31 645 10 1089 2 1751 2 1051 1 1424 23 120 6 933
275 22 13 7 1076 8 1355 4 71 6 952 11 1487 3 87 6 277 1 174 8 198 2 218 2 1897 1 1638 7 929 4 840 4 1946 4 1847 2 1783 6 359 18 180 5 1623 6 911 24 1220
276 22 19 23 1387 12 1215 11 58 4 768 3 593 4 253 3 1494 4 1399 17 534 3 418 9 1074 10 266 9 336 3 588 7 1611 5 735 12 30 1 1967 19 1390 8 1756 6 1987 18 1304
277 22 13 1 1317 1 441 2 1401 5 437 2 1303 1 1570 1 673 1 1295 1 51 6 584 1 579 4 1470 3 1166 30 551 8 1680 3 55 7 365 12 1083 1 643 1 1915 15 794 24 1805
278 22 21 5 257 1 1973 2 625 19 598 6 325 3 649 2 85 18 1065 17 1809 14 47 2 1075 38 917 1 348 18 1506 6 1690 2 173 5 1026 7 250 13 15 1 1595 31 1471 7 474
279 22 11 3 775 9 1633 4 1711 1 727 3 1307 7 271 4 890 1 1563 8 877 2 1325 5 1969 2 1665 5 1654 3 315 2 807 1 867 1 1200 11 373 14 1398 2 867 10 1188 15 1226
280 22 18 6 1494 4 1508 31 1388 17 753 16 1842 3 802 3 116 4 662 4 1445 5 1532 14 1707 15 592 2 1103 3 1176 15 1180 8 1715 4 1029 1 1030 3 1604 16 1914 7 167 8 541
281 22 18 8 209 15 293 9 1642 3 1845 11 1438 9 831 11 478 19 1241 6 510 4 228 1 625 14 1199 1 1635 3 377 3 150 24 1310 3 539 1 596 4 910 13 1539 4 1290 23 620
282 22 15 3 1837 2 270 10 1310 2 756 1 1779 4 113 5 1084 1 1281 5 597 11 2000 27 628 26 344 3 124 11 297 7 1662 5 1160 2 1083 1 1501 1 1736 17 1348 3 976 9 1779
283 22 13 16 1282 1 1628 1 1836 2 462 4 375 3 174 8 282 1 1619 5 1315 14 1420 20 1784 3 1992 2 1671 7 260 16 1824 8 35 3 540 3 1765 9 1632 1 1156 2 1012 6 1180
284 22 16 8 1036 7 979 2 1038 3 329 3 1539 6 958 2 545 12 266 32 1902 13 808 1 1646 7 717 15 1997 2 1563 6 302 16 580 6 172 4 697 7 720 8 339 3 197 6 1697
285 22 14 11 84 5 1512 2 393 5 787 1 937 6 1466 1 1265 15 1255 13 369 7 1479 1 1795 17 255 3 1621 1 739 5 972 13 480 15 1309 6 1028 6 936 1 53 4 325 3 561
286 22 14 5 671 4 1924 2 941 13 156 11 825 6 1525 1 1250 2 50 1 41 11 336 8 1180 19 47 2 833 7 1038 5 893 3 1235 16 816 11 167 1 1770 3 801 15 64 2 1372
287 22 16 7 459 6 1476 21 955 6 1817 1 1657 30 605 1 1229 1 1918 10 61 5 731 7 1336 3 560 5 1550 9 699 4 470 5 257 8 569 10 868 4 1978 12 1367 3 312 4 1788
288 22 16 6 441 14 1645 2 546 6 875 4 224 19 1471 9 1154 1 225 15 1224 2 1311 3 809 1 154 3 1178 6 824 11 362 10 111 12 33 9 1295 1 660 20 1273 6 486 3 110
289 22 11 10 1388 5 418 4 289 2 1086 6 1234 2 1031 3 1302 2 420 5 1791 7 1948 5 927 8 978 1 81 8 840 2 564 1 873 3 102 20 1126 4 749 1 800 12 558 2 1558
290 22 20 17 1348 11 1675 31 793 4 1988 8 1817 2 1569 13 825 2 1603 5 1590 1 664 1 297 2 1249 6 470 8 1874 10 1237 17 1516 7 1357 5 1038 3 810 16 102 3 1415 35 1321
291 22 14 1 563 5 1928 3 188 6 1108 5 1079 2 1412 7 81 3 1874 1 1817 9 567 7 32 12 694 9 1233 16 1056 5 1989 6 78 1 1652 8 287 4 868 16 129 7 1983 14 1390
292 22 24 7 1427 28 1722 11 877 15 127 9 358 9 1064 25 767 3 80 7 1598 2 1610 24 1531 10 288 11 1493 20 1801 1 1343 1 1900 12 1983 14 1852 2 1044 6 535 2 1109 27 433
293 22 15 19 410 9 739 9 269 2 448 3 1240 1 1508 11 1163 6 1144 1 1259 10 762 2 1842 6 520 1 1617 1 1993 2 1674 10 1506 2 1702 9 1444 19 850 4 1087 5 1613 27 1073
294 22 19 16 1162 2 650 4 1843 10 54 25 405 26 583 13 594 8 1882 11 1733 10 1166 5 1160 2 534 12 1680 2 1861 13 163 15 1264 4 1057 3 1242 4 474 1 1753 7 1898 1 559
295 22 23 25 845 1 1552 22 432 7 1960 8 96 11 289 19 783 6 1502 3 1561 19 725 14 966 4 1548 16 149 2 1238 13 1949 9 636 2 809 8 1511 2 251 32 1434 4 504 7 1634
296 22 14 15 1829 5 1982 15 1389 4 1127 4 669 8 91 19 69 5 1833 2 1331 5 423 1 896 5 544 1 1802 8 183 3 804 15 983 6 1254 8 223 4 686 6 1064 4 440 1 150
297 22 15 16 706 15 1381 8 249 1 1282 5 673 3 1643 13 830 10 1690 2 1725 3 1529 1 672 6 1673 10 658 9 873 3 1577 4 1433 8 1692 12 1607 1 1210 20 1990 4 634 2 563
298 22 18 4 51 14 1313 20 466 1 1476 6 1060 10 398 4 1669 28 1781 5 925 4 201 7 457 1 1041 12 1564 3 297 14 642 4 1797 6 430 6 1093 2 1321 8 1917 22 841 6 1367
299 22 15 3 1886 5 230 19 1615 7 1671 18 1246 7 1936 1 1061 5 1348 8 1519 2 173 2 128 1 424 1 1835 10 1962 3 1611 2 1273 7 1616 7 651 15 538 9 319 7 1899 13 146
300 22 19 11 1322 3 1243 8 1732 4 134 5 387 5 1374 7 371 2 760 34 1322 1 807 1 764 8 1281 8 263 9 1980 8 598 17 732 15 1464 30 809 2 897 1 980 6 574 9 178
301 22 14 3 319 15 1411 2 288 2 77 10 1775 1 197 8 583 5 1730 5 1171 3 84 4 1290 2 1197 8 1881 20 1141 3 629 15 502 2 183 1 1390 9 1857 15 558 7 599 4 1150
302 22 12 12 361 10 1618 8 1033 1 1128 1 1099 4 552 7 1445 4 805 4 248 6 318 9 1396 2 630 13 1674 8 856 2 661 2 272 1 1830 2 1523 9 695 14 335 1 219 1 949
303 22 17 8 969 15 1792 10 1283 9 694 10 870 1 986 1 1984 14 1151 9 1800 4 12 1 1136 3 859 10 108 5 1906 7 1363 5 1996 9 332 1 153 23 603 8 909 17 69 1 1104
304 22 16 6 740 6 785 6 488 1 841 2 1485 2 46 2 953 13 1507 3 1799 4 956 2 997 10 1332 13 357 4 649 14 1717 4 1452 10 1934 4 942 3 1265 17 1717 27 1157 13 533
305 22 17 7 1599 23 35 1 1486 7 1601 2 1618 7 606 2 1254 1 665 36 1127 5 1690 2 1438 5 376 11 1528 8 1246 17 385 1 386 4 1618 1 442 11 35 9 332 7 512 3 569
306 22 20 12 1767 4 277 2 654 1 796 27 1549 12 1537 4 1586 3 1405 8 1474 11 1439 19 703 3 1073 12 545 3 732 5 805 8 767 8 356 36 1208 1 431 3 990 24 121 3 1679
307 22 15 6 1226 5 612 1 699 1 1801 16 1430 4 1551 10 73 4 810 10 878 2 1158 2 1667 4 253 2 1081 33 1397 13 1589 1 488 2 1138 1 1410 5 843 18 1722 8 462 4 1941
308 22 19 8 1438 6 1227 1 1386 37 554 5 1966 23 352 43 1800 1 902 8 258 3 686 4 351 3 1875 10 1497 3 1730 7 1679 5 1909 7 839 2 1788 14 1900 5 1539 1 119 1 435
309 22 16 9 1001 4 1367 4 1082 4 847 1 166 21 1750 6 115 5 1617 8 305 7 1185 7 1758 12 1123 1 162 2 331 5 1789 4 861 8 361 18 739 15 561 16 418 6 439 1 1597
310 22 15 12 1621 4 558 8 1065 3 848 12 378 4 1334 15 965 10 1923 11 770 12 234 7 170 3 1737 7 452 1 1205 15 1583 3 975 6 1971 2 110 1 1107 1 1098 14 1089 8 1701
311 22 24 10 1961 1 554 13 819 23 1060 12 559 1 1437 16 1208 31 74 5 610 5 489 4 778 6 863 24 117 1 397 5 805 41 9 2 1464 5 395 6 998 6 207 21 1536 3 1732
312 22 15 5 750 8 1629 8 1461 15 943 11 1377 2 449 2 1051 1 1321 4 247 8 888 1 913 6 268 10 917 3 902 6 1097 19 1716 17 1229 7 1964 2 1838 14 1478 3 316 3 24
313 22 19 2 296 10 1993 8 1069 4 1674 6 181 5 449 4 1012 5 320 12 1691 4 10 8 1223 3 1144 3 1319 7 1605 57 1344 10 1547 6 283 2 151 13 9 15 1217 1 27 6 909
314 22 19 1 159 18 603 13 1788 5 579 4 942 3 457 7 362 2 780 6 1605 12 914 2 1535 13 1400 10 552 12 769 1 1212 16 942 31 705 11 74 5 1180 4 1185 11 1953 11 222
315 22 18 1 99 5 1075 11 1833 15 1405 9 1406 7 1668 4 729 4 1494 5 1178 7 747 28 64 21 213 12 805 1 32 4 1320 6 476 10 1924 3 251 1 667 9 1900 11 714 9 766
316 22 17 1 1360 10 1465 17 1871 9 1001 1 1015 18 672 5 916 1 1374 13 31 8 1186 2 790 7 153 12 185 7 1741 5 1035 4 866 3 1400 9 226 4 1641 8 604 13 1150 14 850
317 22 16 21 1195 6 374 13 1125 2 1065 10 791 5 380 19 1917 21 259 2 1291 9 1888 3 987 4 1909 9 1085 1 1465 1 889 4 1418 8 1313 6 96 4 186 3 1437 1 1659 13 1250
318 22 16 6 1112 5 1082 6 281 1 627 3 753 9 1750 10 1964 9 889 3 391 2 144 8 400 9 503 4 259 10 1565 7 379 24 447 5 1538 1 1093 22 1022 5 848 2 1719 16 833
319 22 9 2 599 7 1664 4 1148 14 565 1 1313 1 1871 1 1552 2 37 6 1677 2 1838 6 168 1 636 3 1823 4 989 1 1310 7 1810 5 10 2 19 9 1067 1 605 11 76 2 849
320 22 11 4 890 2 1616 3 101 11 1619 2 223 7 327 7 1819 10 1342 1 809 5 1149 15 1919 3 483 6 285 8 339 7 579 4 506 2 1896 1 1880 4 348 2 779 6 719 4 681
321 22 15 19 924 6 1129 2 744 4 1284 2 1345 15 814 14 1817 8 1001 4 1983 1 1631 8 572 18 1658 5 833 2 1277 4 1848 1 585 3 503 9 632 1 988 3 1597 18 1170 3 1068
322 22 14 3 503 12 877 21 414 2 1002 3 1706 10 571 1 1089 5 1297 4 836 6 847 22 1803 7 1117 5 1727 2 377 7 673 4 77 3 1044 7 1967 3 895 8 1762 1 1414 9 1817
323 22 16 7 1902 2 1452 4 1379 6 362 6 767 2 141 5 1533 7 1605 7 613 3 1576 4 1694 2 1828 17 77 12 1487 16 887 13 1743 2 434 27 663 6 52 3 324 1 684 8 1142
324 22 16 2 931 28 636 1 152 1 1665 1 1538 6 1622 11 612 24 828 1 459 14 1373 2 102 3 821 3 1801 8 1954 1 632 11 1054 1 676 6 240 21 805 2 1836 15 773 1 1929
325 22 16 1 608 27 1496 1 1725 4 56 2 895 21 645 17 1732 6 1868 17 1153 10 1290 1 134 2 40 7 1628 4 766 4 1185 12 1095 6 1297 2 1672 6 1329 11 539 2 710 3 971
326 22 20 3 1939 9 1871 3 310 19 1347 5 1815 10 1002 6 1803 16 185 12 1213 2 364 7 1952 3 1397 21 1173 6 1142 1 516 7 1523 21 657 15 1518 7 371 22 833 11 606 3 733
327 22 12 14 220 14 1036 4 543 2 979 3 158 2 990 3 603 22 1787 2 273 17 1785 6 710 2 267 2 1460 15 942 2 43 1 683 2 932 2 1678 3 1356 1 627 3 1693 3 243
328 22 14 18 207 1 1981 12 581 9 539 2 1244 7 1373 7 1581 2 1002 25 167 1 1961 1 1877 3 326 16 1043 10 110 12 1966 5 904 1 1666 2 1773 4 1025 3 118 1 1784 1 922
329 22 19 10 855 1 91 6 1579 14 1669 7 1467 15 1931 13 472 6 1828 6 1326 1 739 8 1832 8 1458 35 1215 13 1994 12 1128 4 1995 9 131 1 1416 3 130 4 1185 7 1168 10 964
330 22 13 5 1738 2 848 12 858 4 671 4 1366 5 1194 6 53 4 408 9 492 2 379 4 1640 14 207 2 61 5 948 1 1973 4 125 1 1839 8 1794 10 1574 7 1802 21 889 3 350
331 22 18 10 670 2 1632 5 992 5 1425 24 1741 1 132 3 1104 17 1065 10 179 7 307 7 489 1 77 51 128 5 918 3 836 5 927 3 1711 5 1694 6 406 5 512 2 1094 7 42
332 22 14 6 692 1 1459 20 1693 10 1665 8 1190 7 1098 2 1371 4 332 3 1334 2 383 1 1524 7 271 18 1891 7 1163 1 1824 1 1855 22 118 2 465 3 1540 4 993 8 1062 3 1555
333 22 19 1 1313 13 1573 4 1418 4 760 3 1412 3 1485 2 1704 8 1234 15 1551 26 1447 15 76 5 1575 4 703 3 673 13 296 5 967 3 603 13 1362 9 1405 11 1728 21 1507 11 214
334 22 15 8 1830 2 143 6 960 7 29 9 956 6 916 3 375 15 1169 5 179 6 188 3 1426 1 208 15 1162 19 183 7 180 11 1268 6 533 8 1350 7 270 4 259 3 390 3 1159
335 22 10 6 1323 9 1027 8 841 1 1472 1 1519 2 772 2 956 15 252 5 213 15 773 3 889 3 617 8 587 1 429 2 1918 4 1693 1 1895 1 354 3 748 12 862 5 1344 2 1520
336 22 15 2 1373 13 1058 2 520 3 1931 9 158 10 1877 4 108 1 1313 2 995 8 183 15 1464 3 214 2 1810 18 1434 9 612 2 580 2 859 19 1434 3 1792 14 100 7 1651 8 1813
337 22 21 20 1356 4 164 7 1033 14 1338 7 11 30 293 16 778 2 552 17 756 6 1616 5 750 11 1287 8 639 5 1124 7 732 10 1431 12 489 7 483 2 585 3 1043 12 210 11 912
338 22 16 29 353 1 1136 6 1002 4 1089 14 324 2 1890 1 723 8 457 3 716 9 985 8 1621 11 1671 3 1606 2 649 1 704 3 1255 19 1085 5 505 4 1638 5 715 6 53 17 9
339 22 12 3 28 5 210 2 696 7 1663 1 1555 27 1343 2 1158 6 1140 2 1852 7 1129 14 1147 1 1350 15 1295 2 378 2 913 3 1777 1 1863 7 679 7 1019 1 1837 4 608 6 1806
340 22 20 6 36 57 1717 7 79 4 1662 1 107 7 1984 2 48 5 837 3 1891 3 1965 8 1580 23 576 11 325 1 657 2 1132 7 1972 15 691 2 1543 10 1435 12 1078 6 789 9 275
341 22 18 1 843 11 133 7 678 6 1638 5 337 6 1194 10 738 13 1584 7 1076 6 319 10 656 4 246 8 431 13 641 6 1631 3 817 12 64 10 408 3 1722 1 1265 18 1415 20 125
342 22 20 1 1232 3 571 18 409 8 811 19 1414 7 1931 11 1493 18 1742 1 926 9 1964 10 1433 17 902 3 989 13 132 7 937 20 713 16 28 3 256 1 1399 17 1787 5 1140 1 1010
343 22 16 1 69 1 477 4 1069 11 1012 2 1103 2 1973 12 990 3 19 1 1567 8 734 11 632 11 1994 22 6 10 434 15 1354 8 1500 11 1804 1 482 14 1585 3 1880 1 370 9 1598
344 22 17 3 170 1 1121 2 701 17 301 3 1239 12 235 7 210 9 1156 7 1926 13 1516 6 1967 3 408 1 684 1 148 34 7 9 165 1 1829 16 1444 3 117 9 680 14 1092 6 969
345 22 24 13 1161 20 201 17 1803 17 1510 1 1029 6 828 23 1329 25 1335 13 116 10 1737 13 1512 11 583 7 223 2 992 3 594 14 1468 14 1513 1 1592 4 224 4 942 13 206 18 1977
346 22 18 2 1359 7 1886 3 1152 7 10 16 222 18 1621 2 1530 14 87 1 1368 25 1116 12 159 4 1902 7 1869 2 1631 37 436 4 621 8 1189 5 661 1 1497 1 873 3 628 5 882
347 22 14 8 500 11 1451 3 723 7 375 2 977 6 310 2 484 3 692 3 1915 10 1252 20 1996 1 183 4 1796 2 1716 6 836 3 1535 18 1597 1 1151 4 82 8 1584 3 1724 17 1694
348 22 17 7 1912 5 1364 1 1116 13 1566 6 1050 2 581 6 749 4 815 4 461 5 1161 6 198 1 677 29 1919 22 1026 19 202 4 1300 11 1543 11 947 2 1420 9 1418 4 1575 4 716
349 22 18 6 1870 1 1137 7 745 2 167 8 1346 8 48 4 1504 10 601 12 1101 11 487 29 1325 9 904 5 356 2 406 12 463 18 34 1 597 1 571 4 1144 14 1254 2 1733 17 1125
350 22 10 2 1771 3 475 5 700 3 669 1 1320 8 857 5 699 1 1698 7 509 7 1138 1 208 15 778 1 585 3 1392 7 1043 1 509 5 160 11 792 9 755 1 970 2 790 4 893
351 22 13 5 650 13 467 7 854 1 117 3 1002 6 708 6 1668 3 442 21 1894 2 4 2 563 13 1022 1 247 4 148 12 1196 1 483 9 418 5 1526 2 1993 4 922 1 930 9 1477
352 22 16 11 1371 20 1918 6 802 3 1975 2 109 15 611 4 1424 11 475 9 940 2 1472 2 1877 8 135 5 330 7 322 3 981 1 74 1 172 28 762 7 1466 10 725 5 621 9 328
353 22 20 11 835 1 1720 22 943 19 1135 18 400 1 934 11 666 4 1595 11 899 9 505 12 1597 1 686 17 729 2 1058 12 1494 24 1820 7 1162 3 884 10 1300 1 1326 1 1250 5 288
354 22 13 4 1366 3 111 4 1848 13 829 1 1428 9 1540 7 462 2 1561 13 1739 7 1295 11 1350 1 816 1 1959 13 420 14 100 5 49 1 922 4 1704 2 15 18 476 1 338 3 919
355 22 19 1 703 4 433 3 402 1 850 5 314 8 1530 10 1338 6 456 17 1559 6 500 16 781 5 312 5 875 5 1076 37 1048 14 193 5 358 11 1592 26 475 6 531 4 1159 1 1539
356 22 18 7 573 10 603 7 217 16 928 11 1816 25 1635 4 1266 9 621 1 1784 2 1302 3 1944 9 1224 4 1971 22 1518 3 1211 10 21 4 1888 13 1689 8 82 4 1512 1 847 10 1386
357 22 14 4 262 3 1602 2 864 1 1440 1 178 12 1347 4 1895 2 533 7 1038 3 1458 2 1291 2 1046 1 62 2 740 9 1743 6 671 6 906 19 1837 18 1104 17 1978 8 1134 13 990
358 22 21 10 1538 16 391 3 1267 13 1491 1 1014 26 102 1 1219 20 1207 2 1920 2 1634 14 75 16 1788 19 1557 2 325 17 1558 7 349 7 362 1 1729 13 631 3 1913 16 406 3 530
359 22 15 1 1656 3 1755 15 541 2 509 6 1980 4 576 3 401 3 814 4 1437 14 1950 9 2000 9 951 3 136 7 1895 1 1768 1 1752 18 1559 10 642 21 1276 8 1494 3 993 9 449
360 22 14 4 1160 2 754 14 255 4 837 4 767 10 1045 3 890 13 342 8 259 12 785 11 1357 5 182 6 1400 7 1882 3 9 1 156 7 736 11 182 3 65 9 1384 8 1270 3 1738
361 22 15 1 362 10 472 27 1365 5 589 15 1980 11 480 6 472 2 992 7 653 14 1954 8 70 1 480 10 480 3 8 7 994 3 1686 1 734 10 806 7 1311 2 424 1 127 5 1537
362 22 13 1 1186 3 709 6 1695 13 1441 20 492 2 757 1 1113 13 1720 7 63 3 551 5 100 1 792 4 57 11 986 3 780 3 853 1 84 4 1067 12 1581 7 655 2 1270 11 1728
363 22 17 23 1139 3 1506 6 1712 1 645 2 1368 2 770 15 1410 6 1522 1 790 8 227 2 941 10 1264 3 1905 1 1605 5 1064 11 329 28 1092 8 1160 2 91 3 1526 17 1287 19 1312
364 22 13 5 1985 4 991 18 342 4 1257 3 1460 2 939 3 1185 7 813 7 1604 2 248 1 1365 15 571 1 1097 1 644 3 144 15 469 4 1025 1 462 10 565 5 886 6 654 21 86
365 22 17 11 190 6 1192 6 1112 2 15 2 389 6 1197 23 566 2 121 3 1001 2 1343 13 1600 8 1094 1 1029 30 1781 15 792 2 357 5 1532 4 1338 13 1033 9 243 4 1254 10 459
366 22 18 21 1331 2 797 7 1704 5 1736 4 498 16 731 18 81 14 200 2 860 29 1247 1 725 3 1967 13 1442 3 1731 2 1914 6 1032 2 1432 5 766 2 56 13 1004 10 1734 4 983
367 22 19 2 1625 5 386 4 19 2 1661 14 1250 4 1751 7 696 1 965 12 1629 1 1656 15 617 13 930 9 292 6 1234 24 1751 17 1299 27 955 7 686 2 1990 1 1417 9 773 10 454
368 22 12 6 1934 3 1592 1 1831 14 1834 1 1033 10 1042 7 1452 2 1519 5 1720 15 1894 4 322 11 738 1 594 3 453 1 161 4 1097 2 316 4 1550 2 285 9 909 13 1159 10 1479
369 22 13 1 1076 1 1403 4 950 8 413 1 1717 5 1127 17 1828 10 460 4 781 3 1477 13 752 2 355 3 496 16 282 16 331 2 383 1 1522 3 1449 16 1470 5 1297 5 950 3 471
370 22 15 13 381 10 557 38 1608 1 1179 1 13 1 438 5 1872 9 1072 8 940 5 1093 3 1128 1 948 5 253 27 638 2 1321 2 1141 1 1681 7 1780 1 1503 2 1195 1 608 7 879
371 22 18 4 610 20 513 3 84 15 458 3 265 1 1750 2 1707 6 1680 11 675 6 32 4 436 6 300 11 122 13 62 3 503 11 1968 23 767 5 117 10 1249 3 887 13 1659 10 156
372 22 13 2 314 23 1235 4 121 4 1057 7 1646 3 141 2 1455 4 766 6 334 3 523 6 568 12 1065 6 156 4 305 1 1241 7 1384 3 1570 15 1935 1 118 4 504 12 1561 4 1254
373 22 25 2 1378 4 572 2 442 11 476 13 511 2 1213 16 246 1 937 11 55 2 1013 23 1566 83 683 4 1569 1 1953 2 883 2 915 11 1908 10 1968 8 1689 15 1961 25 827 4 1113
374 22 13 8 1772 7 1383 1 1443 7 1502 1 1132 5 1206 3 824 2 1671 4 401 1 261 10 495 9 550 7 883 10 1083 13 1362 5 1828 1 1033 16 74 4 357 11 1372 8 276 6 715
375 22 14 7 1491 14 347 8 912 3 581 2 498 10 1191 4 1271 1 995 5 1563 4 249 23 775 7 1366 4 1805 5 657 1 1037 12 1191 12 1665 3 1924 1 689 4 1737 1 1633 11 412
376 22 13 3 428 14 993 6 1650 7 37 2 831 2 1639 1 412 13 1195 13 1717 10 442 8 1981 4 977 1 1373 4 188 2 1877 8 1921 1 832 4 1344 3 660 17 1295 1 1273 6 1712
377 22 16 4 703 5 1625 2 989 12 911 16 1570 1 169 1 1177 6 12 3 1075 1 646 6 988 36 290 4 758 1 1838 12 983 9 1012 26 412 4 1832 5 89 3 1345 1 186 3 1843
378 22 15 2 1290 1 358 6 535 24 1096 7 851 18 1655 4 929 9 1691 2 158 4 1971 7 1121 8 607 10 1233 15 1572 1 782 9 799 1 1941 8 461 8 552 1 1417 5 748 3 1454
379 22 19 1 1534 17 1100 12 1992 7 526 5 1489 3 508 6 1839 14 1714 13 461 11 698 15 140 4 594 7 1743 8 58 10 23 2 1122 2 508 1 1480 9 981 6 124 3 1517 41 119
380 22 19 11 1435 13 353 37 1149 1 227 6 126 1 1014 5 1698 1 779 4 1108 4 1501 1 1509 7 471 7 1403 26 438 10 1599 6 992 7 666 5 163 4 324 9 929 7 1542 23 808
381 22 15 14 1591 4 650 13 273 6 1525 6 1905 8 260 5 982 7 630 5 751 2 1367 11 1598 9 379 12 1922 4 123 2 1772 2 711 1 1445 13 1215 17 456 13 996 1 528 2 1416
382 22 23 5 174 2 696 15 141 4 197 15 460 19 987 3 1573 28 1213 8 237 8 1037 20 997 10 638 19 523 4 381 1 1698 11 1896 2 1847 3 1683 27 356 12 1144 1 383 17 1818
383 22 19 8 604 7 464 5 1201 3 1406 14 1270 16 691 4 1566 16 920 1 1589 2 1593 20 152 10 225 1 1531 14 1713 5 1989 20 1100 4 1225 15 459 13 1291 2 1925 4 1418 9 1950
384 22 15 16 960 9 919 3 1012 1 841 3 1363 3 1923 1 126 6 195 11 21 2 200 12 1814 5 1520 6 1519 6 1418 8 535 26 720 13 660 2 1632 4 1114 4 1072 4 1988 11 1510
385 22 12 6 1330 7 373 2 1418 12 654 4 188 3 1531 4 1751 8 778 12 1309 1 1106 4 1233 1 1818 10 1177 3 1899 1 479 1 1237 5 527 1 704 25 1342 6 353 4 1836 3 1618
386 22 10 1 402 1 344 3 431 3 586 1 476 1 664 10 1999 9 1291 4 930 9 640 1 1661 1 1035 4 1268 3 1815 3 1337 13 1663 4 1729 1 630 7 132 19 1186 6 1718 4 1270
387 22 22 11 817 14 85 2 169 5 85 10 1558 35 1306 15 967 10 1845 2 1122 6 38 3 1237 13 1280 16 1690 6 646 14 1047 9 535 3 1103 10 1022 2 1602 5 285 16 735 17 404
388 22 12 1 602 4 535 3 899 1 812 1 1768 3 21 1 487 6 1172 9 847 3 1717 4 1346 9 130 3 508 14 593 13 957 12 1199 1 1484 8 958 12 1440 3 652 5 1764 5 1630
389 22 16 7 1635 2 697 7 213 16 621 35 591 13 1683 5 1928 9 1299 3 671 3 914 5 885 3 388 3 1724 12 1494 1 597 6 1120 2 1156 17 1940 1 494 4 1851 2 1723 6 1570
390 22 19 9 79 26 1995 5 726 3 1246 20 1857 2 1534 7 1098 5 1296 4 779 9 245 3 1832 6 1928 8 518 2 737 3 1662 6 301 3 1087 3 955 4 577 12 840 44 1326 9 352
391 22 16 10 267 5 1949 13 1550 13 1609 4 722 5 1730 3 1547 1 117 22 714 6 497 7 832 4 515 8 983 3 1719 3 1190 10 1640 3 714 11 87 27 71 1 514 1 1 8 1682
392 22 19 9 180 8 834 1 1023 4 1783 6 564 4 143 4 1886 5 1183 4 1736 6 18 9 1926 13 783 6 1289 13 1181 21 1072 4 1096 3 858 6 1869 6 1670 18 197 8 1213 36 635
393 22 11 3 1998 1 185 2 1419 9 633 8 1017 8 527 13 1628 3 685 3 147 2 194 3 1732 2 1166 7 1735 2 616 1 1064 1 1040 7 1194 5 437 2 56 15 1007 8 374 13 881
394 22 15 35 599 4 93 10 1826 7 809 4 1022 21 667 4 1909 5 1289 6 599 5 1273 1 171 2 539 10 332 2 125 5 1296 4 235 3 1226 3 71 3 464 20 275 2 258 2 30
395 22 20 8 1188 14 1652 2 1670 11 854 1 46 17 164 3 453 2 294 5 1555 6 201 35 690 11 1989 9 756 2 1557 4 692 2 1803 19 694 1 1489 7 422 16 619 30 1480 1 1238
396 22 13 8 1049 1 1313 1 1355 3 304 9 1309 9 1990 2 1345 13 651 1 1543 5 1649 1 1066 2 1148 10 641 2 1782 6 919 14 1794 1 689 7 457 11 1967 18 1518 6 617 2 894
397 22 8 1 89 1 1474 1 1334 10 645 7 250 7 55 1 610 7 1730 6 266 5 1185 4 1017 1 522 6 1365 3 39 4 120 2 633 4 113 8 238 2 419 2 892 1 1084 1 685
398 22 12 4 1774 1 1712 9 1237 8 1726 1 626 3 197 3 580 5 232 3 345 7 1907 10 1632 9 1074 6 998 14 730 7 1404 1 10 3 385 3 140 3 707 5 1947 6 272 13 1424
399 22 15 17 937 3 1065 3 220 5 1841 4 484 2 606 2 1720 4 57 6 1054 8 1100 1 237 26 441 2 63 14 581 1 883 12 1536 3 226 1 1163 13 1296 14 221 9 710 5 1585
400 22 16 4 1388 11 1111 4 562 1 1832 17 325 11 722 2 713 6 689 5 1376 2 831 36 979 1 1335 4 182 1 1657 2 592 10 1552 7 1707 16 668 3 1163 11 255 9 586 1 590
401 22 12 9 1046 5 941 5 1246 3 1424 3 1137 5 1356 13 489 1 364 1 1475 5 748 6 714 2 522 2 400 1 1619 10 1026 8 37 4 509 6 232 6 1777 6 358 1 1776 27 1135
402 22 18 9 1489 28 1458 5 208 2 1955 29 445 1 1754 1 1113 5 802 9 502 11 41 5 406 24 906 2 1140 4 2000 8 482 11 1060 1 1680 2 1255 11 1108 8 318 9 1686 2 53
403 22 16 10 672 2 640 6 1371 8 439 4 433 10 398 3 527 2 386 4 460 4 536 7 776 6 1610 7 718 11 380 30 381 3 243 5 1167 1 1354 11 396 2 1581 13 626 14 279
404 22 15 6 919 5 1658 2 418 13 1757 1 286 3 18 6 1361 10 747 2 432 27 345 6 750 1 1204 16 1479 9 1875 10 1628 7 1238 6 942 5 1619 4 975 4 162 8 63 4 220
405 22 16 6 387 10 1864 19 48 3 1053 3 989 1 1355 10 1134 3 158 9 1520 1 1458 6 188 7 244 14 492 2 908 9 410 6 1917 5 1521 9 412 9 1256 19 1040 5 712 11 185
406 22 15 7 834 6 1592 4 1535 6 1820 10 1618 2 431 6 66 9 692 3 854 16 32 6 1043 12 273 1 1913 3 1205 6 1919 13 750 2 1614 2 1926 4 640 32 1437 4 1304 5 1427
407 22 17 1 1067 8 152 3 91 4 1483 20 661 4 655 2 731 6 1514 30 1760 13 1128 10 706 5 196 7 1046 3 1603 2 1193 10 1368 8 1092 9 1058 7 564 5 1872 3 277 15 1275
408 22 20 18 1785 22 666 10 396 2 1922 7 900 8 45 2 1947 5 781 25 649 2 1569 5 321 3 1190 13 1337 9 1519 15 1812 4 1999 33 262 5 1101 4 1150 1 960 5 1129 2 1122
409 22 19 20 356 15 1360 17 1934 2 1636 7 1944 5 1242 10 1084 8 1498 9 448 8 860 6 536 4 1705 3 1372 14 1329 7 610 6 446 3 460 15 1046 3 763 8 1347 12 344 13 188
410 22 15 6 1244 1 190 15 1375 6 1749 6 275 2 1044 2 352 4 348 8 791 3 1441 8 530 2 576 1 1927 1 1263 12 1034 15 1819 22 368 3 956 16 1813 12 1715 3 1477 8 1874
411 22 17 12 1364 3 761 10 710 2 743 5 999 4 546 2 1752 20 981 6 352 9 364 2 567 12 700 7 149 19 914 13 242 9 103 1 913 6 1518 3 1624 10 1021 3 932 15 1407
412 22 17 7 581 9 591 3 743 3 671 6 1025 18 681 4 544 7 233 7 238 10 984 5 1453 6 1166 9 1520 13 1579 1 1179 5 545 3 489 10 33 11 244 4 106 24 1927 7 1162
413 22 19 5 411 11 886 5 68 10 1528 23 361 3 337 5 1242 5 1696 14 496 7 273 9 756 20 555 7 579 2 1298 8 1229 11 529 15 815 3 1000 6 1000 2 719 5 816 18 611
414 22 15 5 636 9 966 19 718 4 1017 1 994 1 960 7 1955 4 879 6 1299 2 1511 1 1201 13 114 2 121 5 369 4 164 14 1967 15 584 1 1517 2 950 2 1633 5 808 35 197
415 22 17 8 736 1 197 3 1373 5 191 3 1318 11 1434 5 35 5 1402 11 1080 11 184 18 1494 5 1270 8 891 30 910 8 1767 8 1931 14 1149 5 186 3 109 14 511 1 1417 1 259
416 22 17 14 166 29 1247 2 434 16 301 6 1085 4 54 4 1448 4 527 6 958 3 1066 3 338 3 154 1 252 7 13 3 322 8 245 10 1616 4 1795 11 72 2 1921 33 1016 2 1475
417 22 18 12 1517 8 228 6 1802 4 1594 4 309 4 1310 26 1305 3 1404 14 679 1 1409 3 1842 5 173 3 497 11 722 4 1640 11 1011 3 209 9 1684 19 1135 3 381 35 1896 1 1620
418 22 17 1 1744 7 290 14 188 6 1840 6 1189 15 1698 9 639 17 1878 1 78 5 651 11 1059 3 1057 14 762 4 508 10 1448 1 288 5 1203 10 210 2 459 2 89 5 579 28 972
419 22 17 2 1855 10 1677 2 1190 2 309 10 1502 3 1752 6 1168 6 1242 7 1206 1 1256 23 228 14 1005 13 206 2 824 22 250 17 1730 3 1507 5 370 7 127 3 1025 8 27 12 1051
420 22 18 2 79 7 406 1 626 9 770 2 1357 14 181 11 1969 7 1324 3 120 17 654 26 1516 5 188 3 250 8 952 18 1955 5 1720 13 991 8 776 12 1608 10 1404 2 641 5 1874
421 22 16 7 325 1 1620 12 211 14 1718 9 797 15 1025 7 266 15 528 3 1769 10 442 12 125 4 400 4 598 3 1470 7 1737 3 1823 14 257 2 572 7 206 1 964 5 3 13 1119
422 22 17 3 652 7 1968 4 356 2 1261 7 687 4 1380 1 1557 34 1072 12 1865 42 1971 1 1065 3 1597 1 1400 1 807 1 943 22 1218 2 939 18 1164 2 332 8 1240 2 581 1 1547
423 22 11 3 1132 1 794 4 1551 4 1519 3 1714 1 810 2 1451 14 1518 2 770 5 843 1 209 5 855 5 1852 12 1070 2 82 6 1468 7 1504 4 601 24 1353 1 1790 1 203 4 1586
424 22 16 7 545 1 218 14 1709 2 842 4 222 7 574 7 1934 8 1173 3 1162 8 1955 19 1742 17 257 1 29 6 1356 6 5 14 429 9 537 1 1746 4 1642 3 1524 15 1646 5 1621
425 22 17 17 1322 14 733 3 1854 8 1346 12 382 2 564 5 359 2 1424 3 1215 7 1253 1 1959 16 1850 1 138 1 1749 21 614 1 617 2 1039 10 832 21 1920 9 1513 4 36 14 449
426 22 16 4 920 2 740 1 1205 9 202 19 1944 22 1259 1 1968 3 1521 1 1089 26 1150 8 268 10 1993 1 1353 2 1267 14 945 3 945 3 414 4 373 18 1026 6 265 4 298 4 536
427 22 11 3 1958 2 1252 4 1426 13 816 15 832 5 1267 14 974 1 526 4 1847 2 998 1 1494 9 42 6 1447 5 732 1 78 7 580 1 85 3 1838 10 1861 1 826 5 1511 2 1254
428 22 19 12 261 4 1727 3 1697 1 1783 16 1903 2 350 7 1622 12 367 7 1390 4 1090 32 1869 17 30 14 1456 2 1041 8 1787 4 1754 4 59 6 765 11 887 19 1133 3 1449 7 940
429 22 17 11 1445 44 536 1 16 9 461 3 1621 5 1330 2 611 4 1610 13 582 3 1740 6 1170 10 1591 5 368 3 1926 1 1202 9 1675 23 626 6 1411 4 30 5 1079 1 1081 2 1951
430 22 14 6 1887 14 794 2 262 6 557 6 1305 11 124 4 544 1 1560 1 848 2 1672 21 469 1 1505 3 419 6 276 1 444 1 537 14 888 14 625 3 450 6 369 2 958 18 463
431 22 22 8 1821 17 768 7 1152 2 981 12 1881 18 1747 2 611 6 47 6 755 8 305 24 320 7 879 10 1033 19 365 14 1375 8 222 7 133 9 1881 23 409 2 1144 15 1468 5 1861
432 22 16 24 286 5 673 20 1192 6 1010 2 1660 3 553 7 1288 3 1884 4 238 1 1598 5 1116 4 1808 8 672 7 794 8 1009 4 1783 8 762 23 835 8 1699 6 1667 6 1485 5 1320
433 22 20 13 81 14 1437 1 164 2 984 4 635 5 1476 8 276 1 1694 13 1832 12 482 12 139 3 1383 19 39 7 944 20 1617 22 894 6 285 5 1954 12 1627 5 607 8 317 17 597
434 22 20 17 849 16 145 8 489 13 1447 11 1928 33 911 2 850 3 126 4 1314 14 307 4 1720 10 621 3 378 24 1832 15 297 4 47 8 1284 8 1924 2 1698 3 1626 1 1671 4 559
435 22 18 7 1435 4 1303 5 242 4 1024 7 1812 17 1536 6 1190 4 1099 18 1457 6 620 4 1898 25 125 29 1070 3 534 1 1308 26 1925 3 783 4 1999 2 1741 6 1465 6 1449 2 824
436 22 21 20 197 2 1891 2 653 15 1245 20 1304 9 1340 15 1437 4 125 3 1898 2 1116 6 1204 26 326 7 1926 23 950 14 884 5 1296 3 1640 22 1308 2 983 8 301 7 1394 1 1421
437 22 17 2 1772 5 225 2 111 1 420 1 1478 11 570 18 709 10 123 1 1790 13 1554 15 286 18 327 2 1698 13 1547 8 1666 9 328 17 1228 4 1121 3 1365 12 40 4 779 4 898
438 22 18 7 1652 5 802 5 1876 15 1423 2 1113 1 1507 1 334 22 1706 14 1725 1 511 23 452 9 403 2 1434 10 931 1 526 3 451 11 1145 27 516 7 1115 7 451 12 24 3 765
439 22 16 3 1696 18 43 1 490 17 1448 7 556 2 111 2 430 1 901 8 904 26 1439 12 309 3 1752 4 1178 3 72 4 1744 6 1576 2 652 17 1677 9 1426 10 1913 7 1463 3 330
440 22 14 7 1013 1 1870 8 1376 11 295 7 454 4 351 3 374 3 179 4 929 6 1351 4 848 12 204 13 1532 4 1995 13 69 4 1719 13 381 4 1356 1 1571 2 1383 17 257 5 144
441 22 14 8 1236 1 974 3 174 2 1657 20 1795 16 1320 13 1612 13 1912 12 1428 2 1319 6 979 6 231 1 857 5 1953 3 1214 1 1635 3 428 7 406 5 655 9 1106 6 1345 5 21
442 22 19 1 138 21 642 6 1203 15 1974 13 1345 13 799 1 577 1 1362 5 1592 7 1480 1 1562 15 1440 19 1295 17 1998 7 1914 10 1936 7 1427 20 808 10 1524 1 457 4 665 4 1256
443 22 16 15 1973 9 996 1 79 4 1388 2 1032 10 938 3 1238 27 1061 2 749 1 521 3 417 8 980 6 1650 12 1112 5 907 10 1746 17 410 1 1120 6 1064 3 1549 14 134 9 713
444 22 20 3 389 4 1370 12 1562 17 1299 21 112 4 1431 4 1208 8 155 4 108 3 874 20 985 1 1995 34 1133 8 543 3 56 9 788 13 250 11 1766 3 652 4 1526 4 696 12 532
445 22 17 2 1089 7 1930 12 192 15 721 11 1500 8 587 2 1658 1 149 4 1412 7 512 2 1200 9 762 3 1661 8 534 9 1082 24 408 9 413 7 1746 5 258 9 1975 7 1647 14 1407
446 22 15 1 1474 20 1798 3 816 9 1414 7 1485 2 758 21 645 1 615 16 790 8 1188 10 1763 9 117 15 372 2 1506 1 1101 1 596 10 1482 4 1964 3 1000 10 1721 1 101 5 1892
447 22 14 19 435 3 1678 2 599 3 327 4 969 21 1617 3 1088 5 310 8 1402 3 1785 1 1520 3 397 2 133 26 129 3 1747 2 1466 3 1920 16 930 1 1517 2 1221 6 1190 5 1560
448 22 20 9 1411 3 333 1 1001 26 509 3 892 4 1544 7 1929 22 259 2 1253 10 1366 13 916 14 1350 16 127 12 1679 13 1478 18 194 5 91 7 384 1 3 11 1321 3 166 3 1024
449 22 15 5 1265 12 1968 3 30 2 1100 7 1114 9 1865 5 684 7 1629 9 1974 11 415 5 255 1 1228 29 1308 11 1764 11 935 1 53 1 1974 8 926 1 1142 5 1662 3 340 7 928
450 22 16 13 1233 14 1076 3 1795 7 811 7 1066 3 294 2 397 5 1905 11 1052 10 42 10 1097 10 192 4 1429 4 262 11 722 10 1341 1 1396 7 1632 3 1476 5 1757 12 702 9 259
451 22 14 3 357 1 1540 6 1334 5 966 2 1670 11 1332 9 1769 1 1391 1 1941 5 1232 14 800 3 383 2 868 2 859 10 115 25 866 2 1762 8 1136 6 903 19 23 3 1520 3 1559
452 22 22 16 645 5 1654 27 1071 6 749 6 931 34 1074 3 1256 5 1376 5 762 25 383 21 645 4 254 4 1098 24 1760 1 1817 4 1492 14 161 7 1472 2 1098 2 1661 5 1959 6 1940
453 22 12 12 1326 6 1362 1 137 9 631 2 1897 8 72 1 1289 1 1718 15 678 8 1052 1 1987 6 644 1 1978 2 20 2 376 7 1186 1 1213 2 973 18 1428 9 906 10 1261 1 1806
454 22 19 10 699 2 1577 27 280 42 159 3 391 5 735 6 190 6 703 7 903 4 348 14 1506 4 1200 17 807 8 513 8 805 1 429 5 827 16 389 4 1908 1 111 1 429 5 1774
455 22 21 15 796 10 702 2 1930 10 1982 8 1148 4 1413 23 488 5 1196 13 1778 2 596 19 1046 23 1432 11 1130 20 1875 4 1454 14 879 5 1188 6 495 1 1214 1 356 12 843 4 1408
456 22 17 4 1026 8 1021 17 834 7 31 5 1327 9 346 1 261 6 1463 3 1150 37 194 2 1033 6 1551 7 898 6 1510 11 1353 10 1452 8 52 6 1153 3 1954 13 1584 4 1456 3 1593
457 22 21 7 969 12 213 1 1727 14 930 4 1925 12 1567 26 1442 7 1622 4 644 23 972 18 1361 4 490 3 1461 12 1300 5 472 6 585 20 1565 9 1704 8 1171 19 1406 3 1678 1 820
458 22 16 5 1518 5 971 9 1959 18 1405 4 1453 8 8 5 1635 13 1859 9 959 1 1915 3 952 15 428 6 1492 1 145 7 592 1 404 18 862 5 757 1 1498 2 329 8 1435 20 340
459 22 15 3 45 11 375 3 1744 1 771 7 1004 12 388 5 1692 1 1207 4 37 3 1811 7 1594 1 439 10 357 14 240 1 816 6 329 8 1302 10 1896 5 66 7 144 25 1283 8 1401
460 22 15 1 1125 3 32 3 1927 2 1524 1 137 14 1996 9 516 18 1310 2 147 11 397 1 566 11 135 3 1585 1 361 3 695 14 936 24 1992 1 1559 7 1825 9 1117 14 1169 2 1796
461 22 15 4 1709 8 668 29 1010 2 1811 5 1803 3 1199 3 3 12 837 2 1325 7 1158 2 1108 17 1964 12 359 1 907 3 1360 14 59 4 776 5 1201 1 892 10 1239 2 1500 9 744
462 22 16 1 1606 15 1657 2 981 8 177 25 1237 3 142 12 1576 11 1777 7 1935 25 799 7 560 14 625 10 593 1 1400 2 1046 1 1544 2 520 1 1272 1 703 3 1653 5 1940 7 757
463 22 15 2 1087 6 1019 2 1643 22 444 1 1978 1 423 16 294 3 559 12 1357 2 713 9 1847 1 746 12 19 1 1059 13 210 1 812 9 862 12 1487 16 294 13 1057 4 1194 1 825
464 22 12 4 485 3 1578 14 437 1 1913 12 1782 3 1645 5 1685 5 314 2 387 2 335 2 482 5 62 1 1005 2 1184 6 1689 13 1501 17 273 4 1573 5 494 1 621 1 1765 14 1202
465 22 16 1 1363 3 126 17 1990 12 1129 1 526 15 1696 6 1150 2 1856 19 538 7 19 9 1193 23 1802 1 1171 5 721 1 1307 9 806 5 913 4 1360 4 258 11 1575 4 334 9 256
466 22 22 6 955 8 1673 18 159 2 425 8 1470 2 1002 11 509 22 1044 12 1053 5 1340 2 135 5 369 4 1407 15 1646 8 679 14 1940 9 124 9 1764 1 221 23 196 13 591 24 962
467 22 12 12 989 7 1865 1 1470 7 814 4 408 4 1934 5 1782 1 96 3 1068 4 1630 12 933 7 26 11 51 3 1944 6 443 7 114 6 1745 12 1843 5 1450 2 1121 4 599 2 1786
468 22 13 11 1665 3 686 4 807 10 1168 8 459 2 1288 10 52 1 868 4 1333 6 469 11 609 3 612 6 1902 8 1334 1 1254 7 1406 1 1291 31 782 1 499 1 796 1 538 2 66
469 22 21 3 237 5 238 21 636 5 1682 1 1610 4 1192 8 3 11 924 9 1870 10 1670 3 1182 26 1150 11 1253 2 308 7 1975 8 90 18 1807 6 1425 30 1295 8 1448 12 160 4 86
470 22 16 3 1445 11 927 17 1109 8 1991 9 1335 5 1671 5 442 10 1236 12 1952 2 1164 4 1953 4 307 12 698 4 1348 7 442 11 824 2 1101 14 1937 2 1734 5 458 7 986 10 214
471 22 14 5 568 8 827 20 1415 6 697 7 373 3 916 6 1688 3 73 8 1813 14 823 11 1314 2 1987 13 947 2 816 3 114 7 240 3 1857 3 1855 3 1897 7 448 10 116 2 1915
472 22 19 5 480 6 1446 18 526 1 353 8 1329 6 1908 8 1312 2 1607 1 978 5 1153 4 489 16 1655 1 949 3 139 4 1581 3 41 24 1795 2 1549 4 39 46 1017 22 1493 6 1776
473 22 17 3 1478 14 181 15 985 8 229 6 951 1 268 34 781 6 1595 8 1637 4 1617 2 1416 2 875 1 1748 12 208 1 347 5 1531 6 221 7 1044 2 1258 7 1532 15 698 18 1829
474 22 14 1 1479 2 1757 2 1943 7 1607 1 461 4 958 4 1885 10 1345 2 748 1 1334 2 1367 5 1841 15 1612 7 1256 5 1732 7 1084 6 222 1 55 4 1943 22 1500 14 949 18 1947
475 22 16 3 1529 9 321 1 624 1 1584 1 757 4 838 1 1694 12 1818 3 687 1 928 6 285 6 929 25 975 5 1332 4 1308 2 901 2 320 18 946 2 297 38 1181 10 395 7 1557
476 22 16 3 1738 9 1207 3 1741 13 404 6 898 11 827 1 358 7 706 12 1044 1 20 10 1468 3 1668 8 1216 8 442 8 1037 16 1930 3 1038 9 395 7 793 13 162 9 1674 1 71
477 22 22 14 585 15 289 7 1186 6 375 16 1146 13 207 2 1518 13 1420 3 1207 21 1571 18 1869 2 1910 14 1666 2 1770 9 1873 22 1920 16 1698 2 275 22 1486 4 1897 3 872 5 568
478 22 13 1 1502 10 495 3 1459 19 603 6 511 2 902 1 1099 5 942 19 1327 1 1503 7 1621 7 210 2 128 16 1068 4 619 1 1792 5 584 5 783 3 937 7 37 9 1719 6 223
479 22 8 5 861 2 1138 2 1985 4 1281 2 1574 1 227 6 811 13 661 1 388 1 1794 3 1603 1 353 3 1877 3 268 4 554 5 1889 16 193 2 567 2 206 5 488 4 759 1 24
480 22 13 1 1278 12 666 1 349 10 1958 1 1487 2 140 13 699 9 1188 3 667 8 1772 2 1181 2 1386 9 448 9 995 14 1138 7 597 4 347 7 1310 4 1241 9 598 7 1670 5 1023
481 22 15 13 652 24 1670 7 1405 9 1505 4 7 8 292 4 1667 7 1195 2 555 2 1922 3 901 3 1001 7 1247 10 1007 20 1073 1 344 4 1516 6 155 6 9 2 915 1 94 14 1953
482 22 17 3 1357 10 418 21 1559 7 781 1 1315 14 1219 1 981 13 170 7 732 7 1856 5 919 5 1965 2 941 11 1330 1 1883 13 299 10 742 16 1869 6 321 13 1382 3 214 3 1179
483 22 19 5 779 1 706 6 1560 30 1159 24 1336 9 814 3 1427 13 816 13 420 1 196 3 860 10 1648 4 551 7 158 20 1763 5 124 1 860 2 244 10 757 3 269 15 1424 11 506
484 22 15 3 683 8 1603 7 340 1 1171 1 31 24 1111 19 1759 7 586 1 515 11 1895 1 258 9 323 3 1643 1 371 7 876 10 1125 2 1824 8 1607 7 711 7 1100 10 311 3 443
485 22 15 12 1905 2 1345 3 808 1 1475 3 1727 5 1545 6 1524 3 1321 5 1397 1 253 4 778 12 454 26 757 14 1723 2 141 8 1709 17 38 3 815 3 1432 1 1054 16 1767 7 210
486 22 23 3 1333 20 1492 5 397 3 1616 1 741 7 621 25 288 22 104 5 1098 7 60 6 952 15 1265 6 1485 4 68 1 1788 14 877 3 1512 3 342 10 446 30 854 25 1266 16 844
487 22 15 9 1822 3 92 2 806 6 274 2 955 29 265 3 1975 19 1728 1 638 8 401 2 380 6 1413 12 265 2 1095 9 1069 2 768 1 1810 4 1176 5 1516 5 1591 1 326 25 1345
488 22 16 6 555 1 984 12 1792 5 1174 7 1096 10 1846 7 1276 15 977 6 749 1 1188 14 1656 17 1147 6 816 1 683 10 1110 1 56 6 1354 3 1812 2 1019 8 1135 15 1365 7 1101
489 22 17 3 1658 3 1144 13 461 6 85 5 1569 7 1859 3 1916 11 1662 18 1455 6 1858 22 338 7 1368 5 1835 7 511 15 651 3 1925 9 737 9 1088 2 119 10 1127 5 443 1 1664
490 22 10 2 695 9 1479 1 1560 1 369 1 1284 17 290 5 1635 9 1602 8 1002 3 1904 2 851 4 82 3 959 18 1731 1 1400 6 1223 3 1532 1 756 5 1397 2 1373 3 915 5 1693
491 22 18 4 656 6 697 2 1516 3 887 6 1343 7 1246 16 1955 13 719 9 256 7 377 14 259 5 135 11 1341 18 1952 13 1477 5 1303 12 871 10 530 6 371 1 1993 1 787 13 373
492 22 14 4 257 6 7 1 977 7 1469 13 1666 15 733 10 1703 4 1727 3 523 1 21 8 187 5 667 2 125 5 1526 5 1182 7 923 7 196 3 620 22 574 5 1341 6 1687 1 170
493 22 12 1 1511 17 1637 3 1959 1 767 3 1375 1 1930 4 1576 5 269 9 1083 3 1839 15 1835 4 337 7 688 3 215 1 1141 9 66 3 1113 2 1152 1 1545 10 505 3 500 17 463
494 22 16 13 341 14 1147 5 1340 10 1321 6 1148 19 1769 6 1232 7 652 5 726 6 1030 1 65 2 99 5 1161 1 568 4 797 8 856 4 644 2 716 2 12 18 749 9 485 13 780
495 22 18 21 1847 4 1691 9 549 9 1337 2 1738 21 213 1 1476 2 1958 8 337 14 72 3 1480 5 1731 10 772 10 1537 5 951 1 240 15 1446 29 1585 8 952 1 926 8 973 3 569
496 22 15 3 944 6 1920 8 1867 9 1696 9 1120 9 1563 12 719 19 396 1 1592 3 1125 5 782 8 1251 22 1950 11 1504 1 1001 4 1335 2 354 8 578 1 913 10 1923 1 1275 2 834
497 22 12 1 1334 7 539 9 660 1 1790 1 646 4 661 1 1833 5 306 13 1103 2 1247 2 1195 30 1294 2 1282 1 180 4 381 2 1931 13 1822 9 1489 2 1394 4 988 11 1775 5 1351
498 22 17 1 839 17 1828 9 29 3 722 14 1107 8 1691 1 535 9 1220 2 669 6 312 8 1262 3 1544 4 1024 7 557 2 1219 5 907 5 155 31 34 3 1384 24 602 11 486 2 841
499 22 17 8 1533 1 1620 2 1992 9 1580 11 1715 2 525 15 1744 2 1950 32 924 6 1409 4 266 2 1606 7 1826 14 274 23 687 2 1596 3 1167 2 384 14 1441 3 223 2 427 7 480
500 22 12 4 639 7 1712 1 75 6 1154 11 33 6 1769 2 1844 6 814 11 947 8 740 1 1284 15 1453 1 1099 7 1985 3 348 1 224 17 1042 10 983 6 964 2 1899 1 1186 1 1175
