1 20 124 58 892 50 388 7 44 52 530 14 881 12 910 29 262 29 1299 7 962 46 868 21 1485 7 1488 17 1165 18 1363 23 15 6 675 64 185 54 720 103 1392 3 475
2 20 92 56 87 8 588 12 990 12 180 9 1323 12 229 37 1438 61 1126 7 1131 21 112 27 345 29 836 46 371 9 629 16 1347 2 355 10 1448 68 1228 10 979 10 177
3 20 77 18 1103 21 251 11 553 10 827 9 1255 7 546 44 1148 6 685 50 1272 45 1017 15 79 11 532 24 754 4 1396 64 1464 10 633 3 1014 1 7 25 1174 7 252
4 20 94 1 472 29 814 62 689 10 1377 26 540 16 553 79 906 2 245 9 1464 13 233 19 944 12 62 15 56 40 61 19 629 25 829 83 821 6 1199 6 1209 1 1441
5 20 119 20 931 18 1261 19 35 42 645 31 33 3 313 9 1259 82 517 4 1140 12 1052 37 88 6 111 13 980 49 1064 15 711 22 158 70 846 52 683 56 303 35 1460
6 20 68 35 236 5 580 5 168 38 767 15 510 2 1242 25 670 57 1266 19 205 2 1072 34 1127 3 781 6 433 6 1169 8 1034 17 347 16 1485 28 804 13 272 7 1291
7 20 134 36 566 43 206 2 1350 60 196 9 442 13 268 12 472 61 1134 38 661 38 1274 31 1142 110 1077 7 75 78 1457 35 569 29 956 8 1468 12 278 20 201 30 894
8 20 100 27 572 29 1061 2 942 22 1214 15 34 21 1408 83 598 14 933 13 120 15 125 27 689 13 707 3 427 63 1499 5 616 9 1230 5 1394 61 1070 25 1405 52 692
9 20 109 43 1203 48 849 36 1442 10 662 22 1048 22 6 19 485 9 591 28 410 87 1097 31 916 36 1411 61 920 26 483 18 1198 11 650 1 618 25 1149 4 112 9 381
10 20 116 15 1239 16 285 8 376 1 800 23 754 19 345 73 1380 39 1354 27 549 26 919 44 102 30 99 44 836 15 77 11 547 21 129 48 314 46 786 25 447 51 1023
11 20 96 2 688 34 1299 94 104 19 963 43 795 21 696 1 1257 21 1294 9 759 5 984 34 1180 27 849 9 618 10 490 4 625 8 219 9 798 55 68 16 219 61 809
12 20 110 7 256 48 1201 13 177 72 1447 58 457 16 1016 7 926 44 302 23 1081 31 914 12 95 24 1248 27 903 25 918 13 1058 13 1224 41 1262 73 1132 5 443 2 901
13 20 121 11 241 13 178 16 1359 3 85 11 544 45 482 88 1406 17 303 10 944 50 1462 21 702 13 67 3 181 10 496 16 569 2 792 160 170 1 1489 76 799 40 216
14 20 95 10 1216 65 770 7 332 13 622 26 30 32 244 28 251 40 1054 66 1498 8 1089 18 950 9 139 24 897 35 938 23 241 16 847 17 1461 17 476 5 749 16 548
15 20 105 18 929 17 718 55 340 16 578 33 306 16 983 38 801 10 1268 12 279 4 1249 58 950 12 385 1 833 17 1117 22 521 3 514 108 1343 51 21 19 266 18 736
16 20 99 15 559 11 623 31 1142 74 1465 32 609 10 1146 21 1332 46 19 36 782 61 698 43 569 7 203 24 633 5 1478 22 341 14 17 3 1072 25 1299 14 1068 1 226
17 20 86 30 538 10 615 39 776 31 1270 6 1378 11 348 55 548 34 254 46 668 1 509 48 1256 5 344 19 618 11 371 42 676 19 1465 4 1196 1 418 17 790 4 1259
18 20 131 110 148 33 910 24 100 8 913 5 143 9 1117 68 738 30 1233 44 417 60 1282 28 1070 25 1236 47 509 21 871 21 315 10 60 47 1293 13 911 31 566 25 556
19 20 82 6 650 5 685 28 1287 12 106 2 343 11 545 5 1402 60 576 41 1143 22 626 4 1124 24 944 31 738 5 1369 5 1279 15 447 58 379 53 386 12 924 13 1423
20 20 136 6 1 10 80 10 1241 30 173 42 1279 55 1374 10 659 7 319 19 157 139 258 15 1043 53 1012 64 62 32 96 6 98 95 364 40 266 33 1036 9 463 7 365
21 20 144 4 1390 11 991 37 324 13 1114 2 280 31 1260 116 618 26 714 111 1180 57 1444 58 1009 28 418 41 775 63 204 4 633 3 1224 1 35 27 1159 82 936 5 1059
22 20 128 21 1156 2 753 11 1070 6 42 8 1190 28 408 46 288 62 638 67 41 2 322 40 207 59 1472 78 1242 17 554 14 1497 37 478 72 936 20 258 28 153 24 1056
23 20 134 2 1123 8 790 55 1328 12 1185 71 1107 36 798 61 111 72 1373 84 1394 4 1310 66 1245 21 1099 3 286 49 1409 19 736 62 896 5 638 33 940 6 671 2 563
24 20 131 42 470 95 361 19 347 67 1296 9 864 118 255 4 561 45 846 8 744 16 1213 5 710 14 1271 7 429 109 751 2 40 8 932 13 1420 52 1198 7 501 18 1085
25 20 134 15 866 69 465 6 361 40 122 40 997 8 1448 9 1232 92 62 23 693 45 859 70 1009 86 711 40 1295 11 28 6 1107 10 154 57 851 5 656 25 612 15 331
26 20 75 13 828 53 1298 11 928 30 36 11 332 7 1101 12 1227 3 599 22 391 7 612 52 88 22 464 6 356 12 329 1 844 20 853 5 857 5 1328 62 764 21 874
27 20 107 70 143 6 1159 36 920 44 37 5 1298 9 801 4 233 3 994 23 702 2 1059 81 1469 25 313 34 356 37 169 35 859 59 1184 2 1448 14 1001 29 107 21 815
28 20 113 9 300 13 798 9 375 12 249 56 354 9 1027 52 1207 10 1485 30 516 8 386 1 170 54 1241 7 1433 62 124 23 618 10 447 72 722 121 1220 1 149 9 703
29 20 99 11 1367 137 803 11 1353 19 296 11 6 33 1075 5 1217 22 162 12 322 15 962 3 1032 1 1471 9 1181 13 1240 3 336 67 917 45 893 33 833 1 218 44 492
30 20 84 14 312 4 771 14 1413 3 447 13 918 17 378 1 1369 5 62 26 837 2 1399 17 433 10 1446 136 42 5 436 20 126 36 1496 34 792 6 915 51 1077 6 48
31 20 93 38 821 15 1382 17 362 15 1057 3 739 14 878 23 1162 67 647 61 678 10 32 10 510 19 928 8 1258 7 544 30 952 19 990 6 52 12 878 7 524 88 1134
32 20 120 21 358 28 1412 62 797 1 62 2 396 22 190 17 567 91 812 32 901 6 27 17 381 17 59 5 1000 54 818 87 335 45 100 8 83 14 471 16 939 55 1067
33 20 83 41 1307 17 1379 13 646 47 169 1 265 4 585 12 436 2 1090 7 569 10 62 23 1256 28 220 2 1057 8 1042 71 677 23 244 8 513 39 1046 2 709 58 1268
34 20 84 4 259 10 1287 31 139 14 1200 3 547 20 1471 81 764 26 1108 19 559 20 527 32 1436 52 1211 17 1183 3 709 12 1324 20 680 12 1180 31 142 11 1305 4 1029
35 20 70 49 1456 20 1048 18 842 31 37 13 393 2 630 10 1169 33 539 1 1113 29 514 3 790 3 455 2 1059 17 30 54 382 26 1494 4 285 13 938 17 1147 9 1370
36 20 97 24 4 42 874 42 1425 7 1188 1 1175 14 663 26 1358 14 926 14 1280 7 1377 1 349 139 1233 3 372 11 1070 8 492 20 241 8 679 35 1083 57 928 13 826
37 20 86 38 607 17 49 38 1407 14 319 26 195 7 278 101 760 9 544 12 779 20 1046 23 346 6 212 9 1434 39 1139 5 1391 31 1025 4 631 2 216 9 1166 21 657
38 20 94 38 962 8 205 3 1087 51 1067 8 679 3 1014 28 641 22 971 2 411 67 603 5 1103 9 496 6 855 8 400 45 528 3 1386 67 458 6 356 25 771 68 1208
39 20 102 35 209 29 1294 9 859 45 635 15 214 43 506 24 341 30 1247 51 810 16 295 9 1387 21 1366 16 578 68 336 25 53 30 1352 10 303 22 1473 11 620 5 163
40 20 113 6 1434 4 549 14 739 3 466 41 349 50 311 20 864 40 727 28 1033 45 1303 44 65 20 339 9 1181 130 400 28 925 13 1313 27 375 32 742 8 1376 3 1202
41 20 119 117 723 12 715 1 1154 2 711 1 221 27 1014 20 243 47 397 32 1192 14 714 4 813 14 629 33 235 22 1242 82 1397 67 712 72 1160 10 989 10 283 9 943
42 20 83 12 1184 8 289 8 646 1 1446 3 718 48 547 32 656 61 311 26 988 19 677 61 329 25 271 6 1217 7 1413 11 991 8 669 3 938 1 381 66 1144 11 173
43 20 95 21 1117 8 1281 15 62 20 863 6 1476 63 232 10 87 34 1291 31 836 24 187 9 774 18 1148 30 522 55 713 21 56 11 1195 12 611 46 948 44 727 1 801
44 20 79 5 1500 26 888 5 135 16 1379 43 199 31 370 1 1167 5 1008 36 1155 28 403 2 730 11 781 20 421 20 937 19 730 78 847 8 1434 13 548 24 1475 5 855
45 20 96 1 1378 9 1258 80 278 7 203 25 132 70 7 18 868 26 1065 7 581 23 1170 70 808 11 681 30 412 9 357 19 1396 45 1469 5 674 6 156 3 1188 17 1375
46 20 113 27 970 10 1085 12 884 12 226 22 1427 17 1319 61 315 33 126 25 150 46 1120 75 1374 15 414 31 357 20 804 23 1124 2 652 46 1368 39 1037 10 1468 40 607
47 20 111 46 1324 9 1073 81 343 9 1096 85 1159 7 4 13 744 5 809 31 1096 2 1140 73 1058 11 679 3 142 29 179 13 2 21 1346 22 493 14 345 63 410 20 814
48 20 94 10 695 59 1142 31 480 35 529 16 871 8 173 20 1004 13 495 2 978 11 1265 62 1323 9 392 8 1201 12 963 21 148 18 76 37 572 6 394 32 144 61 6
49 20 86 30 841 28 408 6 978 40 1420 40 612 2 1296 26 912 45 722 34 989 6 1311 5 603 81 1497 5 610 19 348 5 224 1 862 7 312 40 1008 9 1365 3 632
50 20 117 58 408 11 1104 7 949 24 1498 47 1078 78 322 9 1422 8 153 26 197 120 1209 42 748 3 96 3 1249 1 507 72 554 48 1429 17 134 1 437 12 1100 2 123
51 20 103 23 551 50 1315 26 658 1 21 20 1020 20 717 15 1268 2 1245 53 1026 26 626 9 862 16 522 34 913 21 1100 15 1204 75 1419 2 896 12 350 90 618 7 277
52 20 77 39 476 6 852 10 442 23 1166 20 1252 18 903 14 49 9 1255 7 309 5 593 45 826 12 934 16 152 13 803 25 248 25 1315 59 377 20 1197 2 643 20 69
53 20 92 20 869 5 1486 38 86 8 156 22 1003 27 432 4 774 21 409 18 935 69 243 3 84 7 648 7 1113 51 934 41 1464 73 1473 15 760 21 972 11 624 1 1432
54 20 109 8 155 52 365 15 1219 74 1126 45 1364 9 1095 3 604 18 437 70 586 48 1058 13 142 4 557 5 327 50 839 31 520 7 1450 42 1282 22 896 14 656 16 81
55 20 89 30 788 9 18 23 828 41 1384 6 496 3 829 2 770 13 523 23 566 28 572 22 941 33 17 19 46 5 833 14 139 74 1000 19 935 5 457 5 1461 75 45
56 20 151 52 596 44 358 26 1195 2 1353 111 1143 8 408 56 1040 24 1068 19 290 39 440 22 598 13 326 8 1444 17 1451 148 1004 34 1376 23 347 30 628 8 278 72 984
57 20 132 76 1398 78 784 48 255 30 245 34 206 27 265 25 606 4 724 32 870 69 1018 32 913 26 235 2 1141 54 1118 17 1042 24 39 46 254 1 397 7 25 28 178
58 20 110 18 208 20 1339 35 876 48 1287 29 211 5 1065 2 581 21 1096 22 945 5 1138 26 477 58 1361 37 897 40 21 1 867 16 1273 58 1015 35 283 22 135 53 65
59 20 120 37 104 16 568 50 1031 16 1348 31 1289 4 677 19 1367 15 149 24 1090 4 967 56 1026 48 521 66 64 87 961 48 1299 13 26 22 1294 19 1319 18 198 8 1401
60 20 100 1 593 4 875 12 1432 18 607 6 852 8 881 3 1320 56 560 6 1347 44 1405 29 1352 25 1274 20 51 19 1101 46 172 37 764 13 1224 84 1272 22 1340 51 472
61 20 81 77 523 13 1461 13 21 22 127 54 488 10 574 6 1229 28 1295 4 535 4 917 19 1395 4 594 23 1305 5 133 2 634 12 1097 23 989 10 898 11 1151 68 818
62 20 67 13 465 74 1459 3 1212 10 1429 7 222 37 1286 20 1228 13 975 22 1339 2 968 2 1415 5 286 35 1327 27 1422 1 252 27 811 12 1325 20 552 4 579 3 605
63 20 85 14 1087 21 286 2 1348 9 511 8 462 49 479 66 933 11 806 15 181 3 1247 2 1388 26 1402 23 686 55 999 11 284 2 267 28 602 47 304 20 625 14 781
64 20 129 46 313 25 61 4 1434 56 425 73 992 9 295 17 717 48 858 32 482 21 216 30 523 88 549 109 203 11 222 4 1085 5 176 3 153 20 784 34 883 12 446
65 20 115 37 1260 30 818 62 1485 22 243 32 316 14 434 21 272 11 1034 3 576 5 81 50 1017 2 726 9 1103 34 766 47 860 9 568 66 864 25 498 57 1138 43 1341
66 20 179 4 275 29 1051 74 636 58 1293 47 743 96 1206 17 1299 45 443 23 568 57 1324 43 11 69 665 114 913 94 1391 67 436 4 1217 35 1378 2 956 19 107 1 227
67 20 123 2 687 70 1320 41 982 41 666 19 953 49 1111 34 80 6 1496 34 1375 5 1374 63 1182 52 352 5 1418 15 152 13 29 80 355 1 1382 10 743 23 517 56 1003
68 20 97 1 1463 7 1084 19 928 26 59 53 805 32 793 3 1131 9 1218 26 211 6 580 16 288 32 890 6 942 33 242 60 1396 45 239 39 1322 4 834 44 1310 27 115
69 20 86 4 1068 41 1036 3 1473 35 1043 14 667 15 892 10 1160 21 515 55 1048 13 669 26 186 9 476 4 402 58 292 5 1295 47 577 20 1054 6 581 19 75 26 49
70 20 101 33 910 11 1480 13 607 3 931 26 1017 7 65 14 204 16 1444 6 148 14 338 33 1427 10 1465 9 1446 111 321 20 372 6 708 57 1304 14 92 23 170 81 1345
71 20 77 3 1406 8 354 57 285 16 403 38 82 11 578 8 2 19 95 26 746 4 323 3 1383 24 23 4 879 13 694 54 401 9 796 3 1327 33 361 22 315 31 750
72 20 103 30 1146 35 923 27 839 34 1334 34 299 6 1357 3 1468 41 1457 4 991 12 976 5 1500 41 221 4 926 9 928 56 987 28 215 19 1102 56 1263 15 1110 56 545
73 20 97 42 444 23 21 17 994 47 1105 2 878 52 281 19 595 43 792 47 954 8 969 2 441 4 1495 8 771 26 402 25 1204 11 1420 16 581 34 575 23 5 37 758
74 20 126 50 279 44 378 40 893 26 1073 9 39 50 1022 2 115 21 98 2 537 12 1400 13 943 46 1061 69 842 14 567 15 457 42 1468 20 158 65 956 62 516 28 191
75 20 89 47 735 20 1283 37 627 12 1167 17 1047 2 1149 44 1159 6 1102 2 405 1 802 52 1050 22 56 21 68 79 524 37 892 8 541 20 12 1 206 8 431 11 500
76 20 78 6 1026 17 1215 8 947 11 1180 14 1435 18 237 5 324 23 23 17 931 25 19 5 917 19 1102 31 553 51 293 38 51 4 1223 13 1072 26 1190 23 535 36 1498
77 20 71 7 1104 5 703 8 1221 12 1032 12 898 13 88 74 390 4 481 36 201 59 1295 3 984 16 1169 16 21 1 1476 20 403 29 621 6 326 16 139 11 1414 7 815
78 20 119 26 786 5 585 24 315 27 904 37 184 48 1426 105 627 26 692 99 81 20 1174 24 1415 22 1437 24 1242 8 1182 4 982 44 276 11 1155 9 56 3 731 29 493
79 20 68 23 363 3 51 41 471 18 909 19 835 30 203 17 1183 7 250 26 1139 2 1131 7 932 15 557 20 731 3 28 11 1103 35 138 3 1319 21 71 17 189 24 502
80 20 135 26 558 72 1298 12 547 28 1491 24 977 4 692 29 888 13 455 32 1339 5 1270 9 340 47 1327 121 443 45 239 43 937 79 688 15 814 30 1427 12 296 32 223
81 20 85 88 876 31 420 8 1420 7 1198 3 1437 6 241 22 1052 16 20 16 1441 49 935 17 264 44 135 33 1305 5 1204 30 1392 1 789 30 915 8 336 11 102 3 136
82 20 78 28 727 25 1253 5 455 4 969 36 1375 17 358 1 1447 60 950 62 1274 1 655 13 772 14 1004 11 470 25 589 5 84 17 579 29 569 4 543 14 1435 19 1408
83 20 121 39 1207 2 1027 45 358 1 385 50 613 39 353 31 1322 11 847 12 595 2 566 60 1021 51 333 15 154 56 1279 62 41 44 182 19 650 8 337 16 1431 45 1120
84 20 120 35 582 41 693 93 313 21 649 3 470 10 1328 10 1231 45 161 48 731 31 920 4 1110 3 569 20 95 24 392 18 1157 74 1440 16 1335 54 346 13 516 41 283
85 20 112 30 452 33 1466 12 781 2 127 19 450 25 400 10 1134 12 272 56 1054 55 1151 25 601 14 176 7 139 53 1360 4 932 32 644 91 617 11 689 64 183 7 1171
86 20 131 90 1329 12 768 1 193 13 609 3 566 60 1211 85 719 60 991 85 543 24 62 55 1274 10 783 40 857 8 628 8 1176 16 1325 11 260 2 956 48 57 26 574
87 20 94 63 782 40 1132 30 558 37 137 10 825 26 1311 1 607 27 888 66 1332 11 557 5 369 2 977 25 33 3 160 23 40 17 1428 53 48 20 286 8 1112 3 1406
88 20 99 60 224 36 831 13 990 24 1032 16 16 71 551 3 1413 53 571 14 415 2 1420 38 377 2 1487 5 703 6 457 5 1232 10 490 6 1050 88 1220 3 893 41 642
89 20 71 14 1302 7 819 5 1233 4 297 3 1484 42 1254 28 953 4 643 8 513 9 662 70 512 8 28 2 657 13 663 20 1216 10 1415 27 360 44 40 27 1467 10 5
90 20 85 12 366 26 1173 84 945 64 625 6 918 10 1261 23 1167 8 456 36 149 17 1350 15 193 4 280 16 1068 11 1364 14 803 17 407 22 1499 9 1283 15 1062 16 823
91 20 85 85 1091 75 999 5 27 11 29 6 777 6 1417 3 1275 23 444 10 1471 32 766 16 35 3 364 1 1246 14 1094 19 1013 76 174 20 1342 13 1339 8 1113 1 621
92 20 64 17 1256 10 393 2 1400 2 365 4 1325 4 1231 32 162 27 1163 52 290 11 1110 35 434 6 646 19 1445 8 345 11 1215 4 442 11 284 29 1229 13 454 26 1439
93 20 89 49 1392 8 1291 4 940 51 625 5 746 14 1221 57 131 16 727 10 1372 7 1163 52 1403 11 1175 5 426 14 12 6 1321 98 550 16 747 17 1235 3 174 5 1451
94 20 118 52 1008 13 333 49 626 7 1442 88 1319 22 668 27 75 42 237 3 81 24 802 42 963 1 23 56 1323 22 29 1 1308 27 54 12 873 3 1369 90 525 13 61
95 20 119 42 168 23 181 35 57 29 1307 13 1236 26 19 9 618 7 119 17 359 24 1496 46 473 2 1339 46 1127 9 400 32 664 28 1124 33 854 11 482 117 1251 47 1468
96 20 101 8 1168 16 583 1 256 11 816 19 194 26 1461 23 1280 27 307 10 1345 26 279 3 174 21 641 37 36 5 1281 66 1089 9 620 43 385 7 608 26 439 124 497
97 20 64 12 1377 49 750 30 422 8 895 2 1353 2 1223 31 1119 6 1159 1 706 16 579 5 1057 12 770 12 655 24 640 4 531 18 640 15 109 31 716 19 216 26 268
98 20 100 25 617 15 134 11 1107 11 898 46 881 34 100 32 1277 29 880 7 636 3 1067 39 1308 8 713 90 1089 35 820 22 1466 44 1387 28 209 11 1042 10 1461 3 1186
99 20 76 12 929 23 1232 23 16 63 929 35 810 28 200 19 1297 29 801 14 647 23 1451 4 227 26 701 33 1224 18 937 2 190 9 882 3 1059 7 147 2 64 9 1082
100 20 74 9 229 7 981 6 1223 8 201 24 388 18 1017 43 605 9 35 1 629 34 127 26 349 34 1400 15 555 7 159 5 910 59 275 24 42 21 971 16 424 7 415
101 20 82 9 1386 42 603 24 1189 38 1005 16 1417 50 768 14 1249 1 685 49 566 27 220 19 472 25 1422 29 774 15 998 5 1140 10 694 13 108 1 1082 4 204 23 1001
102 20 116 71 593 74 1473 9 543 30 728 21 1130 24 775 44 1137 44 1192 8 947 43 399 18 547 30 1265 32 512 16 587 21 955 4 14 54 1007 16 448 17 100 5 225
103 20 114 84 797 5 1171 3 835 2 56 38 511 7 672 16 547 14 1331 93 1224 50 1202 104 965 52 1138 23 1261 5 385 23 714 5 636 17 797 2 216 4 484 25 1395
104 20 127 20 455 11 263 55 1254 12 426 46 1428 25 923 28 410 100 119 20 1482 1 244 10 948 23 1193 88 129 4 1047 58 94 6 909 3 1320 74 205 38 341 14 1479
105 20 125 5 1474 17 1028 11 511 32 288 83 1309 24 929 14 1247 91 274 23 535 26 1147 1 213 7 344 5 990 76 423 96 126 41 381 7 515 22 677 11 683 37 457
106 20 73 12 485 14 1008 4 307 42 1248 1 1269 11 246 28 943 6 141 12 1125 4 444 19 756 3 1072 23 579 15 508 23 836 34 1500 2 953 91 1444 13 789 9 1198
107 20 127 29 406 1 161 20 1173 34 1107 28 1319 30 612 79 209 12 1374 18 1444 20 522 21 1219 16 1128 22 482 45 355 34 779 23 218 3 1233 87 888 23 1369 90 796
108 20 110 77 357 9 1008 12 1244 7 1070 37 512 46 278 39 157 19 823 25 1378 54 747 9 649 38 587 4 1238 62 699 46 632 2 973 1 1073 27 1424 18 346 19 555
109 20 120 88 157 23 543 21 1336 33 28 4 1245 78 444 22 1416 5 1370 76 701 49 756 9 1013 41 1270 28 1126 30 733 1 861 2 449 11 578 43 72 21 77 15 1144
110 20 88 24 683 37 930 13 1142 9 507 26 1035 20 183 19 65 42 190 2 222 25 186 15 1217 13 332 23 552 21 1034 42 1471 13 1065 15 1345 46 1496 19 966 16 1031
111 20 47 18 437 36 1074 1 67 3 52 18 185 4 1298 12 1466 3 187 4 69 1 1215 4 1268 30 806 25 992 9 829 2 305 14 227 23 759 8 378 4 486 17 1438
112 20 127 2 476 42 671 66 1301 41 543 9 198 34 1430 34 197 28 424 40 137 8 876 46 250 55 543 27 275 10 102 18 328 41 292 53 723 41 969 32 1142 8 1196
113 20 99 35 1266 1 475 37 1302 39 616 6 161 21 398 5 957 8 379 16 550 9 1378 35 1230 6 754 64 1412 41 544 13 350 56 1343 13 637 30 593 21 240 40 1284
114 20 82 5 473 12 29 1 1046 27 832 74 895 44 724 21 321 6 549 11 1496 2 383 26 787 2 106 36 808 5 997 12 608 27 1459 54 1117 4 901 27 686 16 336
115 20 97 32 647 31 327 8 895 6 774 36 1016 60 592 33 766 54 1251 61 708 1 1059 2 104 8 1151 14 247 19 558 26 1393 5 600 67 46 10 907 6 878 7 1368
116 20 84 4 664 13 428 28 1434 22 762 9 1173 14 680 40 89 30 879 3 695 6 728 14 786 65 722 50 190 42 1030 11 1151 13 228 43 321 6 202 2 1019 5 1290
117 20 122 6 521 59 1480 27 66 23 837 53 486 28 17 3 459 3 1322 50 614 17 1152 57 1160 76 370 21 182 11 1061 46 472 26 215 2 982 51 554 11 1091 40 1294
118 20 86 1 882 55 699 16 1264 37 393 12 242 9 261 17 790 38 1342 6 490 17 78 20 1041 22 752 30 1121 3 843 46 1452 17 298 37 1291 5 636 18 269 28 573
119 20 75 24 1005 2 1082 2 30 22 17 29 1139 1 538 17 1299 16 1073 6 637 12 256 2 1200 33 1003 38 1326 28 1023 40 1184 38 13 22 1439 25 1384 16 177 3 709
120 20 114 7 1374 31 412 42 1232 3 718 30 9 14 1399 24 223 10 717 28 28 2 946 57 1230 28 581 28 121 9 108 126 55 68 550 13 632 8 870 17 902 29 17
121 20 102 32 232 3 1216 11 1142 9 588 24 123 9 734 57 768 25 56 1 977 39 1041 15 446 2 256 2 164 55 1121 17 1418 16 878 112 529 38 321 27 485 19 890
122 20 66 12 304 8 237 28 103 5 1052 8 1475 21 1053 36 729 19 659 12 1478 5 1141 2 209 24 932 12 253 3 28 28 873 5 906 20 862 36 163 10 431 40 1406
123 20 120 12 689 59 1165 69 315 5 1032 29 803 29 1029 4 139 73 995 37 876 46 143 13 1298 38 261 49 1476 50 1322 15 410 12 1404 34 841 9 1389 14 751 7 1249
124 20 93 14 837 36 760 15 917 3 366 8 465 21 13 66 1155 36 1430 83 591 27 1402 20 87 9 838 11 815 27 391 2 616 20 1114 23 1083 36 755 7 252 2 1122
125 20 148 37 1409 20 1102 20 635 3 843 99 1246 22 1292 12 292 174 764 26 562 62 755 2 1023 10 1212 27 138 20 845 3 513 41 971 38 1328 11 1260 44 97 70 812
126 20 130 32 874 15 126 1 793 2 463 65 548 41 1090 33 529 29 1483 45 182 4 754 54 1054 53 1028 16 558 66 1155 27 1036 18 1445 51 136 84 465 5 364 10 1213
127 20 85 3 358 49 977 15 45 2 212 15 1178 33 496 21 990 37 488 29 94 11 791 24 1358 25 2 11 799 13 42 35 1408 7 675 9 1157 1 86 72 754 15 1017
128 20 116 61 1297 23 1384 27 408 69 258 9 183 67 1107 27 1384 16 120 3 1149 6 271 77 1037 25 752 16 1096 6 81 18 522 44 1367 14 1054 22 751 2 751 49 1254
129 20 138 20 930 25 205 20 41 30 491 40 485 31 448 108 841 46 1300 32 1396 7 1465 30 1376 14 982 16 478 99 98 54 1323 28 867 31 651 33 1153 10 1369 17 561
130 20 86 19 190 62 524 69 220 4 69 25 1450 32 921 8 102 6 1127 3 882 48 1018 13 700 4 767 11 1378 11 120 16 690 2 1406 10 866 4 600 23 19 60 795
131 20 100 3 696 2 151 10 1373 11 510 9 1064 71 951 19 785 100 687 37 1369 3 937 9 688 12 130 13 1201 32 1078 5 915 6 290 30 440 33 1243 91 250 8 517
132 20 75 11 850 31 688 3 1272 6 639 25 274 48 234 23 474 4 341 69 1187 10 1174 5 983 38 336 18 948 17 1121 15 1286 13 1306 17 1187 12 1250 7 816 6 1063
133 20 99 68 1157 19 1107 16 220 19 699 1 819 22 1414 5 1480 10 696 43 35 17 425 1 1488 41 544 6 1042 84 100 29 558 14 1225 81 1421 4 899 17 1042 2 1123
134 20 88 20 751 16 584 16 438 3 1378 19 1459 13 198 12 677 28 556 47 542 29 1407 40 1486 37 561 26 99 30 645 20 567 14 993 16 196 25 1181 26 722 6 314
135 20 113 24 133 1 1377 16 572 89 108 6 612 26 1202 11 919 6 5 100 364 15 730 6 183 23 273 10 1480 21 227 63 1258 15 524 10 989 2 326 71 1454 50 1409
136 20 98 13 250 86 942 8 390 32 317 20 1384 18 1064 7 577 10 1489 65 1133 8 619 25 10 9 409 16 574 31 819 1 1060 10 202 3 1032 18 39 66 811 46 1338
137 20 89 18 1274 14 620 7 1341 23 1410 18 1453 24 1194 51 942 43 83 27 402 13 159 33 502 5 1192 2 15 13 351 26 466 24 423 32 1077 36 1063 26 769 11 1004
138 20 97 47 1242 3 460 4 885 3 912 37 375 34 1108 27 152 81 1105 38 1098 55 28 2 403 19 459 24 518 10 86 18 1042 21 1223 13 994 31 1329 10 1346 10 860
139 20 74 28 674 7 1433 14 1430 5 362 22 1233 4 395 18 1030 58 676 1 88 25 1280 3 335 20 1212 63 567 4 349 6 907 3 222 15 762 29 227 6 595 42 457
140 20 100 5 1066 21 1109 37 405 6 278 42 1190 1 263 2 1103 44 943 3 1034 24 377 93 1417 2 241 109 573 7 1245 18 1185 15 640 25 1443 15 422 32 500 3 1426
141 20 85 73 557 10 912 42 642 2 29 25 925 20 146 23 1125 3 289 32 1253 9 806 50 226 1 11 31 24 4 24 16 1344 43 565 15 335 23 1389 6 1257 1 1155
142 20 66 22 1094 4 407 12 917 19 302 40 534 15 789 22 1279 34 247 8 995 14 1258 8 15 11 1213 18 66 28 1414 20 1295 2 111 26 1265 15 968 5 806 10 704
143 20 105 7 1030 47 1383 15 404 6 102 43 1234 1 196 19 1376 24 1473 7 1360 11 1330 16 677 24 299 122 272 31 159 37 441 7 1320 2 1441 18 150 9 813 82 1423
144 20 106 35 560 1 797 22 854 12 979 89 1194 22 1019 10 498 5 835 17 827 4 442 19 1195 85 557 56 130 9 364 78 1401 12 954 5 157 28 1231 20 1449 2 1377
145 20 120 6 23 2 520 63 321 4 499 39 779 49 663 26 13 18 676 31 994 1 125 6 991 112 610 65 19 7 1322 49 522 13 581 5 1323 20 62 74 1066 13 1492
146 20 99 38 303 10 20 12 875 76 267 21 1276 3 711 16 391 37 613 2 315 1 774 26 1022 13 60 5 920 55 578 59 958 44 947 58 345 10 2 5 1101 7 27
147 20 105 14 464 60 282 7 1104 3 1374 64 927 15 230 14 389 44 1351 27 1226 56 1040 28 590 13 1267 10 1068 10 1040 7 656 103 1179 2 190 7 269 19 697 26 598
148 20 91 12 1373 5 964 26 575 12 258 7 1425 47 282 14 841 1 927 28 1017 14 187 91 1386 9 979 15 1135 1 1122 40 1007 46 1430 59 1271 2 1162 24 1453 4 862
149 20 92 11 1162 65 222 7 1272 7 208 1 827 4 376 25 400 23 506 18 713 41 1386 2 748 57 555 95 1065 12 656 11 744 14 90 3 1034 30 1003 29 1427 6 585
150 20 119 2 1395 14 94 3 1343 35 1020 1 1052 2 198 22 1133 22 983 64 405 21 367 68 1172 7 632 30 1099 90 415 41 488 21 246 73 1028 29 1114 12 354 40 322
151 20 110 11 683 63 1391 9 1075 21 609 26 1334 14 665 8 285 39 59 42 1021 42 904 28 883 31 338 11 1203 38 1331 30 31 41 451 14 994 13 916 36 602 37 105
152 20 73 11 1169 18 88 21 261 64 522 13 67 22 48 46 1059 8 1441 2 2 23 427 2 286 23 751 1 1247 12 305 2 80 64 197 15 995 10 1041 1 266 10 896
153 20 92 21 662 50 133 29 175 24 871 8 174 1 331 13 297 109 1145 53 896 15 80 19 1393 38 1420 12 58 19 587 27 1078 13 193 1 1357 4 938 3 703 4 1062
154 20 115 36 564 13 938 15 1440 5 782 45 783 40 230 22 833 36 1233 39 559 7 128 35 1355 53 867 73 476 19 1028 3 731 17 674 16 1047 51 1187 36 184 15 676
155 20 100 11 245 1 810 12 1083 6 1033 14 1401 46 14 7 1458 8 1065 10 798 31 400 55 491 42 1140 46 299 25 867 9 729 1 82 65 1377 48 1028 6 393 60 551
156 20 84 19 1281 7 1091 5 894 11 104 28 675 16 374 8 1449 3 155 27 555 3 494 5 815 7 880 14 1500 19 950 26 147 37 1334 30 610 38 1038 14 392 106 939
157 20 92 13 1145 23 1223 11 1010 1 1483 27 323 2 474 14 1402 27 158 12 1067 24 581 22 1138 53 1046 104 1393 14 1028 17 1210 5 88 21 491 25 930 42 218 7 84
158 20 125 95 43 25 1063 24 1228 75 1472 114 893 19 1443 9 921 22 508 22 506 15 86 17 381 15 1016 39 1125 32 735 34 376 2 76 12 427 11 1176 19 399 27 1416
159 20 125 15 225 30 1260 37 1373 111 1392 8 705 62 641 35 986 33 901 10 565 21 1249 30 756 10 1286 26 1459 25 696 11 382 23 130 33 1141 44 1085 25 1159 39 606
160 20 121 9 315 17 369 71 838 3 415 6 128 125 424 24 1062 47 215 37 365 14 688 15 979 7 195 38 47 34 1350 6 850 42 842 20 80 9 879 80 232 4 268
161 20 76 4 946 60 512 8 1243 18 629 11 782 12 1483 5 1379 28 1169 40 1302 23 94 12 1198 17 1274 2 1317 40 1435 17 692 7 473 43 917 22 1344 13 860 1 271
162 20 120 34 1128 14 1380 57 870 20 880 27 1303 10 621 3 1064 69 252 7 942 41 1047 29 220 9 1031 76 1071 14 1263 14 102 68 460 8 1146 3 1211 78 1289 19 237
163 20 90 5 635 4 101 45 1177 6 1262 50 962 26 933 27 1125 24 451 2 1384 6 356 35 1352 27 1205 14 915 64 1478 19 454 21 1286 7 1393 7 1019 6 196 55 567
164 20 78 33 1088 21 3 6 265 9 687 8 875 25 326 9 45 8 172 13 56 1 232 24 1375 13 167 23 962 6 978 7 1244 8 744 3 92 17 434 107 616 53 535
165 20 69 29 637 13 1223 31 465 5 259 31 399 5 893 25 1440 37 79 10 97 19 1164 14 1220 7 684 4 1207 49 281 2 270 29 1338 9 653 14 1265 10 649 6 1200
166 20 85 33 734 10 1181 34 1393 15 273 26 1016 23 142 37 1035 39 715 4 1405 26 943 20 1277 3 1137 21 1183 2 1379 51 976 24 970 1 10 34 1285 14 969 8 1489
167 20 110 62 357 31 454 28 1157 28 1392 10 92 63 458 1 238 41 1336 42 102 1 1070 31 1150 19 934 11 65 48 1429 21 424 68 865 12 1360 18 129 12 1359 4 252
168 20 103 34 318 3 252 56 305 4 1339 96 714 18 839 13 1463 36 1093 6 1286 26 1336 14 281 20 359 12 551 1 1282 42 37 32 375 15 249 6 746 35 1024 48 955
169 20 95 40 666 3 395 5 846 14 1037 8 1483 23 1020 4 423 99 760 19 1405 19 1208 13 24 45 825 77 1460 2 1390 61 22 12 179 3 1121 4 1287 1 702 26 1109
170 20 120 31 1346 2 260 6 109 5 1131 13 962 70 199 9 585 37 773 25 1461 27 521 46 327 2 162 39 134 21 962 17 567 50 1334 9 817 46 933 131 1394 14 980
171 20 95 32 922 74 565 9 936 31 1072 97 37 38 1167 14 1280 15 657 27 452 37 92 16 1342 8 229 7 1303 19 1113 14 1483 5 962 5 280 18 721 4 1034 7 1355
172 20 119 61 901 5 380 15 761 43 245 26 204 27 480 24 1465 1 848 74 753 12 1274 33 936 134 51 33 942 24 953 7 499 10 964 8 633 34 1477 25 236 3 901
173 20 106 19 864 8 1447 27 375 15 560 30 1166 27 800 9 1338 12 416 27 431 3 378 14 1265 12 492 10 1306 17 624 12 206 57 328 16 716 16 538 113 1216 86 120
174 20 110 55 394 37 971 31 1010 52 809 4 73 4 1112 6 703 31 1163 26 812 7 24 68 1269 35 1031 7 361 37 27 22 33 3 920 20 979 1 1163 69 547 35 151
175 20 51 1 1459 9 736 4 345 50 684 11 119 11 262 6 1423 2 629 3 1058 14 895 1 1028 1 694 6 982 4 1425 35 906 1 1089 33 1352 55 123 3 572 9 1281
176 20 104 13 1149 50 1454 41 48 54 1375 7 671 2 734 64 628 10 555 18 1399 42 366 24 280 43 94 10 1047 21 595 18 547 21 1194 29 899 40 1401 4 356 13 267
177 20 84 35 1490 18 457 64 415 10 425 16 945 63 526 40 109 7 1083 9 122 5 533 9 494 1 355 15 615 28 337 3 498 15 1134 1 823 22 1471 21 677 39 1411
178 20 81 9 248 29 386 20 225 5 964 9 318 8 860 22 1279 5 273 19 1015 26 816 22 1335 19 941 4 768 66 1493 14 242 52 1166 13 695 37 390 5 1132 23 942
179 20 101 23 431 3 1424 7 156 3 440 12 1225 2 210 29 421 33 1270 21 907 6 1051 35 90 16 1306 23 1402 31 1319 52 1500 32 967 6 253 49 715 61 723 65 628
180 20 102 22 182 2 561 54 519 33 1420 19 550 69 367 13 325 35 626 6 498 13 1363 7 1021 10 468 9 1169 64 595 11 908 18 831 24 242 70 941 6 580 28 1130
181 20 102 19 1440 108 1495 23 557 7 606 4 1220 5 50 40 248 24 983 19 625 15 1351 95 4 32 31 10 338 3 1250 62 956 1 1336 19 423 2 277 5 137 21 1424
182 20 98 45 769 49 171 5 941 44 387 67 693 3 403 9 519 27 1390 6 84 31 658 12 94 51 456 14 7 50 213 7 406 14 81 26 1086 15 883 6 318 10 677
183 20 102 53 514 9 720 61 71 1 832 21 289 7 184 39 959 12 1292 9 971 6 1239 3 231 56 612 3 1168 4 361 10 1237 6 1294 48 1420 69 7 72 915 23 153
184 20 109 30 638 2 422 8 505 42 1112 6 1215 11 1456 2 930 39 1276 99 1106 21 189 34 102 15 420 13 1188 83 827 2 1193 4 1471 43 1120 36 977 50 865 6 308
185 20 100 42 1309 1 231 9 871 1 683 41 1222 63 1217 26 218 26 1101 6 749 10 749 3 638 40 190 33 139 23 1255 25 468 35 1425 21 438 20 1204 25 421 53 292
186 20 121 3 777 18 703 19 1127 9 1431 74 266 24 1307 23 1484 8 1376 36 1180 20 695 16 573 65 1130 20 221 34 1327 1 512 75 1368 112 1221 5 430 15 1159 28 25
187 20 143 37 934 4 430 88 260 4 194 18 137 73 758 32 456 5 74 36 594 17 1461 79 271 24 78 4 266 56 29 4 914 18 1202 26 1257 16 180 140 756 34 1013
188 20 99 15 424 27 1084 7 971 13 1261 62 1242 4 1434 29 1029 31 336 25 1282 16 239 6 1485 63 190 6 268 4 367 26 626 50 65 23 57 3 592 50 1000 38 823
189 20 132 98 408 12 439 33 1365 16 236 21 702 46 457 15 1090 15 663 35 740 109 267 8 1306 10 164 34 1074 35 82 26 429 28 1056 5 432 51 731 16 796 48 608
190 20 86 12 523 7 590 47 25 1 351 34 961 13 1011 1 76 28 1208 10 463 15 242 9 931 23 136 87 605 22 395 43 1199 7 237 5 364 35 1285 21 324 12 1208
191 20 126 5 620 4 941 18 578 29 1182 14 1175 50 1214 79 969 2 1424 3 620 20 308 4 739 43 1240 50 749 32 149 94 1115 71 1042 52 1162 17 978 13 1315 33 914
192 20 115 50 194 5 1205 2 1041 56 908 16 811 25 1448 11 565 28 202 22 770 43 99 12 403 59 924 6 1428 12 212 56 132 38 852 1 1407 7 562 72 1300 56 905
193 20 88 5 1404 16 876 42 1041 3 1473 67 269 5 128 19 134 2 1272 1 773 31 1042 24 1096 42 1206 32 952 41 1142 2 224 39 398 9 1123 14 1010 35 395 12 175
194 20 110 1 1382 55 129 6 741 80 730 32 13 23 693 13 220 65 209 52 621 60 1454 39 633 10 1126 21 414 9 1105 4 1178 3 1190 31 433 8 227 13 545 25 153
195 20 83 6 1379 10 261 24 377 43 1431 1 1428 6 220 43 357 21 294 2 549 1 1158 16 843 64 450 56 921 10 16 6 973 29 252 26 1225 31 67 7 933 14 186
196 20 128 5 1336 48 1255 13 634 9 1089 53 1142 30 715 18 600 21 64 40 84 10 1297 84 568 20 88 35 471 32 198 13 511 30 1437 80 22 31 842 27 88 42 596
197 20 121 54 1102 11 1075 15 1093 5 1227 28 10 1 66 18 179 3 1110 15 930 4 1054 27 948 94 1384 93 707 3 149 54 794 43 217 46 313 5 1285 52 1477 38 642
198 20 111 43 1312 49 1148 20 1310 7 175 39 904 10 1354 9 65 6 351 49 172 9 1106 7 1110 19 917 4 1366 4 1399 43 597 24 1071 94 1323 47 217 58 1357 14 608
199 20 98 6 203 84 1131 3 961 27 793 72 802 28 447 12 711 31 1167 9 1054 30 1240 51 356 40 369 10 1106 3 142 13 717 13 1260 3 613 7 271 10 1068 39 1426
200 20 105 9 928 61 1191 47 159 51 455 25 107 2 361 4 591 2 705 3 153 30 960 17 828 57 1363 68 415 9 647 32 1426 48 370 24 547 4 809 7 502 25 614
201 20 120 44 270 42 514 41 94 19 216 14 133 24 447 25 188 23 1404 38 886 21 1078 24 720 4 1081 24 515 107 449 19 981 26 726 68 873 10 1322 21 1067 7 1220
202 20 95 19 679 4 946 23 1180 29 1163 1 501 73 63 12 677 14 114 70 141 9 1268 18 1281 8 873 72 1449 37 1283 14 566 1 1422 19 1169 6 1424 30 11 16 873
203 20 127 54 272 74 405 34 625 27 550 5 471 19 316 1 132 39 368 15 1397 1 80 1 84 108 1296 47 186 24 1096 2 134 6 61 35 586 52 1390 67 308 25 557
204 20 78 38 1409 40 191 43 79 7 1129 23 1385 9 369 13 1057 42 1196 13 91 32 1104 16 376 20 610 6 442 31 576 8 775 4 671 31 1051 8 947 3 1279 3 445
205 20 83 24 1168 2 1155 28 729 50 634 28 361 18 711 6 1235 28 196 10 481 1 1188 10 82 9 1340 2 259 47 420 35 759 36 682 16 911 8 38 9 541 51 641
206 20 125 40 782 123 1403 14 788 27 1259 39 875 43 794 37 316 5 367 15 403 74 402 32 107 28 841 2 151 4 609 20 132 11 157 21 979 72 726 1 1046 19 358
207 20 104 51 656 20 483 26 1282 26 1268 20 17 7 847 1 397 50 1239 51 233 53 164 9 1073 26 369 29 932 10 238 41 544 35 1232 43 1312 8 1203 11 630 4 920
208 20 127 2 1364 13 461 78 1347 71 1105 13 603 32 1371 18 1347 65 1244 39 407 32 568 4 476 15 1423 14 495 5 21 53 1345 15 1006 39 1380 18 933 38 391 74 1450
209 20 81 14 1227 6 1162 21 790 7 817 48 7 60 294 8 568 26 534 13 950 8 61 10 995 22 1462 12 727 10 829 6 1388 24 71 82 538 10 1059 5 493 13 1476
210 20 84 32 1445 19 77 56 1124 5 1097 51 50 26 13 13 570 19 1407 27 158 13 498 12 503 18 428 36 543 14 1403 1 962 16 1239 5 111 2 189 43 1432 16 1061
211 20 74 8 455 11 910 10 463 50 1497 13 649 22 1355 39 483 10 644 3 1444 9 939 7 242 46 320 13 66 9 1109 3 570 10 347 39 80 39 1357 13 143 17 1428
212 20 110 44 691 3 778 45 116 21 1190 10 447 24 788 20 203 13 1241 45 391 10 988 51 552 16 1467 2 201 32 787 56 475 22 231 66 1038 26 1226 4 704 42 657
213 20 84 8 1041 1 740 20 337 18 131 51 787 5 1213 16 1441 13 674 1 522 33 390 29 587 5 85 5 1444 7 1220 45 167 10 959 48 165 53 54 43 747 13 922
214 20 107 7 1316 16 1450 47 34 27 75 89 642 17 357 28 613 4 247 22 1084 21 1193 5 1468 18 44 58 1268 33 951 31 1153 3 727 31 755 6 13 35 1102 39 1098
215 20 91 66 1301 6 625 31 299 16 573 26 1027 14 673 31 1290 24 788 18 31 2 637 33 1078 48 1371 4 345 15 800 3 694 52 750 12 1019 1 123 47 864 7 847
216 20 90 9 988 37 338 35 912 1 19 69 959 7 686 17 1363 49 1100 2 1256 26 1337 5 831 2 1290 4 584 9 178 46 6 3 312 52 1264 14 409 60 1269 4 553
217 20 86 34 749 12 1291 12 1122 43 290 15 585 18 598 48 113 38 1342 24 736 37 853 9 843 11 121 38 1265 8 1015 3 122 2 1421 23 278 14 28 29 418 15 469
218 20 88 12 317 27 773 26 1481 13 576 49 1449 6 647 16 1095 4 405 11 23 22 659 1 1389 23 99 37 187 8 1437 41 346 19 1487 4 1016 20 1196 9 112 94 1083
219 20 91 3 1204 25 570 16 625 27 873 48 1039 11 1362 40 625 51 869 62 928 2 446 23 765 1 704 43 510 1 1462 6 593 14 759 16 1274 20 1032 35 656 12 1311
220 20 90 14 172 37 196 4 767 8 671 12 1122 9 1369 7 505 20 1216 79 555 70 598 59 1181 9 451 31 1352 8 659 10 263 25 249 22 785 1 438 24 665 1 1098
221 20 105 39 1488 16 516 24 485 2 1350 10 63 10 412 21 76 56 905 67 50 21 248 33 1154 25 432 34 241 8 1365 9 406 24 190 77 623 33 315 8 219 9 1216
222 20 93 27 200 25 867 15 259 6 314 3 849 17 1126 9 1055 25 467 72 1459 40 963 20 985 4 752 49 662 30 141 6 229 27 308 20 652 21 942 11 50 39 409
223 20 115 9 87 6 658 64 898 26 909 12 857 5 648 77 448 5 1330 5 631 17 736 91 1375 79 900 2 1167 13 168 25 1346 7 333 33 576 54 1184 8 4 39 209
224 20 72 4 287 18 182 82 395 15 1407 3 541 2 288 8 1054 32 970 27 660 43 544 6 677 37 1336 8 301 21 68 4 1063 1 1354 19 197 5 1060 11 1116 17 1152
225 20 87 7 636 14 1312 30 1115 105 33 4 276 36 728 46 1106 20 1026 3 894 16 673 49 109 19 1304 11 491 12 1494 12 1127 10 1395 11 27 6 33 17 739 8 318
226 20 89 11 1381 4 597 37 177 10 1385 62 1435 16 206 20 558 16 1009 39 1243 22 711 71 550 4 232 5 1078 31 1302 13 850 5 71 26 200 10 1459 44 1138 1 640
227 20 120 59 1420 12 1131 68 1324 28 879 44 762 40 501 3 1363 10 1185 21 978 38 1104 34 290 40 1102 30 483 25 984 23 1173 18 762 2 1340 66 50 23 307 17 43
228 20 142 111 753 41 626 1 1488 33 764 27 1275 85 281 43 792 16 624 36 369 8 574 49 664 23 1268 49 535 39 1363 6 647 28 260 4 721 59 957 49 24 5 1100
229 20 80 33 141 29 417 11 248 6 877 58 78 15 338 1 684 46 1341 9 619 16 688 55 933 22 618 38 91 2 298 8 554 7 1189 3 906 26 1387 5 1408 11 487
230 20 126 1 370 13 315 14 665 121 1315 6 115 22 1235 27 1391 9 867 9 1251 7 239 41 680 32 518 12 1277 20 20 18 1057 43 121 80 108 50 1470 52 472 56 425
231 20 101 4 74 6 777 110 1328 16 1082 28 1252 14 1321 9 154 10 1264 2 1392 79 1168 15 216 80 761 24 1049 5 1198 15 1263 32 1352 7 206 22 1268 16 1228 14 1094
232 20 101 6 893 15 1422 28 708 38 392 4 1275 3 451 43 1302 72 1116 26 975 5 1090 18 544 19 1015 16 98 47 1344 81 1238 29 830 6 601 3 1379 3 127 47 589
233 20 78 17 659 5 450 13 549 12 1081 7 1285 17 1201 37 1283 7 574 18 164 30 264 22 800 5 1090 89 213 1 44 17 130 7 981 17 132 35 1369 7 10 30 682
234 20 94 20 88 5 152 2 1265 44 923 2 1067 5 1242 16 874 11 1372 14 333 2 669 3 630 50 680 71 751 90 1033 76 1036 6 582 27 327 14 369 3 210 11 743
235 20 70 17 1284 14 542 20 717 2 273 14 469 6 1035 1 430 1 442 36 1442 41 464 39 468 9 746 4 479 22 1147 26 622 11 1003 10 1432 19 1431 46 1336 16 386
236 20 112 13 1367 22 637 11 693 33 1321 40 1240 48 289 4 257 16 253 37 87 24 764 7 1086 25 1116 10 221 4 1330 32 1266 60 33 34 866 7 1170 52 1282 82 1204
237 20 111 6 1277 34 1355 31 22 8 102 46 869 23 279 25 959 14 578 38 650 42 739 7 575 9 253 8 726 42 661 11 605 97 303 55 982 1 381 7 769 53 1192
238 20 98 35 1338 19 568 78 369 59 424 28 727 26 1341 8 960 8 1249 31 1466 14 736 6 1448 31 223 9 1289 29 290 27 33 9 1343 10 1374 1 917 49 458 13 1428
239 20 99 13 742 58 85 67 634 15 1161 32 891 8 675 5 761 1 1290 2 1384 5 1120 59 1233 22 630 44 1173 34 727 13 528 10 428 24 452 16 237 33 16 38 365
240 20 110 22 28 9 511 60 839 25 1014 40 626 33 732 20 1264 5 748 3 906 128 981 20 362 14 1273 32 615 21 1332 24 850 6 793 21 369 18 846 28 188 22 24
241 20 108 23 1494 7 976 4 1131 3 224 46 1431 55 819 38 417 13 104 46 616 55 1404 65 164 7 675 42 1022 8 95 5 562 31 1481 33 655 3 1453 2 165 57 859
242 20 81 24 165 6 1258 9 1426 19 473 43 341 8 180 7 1474 6 1002 13 1314 17 466 89 1087 1 1066 9 1270 35 238 5 456 18 1045 16 1067 63 176 5 151 12 922
243 20 84 4 1023 11 223 57 59 2 831 15 628 8 1433 6 1126 28 262 1 384 58 90 38 489 1 767 9 167 32 856 1 1341 21 1441 13 81 25 1135 53 118 38 1263
244 20 138 8 521 48 1255 52 460 4 994 5 530 20 1074 10 1134 49 40 17 1347 41 701 19 349 25 261 35 28 43 412 2 683 178 776 68 851 47 597 9 494 14 1333
245 20 112 38 1318 43 979 39 1490 20 1113 1 1185 140 464 34 758 32 1100 4 14 1 1280 9 1352 48 981 20 302 3 1057 28 814 84 787 6 805 11 773 1 231 2 1229
246 20 83 5 1227 4 77 9 360 14 386 3 1186 5 22 62 1318 58 495 53 1104 25 269 100 1445 7 769 27 1419 10 207 2 605 10 384 3 321 1 266 2 1145 17 1162
247 20 88 3 376 1 1466 15 435 30 496 20 94 25 798 15 445 18 172 20 738 25 450 10 1122 11 1382 23 309 75 554 44 1151 25 689 10 241 22 52 17 1101 33 855
248 20 109 44 577 54 865 14 1141 2 911 7 850 28 628 33 101 14 39 69 264 6 86 3 293 8 526 21 270 18 141 64 137 14 1250 66 394 32 286 29 1144 22 586
249 20 94 30 897 5 1387 27 671 19 515 28 710 43 984 92 348 19 289 21 165 12 426 6 532 22 839 4 729 33 86 3 1391 10 1459 20 432 15 782 29 1333 33 1054
250 20 108 12 427 26 393 41 631 42 1262 59 733 14 209 53 212 24 1270 3 204 21 1086 74 892 7 254 4 523 2 584 35 512 41 510 2 1480 27 455 31 260 25 577
251 20 93 51 319 14 979 9 46 25 405 16 1301 31 191 72 1225 3 102 16 715 16 331 7 139 4 852 33 1207 15 711 9 883 43 1197 16 390 16 217 39 1303 32 192
252 20 103 8 259 2 856 61 257 25 995 6 664 11 1071 33 1387 13 731 50 1348 10 1036 12 299 24 613 25 237 25 1342 31 204 44 1243 56 1013 58 1273 21 445 1 1119
253 20 118 40 1218 17 878 60 136 21 1375 24 797 42 29 9 147 41 820 25 164 22 1171 12 1104 11 1273 58 768 83 749 55 813 28 1082 21 1481 9 473 2 1447 11 937
254 20 114 22 500 29 632 29 757 15 628 8 854 140 1274 19 98 19 1451 26 1201 56 280 12 1473 53 986 21 992 8 445 6 1194 17 1280 25 1450 41 1374 24 416 3 793
255 20 76 6 947 11 79 36 1215 1 514 45 230 3 526 7 171 7 574 46 915 3 456 9 932 39 1034 6 1309 19 785 23 849 45 1355 44 45 5 548 2 1282 25 1366
256 20 79 11 1144 29 887 5 373 33 230 34 1000 2 1177 125 420 45 645 3 630 4 38 3 872 22 1308 5 961 13 1227 9 700 29 471 6 1306 4 628 11 1125 2 1324
257 20 121 28 26 87 812 23 255 18 1349 37 289 40 216 20 826 31 74 17 1186 62 309 42 23 53 789 5 916 5 711 32 1169 19 841 16 854 7 827 48 350 16 285
258 20 116 107 350 17 1423 40 473 24 864 47 804 3 77 15 930 31 969 10 80 10 1189 32 882 2 741 23 1271 34 638 48 1053 68 198 21 646 19 777 29 585 2 1142
259 20 120 13 864 25 799 10 140 26 1293 30 1472 13 351 113 239 7 196 41 337 57 809 57 1428 2 187 26 1048 57 609 7 348 2 301 37 1241 45 276 28 23 6 1142
260 20 116 37 1041 2 841 1 572 69 626 79 1352 46 1224 1 1040 18 738 2 827 12 727 55 1437 11 863 17 1177 3 123 54 252 82 958 9 177 63 118 4 852 16 455
261 20 120 23 1299 50 121 3 921 74 447 96 576 21 406 15 888 2 1163 6 548 19 176 18 11 18 1374 40 1174 19 578 33 390 10 1318 70 207 10 1261 22 7 55 1368
262 20 101 28 519 28 183 11 190 5 903 38 380 22 911 57 659 1 977 104 967 2 88 32 1076 11 617 6 972 57 935 30 23 12 1388 30 298 2 664 23 1433 6 755
263 20 83 25 120 21 1298 19 1393 23 337 43 92 16 717 23 823 35 780 25 1082 30 548 6 996 1 1413 49 603 19 809 14 1490 21 676 13 206 2 103 23 1302 7 203
264 20 167 37 75 30 491 9 384 36 1107 76 227 5 642 53 861 84 577 101 320 51 1111 9 1008 43 182 35 116 46 629 20 883 12 286 64 853 13 610 56 260 58 483
265 20 115 6 218 16 1315 31 202 27 484 37 39 6 514 63 389 39 986 31 1400 23 242 23 432 22 809 25 44 53 95 19 560 16 1103 13 1138 78 850 6 86 44 725
266 20 102 11 228 29 1386 5 556 38 454 6 91 84 757 6 524 68 320 25 17 59 154 20 77 3 1229 3 1331 46 500 7 844 63 381 29 35 2 96 3 811 4 735
267 20 107 2 569 23 303 14 687 12 470 35 492 29 1222 11 966 15 506 37 282 15 574 7 1208 55 630 32 1393 1 582 13 1479 26 1374 14 101 53 316 28 918 115 719
268 20 128 40 806 12 363 41 1023 73 290 15 679 68 83 41 1348 8 203 13 948 26 68 48 1403 24 943 15 468 8 1323 56 1168 40 388 40 380 48 638 8 505 18 328
269 20 84 55 314 20 489 7 365 6 406 36 1459 21 700 4 871 8 1361 11 1367 24 149 5 775 27 177 16 1136 41 853 8 1222 17 1336 25 909 32 1150 58 671 3 932
270 20 91 5 472 4 1034 1 1328 6 921 18 596 22 827 51 861 12 486 31 206 63 702 26 961 24 935 11 902 81 1066 23 925 8 1315 18 705 34 724 4 620 14 1362
271 20 100 35 1497 16 718 15 333 15 1105 3 797 41 218 80 261 4 846 12 255 18 741 17 946 11 764 34 744 75 1174 3 378 43 807 30 595 18 1041 27 568 3 928
272 20 76 11 1207 100 425 6 339 2 152 12 505 3 294 15 526 6 460 1 1239 1 918 14 175 17 842 5 1044 4 613 73 1473 30 1156 12 262 8 324 53 345 8 272
273 20 81 17 284 15 180 43 1095 65 331 13 1400 56 1373 31 1480 15 729 1 54 6 1190 31 145 6 1477 23 1456 27 122 1 680 4 1345 26 284 4 825 20 633 2 388
274 20 129 23 36 48 1426 1 662 1 641 2 666 5 120 9 585 43 938 20 377 119 343 2 1480 66 1236 92 755 43 1098 18 933 62 414 13 1312 17 70 53 1176 12 1122
275 20 87 35 218 13 1021 3 446 9 82 42 1417 2 1204 3 1095 3 115 32 1102 3 1093 112 568 39 1268 16 1221 24 113 61 1450 3 839 8 777 22 243 3 976 2 4
276 20 84 12 1142 32 531 9 166 1 117 15 520 32 93 18 1092 16 768 1 590 49 1380 7 1336 46 880 4 993 22 911 29 128 66 452 36 588 4 1304 6 1245 18 386
277 20 95 76 1018 10 574 27 1156 16 20 15 1491 9 5 21 711 19 1408 54 1244 27 303 8 102 25 1173 4 1144 67 803 44 479 4 421 8 583 4 1123 39 970 1 71
278 20 76 4 420 77 629 3 1331 47 857 10 91 11 805 13 681 30 715 33 726 14 503 3 1269 3 337 17 390 28 1326 22 1114 6 444 14 857 26 426 2 1462 17 120
279 20 142 10 1271 65 542 50 873 21 763 7 986 85 248 10 88 156 1388 12 1022 42 406 41 409 2 1075 26 554 6 228 21 648 50 1227 6 410 26 569 5 485 73 1488
280 20 139 23 389 51 585 6 821 45 1109 67 1406 64 788 20 304 63 691 73 1138 16 1446 47 1092 7 702 36 660 13 1012 27 632 3 1003 5 69 56 616 64 304 9 300
281 20 84 4 851 32 945 1 1334 21 146 12 995 5 756 55 504 3 1391 13 1274 19 132 57 92 1 737 41 541 7 606 42 1342 12 720 2 1114 16 437 62 1473 19 924
282 20 93 15 105 42 933 59 1225 18 588 1 470 47 1282 8 775 32 897 3 599 4 530 13 1357 20 1193 25 1145 55 260 4 1157 47 185 5 1256 21 60 12 297 36 708
283 20 104 6 1460 105 454 10 1009 1 892 79 695 29 91 15 1164 9 1165 50 455 37 561 11 42 15 740 33 1103 11 832 19 676 27 1483 9 1358 29 610 5 1062 22 87
284 20 102 23 1265 12 659 10 522 4 963 25 1046 72 138 48 743 1 966 3 911 60 594 37 274 3 893 56 1003 9 271 12 1061 83 188 29 530 4 969 17 672 5 468
285 20 72 42 722 3 800 13 1118 19 166 9 1017 10 90 8 270 21 659 1 25 26 1015 11 1033 8 112 6 147 35 1485 2 404 31 259 23 444 50 828 37 837 5 283
286 20 87 10 154 3 13 28 1400 10 707 2 354 42 367 18 1367 13 435 2 317 16 145 34 507 48 1052 38 1261 24 524 5 1458 17 115 8 638 73 1390 35 1187 9 964
287 20 71 16 536 26 1303 6 745 34 811 10 223 6 1405 7 613 48 32 31 291 6 1365 23 1076 27 796 1 50 9 927 31 1301 16 786 4 803 2 197 39 1058 15 1473
288 20 97 48 402 51 841 35 786 1 649 101 1106 51 1470 4 1455 12 152 12 122 2 106 1 1258 29 1290 22 1236 4 1348 16 417 21 889 17 1237 5 1066 10 826 44 388
289 20 107 66 77 36 1052 19 49 6 1030 11 1305 18 1383 62 1326 2 1331 5 939 70 1034 90 925 13 1270 13 1265 26 1179 2 1335 4 1242 9 445 15 747 32 556 36 1352
290 20 87 22 445 5 641 12 124 5 871 9 617 2 697 6 998 44 567 38 1060 2 1481 4 1006 57 1350 10 55 23 507 50 1047 42 1230 31 525 35 541 24 1065 14 17
291 20 69 11 83 10 706 6 326 24 321 8 989 1 666 2 214 2 1465 33 1396 4 78 32 1367 31 282 19 233 27 415 26 52 18 436 6 1391 22 799 46 823 17 787
292 20 98 59 870 9 863 69 1057 45 686 1 3 24 306 11 1065 1 1380 13 449 21 292 39 75 22 1103 5 1319 39 809 37 483 3 1388 4 1403 1 979 19 1072 68 1376
293 20 106 1 212 60 1281 9 758 8 1328 24 1384 21 1283 41 920 26 558 7 37 53 556 28 1017 25 883 46 650 9 180 6 1334 8 177 29 572 58 154 49 1096 23 643
294 20 87 11 1 12 49 2 393 38 1085 5 891 50 1025 2 120 11 569 14 1024 45 469 4 939 37 300 92 987 5 798 34 527 5 1375 34 830 4 774 10 400 23 392
295 20 89 37 843 12 609 51 480 25 874 45 1360 4 1159 31 148 4 1451 14 1205 24 108 26 799 9 1198 2 1011 20 1399 37 1073 41 145 1 36 14 499 5 563 44 211
296 20 85 2 1295 2 1037 71 431 7 526 31 201 7 962 36 28 27 255 5 513 26 251 77 239 21 55 11 535 3 848 1 246 8 223 20 1100 18 287 39 70 14 348
297 20 102 4 743 7 582 5 85 11 593 2 694 28 317 23 49 6 504 11 1319 8 1023 8 1102 60 581 42 1497 43 147 75 1142 27 349 16 161 110 267 23 1478 3 365
298 20 105 14 166 79 297 11 1379 23 56 42 537 45 1378 35 1006 26 911 21 235 33 669 12 454 27 373 5 1139 19 770 47 436 34 1288 26 283 18 150 7 367 4 1227
299 20 80 20 1043 13 142 39 97 8 421 43 297 13 509 3 1479 19 10 33 461 37 950 20 646 39 444 8 171 9 1444 14 1453 16 696 16 761 5 824 22 1491 26 594
300 20 82 13 1110 1 383 32 975 33 1064 37 546 48 841 7 149 17 963 10 1488 18 449 6 560 32 437 31 1065 50 191 14 725 6 1166 9 25 4 1209 30 343 16 1415
301 20 138 13 153 11 1007 39 84 30 880 130 147 23 768 8 460 6 595 3 467 30 772 17 941 25 1106 86 1282 25 364 11 280 87 958 26 1062 12 1393 48 1216 61 399
302 20 87 34 1037 2 1416 9 1435 51 1136 35 1464 72 382 2 621 6 435 23 1305 44 778 8 10 22 385 11 257 47 509 10 804 44 1129 3 607 4 107 7 476 2 20
303 20 103 3 862 23 622 1 842 15 1386 1 747 3 405 36 918 22 404 59 807 25 1421 74 1336 1 785 11 1004 23 185 44 1091 13 1359 93 1431 40 1115 23 1218 5 1397
304 20 95 16 503 6 1492 5 248 21 258 27 1027 45 1191 10 382 32 1207 99 1375 10 206 1 1374 31 1268 38 1169 2 365 18 851 9 1076 42 110 25 638 17 938 22 322
305 20 100 35 1307 6 522 8 206 51 947 24 243 4 978 34 345 15 844 44 1124 30 504 2 347 10 548 24 854 26 1171 23 101 23 1208 38 292 50 1437 37 446 18 1266
306 20 113 39 336 36 1472 8 1054 11 727 21 597 39 1210 5 1440 91 1354 96 1380 33 628 22 1427 30 1386 6 1316 13 325 7 805 18 635 32 999 8 928 47 738 7 1120
307 20 109 24 116 17 1335 1 53 15 1084 61 315 27 1245 50 551 11 407 99 1254 49 116 27 478 39 691 16 739 20 41 3 650 10 1172 20 557 14 30 26 1227 16 639
308 20 100 33 1214 81 1284 33 282 6 444 10 593 3 830 33 926 9 1374 9 245 44 1466 9 629 41 1498 11 280 19 875 37 1308 46 1211 22 1410 3 536 37 1325 15 637
309 20 78 25 977 24 1353 11 650 13 1088 27 46 19 242 38 746 7 614 11 1029 11 905 25 1388 33 413 62 584 1 145 4 513 5 893 19 1363 16 523 38 461 1 893
310 20 116 1 27 11 852 6 812 40 884 47 824 15 148 13 776 24 274 79 378 18 416 77 626 32 1175 12 58 7 838 44 1299 62 1044 66 1038 2 458 10 1485 17 784
311 20 91 22 1033 16 376 31 306 6 804 21 1358 16 1229 20 1235 3 977 28 600 12 440 22 1444 27 937 21 1220 39 867 2 950 25 902 10 953 108 498 7 650 21 1366
312 20 96 6 631 8 468 13 1080 29 482 2 1394 19 1398 12 819 3 330 34 1188 4 249 3 733 9 1228 27 520 60 687 3 1269 22 779 58 1037 45 899 98 130 26 1338
313 20 79 71 988 48 268 50 28 19 200 13 216 18 51 17 1037 10 1096 7 1080 3 610 4 316 28 1236 9 637 2 89 2 187 30 1465 13 871 35 428 6 411 11 1410
314 20 97 5 19 11 345 18 191 7 729 26 333 7 1193 4 477 7 1111 17 1169 28 1224 44 65 2 1263 62 148 22 1085 43 1442 61 361 6 1115 52 1465 2 794 63 282
315 20 91 23 727 8 798 17 961 17 948 21 888 22 917 21 712 19 1258 65 332 13 775 70 1054 24 121 16 787 10 1149 29 709 1 263 29 872 13 345 28 1406 9 551
316 20 54 12 776 7 1498 3 501 6 114 29 211 7 1377 12 1113 9 1180 7 239 23 1354 1 1051 1 765 13 521 2 864 30 460 27 1441 49 1399 23 736 5 203 7 699
317 20 98 18 1335 39 796 6 1215 27 1495 18 757 12 1344 40 1057 44 225 11 1077 20 1065 16 1036 5 801 3 610 30 1167 84 529 12 1425 8 524 45 387 39 921 15 1044
318 20 112 44 158 24 175 38 1009 17 140 24 699 2 1183 14 120 18 662 56 1304 27 213 41 460 2 1495 39 1092 23 370 48 497 8 27 22 1013 66 1274 5 1459 42 701
319 20 85 71 76 4 1482 45 757 50 457 7 1099 7 1078 9 1441 33 567 2 656 34 590 7 380 5 885 3 1058 49 108 4 68 14 1126 10 932 3 763 7 277 62 111
320 20 99 20 271 31 180 42 908 13 1171 30 1039 20 102 7 1345 31 609 22 902 25 1021 69 540 48 137 55 107 12 919 20 783 21 600 21 791 1 64 1 1412 6 197
321 20 101 8 199 51 187 19 121 15 87 6 1384 41 1128 18 672 39 652 19 511 21 928 46 1428 16 1465 6 1113 5 882 28 983 49 1206 7 974 22 276 21 662 69 1138
322 20 116 1 1138 85 215 26 776 26 184 101 982 11 589 34 231 6 1406 95 1086 15 1382 8 993 36 1399 8 1163 1 785 46 821 30 1190 4 290 19 222 14 1196 14 949
323 20 85 32 1491 8 1162 40 1381 27 134 41 589 14 1045 21 1100 31 1427 40 475 11 1117 3 539 2 1088 18 291 9 183 19 700 30 67 49 1273 20 489 7 169 6 909
324 20 107 36 131 18 657 18 1080 14 284 92 120 27 518 1 700 68 165 15 868 38 1020 58 328 3 899 5 920 5 1017 60 818 30 1295 5 1047 17 1326 16 403 10 11
325 20 113 7 22 66 578 5 1123 69 586 40 261 42 883 5 692 19 909 39 615 29 397 13 1457 20 1353 28 329 28 1470 87 140 18 1376 10 1270 6 136 34 612 4 312
326 20 139 42 746 65 1333 29 1358 29 271 53 950 13 1129 1 800 45 912 23 1149 58 1016 13 228 41 72 76 324 50 964 11 340 24 232 43 344 43 1443 15 930 21 564
327 20 88 8 52 36 932 23 32 18 1378 31 1281 33 56 6 940 3 1026 3 1170 3 915 16 953 29 547 3 373 4 193 49 1431 10 618 39 1146 59 631 16 1428 54 275
328 20 112 36 1497 9 607 3 1182 44 1233 20 1411 71 513 32 7 11 1081 75 750 47 1252 3 710 18 800 37 129 1 1175 4 316 17 1432 2 522 100 675 11 499 19 500
329 20 89 1 483 4 468 46 433 19 1388 2 521 20 916 40 71 33 102 76 969 3 649 28 25 27 135 21 1284 20 323 40 1390 8 521 7 395 26 634 3 1229 24 3
330 20 84 53 6 22 1149 37 1294 13 595 63 1324 29 171 1 778 19 898 42 1233 10 995 3 67 30 786 9 361 22 1063 5 522 8 617 25 653 7 193 22 788 2 1376
331 20 79 27 628 4 1035 30 248 20 1280 9 451 36 583 24 33 2 595 43 670 6 508 34 911 45 1371 27 677 1 1190 15 754 20 1420 10 892 8 503 33 470 1 1000
332 20 118 51 1458 28 480 41 1372 9 1031 2 1129 50 72 32 224 11 1031 59 419 46 1141 10 166 33 295 60 865 4 1042 8 1402 35 733 37 235 5 826 55 933 17 716
333 20 116 14 131 7 821 20 263 107 835 54 734 10 376 60 1029 11 601 44 66 1 896 53 1455 5 101 22 617 6 893 19 513 1 1355 14 1047 106 671 21 1176 7 1240
334 20 93 9 1094 57 929 17 735 20 446 31 176 35 1069 14 1497 15 1398 3 1461 23 1092 46 222 68 1457 14 536 5 839 42 1119 2 1332 36 587 9 1283 18 853 5 30
335 20 122 29 1427 8 802 41 1369 8 74 24 1185 50 207 25 481 59 373 28 16 46 1233 11 176 21 206 44 1070 26 304 32 1136 91 833 24 393 3 1101 21 874 23 678
336 20 117 17 1293 27 1197 64 1053 21 37 37 1048 29 1051 1 1484 32 701 3 357 63 1343 5 294 17 627 58 95 55 314 10 438 15 1352 51 398 20 970 16 817 44 976
337 20 115 45 510 10 985 62 449 9 1287 35 1176 25 830 21 596 9 163 8 696 20 698 2 948 28 163 6 1152 10 291 27 1172 29 180 89 564 63 452 3 1185 77 1318
338 20 112 43 1153 1 878 38 1013 24 741 93 1052 20 263 25 538 6 423 5 1405 54 1476 26 1366 7 285 22 282 16 118 82 1467 13 3 7 58 62 1121 12 652 7 531
339 20 99 10 1296 12 613 17 1173 31 202 22 918 8 906 31 1220 22 269 48 1434 109 431 49 227 56 927 13 492 10 455 8 187 4 635 6 336 25 1186 3 1356 12 57
340 20 119 81 254 3 873 72 694 13 345 12 1314 42 871 14 222 9 1205 61 9 10 912 63 831 35 384 25 1354 39 1178 23 984 7 711 25 763 5 1271 39 347 17 1293
341 20 97 30 1043 12 215 16 874 54 229 4 579 15 822 84 443 33 326 10 477 8 294 9 702 6 976 44 868 80 910 5 784 9 736 1 1105 16 830 14 1183 39 803
342 20 82 34 1307 1 323 14 1118 3 706 24 475 8 574 53 548 6 49 21 38 71 271 25 688 47 1002 4 1066 33 1058 3 415 32 673 16 1415 2 425 1 855 13 694
343 20 101 41 1192 51 1148 30 1339 5 1058 41 723 2 314 2 427 21 1169 28 612 26 1376 29 320 18 687 25 411 17 1214 31 405 32 660 50 812 44 1194 13 560 2 290
344 20 119 90 637 24 338 7 1335 25 76 26 1346 21 963 12 118 42 415 1 67 15 155 12 521 68 416 88 436 51 1107 18 704 8 376 29 325 21 28 1 60 37 789
345 20 95 52 540 49 137 2 800 27 330 5 116 8 120 11 957 52 512 7 119 6 207 26 1476 50 350 27 1466 53 199 33 11 1 763 12 1202 4 844 34 671 20 190
346 20 73 34 312 6 573 22 1443 8 1187 1 1006 38 603 32 1021 39 765 2 894 13 1123 17 220 8 1332 25 95 29 634 25 417 12 525 27 1370 13 453 5 480 12 135
347 20 99 25 759 52 1013 4 680 30 696 3 468 43 1193 2 1390 12 1223 67 496 1 638 52 880 14 469 21 1412 4 173 71 197 18 1431 14 848 17 1438 19 531 30 729
348 20 106 22 770 52 564 8 363 1 980 13 731 8 1467 48 891 8 1415 28 81 9 1130 5 636 12 1194 85 16 3 1278 23 455 35 184 41 145 82 841 24 927 27 1163
349 20 85 58 97 4 1319 8 542 70 1386 8 419 10 921 9 119 26 10 13 1373 21 566 1 636 14 719 47 415 43 751 7 649 28 323 12 645 36 867 8 534 2 238
350 20 114 10 275 15 1083 1 1274 25 671 17 1136 77 611 12 1340 82 1367 1 577 67 182 6 985 20 80 93 1146 11 274 1 125 2 1331 23 855 1 457 80 994 27 966
351 20 84 17 74 4 1317 62 705 14 1055 4 961 22 1406 34 1308 12 578 1 1402 12 1028 42 456 39 419 58 1188 7 435 2 567 36 72 6 106 27 477 2 749 22 185
352 20 120 4 582 8 867 2 991 62 808 59 1356 97 685 52 328 48 321 14 705 36 1320 49 1001 5 1151 12 692 46 741 26 1037 10 1353 11 4 13 1269 28 977 21 972
353 20 102 4 1177 11 763 30 764 73 508 83 1453 19 60 2 256 26 934 6 1430 4 1412 24 1447 4 841 22 1406 17 1258 17 316 39 1297 39 104 63 1369 4 219 27 371
354 20 98 36 1075 4 811 69 341 19 1231 49 644 11 345 8 504 24 704 45 282 6 917 2 798 2 818 2 38 10 1204 10 178 36 1464 32 1081 47 1110 3 192 79 154
355 20 88 36 1380 4 604 13 198 2 1244 17 19 7 837 53 387 16 867 12 1150 2 139 50 665 18 843 17 1183 22 1490 13 1120 5 1097 23 1053 42 578 51 698 37 1048
356 20 90 46 884 8 103 26 559 28 508 4 1429 2 1131 9 1176 67 203 34 794 12 1376 12 1123 2 132 73 43 7 377 4 223 8 416 51 278 21 258 29 990 7 831
357 20 126 26 877 18 1158 25 861 28 1250 41 1347 28 206 3 890 10 427 30 473 41 201 11 1009 39 312 62 1193 2 1078 38 797 38 1313 2 1147 83 236 39 182 68 61
358 20 84 6 1138 57 491 8 1307 43 687 5 722 57 400 13 333 4 488 3 774 16 102 61 792 1 95 66 1110 2 811 23 339 31 854 7 1414 8 889 8 1112 2 877
359 20 113 46 16 19 533 9 553 29 709 7 627 56 1247 15 49 29 203 9 169 2 531 61 515 17 1036 25 965 40 264 39 1125 3 1488 10 1382 86 65 15 901 50 662
360 20 84 18 872 2 807 4 59 11 1374 5 869 32 1233 23 700 89 726 21 324 12 67 4 1343 29 1011 32 557 26 688 2 1073 26 1057 5 90 12 1371 52 1011 16 555
361 20 119 23 1101 19 86 5 791 41 1431 2 1125 45 853 96 1264 34 294 9 1094 20 1226 21 956 95 1307 31 1201 19 1292 8 413 64 1135 35 283 24 415 2 647 2 121
362 20 63 18 278 20 808 4 928 2 1311 3 853 53 1453 14 857 1 965 22 110 45 481 14 765 3 1191 47 591 1 809 8 825 2 809 21 360 38 1380 2 163 1 119
363 20 65 25 1235 20 1294 25 902 17 660 57 35 7 241 6 216 7 814 50 1169 17 968 14 1378 13 602 2 1468 5 596 3 393 15 744 27 1486 9 1398 2 101 7 1025
364 20 117 7 65 48 54 3 1488 64 450 28 731 47 887 83 454 12 1384 13 421 37 1393 6 597 1 576 30 312 39 884 9 1040 6 734 70 324 77 134 6 820 3 388
365 20 126 48 1083 4 1282 19 1051 1 734 14 113 17 935 65 893 66 1496 36 722 1 461 42 1222 21 1284 3 1459 5 182 45 970 53 522 21 615 70 684 76 930 27 498
366 20 145 75 1284 3 181 40 101 19 413 71 840 3 399 36 925 40 729 25 461 14 1269 3 721 9 1133 9 142 31 209 69 1209 4 126 56 1290 77 47 92 958 52 1463
367 20 108 1 350 19 1305 7 762 40 121 68 1090 12 259 3 758 35 206 27 1156 19 344 71 627 31 806 38 614 23 757 11 1372 41 672 3 748 7 1349 3 1156 84 506
368 20 74 10 1426 2 805 83 498 2 280 38 822 2 124 48 284 31 504 10 168 6 1025 3 350 25 442 35 1157 30 254 13 407 2 1229 3 493 2 795 10 1227 18 1286
369 20 98 7 201 22 497 23 1110 120 397 51 344 21 988 13 953 6 801 30 571 8 845 11 1336 5 1201 15 940 11 628 7 718 44 1063 10 1147 1 438 79 172 10 61
370 20 118 8 1475 22 585 69 1437 4 291 18 587 52 1337 46 34 36 1328 3 1473 37 967 44 780 17 1186 23 1250 2 1200 100 1066 22 30 17 577 7 907 30 1148 33 1466
371 20 122 13 574 10 19 30 762 35 216 1 1448 102 1169 34 1305 65 1032 10 1171 53 620 5 903 22 1029 1 489 37 1451 6 816 41 1261 38 1075 83 733 14 345 13 1486
372 20 84 1 306 25 822 6 240 30 973 43 277 19 1037 24 1448 6 1119 54 1384 10 1207 25 594 44 403 5 284 5 366 20 1324 3 1046 5 1187 37 43 24 455 37 896
373 20 90 30 1171 15 1103 17 214 64 97 23 99 10 1482 24 488 15 1318 22 1426 2 442 14 74 43 748 3 1189 26 1227 7 702 42 768 25 367 3 1351 36 1453 33 117
374 20 102 2 305 19 487 87 1471 3 1085 25 1007 16 1391 7 480 9 1362 29 1047 11 1324 12 1155 8 841 57 418 5 22 21 64 25 1141 17 843 40 1497 16 1006 103 1079
375 20 116 40 1325 13 937 15 146 8 1327 9 972 74 139 54 634 16 729 16 1213 17 781 16 267 17 441 12 953 15 1426 80 1343 22 1212 84 271 28 866 1 97 47 1377
376 20 74 6 871 13 991 12 979 1 1212 40 520 26 1321 61 6 15 698 14 291 12 200 27 1059 1 426 30 374 6 1295 9 1282 35 1000 21 789 11 968 7 639 23 992
377 20 114 108 54 13 61 33 638 35 14 22 1153 36 870 20 435 9 1123 46 525 29 235 9 1030 48 714 31 870 39 763 11 368 3 135 36 1123 10 1484 7 1252 25 1033
378 20 88 46 1051 16 1468 5 1294 129 351 2 1195 3 426 43 811 5 1031 50 306 10 285 8 1364 14 1464 3 67 25 508 7 1003 3 76 6 1175 37 240 17 60 12 116
379 20 89 27 674 43 1490 28 462 40 1109 5 129 19 1090 36 989 4 1135 8 753 19 952 3 1058 23 526 4 488 60 1142 8 526 9 683 76 41 5 1207 19 385 10 1012
380 20 81 76 55 13 136 9 1458 10 115 37 1444 16 706 26 354 11 944 46 1143 62 1279 5 56 14 1182 4 287 12 186 16 1270 7 1372 18 1376 9 931 13 264 2 649
381 20 67 7 243 7 807 15 1018 20 1235 35 387 1 22 11 264 44 1269 3 1176 1 1072 31 853 1 68 26 1027 12 188 68 835 28 10 9 659 6 468 7 838 6 1037
382 20 101 14 143 19 230 1 1489 30 146 53 1051 8 1213 10 842 29 1256 19 603 38 723 4 1381 7 1382 30 231 45 143 4 975 62 1169 51 1363 33 123 36 347 12 875
383 20 109 3 658 1 80 28 883 19 161 19 558 20 1327 24 1165 2 1409 136 871 3 948 78 342 27 957 29 87 19 785 5 1001 17 254 12 935 3 1236 76 29 24 365
384 20 103 3 366 10 8 4 278 5 1258 9 1496 6 420 82 929 14 1065 6 1116 61 852 50 882 29 950 7 1138 1 1027 19 158 132 1396 3 358 24 1208 27 289 23 28
385 20 76 27 1001 15 1112 38 1277 7 1493 2 301 10 813 4 691 17 665 5 876 66 922 5 537 33 25 6 841 12 991 58 509 22 591 15 804 1 656 1 120 38 901
386 20 100 2 301 9 925 82 934 1 650 11 396 17 711 21 1290 28 1058 1 792 34 982 5 980 2 693 26 1081 36 712 94 719 14 941 18 351 49 153 42 770 10 999
387 20 113 29 510 21 202 2 439 55 902 8 917 7 1296 23 156 41 614 14 211 23 616 10 1144 6 960 89 1450 7 284 32 271 64 556 6 727 70 1422 33 766 27 1256
388 20 76 1 614 34 483 25 971 1 752 15 302 17 1068 7 558 26 629 17 454 18 22 11 1225 85 927 14 583 8 537 23 343 7 1205 11 639 38 891 5 989 19 1351
389 20 109 15 740 41 462 1 899 44 181 51 1338 25 671 4 713 23 596 15 523 22 1370 32 979 2 1001 11 659 90 343 3 1128 7 465 6 875 33 263 78 577 45 102
390 20 69 39 1277 24 400 6 763 10 849 32 1375 1 845 39 107 1 70 9 165 72 1346 30 702 25 1175 10 248 5 1225 1 1083 15 492 3 675 3 641 7 1304 13 128
391 20 109 15 884 7 1031 38 438 41 940 38 861 23 527 11 580 61 382 30 1433 29 1263 41 618 10 872 28 1275 1 37 14 711 1 664 59 346 4 824 47 1009 48 224
392 20 129 5 508 10 808 21 690 21 449 2 1057 21 248 2 806 28 684 2 1013 30 99 9 251 27 1342 29 602 127 1216 18 644 58 822 66 267 36 124 90 13 46 969
393 20 139 17 1312 16 469 17 457 7 816 146 377 3 1240 62 977 54 1344 9 848 24 1388 28 355 78 505 31 886 8 42 8 1133 14 577 44 346 48 994 23 201 59 407
394 20 121 36 142 53 1414 36 1279 12 815 9 961 22 935 25 964 35 515 66 1360 35 290 48 753 16 118 2 269 29 340 62 1491 15 79 17 1017 28 331 38 1170 23 1023
395 20 89 62 145 21 323 53 661 18 1420 20 1066 8 197 4 1042 30 325 30 1085 3 520 3 1026 9 506 2 819 4 2 25 1078 14 403 39 517 36 3 44 325 20 854
396 20 124 43 798 13 1115 4 22 14 32 37 1183 77 1059 58 186 122 785 1 964 1 277 47 27 39 284 19 1017 13 1047 24 557 30 265 47 869 12 438 15 1244 4 122
397 20 122 17 294 18 656 40 160 15 1190 16 243 60 757 32 605 34 701 34 1379 24 837 12 94 51 845 1 228 7 764 23 203 19 13 107 768 6 980 73 789 23 1296
398 20 92 7 220 27 124 12 659 6 417 6 149 13 157 1 772 53 1183 8 793 63 1237 29 1350 31 310 6 498 42 165 1 1331 22 966 6 160 52 160 54 1351 24 1497
399 20 84 2 874 28 714 13 1368 18 748 35 384 6 362 33 966 10 1324 31 1304 39 537 6 121 3 906 45 1004 40 146 2 902 20 519 18 1171 1 169 54 55 16 1353
400 20 77 82 1192 10 933 5 350 22 975 5 1257 13 63 8 1170 18 1252 31 286 22 381 41 299 13 1233 49 292 1 232 10 1477 22 1327 6 1274 17 574 9 605 2 1189
401 20 109 36 999 37 87 24 335 57 945 16 847 7 1495 4 859 24 1208 70 582 12 200 48 1217 36 1032 27 799 27 956 2 2 13 295 8 870 19 766 65 530 13 1118
402 20 62 25 471 27 871 9 517 9 32 10 1021 2 902 29 1492 28 908 1 337 22 394 11 292 7 794 29 200 9 891 14 149 34 1160 14 1417 18 798 3 1082 13 357
403 20 119 1 730 12 1003 16 481 4 310 23 1430 59 334 40 786 17 650 24 1081 57 126 38 892 65 304 13 1159 25 738 13 1483 18 961 15 20 44 98 23 1459 92 1471
404 20 123 17 39 12 820 16 924 17 1276 58 12 32 450 29 1325 12 438 1 195 48 532 120 168 16 1261 12 947 24 42 42 54 95 178 44 266 17 825 2 263 1 587
405 20 74 1 1282 11 1273 21 68 7 686 5 1351 47 18 19 445 15 12 5 323 24 1331 7 359 50 240 19 125 5 201 29 761 22 465 14 180 4 644 32 431 37 236
406 20 73 1 1362 14 1035 1 210 4 1064 31 364 10 208 29 627 39 29 41 706 30 299 3 214 11 101 4 1380 71 1491 18 252 10 754 19 1320 1 995 24 261 4 192
407 20 122 122 261 5 1012 65 355 12 1186 8 304 9 231 57 1348 7 69 35 17 20 1374 26 1288 12 920 3 385 26 939 15 1152 57 172 14 1015 72 1274 42 132 6 450
408 20 111 1 49 2 562 34 1204 31 1392 15 1484 4 1499 29 171 39 267 30 1087 3 854 25 489 10 1495 17 1074 1 569 51 923 29 153 44 994 60 1393 82 1451 52 231
409 20 88 20 297 2 1132 22 169 67 515 23 689 33 1445 17 315 31 1472 11 975 10 160 23 71 35 610 28 1424 8 1427 7 329 24 592 32 453 7 25 6 1306 35 125
410 20 99 18 192 24 17 47 983 1 308 12 568 4 1006 22 189 21 144 40 849 4 436 10 1249 38 513 26 1095 98 787 15 1307 52 489 20 917 24 645 1 506 18 938
411 20 120 26 949 31 923 32 259 29 481 25 1206 18 210 44 616 51 193 7 669 53 1108 1 901 37 266 58 256 83 149 8 1001 6 1500 37 710 15 966 24 685 18 488
412 20 78 28 973 18 307 12 1429 8 602 11 364 85 1324 15 127 9 117 4 1336 4 1339 16 256 5 1040 12 507 4 51 25 326 22 401 2 1124 7 684 84 14 20 86
413 20 107 3 919 13 456 1 60 49 755 16 1079 1 350 31 1440 53 561 42 19 1 1489 18 501 21 1222 116 1134 5 1412 1 68 93 65 8 411 8 74 44 935 12 662
414 20 116 18 288 46 1476 3 1430 23 79 2 883 23 106 1 229 22 1076 21 95 45 99 26 520 3 974 68 93 9 247 7 1124 71 177 41 1415 31 899 93 494 30 385
415 20 129 5 97 1 1482 33 813 22 218 27 1451 6 205 26 1268 32 653 40 937 11 660 67 944 44 1383 59 1262 39 497 14 543 36 1454 3 258 75 684 101 24 5 1482
416 20 123 61 36 37 1418 3 849 35 77 22 781 89 902 19 674 6 647 11 680 7 87 1 1273 72 1075 13 1150 6 166 1 21 54 900 56 230 21 311 72 1202 29 1071
417 20 92 5 266 54 581 18 1331 51 280 72 1221 58 552 22 220 5 54 6 84 44 128 7 1280 5 1459 5 1324 4 1499 5 696 11 1207 25 32 59 928 7 151 1 1482
418 20 50 28 1387 6 775 13 103 14 486 7 1227 25 1227 3 731 1 397 3 637 10 953 14 217 2 368 17 243 16 1462 28 985 2 130 11 707 1 1166 6 1366 43 1280
419 20 52 14 1083 14 1362 32 689 11 1475 2 576 3 373 20 585 6 944 5 1399 31 1439 23 171 12 1488 2 1465 9 1039 36 9 2 953 20 1473 6 1199 3 1197 10 461
420 20 90 13 660 15 737 10 444 6 719 30 649 9 1033 21 89 6 668 35 1455 25 51 55 1211 54 18 3 449 20 40 33 369 13 62 12 821 51 456 2 833 39 817
421 20 82 2 1433 59 757 1 144 13 918 16 1002 2 1423 10 3 50 582 3 1469 35 878 8 435 45 1356 79 1470 2 726 9 483 40 436 8 160 12 872 5 580 12 1100
422 20 94 25 700 9 279 34 1200 27 512 42 1187 19 792 7 518 18 414 47 1289 37 1071 32 942 26 312 37 655 17 1499 30 1315 10 134 14 944 11 1168 12 412 17 181
423 20 97 15 818 19 1186 10 655 53 886 18 1034 30 1138 36 1376 18 201 4 709 2 312 6 494 35 338 38 1100 2 1169 19 1293 36 1054 17 1396 28 1284 42 832 57 230
424 20 119 25 1207 19 836 4 527 21 268 83 87 40 1130 1 909 14 1217 32 455 72 724 50 450 14 1005 41 910 2 818 64 1151 6 513 15 1274 7 288 34 177 54 1007
425 20 58 10 1069 13 129 8 29 2 13 13 1402 2 1042 9 646 21 765 2 418 33 1337 13 481 25 59 5 1041 61 1142 4 977 11 10 27 1181 7 76 18 543 8 355
426 20 100 55 1375 59 282 6 464 40 268 13 879 29 497 41 270 40 111 11 1421 4 392 27 1454 14 847 56 1274 20 714 17 1327 18 700 29 1213 6 1403 4 1111 12 377
427 20 90 5 1483 35 611 15 323 6 1021 17 1002 7 95 42 881 21 1096 24 1429 21 1215 1 763 50 934 49 1121 26 1062 42 1087 39 610 15 1194 20 451 14 1466 3 214
428 20 85 5 77 26 1447 1 1084 7 1035 5 32 10 1183 66 630 23 670 41 314 37 260 32 656 4 1455 12 468 26 758 15 51 21 1016 11 540 7 252 14 300 63 944
429 20 94 55 753 29 1175 1 1020 3 930 26 576 39 763 1 411 31 523 29 793 34 766 50 208 15 839 29 523 3 236 29 1163 24 1035 16 422 13 1414 31 1251 15 1025
430 20 100 32 219 38 591 16 1415 72 325 23 1064 16 848 12 716 9 1468 2 289 17 389 15 585 2 922 28 209 7 175 13 912 52 920 16 930 75 1450 14 60 43 668
431 20 121 16 1054 11 1081 43 393 37 548 73 1067 9 696 2 411 83 660 65 1278 11 39 30 1087 36 1178 1 1428 8 323 5 1447 57 514 33 1186 43 544 16 1460 28 530
432 20 104 1 400 12 913 43 931 5 1182 12 215 4 1135 42 1487 9 753 29 1498 147 23 4 446 40 1292 7 651 27 488 16 1107 9 115 59 61 9 1122 11 644 34 530
433 20 98 31 112 8 1016 26 590 56 280 29 165 7 876 2 665 11 454 10 1088 42 115 74 1346 13 1018 53 1367 4 747 4 1158 21 1146 54 1061 20 194 9 306 16 108
434 20 127 5 571 23 1007 73 465 27 682 24 764 39 1209 13 1171 5 788 18 150 16 723 97 480 44 168 29 148 24 731 13 952 84 611 51 174 10 68 38 568 4 673
435 20 89 7 520 26 1265 28 1221 53 633 26 264 23 1260 14 1256 29 245 5 132 23 1158 16 153 51 815 18 1218 50 997 18 405 18 609 1 410 6 1357 31 759 5 1114
436 20 150 28 563 21 411 44 276 2 1266 17 1392 24 1048 100 625 60 1106 43 1011 3 109 115 1048 16 764 6 810 24 35 23 550 55 349 89 410 28 1093 45 1361 11 665
437 20 85 10 535 16 311 4 1275 38 1189 10 432 1 576 54 193 1 357 42 762 4 455 36 32 42 1191 17 228 3 458 25 1438 51 546 9 1468 24 1247 26 1360 13 247
438 20 49 1 303 2 304 10 1411 1 1310 4 873 12 706 11 917 4 313 14 225 22 687 5 1470 15 938 19 1123 11 435 6 272 8 1055 7 1247 2 476 49 650 44 87
439 20 125 46 1399 3 594 120 488 47 1123 17 1251 4 681 12 1316 49 452 9 502 70 1050 53 1418 3 926 1 1235 4 915 16 745 25 373 90 903 35 29 15 923 7 1210
440 20 130 39 617 48 802 57 1227 19 519 15 685 14 471 13 1284 51 101 13 1113 2 1026 19 973 94 1157 123 1099 25 1065 4 338 25 827 5 1316 21 886 43 1027 20 147
441 20 92 2 803 39 1168 6 160 18 764 2 424 13 922 23 893 20 948 12 619 36 289 4 1295 14 218 27 824 79 816 31 963 31 1283 18 86 45 297 39 664 2 280
442 20 77 18 1062 22 1007 20 2 19 185 33 933 5 819 28 1277 8 968 34 247 36 261 15 1291 9 1177 38 795 7 58 12 1297 3 672 16 1092 11 386 42 979 9 179
443 20 100 6 1171 16 1133 9 428 60 1393 32 825 64 636 17 1312 21 1374 10 386 48 1285 12 279 15 646 17 1434 70 1420 19 159 9 524 18 320 46 1108 7 1370 6 597
444 20 63 3 744 8 482 6 698 3 984 4 887 13 132 1 178 25 563 10 405 14 1275 33 1469 8 1396 32 1062 9 787 52 1201 15 1139 55 1353 14 1182 7 449 4 368
445 20 96 3 210 14 428 10 849 51 1162 29 1387 9 545 45 1258 19 1435 10 928 33 1162 21 1184 2 789 2 1232 48 406 5 645 13 372 36 1337 56 1484 3 954 74 820
446 20 69 47 670 10 1042 36 943 8 45 7 1043 29 346 2 1048 8 373 3 976 5 531 29 339 9 117 32 294 7 822 19 450 5 621 3 99 51 1235 32 547 3 983
447 20 105 18 791 35 19 39 40 6 1282 8 213 28 652 59 1210 40 417 19 475 27 358 33 52 4 1365 14 1108 52 400 22 537 35 753 1 357 11 1100 52 750 24 1020
448 20 97 44 643 9 1043 1 1484 33 23 47 478 11 1121 48 1015 6 788 30 314 35 1290 35 38 49 1196 24 51 1 555 6 265 14 982 13 916 12 273 3 375 67 1009
449 20 98 19 84 6 458 19 367 5 1037 22 1077 9 1393 29 1290 50 2 30 1204 34 757 36 42 85 1044 9 1239 1 1461 21 802 15 1424 37 972 50 658 8 275 6 56
450 20 145 14 405 8 1442 86 1206 11 468 60 763 49 496 42 496 112 50 39 93 13 363 57 1080 15 1127 23 791 13 460 8 285 70 19 11 220 29 591 17 892 48 1057
451 20 62 3 975 18 232 14 410 4 885 13 765 23 1343 25 294 22 831 7 1115 3 288 18 337 46 608 9 113 15 1067 4 884 16 989 42 273 10 1150 4 818 14 1446
452 20 150 27 1047 3 1221 66 873 40 357 11 72 34 486 31 861 5 1429 2 986 20 569 46 390 52 682 47 370 28 635 8 595 66 984 40 633 38 818 42 80 148 265
453 20 81 4 1321 5 642 5 284 27 334 4 126 40 917 17 990 43 56 20 1092 88 481 8 315 26 981 4 1488 25 708 10 1371 1 137 6 121 52 805 19 694 2 51
454 20 78 20 1066 6 717 4 1128 30 1427 2 819 6 1488 52 894 27 1291 19 527 2 97 27 424 6 789 38 434 19 568 54 997 27 110 3 1446 19 488 14 1445 18 1456
455 20 71 27 96 26 197 57 571 23 1242 12 251 12 778 30 245 5 983 15 697 15 572 17 195 4 1434 18 1081 15 819 35 337 15 263 1 541 11 1336 15 113 3 462
456 20 95 24 1219 14 855 71 309 5 1026 29 650 16 1104 24 723 19 1179 8 329 17 1029 16 1423 9 695 7 1160 20 1376 55 356 59 1385 52 985 23 558 5 1280 3 1074
457 20 80 24 1221 12 1061 18 1141 3 763 4 1007 16 827 83 1283 6 737 8 182 26 1148 24 848 1 1032 49 1206 34 1054 1 756 20 1108 20 1186 20 1386 6 633 25 768
458 20 89 6 719 24 1398 5 571 40 1478 6 1442 3 412 28 1476 5 1393 2 1439 117 788 7 622 24 872 1 283 38 744 17 1008 7 782 21 183 20 1313 24 743 50 812
459 20 85 38 962 8 1402 16 1376 38 398 34 1296 10 1445 10 1184 6 941 8 498 37 353 22 1157 54 1143 35 1499 30 983 2 1463 32 973 19 643 3 1091 24 26 2 731
460 20 127 26 442 14 1181 23 248 9 1469 11 708 101 391 72 1073 16 817 10 420 29 445 5 1320 53 1492 18 686 50 1136 30 270 7 431 61 974 33 459 48 1347 19 927
461 20 125 7 922 122 730 15 47 18 332 75 1044 27 1378 5 1178 3 480 82 328 40 947 35 906 13 477 62 565 26 1321 14 925 2 539 6 238 4 924 54 1471 17 1052
462 20 108 23 620 41 341 14 391 5 819 7 895 11 139 40 691 29 937 6 55 2 270 66 1293 29 1423 24 19 32 228 53 247 61 1400 39 90 24 124 29 666 5 263
463 20 96 18 1288 33 1428 113 83 4 1291 16 920 5 554 25 488 33 420 21 252 3 1121 75 9 6 432 6 33 2 432 20 1325 3 32 34 689 1 248 34 398 31 486
464 20 125 24 1024 48 279 6 1441 82 588 9 1234 21 290 30 283 3 1313 34 710 101 1156 59 1491 20 538 17 708 2 355 38 546 50 181 48 1306 7 736 27 403 3 453
465 20 96 48 181 10 1371 23 277 14 154 29 817 22 643 53 1118 61 1261 8 1260 56 1116 15 709 6 1123 33 750 25 918 20 1101 7 577 25 81 8 1449 18 685 3 1332
466 20 96 37 463 45 1143 7 442 8 901 11 10 16 96 8 1150 53 718 31 1257 16 1383 4 1074 41 899 10 1466 24 396 12 122 45 1473 28 957 26 1279 16 38 45 1139
467 20 90 18 1360 8 127 3 1165 13 874 3 877 9 1299 17 945 26 443 23 1259 30 819 46 984 75 196 1 483 19 826 63 329 24 1121 42 1047 1 599 28 801 5 1
468 20 142 1 726 30 209 62 989 31 173 72 56 15 883 29 713 81 1036 11 207 28 112 70 1043 25 329 20 1194 58 1050 32 250 72 61 1 44 50 1491 10 809 13 686
469 20 133 9 565 41 109 45 1353 10 572 7 1175 56 1047 14 670 14 343 1 377 32 318 69 1084 43 431 102 1043 15 184 14 1062 6 225 28 956 112 516 41 795 7 1097
470 20 81 25 818 1 1256 6 926 54 1235 7 1237 2 241 7 324 2 1479 9 332 16 376 40 602 3 1478 83 767 23 399 47 518 12 478 5 1335 13 1172 48 1168 2 304
471 20 70 29 807 7 23 11 15 24 1199 13 185 9 943 23 715 1 755 9 367 22 1301 10 625 8 599 15 898 32 1091 40 960 52 1314 2 944 9 952 8 82 28 952
472 20 102 40 331 64 1359 61 112 11 314 30 1452 23 29 30 714 23 186 20 84 11 706 10 312 11 989 9 456 3 720 44 744 22 273 18 764 37 703 11 445 32 1111
473 20 101 20 648 1 637 51 97 4 523 77 1105 2 370 4 538 11 665 73 230 59 913 53 781 19 666 49 1345 11 105 20 310 1 1282 2 960 6 1157 1 617 43 1002
474 20 123 12 1207 16 498 29 1149 43 223 3 1301 15 444 36 1220 31 1459 37 838 1 1056 6 266 56 1203 2 734 87 988 12 1266 54 327 8 594 77 122 14 883 78 1374
475 20 113 10 1271 21 1067 5 1027 54 480 5 617 17 1306 30 883 8 1228 56 1068 75 145 26 526 30 1302 28 241 21 127 23 80 33 16 33 1473 16 1134 46 70 31 434
476 20 106 16 741 76 296 36 668 76 589 14 355 47 1049 16 903 14 263 21 385 37 54 28 244 4 328 23 837 11 313 12 356 38 802 21 267 24 614 5 790 13 1408
477 20 99 21 1213 22 1147 25 857 20 1236 38 706 6 748 37 990 18 363 14 552 5 342 57 502 12 784 100 897 20 949 23 917 2 445 17 373 9 387 20 1193 33 344
478 20 115 16 851 12 1171 4 597 43 406 6 1410 35 528 34 1300 38 932 49 1406 4 245 45 805 47 17 8 822 67 236 31 512 26 1375 46 482 13 572 29 146 24 152
479 20 106 2 1200 33 455 38 815 2 598 9 188 64 1047 11 933 40 1405 63 1314 30 1226 27 1437 79 311 5 427 18 360 27 1374 9 1343 40 1060 5 950 2 535 29 320
480 20 98 11 621 5 425 37 214 57 723 6 599 43 295 19 920 54 977 80 118 1 220 44 381 53 1158 12 112 7 738 30 466 9 1381 5 942 4 579 3 1468 10 71
481 20 101 2 1401 14 236 77 832 27 531 19 1284 13 1069 16 71 2 28 24 476 20 1155 34 353 8 1434 2 1192 41 942 6 412 79 423 14 240 30 442 64 81 14 868
482 20 100 16 757 4 823 10 737 26 685 10 722 12 1221 33 687 34 804 29 44 31 408 35 45 66 226 14 726 2 1127 46 1281 39 273 67 996 3 413 20 56 6 77
483 20 106 20 1373 30 575 46 1203 7 1392 101 133 6 483 22 745 29 845 13 1433 11 560 8 1111 29 808 41 1093 11 278 25 724 2 1113 14 70 46 667 6 1102 64 9
484 20 80 21 597 19 66 14 1144 4 1170 1 268 2 165 26 1034 74 429 20 1005 29 1307 13 1496 16 427 36 19 7 494 4 156 1 1475 30 592 43 157 19 567 23 780
485 20 129 24 1235 22 348 22 384 54 931 5 486 15 326 91 324 4 1244 39 1423 56 1089 39 845 48 1296 30 795 4 584 2 731 1 1301 41 1310 70 274 54 916 25 4
486 20 104 29 959 7 898 21 993 53 1344 57 1145 16 910 10 561 44 1094 12 594 112 460 3 660 5 508 17 967 10 890 35 195 13 306 8 1052 23 231 8 281 39 95
487 20 56 41 1366 33 1493 4 1312 5 1467 14 1456 6 34 1 77 39 251 2 269 3 383 2 837 32 161 30 1350 7 843 2 1345 17 1334 28 220 3 429 12 1323 3 653
488 20 114 38 884 46 291 13 644 13 517 5 188 28 772 17 1010 18 1205 40 420 48 636 65 62 13 890 37 563 14 614 46 539 15 484 17 1225 42 1308 3 1426 52 559
489 20 119 1 441 13 1137 24 1154 29 34 41 962 14 85 19 968 105 1067 36 706 99 831 11 248 30 184 21 882 12 752 21 326 64 938 3 1366 4 310 6 967 43 684
490 20 89 15 963 1 948 7 982 2 54 20 52 33 303 28 274 40 28 22 1202 17 442 5 496 17 943 7 580 7 1464 40 290 25 209 15 22 45 270 34 1007 69 545
491 20 93 7 274 4 1159 10 954 2 873 27 249 11 1081 12 1193 51 816 2 1357 45 1434 15 722 12 1318 6 1075 4 193 3 380 7 1235 12 347 91 118 80 581 66 76
492 20 117 26 1089 10 1445 6 186 16 556 6 441 41 1201 37 840 35 535 19 859 63 452 18 537 7 957 36 697 34 1367 9 149 85 213 34 710 60 751 44 547 2 727
493 20 83 12 954 38 1251 35 427 12 43 8 88 23 184 20 1041 27 1448 18 623 4 1419 12 566 24 1487 22 1188 27 1378 7 1203 76 675 11 169 4 1344 3 609 32 895
494 20 116 56 1425 1 1290 47 995 16 868 90 1275 22 1108 62 395 11 505 46 296 3 653 14 995 37 680 33 204 20 1012 19 1245 39 30 10 600 12 127 3 1405 39 1392
495 20 143 8 54 74 980 9 121 18 57 53 1414 17 989 36 1209 67 1071 28 1375 19 614 56 164 10 1088 12 585 62 1067 59 785 66 948 44 777 38 798 31 508 11 269
496 20 92 26 1482 5 1268 5 152 13 676 31 1486 7 374 9 478 27 1220 5 1071 9 92 55 838 35 9 49 579 46 1467 5 145 30 736 79 1113 2 1054 9 1228 14 1318
497 20 121 29 554 71 215 19 441 65 1406 53 4 14 800 4 530 51 433 69 1202 45 421 37 310 13 931 2 1340 10 457 10 924 26 45 13 159 8 44 18 1222 48 1246
498 20 82 2 1091 18 597 54 13 2 587 12 494 14 350 90 1479 5 77 12 863 3 432 27 718 9 787 37 974 24 308 3 1492 34 219 29 602 2 1472 25 717 12 1144
499 20 119 18 1152 15 1209 71 1146 11 64 8 522 7 212 102 1125 4 1334 13 1290 19 856 27 1479 26 588 36 1331 13 565 75 1287 63 816 28 639 48 653 12 678 3 901
500 20 125 38 460 67 235 25 633 26 862 3 1454 13 1055 34 964 6 78 62 480 68 140 17 12 9 1203 30 1487 11 667 90 717 7 284 3 265 56 400 8 796 53 817
