1 15 78 58 892 50 388 7 44 52 530 14 881 12 910 29 262 29 1299 7 962 46 868 21 1485 7 1488 17 1165 18 1363 23 15
2 15 103 59 839 6 675 64 185 54 720 103 1392 3 475 21 213 56 87 8 588 12 990 12 180 9 1323 12 229 37 1438 61 1126
3 15 59 21 1372 7 1131 21 112 27 345 29 836 46 371 9 629 16 1347 2 355 10 1448 68 1228 10 979 10 177 3 551 18 1103
4 15 78 71 613 21 251 11 553 10 827 9 1255 7 546 44 1148 6 685 50 1272 45 1017 15 79 11 532 24 754 4 1396 64 1464
5 15 58 3 1014 1 7 25 1174 7 252 10 1490 1 472 29 814 62 689 10 1377 26 540 16 553 79 906 2 245 9 1464 13 233
6 15 81 12 62 15 56 40 61 19 629 25 829 83 821 6 1199 6 1209 1 1441 68 553 20 931 18 1261 19 35 42 645 31 33
7 15 91 29 554 3 313 9 1259 82 517 4 1140 12 1052 37 88 6 111 13 980 49 1064 15 711 22 158 70 846 52 683 56 303
8 15 61 57 1500 35 1460 5 580 5 168 38 767 15 510 2 1242 25 670 57 1266 19 205 2 1072 34 1127 3 781 6 433 6 1169
9 15 75 17 347 16 1485 28 804 13 272 7 1291 20 41 36 566 43 206 2 1350 60 196 9 442 13 268 12 472 61 1134 38 661
10 15 90 1 1424 38 1274 31 1142 110 1077 7 75 78 1457 35 569 29 956 8 1468 12 278 20 201 30 894 29 1061 2 942 22 1214
11 15 75 29 767 15 34 21 1408 83 598 14 933 13 120 15 125 27 689 13 707 3 427 63 1499 5 616 9 1230 5 1394 61 1070
12 15 98 10 1436 25 1405 52 692 49 1120 43 1203 48 849 36 1442 10 662 22 1048 22 6 19 485 9 591 28 410 87 1097 31 916
13 15 66 61 920 26 483 18 1198 11 650 1 618 25 1149 4 112 9 381 16 285 8 376 1 800 23 754 19 345 73 1380 39 1354
14 15 105 11 457 27 549 26 919 44 102 30 99 44 836 15 77 11 547 21 129 48 314 46 786 25 447 51 1023 34 1299 94 104
15 15 54 43 795 21 696 1 1257 21 1294 9 759 5 984 34 1180 27 849 9 618 10 490 4 625 8 219 9 798 55 68 16 219
16 15 85 48 1201 13 177 72 1447 58 457 16 1016 7 926 44 302 23 1081 31 914 12 95 24 1248 27 903 25 918 13 1058 13 1224
17 15 79 73 1132 5 443 2 901 33 630 11 241 13 178 16 1359 3 85 11 544 45 482 88 1406 17 303 10 944 50 1462 21 702
18 15 99 33 798 13 67 3 181 10 496 16 569 2 792 160 170 1 1489 76 799 40 216 65 770 7 332 13 622 26 30 32 244
19 15 64 2 1160 28 251 40 1054 66 1498 8 1089 18 950 9 139 24 897 35 938 23 241 16 847 17 1461 17 476 5 749 16 548
20 15 65 18 929 17 718 55 340 16 578 33 306 16 983 38 801 10 1268 12 279 4 1249 58 950 12 385 1 833 17 1117 22 521
21 15 108 108 1343 51 21 19 266 18 736 8 732 15 559 11 623 31 1142 74 1465 32 609 10 1146 21 1332 46 19 36 782 61 698
22 15 51 1 220 43 569 7 203 24 633 5 1478 22 341 14 17 3 1072 25 1299 14 1068 1 226 18 1297 30 538 10 615 39 776
23 15 63 6 1378 11 348 55 548 34 254 46 668 1 509 48 1256 5 344 19 618 11 371 42 676 19 1465 4 1196 1 418 17 790
24 15 108 31 299 110 148 33 910 24 100 8 913 5 143 9 1117 68 738 30 1233 44 417 60 1282 28 1070 25 1236 47 509 21 871
25 15 62 1 933 21 315 10 60 47 1293 13 911 31 566 25 556 5 685 28 1287 12 106 2 343 11 545 5 1402 60 576 41 1143
26 15 74 81 1470 22 626 4 1124 24 944 31 738 5 1369 5 1279 15 447 58 379 53 386 12 924 13 1423 10 80 10 1241 30 173
27 15 133 57 256 42 1279 55 1374 10 659 7 319 19 157 139 258 15 1043 53 1012 64 62 32 96 6 98 95 364 40 266 33 1036
28 15 100 16 768 9 463 7 365 6 995 4 1390 11 991 37 324 13 1114 2 280 31 1260 116 618 26 714 111 1180 57 1444 58 1009
29 15 82 41 775 63 204 4 633 3 1224 1 35 27 1159 82 936 5 1059 108 595 21 1156 2 753 11 1070 6 42 8 1190 28 408
30 15 123 62 638 67 41 2 322 40 207 59 1472 78 1242 17 554 14 1497 37 478 72 936 20 258 28 153 24 1056 96 919 2 1123
31 15 124 55 1328 12 1185 71 1107 36 798 61 111 72 1373 84 1394 4 1310 66 1245 21 1099 3 286 49 1409 19 736 62 896 5 638
32 15 114 68 225 33 940 6 671 2 563 38 871 42 470 95 361 19 347 67 1296 9 864 118 255 4 561 45 846 8 744 16 1213
33 15 80 14 1271 7 429 109 751 2 40 8 932 13 1420 52 1198 7 501 18 1085 69 465 6 361 40 122 40 997 8 1448 9 1232
34 15 97 23 693 45 859 70 1009 86 711 40 1295 11 28 6 1107 10 154 57 851 5 656 25 612 15 331 53 1298 11 928 30 36
35 15 51 7 1101 12 1227 3 599 22 391 7 612 52 88 22 464 6 356 12 329 1 844 20 853 5 857 5 1328 62 764 21 874
36 15 82 70 143 6 1159 36 920 44 37 5 1298 9 801 4 233 3 994 23 702 2 1059 81 1469 25 313 34 356 37 169 35 859
37 15 66 2 1448 14 1001 29 107 21 815 56 159 9 300 13 798 9 375 12 249 56 354 9 1027 52 1207 10 1485 30 516 8 386
38 15 115 54 1241 7 1433 62 124 23 618 10 447 72 722 121 1220 1 149 9 703 31 430 11 1367 137 803 11 1353 19 296 11 6
39 15 64 58 1466 33 1075 5 1217 22 162 12 322 15 962 3 1032 1 1471 9 1181 13 1240 3 336 67 917 45 893 33 833 1 218
40 15 68 43 1382 44 492 4 771 14 1413 3 447 13 918 17 378 1 1369 5 62 26 837 2 1399 17 433 10 1446 136 42 5 436
41 15 75 7 460 20 126 36 1496 34 792 6 915 51 1077 6 48 15 1382 17 362 15 1057 3 739 14 878 23 1162 67 647 61 678
42 15 65 33 670 10 32 10 510 19 928 8 1258 7 544 30 952 19 990 6 52 12 878 7 524 88 1134 28 1021 21 358 28 1412
43 15 83 1 62 2 396 22 190 17 567 91 812 32 901 6 27 17 381 17 59 5 1000 54 818 87 335 45 100 8 83 14 471
44 15 58 2 323 16 939 55 1067 43 810 41 1307 17 1379 13 646 47 169 1 265 4 585 12 436 2 1090 7 569 10 62 23 1256
45 15 67 22 862 28 220 2 1057 8 1042 71 677 23 244 8 513 39 1046 2 709 58 1268 10 1287 31 139 14 1200 3 547 20 1471
46 15 58 3 42 19 559 20 527 32 1436 52 1211 17 1183 3 709 12 1324 20 680 12 1180 31 142 11 1305 4 1029 6 984 49 1456
47 15 56 45 199 20 1048 18 842 31 37 13 393 2 630 10 1169 33 539 1 1113 29 514 3 790 3 455 2 1059 17 30 54 382
48 15 52 26 439 26 1494 4 285 13 938 17 1147 9 1370 42 874 42 1425 7 1188 1 1175 14 663 26 1358 14 926 14 1280 7 1377
49 15 87 139 1233 3 372 11 1070 8 492 20 241 8 679 35 1083 57 928 13 826 11 342 38 607 17 49 38 1407 14 319 26 195
50 15 59 101 760 9 544 12 779 20 1046 23 346 6 212 9 1434 39 1139 5 1391 31 1025 4 631 2 216 9 1166 21 657 8 205
51 15 54 12 604 3 1087 51 1067 8 679 3 1014 28 641 22 971 2 411 67 603 5 1103 9 496 6 855 8 400 45 528 3 1386
52 15 81 6 356 25 771 68 1208 29 1294 9 859 45 635 15 214 43 506 24 341 30 1247 51 810 16 295 9 1387 21 1366 16 578
53 15 57 25 53 30 1352 10 303 22 1473 11 620 5 163 7 205 6 1434 4 549 14 739 3 466 41 349 50 311 20 864 40 727
54 15 75 45 1303 44 65 20 339 9 1181 130 400 28 925 13 1313 27 375 32 742 8 1376 3 1202 12 715 1 1154 2 711 1 221
55 15 105 73 1240 27 1014 20 243 47 397 32 1192 14 714 4 813 14 629 33 235 22 1242 82 1397 67 712 72 1160 10 989 10 283
56 15 67 7 535 9 943 17 280 12 1184 8 289 8 646 1 1446 3 718 48 547 32 656 61 311 26 988 19 677 61 329 25 271
57 15 58 7 1413 11 991 8 669 3 938 1 381 66 1144 11 173 8 1281 15 62 20 863 6 1476 63 232 10 87 34 1291 31 836
58 15 69 29 1477 24 187 9 774 18 1148 30 522 55 713 21 56 11 1195 12 611 46 948 44 727 1 801 26 888 5 135 16 1379
59 15 60 31 370 1 1167 5 1008 36 1155 28 403 2 730 11 781 20 421 20 937 19 730 78 847 8 1434 13 548 24 1475 5 855
60 15 81 1 1378 9 1258 80 278 7 203 25 132 70 7 18 868 26 1065 7 581 23 1170 70 808 11 681 30 412 9 357 19 1396
61 15 71 5 674 6 156 3 1188 17 1375 10 1085 12 884 12 226 22 1427 17 1319 61 315 33 126 25 150 46 1120 75 1374 15 414
62 15 91 20 804 23 1124 2 652 46 1368 39 1037 10 1468 40 607 25 668 46 1324 9 1073 81 343 9 1096 85 1159 7 4 13 744
63 15 78 63 942 5 809 31 1096 2 1140 73 1058 11 679 3 142 29 179 13 2 21 1346 22 493 14 345 63 410 20 814 22 36
64 15 65 59 1142 31 480 35 529 16 871 8 173 20 1004 13 495 2 978 11 1265 62 1323 9 392 8 1201 12 963 21 148 18 76
65 15 105 70 1261 37 572 6 394 32 144 61 6 69 1054 30 841 28 408 6 978 40 1420 40 612 2 1296 26 912 45 722 34 989
66 15 68 5 603 81 1497 5 610 19 348 5 224 1 862 7 312 40 1008 9 1365 3 632 11 1104 7 949 24 1498 47 1078 78 322
67 15 75 12 1178 9 1422 8 153 26 197 120 1209 42 748 3 96 3 1249 1 507 72 554 48 1429 17 134 1 437 12 1100 2 123
68 15 66 23 551 50 1315 26 658 1 21 20 1020 20 717 15 1268 2 1245 53 1026 26 626 9 862 16 522 34 913 21 1100 15 1204
69 15 56 2 896 12 350 90 618 7 277 6 852 10 442 23 1166 20 1252 18 903 14 49 9 1255 7 309 5 593 45 826 12 934
70 15 58 7 280 16 152 13 803 25 248 25 1315 59 377 20 1197 2 643 20 69 5 1486 38 86 8 156 22 1003 27 432 4 774
71 15 79 8 97 21 409 18 935 69 243 3 84 7 648 7 1113 51 934 41 1464 73 1473 15 760 21 972 11 624 1 1432 52 365
72 15 82 21 378 15 1219 74 1126 45 1364 9 1095 3 604 18 437 70 586 48 1058 13 142 4 557 5 327 50 839 31 520 7 1450
73 15 54 22 896 14 656 16 81 9 18 23 828 41 1384 6 496 3 829 2 770 13 523 23 566 28 572 22 941 33 17 19 46
74 15 97 20 352 5 833 14 139 74 1000 19 935 5 457 5 1461 75 45 25 458 52 596 44 358 26 1195 2 1353 111 1143 8 408
75 15 104 7 773 56 1040 24 1068 19 290 39 440 22 598 13 326 8 1444 17 1451 148 1004 34 1376 23 347 30 628 8 278 72 984
76 15 110 76 1398 78 784 48 255 30 245 34 206 27 265 25 606 4 724 32 870 69 1018 32 913 26 235 2 1141 54 1118 17 1042
77 15 74 78 434 24 39 46 254 1 397 7 25 28 178 20 1339 35 876 48 1287 29 211 5 1065 2 581 21 1096 22 945 5 1138
78 15 97 28 314 26 477 58 1361 37 897 40 21 1 867 16 1273 58 1015 35 283 22 135 53 65 16 568 50 1031 16 1348 31 1289
79 15 90 19 1367 15 149 24 1090 4 967 56 1026 48 521 66 64 87 961 48 1299 13 26 22 1294 19 1319 18 198 8 1401 4 875
80 15 82 18 607 6 852 8 881 3 1320 56 560 6 1347 44 1405 29 1352 25 1274 20 51 19 1101 46 172 37 764 13 1224 84 1272
81 15 55 5 691 22 1340 51 472 13 1461 13 21 22 127 54 488 10 574 6 1229 28 1295 4 535 4 917 19 1395 4 594 23 1305
82 15 65 53 1029 5 133 2 634 12 1097 23 989 10 898 11 1151 68 818 1 681 13 465 74 1459 3 1212 10 1429 7 222 37 1286
83 15 39 3 1366 20 1228 13 975 22 1339 2 968 2 1415 5 286 35 1327 27 1422 1 252 27 811 12 1325 20 552 4 579 3 605
84 15 63 14 1087 21 286 2 1348 9 511 8 462 49 479 66 933 11 806 15 181 3 1247 2 1388 26 1402 23 686 55 999 11 284
85 15 100 19 1227 47 304 20 625 14 781 25 61 4 1434 56 425 73 992 9 295 17 717 48 858 32 482 21 216 30 523 88 549
86 15 70 11 222 4 1085 5 176 3 153 20 784 34 883 12 446 43 713 37 1260 30 818 62 1485 22 243 32 316 14 434 21 272
87 15 81 1 851 11 1034 3 576 5 81 50 1017 2 726 9 1103 34 766 47 860 9 568 66 864 25 498 57 1138 43 1341 44 173
88 15 167 29 1051 74 636 58 1293 47 743 96 1206 17 1299 45 443 23 568 57 1324 43 11 69 665 114 913 94 1391 67 436 4 1217
89 15 88 2 956 19 107 1 227 70 1320 41 982 41 666 19 953 49 1111 34 80 6 1496 34 1375 5 1374 63 1182 52 352 5 1418
90 15 79 51 1439 15 152 13 29 80 355 1 1382 10 743 23 517 56 1003 7 1084 19 928 26 59 53 805 32 793 3 1131 9 1218
91 15 73 9 1226 26 211 6 580 16 288 32 890 6 942 33 242 60 1396 45 239 39 1322 4 834 44 1310 27 115 15 1050 4 1068
92 15 79 87 848 41 1036 3 1473 35 1043 14 667 15 892 10 1160 21 515 55 1048 13 669 26 186 9 476 4 402 58 292 5 1295
93 15 44 20 1054 6 581 19 75 26 49 11 1480 13 607 3 931 26 1017 7 65 14 204 16 1444 6 148 14 338 33 1427 10 1465
94 15 99 111 321 20 372 6 708 57 1304 14 92 23 170 81 1345 8 354 57 285 16 403 38 82 11 578 8 2 19 95 26 746
95 15 65 3 1383 24 23 4 879 13 694 54 401 9 796 3 1327 33 361 22 315 31 750 7 1473 30 1146 35 923 27 839 34 1334
96 15 71 6 1357 3 1468 41 1457 4 991 12 976 5 1500 41 221 4 926 9 928 56 987 28 215 19 1102 56 1263 15 1110 56 545
97 15 73 42 444 23 21 17 994 47 1105 2 878 52 281 19 595 43 792 47 954 8 969 2 441 4 1495 8 771 26 402 25 1204
98 15 77 8 234 11 1420 16 581 34 575 23 5 37 758 18 291 50 279 44 378 40 893 26 1073 9 39 50 1022 2 115 21 98
99 15 104 12 1400 13 943 46 1061 69 842 14 567 15 457 42 1468 20 158 65 956 62 516 28 191 33 58 47 735 20 1283 37 627
100 15 65 5 466 12 1167 17 1047 2 1149 44 1159 6 1102 2 405 1 802 52 1050 22 56 21 68 79 524 37 892 8 541 20 12
101 15 39 8 431 11 500 10 874 6 1026 17 1215 8 947 11 1180 14 1435 18 237 5 324 23 23 17 931 25 19 5 917 19 1102
102 15 64 39 148 31 553 51 293 38 51 4 1223 13 1072 26 1190 23 535 36 1498 15 874 7 1104 5 703 8 1221 12 1032 12 898
103 15 65 23 1172 13 88 74 390 4 481 36 201 59 1295 3 984 16 1169 16 21 1 1476 20 403 29 621 6 326 16 139 11 1414
104 15 110 76 308 7 815 5 585 24 315 27 904 37 184 48 1426 105 627 26 692 99 81 20 1174 24 1415 22 1437 24 1242 8 1182
105 15 56 20 889 4 982 44 276 11 1155 9 56 3 731 29 493 3 51 41 471 18 909 19 835 30 203 17 1183 7 250 26 1139
106 15 59 7 932 15 557 20 731 3 28 11 1103 35 138 3 1319 21 71 17 189 24 502 72 1298 12 547 28 1491 24 977 4 692
107 15 109 34 317 29 888 13 455 32 1339 5 1270 9 340 47 1327 121 443 45 239 43 937 79 688 15 814 30 1427 12 296 32 223
108 15 75 88 876 31 420 8 1420 7 1198 3 1437 6 241 22 1052 16 20 16 1441 49 935 17 264 44 135 33 1305 5 1204 30 1392
109 15 55 12 75 1 789 30 915 8 336 11 102 3 136 25 1253 5 455 4 969 36 1375 17 358 1 1447 60 950 62 1274 1 655
110 15 55 39 254 13 772 14 1004 11 470 25 589 5 84 17 579 29 569 4 543 14 1435 19 1408 1 501 39 1207 2 1027 45 358
111 15 92 10 1376 1 385 50 613 39 353 31 1322 11 847 12 595 2 566 60 1021 51 333 15 154 56 1279 62 41 44 182 19 650
112 15 82 16 1431 45 1120 41 693 93 313 21 649 3 470 10 1328 10 1231 45 161 48 731 31 920 4 1110 3 569 20 95 24 392
113 15 90 22 608 18 1157 74 1440 16 1335 54 346 13 516 41 283 85 283 30 452 33 1466 12 781 2 127 19 450 25 400 10 1134
114 15 100 49 1479 12 272 56 1054 55 1151 25 601 14 176 7 139 53 1360 4 932 32 644 91 617 11 689 64 183 7 1171 22 1228
115 15 110 5 619 90 1329 12 768 1 193 13 609 3 566 60 1211 85 719 60 991 85 543 24 62 55 1274 10 783 40 857 8 628
116 15 71 16 1325 11 260 2 956 48 57 26 574 40 1132 30 558 37 137 10 825 26 1311 1 607 27 888 66 1332 11 557 5 369
117 15 65 15 611 2 977 25 33 3 160 23 40 17 1428 53 48 20 286 8 1112 3 1406 36 831 13 990 24 1032 16 16 71 551
118 15 68 67 677 3 1413 53 571 14 415 2 1420 38 377 2 1487 5 703 6 457 5 1232 10 490 6 1050 88 1220 3 893 41 642
119 15 47 14 1302 7 819 5 1233 4 297 3 1484 42 1254 28 953 4 643 8 513 9 662 70 512 8 28 2 657 13 663 20 1216
120 15 80 27 360 44 40 27 1467 10 5 26 1173 84 945 64 625 6 918 10 1261 23 1167 8 456 36 149 17 1350 15 193 4 280
121 15 62 11 1364 14 803 17 407 22 1499 9 1283 15 1062 16 823 16 394 85 1091 75 999 5 27 11 29 6 777 6 1417 3 1275
122 15 63 10 1471 32 766 16 35 3 364 1 1246 14 1094 19 1013 76 174 20 1342 13 1339 8 1113 1 621 76 628 17 1256 10 393
123 15 55 61 249 2 1400 2 365 4 1325 4 1231 32 162 27 1163 52 290 11 1110 35 434 6 646 19 1445 8 345 11 1215 4 442
124 15 61 29 1229 13 454 26 1439 8 1291 4 940 51 625 5 746 14 1221 57 131 16 727 10 1372 7 1163 52 1403 11 1175 5 426
125 15 84 6 1321 98 550 16 747 17 1235 3 174 5 1451 13 333 49 626 7 1442 88 1319 22 668 27 75 42 237 3 81 24 802
126 15 76 1 23 56 1323 22 29 1 1308 27 54 12 873 3 1369 90 525 13 61 16 542 42 168 23 181 35 57 29 1307 13 1236
127 15 92 57 155 26 19 9 618 7 119 17 359 24 1496 46 473 2 1339 46 1127 9 400 32 664 28 1124 33 854 11 482 117 1251
128 15 48 7 527 8 1168 16 583 1 256 11 816 19 194 26 1461 23 1280 27 307 10 1345 26 279 3 174 21 641 37 36 5 1281
129 15 83 14 1036 66 1089 9 620 43 385 7 608 26 439 124 497 49 750 30 422 8 895 2 1353 2 1223 31 1119 6 1159 1 706
130 15 56 5 1057 12 770 12 655 24 640 4 531 18 640 15 109 31 716 19 216 26 268 15 134 11 1107 11 898 46 881 34 100
131 15 75 29 880 7 636 3 1067 39 1308 8 713 90 1089 35 820 22 1466 44 1387 28 209 11 1042 10 1461 3 1186 23 1232 23 16
132 15 67 31 309 63 929 35 810 28 200 19 1297 29 801 14 647 23 1451 4 227 26 701 33 1224 18 937 2 190 9 882 3 1059
133 15 48 2 64 9 1082 7 981 6 1223 8 201 24 388 18 1017 43 605 9 35 1 629 34 127 26 349 34 1400 15 555 7 159
134 15 71 19 592 5 910 59 275 24 42 21 971 16 424 7 415 15 1044 9 1386 42 603 24 1189 38 1005 16 1417 50 768 14 1249
135 15 50 23 445 1 685 49 566 27 220 19 472 25 1422 29 774 15 998 5 1140 10 694 13 108 1 1082 4 204 23 1001 10 881
136 15 94 8 85 71 593 74 1473 9 543 30 728 21 1130 24 775 44 1137 44 1192 8 947 43 399 18 547 30 1265 32 512 16 587
137 15 85 4 14 54 1007 16 448 17 100 5 225 5 1171 3 835 2 56 38 511 7 672 16 547 14 1331 93 1224 50 1202 104 965
138 15 65 46 727 52 1138 23 1261 5 385 23 714 5 636 17 797 2 216 4 484 25 1395 28 530 20 455 11 263 55 1254 12 426
139 15 101 21 1483 46 1428 25 923 28 410 100 119 20 1482 1 244 10 948 23 1193 88 129 4 1047 58 94 6 909 3 1320 74 205
140 15 78 8 380 38 341 14 1479 17 1028 11 511 32 288 83 1309 24 929 14 1247 91 274 23 535 26 1147 1 213 7 344 5 990
141 15 76 5 482 76 423 96 126 41 381 7 515 22 677 11 683 37 457 2 1437 12 485 14 1008 4 307 42 1248 1 1269 11 246
142 15 56 2 805 28 943 6 141 12 1125 4 444 19 756 3 1072 23 579 15 508 23 836 34 1500 2 953 91 1444 13 789 9 1198
143 15 81 29 406 1 161 20 1173 34 1107 28 1319 30 612 79 209 12 1374 18 1444 20 522 21 1219 16 1128 22 482 45 355 34 779
144 15 104 38 364 23 218 3 1233 87 888 23 1369 90 796 13 303 77 357 9 1008 12 1244 7 1070 37 512 46 278 39 157 19 823
145 15 84 54 747 9 649 38 587 4 1238 62 699 46 632 2 973 1 1073 27 1424 18 346 19 555 11 1423 88 157 23 543 21 1336
146 15 84 4 1245 78 444 22 1416 5 1370 76 701 49 756 9 1013 41 1270 28 1126 30 733 1 861 2 449 11 578 43 72 21 77
147 15 59 8 66 24 683 37 930 13 1142 9 507 26 1035 20 183 19 65 42 190 2 222 25 186 15 1217 13 332 23 552 21 1034
148 15 39 13 1065 15 1345 46 1496 19 966 16 1031 36 1074 1 67 3 52 18 185 4 1298 12 1466 3 187 4 69 1 1215 4 1268
149 15 65 2 31 30 806 25 992 9 829 2 305 14 227 23 759 8 378 4 486 17 1438 42 671 66 1301 41 543 9 198 34 1430
150 15 91 28 424 40 137 8 876 46 250 55 543 27 275 10 102 18 328 41 292 53 723 41 969 32 1142 8 1196 14 1128 35 1266
151 15 73 37 1302 39 616 6 161 21 398 5 957 8 379 16 550 9 1378 35 1230 6 754 64 1412 41 544 13 350 56 1343 13 637
152 15 65 21 240 40 1284 12 29 1 1046 27 832 74 895 44 724 21 321 6 549 11 1496 2 383 26 787 2 106 36 808 5 997
153 15 97 27 1459 54 1117 4 901 27 686 16 336 37 10 32 647 31 327 8 895 6 774 36 1016 60 592 33 766 54 1251 61 708
154 15 50 2 104 8 1151 14 247 19 558 26 1393 5 600 67 46 10 907 6 878 7 1368 13 428 28 1434 22 762 9 1173 14 680
155 15 69 16 1272 40 89 30 879 3 695 6 728 14 786 65 722 50 190 42 1030 11 1151 13 228 43 321 6 202 2 1019 5 1290
156 15 96 6 521 59 1480 27 66 23 837 53 486 28 17 3 459 3 1322 50 614 17 1152 57 1160 76 370 21 182 11 1061 46 472
157 15 70 2 982 51 554 11 1091 40 1294 55 699 16 1264 37 393 12 242 9 261 17 790 38 1342 6 490 17 78 20 1041 22 752
158 15 60 19 275 30 1121 3 843 46 1452 17 298 37 1291 5 636 18 269 28 573 21 376 24 1005 2 1082 2 30 22 17 29 1139
159 15 61 17 1299 16 1073 6 637 12 256 2 1200 33 1003 38 1326 28 1023 40 1184 38 13 22 1439 25 1384 16 177 3 709 9 301
160 15 100 31 412 42 1232 3 718 30 9 14 1399 24 223 10 717 28 28 2 946 57 1230 28 581 28 121 9 108 126 55 68 550
161 15 50 8 870 17 902 29 17 3 1216 11 1142 9 588 24 123 9 734 57 768 25 56 1 977 39 1041 15 446 2 256 2 164
162 15 83 8 1303 55 1121 17 1418 16 878 112 529 38 321 27 485 19 890 8 237 28 103 5 1052 8 1475 21 1053 36 729 19 659
163 15 66 9 1389 12 1478 5 1141 2 209 24 932 12 253 3 28 28 873 5 906 20 862 36 163 10 431 40 1406 59 1165 69 315
164 15 91 23 129 5 1032 29 803 29 1029 4 139 73 995 37 876 46 143 13 1298 38 261 49 1476 50 1322 15 410 12 1404 34 841
165 15 79 14 751 7 1249 37 1048 14 837 36 760 15 917 3 366 8 465 21 13 66 1155 36 1430 83 591 27 1402 20 87 9 838
166 15 67 27 391 2 616 20 1114 23 1083 36 755 7 252 2 1122 9 429 37 1409 20 1102 20 635 3 843 99 1246 22 1292 12 292
167 15 74 26 562 62 755 2 1023 10 1212 27 138 20 845 3 513 41 971 38 1328 11 1260 44 97 70 812 15 126 1 793 2 463
168 15 107 41 1090 33 529 29 1483 45 182 4 754 54 1054 53 1028 16 558 66 1155 27 1036 18 1445 51 136 84 465 5 364 10 1213
169 15 64 3 358 49 977 15 45 2 212 15 1178 33 496 21 990 37 488 29 94 11 791 24 1358 25 2 11 799 13 42 35 1408
170 15 83 9 1157 1 86 72 754 15 1017 12 408 61 1297 23 1384 27 408 69 258 9 183 67 1107 27 1384 16 120 3 1149 6 271
171 15 70 25 752 16 1096 6 81 18 522 44 1367 14 1054 22 751 2 751 49 1254 22 693 20 930 25 205 20 41 30 491 40 485
172 15 117 108 841 46 1300 32 1396 7 1465 30 1376 14 982 16 478 99 98 54 1323 28 867 31 651 33 1153 10 1369 17 561 62 524
173 15 39 4 69 25 1450 32 921 8 102 6 1127 3 882 48 1018 13 700 4 767 11 1378 11 120 16 690 2 1406 10 866 4 600
174 15 78 17 145 23 19 60 795 19 519 3 696 2 151 10 1373 11 510 9 1064 71 951 19 785 100 687 37 1369 3 937 9 688
175 15 70 8 10 12 130 13 1201 32 1078 5 915 6 290 30 440 33 1243 91 250 8 517 31 688 3 1272 6 639 25 274 48 234
176 15 53 4 341 69 1187 10 1174 5 983 38 336 18 948 17 1121 15 1286 13 1306 17 1187 12 1250 7 816 6 1063 19 1107 16 220
177 15 75 1 819 22 1414 5 1480 10 696 43 35 17 425 1 1488 41 544 6 1042 84 100 29 558 14 1225 81 1421 4 899 17 1042
178 15 57 6 482 2 1123 1 1391 20 751 16 584 16 438 3 1378 19 1459 13 198 12 677 28 556 47 542 29 1407 40 1486 37 561
179 15 64 30 645 20 567 14 993 16 196 25 1181 26 722 6 314 13 357 24 133 1 1377 16 572 89 108 6 612 26 1202 11 919
180 15 87 2 333 6 5 100 364 15 730 6 183 23 273 10 1480 21 227 63 1258 15 524 10 989 2 326 71 1454 50 1409 43 374
181 15 69 86 942 8 390 32 317 20 1384 18 1064 7 577 10 1489 65 1133 8 619 25 10 9 409 16 574 31 819 1 1060 10 202
182 15 78 18 39 66 811 46 1338 14 620 7 1341 23 1410 18 1453 24 1194 51 942 43 83 27 402 13 159 33 502 5 1192 2 15
183 15 89 26 466 24 423 32 1077 36 1063 26 769 11 1004 56 273 47 1242 3 460 4 885 3 912 37 375 34 1108 27 152 81 1105
184 15 69 55 28 2 403 19 459 24 518 10 86 18 1042 21 1223 13 994 31 1329 10 1346 10 860 85 442 28 674 7 1433 14 1430
185 15 55 22 1233 4 395 18 1030 58 676 1 88 25 1280 3 335 20 1212 63 567 4 349 6 907 3 222 15 762 29 227 6 595
186 15 97 89 1115 5 1066 21 1109 37 405 6 278 42 1190 1 263 2 1103 44 943 3 1034 24 377 93 1417 2 241 109 573 7 1245
187 15 66 4 1306 18 1185 15 640 25 1443 15 422 32 500 3 1426 27 276 73 557 10 912 42 642 2 29 25 925 20 146 23 1125
188 15 54 32 1253 9 806 50 226 1 11 31 24 4 24 16 1344 43 565 15 335 23 1389 6 1257 1 1155 17 828 22 1094 4 407
189 15 56 19 302 40 534 15 789 22 1279 34 247 8 995 14 1258 8 15 11 1213 18 66 28 1414 20 1295 2 111 26 1265 15 968
190 15 72 11 50 5 806 10 704 47 1383 15 404 6 102 43 1234 1 196 19 1376 24 1473 7 1360 11 1330 16 677 24 299 122 272
191 15 73 37 441 7 1320 2 1441 18 150 9 813 82 1423 18 1038 35 560 1 797 22 854 12 979 89 1194 22 1019 10 498 5 835
192 15 78 4 442 19 1195 85 557 56 130 9 364 78 1401 12 954 5 157 28 1231 20 1449 2 1377 4 1376 6 23 2 520 63 321
193 15 98 69 853 4 499 39 779 49 663 26 13 18 676 31 994 1 125 6 991 112 610 65 19 7 1322 49 522 13 581 5 1323
194 15 71 74 1066 13 1492 14 642 38 303 10 20 12 875 76 267 21 1276 3 711 16 391 37 613 2 315 1 774 26 1022 13 60
195 15 94 55 578 59 958 44 947 58 345 10 2 5 1101 7 27 60 282 7 1104 3 1374 64 927 15 230 14 389 44 1351 27 1226
196 15 69 22 1412 56 1040 28 590 13 1267 10 1068 10 1040 7 656 103 1179 2 190 7 269 19 697 26 598 26 674 12 1373 5 964
197 15 77 12 258 7 1425 47 282 14 841 1 927 28 1017 14 187 91 1386 9 979 15 1135 1 1122 40 1007 46 1430 59 1271 2 1162
198 15 79 26 771 24 1453 4 862 65 222 7 1272 7 208 1 827 4 376 25 400 23 506 18 713 41 1386 2 748 57 555 95 1065
199 15 41 11 744 14 90 3 1034 30 1003 29 1427 6 585 12 1400 2 1395 14 94 3 1343 35 1020 1 1052 2 198 22 1133 22 983
200 15 116 15 20 64 405 21 367 68 1172 7 632 30 1099 90 415 41 488 21 246 73 1028 29 1114 12 354 40 322 63 1391 9 1075
201 15 82 28 1265 21 609 26 1334 14 665 8 285 39 59 42 1021 42 904 28 883 31 338 11 1203 38 1331 30 31 41 451 14 994
202 15 68 17 998 13 916 36 602 37 105 11 213 11 1169 18 88 21 261 64 522 13 67 22 48 46 1059 8 1441 2 2 23 427
203 15 57 27 919 2 286 23 751 1 1247 12 305 2 80 64 197 15 995 10 1041 1 266 10 896 18 1447 21 662 50 133 29 175
204 15 67 8 174 1 331 13 297 109 1145 53 896 15 80 19 1393 38 1420 12 58 19 587 27 1078 13 193 1 1357 4 938 3 703
205 15 82 6 14 4 1062 13 938 15 1440 5 782 45 783 40 230 22 833 36 1233 39 559 7 128 35 1355 53 867 73 476 19 1028
206 15 54 27 893 3 731 17 674 16 1047 51 1187 36 184 15 676 12 954 11 245 1 810 12 1083 6 1033 14 1401 46 14 7 1458
207 15 97 10 798 31 400 55 491 42 1140 46 299 25 867 9 729 1 82 65 1377 48 1028 6 393 60 551 62 265 19 1281 7 1091
208 15 54 11 104 28 675 16 374 8 1449 3 155 27 555 3 494 5 815 7 880 14 1500 19 950 26 147 37 1334 30 610 38 1038
209 15 91 106 939 23 1223 11 1010 1 1483 27 323 2 474 14 1402 27 158 12 1067 24 581 22 1138 53 1046 104 1393 14 1028 17 1210
210 15 110 35 991 5 88 21 491 25 930 42 218 7 84 35 485 95 43 25 1063 24 1228 75 1472 114 893 19 1443 9 921 22 508
211 15 67 15 86 17 381 15 1016 39 1125 32 735 34 376 2 76 12 427 11 1176 19 399 27 1416 32 676 15 225 30 1260 37 1373
212 15 79 8 705 62 641 35 986 33 901 10 565 21 1249 30 756 10 1286 26 1459 25 696 11 382 23 130 33 1141 44 1085 25 1159
213 15 91 8 647 9 315 17 369 71 838 3 415 6 128 125 424 24 1062 47 215 37 365 14 688 15 979 7 195 38 47 34 1350
214 15 74 42 842 20 80 9 879 80 232 4 268 32 1428 4 946 60 512 8 1243 18 629 11 782 12 1483 5 1379 28 1169 40 1302
215 15 64 12 1198 17 1274 2 1317 40 1435 17 692 7 473 43 917 22 1344 13 860 1 271 22 640 34 1128 14 1380 57 870 20 880
216 15 82 35 1471 27 1303 10 621 3 1064 69 252 7 942 41 1047 29 220 9 1031 76 1071 14 1263 14 102 68 460 8 1146 3 1211
217 15 85 64 461 78 1289 19 237 4 101 45 1177 6 1262 50 962 26 933 27 1125 24 451 2 1384 6 356 35 1352 27 1205 14 915
218 15 53 4 1323 64 1478 19 454 21 1286 7 1393 7 1019 6 196 55 567 21 3 6 265 9 687 8 875 25 326 9 45 8 172
219 15 71 1 232 24 1375 13 167 23 962 6 978 7 1244 8 744 3 92 17 434 107 616 53 535 21 206 29 637 13 1223 31 465
220 15 64 46 845 33 1030 31 399 5 893 25 1440 37 79 10 97 19 1164 14 1220 7 684 4 1207 49 281 2 270 29 1338 9 653
221 15 55 10 649 6 1200 10 1181 34 1393 15 273 26 1016 23 142 37 1035 39 715 4 1405 26 943 20 1277 3 1137 21 1183 2 1379
222 15 87 62 411 51 976 24 970 1 10 34 1285 14 969 8 1489 31 454 28 1157 28 1392 10 92 63 458 1 238 41 1336 42 102
223 15 84 31 1150 19 934 11 65 48 1429 21 424 68 865 12 1360 18 129 12 1359 4 252 3 252 56 305 4 1339 96 714 18 839
224 15 66 36 1093 6 1286 26 1336 14 281 20 359 12 551 1 1282 42 37 32 375 15 249 6 746 35 1024 48 955 1 889 40 666
225 15 79 4 354 3 395 5 846 14 1037 8 1483 23 1020 4 423 99 760 19 1405 19 1208 13 24 45 825 77 1460 2 1390 61 22
226 15 52 3 1121 4 1287 1 702 26 1109 5 749 31 1346 2 260 6 109 5 1131 13 962 70 199 9 585 37 773 25 1461 27 521
227 15 123 47 32 46 327 2 162 39 134 21 962 17 567 50 1334 9 817 46 933 131 1394 14 980 81 1361 32 922 74 565 9 936
228 15 64 97 37 38 1167 14 1280 15 657 27 452 37 92 16 1342 8 229 7 1303 19 1113 14 1483 5 962 5 280 18 721 4 1034
229 15 102 53 41 7 1355 5 380 15 761 43 245 26 204 27 480 24 1465 1 848 74 753 12 1274 33 936 134 51 33 942 24 953
230 15 50 10 964 8 633 34 1477 25 236 3 901 8 1447 27 375 15 560 30 1166 27 800 9 1338 12 416 27 431 3 378 14 1265
231 15 101 39 407 12 492 10 1306 17 624 12 206 57 328 16 716 16 538 113 1216 86 120 37 971 31 1010 52 809 4 73 4 1112
232 15 75 31 1163 26 812 7 24 68 1269 35 1031 7 361 37 27 22 33 3 920 20 979 1 1163 69 547 35 151 15 141 1 1459
233 15 44 67 198 9 736 4 345 50 684 11 119 11 262 6 1423 2 629 3 1058 14 895 1 1028 1 694 6 982 4 1425 35 906
234 15 80 11 1044 1 1089 33 1352 55 123 3 572 9 1281 50 1454 41 48 54 1375 7 671 2 734 64 628 10 555 18 1399 42 366
235 15 83 5 532 24 280 43 94 10 1047 21 595 18 547 21 1194 29 899 40 1401 4 356 13 267 72 1312 35 1490 18 457 64 415
236 15 49 24 914 10 425 16 945 63 526 40 109 7 1083 9 122 5 533 9 494 1 355 15 615 28 337 3 498 15 1134 1 823
237 15 54 12 1219 22 1471 21 677 39 1411 26 267 9 248 29 386 20 225 5 964 9 318 8 860 22 1279 5 273 19 1015 26 816
238 15 58 4 743 22 1335 19 941 4 768 66 1493 14 242 52 1166 13 695 37 390 5 1132 23 942 2 1109 23 431 3 1424 7 156
239 15 81 12 1225 2 210 29 421 33 1270 21 907 6 1051 35 90 16 1306 23 1402 31 1319 52 1500 32 967 6 253 49 715 61 723
240 15 72 2 561 54 519 33 1420 19 550 69 367 13 325 35 626 6 498 13 1363 7 1021 10 468 9 1169 64 595 11 908 18 831
241 15 100 35 947 24 242 70 941 6 580 28 1130 108 1495 23 557 7 606 4 1220 5 50 40 248 24 983 19 625 15 1351 95 4
242 15 68 10 338 3 1250 62 956 1 1336 19 423 2 277 5 137 21 1424 7 996 45 769 49 171 5 941 44 387 67 693 3 403
243 15 73 27 1390 6 84 31 658 12 94 51 456 14 7 50 213 7 406 14 81 26 1086 15 883 6 318 10 677 45 232 53 514
244 15 51 18 116 9 720 61 71 1 832 21 289 7 184 39 959 12 1292 9 971 6 1239 3 231 56 612 3 1168 4 361 10 1237
245 15 98 48 1420 69 7 72 915 23 153 2 422 8 505 42 1112 6 1215 11 1456 2 930 39 1276 99 1106 21 189 34 102 15 420
246 15 91 83 827 2 1193 4 1471 43 1120 36 977 50 865 6 308 52 1005 42 1309 1 231 9 871 1 683 41 1222 63 1217 26 218
247 15 71 6 749 10 749 3 638 40 190 33 139 23 1255 25 468 35 1425 21 438 20 1204 25 421 53 292 41 1372 3 777 18 703
248 15 104 9 1431 74 266 24 1307 23 1484 8 1376 36 1180 20 695 16 573 65 1130 20 221 34 1327 1 512 75 1368 112 1221 5 430
249 15 94 28 25 4 430 88 260 4 194 18 137 73 758 32 456 5 74 36 594 17 1461 79 271 24 78 4 266 56 29 4 914
250 15 104 68 559 18 1202 26 1257 16 180 140 756 34 1013 30 117 15 424 27 1084 7 971 13 1261 62 1242 4 1434 29 1029 31 336
251 15 73 16 239 6 1485 63 190 6 268 4 367 26 626 50 65 23 57 3 592 50 1000 38 823 12 439 33 1365 16 236 21 702
252 15 100 15 1090 15 663 35 740 109 267 8 1306 10 164 34 1074 35 82 26 429 28 1056 5 432 51 731 16 796 48 608 65 790
253 15 69 7 590 47 25 1 351 34 961 13 1011 1 76 28 1208 10 463 15 242 9 931 23 136 87 605 22 395 43 1199 7 237
254 15 61 35 1285 21 324 12 1208 9 373 5 620 4 941 18 578 29 1182 14 1175 50 1214 79 969 2 1424 3 620 20 308 4 739
255 15 107 50 749 32 149 94 1115 71 1042 52 1162 17 978 13 1315 33 914 19 444 50 194 5 1205 2 1041 56 908 16 811 25 1448
256 15 91 28 202 22 770 43 99 12 403 59 924 6 1428 12 212 56 132 38 852 1 1407 7 562 72 1300 56 905 38 562 5 1404
257 15 71 42 1041 3 1473 67 269 5 128 19 134 2 1272 1 773 31 1042 24 1096 42 1206 32 952 41 1142 2 224 39 398 9 1123
258 15 96 19 395 14 1010 35 395 12 175 15 1044 1 1382 55 129 6 741 80 730 32 13 23 693 13 220 65 209 52 621 60 1454
259 15 72 119 424 39 633 10 1126 21 414 9 1105 4 1178 3 1190 31 433 8 227 13 545 25 153 10 261 24 377 43 1431 1 1428
260 15 70 43 357 21 294 2 549 1 1158 16 843 64 450 56 921 10 16 6 973 29 252 26 1225 31 67 7 933 14 186 27 374
261 15 84 6 642 5 1336 48 1255 13 634 9 1089 53 1142 30 715 18 600 21 64 40 84 10 1297 84 568 20 88 35 471 32 198
262 15 67 30 1437 80 22 31 842 27 88 42 596 11 1075 15 1093 5 1227 28 10 1 66 18 179 3 1110 15 930 4 1054 27 948
263 15 94 93 707 3 149 54 794 43 217 46 313 5 1285 52 1477 38 642 49 1148 20 1310 7 175 39 904 10 1354 9 65 6 351
264 15 91 9 1106 7 1110 19 917 4 1366 4 1399 43 597 24 1071 94 1323 47 217 58 1357 14 608 39 1101 6 203 84 1131 3 961
265 15 66 72 802 28 447 12 711 31 1167 9 1054 30 1240 51 356 40 369 10 1106 3 142 13 717 13 1260 3 613 7 271 10 1068
266 15 71 6 381 39 1426 5 334 9 928 61 1191 47 159 51 455 25 107 2 361 4 591 2 705 3 153 30 960 17 828 57 1363
267 15 104 113 1011 68 415 9 647 32 1426 48 370 24 547 4 809 7 502 25 614 30 1127 44 270 42 514 41 94 19 216 14 133
268 15 103 25 188 23 1404 38 886 21 1078 24 720 4 1081 24 515 107 449 19 981 26 726 68 873 10 1322 21 1067 7 1220 102 1321
269 15 77 4 946 23 1180 29 1163 1 501 73 63 12 677 14 114 70 141 9 1268 18 1281 8 873 72 1449 37 1283 14 566 1 1422
270 15 75 6 462 19 1169 6 1424 30 11 16 873 32 1240 54 272 74 405 34 625 27 550 5 471 19 316 1 132 39 368 15 1397
271 15 100 1 84 108 1296 47 186 24 1096 2 134 6 61 35 586 52 1390 67 308 25 557 9 685 38 1409 40 191 43 79 7 1129
272 15 47 9 369 13 1057 42 1196 13 91 32 1104 16 376 20 610 6 442 31 576 8 775 4 671 31 1051 8 947 3 1279 3 445
273 15 59 24 1168 2 1155 28 729 50 634 28 361 18 711 6 1235 28 196 10 481 1 1188 10 82 9 1340 2 259 47 420 35 759
274 15 104 16 911 8 38 9 541 51 641 123 1403 14 788 27 1259 39 875 43 794 37 316 5 367 15 403 74 402 32 107 28 841
275 15 59 2 1297 2 151 4 609 20 132 11 157 21 979 72 726 1 1046 19 358 3 1238 51 656 20 483 26 1282 26 1268 20 17
276 15 76 1 397 50 1239 51 233 53 164 9 1073 26 369 29 932 10 238 41 544 35 1232 43 1312 8 1203 11 630 4 920 13 461
277 15 86 71 1105 13 603 32 1371 18 1347 65 1244 39 407 32 568 4 476 15 1423 14 495 5 21 53 1345 15 1006 39 1380 18 933
278 15 70 74 1450 21 58 14 1227 6 1162 21 790 7 817 48 7 60 294 8 568 26 534 13 950 8 61 10 995 22 1462 12 727
279 15 78 38 861 10 829 6 1388 24 71 82 538 10 1059 5 493 13 1476 15 1177 32 1445 19 77 56 1124 5 1097 51 50 26 13
280 15 51 19 1407 27 158 13 498 12 503 18 428 36 543 14 1403 1 962 16 1239 5 111 2 189 43 1432 16 1061 26 844 8 455
281 15 56 10 463 50 1497 13 649 22 1355 39 483 10 644 3 1444 9 939 7 242 46 320 13 66 9 1109 3 570 10 347 39 80
282 15 65 1 778 39 1357 13 143 17 1428 3 778 45 116 21 1190 10 447 24 788 20 203 13 1241 45 391 10 988 51 552 16 1467
283 15 73 4 382 2 201 32 787 56 475 22 231 66 1038 26 1226 4 704 42 657 14 434 8 1041 1 740 20 337 18 131 51 787
284 15 67 16 1441 13 674 1 522 33 390 29 587 5 85 5 1444 7 1220 45 167 10 959 48 165 53 54 43 747 13 922 16 1450
285 15 83 15 768 47 34 27 75 89 642 17 357 28 613 4 247 22 1084 21 1193 5 1468 18 44 58 1268 33 951 31 1153 3 727
286 15 75 6 13 35 1102 39 1098 32 898 66 1301 6 625 31 299 16 573 26 1027 14 673 31 1290 24 788 18 31 2 637 33 1078
287 15 71 4 345 15 800 3 694 52 750 12 1019 1 123 47 864 7 847 37 338 35 912 1 19 69 959 7 686 17 1363 49 1100
288 15 61 26 1337 5 831 2 1290 4 584 9 178 46 6 3 312 52 1264 14 409 60 1269 4 553 12 1291 12 1122 43 290 15 585
289 15 65 48 113 38 1342 24 736 37 853 9 843 11 121 38 1265 8 1015 3 122 2 1421 23 278 14 28 29 418 15 469 27 773
290 15 54 13 576 49 1449 6 647 16 1095 4 405 11 23 22 659 1 1389 23 99 37 187 8 1437 41 346 19 1487 4 1016 20 1196
291 15 90 94 1083 25 570 16 625 27 873 48 1039 11 1362 40 625 51 869 62 928 2 446 23 765 1 704 43 510 1 1462 6 593
292 15 69 4 952 14 759 16 1274 20 1032 35 656 12 1311 37 196 4 767 8 671 12 1122 9 1369 7 505 20 1216 79 555 70 598
293 15 72 73 1358 59 1181 9 451 31 1352 8 659 10 263 25 249 22 785 1 438 24 665 1 1098 21 1288 39 1488 16 516 24 485
294 15 80 7 709 2 1350 10 63 10 412 21 76 56 905 67 50 21 248 33 1154 25 432 34 241 8 1365 9 406 24 190 77 623
295 15 63 19 823 33 315 8 219 9 1216 11 557 27 200 25 867 15 259 6 314 3 849 17 1126 9 1055 25 467 72 1459 40 963
296 15 76 46 1045 20 985 4 752 49 662 30 141 6 229 27 308 20 652 21 942 11 50 39 409 32 1123 9 87 6 658 64 898
297 15 86 12 857 5 648 77 448 5 1330 5 631 17 736 91 1375 79 900 2 1167 13 168 25 1346 7 333 33 576 54 1184 8 4
298 15 69 5 1116 39 209 18 182 82 395 15 1407 3 541 2 288 8 1054 32 970 27 660 43 544 6 677 37 1336 8 301 21 68
299 15 63 3 569 4 1063 1 1354 19 197 5 1060 11 1116 17 1152 15 7 7 636 14 1312 30 1115 105 33 4 276 36 728 46 1106
300 15 38 3 894 16 673 49 109 19 1304 11 491 12 1494 12 1127 10 1395 11 27 6 33 17 739 8 318 5 1250 11 1381 4 597
301 15 70 10 1385 62 1435 16 206 20 558 16 1009 39 1243 22 711 71 550 4 232 5 1078 31 1302 13 850 5 71 26 200 10 1459
302 15 87 1 640 7 1440 59 1420 12 1131 68 1324 28 879 44 762 40 501 3 1363 10 1185 21 978 38 1104 34 290 40 1102 30 483
303 15 86 11 976 25 984 23 1173 18 762 2 1340 66 50 23 307 17 43 41 626 1 1488 33 764 27 1275 85 281 43 792 16 624
304 15 84 8 574 49 664 23 1268 49 535 39 1363 6 647 28 260 4 721 59 957 49 24 5 1100 29 417 11 248 6 877 58 78
305 15 52 1 684 46 1341 9 619 16 688 55 933 22 618 38 91 2 298 8 554 7 1189 3 906 26 1387 5 1408 11 487 13 315
306 15 76 1 44 14 665 121 1315 6 115 22 1235 27 1391 9 867 9 1251 7 239 41 680 32 518 12 1277 20 20 18 1057 43 121
307 15 111 12 15 80 108 50 1470 52 472 56 425 68 542 45 488 6 777 110 1328 16 1082 28 1252 14 1321 9 154 10 1264 2 1392
308 15 65 15 216 80 761 24 1049 5 1198 15 1263 32 1352 7 206 22 1268 16 1228 14 1094 12 869 6 893 15 1422 28 708 38 392
309 15 85 55 1259 4 1275 3 451 43 1302 72 1116 26 975 5 1090 18 544 19 1015 16 98 47 1344 81 1238 29 830 6 601 3 1379
310 15 63 4 554 3 127 47 589 5 450 13 549 12 1081 7 1285 17 1201 37 1283 7 574 18 164 30 264 22 800 5 1090 89 213
311 15 42 17 130 7 981 17 132 35 1369 7 10 30 682 5 152 2 1265 44 923 2 1067 5 1242 16 874 11 1372 14 333 2 669
312 15 95 9 208 3 630 50 680 71 751 90 1033 76 1036 6 582 27 327 14 369 3 210 11 743 64 1291 17 1284 14 542 20 717
313 15 57 14 469 6 1035 1 430 1 442 36 1442 41 464 39 468 9 746 4 479 22 1147 26 622 11 1003 10 1432 19 1431 46 1336
314 15 74 79 1116 13 1367 22 637 11 693 33 1321 40 1240 48 289 4 257 16 253 37 87 24 764 7 1086 25 1116 10 221 4 1330
315 15 93 60 33 34 866 7 1170 52 1282 82 1204 8 1024 6 1277 34 1355 31 22 8 102 46 869 23 279 25 959 14 578 38 650
316 15 109 7 575 9 253 8 726 42 661 11 605 97 303 55 982 1 381 7 769 53 1192 66 1021 35 1338 19 568 78 369 59 424
317 15 54 26 1341 8 960 8 1249 31 1466 14 736 6 1448 31 223 9 1289 29 290 27 33 9 1343 10 1374 1 917 49 458 13 1428
318 15 75 13 742 58 85 67 634 15 1161 32 891 8 675 5 761 1 1290 2 1384 5 1120 59 1233 22 630 44 1173 34 727 13 528
319 15 91 24 452 16 237 33 16 38 365 2 100 22 28 9 511 60 839 25 1014 40 626 33 732 20 1264 5 748 3 906 128 981
320 15 60 14 1273 32 615 21 1332 24 850 6 793 21 369 18 846 28 188 22 24 33 86 23 1494 7 976 4 1131 3 224 46 1431
321 15 82 38 417 13 104 46 616 55 1404 65 164 7 675 42 1022 8 95 5 562 31 1481 33 655 3 1453 2 165 57 859 6 1258
322 15 69 19 473 43 341 8 180 7 1474 6 1002 13 1314 17 466 89 1087 1 1066 9 1270 35 238 5 456 18 1045 16 1067 63 176
323 15 54 12 922 24 410 4 1023 11 223 57 59 2 831 15 628 8 1433 6 1126 28 262 1 384 58 90 38 489 1 767 9 167
324 15 81 35 1196 32 856 1 1341 21 1441 13 81 25 1135 53 118 38 1263 48 1255 52 460 4 994 5 530 20 1074 10 1134 49 40
325 15 121 26 1229 17 1347 41 701 19 349 25 261 35 28 43 412 2 683 178 776 68 851 47 597 9 494 14 1333 43 979 39 1490
326 15 84 1 1185 140 464 34 758 32 1100 4 14 1 1280 9 1352 48 981 20 302 3 1057 28 814 84 787 6 805 11 773 1 231
327 15 77 4 77 9 360 14 386 3 1186 5 22 62 1318 58 495 53 1104 25 269 100 1445 7 769 27 1419 10 207 2 605 10 384
328 15 48 39 792 3 321 1 266 2 1145 17 1162 1 1466 15 435 30 496 20 94 25 798 15 445 18 172 20 738 25 450 10 1122
329 15 77 2 1476 11 1382 23 309 75 554 44 1151 25 689 10 241 22 52 17 1101 33 855 11 1136 44 577 54 865 14 1141 2 911
330 15 85 28 628 33 101 14 39 69 264 6 86 3 293 8 526 21 270 18 141 64 137 14 1250 66 394 32 286 29 1144 22 586
331 15 72 30 897 5 1387 27 671 19 515 28 710 43 984 92 348 19 289 21 165 12 426 6 532 22 839 4 729 33 86 3 1391
332 15 80 20 432 15 782 29 1333 33 1054 12 1247 12 427 26 393 41 631 42 1262 59 733 14 209 53 212 24 1270 3 204 21 1086
333 15 68 7 254 4 523 2 584 35 512 41 510 2 1480 27 455 31 260 25 577 14 979 9 46 25 405 16 1301 31 191 72 1225
334 15 65 54 87 3 102 16 715 16 331 7 139 4 852 33 1207 15 711 9 883 43 1197 16 390 16 217 39 1303 32 192 22 509
335 15 66 28 910 8 259 2 856 61 257 25 995 6 664 11 1071 33 1387 13 731 50 1348 10 1036 12 299 24 613 25 237 25 1342
336 15 103 31 1121 31 204 44 1243 56 1013 58 1273 21 445 1 1119 64 790 40 1218 17 878 60 136 21 1375 24 797 42 29 9 147
337 15 94 41 3 41 820 25 164 22 1171 12 1104 11 1273 58 768 83 749 55 813 28 1082 21 1481 9 473 2 1447 11 937 55 1155
338 15 91 29 632 29 757 15 628 8 854 140 1274 19 98 19 1451 26 1201 56 280 12 1473 53 986 21 992 8 445 6 1194 17 1280
339 15 53 8 576 25 1450 41 1374 24 416 3 793 11 79 36 1215 1 514 45 230 3 526 7 171 7 574 46 915 3 456 9 932
340 15 72 68 296 39 1034 6 1309 19 785 23 849 45 1355 44 45 5 548 2 1282 25 1366 7 412 11 1144 29 887 5 373 33 230
341 15 56 2 1177 125 420 45 645 3 630 4 38 3 872 22 1308 5 961 13 1227 9 700 29 471 6 1306 4 628 11 1125 2 1324
342 15 100 28 26 87 812 23 255 18 1349 37 289 40 216 20 826 31 74 17 1186 62 309 42 23 53 789 5 916 5 711 32 1169
343 15 79 16 854 7 827 48 350 16 285 5 1310 107 350 17 1423 40 473 24 864 47 804 3 77 15 930 31 969 10 80 10 1189
344 15 85 59 958 32 882 2 741 23 1271 34 638 48 1053 68 198 21 646 19 777 29 585 2 1142 25 799 10 140 26 1293 30 1472
345 15 97 113 239 7 196 41 337 57 809 57 1428 2 187 26 1048 57 609 7 348 2 301 37 1241 45 276 28 23 6 1142 1 1334
346 15 90 2 841 1 572 69 626 79 1352 46 1224 1 1040 18 738 2 827 12 727 55 1437 11 863 17 1177 3 123 54 252 82 958
347 15 89 63 118 4 852 16 455 50 121 3 921 74 447 96 576 21 406 15 888 2 1163 6 548 19 176 18 11 18 1374 40 1174
348 15 86 33 390 10 1318 70 207 10 1261 22 7 55 1368 44 1427 28 519 28 183 11 190 5 903 38 380 22 911 57 659 1 977
349 15 58 2 88 32 1076 11 617 6 972 57 935 30 23 12 1388 30 298 2 664 23 1433 6 755 18 583 25 120 21 1298 19 1393
350 15 65 9 675 23 337 43 92 16 717 23 823 35 780 25 1082 30 548 6 996 1 1413 49 603 19 809 14 1490 21 676 13 206
351 15 108 26 1068 2 103 23 1302 7 203 2 1189 37 75 30 491 9 384 36 1107 76 227 5 642 53 861 84 577 101 320 51 1111
352 15 105 43 182 35 116 46 629 20 883 12 286 64 853 13 610 56 260 58 483 16 1315 31 202 27 484 37 39 6 514 63 389
353 15 85 31 1400 23 242 23 432 22 809 25 44 53 95 19 560 16 1103 13 1138 78 850 6 86 44 725 29 1386 5 556 38 454
354 15 87 15 705 6 91 84 757 6 524 68 320 25 17 59 154 20 77 3 1229 3 1331 46 500 7 844 63 381 29 35 2 96
355 15 61 4 735 15 140 2 569 23 303 14 687 12 470 35 492 29 1222 11 966 15 506 37 282 15 574 7 1208 55 630 32 1393
356 15 106 26 1473 1 582 13 1479 26 1374 14 101 53 316 28 918 115 719 12 363 41 1023 73 290 15 679 68 83 41 1348 8 203
357 15 80 26 68 48 1403 24 943 15 468 8 1323 56 1168 40 388 40 380 48 638 8 505 18 328 20 489 7 365 6 406 36 1459
358 15 62 4 871 8 1361 11 1367 24 149 5 775 27 177 16 1136 41 853 8 1222 17 1336 25 909 32 1150 58 671 3 932 35 263
359 15 76 4 1034 1 1328 6 921 18 596 22 827 51 861 12 486 31 206 63 702 26 961 24 935 11 902 81 1066 23 925 8 1315
360 15 63 34 724 4 620 14 1362 16 718 15 333 15 1105 3 797 41 218 80 261 4 846 12 255 18 741 17 946 11 764 34 744
361 15 71 14 89 75 1174 3 378 43 807 30 595 18 1041 27 568 3 928 100 425 6 339 2 152 12 505 3 294 15 526 6 460
362 15 67 51 55 1 1239 1 918 14 175 17 842 5 1044 4 613 73 1473 30 1156 12 262 8 324 53 345 8 272 15 180 43 1095
363 15 61 3 1287 65 331 13 1400 56 1373 31 1480 15 729 1 54 6 1190 31 145 6 1477 23 1456 27 122 1 680 4 1345 26 284
364 15 66 27 405 4 825 20 633 2 388 6 722 23 36 48 1426 1 662 1 641 2 666 5 120 9 585 43 938 20 377 119 343
365 15 96 27 639 2 1480 66 1236 92 755 43 1098 18 933 62 414 13 1312 17 70 53 1176 12 1122 28 1496 35 218 13 1021 3 446
366 15 72 4 1454 9 82 42 1417 2 1204 3 1095 3 115 32 1102 3 1093 112 568 39 1268 16 1221 24 113 61 1450 3 839 8 777
367 15 51 5 845 22 243 3 976 2 4 32 531 9 166 1 117 15 520 32 93 18 1092 16 768 1 590 49 1380 7 1336 46 880
368 15 70 22 911 29 128 66 452 36 588 4 1304 6 1245 18 386 10 574 27 1156 16 20 15 1491 9 5 21 711 19 1408 54 1244
369 15 76 24 1176 27 303 8 102 25 1173 4 1144 67 803 44 479 4 421 8 583 4 1123 39 970 1 71 77 629 3 1331 47 857
370 15 47 11 805 13 681 30 715 33 726 14 503 3 1269 3 337 17 390 28 1326 22 1114 6 444 14 857 26 426 2 1462 17 120
371 15 110 10 1271 65 542 50 873 21 763 7 986 85 248 10 88 156 1388 12 1022 42 406 41 409 2 1075 26 554 6 228 21 648
372 15 119 31 694 50 1227 6 410 26 569 5 485 73 1488 51 585 6 821 45 1109 67 1406 64 788 20 304 63 691 73 1138 16 1446
373 15 68 13 1373 47 1092 7 702 36 660 13 1012 27 632 3 1003 5 69 56 616 64 304 9 300 24 637 4 851 32 945 1 1334
374 15 77 95 428 21 146 12 995 5 756 55 504 3 1391 13 1274 19 132 57 92 1 737 41 541 7 606 42 1342 12 720 2 1114
375 15 70 10 453 16 437 62 1473 19 924 42 933 59 1225 18 588 1 470 47 1282 8 775 32 897 3 599 4 530 13 1357 20 1193
376 15 88 55 260 4 1157 47 185 5 1256 21 60 12 297 36 708 15 1144 6 1460 105 454 10 1009 1 892 79 695 29 91 15 1164
377 15 58 4 1072 9 1165 50 455 37 561 11 42 15 740 33 1103 11 832 19 676 27 1483 9 1358 29 610 5 1062 22 87 12 659
378 15 89 4 963 25 1046 72 138 48 743 1 966 3 911 60 594 37 274 3 893 56 1003 9 271 12 1061 83 188 29 530 4 969
379 15 44 64 196 17 672 5 468 3 800 13 1118 19 166 9 1017 10 90 8 270 21 659 1 25 26 1015 11 1033 8 112 6 147
380 15 57 2 404 31 259 23 444 50 828 37 837 5 283 14 1239 10 154 3 13 28 1400 10 707 2 354 42 367 18 1367 13 435
381 15 76 16 145 34 507 48 1052 38 1261 24 524 5 1458 17 115 8 638 73 1390 35 1187 9 964 26 1303 6 745 34 811 10 223
382 15 58 7 613 48 32 31 291 6 1365 23 1076 27 796 1 50 9 927 31 1301 16 786 4 803 2 197 39 1058 15 1473 33 326
383 15 76 11 1061 48 402 51 841 35 786 1 649 101 1106 51 1470 4 1455 12 152 12 122 2 106 1 1258 29 1290 22 1236 4 1348
384 15 80 14 1394 16 417 21 889 17 1237 5 1066 10 826 44 388 59 1443 66 77 36 1052 19 49 6 1030 11 1305 18 1383 62 1326
385 15 65 6 314 2 1331 5 939 70 1034 90 925 13 1270 13 1265 26 1179 2 1335 4 1242 9 445 15 747 32 556 36 1352 5 641
386 15 63 12 1406 12 124 5 871 9 617 2 697 6 998 44 567 38 1060 2 1481 4 1006 57 1350 10 55 23 507 50 1047 42 1230
387 15 49 30 868 31 525 35 541 24 1065 14 17 14 1165 11 83 10 706 6 326 24 321 8 989 1 666 2 214 2 1465 33 1396
388 15 85 43 541 4 78 32 1367 31 282 19 233 27 415 26 52 18 436 6 1391 22 799 46 823 17 787 66 843 59 870 9 863
389 15 53 45 686 1 3 24 306 11 1065 1 1380 13 449 21 292 39 75 22 1103 5 1319 39 809 37 483 3 1388 4 1403 1 979
390 15 86 68 1376 60 1281 9 758 8 1328 24 1384 21 1283 41 920 26 558 7 37 53 556 28 1017 25 883 46 650 9 180 6 1334
391 15 99 29 572 58 154 49 1096 23 643 142 648 18 845 12 49 2 393 38 1085 5 891 50 1025 2 120 11 569 14 1024 45 469
392 15 82 37 300 92 987 5 798 34 527 5 1375 34 830 4 774 10 400 23 392 12 609 51 480 25 874 45 1360 4 1159 31 148
393 15 59 14 1205 24 108 26 799 9 1198 2 1011 20 1399 37 1073 41 145 1 36 14 499 5 563 44 211 58 1349 2 1295 2 1037
394 15 59 7 526 31 201 7 962 36 28 27 255 5 513 26 251 77 239 21 55 11 535 3 848 1 246 8 223 20 1100 18 287
395 15 68 14 348 7 582 5 85 11 593 2 694 28 317 23 49 6 504 11 1319 8 1023 8 1102 60 581 42 1497 43 147 75 1142
396 15 100 7 442 27 349 16 161 110 267 23 1478 3 365 79 297 11 1379 23 56 42 537 45 1378 35 1006 26 911 21 235 33 669
397 15 62 27 373 5 1139 19 770 47 436 34 1288 26 283 18 150 7 367 4 1227 4 272 20 1043 13 142 39 97 8 421 43 297
398 15 56 3 1479 19 10 33 461 37 950 20 646 39 444 8 171 9 1444 14 1453 16 696 16 761 5 824 22 1491 26 594 16 780
399 15 69 13 1443 13 1110 1 383 32 975 33 1064 37 546 48 841 7 149 17 963 10 1488 18 449 6 560 32 437 31 1065 50 191
400 15 67 6 1166 9 25 4 1209 30 343 16 1415 8 394 13 153 11 1007 39 84 30 880 130 147 23 768 8 460 6 595 3 467
401 15 122 138 827 30 772 17 941 25 1106 86 1282 25 364 11 280 87 958 26 1062 12 1393 48 1216 61 399 10 1245 34 1037 2 1416
402 15 76 51 1136 35 1464 72 382 2 621 6 435 23 1305 44 778 8 10 22 385 11 257 47 509 10 804 44 1129 3 607 4 107
403 15 68 2 20 23 622 1 842 15 1386 1 747 3 405 36 918 22 404 59 807 25 1421 74 1336 1 785 11 1004 23 185 44 1091
404 15 87 8 927 13 1359 93 1431 40 1115 23 1218 5 1397 6 1492 5 248 21 258 27 1027 45 1191 10 382 32 1207 99 1375 10 206
405 15 57 12 1182 1 1374 31 1268 38 1169 2 365 18 851 9 1076 42 110 25 638 17 938 22 322 19 1361 35 1307 6 522 8 206
406 15 76 24 243 4 978 34 345 15 844 44 1124 30 504 2 347 10 548 24 854 26 1171 23 101 23 1208 38 292 50 1437 37 446
407 15 87 36 1472 8 1054 11 727 21 597 39 1210 5 1440 91 1354 96 1380 33 628 22 1427 30 1386 6 1316 13 325 7 805 18 635
408 15 94 8 928 47 738 7 1120 17 1335 1 53 15 1084 61 315 27 1245 50 551 11 407 99 1254 49 116 27 478 39 691 16 739
409 15 44 15 167 20 41 3 650 10 1172 20 557 14 30 26 1227 16 639 3 444 33 282 6 444 10 593 3 830 33 926 9 1374
410 15 69 44 1466 9 629 41 1498 11 280 19 875 37 1308 46 1211 22 1410 3 536 37 1325 15 637 1 1052 25 977 24 1353 11 650
411 15 63 27 46 19 242 38 746 7 614 11 1029 11 905 25 1388 33 413 62 584 1 145 4 513 5 893 19 1363 16 523 38 461
412 15 79 13 1249 1 27 11 852 6 812 40 884 47 824 15 148 13 776 24 274 79 378 18 416 77 626 32 1175 12 58 7 838
413 15 81 65 1213 44 1299 62 1044 66 1038 2 458 10 1485 17 784 16 376 31 306 6 804 21 1358 16 1229 20 1235 3 977 28 600
414 15 85 12 464 12 440 22 1444 27 937 21 1220 39 867 2 950 25 902 10 953 108 498 7 650 21 1366 105 834 6 631 8 468
415 15 66 29 482 2 1394 19 1398 12 819 3 330 34 1188 4 249 3 733 9 1228 27 520 60 687 3 1269 22 779 58 1037 45 899
416 15 73 26 1338 46 337 71 988 48 268 50 28 19 200 13 216 18 51 17 1037 10 1096 7 1080 3 610 4 316 28 1236 9 637
417 15 50 1 1414 2 89 2 187 30 1465 13 871 35 428 6 411 11 1410 80 441 5 19 11 345 18 191 7 729 26 333 7 1193
418 15 89 32 750 4 477 7 1111 17 1169 28 1224 44 65 2 1263 62 148 22 1085 43 1442 61 361 6 1115 52 1465 2 794 63 282
419 15 75 23 727 8 798 17 961 17 948 21 888 22 917 21 712 19 1258 65 332 13 775 70 1054 24 121 16 787 10 1149 29 709
420 15 36 29 872 13 345 28 1406 9 551 7 1498 3 501 6 114 29 211 7 1377 12 1113 9 1180 7 239 23 1354 1 1051 1 765
421 15 64 22 195 13 521 2 864 30 460 27 1441 49 1399 23 736 5 203 7 699 39 796 6 1215 27 1495 18 757 12 1344 40 1057
422 15 77 25 38 44 225 11 1077 20 1065 16 1036 5 801 3 610 30 1167 84 529 12 1425 8 524 45 387 39 921 15 1044 29 1048
423 15 74 2 1240 44 158 24 175 38 1009 17 140 24 699 2 1183 14 120 18 662 56 1304 27 213 41 460 2 1495 39 1092 23 370
424 15 68 8 27 22 1013 66 1274 5 1459 42 701 4 1482 45 757 50 457 7 1099 7 1078 9 1441 33 567 2 656 34 590 7 380
425 15 65 32 43 5 885 3 1058 49 108 4 68 14 1126 10 932 3 763 7 277 62 111 31 180 42 908 13 1171 30 1039 20 102
426 15 70 31 609 22 902 25 1021 69 540 48 137 55 107 12 919 20 783 21 600 21 791 1 64 1 1412 6 197 14 451 8 199
427 15 67 19 121 15 87 6 1384 41 1128 18 672 39 652 19 511 21 928 46 1428 16 1465 6 1113 5 882 28 983 49 1206 7 974
428 15 113 14 1201 22 276 21 662 69 1138 85 215 26 776 26 184 101 982 11 589 34 231 6 1406 95 1086 15 1382 8 993 36 1399
429 15 63 1 785 46 821 30 1190 4 290 19 222 14 1196 14 949 7 530 32 1491 8 1162 40 1381 27 134 41 589 14 1045 21 1100
430 15 52 40 475 11 1117 3 539 2 1088 18 291 9 183 19 700 30 67 49 1273 20 489 7 169 6 909 18 657 18 1080 14 284
431 15 89 23 1130 92 120 27 518 1 700 68 165 15 868 38 1020 58 328 3 899 5 920 5 1017 60 818 30 1295 5 1047 17 1326
432 15 82 48 222 16 403 10 11 3 1316 7 22 66 578 5 1123 69 586 40 261 42 883 5 692 19 909 39 615 29 397 13 1457
433 15 89 28 329 28 1470 87 140 18 1376 10 1270 6 136 34 612 4 312 2 1472 42 746 65 1333 29 1358 29 271 53 950 13 1129
434 15 104 45 912 23 1149 58 1016 13 228 41 72 76 324 50 964 11 340 24 232 43 344 43 1443 15 930 21 564 36 932 23 32
435 15 51 12 376 18 1378 31 1281 33 56 6 940 3 1026 3 1170 3 915 16 953 29 547 3 373 4 193 49 1431 10 618 39 1146
436 15 88 16 1428 54 275 9 607 3 1182 44 1233 20 1411 71 513 32 7 11 1081 75 750 47 1252 3 710 18 800 37 129 1 1175
437 15 79 17 1432 2 522 100 675 11 499 19 500 6 376 1 483 4 468 46 433 19 1388 2 521 20 916 40 71 33 102 76 969
438 15 68 18 1442 3 649 28 25 27 135 21 1284 20 323 40 1390 8 521 7 395 26 634 3 1229 24 3 44 159 53 6 22 1149
439 15 57 13 595 63 1324 29 171 1 778 19 898 42 1233 10 995 3 67 30 786 9 361 22 1063 5 522 8 617 25 653 7 193
440 15 59 2 1376 4 1035 30 248 20 1280 9 451 36 583 24 33 2 595 43 670 6 508 34 911 45 1371 27 677 1 1190 15 754
441 15 74 10 892 8 503 33 470 1 1000 28 480 41 1372 9 1031 2 1129 50 72 32 224 11 1031 59 419 46 1141 10 166 33 295
442 15 96 4 207 60 865 4 1042 8 1402 35 733 37 235 5 826 55 933 17 716 7 821 20 263 107 835 54 734 10 376 60 1029
443 15 78 44 66 1 896 53 1455 5 101 22 617 6 893 19 513 1 1355 14 1047 106 671 21 1176 7 1240 57 929 17 735 20 446
444 15 69 4 359 31 176 35 1069 14 1497 15 1398 3 1461 23 1092 46 222 68 1457 14 536 5 839 42 1119 2 1332 36 587 9 1283
445 15 85 5 30 8 802 41 1369 8 74 24 1185 50 207 25 481 59 373 28 16 46 1233 11 176 21 206 44 1070 26 304 32 1136
446 15 83 5 848 91 833 24 393 3 1101 21 874 23 678 23 143 17 1293 27 1197 64 1053 21 37 37 1048 29 1051 1 1484 32 701
447 15 86 1 723 3 357 63 1343 5 294 17 627 58 95 55 314 10 438 15 1352 51 398 20 970 16 817 44 976 10 985 62 449
448 15 75 35 1176 25 830 21 596 9 163 8 696 20 698 2 948 28 163 6 1152 10 291 27 1172 29 180 89 564 63 452 3 1185
449 15 86 1 878 38 1013 24 741 93 1052 20 263 25 538 6 423 5 1405 54 1476 26 1366 7 285 22 282 16 118 82 1467 13 3
450 15 99 62 1121 12 652 7 531 12 613 17 1173 31 202 22 918 8 906 31 1220 22 269 48 1434 109 431 49 227 56 927 13 492
451 15 58 8 187 4 635 6 336 25 1186 3 1356 12 57 3 873 72 694 13 345 12 1314 42 871 14 222 9 1205 61 9 10 912
452 15 68 35 384 25 1354 39 1178 23 984 7 711 25 763 5 1271 39 347 17 1293 11 1433 30 1043 12 215 16 874 54 229 4 579
453 15 74 84 443 33 326 10 477 8 294 9 702 6 976 44 868 80 910 5 784 9 736 1 1105 16 830 14 1183 39 803 14 1364
454 15 69 2 1105 34 1307 1 323 14 1118 3 706 24 475 8 574 53 548 6 49 21 38 71 271 25 688 47 1002 4 1066 33 1058
455 15 58 32 673 16 1415 2 425 1 855 13 694 8 646 41 1192 51 1148 30 1339 5 1058 41 723 2 314 2 427 21 1169 28 612
456 15 89 29 320 18 687 25 411 17 1214 31 405 32 660 50 812 44 1194 13 560 2 290 38 390 90 637 24 338 7 1335 25 76
457 15 84 21 963 12 118 42 415 1 67 15 155 12 521 68 416 88 436 51 1107 18 704 8 376 29 325 21 28 1 60 37 789
458 15 81 52 540 49 137 2 800 27 330 5 116 8 120 11 957 52 512 7 119 6 207 26 1476 50 350 27 1466 53 199 33 11
459 15 51 12 1202 4 844 34 671 20 190 6 573 22 1443 8 1187 1 1006 38 603 32 1021 39 765 2 894 13 1123 17 220 8 1332
460 15 59 29 634 25 417 12 525 27 1370 13 453 5 480 12 135 17 577 25 759 52 1013 4 680 30 696 3 468 43 1193 2 1390
461 15 85 37 1006 12 1223 67 496 1 638 52 880 14 469 21 1412 4 173 71 197 18 1431 14 848 17 1438 19 531 30 729 52 564
462 15 59 13 868 8 363 1 980 13 731 8 1467 48 891 8 1415 28 81 9 1130 5 636 12 1194 85 16 3 1278 23 455 35 184
463 15 80 11 168 41 145 82 841 24 927 27 1163 10 974 58 97 4 1319 8 542 70 1386 8 419 10 921 9 119 26 10 13 1373
464 15 59 1 636 14 719 47 415 43 751 7 649 28 323 12 645 36 867 8 534 2 238 46 711 10 275 15 1083 1 1274 25 671
465 15 100 77 611 12 1340 82 1367 1 577 67 182 6 985 20 80 93 1146 11 274 1 125 2 1331 23 855 1 457 80 994 27 966
466 15 66 17 74 4 1317 62 705 14 1055 4 961 22 1406 34 1308 12 578 1 1402 12 1028 42 456 39 419 58 1188 7 435 2 567
467 15 89 6 106 27 477 2 749 22 185 7 805 4 582 8 867 2 991 62 808 59 1356 97 685 52 328 48 321 14 705 36 1320
468 15 78 5 1151 12 692 46 741 26 1037 10 1353 11 4 13 1269 28 977 21 972 11 763 30 764 73 508 83 1453 19 60 2 256
469 15 59 1 168 26 934 6 1430 4 1412 24 1447 4 841 22 1406 17 1258 17 316 39 1297 39 104 63 1369 4 219 27 371 4 811
470 15 60 19 1231 49 644 11 345 8 504 24 704 45 282 6 917 2 798 2 818 2 38 10 1204 10 178 36 1464 32 1081 47 1110
471 15 66 79 154 7 304 36 1380 4 604 13 198 2 1244 17 19 7 837 53 387 16 867 12 1150 2 139 50 665 18 843 17 1183
472 15 72 13 1120 5 1097 23 1053 42 578 51 698 37 1048 2 1143 46 884 8 103 26 559 28 508 4 1429 2 1131 9 1176 67 203
473 15 63 16 905 34 794 12 1376 12 1123 2 132 73 43 7 377 4 223 8 416 51 278 21 258 29 990 7 831 18 1158 25 861
474 15 93 41 1347 28 206 3 890 10 427 30 473 41 201 11 1009 39 312 62 1193 2 1078 38 797 38 1313 2 1147 83 236 39 182
475 15 78 57 491 8 1307 43 687 5 722 57 400 13 333 4 488 3 774 16 102 61 792 1 95 66 1110 2 811 23 339 31 854
476 15 54 3 351 7 1414 8 889 8 1112 2 877 23 1004 46 16 19 533 9 553 29 709 7 627 56 1247 15 49 29 203 9 169
477 15 80 61 515 17 1036 25 965 40 264 39 1125 3 1488 10 1382 86 65 15 901 50 662 2 807 4 59 11 1374 5 869 32 1233
478 15 70 89 726 21 324 12 67 4 1343 29 1011 32 557 26 688 2 1073 26 1057 5 90 12 1371 52 1011 16 555 19 86 5 791
479 15 101 2 1125 45 853 96 1264 34 294 9 1094 20 1226 21 956 95 1307 31 1201 19 1292 8 413 64 1135 35 283 24 415 2 647
480 15 47 20 808 4 928 2 1311 3 853 53 1453 14 857 1 965 22 110 45 481 14 765 3 1191 47 591 1 809 8 825 2 809
481 15 56 2 531 21 360 38 1380 2 163 1 119 20 1294 25 902 17 660 57 35 7 241 6 216 7 814 50 1169 17 968 14 1378
482 15 42 5 1352 13 602 2 1468 5 596 3 393 15 744 27 1486 9 1398 2 101 7 1025 4 1224 7 65 48 54 3 1488 64 450
483 15 87 47 887 83 454 12 1384 13 421 37 1393 6 597 1 576 30 312 39 884 9 1040 6 734 70 324 77 134 6 820 3 388
484 15 77 48 1083 4 1282 19 1051 1 734 14 113 17 935 65 893 66 1496 36 722 1 461 42 1222 21 1284 3 1459 5 182 45 970
485 15 106 21 615 70 684 76 930 27 498 10 1037 75 1284 3 181 40 101 19 413 71 840 3 399 36 925 40 729 25 461 14 1269
486 15 109 9 1133 9 142 31 209 69 1209 4 126 56 1290 77 47 92 958 52 1463 19 1305 7 762 40 121 68 1090 12 259 3 758
487 15 83 6 1054 35 206 27 1156 19 344 71 627 31 806 38 614 23 757 11 1372 41 672 3 748 7 1349 3 1156 84 506 20 147
488 15 66 9 1142 10 1426 2 805 83 498 2 280 38 822 2 124 48 284 31 504 10 168 6 1025 3 350 25 442 35 1157 30 254
489 15 66 1 457 13 407 2 1229 3 493 2 795 10 1227 18 1286 24 693 7 201 22 497 23 1110 120 397 51 344 21 988 13 953
490 15 53 6 1456 6 801 30 571 8 845 11 1336 5 1201 15 940 11 628 7 718 44 1063 10 1147 1 438 79 172 10 61 23 717
491 15 78 10 1319 8 1475 22 585 69 1437 4 291 18 587 52 1337 46 34 36 1328 3 1473 37 967 44 780 17 1186 23 1250 2 1200
492 15 90 22 30 17 577 7 907 30 1148 33 1466 10 19 30 762 35 216 1 1448 102 1169 34 1305 65 1032 10 1171 53 620 5 903
493 15 74 1 489 37 1451 6 816 41 1261 38 1075 83 733 14 345 13 1486 13 562 1 306 25 822 6 240 30 973 43 277 19 1037
494 15 69 47 1296 24 1448 6 1119 54 1384 10 1207 25 594 44 403 5 284 5 366 20 1324 3 1046 5 1187 37 43 24 455 37 896
495 15 63 30 1171 15 1103 17 214 64 97 23 99 10 1482 24 488 15 1318 22 1426 2 442 14 74 43 748 3 1189 26 1227 7 702
496 15 64 25 367 3 1351 36 1453 33 117 19 487 87 1471 3 1085 25 1007 16 1391 7 480 9 1362 29 1047 11 1324 12 1155 8 841
497 15 95 21 759 57 418 5 22 21 64 25 1141 17 843 40 1497 16 1006 103 1079 13 937 15 146 8 1327 9 972 74 139 54 634
498 15 81 8 1491 16 729 16 1213 17 781 16 267 17 441 12 953 15 1426 80 1343 22 1212 84 271 28 866 1 97 47 1377 26 60
499 15 60 13 991 12 979 1 1212 40 520 26 1321 61 6 15 698 14 291 12 200 27 1059 1 426 30 374 6 1295 9 1282 35 1000
500 15 67 21 707 21 789 11 968 7 639 23 992 13 61 33 638 35 14 22 1153 36 870 20 435 9 1123 46 525 29 235 9 1030
