1 25 145 58 892 50 388 7 44 52 530 14 881 12 910 29 262 29 1299 7 962 46 868 21 1485 7 1488 17 1165 18 1363 23 15 6 675 64 185 54 720 103 1392 3 475 21 213 56 87 8 588 12 990 12 180
2 25 108 12 229 37 1438 61 1126 7 1131 21 112 27 345 29 836 46 371 9 629 16 1347 2 355 10 1448 68 1228 10 979 10 177 3 551 18 1103 21 251 11 553 10 827 9 1255 7 546 44 1148 6 685 50 1272
3 25 105 31 524 45 1017 15 79 11 532 24 754 4 1396 64 1464 10 633 3 1014 1 7 25 1174 7 252 10 1490 1 472 29 814 62 689 10 1377 26 540 16 553 79 906 2 245 9 1464 13 233 19 944 12 62
4 25 140 40 61 19 629 25 829 83 821 6 1199 6 1209 1 1441 68 553 20 931 18 1261 19 35 42 645 31 33 3 313 9 1259 82 517 4 1140 12 1052 37 88 6 111 13 980 49 1064 15 711 22 158 70 846
5 25 99 56 303 35 1460 5 580 5 168 38 767 15 510 2 1242 25 670 57 1266 19 205 2 1072 34 1127 3 781 6 433 6 1169 8 1034 17 347 16 1485 28 804 13 272 7 1291 20 41 36 566 43 206 2 1350
6 25 149 9 442 13 268 12 472 61 1134 38 661 38 1274 31 1142 110 1077 7 75 78 1457 35 569 29 956 8 1468 12 278 20 201 30 894 29 1061 2 942 22 1214 15 34 21 1408 83 598 14 933 13 120 15 125
7 25 156 13 707 3 427 63 1499 5 616 9 1230 5 1394 61 1070 25 1405 52 692 49 1120 43 1203 48 849 36 1442 10 662 22 1048 22 6 19 485 9 591 28 410 87 1097 31 916 36 1411 61 920 26 483 18 1198
8 25 146 1 618 25 1149 4 112 9 381 16 285 8 376 1 800 23 754 19 345 73 1380 39 1354 27 549 26 919 44 102 30 99 44 836 15 77 11 547 21 129 48 314 46 786 25 447 51 1023 34 1299 94 104
9 25 129 43 795 21 696 1 1257 21 1294 9 759 5 984 34 1180 27 849 9 618 10 490 4 625 8 219 9 798 55 68 16 219 61 809 48 1201 13 177 72 1447 58 457 16 1016 7 926 44 302 23 1081 31 914
10 25 115 9 433 12 95 24 1248 27 903 25 918 13 1058 13 1224 41 1262 73 1132 5 443 2 901 33 630 11 241 13 178 16 1359 3 85 11 544 45 482 88 1406 17 303 10 944 50 1462 21 702 13 67 3 181
11 25 150 3 1162 10 496 16 569 2 792 160 170 1 1489 76 799 40 216 65 770 7 332 13 622 26 30 32 244 28 251 40 1054 66 1498 8 1089 18 950 9 139 24 897 35 938 23 241 16 847 17 1461 17 476
12 25 128 61 304 5 749 16 548 22 920 18 929 17 718 55 340 16 578 33 306 16 983 38 801 10 1268 12 279 4 1249 58 950 12 385 1 833 17 1117 22 521 3 514 108 1343 51 21 19 266 18 736 8 732
13 25 119 7 1109 15 559 11 623 31 1142 74 1465 32 609 10 1146 21 1332 46 19 36 782 61 698 43 569 7 203 24 633 5 1478 22 341 14 17 3 1072 25 1299 14 1068 1 226 18 1297 30 538 10 615 39 776
14 25 128 6 1378 11 348 55 548 34 254 46 668 1 509 48 1256 5 344 19 618 11 371 42 676 19 1465 4 1196 1 418 17 790 4 1259 31 299 110 148 33 910 24 100 8 913 5 143 9 1117 68 738 30 1233
15 25 127 20 1333 44 417 60 1282 28 1070 25 1236 47 509 21 871 21 315 10 60 47 1293 13 911 31 566 25 556 5 685 28 1287 12 106 2 343 11 545 5 1402 60 576 41 1143 22 626 4 1124 24 944 31 738
16 25 170 33 1109 5 1369 5 1279 15 447 58 379 53 386 12 924 13 1423 10 80 10 1241 30 173 42 1279 55 1374 10 659 7 319 19 157 139 258 15 1043 53 1012 64 62 32 96 6 98 95 364 40 266 33 1036
17 25 173 16 768 9 463 7 365 6 995 4 1390 11 991 37 324 13 1114 2 280 31 1260 116 618 26 714 111 1180 57 1444 58 1009 28 418 41 775 63 204 4 633 3 1224 1 35 27 1159 82 936 5 1059 108 595
18 25 173 2 753 11 1070 6 42 8 1190 28 408 46 288 62 638 67 41 2 322 40 207 59 1472 78 1242 17 554 14 1497 37 478 72 936 20 258 28 153 24 1056 96 919 2 1123 8 790 55 1328 12 1185 71 1107
19 25 200 44 564 36 798 61 111 72 1373 84 1394 4 1310 66 1245 21 1099 3 286 49 1409 19 736 62 896 5 638 33 940 6 671 2 563 38 871 42 470 95 361 19 347 67 1296 9 864 118 255 4 561 45 846
20 25 159 16 1213 5 710 14 1271 7 429 109 751 2 40 8 932 13 1420 52 1198 7 501 18 1085 69 465 6 361 40 122 40 997 8 1448 9 1232 92 62 23 693 45 859 70 1009 86 711 40 1295 11 28 6 1107
21 25 99 23 567 10 154 57 851 5 656 25 612 15 331 53 1298 11 928 30 36 11 332 7 1101 12 1227 3 599 22 391 7 612 52 88 22 464 6 356 12 329 1 844 20 853 5 857 5 1328 62 764 21 874
22 25 127 70 143 6 1159 36 920 44 37 5 1298 9 801 4 233 3 994 23 702 2 1059 81 1469 25 313 34 356 37 169 35 859 59 1184 2 1448 14 1001 29 107 21 815 56 159 9 300 13 798 9 375 12 249
23 25 152 9 1027 52 1207 10 1485 30 516 8 386 1 170 54 1241 7 1433 62 124 23 618 10 447 72 722 121 1220 1 149 9 703 31 430 11 1367 137 803 11 1353 19 296 11 6 33 1075 5 1217 22 162 12 322
24 25 99 11 798 15 962 3 1032 1 1471 9 1181 13 1240 3 336 67 917 45 893 33 833 1 218 44 492 4 771 14 1413 3 447 13 918 17 378 1 1369 5 62 26 837 2 1399 17 433 10 1446 136 42 5 436
25 25 100 7 460 20 126 36 1496 34 792 6 915 51 1077 6 48 15 1382 17 362 15 1057 3 739 14 878 23 1162 67 647 61 678 10 32 10 510 19 928 8 1258 7 544 30 952 19 990 6 52 12 878 7 524
26 25 148 28 1021 21 358 28 1412 62 797 1 62 2 396 22 190 17 567 91 812 32 901 6 27 17 381 17 59 5 1000 54 818 87 335 45 100 8 83 14 471 16 939 55 1067 43 810 41 1307 17 1379 13 646
27 25 104 1 265 4 585 12 436 2 1090 7 569 10 62 23 1256 28 220 2 1057 8 1042 71 677 23 244 8 513 39 1046 2 709 58 1268 10 1287 31 139 14 1200 3 547 20 1471 81 764 26 1108 19 559 20 527
28 25 90 52 1211 17 1183 3 709 12 1324 20 680 12 1180 31 142 11 1305 4 1029 6 984 49 1456 20 1048 18 842 31 37 13 393 2 630 10 1169 33 539 1 1113 29 514 3 790 3 455 2 1059 17 30 54 382
29 25 111 26 439 26 1494 4 285 13 938 17 1147 9 1370 42 874 42 1425 7 1188 1 1175 14 663 26 1358 14 926 14 1280 7 1377 1 349 139 1233 3 372 11 1070 8 492 20 241 8 679 35 1083 57 928 13 826
30 25 100 38 607 17 49 38 1407 14 319 26 195 7 278 101 760 9 544 12 779 20 1046 23 346 6 212 9 1434 39 1139 5 1391 31 1025 4 631 2 216 9 1166 21 657 8 205 3 1087 51 1067 8 679 3 1014
31 25 128 22 971 2 411 67 603 5 1103 9 496 6 855 8 400 45 528 3 1386 67 458 6 356 25 771 68 1208 29 1294 9 859 45 635 15 214 43 506 24 341 30 1247 51 810 16 295 9 1387 21 1366 16 578
32 25 132 25 53 30 1352 10 303 22 1473 11 620 5 163 7 205 6 1434 4 549 14 739 3 466 41 349 50 311 20 864 40 727 28 1033 45 1303 44 65 20 339 9 1181 130 400 28 925 13 1313 27 375 32 742
33 25 106 4 451 8 1376 3 1202 12 715 1 1154 2 711 1 221 27 1014 20 243 47 397 32 1192 14 714 4 813 14 629 33 235 22 1242 82 1397 67 712 72 1160 10 989 10 283 9 943 17 280 12 1184 8 289
34 25 106 12 67 8 646 1 1446 3 718 48 547 32 656 61 311 26 988 19 677 61 329 25 271 6 1217 7 1413 11 991 8 669 3 938 1 381 66 1144 11 173 8 1281 15 62 20 863 6 1476 63 232 10 87
35 25 118 52 424 34 1291 31 836 24 187 9 774 18 1148 30 522 55 713 21 56 11 1195 12 611 46 948 44 727 1 801 26 888 5 135 16 1379 43 199 31 370 1 1167 5 1008 36 1155 28 403 2 730 11 781
36 25 126 20 937 19 730 78 847 8 1434 13 548 24 1475 5 855 9 1258 80 278 7 203 25 132 70 7 18 868 26 1065 7 581 23 1170 70 808 11 681 30 412 9 357 19 1396 45 1469 5 674 6 156 3 1188
37 25 158 10 1085 12 884 12 226 22 1427 17 1319 61 315 33 126 25 150 46 1120 75 1374 15 414 31 357 20 804 23 1124 2 652 46 1368 39 1037 10 1468 40 607 25 668 46 1324 9 1073 81 343 9 1096 85 1159
38 25 109 13 744 5 809 31 1096 2 1140 73 1058 11 679 3 142 29 179 13 2 21 1346 22 493 14 345 63 410 20 814 22 36 10 695 59 1142 31 480 35 529 16 871 8 173 20 1004 13 495 2 978 11 1265
39 25 129 9 392 8 1201 12 963 21 148 18 76 37 572 6 394 32 144 61 6 69 1054 30 841 28 408 6 978 40 1420 40 612 2 1296 26 912 45 722 34 989 6 1311 5 603 81 1497 5 610 19 348 5 224
40 25 133 7 312 40 1008 9 1365 3 632 11 1104 7 949 24 1498 47 1078 78 322 9 1422 8 153 26 197 120 1209 42 748 3 96 3 1249 1 507 72 554 48 1429 17 134 1 437 12 1100 2 123 50 1315 26 658
41 25 105 20 1020 20 717 15 1268 2 1245 53 1026 26 626 9 862 16 522 34 913 21 1100 15 1204 75 1419 2 896 12 350 90 618 7 277 6 852 10 442 23 1166 20 1252 18 903 14 49 9 1255 7 309 5 593
42 25 120 12 934 16 152 13 803 25 248 25 1315 59 377 20 1197 2 643 20 69 5 1486 38 86 8 156 22 1003 27 432 4 774 21 409 18 935 69 243 3 84 7 648 7 1113 51 934 41 1464 73 1473 15 760
43 25 125 11 624 1 1432 52 365 15 1219 74 1126 45 1364 9 1095 3 604 18 437 70 586 48 1058 13 142 4 557 5 327 50 839 31 520 7 1450 42 1282 22 896 14 656 16 81 9 18 23 828 41 1384 6 496
44 25 138 5 479 3 829 2 770 13 523 23 566 28 572 22 941 33 17 19 46 5 833 14 139 74 1000 19 935 5 457 5 1461 75 45 25 458 52 596 44 358 26 1195 2 1353 111 1143 8 408 56 1040 24 1068
45 25 193 43 794 19 290 39 440 22 598 13 326 8 1444 17 1451 148 1004 34 1376 23 347 30 628 8 278 72 984 35 1007 76 1398 78 784 48 255 30 245 34 206 27 265 25 606 4 724 32 870 69 1018 32 913
46 25 115 5 273 26 235 2 1141 54 1118 17 1042 24 39 46 254 1 397 7 25 28 178 20 1339 35 876 48 1287 29 211 5 1065 2 581 21 1096 22 945 5 1138 26 477 58 1361 37 897 40 21 1 867 16 1273
47 25 159 59 1257 58 1015 35 283 22 135 53 65 16 568 50 1031 16 1348 31 1289 4 677 19 1367 15 149 24 1090 4 967 56 1026 48 521 66 64 87 961 48 1299 13 26 22 1294 19 1319 18 198 8 1401 4 875
48 25 127 18 607 6 852 8 881 3 1320 56 560 6 1347 44 1405 29 1352 25 1274 20 51 19 1101 46 172 37 764 13 1224 84 1272 22 1340 51 472 13 1461 13 21 22 127 54 488 10 574 6 1229 28 1295 4 535
49 25 80 14 853 4 917 19 1395 4 594 23 1305 5 133 2 634 12 1097 23 989 10 898 11 1151 68 818 1 681 13 465 74 1459 3 1212 10 1429 7 222 37 1286 20 1228 13 975 22 1339 2 968 2 1415 5 286
50 25 98 27 1422 1 252 27 811 12 1325 20 552 4 579 3 605 21 286 2 1348 9 511 8 462 49 479 66 933 11 806 15 181 3 1247 2 1388 26 1402 23 686 55 999 11 284 2 267 28 602 47 304 20 625
51 25 165 25 61 4 1434 56 425 73 992 9 295 17 717 48 858 32 482 21 216 30 523 88 549 109 203 11 222 4 1085 5 176 3 153 20 784 34 883 12 446 43 713 37 1260 30 818 62 1485 22 243 32 316
52 25 175 21 272 11 1034 3 576 5 81 50 1017 2 726 9 1103 34 766 47 860 9 568 66 864 25 498 57 1138 43 1341 44 173 4 275 29 1051 74 636 58 1293 47 743 96 1206 17 1299 45 443 23 568 57 1324
53 25 186 69 665 114 913 94 1391 67 436 4 1217 35 1378 2 956 19 107 1 227 70 1320 41 982 41 666 19 953 49 1111 34 80 6 1496 34 1375 5 1374 63 1182 52 352 5 1418 15 152 13 29 80 355 1 1382
54 25 123 24 1036 10 743 23 517 56 1003 7 1084 19 928 26 59 53 805 32 793 3 1131 9 1218 26 211 6 580 16 288 32 890 6 942 33 242 60 1396 45 239 39 1322 4 834 44 1310 27 115 15 1050 4 1068
55 25 114 87 848 41 1036 3 1473 35 1043 14 667 15 892 10 1160 21 515 55 1048 13 669 26 186 9 476 4 402 58 292 5 1295 47 577 20 1054 6 581 19 75 26 49 11 1480 13 607 3 931 26 1017 7 65
56 25 123 16 1444 6 148 14 338 33 1427 10 1465 9 1446 111 321 20 372 6 708 57 1304 14 92 23 170 81 1345 8 354 57 285 16 403 38 82 11 578 8 2 19 95 26 746 4 323 3 1383 24 23 4 879
57 25 109 7 1257 13 694 54 401 9 796 3 1327 33 361 22 315 31 750 7 1473 30 1146 35 923 27 839 34 1334 34 299 6 1357 3 1468 41 1457 4 991 12 976 5 1500 41 221 4 926 9 928 56 987 28 215
58 25 126 56 1263 15 1110 56 545 3 1381 42 444 23 21 17 994 47 1105 2 878 52 281 19 595 43 792 47 954 8 969 2 441 4 1495 8 771 26 402 25 1204 11 1420 16 581 34 575 23 5 37 758 18 291
59 25 161 41 863 50 279 44 378 40 893 26 1073 9 39 50 1022 2 115 21 98 2 537 12 1400 13 943 46 1061 69 842 14 567 15 457 42 1468 20 158 65 956 62 516 28 191 33 58 47 735 20 1283 37 627
60 25 86 5 466 12 1167 17 1047 2 1149 44 1159 6 1102 2 405 1 802 52 1050 22 56 21 68 79 524 37 892 8 541 20 12 1 206 8 431 11 500 10 874 6 1026 17 1215 8 947 11 1180 14 1435 18 237
61 25 111 23 23 17 931 25 19 5 917 19 1102 31 553 51 293 38 51 4 1223 13 1072 26 1190 23 535 36 1498 15 874 7 1104 5 703 8 1221 12 1032 12 898 13 88 74 390 4 481 36 201 59 1295 3 984
62 25 128 16 21 1 1476 20 403 29 621 6 326 16 139 11 1414 7 815 5 585 24 315 27 904 37 184 48 1426 105 627 26 692 99 81 20 1174 24 1415 22 1437 24 1242 8 1182 4 982 44 276 11 1155 9 56
63 25 97 29 493 3 51 41 471 18 909 19 835 30 203 17 1183 7 250 26 1139 2 1131 7 932 15 557 20 731 3 28 11 1103 35 138 3 1319 21 71 17 189 24 502 72 1298 12 547 28 1491 24 977 4 692
64 25 144 34 317 29 888 13 455 32 1339 5 1270 9 340 47 1327 121 443 45 239 43 937 79 688 15 814 30 1427 12 296 32 223 31 420 8 1420 7 1198 3 1437 6 241 22 1052 16 20 16 1441 49 935 17 264
65 25 94 12 748 44 135 33 1305 5 1204 30 1392 1 789 30 915 8 336 11 102 3 136 25 1253 5 455 4 969 36 1375 17 358 1 1447 60 950 62 1274 1 655 13 772 14 1004 11 470 25 589 5 84 17 579
66 25 137 4 543 14 1435 19 1408 1 501 39 1207 2 1027 45 358 1 385 50 613 39 353 31 1322 11 847 12 595 2 566 60 1021 51 333 15 154 56 1279 62 41 44 182 19 650 8 337 16 1431 45 1120 41 693
67 25 130 21 649 3 470 10 1328 10 1231 45 161 48 731 31 920 4 1110 3 569 20 95 24 392 18 1157 74 1440 16 1335 54 346 13 516 41 283 85 283 30 452 33 1466 12 781 2 127 19 450 25 400 10 1134
68 25 187 49 1479 12 272 56 1054 55 1151 25 601 14 176 7 139 53 1360 4 932 32 644 91 617 11 689 64 183 7 1171 22 1228 90 1329 12 768 1 193 13 609 3 566 60 1211 85 719 60 991 85 543 24 62
69 25 109 10 783 40 857 8 628 8 1176 16 1325 11 260 2 956 48 57 26 574 40 1132 30 558 37 137 10 825 26 1311 1 607 27 888 66 1332 11 557 5 369 2 977 25 33 3 160 23 40 17 1428 53 48
70 25 96 1 540 20 286 8 1112 3 1406 36 831 13 990 24 1032 16 16 71 551 3 1413 53 571 14 415 2 1420 38 377 2 1487 5 703 6 457 5 1232 10 490 6 1050 88 1220 3 893 41 642 7 819 5 1233
71 25 110 1 73 4 297 3 1484 42 1254 28 953 4 643 8 513 9 662 70 512 8 28 2 657 13 663 20 1216 10 1415 27 360 44 40 27 1467 10 5 26 1173 84 945 64 625 6 918 10 1261 23 1167 8 456
72 25 89 17 1350 15 193 4 280 16 1068 11 1364 14 803 17 407 22 1499 9 1283 15 1062 16 823 16 394 85 1091 75 999 5 27 11 29 6 777 6 1417 3 1275 23 444 10 1471 32 766 16 35 3 364 1 1246
73 25 99 19 1013 76 174 20 1342 13 1339 8 1113 1 621 76 628 17 1256 10 393 2 1400 2 365 4 1325 4 1231 32 162 27 1163 52 290 11 1110 35 434 6 646 19 1445 8 345 11 1215 4 442 11 284 29 1229
74 25 120 26 1439 8 1291 4 940 51 625 5 746 14 1221 57 131 16 727 10 1372 7 1163 52 1403 11 1175 5 426 14 12 6 1321 98 550 16 747 17 1235 3 174 5 1451 13 333 49 626 7 1442 88 1319 22 668
75 25 124 42 237 3 81 24 802 42 963 1 23 56 1323 22 29 1 1308 27 54 12 873 3 1369 90 525 13 61 16 542 42 168 23 181 35 57 29 1307 13 1236 26 19 9 618 7 119 17 359 24 1496 46 473
76 25 127 46 1127 9 400 32 664 28 1124 33 854 11 482 117 1251 47 1468 7 527 8 1168 16 583 1 256 11 816 19 194 26 1461 23 1280 27 307 10 1345 26 279 3 174 21 641 37 36 5 1281 66 1089 9 620
77 25 101 7 608 26 439 124 497 49 750 30 422 8 895 2 1353 2 1223 31 1119 6 1159 1 706 16 579 5 1057 12 770 12 655 24 640 4 531 18 640 15 109 31 716 19 216 26 268 15 134 11 1107 11 898
78 25 139 23 839 46 881 34 100 32 1277 29 880 7 636 3 1067 39 1308 8 713 90 1089 35 820 22 1466 44 1387 28 209 11 1042 10 1461 3 1186 23 1232 23 16 63 929 35 810 28 200 19 1297 29 801 14 647
79 25 81 4 227 26 701 33 1224 18 937 2 190 9 882 3 1059 7 147 2 64 9 1082 7 981 6 1223 8 201 24 388 18 1017 43 605 9 35 1 629 34 127 26 349 34 1400 15 555 7 159 5 910 59 275
80 25 96 6 434 24 42 21 971 16 424 7 415 15 1044 9 1386 42 603 24 1189 38 1005 16 1417 50 768 14 1249 1 685 49 566 27 220 19 472 25 1422 29 774 15 998 5 1140 10 694 13 108 1 1082 4 204
81 25 128 18 513 23 1001 10 881 71 593 74 1473 9 543 30 728 21 1130 24 775 44 1137 44 1192 8 947 43 399 18 547 30 1265 32 512 16 587 21 955 4 14 54 1007 16 448 17 100 5 225 5 1171 3 835
82 25 138 16 501 2 56 38 511 7 672 16 547 14 1331 93 1224 50 1202 104 965 52 1138 23 1261 5 385 23 714 5 636 17 797 2 216 4 484 25 1395 28 530 20 455 11 263 55 1254 12 426 46 1428 25 923
83 25 154 100 119 20 1482 1 244 10 948 23 1193 88 129 4 1047 58 94 6 909 3 1320 74 205 38 341 14 1479 17 1028 11 511 32 288 83 1309 24 929 14 1247 91 274 23 535 26 1147 1 213 7 344 5 990
84 25 109 5 482 76 423 96 126 41 381 7 515 22 677 11 683 37 457 2 1437 12 485 14 1008 4 307 42 1248 1 1269 11 246 28 943 6 141 12 1125 4 444 19 756 3 1072 23 579 15 508 23 836 34 1500
85 25 158 91 1444 13 789 9 1198 30 821 29 406 1 161 20 1173 34 1107 28 1319 30 612 79 209 12 1374 18 1444 20 522 21 1219 16 1128 22 482 45 355 34 779 23 218 3 1233 87 888 23 1369 90 796 13 303
86 25 130 9 1008 12 1244 7 1070 37 512 46 278 39 157 19 823 25 1378 54 747 9 649 38 587 4 1238 62 699 46 632 2 973 1 1073 27 1424 18 346 19 555 11 1423 88 157 23 543 21 1336 33 28 4 1245
87 25 115 22 1416 5 1370 76 701 49 756 9 1013 41 1270 28 1126 30 733 1 861 2 449 11 578 43 72 21 77 15 1144 8 66 24 683 37 930 13 1142 9 507 26 1035 20 183 19 65 42 190 2 222 25 186
88 25 83 42 1262 15 1217 13 332 23 552 21 1034 42 1471 13 1065 15 1345 46 1496 19 966 16 1031 36 1074 1 67 3 52 18 185 4 1298 12 1466 3 187 4 69 1 1215 4 1268 30 806 25 992 9 829 2 305
89 25 147 37 778 14 227 23 759 8 378 4 486 17 1438 42 671 66 1301 41 543 9 198 34 1430 34 197 28 424 40 137 8 876 46 250 55 543 27 275 10 102 18 328 41 292 53 723 41 969 32 1142 8 1196
90 25 130 35 1266 1 475 37 1302 39 616 6 161 21 398 5 957 8 379 16 550 9 1378 35 1230 6 754 64 1412 41 544 13 350 56 1343 13 637 30 593 21 240 40 1284 12 29 1 1046 27 832 74 895 44 724
91 25 123 12 192 21 321 6 549 11 1496 2 383 26 787 2 106 36 808 5 997 12 608 27 1459 54 1117 4 901 27 686 16 336 37 10 32 647 31 327 8 895 6 774 36 1016 60 592 33 766 54 1251 61 708
92 25 104 2 104 8 1151 14 247 19 558 26 1393 5 600 67 46 10 907 6 878 7 1368 13 428 28 1434 22 762 9 1173 14 680 40 89 30 879 3 695 6 728 14 786 65 722 50 190 42 1030 11 1151 13 228
93 25 138 10 1115 43 321 6 202 2 1019 5 1290 58 1265 6 521 59 1480 27 66 23 837 53 486 28 17 3 459 3 1322 50 614 17 1152 57 1160 76 370 21 182 11 1061 46 472 26 215 2 982 51 554 11 1091
94 25 106 55 699 16 1264 37 393 12 242 9 261 17 790 38 1342 6 490 17 78 20 1041 22 752 30 1121 3 843 46 1452 17 298 37 1291 5 636 18 269 28 573 21 376 24 1005 2 1082 2 30 22 17 29 1139
95 25 99 17 1299 16 1073 6 637 12 256 2 1200 33 1003 38 1326 28 1023 40 1184 38 13 22 1439 25 1384 16 177 3 709 9 301 7 1374 31 412 42 1232 3 718 30 9 14 1399 24 223 10 717 28 28 2 946
96 25 144 28 581 28 121 9 108 126 55 68 550 13 632 8 870 17 902 29 17 3 1216 11 1142 9 588 24 123 9 734 57 768 25 56 1 977 39 1041 15 446 2 256 2 164 55 1121 17 1418 16 878 112 529
97 25 106 27 485 19 890 8 237 28 103 5 1052 8 1475 21 1053 36 729 19 659 12 1478 5 1141 2 209 24 932 12 253 3 28 28 873 5 906 20 862 36 163 10 431 40 1406 59 1165 69 315 5 1032 29 803
98 25 149 4 139 73 995 37 876 46 143 13 1298 38 261 49 1476 50 1322 15 410 12 1404 34 841 9 1389 14 751 7 1249 37 1048 14 837 36 760 15 917 3 366 8 465 21 13 66 1155 36 1430 83 591 27 1402
99 25 136 9 838 11 815 27 391 2 616 20 1114 23 1083 36 755 7 252 2 1122 9 429 37 1409 20 1102 20 635 3 843 99 1246 22 1292 12 292 174 764 26 562 62 755 2 1023 10 1212 27 138 20 845 3 513
100 25 169 38 1328 11 1260 44 97 70 812 15 126 1 793 2 463 65 548 41 1090 33 529 29 1483 45 182 4 754 54 1054 53 1028 16 558 66 1155 27 1036 18 1445 51 136 84 465 5 364 10 1213 64 1269 3 358
101 25 128 15 45 2 212 15 1178 33 496 21 990 37 488 29 94 11 791 24 1358 25 2 11 799 13 42 35 1408 7 675 9 1157 1 86 72 754 15 1017 12 408 61 1297 23 1384 27 408 69 258 9 183 67 1107
102 25 141 16 120 3 1149 6 271 77 1037 25 752 16 1096 6 81 18 522 44 1367 14 1054 22 751 2 751 49 1254 22 693 20 930 25 205 20 41 30 491 40 485 31 448 108 841 46 1300 32 1396 7 1465 30 1376
103 25 123 16 478 99 98 54 1323 28 867 31 651 33 1153 10 1369 17 561 62 524 69 220 4 69 25 1450 32 921 8 102 6 1127 3 882 48 1018 13 700 4 767 11 1378 11 120 16 690 2 1406 10 866 4 600
104 25 130 17 145 23 19 60 795 19 519 3 696 2 151 10 1373 11 510 9 1064 71 951 19 785 100 687 37 1369 3 937 9 688 12 130 13 1201 32 1078 5 915 6 290 30 440 33 1243 91 250 8 517 31 688
105 25 86 12 899 3 1272 6 639 25 274 48 234 23 474 4 341 69 1187 10 1174 5 983 38 336 18 948 17 1121 15 1286 13 1306 17 1187 12 1250 7 816 6 1063 19 1107 16 220 19 699 1 819 22 1414 5 1480
106 25 110 1 1135 10 696 43 35 17 425 1 1488 41 544 6 1042 84 100 29 558 14 1225 81 1421 4 899 17 1042 2 1123 1 1391 20 751 16 584 16 438 3 1378 19 1459 13 198 12 677 28 556 47 542 29 1407
107 25 124 37 1050 40 1486 37 561 26 99 30 645 20 567 14 993 16 196 25 1181 26 722 6 314 13 357 24 133 1 1377 16 572 89 108 6 612 26 1202 11 919 6 5 100 364 15 730 6 183 23 273 10 1480
108 25 126 63 1258 15 524 10 989 2 326 71 1454 50 1409 43 374 13 250 86 942 8 390 32 317 20 1384 18 1064 7 577 10 1489 65 1133 8 619 25 10 9 409 16 574 31 819 1 1060 10 202 3 1032 18 39
109 25 134 25 228 66 811 46 1338 14 620 7 1341 23 1410 18 1453 24 1194 51 942 43 83 27 402 13 159 33 502 5 1192 2 15 13 351 26 466 24 423 32 1077 36 1063 26 769 11 1004 56 273 47 1242 3 460
110 25 123 3 912 37 375 34 1108 27 152 81 1105 38 1098 55 28 2 403 19 459 24 518 10 86 18 1042 21 1223 13 994 31 1329 10 1346 10 860 85 442 28 674 7 1433 14 1430 5 362 22 1233 4 395 18 1030
111 25 117 1 88 25 1280 3 335 20 1212 63 567 4 349 6 907 3 222 15 762 29 227 6 595 42 457 89 1115 5 1066 21 1109 37 405 6 278 42 1190 1 263 2 1103 44 943 3 1034 24 377 93 1417 2 241
112 25 108 7 1245 18 1185 15 640 25 1443 15 422 32 500 3 1426 27 276 73 557 10 912 42 642 2 29 25 925 20 146 23 1125 3 289 32 1253 9 806 50 226 1 11 31 24 4 24 16 1344 43 565 15 335
113 25 76 3 502 23 1389 6 1257 1 1155 17 828 22 1094 4 407 12 917 19 302 40 534 15 789 22 1279 34 247 8 995 14 1258 8 15 11 1213 18 66 28 1414 20 1295 2 111 26 1265 15 968 5 806 10 704
114 25 123 7 1030 47 1383 15 404 6 102 43 1234 1 196 19 1376 24 1473 7 1360 11 1330 16 677 24 299 122 272 31 159 37 441 7 1320 2 1441 18 150 9 813 82 1423 18 1038 35 560 1 797 22 854 12 979
115 25 136 30 575 89 1194 22 1019 10 498 5 835 17 827 4 442 19 1195 85 557 56 130 9 364 78 1401 12 954 5 157 28 1231 20 1449 2 1377 4 1376 6 23 2 520 63 321 4 499 39 779 49 663 26 13
116 25 133 31 994 1 125 6 991 112 610 65 19 7 1322 49 522 13 581 5 1323 20 62 74 1066 13 1492 14 642 38 303 10 20 12 875 76 267 21 1276 3 711 16 391 37 613 2 315 1 774 26 1022 13 60
117 25 145 55 578 59 958 44 947 58 345 10 2 5 1101 7 27 60 282 7 1104 3 1374 64 927 15 230 14 389 44 1351 27 1226 56 1040 28 590 13 1267 10 1068 10 1040 7 656 103 1179 2 190 7 269 19 697
118 25 125 44 32 26 598 26 674 12 1373 5 964 26 575 12 258 7 1425 47 282 14 841 1 927 28 1017 14 187 91 1386 9 979 15 1135 1 1122 40 1007 46 1430 59 1271 2 1162 24 1453 4 862 65 222 7 1272
119 25 95 31 474 7 208 1 827 4 376 25 400 23 506 18 713 41 1386 2 748 57 555 95 1065 12 656 11 744 14 90 3 1034 30 1003 29 1427 6 585 12 1400 2 1395 14 94 3 1343 35 1020 1 1052 2 198
120 25 170 22 983 64 405 21 367 68 1172 7 632 30 1099 90 415 41 488 21 246 73 1028 29 1114 12 354 40 322 63 1391 9 1075 21 609 26 1334 14 665 8 285 39 59 42 1021 42 904 28 883 31 338 11 1203
121 25 107 30 31 41 451 14 994 13 916 36 602 37 105 11 213 11 1169 18 88 21 261 64 522 13 67 22 48 46 1059 8 1441 2 2 23 427 2 286 23 751 1 1247 12 305 2 80 64 197 15 995 10 1041
122 25 104 10 896 18 1447 21 662 50 133 29 175 24 871 8 174 1 331 13 297 109 1145 53 896 15 80 19 1393 38 1420 12 58 19 587 27 1078 13 193 1 1357 4 938 3 703 4 1062 13 938 15 1440 5 782
123 25 126 14 372 45 783 40 230 22 833 36 1233 39 559 7 128 35 1355 53 867 73 476 19 1028 3 731 17 674 16 1047 51 1187 36 184 15 676 12 954 11 245 1 810 12 1083 6 1033 14 1401 46 14 7 1458
124 25 119 10 798 31 400 55 491 42 1140 46 299 25 867 9 729 1 82 65 1377 48 1028 6 393 60 551 62 265 19 1281 7 1091 5 894 11 104 28 675 16 374 8 1449 3 155 27 555 3 494 5 815 7 880
125 25 139 37 414 14 1500 19 950 26 147 37 1334 30 610 38 1038 14 392 106 939 23 1223 11 1010 1 1483 27 323 2 474 14 1402 27 158 12 1067 24 581 22 1138 53 1046 104 1393 14 1028 17 1210 5 88 21 491
126 25 152 27 921 25 930 42 218 7 84 35 485 95 43 25 1063 24 1228 75 1472 114 893 19 1443 9 921 22 508 22 506 15 86 17 381 15 1016 39 1125 32 735 34 376 2 76 12 427 11 1176 19 399 27 1416
127 25 147 15 225 30 1260 37 1373 111 1392 8 705 62 641 35 986 33 901 10 565 21 1249 30 756 10 1286 26 1459 25 696 11 382 23 130 33 1141 44 1085 25 1159 39 606 8 647 9 315 17 369 71 838 3 415
128 25 134 13 734 6 128 125 424 24 1062 47 215 37 365 14 688 15 979 7 195 38 47 34 1350 6 850 42 842 20 80 9 879 80 232 4 268 32 1428 4 946 60 512 8 1243 18 629 11 782 12 1483 5 1379
129 25 120 35 1348 28 1169 40 1302 23 94 12 1198 17 1274 2 1317 40 1435 17 692 7 473 43 917 22 1344 13 860 1 271 22 640 34 1128 14 1380 57 870 20 880 27 1303 10 621 3 1064 69 252 7 942 41 1047
130 25 137 20 6 29 220 9 1031 76 1071 14 1263 14 102 68 460 8 1146 3 1211 78 1289 19 237 4 101 45 1177 6 1262 50 962 26 933 27 1125 24 451 2 1384 6 356 35 1352 27 1205 14 915 64 1478 19 454
131 25 97 7 1393 7 1019 6 196 55 567 21 3 6 265 9 687 8 875 25 326 9 45 8 172 13 56 1 232 24 1375 13 167 23 962 6 978 7 1244 8 744 3 92 17 434 107 616 53 535 21 206 29 637
132 25 86 4 1223 13 1223 31 465 5 259 31 399 5 893 25 1440 37 79 10 97 19 1164 14 1220 7 684 4 1207 49 281 2 270 29 1338 9 653 14 1265 10 649 6 1200 10 1181 34 1393 15 273 26 1016 23 142
133 25 110 39 715 4 1405 26 943 20 1277 3 1137 21 1183 2 1379 51 976 24 970 1 10 34 1285 14 969 8 1489 31 454 28 1157 28 1392 10 92 63 458 1 238 41 1336 42 102 1 1070 31 1150 19 934 11 65
134 25 123 21 424 68 865 12 1360 18 129 12 1359 4 252 3 252 56 305 4 1339 96 714 18 839 13 1463 36 1093 6 1286 26 1336 14 281 20 359 12 551 1 1282 42 37 32 375 15 249 6 746 35 1024 48 955
135 25 105 40 666 3 395 5 846 14 1037 8 1483 23 1020 4 423 99 760 19 1405 19 1208 13 24 45 825 77 1460 2 1390 61 22 12 179 3 1121 4 1287 1 702 26 1109 5 749 31 1346 2 260 6 109 5 1131
136 25 192 28 719 13 962 70 199 9 585 37 773 25 1461 27 521 46 327 2 162 39 134 21 962 17 567 50 1334 9 817 46 933 131 1394 14 980 81 1361 32 922 74 565 9 936 31 1072 97 37 38 1167 14 1280
137 25 117 12 1046 15 657 27 452 37 92 16 1342 8 229 7 1303 19 1113 14 1483 5 962 5 280 18 721 4 1034 7 1355 5 380 15 761 43 245 26 204 27 480 24 1465 1 848 74 753 12 1274 33 936 134 51
138 25 107 24 953 7 499 10 964 8 633 34 1477 25 236 3 901 8 1447 27 375 15 560 30 1166 27 800 9 1338 12 416 27 431 3 378 14 1265 12 492 10 1306 17 624 12 206 57 328 16 716 16 538 113 1216
139 25 117 37 971 31 1010 52 809 4 73 4 1112 6 703 31 1163 26 812 7 24 68 1269 35 1031 7 361 37 27 22 33 3 920 20 979 1 1163 69 547 35 151 15 141 1 1459 9 736 4 345 50 684 11 119
140 25 105 6 1423 2 629 3 1058 14 895 1 1028 1 694 6 982 4 1425 35 906 1 1089 33 1352 55 123 3 572 9 1281 50 1454 41 48 54 1375 7 671 2 734 64 628 10 555 18 1399 42 366 24 280 43 94
141 25 111 21 595 18 547 21 1194 29 899 40 1401 4 356 13 267 72 1312 35 1490 18 457 64 415 10 425 16 945 63 526 40 109 7 1083 9 122 5 533 9 494 1 355 15 615 28 337 3 498 15 1134 1 823
142 25 105 12 1219 22 1471 21 677 39 1411 26 267 9 248 29 386 20 225 5 964 9 318 8 860 22 1279 5 273 19 1015 26 816 22 1335 19 941 4 768 66 1493 14 242 52 1166 13 695 37 390 5 1132 23 942
143 25 137 23 431 3 1424 7 156 3 440 12 1225 2 210 29 421 33 1270 21 907 6 1051 35 90 16 1306 23 1402 31 1319 52 1500 32 967 6 253 49 715 61 723 65 628 2 561 54 519 33 1420 19 550 69 367
144 25 136 35 626 6 498 13 1363 7 1021 10 468 9 1169 64 595 11 908 18 831 24 242 70 941 6 580 28 1130 108 1495 23 557 7 606 4 1220 5 50 40 248 24 983 19 625 15 1351 95 4 32 31 10 338
145 25 118 62 956 1 1336 19 423 2 277 5 137 21 1424 7 996 45 769 49 171 5 941 44 387 67 693 3 403 9 519 27 1390 6 84 31 658 12 94 51 456 14 7 50 213 7 406 14 81 26 1086 15 883
146 25 123 10 677 45 232 53 514 9 720 61 71 1 832 21 289 7 184 39 959 12 1292 9 971 6 1239 3 231 56 612 3 1168 4 361 10 1237 6 1294 48 1420 69 7 72 915 23 153 2 422 8 505 42 1112
147 25 145 11 1456 2 930 39 1276 99 1106 21 189 34 102 15 420 13 1188 83 827 2 1193 4 1471 43 1120 36 977 50 865 6 308 52 1005 42 1309 1 231 9 871 1 683 41 1222 63 1217 26 218 26 1101 6 749
148 25 137 3 638 40 190 33 139 23 1255 25 468 35 1425 21 438 20 1204 25 421 53 292 41 1372 3 777 18 703 19 1127 9 1431 74 266 24 1307 23 1484 8 1376 36 1180 20 695 16 573 65 1130 20 221 34 1327
149 25 179 17 1105 1 512 75 1368 112 1221 5 430 15 1159 28 25 4 430 88 260 4 194 18 137 73 758 32 456 5 74 36 594 17 1461 79 271 24 78 4 266 56 29 4 914 18 1202 26 1257 16 180 140 756
150 25 122 30 117 15 424 27 1084 7 971 13 1261 62 1242 4 1434 29 1029 31 336 25 1282 16 239 6 1485 63 190 6 268 4 367 26 626 50 65 23 57 3 592 50 1000 38 823 12 439 33 1365 16 236 21 702
151 25 133 15 1090 15 663 35 740 109 267 8 1306 10 164 34 1074 35 82 26 429 28 1056 5 432 51 731 16 796 48 608 65 790 12 523 7 590 47 25 1 351 34 961 13 1011 1 76 28 1208 10 463 15 242
152 25 142 23 136 87 605 22 395 43 1199 7 237 5 364 35 1285 21 324 12 1208 9 373 5 620 4 941 18 578 29 1182 14 1175 50 1214 79 969 2 1424 3 620 20 308 4 739 43 1240 50 749 32 149 94 1115
153 25 133 11 150 71 1042 52 1162 17 978 13 1315 33 914 19 444 50 194 5 1205 2 1041 56 908 16 811 25 1448 11 565 28 202 22 770 43 99 12 403 59 924 6 1428 12 212 56 132 38 852 1 1407 7 562
154 25 126 11 605 72 1300 56 905 38 562 5 1404 16 876 42 1041 3 1473 67 269 5 128 19 134 2 1272 1 773 31 1042 24 1096 42 1206 32 952 41 1142 2 224 39 398 9 1123 14 1010 35 395 12 175 15 1044
155 25 135 55 129 6 741 80 730 32 13 23 693 13 220 65 209 52 621 60 1454 39 633 10 1126 21 414 9 1105 4 1178 3 1190 31 433 8 227 13 545 25 153 10 261 24 377 43 1431 1 1428 6 220 43 357
156 25 128 2 549 1 1158 16 843 64 450 56 921 10 16 6 973 29 252 26 1225 31 67 7 933 14 186 27 374 5 1336 48 1255 13 634 9 1089 53 1142 30 715 18 600 21 64 40 84 10 1297 84 568 20 88
157 25 154 32 198 13 511 30 1437 80 22 31 842 27 88 42 596 11 1075 15 1093 5 1227 28 10 1 66 18 179 3 1110 15 930 4 1054 27 948 94 1384 93 707 3 149 54 794 43 217 46 313 5 1285 52 1477
158 25 148 49 1148 20 1310 7 175 39 904 10 1354 9 65 6 351 49 172 9 1106 7 1110 19 917 4 1366 4 1399 43 597 24 1071 94 1323 47 217 58 1357 14 608 39 1101 6 203 84 1131 3 961 27 793 72 802
159 25 102 12 711 31 1167 9 1054 30 1240 51 356 40 369 10 1106 3 142 13 717 13 1260 3 613 7 271 10 1068 39 1426 5 334 9 928 61 1191 47 159 51 455 25 107 2 361 4 591 2 705 3 153 30 960
160 25 134 10 75 17 828 57 1363 68 415 9 647 32 1426 48 370 24 547 4 809 7 502 25 614 30 1127 44 270 42 514 41 94 19 216 14 133 24 447 25 188 23 1404 38 886 21 1078 24 720 4 1081 24 515
161 25 173 103 518 107 449 19 981 26 726 68 873 10 1322 21 1067 7 1220 102 1321 19 679 4 946 23 1180 29 1163 1 501 73 63 12 677 14 114 70 141 9 1268 18 1281 8 873 72 1449 37 1283 14 566 1 1422
162 25 144 6 462 19 1169 6 1424 30 11 16 873 32 1240 54 272 74 405 34 625 27 550 5 471 19 316 1 132 39 368 15 1397 1 80 1 84 108 1296 47 186 24 1096 2 134 6 61 35 586 52 1390 67 308
163 25 95 4 407 25 557 9 685 38 1409 40 191 43 79 7 1129 23 1385 9 369 13 1057 42 1196 13 91 32 1104 16 376 20 610 6 442 31 576 8 775 4 671 31 1051 8 947 3 1279 3 445 23 1213 24 1168
164 25 139 56 1057 2 1155 28 729 50 634 28 361 18 711 6 1235 28 196 10 481 1 1188 10 82 9 1340 2 259 47 420 35 759 36 682 16 911 8 38 9 541 51 641 123 1403 14 788 27 1259 39 875 43 794
165 25 124 5 367 15 403 74 402 32 107 28 841 2 151 4 609 20 132 11 157 21 979 72 726 1 1046 19 358 3 1238 51 656 20 483 26 1282 26 1268 20 17 7 847 1 397 50 1239 51 233 53 164 9 1073
166 25 141 29 932 10 238 41 544 35 1232 43 1312 8 1203 11 630 4 920 13 461 78 1347 71 1105 13 603 32 1371 18 1347 65 1244 39 407 32 568 4 476 15 1423 14 495 5 21 53 1345 15 1006 39 1380 18 933
167 25 113 74 1450 21 58 14 1227 6 1162 21 790 7 817 48 7 60 294 8 568 26 534 13 950 8 61 10 995 22 1462 12 727 10 829 6 1388 24 71 82 538 10 1059 5 493 13 1476 15 1177 32 1445 19 77
168 25 99 5 1097 51 50 26 13 13 570 19 1407 27 158 13 498 12 503 18 428 36 543 14 1403 1 962 16 1239 5 111 2 189 43 1432 16 1061 26 844 8 455 11 910 10 463 50 1497 13 649 22 1355 39 483
169 25 97 11 1453 10 644 3 1444 9 939 7 242 46 320 13 66 9 1109 3 570 10 347 39 80 39 1357 13 143 17 1428 3 778 45 116 21 1190 10 447 24 788 20 203 13 1241 45 391 10 988 51 552 16 1467
170 25 105 4 382 2 201 32 787 56 475 22 231 66 1038 26 1226 4 704 42 657 14 434 8 1041 1 740 20 337 18 131 51 787 5 1213 16 1441 13 674 1 522 33 390 29 587 5 85 5 1444 7 1220 45 167
171 25 142 16 1143 10 959 48 165 53 54 43 747 13 922 16 1450 47 34 27 75 89 642 17 357 28 613 4 247 22 1084 21 1193 5 1468 18 44 58 1268 33 951 31 1153 3 727 31 755 6 13 35 1102 39 1098
172 25 121 66 1301 6 625 31 299 16 573 26 1027 14 673 31 1290 24 788 18 31 2 637 33 1078 48 1371 4 345 15 800 3 694 52 750 12 1019 1 123 47 864 7 847 37 338 35 912 1 19 69 959 7 686
173 25 116 49 1100 2 1256 26 1337 5 831 2 1290 4 584 9 178 46 6 3 312 52 1264 14 409 60 1269 4 553 12 1291 12 1122 43 290 15 585 18 598 48 113 38 1342 24 736 37 853 9 843 11 121 38 1265
174 25 103 3 122 2 1421 23 278 14 28 29 418 15 469 27 773 26 1481 13 576 49 1449 6 647 16 1095 4 405 11 23 22 659 1 1389 23 99 37 187 8 1437 41 346 19 1487 4 1016 20 1196 9 112 94 1083
175 25 105 3 1204 25 570 16 625 27 873 48 1039 11 1362 40 625 51 869 62 928 2 446 23 765 1 704 43 510 1 1462 6 593 14 759 16 1274 20 1032 35 656 12 1311 37 196 4 767 8 671 12 1122 9 1369
176 25 135 20 1216 79 555 70 598 59 1181 9 451 31 1352 8 659 10 263 25 249 22 785 1 438 24 665 1 1098 21 1288 39 1488 16 516 24 485 2 1350 10 63 10 412 21 76 56 905 67 50 21 248 33 1154
177 25 117 34 241 8 1365 9 406 24 190 77 623 33 315 8 219 9 1216 11 557 27 200 25 867 15 259 6 314 3 849 17 1126 9 1055 25 467 72 1459 40 963 20 985 4 752 49 662 30 141 6 229 27 308
178 25 143 58 816 20 652 21 942 11 50 39 409 32 1123 9 87 6 658 64 898 26 909 12 857 5 648 77 448 5 1330 5 631 17 736 91 1375 79 900 2 1167 13 168 25 1346 7 333 33 576 54 1184 8 4
179 25 93 5 1116 39 209 18 182 82 395 15 1407 3 541 2 288 8 1054 32 970 27 660 43 544 6 677 37 1336 8 301 21 68 4 1063 1 1354 19 197 5 1060 11 1116 17 1152 15 7 7 636 14 1312 30 1115
180 25 113 35 951 105 33 4 276 36 728 46 1106 20 1026 3 894 16 673 49 109 19 1304 11 491 12 1494 12 1127 10 1395 11 27 6 33 17 739 8 318 5 1250 11 1381 4 597 37 177 10 1385 62 1435 16 206
181 25 130 16 1009 39 1243 22 711 71 550 4 232 5 1078 31 1302 13 850 5 71 26 200 10 1459 44 1138 1 640 7 1440 59 1420 12 1131 68 1324 28 879 44 762 40 501 3 1363 10 1185 21 978 38 1104 34 290
182 25 145 1 1224 40 1102 30 483 25 984 23 1173 18 762 2 1340 66 50 23 307 17 43 41 626 1 1488 33 764 27 1275 85 281 43 792 16 624 36 369 8 574 49 664 23 1268 49 535 39 1363 6 647 28 260
183 25 101 11 383 4 721 59 957 49 24 5 1100 29 417 11 248 6 877 58 78 15 338 1 684 46 1341 9 619 16 688 55 933 22 618 38 91 2 298 8 554 7 1189 3 906 26 1387 5 1408 11 487 13 315
184 25 178 1 44 14 665 121 1315 6 115 22 1235 27 1391 9 867 9 1251 7 239 41 680 32 518 12 1277 20 20 18 1057 43 121 80 108 50 1470 52 472 56 425 68 542 45 488 6 777 110 1328 16 1082 28 1252
185 25 121 43 681 14 1321 9 154 10 1264 2 1392 79 1168 15 216 80 761 24 1049 5 1198 15 1263 32 1352 7 206 22 1268 16 1228 14 1094 12 869 6 893 15 1422 28 708 38 392 4 1275 3 451 43 1302 72 1116
186 25 110 5 1090 18 544 19 1015 16 98 47 1344 81 1238 29 830 6 601 3 1379 3 127 47 589 5 450 13 549 12 1081 7 1285 17 1201 37 1283 7 574 18 164 30 264 22 800 5 1090 89 213 1 44 17 130
187 25 124 17 132 35 1369 7 10 30 682 5 152 2 1265 44 923 2 1067 5 1242 16 874 11 1372 14 333 2 669 3 630 50 680 71 751 90 1033 76 1036 6 582 27 327 14 369 3 210 11 743 64 1291 17 1284
188 25 113 20 717 2 273 14 469 6 1035 1 430 1 442 36 1442 41 464 39 468 9 746 4 479 22 1147 26 622 11 1003 10 1432 19 1431 46 1336 16 386 79 1116 13 1367 22 637 11 693 33 1321 40 1240 48 289
189 25 129 20 1221 4 257 16 253 37 87 24 764 7 1086 25 1116 10 221 4 1330 32 1266 60 33 34 866 7 1170 52 1282 82 1204 8 1024 6 1277 34 1355 31 22 8 102 46 869 23 279 25 959 14 578 38 650
190 25 147 7 575 9 253 8 726 42 661 11 605 97 303 55 982 1 381 7 769 53 1192 66 1021 35 1338 19 568 78 369 59 424 28 727 26 1341 8 960 8 1249 31 1466 14 736 6 1448 31 223 9 1289 29 290
191 25 125 71 1059 27 33 9 1343 10 1374 1 917 49 458 13 1428 58 85 67 634 15 1161 32 891 8 675 5 761 1 1290 2 1384 5 1120 59 1233 22 630 44 1173 34 727 13 528 10 428 24 452 16 237 33 16
192 25 132 15 673 38 365 2 100 22 28 9 511 60 839 25 1014 40 626 33 732 20 1264 5 748 3 906 128 981 20 362 14 1273 32 615 21 1332 24 850 6 793 21 369 18 846 28 188 22 24 33 86 23 1494
193 25 123 10 154 7 976 4 1131 3 224 46 1431 55 819 38 417 13 104 46 616 55 1404 65 164 7 675 42 1022 8 95 5 562 31 1481 33 655 3 1453 2 165 57 859 6 1258 9 1426 19 473 43 341 8 180
194 25 101 55 1456 7 1474 6 1002 13 1314 17 466 89 1087 1 1066 9 1270 35 238 5 456 18 1045 16 1067 63 176 5 151 12 922 24 410 4 1023 11 223 57 59 2 831 15 628 8 1433 6 1126 28 262 1 384
195 25 155 38 489 1 767 9 167 32 856 1 1341 21 1441 13 81 25 1135 53 118 38 1263 48 1255 52 460 4 994 5 530 20 1074 10 1134 49 40 17 1347 41 701 19 349 25 261 35 28 43 412 2 683 178 776
196 25 124 47 597 9 494 14 1333 43 979 39 1490 20 1113 1 1185 140 464 34 758 32 1100 4 14 1 1280 9 1352 48 981 20 302 3 1057 28 814 84 787 6 805 11 773 1 231 2 1229 4 77 9 360 14 386
197 25 110 23 1423 3 1186 5 22 62 1318 58 495 53 1104 25 269 100 1445 7 769 27 1419 10 207 2 605 10 384 3 321 1 266 2 1145 17 1162 1 1466 15 435 30 496 20 94 25 798 15 445 18 172 20 738
198 25 118 2 20 25 450 10 1122 11 1382 23 309 75 554 44 1151 25 689 10 241 22 52 17 1101 33 855 11 1136 44 577 54 865 14 1141 2 911 7 850 28 628 33 101 14 39 69 264 6 86 3 293 8 526
199 25 141 18 141 64 137 14 1250 66 394 32 286 29 1144 22 586 69 161 30 897 5 1387 27 671 19 515 28 710 43 984 92 348 19 289 21 165 12 426 6 532 22 839 4 729 33 86 3 1391 10 1459 20 432
200 25 128 29 1333 33 1054 12 1247 12 427 26 393 41 631 42 1262 59 733 14 209 53 212 24 1270 3 204 21 1086 74 892 7 254 4 523 2 584 35 512 41 510 2 1480 27 455 31 260 25 577 14 979 9 46
201 25 114 42 1042 25 405 16 1301 31 191 72 1225 3 102 16 715 16 331 7 139 4 852 33 1207 15 711 9 883 43 1197 16 390 16 217 39 1303 32 192 22 509 8 259 2 856 61 257 25 995 6 664 11 1071
202 25 151 12 864 33 1387 13 731 50 1348 10 1036 12 299 24 613 25 237 25 1342 31 204 44 1243 56 1013 58 1273 21 445 1 1119 64 790 40 1218 17 878 60 136 21 1375 24 797 42 29 9 147 41 820 25 164
203 25 162 15 855 22 1171 12 1104 11 1273 58 768 83 749 55 813 28 1082 21 1481 9 473 2 1447 11 937 55 1155 22 500 29 632 29 757 15 628 8 854 140 1274 19 98 19 1451 26 1201 56 280 12 1473 53 986
204 25 99 10 605 21 992 8 445 6 1194 17 1280 25 1450 41 1374 24 416 3 793 11 79 36 1215 1 514 45 230 3 526 7 171 7 574 46 915 3 456 9 932 39 1034 6 1309 19 785 23 849 45 1355 44 45
205 25 92 2 1282 25 1366 7 412 11 1144 29 887 5 373 33 230 34 1000 2 1177 125 420 45 645 3 630 4 38 3 872 22 1308 5 961 13 1227 9 700 29 471 6 1306 4 628 11 1125 2 1324 7 382 28 26
206 25 146 23 255 18 1349 37 289 40 216 20 826 31 74 17 1186 62 309 42 23 53 789 5 916 5 711 32 1169 19 841 16 854 7 827 48 350 16 285 5 1310 107 350 17 1423 40 473 24 864 47 804 3 77
207 25 147 31 969 10 80 10 1189 32 882 2 741 23 1271 34 638 48 1053 68 198 21 646 19 777 29 585 2 1142 25 799 10 140 26 1293 30 1472 13 351 113 239 7 196 41 337 57 809 57 1428 2 187 26 1048
208 25 135 7 439 57 609 7 348 2 301 37 1241 45 276 28 23 6 1142 1 1334 37 1041 2 841 1 572 69 626 79 1352 46 1224 1 1040 18 738 2 827 12 727 55 1437 11 863 17 1177 3 123 54 252 82 958
209 25 152 63 118 4 852 16 455 50 121 3 921 74 447 96 576 21 406 15 888 2 1163 6 548 19 176 18 11 18 1374 40 1174 19 578 33 390 10 1318 70 207 10 1261 22 7 55 1368 44 1427 28 519 28 183
210 25 123 17 135 11 190 5 903 38 380 22 911 57 659 1 977 104 967 2 88 32 1076 11 617 6 972 57 935 30 23 12 1388 30 298 2 664 23 1433 6 755 18 583 25 120 21 1298 19 1393 23 337 43 92
211 25 124 4 649 16 717 23 823 35 780 25 1082 30 548 6 996 1 1413 49 603 19 809 14 1490 21 676 13 206 2 103 23 1302 7 203 2 1189 37 75 30 491 9 384 36 1107 76 227 5 642 53 861 84 577
212 25 164 51 1111 9 1008 43 182 35 116 46 629 20 883 12 286 64 853 13 610 56 260 58 483 16 1315 31 202 27 484 37 39 6 514 63 389 39 986 31 1400 23 242 23 432 22 809 25 44 53 95 19 560
213 25 144 67 794 16 1103 13 1138 78 850 6 86 44 725 29 1386 5 556 38 454 6 91 84 757 6 524 68 320 25 17 59 154 20 77 3 1229 3 1331 46 500 7 844 63 381 29 35 2 96 3 811 4 735
214 25 149 2 569 23 303 14 687 12 470 35 492 29 1222 11 966 15 506 37 282 15 574 7 1208 55 630 32 1393 1 582 13 1479 26 1374 14 101 53 316 28 918 115 719 12 363 41 1023 73 290 15 679 68 83
215 25 107 8 203 13 948 26 68 48 1403 24 943 15 468 8 1323 56 1168 40 388 40 380 48 638 8 505 18 328 20 489 7 365 6 406 36 1459 21 700 4 871 8 1361 11 1367 24 149 5 775 27 177 16 1136
216 25 126 28 1139 41 853 8 1222 17 1336 25 909 32 1150 58 671 3 932 35 263 5 472 4 1034 1 1328 6 921 18 596 22 827 51 861 12 486 31 206 63 702 26 961 24 935 11 902 81 1066 23 925 8 1315
217 25 125 34 724 4 620 14 1362 16 718 15 333 15 1105 3 797 41 218 80 261 4 846 12 255 18 741 17 946 11 764 34 744 75 1174 3 378 43 807 30 595 18 1041 27 568 3 928 100 425 6 339 2 152
218 25 105 3 294 15 526 6 460 1 1239 1 918 14 175 17 842 5 1044 4 613 73 1473 30 1156 12 262 8 324 53 345 8 272 15 180 43 1095 65 331 13 1400 56 1373 31 1480 15 729 1 54 6 1190 31 145
219 25 119 6 726 6 1477 23 1456 27 122 1 680 4 1345 26 284 4 825 20 633 2 388 6 722 23 36 48 1426 1 662 1 641 2 666 5 120 9 585 43 938 20 377 119 343 2 1480 66 1236 92 755 43 1098
220 25 124 12 862 18 933 62 414 13 1312 17 70 53 1176 12 1122 28 1496 35 218 13 1021 3 446 9 82 42 1417 2 1204 3 1095 3 115 32 1102 3 1093 112 568 39 1268 16 1221 24 113 61 1450 3 839 8 777
221 25 96 5 845 22 243 3 976 2 4 32 531 9 166 1 117 15 520 32 93 18 1092 16 768 1 590 49 1380 7 1336 46 880 4 993 22 911 29 128 66 452 36 588 4 1304 6 1245 18 386 10 574 27 1156
222 25 119 42 1419 16 20 15 1491 9 5 21 711 19 1408 54 1244 27 303 8 102 25 1173 4 1144 67 803 44 479 4 421 8 583 4 1123 39 970 1 71 77 629 3 1331 47 857 10 91 11 805 13 681 30 715
223 25 139 14 503 3 1269 3 337 17 390 28 1326 22 1114 6 444 14 857 26 426 2 1462 17 120 65 542 50 873 21 763 7 986 85 248 10 88 156 1388 12 1022 42 406 41 409 2 1075 26 554 6 228 21 648
224 25 172 31 694 50 1227 6 410 26 569 5 485 73 1488 51 585 6 821 45 1109 67 1406 64 788 20 304 63 691 73 1138 16 1446 47 1092 7 702 36 660 13 1012 27 632 3 1003 5 69 56 616 64 304 9 300
225 25 118 4 851 32 945 1 1334 21 146 12 995 5 756 55 504 3 1391 13 1274 19 132 57 92 1 737 41 541 7 606 42 1342 12 720 2 1114 16 437 62 1473 19 924 42 933 59 1225 18 588 1 470 47 1282
226 25 122 6 1353 8 775 32 897 3 599 4 530 13 1357 20 1193 25 1145 55 260 4 1157 47 185 5 1256 21 60 12 297 36 708 15 1144 6 1460 105 454 10 1009 1 892 79 695 29 91 15 1164 9 1165 50 455
227 25 123 11 42 15 740 33 1103 11 832 19 676 27 1483 9 1358 29 610 5 1062 22 87 12 659 10 522 4 963 25 1046 72 138 48 743 1 966 3 911 60 594 37 274 3 893 56 1003 9 271 12 1061 83 188
228 25 82 23 1270 29 530 4 969 17 672 5 468 3 800 13 1118 19 166 9 1017 10 90 8 270 21 659 1 25 26 1015 11 1033 8 112 6 147 35 1485 2 404 31 259 23 444 50 828 37 837 5 283 14 1239
229 25 102 3 13 28 1400 10 707 2 354 42 367 18 1367 13 435 2 317 16 145 34 507 48 1052 38 1261 24 524 5 1458 17 115 8 638 73 1390 35 1187 9 964 26 1303 6 745 34 811 10 223 6 1405 7 613
230 25 121 3 27 48 32 31 291 6 1365 23 1076 27 796 1 50 9 927 31 1301 16 786 4 803 2 197 39 1058 15 1473 33 326 48 402 51 841 35 786 1 649 101 1106 51 1470 4 1455 12 152 12 122 2 106
231 25 133 29 1290 22 1236 4 1348 16 417 21 889 17 1237 5 1066 10 826 44 388 59 1443 66 77 36 1052 19 49 6 1030 11 1305 18 1383 62 1326 2 1331 5 939 70 1034 90 925 13 1270 13 1265 26 1179 2 1335
232 25 106 21 489 4 1242 9 445 15 747 32 556 36 1352 5 641 12 124 5 871 9 617 2 697 6 998 44 567 38 1060 2 1481 4 1006 57 1350 10 55 23 507 50 1047 42 1230 31 525 35 541 24 1065 14 17
233 25 118 11 83 10 706 6 326 24 321 8 989 1 666 2 214 2 1465 33 1396 4 78 32 1367 31 282 19 233 27 415 26 52 18 436 6 1391 22 799 46 823 17 787 66 843 59 870 9 863 69 1057 45 686
234 25 102 6 225 1 3 24 306 11 1065 1 1380 13 449 21 292 39 75 22 1103 5 1319 39 809 37 483 3 1388 4 1403 1 979 19 1072 68 1376 60 1281 9 758 8 1328 24 1384 21 1283 41 920 26 558 7 37
235 25 144 6 1168 53 556 28 1017 25 883 46 650 9 180 6 1334 8 177 29 572 58 154 49 1096 23 643 142 648 18 845 12 49 2 393 38 1085 5 891 50 1025 2 120 11 569 14 1024 45 469 4 939 37 300
236 25 96 5 798 34 527 5 1375 34 830 4 774 10 400 23 392 12 609 51 480 25 874 45 1360 4 1159 31 148 4 1451 14 1205 24 108 26 799 9 1198 2 1011 20 1399 37 1073 41 145 1 36 14 499 5 563
237 25 113 27 784 44 211 58 1349 2 1295 2 1037 71 431 7 526 31 201 7 962 36 28 27 255 5 513 26 251 77 239 21 55 11 535 3 848 1 246 8 223 20 1100 18 287 39 70 14 348 7 582 5 85
238 25 160 2 694 28 317 23 49 6 504 11 1319 8 1023 8 1102 60 581 42 1497 43 147 75 1142 27 349 16 161 110 267 23 1478 3 365 79 297 11 1379 23 56 42 537 45 1378 35 1006 26 911 21 235 33 669
239 25 101 27 373 5 1139 19 770 47 436 34 1288 26 283 18 150 7 367 4 1227 4 272 20 1043 13 142 39 97 8 421 43 297 13 509 3 1479 19 10 33 461 37 950 20 646 39 444 8 171 9 1444 14 1453
240 25 99 16 761 5 824 22 1491 26 594 16 780 13 1110 1 383 32 975 33 1064 37 546 48 841 7 149 17 963 10 1488 18 449 6 560 32 437 31 1065 50 191 14 725 6 1166 9 25 4 1209 30 343 16 1415
241 25 159 13 153 11 1007 39 84 30 880 130 147 23 768 8 460 6 595 3 467 30 772 17 941 25 1106 86 1282 25 364 11 280 87 958 26 1062 12 1393 48 1216 61 399 10 1245 34 1037 2 1416 9 1435 51 1136
242 25 100 1 1264 35 1464 72 382 2 621 6 435 23 1305 44 778 8 10 22 385 11 257 47 509 10 804 44 1129 3 607 4 107 7 476 2 20 23 622 1 842 15 1386 1 747 3 405 36 918 22 404 59 807
243 25 136 4 1104 25 1421 74 1336 1 785 11 1004 23 185 44 1091 13 1359 93 1431 40 1115 23 1218 5 1397 6 1492 5 248 21 258 27 1027 45 1191 10 382 32 1207 99 1375 10 206 1 1374 31 1268 38 1169 2 365
244 25 123 9 1076 42 110 25 638 17 938 22 322 19 1361 35 1307 6 522 8 206 51 947 24 243 4 978 34 345 15 844 44 1124 30 504 2 347 10 548 24 854 26 1171 23 101 23 1208 38 292 50 1437 37 446
245 25 140 36 1472 8 1054 11 727 21 597 39 1210 5 1440 91 1354 96 1380 33 628 22 1427 30 1386 6 1316 13 325 7 805 18 635 32 999 8 928 47 738 7 1120 17 1335 1 53 15 1084 61 315 27 1245 50 551
246 25 110 3 1164 11 407 99 1254 49 116 27 478 39 691 16 739 20 41 3 650 10 1172 20 557 14 30 26 1227 16 639 3 444 33 282 6 444 10 593 3 830 33 926 9 1374 9 245 44 1466 9 629 41 1498
247 25 103 19 875 37 1308 46 1211 22 1410 3 536 37 1325 15 637 1 1052 25 977 24 1353 11 650 13 1088 27 46 19 242 38 746 7 614 11 1029 11 905 25 1388 33 413 62 584 1 145 4 513 5 893 19 1363
248 25 139 9 1038 16 523 38 461 1 893 51 491 1 27 11 852 6 812 40 884 47 824 15 148 13 776 24 274 79 378 18 416 77 626 32 1175 12 58 7 838 44 1299 62 1044 66 1038 2 458 10 1485 17 784
249 25 123 22 1033 16 376 31 306 6 804 21 1358 16 1229 20 1235 3 977 28 600 12 440 22 1444 27 937 21 1220 39 867 2 950 25 902 10 953 108 498 7 650 21 1366 105 834 6 631 8 468 13 1080 29 482
250 25 148 36 558 2 1394 19 1398 12 819 3 330 34 1188 4 249 3 733 9 1228 27 520 60 687 3 1269 22 779 58 1037 45 899 98 130 26 1338 46 337 71 988 48 268 50 28 19 200 13 216 18 51 17 1037
251 25 81 7 1080 3 610 4 316 28 1236 9 637 2 89 2 187 30 1465 13 871 35 428 6 411 11 1410 80 441 5 19 11 345 18 191 7 729 26 333 7 1193 4 477 7 1111 17 1169 28 1224 44 65 2 1263
252 25 134 22 1085 43 1442 61 361 6 1115 52 1465 2 794 63 282 8 798 17 961 17 948 21 888 22 917 21 712 19 1258 65 332 13 775 70 1054 24 121 16 787 10 1149 29 709 1 263 29 872 13 345 28 1406
253 25 83 59 156 9 551 7 1498 3 501 6 114 29 211 7 1377 12 1113 9 1180 7 239 23 1354 1 1051 1 765 13 521 2 864 30 460 27 1441 49 1399 23 736 5 203 7 699 39 796 6 1215 27 1495 18 757
254 25 119 3 854 12 1344 40 1057 44 225 11 1077 20 1065 16 1036 5 801 3 610 30 1167 84 529 12 1425 8 524 45 387 39 921 15 1044 29 1048 44 158 24 175 38 1009 17 140 24 699 2 1183 14 120 18 662
255 25 128 57 599 56 1304 27 213 41 460 2 1495 39 1092 23 370 48 497 8 27 22 1013 66 1274 5 1459 42 701 4 1482 45 757 50 457 7 1099 7 1078 9 1441 33 567 2 656 34 590 7 380 5 885 3 1058
256 25 115 4 68 14 1126 10 932 3 763 7 277 62 111 31 180 42 908 13 1171 30 1039 20 102 7 1345 31 609 22 902 25 1021 69 540 48 137 55 107 12 919 20 783 21 600 21 791 1 64 1 1412 6 197
257 25 151 8 199 51 187 19 121 15 87 6 1384 41 1128 18 672 39 652 19 511 21 928 46 1428 16 1465 6 1113 5 882 28 983 49 1206 7 974 22 276 21 662 69 1138 85 215 26 776 26 184 101 982 11 589
258 25 122 23 138 34 231 6 1406 95 1086 15 1382 8 993 36 1399 8 1163 1 785 46 821 30 1190 4 290 19 222 14 1196 14 949 7 530 32 1491 8 1162 40 1381 27 134 41 589 14 1045 21 1100 31 1427 40 475
259 25 112 25 1301 11 1117 3 539 2 1088 18 291 9 183 19 700 30 67 49 1273 20 489 7 169 6 909 18 657 18 1080 14 284 92 120 27 518 1 700 68 165 15 868 38 1020 58 328 3 899 5 920 5 1017
260 25 129 30 1295 5 1047 17 1326 16 403 10 11 3 1316 7 22 66 578 5 1123 69 586 40 261 42 883 5 692 19 909 39 615 29 397 13 1457 20 1353 28 329 28 1470 87 140 18 1376 10 1270 6 136 34 612
261 25 161 2 1472 42 746 65 1333 29 1358 29 271 53 950 13 1129 1 800 45 912 23 1149 58 1016 13 228 41 72 76 324 50 964 11 340 24 232 43 344 43 1443 15 930 21 564 36 932 23 32 18 1378 31 1281
262 25 125 6 940 3 1026 3 1170 3 915 16 953 29 547 3 373 4 193 49 1431 10 618 39 1146 59 631 16 1428 54 275 9 607 3 1182 44 1233 20 1411 71 513 32 7 11 1081 75 750 47 1252 3 710 18 800
263 25 119 21 1161 37 129 1 1175 4 316 17 1432 2 522 100 675 11 499 19 500 6 376 1 483 4 468 46 433 19 1388 2 521 20 916 40 71 33 102 76 969 3 649 28 25 27 135 21 1284 20 323 40 1390
264 25 105 7 395 26 634 3 1229 24 3 44 159 53 6 22 1149 37 1294 13 595 63 1324 29 171 1 778 19 898 42 1233 10 995 3 67 30 786 9 361 22 1063 5 522 8 617 25 653 7 193 22 788 2 1376
265 25 105 27 628 4 1035 30 248 20 1280 9 451 36 583 24 33 2 595 43 670 6 508 34 911 45 1371 27 677 1 1190 15 754 20 1420 10 892 8 503 33 470 1 1000 28 480 41 1372 9 1031 2 1129 50 72
266 25 160 24 1337 32 224 11 1031 59 419 46 1141 10 166 33 295 60 865 4 1042 8 1402 35 733 37 235 5 826 55 933 17 716 7 821 20 263 107 835 54 734 10 376 60 1029 11 601 44 66 1 896 53 1455
267 25 126 22 617 6 893 19 513 1 1355 14 1047 106 671 21 1176 7 1240 57 929 17 735 20 446 31 176 35 1069 14 1497 15 1398 3 1461 23 1092 46 222 68 1457 14 536 5 839 42 1119 2 1332 36 587 9 1283
268 25 148 5 30 8 802 41 1369 8 74 24 1185 50 207 25 481 59 373 28 16 46 1233 11 176 21 206 44 1070 26 304 32 1136 91 833 24 393 3 1101 21 874 23 678 23 143 17 1293 27 1197 64 1053 21 37
269 25 155 142 330 37 1048 29 1051 1 1484 32 701 3 357 63 1343 5 294 17 627 58 95 55 314 10 438 15 1352 51 398 20 970 16 817 44 976 10 985 62 449 9 1287 35 1176 25 830 21 596 9 163 8 696
270 25 142 21 327 20 698 2 948 28 163 6 1152 10 291 27 1172 29 180 89 564 63 452 3 1185 77 1318 1 878 38 1013 24 741 93 1052 20 263 25 538 6 423 5 1405 54 1476 26 1366 7 285 22 282 16 118
271 25 118 13 3 7 58 62 1121 12 652 7 531 12 613 17 1173 31 202 22 918 8 906 31 1220 22 269 48 1434 109 431 49 227 56 927 13 492 10 455 8 187 4 635 6 336 25 1186 3 1356 12 57 3 873
272 25 133 13 345 12 1314 42 871 14 222 9 1205 61 9 10 912 63 831 35 384 25 1354 39 1178 23 984 7 711 25 763 5 1271 39 347 17 1293 11 1433 30 1043 12 215 16 874 54 229 4 579 15 822 84 443
273 25 112 10 477 8 294 9 702 6 976 44 868 80 910 5 784 9 736 1 1105 16 830 14 1183 39 803 14 1364 34 1307 1 323 14 1118 3 706 24 475 8 574 53 548 6 49 21 38 71 271 25 688 47 1002
274 25 100 24 624 4 1066 33 1058 3 415 32 673 16 1415 2 425 1 855 13 694 8 646 41 1192 51 1148 30 1339 5 1058 41 723 2 314 2 427 21 1169 28 612 26 1376 29 320 18 687 25 411 17 1214 31 405
275 25 148 6 1342 32 660 50 812 44 1194 13 560 2 290 38 390 90 637 24 338 7 1335 25 76 26 1346 21 963 12 118 42 415 1 67 15 155 12 521 68 416 88 436 51 1107 18 704 8 376 29 325 21 28
276 25 125 124 1477 1 60 37 789 49 137 2 800 27 330 5 116 8 120 11 957 52 512 7 119 6 207 26 1476 50 350 27 1466 53 199 33 11 1 763 12 1202 4 844 34 671 20 190 6 573 22 1443 8 1187
277 25 110 38 603 32 1021 39 765 2 894 13 1123 17 220 8 1332 25 95 29 634 25 417 12 525 27 1370 13 453 5 480 12 135 17 577 25 759 52 1013 4 680 30 696 3 468 43 1193 2 1390 12 1223 67 496
278 25 119 52 880 14 469 21 1412 4 173 71 197 18 1431 14 848 17 1438 19 531 30 729 52 564 8 363 1 980 13 731 8 1467 48 891 8 1415 28 81 9 1130 5 636 12 1194 85 16 3 1278 23 455 35 184
279 25 123 11 168 41 145 82 841 24 927 27 1163 10 974 58 97 4 1319 8 542 70 1386 8 419 10 921 9 119 26 10 13 1373 21 566 1 636 14 719 47 415 43 751 7 649 28 323 12 645 36 867 8 534
280 25 153 46 711 10 275 15 1083 1 1274 25 671 17 1136 77 611 12 1340 82 1367 1 577 67 182 6 985 20 80 93 1146 11 274 1 125 2 1331 23 855 1 457 80 994 27 966 68 280 17 74 4 1317 62 705
281 25 116 3 170 14 1055 4 961 22 1406 34 1308 12 578 1 1402 12 1028 42 456 39 419 58 1188 7 435 2 567 36 72 6 106 27 477 2 749 22 185 7 805 4 582 8 867 2 991 62 808 59 1356 97 685
282 25 124 48 321 14 705 36 1320 49 1001 5 1151 12 692 46 741 26 1037 10 1353 11 4 13 1269 28 977 21 972 11 763 30 764 73 508 83 1453 19 60 2 256 26 934 6 1430 4 1412 24 1447 4 841 22 1406
283 25 120 19 137 17 1258 17 316 39 1297 39 104 63 1369 4 219 27 371 4 811 69 341 19 1231 49 644 11 345 8 504 24 704 45 282 6 917 2 798 2 818 2 38 10 1204 10 178 36 1464 32 1081 47 1110
284 25 116 79 154 7 304 36 1380 4 604 13 198 2 1244 17 19 7 837 53 387 16 867 12 1150 2 139 50 665 18 843 17 1183 22 1490 13 1120 5 1097 23 1053 42 578 51 698 37 1048 2 1143 46 884 8 103
285 25 110 28 508 4 1429 2 1131 9 1176 67 203 34 794 12 1376 12 1123 2 132 73 43 7 377 4 223 8 416 51 278 21 258 29 990 7 831 18 1158 25 861 28 1250 41 1347 28 206 3 890 10 427 30 473
286 25 154 11 1009 39 312 62 1193 2 1078 38 797 38 1313 2 1147 83 236 39 182 68 61 57 491 8 1307 43 687 5 722 57 400 13 333 4 488 3 774 16 102 61 792 1 95 66 1110 2 811 23 339 31 854
287 25 113 3 351 7 1414 8 889 8 1112 2 877 23 1004 46 16 19 533 9 553 29 709 7 627 56 1247 15 49 29 203 9 169 2 531 61 515 17 1036 25 965 40 264 39 1125 3 1488 10 1382 86 65 15 901
288 25 122 2 807 4 59 11 1374 5 869 32 1233 23 700 89 726 21 324 12 67 4 1343 29 1011 32 557 26 688 2 1073 26 1057 5 90 12 1371 52 1011 16 555 19 86 5 791 41 1431 2 1125 45 853 96 1264
289 25 111 9 1094 20 1226 21 956 95 1307 31 1201 19 1292 8 413 64 1135 35 283 24 415 2 647 2 121 20 808 4 928 2 1311 3 853 53 1453 14 857 1 965 22 110 45 481 14 765 3 1191 47 591 1 809
290 25 75 11 1280 8 825 2 809 21 360 38 1380 2 163 1 119 20 1294 25 902 17 660 57 35 7 241 6 216 7 814 50 1169 17 968 14 1378 13 602 2 1468 5 596 3 393 15 744 27 1486 9 1398 2 101
291 25 126 4 1224 7 65 48 54 3 1488 64 450 28 731 47 887 83 454 12 1384 13 421 37 1393 6 597 1 576 30 312 39 884 9 1040 6 734 70 324 77 134 6 820 3 388 4 1282 19 1051 1 734 14 113
292 25 169 4 887 17 935 65 893 66 1496 36 722 1 461 42 1222 21 1284 3 1459 5 182 45 970 53 522 21 615 70 684 76 930 27 498 10 1037 75 1284 3 181 40 101 19 413 71 840 3 399 36 925 40 729
293 25 163 7 770 25 461 14 1269 3 721 9 1133 9 142 31 209 69 1209 4 126 56 1290 77 47 92 958 52 1463 19 1305 7 762 40 121 68 1090 12 259 3 758 35 206 27 1156 19 344 71 627 31 806 38 614
294 25 108 12 1467 23 757 11 1372 41 672 3 748 7 1349 3 1156 84 506 20 147 10 1426 2 805 83 498 2 280 38 822 2 124 48 284 31 504 10 168 6 1025 3 350 25 442 35 1157 30 254 13 407 2 1229
295 25 114 2 795 10 1227 18 1286 24 693 7 201 22 497 23 1110 120 397 51 344 21 988 13 953 6 801 30 571 8 845 11 1336 5 1201 15 940 11 628 7 718 44 1063 10 1147 1 438 79 172 10 61 23 717
296 25 135 10 1319 8 1475 22 585 69 1437 4 291 18 587 52 1337 46 34 36 1328 3 1473 37 967 44 780 17 1186 23 1250 2 1200 100 1066 22 30 17 577 7 907 30 1148 33 1466 10 19 30 762 35 216 1 1448
297 25 130 34 1305 65 1032 10 1171 53 620 5 903 22 1029 1 489 37 1451 6 816 41 1261 38 1075 83 733 14 345 13 1486 13 562 1 306 25 822 6 240 30 973 43 277 19 1037 24 1448 6 1119 54 1384 10 1207
298 25 108 50 662 25 594 44 403 5 284 5 366 20 1324 3 1046 5 1187 37 43 24 455 37 896 15 1103 17 214 64 97 23 99 10 1482 24 488 15 1318 22 1426 2 442 14 74 43 748 3 1189 26 1227 7 702
299 25 127 25 367 3 1351 36 1453 33 117 19 487 87 1471 3 1085 25 1007 16 1391 7 480 9 1362 29 1047 11 1324 12 1155 8 841 57 418 5 22 21 64 25 1141 17 843 40 1497 16 1006 103 1079 13 937 15 146
300 25 128 1 1082 8 1327 9 972 74 139 54 634 16 729 16 1213 17 781 16 267 17 441 12 953 15 1426 80 1343 22 1212 84 271 28 866 1 97 47 1377 26 60 6 871 13 991 12 979 1 1212 40 520 26 1321
301 25 106 6 1117 61 6 15 698 14 291 12 200 27 1059 1 426 30 374 6 1295 9 1282 35 1000 21 789 11 968 7 639 23 992 13 61 33 638 35 14 22 1153 36 870 20 435 9 1123 46 525 29 235 9 1030
302 25 107 3 1036 48 714 31 870 39 763 11 368 3 135 36 1123 10 1484 7 1252 25 1033 16 1468 5 1294 129 351 2 1195 3 426 43 811 5 1031 50 306 10 285 8 1364 14 1464 3 67 25 508 7 1003 3 76
303 25 104 9 222 6 1175 37 240 17 60 12 116 7 1185 27 674 43 1490 28 462 40 1109 5 129 19 1090 36 989 4 1135 8 753 19 952 3 1058 23 526 4 488 60 1142 8 526 9 683 76 41 5 1207 19 385
304 25 99 12 949 76 55 13 136 9 1458 10 115 37 1444 16 706 26 354 11 944 46 1143 62 1279 5 56 14 1182 4 287 12 186 16 1270 7 1372 18 1376 9 931 13 264 2 649 7 807 15 1018 20 1235 35 387
305 25 91 38 284 1 22 11 264 44 1269 3 1176 1 1072 31 853 1 68 26 1027 12 188 68 835 28 10 9 659 6 468 7 838 6 1037 1 849 14 143 19 230 1 1489 30 146 53 1051 8 1213 10 842 29 1256
306 25 153 39 1156 19 603 38 723 4 1381 7 1382 30 231 45 143 4 975 62 1169 51 1363 33 123 36 347 12 875 1 80 28 883 19 161 19 558 20 1327 24 1165 2 1409 136 871 3 948 78 342 27 957 29 87
307 25 129 5 1001 17 254 12 935 3 1236 76 29 24 365 10 8 4 278 5 1258 9 1496 6 420 82 929 14 1065 6 1116 61 852 50 882 29 950 7 1138 1 1027 19 158 132 1396 3 358 24 1208 27 289 23 28
308 25 105 27 1001 15 1112 38 1277 7 1493 2 301 10 813 4 691 17 665 5 876 66 922 5 537 33 25 6 841 12 991 58 509 22 591 15 804 1 656 1 120 38 901 50 1044 2 301 9 925 82 934 1 650
309 25 126 54 1339 11 396 17 711 21 1290 28 1058 1 792 34 982 5 980 2 693 26 1081 36 712 94 719 14 941 18 351 49 153 42 770 10 999 21 202 2 439 55 902 8 917 7 1296 23 156 41 614 14 211
310 25 128 4 54 23 616 10 1144 6 960 89 1450 7 284 32 271 64 556 6 727 70 1422 33 766 27 1256 14 1254 1 614 34 483 25 971 1 752 15 302 17 1068 7 558 26 629 17 454 18 22 11 1225 85 927
311 25 113 65 947 14 583 8 537 23 343 7 1205 11 639 38 891 5 989 19 1351 41 462 1 899 44 181 51 1338 25 671 4 713 23 596 15 523 22 1370 32 979 2 1001 11 659 90 343 3 1128 7 465 6 875
312 25 104 78 577 45 102 24 400 6 763 10 849 32 1375 1 845 39 107 1 70 9 165 72 1346 30 702 25 1175 10 248 5 1225 1 1083 15 492 3 675 3 641 7 1304 13 128 34 482 15 884 7 1031 38 438
313 25 112 38 861 23 527 11 580 61 382 30 1433 29 1263 41 618 10 872 28 1275 1 37 14 711 1 664 59 346 4 824 47 1009 48 224 6 781 5 508 10 808 21 690 21 449 2 1057 21 248 2 806 28 684
314 25 192 23 1348 2 1013 30 99 9 251 27 1342 29 602 127 1216 18 644 58 822 66 267 36 124 90 13 46 969 18 100 17 1312 16 469 17 457 7 816 146 377 3 1240 62 977 54 1344 9 848 24 1388 28 355
315 25 149 31 886 8 42 8 1133 14 577 44 346 48 994 23 201 59 407 53 1414 36 1279 12 815 9 961 22 935 25 964 35 515 66 1360 35 290 48 753 16 118 2 269 29 340 62 1491 15 79 17 1017 28 331
316 25 102 23 1023 21 323 53 661 18 1420 20 1066 8 197 4 1042 30 325 30 1085 3 520 3 1026 9 506 2 819 4 2 25 1078 14 403 39 517 36 3 44 325 20 854 31 811 43 798 13 1115 4 22 14 32
317 25 158 77 1059 58 186 122 785 1 964 1 277 47 27 39 284 19 1017 13 1047 24 557 30 265 47 869 12 438 15 1244 4 122 18 656 40 160 15 1190 16 243 60 757 32 605 34 701 34 1379 24 837 12 94
318 25 124 4 937 51 845 1 228 7 764 23 203 19 13 107 768 6 980 73 789 23 1296 6 783 7 220 27 124 12 659 6 417 6 149 13 157 1 772 53 1183 8 793 63 1237 29 1350 31 310 6 498 42 165
319 25 117 22 966 6 160 52 160 54 1351 24 1497 28 714 13 1368 18 748 35 384 6 362 33 966 10 1324 31 1304 39 537 6 121 3 906 45 1004 40 146 2 902 20 519 18 1171 1 169 54 55 16 1353 10 933
320 25 95 37 953 5 350 22 975 5 1257 13 63 8 1170 18 1252 31 286 22 381 41 299 13 1233 49 292 1 232 10 1477 22 1327 6 1274 17 574 9 605 2 1189 37 87 24 335 57 945 16 847 7 1495 4 859
321 25 133 12 540 24 1208 70 582 12 200 48 1217 36 1032 27 799 27 956 2 2 13 295 8 870 19 766 65 530 13 1118 129 699 25 471 27 871 9 517 9 32 10 1021 2 902 29 1492 28 908 1 337 22 394
322 25 108 9 770 11 292 7 794 29 200 9 891 14 149 34 1160 14 1417 18 798 3 1082 13 357 12 389 1 730 12 1003 16 481 4 310 23 1430 59 334 40 786 17 650 24 1081 57 126 38 892 65 304 13 1159
323 25 160 13 1483 18 961 15 20 44 98 23 1459 92 1471 12 820 16 924 17 1276 58 12 32 450 29 1325 12 438 1 195 48 532 120 168 16 1261 12 947 24 42 42 54 95 178 44 266 17 825 2 263 1 587
324 25 87 1 1282 11 1273 21 68 7 686 5 1351 47 18 19 445 15 12 5 323 24 1331 7 359 50 240 19 125 5 201 29 761 22 465 14 180 4 644 32 431 37 236 45 1254 1 1362 14 1035 1 210 4 1064
325 25 112 17 282 31 364 10 208 29 627 39 29 41 706 30 299 3 214 11 101 4 1380 71 1491 18 252 10 754 19 1320 1 995 24 261 4 192 5 1012 65 355 12 1186 8 304 9 231 57 1348 7 69 35 17
326 25 108 26 1288 12 920 3 385 26 939 15 1152 57 172 14 1015 72 1274 42 132 6 450 29 1230 1 49 2 562 34 1204 31 1392 15 1484 4 1499 29 171 39 267 30 1087 3 854 25 489 10 1495 17 1074 1 569
327 25 169 100 185 51 923 29 153 44 994 60 1393 82 1451 52 231 35 607 20 297 2 1132 22 169 67 515 23 689 33 1445 17 315 31 1472 11 975 10 160 23 71 35 610 28 1424 8 1427 7 329 24 592 32 453
328 25 147 6 1306 35 125 137 768 18 192 24 17 47 983 1 308 12 568 4 1006 22 189 21 144 40 849 4 436 10 1249 38 513 26 1095 98 787 15 1307 52 489 20 917 24 645 1 506 18 938 31 923 32 259
329 25 141 25 1206 18 210 44 616 51 193 7 669 53 1108 1 901 37 266 58 256 83 149 8 1001 6 1500 37 710 15 966 24 685 18 488 34 1253 28 973 18 307 12 1429 8 602 11 364 85 1324 15 127 9 117
330 25 121 41 950 4 1336 4 1339 16 256 5 1040 12 507 4 51 25 326 22 401 2 1124 7 684 84 14 20 86 13 456 1 60 49 755 16 1079 1 350 31 1440 53 561 42 19 1 1489 18 501 21 1222 116 1134
331 25 119 29 1143 5 1412 1 68 93 65 8 411 8 74 44 935 12 662 9 126 18 288 46 1476 3 1430 23 79 2 883 23 106 1 229 22 1076 21 95 45 99 26 520 3 974 68 93 9 247 7 1124 71 177
332 25 169 31 899 93 494 30 385 8 1291 5 97 1 1482 33 813 22 218 27 1451 6 205 26 1268 32 653 40 937 11 660 67 944 44 1383 59 1262 39 497 14 543 36 1454 3 258 75 684 101 24 5 1482 37 1418
333 25 161 11 41 3 849 35 77 22 781 89 902 19 674 6 647 11 680 7 87 1 1273 72 1075 13 1150 6 166 1 21 54 900 56 230 21 311 72 1202 29 1071 77 145 5 266 54 581 18 1331 51 280 72 1221
334 25 60 22 220 5 54 6 84 44 128 7 1280 5 1459 5 1324 4 1499 5 696 11 1207 25 32 59 928 7 151 1 1482 6 775 13 103 14 486 7 1227 25 1227 3 731 1 397 3 637 10 953 14 217 2 368
335 25 75 25 294 17 243 16 1462 28 985 2 130 11 707 1 1166 6 1366 43 1280 14 1362 32 689 11 1475 2 576 3 373 20 585 6 944 5 1399 31 1439 23 171 12 1488 2 1465 9 1039 36 9 2 953 20 1473
336 25 96 4 1484 6 1199 3 1197 10 461 7 1435 13 660 15 737 10 444 6 719 30 649 9 1033 21 89 6 668 35 1455 25 51 55 1211 54 18 3 449 20 40 33 369 13 62 12 821 51 456 2 833 39 817
337 25 108 2 1433 59 757 1 144 13 918 16 1002 2 1423 10 3 50 582 3 1469 35 878 8 435 45 1356 79 1470 2 726 9 483 40 436 8 160 12 872 5 580 12 1100 9 279 34 1200 27 512 42 1187 19 792
338 25 110 29 1037 7 518 18 414 47 1289 37 1071 32 942 26 312 37 655 17 1499 30 1315 10 134 14 944 11 1168 12 412 17 181 3 6 15 818 19 1186 10 655 53 886 18 1034 30 1138 36 1376 18 201 4 709
339 25 136 4 3 2 312 6 494 35 338 38 1100 2 1169 19 1293 36 1054 17 1396 28 1284 42 832 57 230 21 365 25 1207 19 836 4 527 21 268 83 87 40 1130 1 909 14 1217 32 455 72 724 50 450 14 1005
340 25 94 6 745 41 910 2 818 64 1151 6 513 15 1274 7 288 34 177 54 1007 22 754 10 1069 13 129 8 29 2 13 13 1402 2 1042 9 646 21 765 2 418 33 1337 13 481 25 59 5 1041 61 1142 4 977
341 25 118 27 1181 7 76 18 543 8 355 29 1458 55 1375 59 282 6 464 40 268 13 879 29 497 41 270 40 111 11 1421 4 392 27 1454 14 847 56 1274 20 714 17 1327 18 700 29 1213 6 1403 4 1111 12 377
342 25 100 5 1483 35 611 15 323 6 1021 17 1002 7 95 42 881 21 1096 24 1429 21 1215 1 763 50 934 49 1121 26 1062 42 1087 39 610 15 1194 20 451 14 1466 3 214 26 1447 1 1084 7 1035 5 32 10 1183
343 25 129 54 1131 66 630 23 670 41 314 37 260 32 656 4 1455 12 468 26 758 15 51 21 1016 11 540 7 252 14 300 63 944 8 931 55 753 29 1175 1 1020 3 930 26 576 39 763 1 411 31 523 29 793
344 25 109 50 208 15 839 29 523 3 236 29 1163 24 1035 16 422 13 1414 31 1251 15 1025 38 591 16 1415 72 325 23 1064 16 848 12 716 9 1468 2 289 17 389 15 585 2 922 28 209 7 175 13 912 52 920
345 25 153 75 1450 14 60 43 668 16 873 16 1054 11 1081 43 393 37 548 73 1067 9 696 2 411 83 660 65 1278 11 39 30 1087 36 1178 1 1428 8 323 5 1447 57 514 33 1186 43 544 16 1460 28 530 12 913
346 25 122 5 1182 12 215 4 1135 42 1487 9 753 29 1498 147 23 4 446 40 1292 7 651 27 488 16 1107 9 115 59 61 9 1122 11 644 34 530 8 1016 26 590 56 280 29 165 7 876 2 665 11 454 10 1088
347 25 142 74 1346 13 1018 53 1367 4 747 4 1158 21 1146 54 1061 20 194 9 306 16 108 8 534 5 571 23 1007 73 465 27 682 24 764 39 1209 13 1171 5 788 18 150 16 723 97 480 44 168 29 148 24 731
348 25 132 84 611 51 174 10 68 38 568 4 673 26 1265 28 1221 53 633 26 264 23 1260 14 1256 29 245 5 132 23 1158 16 153 51 815 18 1218 50 997 18 405 18 609 1 410 6 1357 31 759 5 1114 33 930
349 25 169 21 411 44 276 2 1266 17 1392 24 1048 100 625 60 1106 43 1011 3 109 115 1048 16 764 6 810 24 35 23 550 55 349 89 410 28 1093 45 1361 11 665 16 311 4 1275 38 1189 10 432 1 576 54 193
350 25 79 3 742 1 357 42 762 4 455 36 32 42 1191 17 228 3 458 25 1438 51 546 9 1468 24 1247 26 1360 13 247 2 304 10 1411 1 1310 4 873 12 706 11 917 4 313 14 225 22 687 5 1470 15 938
351 25 140 11 435 6 272 8 1055 7 1247 2 476 49 650 44 87 3 594 120 488 47 1123 17 1251 4 681 12 1316 49 452 9 502 70 1050 53 1418 3 926 1 1235 4 915 16 745 25 373 90 903 35 29 15 923
352 25 137 2 208 7 1210 48 802 57 1227 19 519 15 685 14 471 13 1284 51 101 13 1113 2 1026 19 973 94 1157 123 1099 25 1065 4 338 25 827 5 1316 21 886 43 1027 20 147 39 1168 6 160 18 764 2 424
353 25 124 24 513 13 922 23 893 20 948 12 619 36 289 4 1295 14 218 27 824 79 816 31 963 31 1283 18 86 45 297 39 664 2 280 22 1007 20 2 19 185 33 933 5 819 28 1277 8 968 34 247 36 261
354 25 124 48 340 15 1291 9 1177 38 795 7 58 12 1297 3 672 16 1092 11 386 42 979 9 179 16 1133 9 428 60 1393 32 825 64 636 17 1312 21 1374 10 386 48 1285 12 279 15 646 17 1434 70 1420 19 159
355 25 82 4 63 9 524 18 320 46 1108 7 1370 6 597 16 570 3 744 8 482 6 698 3 984 4 887 13 132 1 178 25 563 10 405 14 1275 33 1469 8 1396 32 1062 9 787 52 1201 15 1139 55 1353 14 1182
356 25 121 4 368 14 428 10 849 51 1162 29 1387 9 545 45 1258 19 1435 10 928 33 1162 21 1184 2 789 2 1232 48 406 5 645 13 372 36 1337 56 1484 3 954 74 820 20 773 47 670 10 1042 36 943 8 45
357 25 111 29 346 2 1048 8 373 3 976 5 531 29 339 9 117 32 294 7 822 19 450 5 621 3 99 51 1235 32 547 3 983 68 1333 18 791 35 19 39 40 6 1282 8 213 28 652 59 1210 40 417 19 475
358 25 126 33 52 4 1365 14 1108 52 400 22 537 35 753 1 357 11 1100 52 750 24 1020 11 1332 44 643 9 1043 1 1484 33 23 47 478 11 1121 48 1015 6 788 30 314 35 1290 35 38 49 1196 24 51 1 555
359 25 120 14 982 13 916 12 273 3 375 67 1009 9 360 19 84 6 458 19 367 5 1037 22 1077 9 1393 29 1290 50 2 30 1204 34 757 36 42 85 1044 9 1239 1 1461 21 802 15 1424 37 972 50 658 8 275
360 25 165 55 1034 14 405 8 1442 86 1206 11 468 60 763 49 496 42 496 112 50 39 93 13 363 57 1080 15 1127 23 791 13 460 8 285 70 19 11 220 29 591 17 892 48 1057 18 232 14 410 4 885 13 765
361 25 104 25 294 22 831 7 1115 3 288 18 337 46 608 9 113 15 1067 4 884 16 989 42 273 10 1150 4 818 14 1446 49 560 27 1047 3 1221 66 873 40 357 11 72 34 486 31 861 5 1429 2 986 20 569
362 25 168 36 3 46 390 52 682 47 370 28 635 8 595 66 984 40 633 38 818 42 80 148 265 1 691 4 1321 5 642 5 284 27 334 4 126 40 917 17 990 43 56 20 1092 88 481 8 315 26 981 4 1488
363 25 96 27 1221 25 708 10 1371 1 137 6 121 52 805 19 694 2 51 6 717 4 1128 30 1427 2 819 6 1488 52 894 27 1291 19 527 2 97 27 424 6 789 38 434 19 568 54 997 27 110 3 1446 19 488
364 25 105 74 678 14 1445 18 1456 26 197 57 571 23 1242 12 251 12 778 30 245 5 983 15 697 15 572 17 195 4 1434 18 1081 15 819 35 337 15 263 1 541 11 1336 15 113 3 462 14 855 71 309 5 1026
365 25 119 45 832 29 650 16 1104 24 723 19 1179 8 329 17 1029 16 1423 9 695 7 1160 20 1376 55 356 59 1385 52 985 23 558 5 1280 3 1074 31 275 24 1221 12 1061 18 1141 3 763 4 1007 16 827 83 1283
366 25 102 11 973 6 737 8 182 26 1148 24 848 1 1032 49 1206 34 1054 1 756 20 1108 20 1186 20 1386 6 633 25 768 24 1398 5 571 40 1478 6 1442 3 412 28 1476 5 1393 2 1439 117 788 7 622 24 872
367 25 112 33 742 1 283 38 744 17 1008 7 782 21 183 20 1313 24 743 50 812 2 1345 38 962 8 1402 16 1376 38 398 34 1296 10 1445 10 1184 6 941 8 498 37 353 22 1157 54 1143 35 1499 30 983 2 1463
368 25 158 19 643 3 1091 24 26 2 731 14 1181 23 248 9 1469 11 708 101 391 72 1073 16 817 10 420 29 445 5 1320 53 1492 18 686 50 1136 30 270 7 431 61 974 33 459 48 1347 19 927 122 730 15 47
369 25 121 3 1337 18 332 75 1044 27 1378 5 1178 3 480 82 328 40 947 35 906 13 477 62 565 26 1321 14 925 2 539 6 238 4 924 54 1471 17 1052 22 832 23 620 41 341 14 391 5 819 7 895 11 139
370 25 147 29 937 6 55 2 270 66 1293 29 1423 24 19 32 228 53 247 61 1400 39 90 24 124 29 666 5 263 33 1428 113 83 4 1291 16 920 5 554 25 488 33 420 21 252 3 1121 75 9 6 432 6 33
371 25 145 20 1325 3 32 34 689 1 248 34 398 31 486 48 279 6 1441 82 588 9 1234 21 290 30 283 3 1313 34 710 101 1156 59 1491 20 538 17 708 2 355 38 546 50 181 48 1306 7 736 27 403 3 453
372 25 114 48 181 10 1371 23 277 14 154 29 817 22 643 53 1118 61 1261 8 1260 56 1116 15 709 6 1123 33 750 25 918 20 1101 7 577 25 81 8 1449 18 685 3 1332 45 1143 7 442 8 901 11 10 16 96
373 25 112 53 718 31 1257 16 1383 4 1074 41 899 10 1466 24 396 12 122 45 1473 28 957 26 1279 16 38 45 1139 17 1454 18 1360 8 127 3 1165 13 874 3 877 9 1299 17 945 26 443 23 1259 30 819 46 984
374 25 174 1 483 19 826 63 329 24 1121 42 1047 1 599 28 801 5 1 30 209 62 989 31 173 72 56 15 883 29 713 81 1036 11 207 28 112 70 1043 25 329 20 1194 58 1050 32 250 72 61 1 44 50 1491
375 25 149 13 686 7 306 9 565 41 109 45 1353 10 572 7 1175 56 1047 14 670 14 343 1 377 32 318 69 1084 43 431 102 1043 15 184 14 1062 6 225 28 956 112 516 41 795 7 1097 1 1256 6 926 54 1235
376 25 88 3 600 7 1237 2 241 7 324 2 1479 9 332 16 376 40 602 3 1478 83 767 23 399 47 518 12 478 5 1335 13 1172 48 1168 2 304 2 560 29 807 7 23 11 15 24 1199 13 185 9 943 23 715
377 25 108 9 367 22 1301 10 625 8 599 15 898 32 1091 40 960 52 1314 2 944 9 952 8 82 28 952 64 1359 61 112 11 314 30 1452 23 29 30 714 23 186 20 84 11 706 10 312 11 989 9 456 3 720
378 25 122 3 1270 44 744 22 273 18 764 37 703 11 445 32 1111 1 637 51 97 4 523 77 1105 2 370 4 538 11 665 73 230 59 913 53 781 19 666 49 1345 11 105 20 310 1 1282 2 960 6 1157 1 617
379 25 140 16 498 29 1149 43 223 3 1301 15 444 36 1220 31 1459 37 838 1 1056 6 266 56 1203 2 734 87 988 12 1266 54 327 8 594 77 122 14 883 78 1374 1 546 10 1271 21 1067 5 1027 54 480 5 617
380 25 165 30 883 8 1228 56 1068 75 145 26 526 30 1302 28 241 21 127 23 80 33 16 33 1473 16 1134 46 70 31 434 76 296 36 668 76 589 14 355 47 1049 16 903 14 263 21 385 37 54 28 244 4 328
381 25 113 11 313 12 356 38 802 21 267 24 614 5 790 13 1408 22 1147 25 857 20 1236 38 706 6 748 37 990 18 363 14 552 5 342 57 502 12 784 100 897 20 949 23 917 2 445 17 373 9 387 20 1193
382 25 129 12 1171 4 597 43 406 6 1410 35 528 34 1300 38 932 49 1406 4 245 45 805 47 17 8 822 67 236 31 512 26 1375 46 482 13 572 29 146 24 152 4 426 2 1200 33 455 38 815 2 598 9 188
383 25 139 11 933 40 1405 63 1314 30 1226 27 1437 79 311 5 427 18 360 27 1374 9 1343 40 1060 5 950 2 535 29 320 1 19 11 621 5 425 37 214 57 723 6 599 43 295 19 920 54 977 80 118 1 220
384 25 105 53 1158 12 112 7 738 30 466 9 1381 5 942 4 579 3 1468 10 71 14 236 77 832 27 531 19 1284 13 1069 16 71 2 28 24 476 20 1155 34 353 8 1434 2 1192 41 942 6 412 79 423 14 240
385 25 134 64 81 14 868 14 787 16 757 4 823 10 737 26 685 10 722 12 1221 33 687 34 804 29 44 31 408 35 45 66 226 14 726 2 1127 46 1281 39 273 67 996 3 413 20 56 6 77 30 575 46 1203
386 25 139 123 746 7 1392 101 133 6 483 22 745 29 845 13 1433 11 560 8 1111 29 808 41 1093 11 278 25 724 2 1113 14 70 46 667 6 1102 64 9 19 66 14 1144 4 1170 1 268 2 165 26 1034 74 429
387 25 123 1 1057 20 1005 29 1307 13 1496 16 427 36 19 7 494 4 156 1 1475 30 592 43 157 19 567 23 780 5 549 24 1235 22 348 22 384 54 931 5 486 15 326 91 324 4 1244 39 1423 56 1089 39 845
388 25 142 4 311 48 1296 30 795 4 584 2 731 1 1301 41 1310 70 274 54 916 25 4 38 1251 29 959 7 898 21 993 53 1344 57 1145 16 910 10 561 44 1094 12 594 112 460 3 660 5 508 17 967 10 890
389 25 79 13 306 8 1052 23 231 8 281 39 95 26 122 41 1366 33 1493 4 1312 5 1467 14 1456 6 34 1 77 39 251 2 269 3 383 2 837 32 161 30 1350 7 843 2 1345 17 1334 28 220 3 429 12 1323
390 25 134 10 166 3 653 26 821 38 884 46 291 13 644 13 517 5 188 28 772 17 1010 18 1205 40 420 48 636 65 62 13 890 37 563 14 614 46 539 15 484 17 1225 42 1308 3 1426 52 559 63 650 1 441
391 25 133 11 879 13 1137 24 1154 29 34 41 962 14 85 19 968 105 1067 36 706 99 831 11 248 30 184 21 882 12 752 21 326 64 938 3 1366 4 310 6 967 43 684 1 948 7 982 2 54 20 52 33 303
392 25 120 51 485 28 274 40 28 22 1202 17 442 5 496 17 943 7 580 7 1464 40 290 25 209 15 22 45 270 34 1007 69 545 4 1159 10 954 2 873 27 249 11 1081 12 1193 51 816 2 1357 45 1434 15 722
393 25 144 18 260 12 1318 6 1075 4 193 3 380 7 1235 12 347 91 118 80 581 66 76 10 1445 6 186 16 556 6 441 41 1201 37 840 35 535 19 859 63 452 18 537 7 957 36 697 34 1367 9 149 85 213
394 25 123 9 427 34 710 60 751 44 547 2 727 38 1251 35 427 12 43 8 88 23 184 20 1041 27 1448 18 623 4 1419 12 566 24 1487 22 1188 27 1378 7 1203 76 675 11 169 4 1344 3 609 32 895 65 344
395 25 145 39 890 56 1425 1 1290 47 995 16 868 90 1275 22 1108 62 395 11 505 46 296 3 653 14 995 37 680 33 204 20 1012 19 1245 39 30 10 600 12 127 3 1405 39 1392 19 1329 8 54 74 980 9 121
396 25 147 53 1414 17 989 36 1209 67 1071 28 1375 19 614 56 164 10 1088 12 585 62 1067 59 785 66 948 44 777 38 798 31 508 11 269 5 1167 26 1482 5 1268 5 152 13 676 31 1486 7 374 9 478 27 1220
397 25 145 9 92 55 838 35 9 49 579 46 1467 5 145 30 736 79 1113 2 1054 9 1228 14 1318 1 226 19 441 65 1406 53 4 14 800 4 530 51 433 69 1202 45 421 37 310 13 931 2 1340 10 457 10 924
398 25 107 11 1153 26 45 13 159 8 44 18 1222 48 1246 18 597 54 13 2 587 12 494 14 350 90 1479 5 77 12 863 3 432 27 718 9 787 37 974 24 308 3 1492 34 219 29 602 2 1472 25 717 12 1144
399 25 146 18 1152 15 1209 71 1146 11 64 8 522 7 212 102 1125 4 1334 13 1290 19 856 27 1479 26 588 36 1331 13 565 75 1287 63 816 28 639 48 653 12 678 3 901 67 235 25 633 26 862 3 1454 13 1055
400 25 154 6 78 62 480 68 140 17 12 9 1203 30 1487 11 667 90 717 7 284 3 265 56 400 8 796 53 817 6 96 28 781 1 313 25 364 35 932 32 224 10 31 64 1131 48 166 82 1260 4 1488 15 239
401 25 137 17 1063 4 534 14 435 73 213 74 970 23 752 35 671 11 1163 34 1039 91 1139 5 142 12 897 12 256 32 906 9 659 28 1050 59 202 16 1138 39 553 33 80 10 746 1 1273 31 1354 16 855 10 242
402 25 114 9 830 17 852 22 1266 53 1316 6 498 5 1064 61 1275 22 184 49 786 28 513 15 591 8 786 54 541 7 1462 1 762 9 1415 3 839 17 106 56 953 2 270 34 1439 4 1416 22 972 30 692 40 227
403 25 107 5 1139 14 37 44 1019 23 1261 18 737 8 215 1 592 30 1306 28 1304 3 931 22 885 6 109 30 992 13 1222 20 281 42 1475 12 153 41 405 4 815 92 1380 3 830 23 541 48 676 7 386 2 89
404 25 115 87 179 70 443 38 137 3 1134 2 680 14 327 18 364 9 594 10 1474 50 515 6 1139 26 613 2 710 29 1081 3 839 13 1460 21 1185 25 1487 57 896 20 32 5 529 8 1442 25 227 20 633 15 699
405 25 139 76 1314 83 1205 26 1285 9 1307 46 1104 62 768 55 1031 3 1128 1 1141 1 1338 20 411 21 434 4 938 24 1027 17 664 18 1172 63 1268 17 1133 8 728 6 1125 21 688 13 621 26 708 48 256 29 1133
406 25 166 16 1118 13 1391 31 431 14 1220 21 1010 41 25 93 431 61 443 12 169 102 944 16 408 10 670 42 113 47 443 20 529 50 409 52 284 24 893 58 525 57 187 33 513 4 750 3 212 9 1240 3 648
407 25 91 36 479 11 35 36 55 24 1363 4 354 8 166 7 1099 17 1371 7 193 3 1142 49 301 17 616 1 525 10 318 4 153 13 195 7 1159 21 500 22 364 2 1496 10 586 47 12 64 1121 29 90 6 539
408 25 155 103 1181 125 910 17 76 17 49 45 209 11 927 14 627 18 400 7 1349 24 657 64 1320 27 762 21 1212 26 520 59 1127 2 81 7 1326 10 1414 47 1371 16 1294 12 627 15 67 10 904 40 514 42 1480
409 25 133 12 968 98 1469 9 79 17 391 41 936 3 1289 4 1210 36 931 8 626 6 256 53 705 14 19 46 302 72 594 45 572 10 1234 10 446 22 282 21 299 21 593 65 1088 25 120 9 484 16 1488 2 1064
410 25 128 24 222 26 1329 6 1483 5 228 92 918 11 367 4 130 2 1396 73 90 26 42 16 932 64 150 24 88 44 275 34 537 13 1455 38 909 8 261 3 1186 12 1269 21 1265 27 1003 22 1403 15 1182 33 1064
411 25 128 5 1069 35 194 74 723 61 191 14 290 2 341 2 11 38 1032 14 1372 48 915 71 923 43 1005 13 1477 36 895 5 227 1 263 14 173 1 1410 6 1378 60 324 9 511 1 749 43 499 23 178 21 1165
412 25 120 7 728 5 147 2 842 8 1189 16 816 14 851 14 1451 12 569 25 576 22 1229 39 1045 51 1051 65 362 45 1254 1 1321 21 1015 69 904 20 870 21 1479 24 486 22 802 7 78 34 762 24 1357 35 1433
413 25 118 57 1389 23 1190 46 777 2 493 18 533 3 1371 19 273 2 1132 1 247 16 322 6 1078 6 560 73 1056 3 134 9 1060 12 602 15 692 69 1050 38 1255 48 1159 13 617 17 1345 7 484 53 1235 36 731
414 25 129 28 294 27 152 3 1224 71 1002 8 912 57 125 17 1351 76 205 36 186 3 1432 4 397 32 745 13 943 45 960 7 1255 21 650 21 404 41 1378 1 581 14 1 31 865 10 665 35 832 16 1270 29 1350
415 25 101 9 385 43 520 39 1296 29 1225 13 1353 10 552 5 512 24 1445 32 361 6 988 16 801 2 805 23 863 6 744 15 1083 44 189 37 495 7 225 18 600 21 1174 34 39 4 915 10 1051 60 740 1 564
416 25 105 16 1096 22 716 14 482 4 1254 8 496 12 125 16 423 27 421 24 738 28 1397 40 436 15 588 5 32 39 1173 6 954 22 840 25 1037 46 181 8 338 4 380 15 392 38 71 25 19 20 1315 47 993
417 25 128 8 496 42 965 25 1000 4 799 35 1239 28 5 40 509 9 580 1 1013 14 486 15 1076 5 1047 65 959 8 1139 16 287 43 450 14 723 25 788 37 838 4 1040 40 343 108 574 9 930 4 409 43 168
418 25 129 47 730 6 749 11 619 14 144 63 439 45 402 4 1274 17 604 39 533 7 772 26 88 3 915 65 1009 8 1038 20 851 7 532 49 954 2 557 63 1126 52 553 40 841 17 1477 6 1366 31 379 4 500
419 25 106 8 295 16 150 3 103 4 1171 51 1093 36 876 14 126 41 1225 2 435 27 466 18 160 27 562 15 1245 12 442 81 1074 30 655 12 1452 4 425 20 658 6 427 29 1467 26 1487 34 514 9 180 6 814
420 25 103 52 464 9 884 4 1421 56 331 24 104 26 325 10 1426 40 1205 15 629 1 892 44 1458 3 456 8 398 1 1293 25 493 46 599 8 233 18 155 3 1010 20 462 14 578 38 464 11 717 10 1396 32 296
421 25 112 9 684 16 975 3 186 20 325 2 527 44 621 6 203 15 643 36 577 53 1466 21 1140 21 1183 4 365 28 1230 5 1078 40 594 83 981 26 656 7 368 30 529 1 1466 47 278 16 743 14 403 16 444
422 25 96 32 180 23 304 33 1139 7 639 1 1325 2 504 29 251 3 872 28 373 22 75 29 486 14 759 13 1369 6 239 16 1392 40 1320 2 1045 19 1034 77 571 7 1136 5 1277 7 1158 31 1192 26 390 9 1055
423 25 174 21 107 21 238 76 5 55 154 11 1367 26 577 73 15 18 66 24 867 60 82 21 830 3 913 16 1389 48 1214 42 137 96 1260 44 815 17 888 2 389 1 80 18 555 22 265 32 306 83 1005 40 1283
424 25 83 2 350 1 1084 6 1328 12 1361 20 755 4 527 66 1310 19 119 2 136 6 339 24 739 62 461 16 1273 27 157 25 1469 72 218 4 699 12 387 10 177 5 371 3 1259 3 520 1 1280 13 31 2 1416
425 25 92 2 636 15 1355 9 594 3 1169 17 890 4 921 8 541 51 232 51 361 3 759 21 333 70 392 7 205 3 1393 1 1327 43 198 44 201 4 478 28 326 3 762 17 852 14 1463 17 765 23 224 4 776
426 25 106 32 737 34 1002 2 1299 66 1404 1 144 11 1155 80 1342 30 780 33 184 1 581 6 1317 18 1474 16 1423 3 958 6 332 8 260 28 27 17 1407 24 369 6 1390 10 1411 26 1200 8 157 6 959 60 832
427 25 131 9 190 14 136 30 1093 35 536 48 1081 44 923 25 1063 36 1398 5 1394 32 256 6 397 44 957 1 567 9 1438 59 10 13 1446 18 1194 12 1315 20 1464 7 66 26 892 38 1139 89 45 29 56 6 875
428 25 127 32 1403 48 369 49 994 52 1251 1 155 5 969 8 265 13 748 14 68 19 1066 43 994 65 758 42 454 60 422 13 1026 1 1345 14 1013 15 410 6 626 51 1383 27 547 10 1047 42 1315 2 872 5 577
429 25 144 49 417 6 514 48 167 5 1339 34 743 14 1132 46 1231 16 1102 27 132 40 1478 39 482 21 141 69 767 19 192 45 641 6 317 21 664 60 328 7 420 4 396 23 475 10 563 14 1065 16 1077 84 432
430 25 182 85 437 47 683 19 607 70 835 34 293 12 956 86 626 69 1393 36 585 5 99 36 1405 78 313 73 171 47 1054 21 839 5 157 12 233 14 1153 10 1172 6 711 53 519 28 735 17 1116 17 1230 31 387
431 25 100 11 1254 10 34 6 863 8 709 28 1045 6 1408 41 778 6 1242 7 958 70 283 8 459 49 1056 80 537 8 406 64 238 50 780 3 838 1 1411 7 780 2 143 6 152 15 1492 7 878 4 245 6 733
432 25 113 2 211 31 531 15 1283 57 372 12 647 42 722 16 952 3 243 3 1050 50 1351 9 830 43 968 45 802 8 1216 8 64 8 608 11 129 5 1252 15 73 31 457 27 718 52 983 32 585 10 960 32 854
433 25 109 25 298 52 766 4 911 10 475 31 162 40 362 15 451 12 996 81 1122 12 103 12 1433 15 260 1 282 24 1455 13 211 6 688 18 901 46 963 18 690 15 948 11 1413 9 437 44 261 4 1388 28 258
434 25 134 5 416 23 66 30 560 15 185 53 968 82 1111 6 1297 11 524 114 107 11 308 10 263 9 837 10 1463 53 933 28 298 4 1417 37 1272 39 401 24 416 10 918 10 276 1 1442 41 785 37 1279 7 188
435 25 114 1 1222 91 236 10 275 7 1069 35 440 7 858 40 145 26 550 28 137 17 1320 15 632 11 208 9 1142 16 602 4 1139 7 219 3 917 115 324 19 872 25 609 1 554 25 809 2 1287 6 140 53 1455
436 25 138 4 518 7 967 19 48 35 1363 87 675 20 839 53 913 13 927 4 1420 55 1096 5 86 57 482 39 1097 12 973 7 60 11 928 110 1481 16 126 15 219 2 898 29 331 69 935 8 1216 15 1027 1 503
437 25 145 29 1452 29 611 13 352 46 1382 29 1359 28 526 43 577 13 1500 2 194 56 557 95 1377 8 1013 17 493 65 886 10 553 13 1304 4 1131 62 1307 4 1171 3 99 66 38 11 1175 59 1188 15 888 8 1033
438 25 89 35 157 5 772 4 1426 6 235 29 2 13 410 5 1446 10 670 29 1380 7 501 44 759 28 271 30 1172 1 1078 8 606 3 1016 6 971 35 311 5 1318 14 1042 18 1263 67 750 30 533 3 1460 10 876
439 25 136 18 1497 75 499 44 130 37 229 23 1175 25 529 2 779 20 162 7 1117 6 173 14 910 43 1113 14 1038 41 1218 21 405 10 1173 56 684 40 1169 33 504 9 547 9 735 39 182 52 1150 16 706 27 1071
440 25 100 3 853 1 1472 19 999 18 346 6 99 17 1470 13 721 52 697 9 865 4 935 45 813 2 436 6 693 33 110 10 1298 14 541 24 687 12 628 33 1151 31 378 34 584 23 784 4 1481 50 1027 38 59
441 25 179 37 1020 18 1014 101 451 30 601 10 913 34 1191 14 799 79 459 25 792 8 829 29 460 11 902 14 1067 15 297 26 228 59 1112 3 846 69 1389 36 732 29 1344 59 207 42 442 3 998 143 120 1 758
442 25 123 31 1393 51 464 33 1126 61 129 10 649 18 265 15 1049 1 1484 19 1345 28 1239 54 203 14 642 27 810 15 1488 17 401 52 652 6 313 6 514 16 133 18 291 42 140 23 322 30 1368 13 453 15 328
443 25 137 2 792 7 379 57 171 8 1108 24 160 14 983 16 780 30 1338 9 826 76 643 17 1046 22 434 55 870 10 827 3 961 71 1190 22 882 31 262 20 1365 44 1411 10 1402 7 260 90 622 5 1267 35 1333
444 25 114 9 195 55 6 28 856 2 216 39 862 3 218 32 1419 52 1420 17 805 4 460 2 890 62 1000 7 329 16 841 5 14 2 688 19 170 34 597 16 131 7 1309 1 884 49 377 23 1139 53 572 36 111
445 25 144 31 193 34 979 17 1015 33 1423 2 114 7 865 42 554 70 132 23 1354 17 245 10 1289 18 1195 4 1369 13 429 11 933 55 923 48 135 6 21 6 1114 3 487 65 1422 80 1292 18 738 54 355 57 108
446 25 141 42 1390 38 309 30 1437 17 857 47 500 38 1284 48 781 17 448 8 1066 46 1082 2 924 26 783 22 152 8 357 35 837 11 1422 58 1484 68 1372 27 1315 2 500 79 1049 6 1455 6 1487 4 86 21 757
447 25 104 4 1421 30 873 21 437 33 900 64 426 17 256 10 72 45 837 1 124 21 845 40 315 4 434 35 1035 8 1100 9 344 8 123 4 58 76 660 13 927 5 378 14 5 3 1215 12 13 13 955 32 97
448 25 93 13 1351 27 156 8 562 36 1144 19 92 26 771 7 49 25 238 14 1209 21 631 8 1176 3 826 6 1007 10 283 36 1200 5 1074 38 54 3 616 44 835 22 295 21 1 11 1107 26 673 31 878 6 85
449 25 143 17 522 16 975 24 978 32 837 26 919 20 1355 2 23 25 651 4 117 17 795 52 556 51 1328 85 8 16 1226 103 1411 3 857 13 523 40 626 3 1258 22 648 49 996 2 1404 67 330 22 185 7 316
450 25 103 16 326 16 630 12 826 3 61 9 713 13 64 30 465 36 579 26 122 6 489 7 786 21 44 1 527 28 726 14 1163 16 669 6 1306 94 72 14 1248 22 616 50 138 13 129 32 1243 9 1010 21 1390
451 25 127 21 1116 101 1266 1 937 26 1412 30 596 32 1164 3 130 52 1477 9 1007 6 178 1 664 2 1336 73 1500 20 53 79 166 1 1164 8 871 3 118 6 317 1 375 51 982 18 228 26 1163 10 227 58 619
452 25 161 53 1122 3 1354 8 1100 1 671 14 763 3 823 16 1133 136 221 22 569 120 1161 35 1210 78 1312 62 1411 6 1474 59 1493 67 963 2 822 9 1347 34 268 9 726 19 527 8 444 8 613 30 1301 5 1317
453 25 93 2 837 9 1064 19 1337 1 216 6 20 2 258 22 1285 14 1006 9 862 14 874 65 1302 41 996 12 1492 9 1492 9 1333 4 1064 14 319 23 725 71 124 44 751 4 1430 5 1439 46 645 19 1391 4 713
454 25 121 23 1177 25 781 25 339 2 147 1 993 89 238 8 1129 41 230 42 1333 3 483 71 925 21 392 20 969 4 76 43 97 28 198 9 1343 16 1412 3 315 28 1071 9 1254 29 506 19 45 30 317 19 316
455 25 119 7 1217 6 811 13 304 7 1077 17 311 3 786 3 1122 66 755 4 185 4 907 4 816 33 1133 50 1320 30 705 3 195 42 268 6 893 65 954 2 36 41 827 83 288 24 755 6 588 13 182 65 28
456 25 104 2 347 15 1443 2 1333 20 517 40 532 4 821 25 589 8 250 17 1357 5 1063 6 1255 11 630 58 76 54 754 45 367 18 818 1 25 23 630 13 917 4 147 17 880 2 104 80 253 23 505 31 755
457 25 148 109 1428 26 1033 9 383 3 657 25 1109 60 407 25 35 19 878 19 916 60 426 12 1286 17 151 45 169 56 1039 7 205 10 1050 12 1201 25 344 73 1194 8 493 27 432 50 373 6 803 36 348 1 1427
458 25 173 139 1019 37 1273 23 1161 3 1419 47 189 168 1216 15 1217 11 1201 13 456 10 694 69 1002 38 1272 8 1489 11 350 15 1274 17 640 112 912 18 467 28 538 14 1347 16 225 21 644 21 970 6 12 9 1101
459 25 127 24 1182 2 837 7 525 15 437 42 615 2 528 21 290 15 437 71 1246 35 729 1 530 71 72 14 381 20 131 2 1049 37 317 58 213 66 88 7 524 75 832 13 255 3 1193 19 1430 5 1352 14 1138
460 25 106 32 391 45 578 27 1473 31 498 30 780 17 294 6 926 2 1460 14 189 7 771 9 718 45 658 19 766 8 1192 31 1470 26 1348 8 752 37 583 16 1500 9 355 3 609 15 565 10 1163 3 871 80 918
461 25 108 17 33 5 419 41 1438 14 389 46 416 7 478 2 1196 1 740 32 1190 57 1177 3 268 10 829 18 699 28 424 12 272 17 1103 30 1245 5 952 55 465 65 212 1 217 11 444 8 1461 12 1102 46 345
462 25 128 39 661 25 1480 2 4 29 143 16 456 35 788 12 1129 19 966 40 1295 12 240 33 1004 14 913 16 1319 6 772 4 713 51 793 3 671 33 13 42 735 24 1031 77 539 4 145 44 321 11 752 51 1471
463 25 173 23 1018 20 984 20 851 11 559 10 1010 10 650 51 1195 10 315 57 355 14 542 13 333 5 109 26 241 110 1080 37 442 27 1453 12 160 34 1361 6 719 49 709 34 1057 56 485 16 1055 167 929 50 202
464 25 117 8 1089 39 508 26 1351 19 902 14 527 109 632 30 310 38 1193 11 1500 6 500 5 541 58 1345 13 325 32 301 32 130 5 375 50 1204 21 163 20 1386 10 97 2 63 9 1119 18 1173 10 812 4 1196
465 25 107 27 1449 2 973 5 487 38 605 23 939 39 119 20 83 22 245 5 299 4 670 31 1270 22 188 31 646 17 754 10 332 6 284 16 560 3 1182 7 127 52 1161 50 613 26 1460 58 338 7 791 16 1043
466 25 121 5 198 22 729 17 837 40 13 20 1328 76 1237 79 1247 19 917 14 1041 23 695 15 675 18 438 51 1236 33 847 29 1182 7 327 21 1016 31 828 17 514 16 898 11 394 11 314 1 734 5 241 24 203
467 25 122 1 1279 3 646 2 293 63 861 20 868 6 29 12 1068 5 946 37 1446 25 528 40 1233 26 1218 30 1436 4 522 42 1166 38 396 27 60 10 289 3 651 38 1272 61 1475 20 435 45 262 30 572 25 582
468 25 114 7 1419 8 1222 37 388 38 237 2 1478 45 304 16 1202 25 1292 27 386 15 289 6 1189 69 931 6 453 36 146 15 1328 14 879 45 218 5 987 19 893 35 1409 5 563 15 223 34 1188 25 1314 23 1338
469 25 130 48 234 18 74 48 33 10 986 8 463 32 266 34 1495 2 937 6 369 7 270 27 1148 71 1349 17 1374 47 279 20 274 13 1125 27 681 10 1193 16 671 10 982 121 774 10 579 31 229 19 112 1 1457
470 25 109 3 262 25 817 11 852 56 889 55 597 20 364 40 96 1 791 19 1417 7 1061 7 321 26 285 13 835 11 92 14 472 47 1054 19 478 9 1169 1 661 62 101 14 1352 27 1131 6 438 34 1430 20 114
471 25 135 31 114 3 724 22 884 11 622 47 356 15 601 147 322 14 1274 62 138 18 503 25 12 3 1333 16 444 2 1245 9 512 16 807 10 122 42 257 12 1312 24 1352 6 800 12 816 60 816 44 930 24 497
472 25 119 18 912 23 419 73 1156 16 778 7 1191 4 1481 6 1072 22 1105 21 755 10 104 13 1470 12 312 86 446 14 732 9 1064 26 218 16 1152 42 152 1 947 48 1466 67 760 35 778 2 690 24 579 3 853
473 25 125 12 528 25 884 4 1071 16 1256 33 1413 29 658 25 792 12 1439 17 396 1 1442 16 920 29 731 51 348 3 449 13 1380 10 224 16 1340 5 207 83 304 22 1128 20 1028 2 1304 52 758 84 312 46 1296
474 25 74 20 488 29 1193 17 581 12 166 4 919 10 597 59 114 2 138 8 878 3 1047 6 419 11 442 30 628 11 1112 3 1482 10 307 16 1293 17 716 16 525 3 934 18 785 29 1004 32 504 4 917 4 989
475 25 100 10 15 69 699 32 592 15 53 6 1195 66 109 3 261 6 353 3 958 1 83 2 894 49 267 22 519 25 1478 16 1354 15 1377 15 1429 15 507 23 763 6 1443 36 1382 3 858 8 359 40 195 15 140
476 25 138 4 1347 5 243 1 468 21 474 20 632 1 1156 18 399 43 330 12 1237 14 1328 71 356 8 513 6 535 157 1259 16 1066 12 796 27 413 8 243 5 392 41 722 70 630 24 457 69 498 30 856 8 1099
477 25 129 26 559 10 486 45 168 125 143 38 605 22 651 4 113 16 1298 30 920 2 1422 39 789 15 1105 12 916 40 1086 9 1376 8 1480 60 163 4 238 15 323 10 359 2 150 80 893 7 121 17 1047 11 888
478 25 153 18 777 19 731 7 1115 2 629 63 1103 60 1164 51 675 78 509 51 754 26 1019 2 840 70 439 19 930 14 645 2 453 18 419 28 1227 41 88 8 41 26 660 28 710 32 139 5 1206 32 528 69 1333
479 25 124 15 1059 43 448 37 415 74 893 5 374 1 442 11 290 21 290 22 1085 7 1124 3 626 13 159 4 1133 52 1403 8 1053 13 208 9 129 17 233 25 114 65 725 50 357 25 150 31 872 45 881 26 427
480 25 124 7 1056 7 971 15 1412 9 316 3 406 24 1488 111 364 33 548 4 1085 8 1266 14 675 33 690 34 395 22 506 17 994 29 1149 11 1127 89 591 17 1354 72 421 14 1191 20 379 1 158 8 1392 22 59
481 25 154 19 1287 17 1282 65 21 2 1247 73 1145 3 1365 48 1313 1 443 32 333 44 1437 7 762 82 691 3 1369 44 934 99 513 2 1394 47 1438 1 71 16 1133 15 189 7 713 45 738 11 1316 12 615 76 574
482 25 121 15 683 43 885 66 1275 5 1448 20 931 18 444 1 1163 3 105 43 41 10 379 5 550 64 649 55 1014 66 843 25 316 1 988 8 153 57 703 10 332 3 1159 30 1497 37 46 1 69 15 521 4 733
483 25 97 14 328 16 267 3 1178 33 1416 32 815 23 244 9 538 19 751 20 666 7 421 24 1320 61 70 9 1423 21 706 30 7 24 898 24 123 1 91 1 1334 9 49 28 368 4 308 27 377 27 1161 21 1172
484 25 134 70 1423 28 1339 113 1183 26 103 12 1239 20 965 20 1500 7 850 42 292 10 431 19 1089 25 549 9 372 52 870 2 770 60 588 13 1125 12 1339 37 1437 11 1461 25 1212 17 1362 9 357 21 778 14 725
485 25 129 4 618 62 446 8 1495 49 1127 19 177 3 384 35 919 33 115 5 1331 24 530 112 111 34 583 10 1484 33 687 1 173 24 172 13 536 27 800 36 696 15 55 18 832 18 484 28 591 18 1342 19 1196
486 25 135 1 191 46 906 6 1201 44 387 38 373 53 394 75 109 6 226 19 624 4 1410 4 475 24 1293 2 436 14 165 20 1464 76 399 8 824 6 1429 37 1198 33 963 58 1467 45 355 35 1495 14 152 7 93
487 25 173 9 480 65 1222 84 555 39 184 62 267 12 1005 41 206 28 1160 10 497 61 873 43 22 39 38 19 1190 76 1049 6 1061 23 716 11 127 38 1093 28 685 55 1427 55 676 1 1162 14 178 22 1426 25 1263
488 25 125 33 1130 98 145 18 1236 4 1493 8 1046 6 796 10 384 7 607 25 1012 12 10 31 386 9 156 52 900 7 457 59 85 26 788 40 648 48 1323 24 1331 15 296 17 18 7 26 17 399 30 188 24 1118
489 25 137 75 347 59 1026 8 505 7 760 66 804 80 547 15 1068 45 292 4 405 16 845 57 1069 4 188 32 729 2 48 22 361 7 850 7 1164 23 719 16 421 2 1452 63 205 7 55 7 1120 60 239 4 311
490 25 117 16 964 4 766 15 627 14 1323 9 656 4 857 15 130 1 1303 12 692 6 1015 32 53 101 1118 13 1271 5 483 40 649 2 536 32 676 19 426 46 743 26 159 19 866 37 717 7 414 36 813 75 928
491 25 138 19 994 69 316 39 767 19 1432 26 207 47 424 36 294 15 1223 45 138 33 83 27 721 69 985 7 1102 34 766 8 827 42 1126 5 281 15 605 56 819 18 57 1 286 2 297 32 618 10 646 19 875
492 25 131 7 691 21 1147 24 561 40 1000 11 1466 46 267 53 1207 65 1044 1 1485 30 110 6 120 12 1443 41 973 21 1217 11 660 21 923 34 6 15 1020 15 209 3 526 40 20 81 52 16 1015 35 495 9 1159
493 25 118 35 739 31 82 53 784 6 399 20 924 2 1448 6 896 28 1297 17 771 5 1037 61 1337 25 214 1 92 9 628 13 333 62 539 1 831 3 1403 58 771 33 303 36 475 39 1298 7 829 2 1450 40 26
494 25 146 40 493 48 732 1 285 29 886 20 830 27 157 34 1458 24 972 35 751 8 774 90 1300 100 493 27 913 13 450 8 1083 46 38 46 474 25 90 5 538 23 65 32 914 2 192 28 220 2 1100 18 277
495 25 128 4 766 24 1478 67 360 2 264 68 346 20 1019 18 262 55 317 40 877 26 108 36 1312 13 844 11 42 8 658 1 583 24 196 6 479 18 190 30 662 25 34 5 1052 38 1444 74 987 27 722 4 456
496 25 154 5 729 83 1118 32 239 18 288 4 851 14 949 59 1480 12 542 1 316 85 604 13 642 9 952 51 1046 26 1285 13 486 6 730 9 1294 91 1112 26 691 4 228 13 1090 85 201 39 424 42 18 30 995
497 25 102 24 1436 29 445 20 575 16 140 19 436 29 354 1 1159 18 1433 30 353 9 470 30 269 8 657 41 37 13 657 27 745 2 582 7 1420 72 299 8 459 18 659 7 1009 23 1163 6 1226 49 617 7 681
498 25 193 56 289 21 786 18 468 41 364 23 642 32 1087 88 413 35 654 40 1465 43 1218 60 1239 4 1074 107 1350 3 802 28 1244 6 1390 41 586 22 1190 23 1061 76 270 37 90 38 639 22 137 46 380 59 806
499 25 120 2 22 17 845 26 1189 10 532 41 519 20 186 13 507 11 302 12 265 26 1170 31 314 23 1302 40 122 11 1002 86 184 16 1118 63 535 11 1364 26 1403 27 1219 18 795 8 436 9 515 21 1004 32 379
500 25 118 20 1249 11 1498 21 1270 13 277 50 696 19 730 12 245 49 1295 5 382 31 952 15 1432 63 1328 5 1224 39 1332 17 950 11 380 9 402 50 622 24 173 6 1191 40 132 10 226 25 378 28 450 20 1119
