1 22 161 44 88 52 246 243 1186 179 933 33 99 65 276 176 831 181 871 19 110 257 1282 81 492 286 1428 294 1466 9 124 164 822 198 986 220 1072 146 745 27 107 163 758 240 1212 152 729
2 22 156 10 93 281 1404 100 426 9 148 202 973 172 863 105 464 181 959 192 991 50 359 18 182 249 1221 106 490 197 1006 49 338 159 757 59 337 103 472 257 1284 283 1417 287 1437 64 340
3 22 172 161 849 60 229 286 1425 178 835 104 433 81 438 191 974 211 1028 26 256 144 733 223 1111 235 1189 208 1019 213 1089 14 54 223 1088 42 218 208 1065 140 758 217 1087 100 438 186 913
4 22 172 95 407 231 1125 99 421 142 718 92 495 246 1241 31 273 200 954 97 581 114 624 66 235 193 952 79 487 151 726 279 1401 155 765 202 1022 283 1423 63 240 173 901 231 1173 220 1061
5 22 142 69 369 146 664 233 1182 42 306 232 1187 29 243 192 948 166 787 78 370 49 273 49 307 81 376 266 1340 239 1201 20 90 57 380 168 874 191 972 143 771 120 647 40 258 231 1161
6 22 171 115 658 80 315 192 951 80 461 85 410 203 969 267 1339 159 851 70 379 194 1009 98 396 198 956 173 872 243 1222 73 327 35 197 151 807 294 1472 193 1000 176 855 210 1076 142 687
7 22 188 103 468 255 1259 174 923 59 410 212 1036 156 761 151 825 294 1470 298 1488 274 1377 166 819 56 211 68 292 139 650 131 726 66 392 123 566 283 1406 273 1358 199 1037 258 1274 24 65
8 22 174 211 1015 55 326 154 734 248 1231 190 951 253 1260 278 1384 3 106 31 171 100 470 160 761 135 694 48 184 159 751 295 1470 135 723 26 22 236 1155 147 781 247 1211 144 650 243 1233
9 22 156 141 694 258 1301 36 307 214 1057 244 1226 134 626 71 324 89 425 73 462 267 1349 201 1004 94 401 19 16 116 511 36 181 242 1231 98 488 127 684 132 694 241 1195 216 1043 83 328
10 22 159 297 1484 172 809 79 417 121 554 264 1314 282 1408 289 1444 139 692 13 109 3 139 73 311 99 463 203 1055 89 392 298 1490 95 393 2 139 171 869 96 568 51 166 85 442 276 1386
11 22 163 87 500 28 18 11 189 94 447 180 839 83 347 224 1142 269 1359 98 386 237 1177 270 1343 78 326 190 904 289 1443 198 939 100 484 233 1148 97 583 257 1260 62 412 161 803 22 9
12 22 188 212 1084 252 1261 105 437 289 1446 36 252 168 789 190 992 263 1311 116 537 251 1253 151 710 97 535 219 1070 43 248 260 1319 178 935 53 284 135 613 266 1331 272 1355 91 548 113 657
13 22 178 191 950 198 944 202 1035 177 844 287 1430 69 283 158 740 149 811 142 655 126 572 132 596 152 771 88 375 116 654 129 630 231 1125 245 1215 234 1197 210 1058 269 1354 51 352 16 176
14 22 172 125 606 30 117 209 1036 270 1354 118 525 221 1130 161 857 49 359 35 280 240 1166 226 1148 125 688 280 1389 275 1368 72 405 17 58 282 1417 252 1265 12 10 246 1219 207 1066 4 123
15 22 153 113 514 90 403 49 311 60 396 237 1159 60 334 135 721 278 1381 119 543 124 544 124 582 18 170 123 598 287 1429 170 783 240 1226 84 475 43 116 129 607 188 980 238 1216 154 765
16 22 179 90 498 108 545 291 1449 184 865 138 748 95 547 173 805 40 217 280 1397 257 1301 207 1028 268 1344 61 227 136 598 215 1076 189 943 203 1007 28 169 157 770 82 502 159 741 231 1134
17 22 170 218 1053 158 742 234 1173 13 201 170 851 273 1375 43 243 44 217 110 549 280 1393 23 137 53 172 225 1112 86 365 158 736 12 164 141 761 199 1034 246 1227 221 1131 274 1360 235 1187
18 22 129 79 332 96 471 92 463 265 1339 11 62 274 1366 69 244 227 1140 284 1424 216 1058 79 379 39 238 112 633 69 356 17 51 2 118 113 538 152 754 182 901 56 343 151 718 6 76
19 22 186 255 1253 75 284 252 1280 79 373 261 1315 285 1422 270 1350 37 84 140 655 162 808 100 408 202 991 50 193 171 919 207 1006 48 330 223 1152 197 1029 180 848 196 981 208 1008 129 641
20 22 131 22 204 78 436 275 1381 265 1318 88 539 69 451 159 852 179 888 25 78 196 998 24 168 17 123 1 19 8 41 227 1125 6 110 6 122 208 1046 213 1074 291 1446 196 1028 75 287
21 22 146 183 863 226 1167 25 87 172 923 113 645 195 972 3 17 30 258 87 482 137 754 23 145 146 795 85 471 261 1312 147 774 8 9 217 1090 90 430 173 915 231 1126 159 769 214 1111
22 22 175 233 1138 189 959 116 603 280 1399 223 1083 141 762 273 1361 37 181 98 543 39 277 293 1464 148 685 122 626 11 126 94 527 36 273 71 330 160 770 278 1393 226 1143 166 817 280 1395
23 22 195 290 1447 111 496 299 1494 115 634 135 646 144 729 163 878 162 817 87 355 6 42 261 1312 73 474 41 150 135 732 292 1454 251 1234 140 721 101 421 246 1231 273 1360 280 1393 300 1498
24 22 169 237 1208 294 1467 110 521 27 233 229 1116 134 652 5 111 66 218 283 1417 262 1293 77 307 280 1397 7 45 150 776 227 1098 118 551 191 940 216 1076 105 502 64 404 4 98 295 1474
25 22 170 270 1364 174 867 54 338 215 1110 43 317 50 285 251 1229 255 1265 267 1339 66 307 88 366 149 698 152 799 216 1065 90 482 192 911 270 1337 105 493 122 598 129 574 212 1088 39 241
26 22 159 17 201 140 738 60 396 145 666 284 1419 262 1290 279 1395 91 538 269 1330 252 1254 121 664 255 1282 137 622 153 810 276 1391 38 149 52 265 2 61 174 816 67 387 91 529 25 251
27 22 163 42 314 211 1051 104 449 67 328 128 565 45 205 136 748 39 192 101 556 165 802 157 797 173 836 162 836 95 516 188 988 297 1482 280 1387 257 1282 219 1073 151 751 145 724 110 602
28 22 183 293 1461 204 1030 55 329 241 1204 167 845 115 546 141 726 143 788 90 434 179 926 57 165 210 1035 284 1421 35 302 117 646 43 154 257 1272 34 66 218 1054 242 1217 248 1230 298 1490
29 22 158 155 783 227 1139 10 73 11 70 237 1205 198 1007 104 483 174 882 300 1499 2 134 226 1133 234 1152 16 50 4 57 47 284 276 1373 235 1182 269 1344 65 265 190 996 176 877 8 79
30 22 169 56 381 37 100 227 1126 14 12 165 886 201 965 154 710 294 1467 51 149 252 1246 236 1160 79 327 228 1155 212 1085 225 1132 55 193 77 352 145 797 118 677 300 1497 95 550 178 893
31 22 151 33 72 57 169 205 1059 155 709 106 572 272 1355 163 839 142 743 255 1274 143 713 25 39 228 1144 285 1427 95 381 232 1183 95 451 24 122 162 847 3 41 110 581 104 584 128 575
32 22 158 297 1484 218 1083 54 343 213 1028 63 252 294 1468 16 89 74 398 38 159 155 822 110 560 12 74 1 48 78 408 92 405 240 1174 227 1150 167 809 203 1043 294 1471 50 350 275 1364
33 22 143 140 654 63 258 221 1142 7 82 174 924 114 542 137 632 134 600 60 286 191 1002 247 1219 212 1038 40 205 189 958 223 1101 72 270 77 394 222 1068 182 924 17 79 74 341 69 431
34 22 153 211 1053 51 316 56 379 141 773 280 1404 170 854 264 1323 6 145 299 1494 49 224 31 21 107 624 53 379 288 1439 47 350 211 1053 244 1210 21 226 5 62 225 1126 70 357 244 1214
35 22 165 254 1275 263 1312 241 1190 188 989 105 435 45 163 288 1442 190 921 193 1008 128 648 286 1426 12 30 234 1171 120 564 88 386 36 231 54 237 261 1284 13 59 62 225 179 934 73 449
36 22 148 140 729 110 498 282 1407 126 702 154 772 150 793 252 1237 55 313 120 593 221 1072 59 273 101 581 105 478 280 1408 1 17 146 699 16 116 218 1050 165 863 46 202 166 823 64 232
37 22 171 15 6 97 519 54 287 156 794 275 1387 266 1325 46 261 207 1006 241 1197 295 1473 240 1192 131 674 42 206 214 1051 188 950 220 1070 64 367 229 1179 137 735 17 171 217 1095 77 415
38 22 164 76 356 3 30 120 563 5 57 264 1336 244 1203 191 974 91 372 266 1345 113 540 168 865 65 251 69 360 182 957 164 788 129 581 283 1416 300 1497 289 1445 6 138 122 530 148 775
39 22 149 176 916 4 83 14 59 10 20 150 762 274 1376 144 708 223 1090 105 526 281 1398 187 894 135 650 244 1242 169 902 95 541 65 372 232 1170 10 163 119 638 185 965 25 134 147 749
40 22 183 40 117 120 542 252 1255 116 571 294 1465 230 1123 21 164 162 772 277 1384 232 1145 277 1392 65 208 240 1185 43 340 212 1080 263 1325 48 204 60 188 259 1280 129 616 140 713 183 853
41 22 154 241 1230 180 917 15 52 266 1335 57 370 128 621 111 519 82 300 196 932 103 426 176 919 182 925 95 475 102 468 97 509 245 1197 135 654 143 758 162 774 177 896 112 519 78 339
42 22 141 270 1335 7 119 152 775 192 953 149 804 47 198 30 224 214 1048 234 1189 12 9 133 684 102 472 30 276 126 685 199 981 20 113 185 946 218 1123 37 247 248 1232 81 482 139 620
43 22 170 254 1244 84 433 271 1355 154 707 279 1396 96 387 28 274 131 605 192 914 269 1345 81 306 185 883 174 892 292 1455 252 1262 65 404 58 342 3 64 189 904 45 349 196 1004 112 489
44 22 139 88 483 56 180 65 405 199 1019 29 267 103 522 4 8 261 1303 269 1344 157 738 110 601 26 11 137 654 188 896 135 619 2 15 53 314 275 1376 91 465 274 1368 129 587 143 745
45 22 152 215 1072 66 334 130 573 206 1023 241 1203 196 982 3 27 49 244 123 640 122 648 17 20 259 1292 224 1148 75 272 38 279 23 70 50 299 240 1191 267 1345 295 1475 23 238 195 988
46 22 182 60 186 260 1311 89 380 298 1487 195 980 108 589 244 1205 29 76 119 637 281 1409 289 1446 281 1398 78 410 11 153 28 195 31 205 213 1070 188 891 202 998 241 1195 122 645 286 1431
47 22 175 250 1265 147 693 101 572 73 344 145 777 193 941 24 201 240 1180 279 1389 32 78 192 944 167 865 119 566 84 347 139 719 201 1034 253 1255 133 689 201 994 176 888 78 278 280 1409
48 22 182 99 562 245 1227 231 1120 170 893 109 468 165 868 3 2 107 550 115 585 226 1132 37 192 262 1324 168 897 214 1096 245 1194 61 217 164 793 233 1168 121 570 128 619 244 1192 300 1500
49 22 162 43 136 171 810 213 1047 232 1182 217 1066 223 1127 205 1017 45 224 108 598 116 527 224 1111 212 1084 36 45 258 1288 156 814 148 807 144 685 45 131 180 922 209 1030 17 195 38 69
50 22 166 122 537 219 1097 284 1418 42 127 168 839 186 917 165 884 198 1026 75 389 6 6 100 522 258 1292 209 1058 38 71 239 1181 45 280 56 237 266 1311 292 1458 266 1316 48 266 44 115
51 22 137 74 373 296 1478 116 525 1 150 28 33 20 44 54 305 122 671 99 453 187 921 224 1091 52 244 263 1302 154 736 101 401 200 1017 144 717 134 743 45 183 151 718 145 707 149 720
52 22 161 109 547 258 1279 66 446 117 643 159 827 148 718 276 1365 134 722 11 154 229 1156 113 603 209 1051 215 1077 66 278 114 474 47 307 110 559 256 1289 257 1276 55 376 109 503 163 879
53 22 169 53 300 133 730 281 1411 150 693 26 49 137 672 103 439 38 138 299 1494 215 1065 184 893 189 960 149 804 76 432 174 913 49 200 142 735 269 1343 31 49 125 692 268 1355 298 1486
54 22 170 7 23 72 361 232 1183 91 484 144 695 271 1364 182 873 230 1167 130 572 247 1221 269 1332 47 232 43 195 290 1445 65 377 210 1078 141 699 74 298 93 481 267 1317 180 839 131 674
55 22 166 195 980 267 1328 101 547 75 465 192 928 97 567 295 1474 87 440 12 2 194 994 83 307 27 65 248 1264 222 1128 48 222 17 217 227 1146 231 1145 214 1064 128 695 258 1277 119 637
56 22 137 196 966 80 415 258 1274 105 612 119 544 25 200 10 171 106 606 9 4 104 606 87 536 242 1195 134 749 273 1355 161 836 213 1075 6 74 33 41 288 1432 55 278 70 434 177 901
57 22 164 85 530 294 1469 259 1302 195 950 246 1222 53 196 109 496 113 494 134 585 171 861 143 676 126 627 195 982 35 190 155 834 83 310 268 1340 174 904 6 25 223 1104 127 666 99 576
58 22 151 232 1169 115 582 55 303 221 1078 44 202 203 1014 278 1395 94 504 107 527 117 667 38 176 179 859 163 795 264 1327 68 330 133 731 161 861 178 910 4 32 66 249 143 724 164 795
59 22 149 87 352 23 15 178 867 31 114 228 1109 250 1238 70 347 30 105 131 603 47 183 136 730 255 1279 252 1243 255 1274 248 1216 30 123 130 573 235 1185 189 918 127 655 11 102 41 309
60 22 188 45 187 219 1060 246 1250 238 1195 245 1247 21 86 44 162 265 1307 114 491 37 208 70 391 56 384 241 1196 292 1463 221 1079 111 579 239 1202 138 756 189 888 225 1141 206 986 300 1497
61 22 161 135 727 203 1022 53 205 258 1270 42 272 148 804 297 1484 43 188 150 724 30 237 185 874 141 782 242 1229 144 696 99 473 217 1103 47 284 17 208 228 1162 235 1174 70 257 241 1176
62 22 148 292 1456 89 426 179 873 260 1287 61 415 145 676 82 401 106 609 145 656 188 926 289 1437 95 389 243 1230 45 255 32 236 90 508 4 92 167 898 19 196 40 146 263 1296 133 621
63 22 151 191 1008 273 1375 20 190 263 1299 255 1275 286 1432 293 1462 21 214 96 531 112 603 35 50 199 997 287 1438 56 223 8 151 188 956 59 307 86 438 157 801 2 72 44 217 103 591
64 22 145 229 1133 99 474 118 648 72 399 41 239 14 38 281 1397 32 87 76 420 201 1037 102 523 113 630 105 537 127 716 241 1174 223 1115 291 1458 250 1258 123 619 60 302 95 399 17 20
65 22 183 85 473 3 151 181 937 286 1433 128 602 84 463 201 1039 250 1258 266 1317 114 579 285 1427 175 828 87 362 153 821 85 451 23 10 136 604 231 1185 262 1315 232 1192 257 1284 136 674
66 22 141 179 878 6 37 232 1189 32 285 283 1412 202 964 198 976 73 423 65 397 289 1443 56 215 118 504 83 335 21 45 63 224 164 849 48 261 290 1451 193 962 73 251 122 605 40 320
67 22 204 208 1073 71 290 236 1199 237 1166 63 276 244 1193 162 770 89 434 263 1314 280 1391 267 1330 186 980 126 566 283 1415 271 1341 179 856 213 1073 274 1360 115 554 44 287 237 1160 41 285
68 22 175 185 958 162 813 146 672 12 77 147 795 99 533 119 533 20 58 170 899 186 886 210 1018 185 901 47 347 195 993 299 1494 189 976 182 918 228 1137 267 1319 109 581 217 1121 138 739
69 22 219 178 930 126 554 189 937 108 552 266 1331 234 1162 236 1184 243 1218 208 1001 272 1350 154 813 273 1360 239 1173 271 1356 211 1028 156 789 130 565 152 737 216 1114 158 722 133 729 236 1155
70 22 116 102 562 291 1453 84 429 108 580 158 757 90 377 13 186 115 653 152 803 231 1186 1 21 199 961 31 203 45 289 130 695 68 233 44 190 63 297 24 159 37 285 218 1049 120 580
71 22 161 168 844 94 545 121 531 78 382 169 841 185 955 41 190 117 531 93 456 181 919 120 552 210 1044 35 93 184 908 168 806 138 698 248 1217 254 1261 287 1426 187 985 136 607 25 226
72 22 149 176 823 272 1356 203 1020 241 1200 39 267 85 382 121 529 42 326 8 79 58 290 208 1073 260 1309 217 1069 95 405 34 278 10 36 209 1079 219 1071 103 511 123 639 70 295 199 1013
73 22 157 191 972 214 1087 52 215 128 663 76 374 115 547 287 1431 84 516 86 422 96 536 192 913 119 648 143 750 208 1017 1 33 228 1113 236 1179 93 488 70 450 219 1095 111 479 201 1013
74 22 184 294 1471 260 1280 252 1262 272 1371 209 1022 232 1180 240 1225 94 392 141 729 39 255 191 906 43 289 228 1156 34 83 238 1162 300 1499 34 107 13 8 108 602 82 314 198 1004 183 964
75 22 144 3 10 54 205 296 1479 124 567 138 667 34 99 105 426 38 68 225 1085 78 285 19 174 182 958 174 839 300 1499 120 662 92 475 130 678 146 716 178 858 230 1182 213 1048 15 11
76 22 169 242 1233 210 1056 204 1048 225 1095 243 1230 96 421 71 359 165 780 62 307 14 109 207 1012 165 794 75 267 172 818 49 315 95 525 120 682 299 1494 293 1464 27 246 230 1135 116 642
77 22 179 258 1296 58 180 198 1036 84 377 252 1243 3 93 103 431 61 321 219 1119 135 683 93 464 106 577 228 1118 187 918 184 901 53 333 122 680 271 1359 292 1458 246 1244 218 1084 214 1112
78 22 189 279 1388 158 830 180 861 252 1268 99 578 235 1180 274 1357 44 265 33 155 243 1199 290 1452 18 146 262 1311 245 1227 264 1336 209 1086 191 908 137 711 65 406 23 18 268 1334 26 259
79 22 176 23 234 130 684 180 845 198 1001 193 968 152 699 153 818 216 1077 262 1307 32 178 260 1298 260 1318 177 857 113 571 245 1227 53 330 167 845 220 1120 137 721 47 120 230 1170 74 372
80 22 137 205 1050 51 297 15 166 273 1376 77 282 51 128 249 1219 139 679 188 965 48 322 8 111 270 1351 60 241 193 941 137 671 23 125 111 481 216 1110 63 253 125 604 113 506 143 719
81 22 121 226 1137 107 473 50 202 242 1215 42 189 21 97 274 1363 34 256 72 360 16 210 72 300 48 282 97 572 28 132 55 325 65 419 64 230 182 949 89 419 272 1369 285 1423 88 363
82 22 181 46 307 139 661 270 1352 199 953 245 1239 214 1103 214 1052 18 12 190 996 209 1030 240 1177 237 1207 263 1315 26 154 145 769 253 1246 170 881 196 972 133 725 62 416 123 559 46 302
83 22 185 138 744 220 1107 142 735 225 1158 24 104 128 584 171 809 67 434 123 619 118 610 279 1387 210 1029 212 1100 266 1318 262 1303 262 1324 3 144 120 566 185 974 289 1446 71 382 187 897
84 22 175 232 1178 223 1150 45 194 113 658 114 607 60 301 273 1357 82 386 200 952 20 142 294 1468 35 284 294 1471 7 102 225 1099 241 1221 71 289 286 1433 3 23 270 1337 184 889 243 1214
85 22 154 72 327 135 663 241 1214 265 1306 283 1418 169 881 19 126 49 196 56 165 47 328 281 1403 99 494 207 1015 16 10 41 148 275 1360 97 500 180 926 140 767 82 472 154 758 191 923
86 22 179 187 955 251 1253 142 723 200 951 231 1123 288 1441 179 860 51 293 127 599 48 355 127 624 300 1496 124 535 79 336 30 89 235 1193 66 390 137 698 300 1495 104 573 280 1406 111 552
87 22 184 82 493 6 138 242 1226 121 678 182 937 52 155 158 771 272 1358 206 1062 161 798 276 1368 230 1163 235 1141 180 933 55 217 232 1141 84 421 224 1101 271 1341 183 961 122 644 108 578
88 22 190 106 457 245 1224 297 1481 23 68 206 1049 16 131 254 1246 259 1275 184 873 161 768 90 526 239 1188 142 734 246 1223 201 962 191 905 190 1002 68 283 38 79 143 674 272 1363 247 1241
89 22 184 108 605 286 1429 248 1250 242 1204 296 1476 164 846 264 1334 199 1007 220 1069 127 584 244 1216 190 958 165 762 38 305 1 114 220 1123 88 334 274 1376 88 464 114 504 119 615 4 18
90 22 168 183 899 225 1119 218 1060 189 991 246 1216 172 919 209 1018 300 1500 160 793 15 192 37 183 55 172 149 717 17 167 235 1192 36 273 135 617 194 995 186 983 120 640 83 407 204 1031
91 22 162 118 668 70 288 45 190 98 467 146 659 167 839 241 1194 228 1103 276 1370 24 11 269 1335 251 1252 20 203 30 257 228 1115 248 1248 262 1325 100 458 52 274 96 394 279 1402 7 145
92 22 136 220 1109 196 952 147 803 47 123 151 723 51 335 43 181 69 422 54 205 197 963 111 628 86 361 90 450 57 301 238 1207 171 872 244 1202 25 29 60 270 274 1360 110 560 97 566
93 22 141 184 926 27 162 29 144 236 1170 206 1062 106 519 40 288 29 25 83 460 231 1126 271 1366 78 376 27 138 103 469 128 602 123 581 252 1253 148 677 100 528 209 999 107 586 120 529
94 22 178 232 1186 278 1399 42 98 51 281 257 1266 168 837 108 561 36 195 276 1385 195 961 228 1159 154 748 267 1317 294 1470 65 219 223 1081 33 56 166 889 34 111 108 518 282 1411 77 452
95 22 170 23 196 283 1416 174 876 214 1046 161 812 234 1136 115 657 188 920 108 565 117 665 191 940 171 813 80 383 142 749 196 1017 102 429 40 212 190 978 246 1235 280 1389 26 167 135 679
96 22 133 27 78 29 61 45 207 169 887 196 1030 227 1133 207 1003 253 1245 63 212 57 246 65 315 258 1272 255 1258 276 1367 48 327 53 267 77 305 35 259 65 248 128 597 26 214 114 550
97 22 189 116 533 191 997 24 60 236 1192 167 897 174 840 250 1229 205 987 243 1219 27 99 215 1097 299 1494 138 697 19 69 61 243 65 342 243 1235 271 1351 181 868 234 1154 235 1191 193 917
98 22 151 187 886 130 564 20 88 51 157 241 1208 134 732 21 204 63 202 128 657 191 916 264 1322 229 1114 175 874 158 852 207 989 21 22 104 462 249 1234 21 66 196 1009 71 376 172 866
99 22 173 282 1403 193 930 279 1402 160 847 56 284 71 255 245 1247 208 1059 251 1241 11 32 173 858 105 540 40 124 280 1394 140 777 79 469 82 516 27 19 220 1135 257 1294 166 842 135 691
100 22 158 82 476 117 515 139 717 278 1392 116 550 193 1006 246 1237 207 1051 63 362 164 764 102 547 75 321 295 1474 139 626 99 488 41 175 40 167 176 908 109 596 194 1014 93 537 205 1008
101 22 152 291 1456 174 869 39 84 257 1303 136 698 35 102 84 309 54 352 254 1258 206 1066 42 200 87 348 277 1387 16 202 30 51 29 150 296 1481 197 936 54 225 107 454 103 496 275 1382
102 22 136 294 1470 116 488 144 705 106 574 34 56 100 396 52 157 87 442 118 550 50 274 231 1166 143 709 178 946 89 480 71 318 36 129 86 536 35 196 267 1322 236 1198 31 240 219 1091
103 22 186 111 496 172 905 162 815 254 1264 254 1274 166 823 104 475 71 320 78 435 116 659 98 542 123 562 154 789 200 951 274 1358 170 906 296 1479 149 736 129 588 228 1172 269 1333 146 738
104 22 170 292 1455 124 573 20 168 79 356 253 1249 157 850 153 739 237 1209 115 663 155 819 51 375 31 163 63 362 122 651 137 622 121 692 297 1486 125 648 245 1220 131 591 209 1055 283 1408
105 22 154 284 1425 293 1465 44 106 5 164 61 313 266 1322 160 836 173 837 202 1034 141 679 246 1205 14 121 143 732 81 413 118 520 139 707 5 143 207 1025 193 927 85 318 2 98 231 1164
106 22 159 242 1224 285 1417 44 173 174 875 273 1367 21 188 23 122 43 335 195 939 152 743 8 121 253 1241 241 1206 96 432 101 458 146 761 268 1346 89 354 280 1398 175 928 41 102 45 279
107 22 160 12 190 131 683 206 1065 30 72 149 670 200 959 102 536 167 846 173 876 240 1183 220 1133 240 1184 179 926 147 662 8 138 243 1189 92 448 105 495 120 582 91 485 215 1032 137 687
108 22 158 211 1080 16 96 275 1375 18 6 296 1479 178 944 113 598 82 471 76 284 197 1024 95 409 294 1467 186 918 4 127 260 1308 12 46 157 777 35 297 257 1292 119 622 29 228 257 1261
109 22 185 233 1181 110 499 220 1072 21 28 178 864 164 851 257 1288 42 219 221 1141 200 958 97 502 195 959 32 68 278 1379 217 1091 226 1098 166 791 274 1371 80 332 147 664 214 1097 141 757
110 22 198 270 1334 183 873 251 1271 292 1458 87 414 159 746 155 734 25 251 126 553 267 1339 196 1028 277 1377 250 1269 29 173 66 307 20 226 288 1439 276 1373 184 916 180 953 133 697 250 1248
111 22 148 19 97 86 445 250 1274 298 1489 97 448 29 269 134 722 261 1318 72 354 260 1288 253 1261 205 1026 166 862 8 110 142 675 14 53 61 296 28 168 173 846 119 660 134 698 152 778
112 22 159 150 763 275 1370 132 595 167 860 98 517 151 757 286 1433 260 1318 228 1172 85 514 290 1451 58 184 49 285 16 79 122 522 121 519 279 1395 265 1340 43 257 63 293 23 18 33 227
113 22 135 41 83 13 194 231 1120 296 1475 194 939 49 239 62 249 78 486 260 1301 39 257 122 535 23 230 296 1476 89 462 97 403 23 229 190 897 86 339 69 459 55 298 268 1321 126 698
114 22 173 139 766 72 429 164 815 281 1408 230 1164 247 1222 275 1382 14 203 153 765 254 1261 235 1197 117 541 110 607 43 282 123 585 152 723 6 71 29 110 228 1126 258 1293 290 1448 49 301
115 22 166 29 127 147 656 6 75 13 201 155 736 120 605 256 1296 83 440 240 1205 95 424 288 1437 36 136 48 335 279 1393 205 989 271 1352 189 965 26 73 249 1252 145 710 294 1465 159 762
116 22 181 285 1422 272 1348 230 1118 130 612 166 765 47 286 231 1146 147 783 222 1149 33 44 209 1001 3 95 186 945 273 1369 48 263 251 1231 291 1447 7 76 157 758 174 899 205 999 61 415
117 22 160 109 620 228 1142 272 1351 35 192 89 517 12 9 121 561 50 166 143 693 33 89 259 1310 79 357 213 1017 282 1397 154 738 236 1179 37 70 165 782 80 494 158 743 209 1081 240 1224
118 22 165 25 175 293 1461 253 1286 145 743 251 1235 293 1460 48 183 116 636 124 536 99 414 216 1048 82 467 134 649 55 207 298 1487 160 827 75 462 121 634 281 1398 153 775 72 457 15 64
119 22 175 14 85 268 1325 160 781 121 646 214 1080 160 784 245 1233 141 775 34 45 43 288 44 206 111 599 269 1339 188 907 141 716 253 1275 80 373 215 1045 232 1178 151 719 193 930 239 1200
120 22 173 98 536 253 1276 290 1450 9 53 167 844 60 228 111 485 262 1316 33 77 284 1419 247 1258 206 989 190 971 52 156 89 527 124 542 186 886 159 827 223 1144 118 607 83 344 230 1173
121 22 160 298 1485 233 1170 10 50 168 843 16 211 54 227 71 311 100 507 285 1419 114 480 25 25 153 747 88 485 45 133 212 1053 275 1364 148 676 187 934 45 191 178 919 205 984 294 1468
122 22 156 158 728 277 1386 73 434 119 652 160 773 39 286 299 1493 159 763 113 564 133 723 72 376 153 823 188 907 11 130 187 948 26 196 141 625 34 238 247 1262 148 811 225 1086 160 850
123 22 175 44 180 54 188 117 513 107 547 249 1266 179 945 147 760 75 485 291 1455 244 1200 173 863 227 1107 159 804 217 1106 102 436 196 1021 130 703 265 1341 241 1187 148 672 91 389 62 329
124 22 151 14 74 182 956 112 632 191 993 43 132 220 1071 236 1148 154 736 254 1250 5 74 227 1123 112 539 148 736 185 923 115 578 81 510 88 377 119 675 111 506 248 1260 149 800 40 190
125 22 163 98 472 59 346 265 1321 137 660 65 352 216 1049 56 238 132 691 47 221 118 548 268 1336 229 1140 94 411 275 1360 6 164 233 1145 131 732 173 807 269 1337 49 328 194 979 150 765
126 22 130 202 1002 76 487 76 438 144 693 243 1193 72 296 206 987 42 182 57 249 156 724 8 77 53 331 170 819 126 600 150 745 273 1350 51 337 71 295 165 785 40 225 168 789 62 267
127 22 146 127 661 41 89 295 1475 140 676 177 863 211 1032 98 535 76 408 105 571 261 1293 211 1095 240 1214 202 973 121 610 25 188 24 178 149 719 138 734 15 217 36 160 39 86 192 994
128 22 182 162 870 212 1100 17 145 283 1403 190 981 205 1066 172 806 193 1009 114 578 55 357 181 936 207 1001 49 145 107 472 18 145 241 1223 180 952 248 1230 232 1169 261 1316 86 426 231 1140
129 22 166 130 633 283 1415 243 1184 77 373 192 934 163 788 94 464 67 405 278 1398 297 1485 256 1277 15 141 37 225 169 885 167 769 93 407 62 409 20 123 6 52 300 1499 123 606 248 1218
130 22 169 278 1399 173 850 56 237 20 147 84 408 28 121 266 1317 188 899 103 415 225 1157 93 390 186 903 188 938 276 1378 285 1422 170 905 165 885 122 667 51 340 42 167 251 1238 138 672
131 22 150 152 814 214 1071 161 864 147 704 89 430 30 231 29 62 172 826 98 529 82 333 180 885 243 1238 167 769 9 71 12 85 207 1079 34 229 197 964 296 1479 150 745 47 287 294 1467
132 22 141 46 173 17 130 174 877 180 898 7 44 269 1346 114 547 213 1065 26 217 194 934 236 1166 285 1417 110 470 50 296 23 24 278 1394 58 392 50 276 43 140 141 693 94 571 226 1131
133 22 145 21 224 245 1213 15 97 171 818 129 564 97 546 300 1498 110 459 37 230 145 651 176 858 175 813 72 417 143 655 295 1469 19 27 31 178 63 372 47 324 149 714 229 1175 234 1193
134 22 174 121 597 182 906 126 709 238 1164 43 258 126 546 172 869 117 506 198 1002 208 1040 85 455 283 1410 186 906 145 768 150 712 29 241 116 496 61 388 262 1292 186 914 244 1190 217 1095
135 22 160 28 13 237 1159 54 206 284 1417 144 696 56 386 293 1462 53 332 249 1229 213 1039 29 224 268 1347 174 897 28 223 35 100 131 637 127 701 285 1420 116 650 21 22 227 1132 150 692
136 22 191 192 930 138 678 100 578 197 937 230 1151 127 712 12 103 263 1294 161 803 138 646 244 1194 232 1186 271 1347 163 852 200 1038 156 737 226 1095 125 698 209 1077 195 964 24 2 228 1170
137 22 161 254 1268 262 1305 270 1351 165 837 253 1264 190 913 105 536 130 661 60 219 2 54 264 1309 5 17 250 1274 58 292 150 795 114 511 135 677 33 164 89 355 209 1060 49 183 192 918
138 22 163 147 675 174 892 276 1375 72 398 81 387 227 1136 13 50 55 150 206 996 47 155 150 760 31 188 151 787 229 1132 249 1266 201 972 228 1173 38 68 191 1001 163 802 52 309 297 1483
139 22 131 243 1188 190 922 70 454 137 643 189 933 199 957 53 339 66 219 135 738 219 1096 104 471 144 770 7 122 180 872 40 236 36 48 134 713 264 1319 84 527 5 37 11 58 113 635
140 22 155 269 1347 182 955 169 858 111 529 25 4 213 1038 133 689 26 228 75 441 149 775 134 743 73 417 154 771 279 1382 105 512 207 1059 204 971 256 1282 167 900 113 532 51 344 12 169
141 22 115 54 303 4 134 64 237 155 772 59 316 66 339 47 218 21 126 72 324 291 1459 209 1068 103 606 91 493 250 1230 5 27 109 568 68 260 245 1241 288 1440 15 174 3 144 85 354
142 22 119 132 657 29 101 36 245 138 697 60 261 13 56 31 91 23 38 293 1462 147 676 94 494 293 1466 130 660 294 1468 222 1144 85 398 68 229 52 283 81 488 23 188 83 396 59 321
143 22 163 84 519 53 241 4 117 167 832 147 752 270 1343 265 1320 263 1312 158 735 21 171 96 511 247 1251 158 728 298 1491 83 520 10 163 185 964 60 238 157 737 260 1316 151 778 141 746
144 22 159 205 1031 260 1286 110 511 139 647 292 1454 148 664 225 1143 107 611 42 277 98 525 75 430 112 563 47 321 40 109 159 845 247 1239 46 170 270 1342 105 615 215 1073 144 727 108 532
145 22 175 125 664 271 1361 11 190 211 1033 43 152 34 135 277 1390 213 1100 161 816 124 559 9 17 139 746 238 1191 151 722 199 1034 254 1265 71 368 269 1335 122 625 118 675 212 1083 262 1310
146 22 166 253 1278 31 84 250 1268 207 1058 100 551 26 9 141 772 289 1445 177 917 62 409 70 439 108 582 171 916 114 511 254 1252 42 290 207 1059 255 1258 4 9 151 771 265 1314 157 793
147 22 153 129 606 11 198 148 770 280 1406 231 1144 196 934 29 125 31 82 15 128 207 1042 85 453 216 1048 174 893 172 795 36 130 293 1460 253 1275 28 127 11 43 225 1144 80 366 215 1115
148 22 116 44 141 63 319 67 242 119 651 83 303 23 204 288 1439 199 974 275 1382 101 404 70 293 92 534 16 44 71 330 239 1206 66 347 239 1220 46 103 143 690 60 227 18 23 7 78
149 22 200 277 1376 42 140 230 1114 290 1451 194 927 133 629 136 727 207 992 153 793 245 1211 2 15 30 243 201 999 227 1114 261 1296 299 1494 141 637 196 1021 123 600 278 1390 192 939 151 714
150 22 160 180 915 51 309 135 593 36 169 134 732 216 1042 43 194 64 287 171 875 219 1061 91 510 282 1415 149 819 185 942 92 453 21 216 201 963 184 956 217 1072 279 1386 69 446 188 883
151 22 173 135 710 77 294 279 1392 218 1129 23 203 144 702 213 1077 54 354 276 1366 260 1312 146 729 262 1290 116 499 35 232 61 420 288 1434 140 742 240 1211 276 1372 22 154 94 398 120 649
152 22 167 74 271 232 1180 161 757 138 633 7 122 188 948 97 437 92 551 60 351 300 1499 46 161 82 437 109 466 253 1283 29 243 207 1018 233 1137 288 1440 178 938 271 1347 108 487 199 949
153 22 186 291 1453 123 635 217 1077 92 502 231 1130 40 217 18 73 191 969 267 1335 240 1196 95 482 206 1005 99 553 96 390 254 1285 65 326 232 1159 270 1339 254 1271 72 451 200 1005 177 882
154 22 138 39 263 49 258 9 27 153 714 53 370 68 341 157 836 97 562 18 56 295 1474 276 1369 32 31 176 817 199 979 265 1307 33 286 94 415 57 385 224 1100 164 799 105 503 202 982
155 22 164 220 1123 17 47 242 1186 267 1327 51 293 243 1210 49 144 237 1164 227 1115 83 360 256 1298 169 880 239 1200 21 37 189 890 68 403 114 513 274 1372 35 126 112 635 125 635 51 241
156 22 196 255 1255 134 712 213 1036 181 845 271 1357 195 952 293 1466 267 1334 52 376 257 1288 168 852 170 867 158 815 21 160 167 812 98 590 9 14 166 842 214 1104 288 1432 255 1260 96 424
157 22 110 280 1403 5 64 100 474 62 365 64 331 168 795 56 195 215 1053 75 316 52 272 59 206 23 231 235 1175 37 298 42 305 129 688 57 210 210 1057 224 1088 33 281 59 203 22 204
158 22 211 252 1276 164 796 232 1147 235 1199 172 874 194 979 255 1276 213 1072 170 807 91 352 58 211 161 793 275 1382 284 1417 170 789 46 127 168 813 299 1493 99 475 296 1477 225 1097 162 817
159 22 183 198 1012 84 422 296 1476 69 421 198 959 288 1433 297 1485 38 62 182 955 268 1326 4 130 218 1072 85 487 198 954 21 13 278 1398 204 981 85 338 185 892 61 351 116 630 299 1495
160 22 144 124 595 180 847 155 765 226 1154 211 1076 223 1127 103 483 1 143 6 2 124 588 34 239 123 678 66 316 55 174 105 502 7 43 133 738 143 788 101 474 239 1215 297 1482 240 1171
161 22 139 256 1264 2 66 174 905 129 698 150 713 45 113 23 206 192 1014 83 367 144 785 202 1007 28 20 7 105 145 730 43 324 210 1050 41 87 36 112 113 590 266 1324 250 1225 251 1231
162 22 164 94 491 27 147 284 1416 158 859 237 1204 43 109 39 118 229 1141 178 841 145 659 270 1338 60 331 146 746 226 1156 138 717 265 1320 74 394 62 397 189 954 245 1212 7 113 172 902
163 22 150 56 165 236 1175 66 241 84 448 3 87 39 129 84 506 183 907 300 1496 285 1419 9 99 54 234 117 669 154 771 268 1329 182 875 132 691 209 1007 274 1370 14 135 18 23 233 1157
164 22 164 183 916 233 1153 277 1377 20 105 244 1195 106 448 117 548 141 637 47 213 186 969 167 829 228 1131 221 1104 294 1464 49 238 148 720 54 244 109 530 140 690 56 317 13 112 258 1307
165 22 175 64 337 114 491 268 1345 153 832 39 222 199 947 174 871 179 949 290 1450 24 51 198 982 242 1192 296 1478 29 27 37 72 100 453 279 1386 134 738 259 1288 256 1276 21 35 162 798
166 22 140 199 955 207 1052 117 549 132 703 235 1173 83 497 292 1458 224 1109 23 88 286 1432 19 207 15 99 8 33 10 139 49 250 59 410 14 68 251 1276 158 783 233 1130 148 800 38 274
167 22 209 281 1395 267 1342 293 1463 218 1067 276 1366 210 1026 110 637 295 1472 190 969 128 705 159 758 42 83 133 708 136 758 246 1214 227 1111 166 800 165 870 19 29 280 1404 249 1240 103 567
168 22 177 256 1289 63 281 95 409 110 524 180 863 231 1123 178 860 77 381 259 1302 270 1359 109 536 244 1207 158 794 168 877 31 247 21 40 113 552 273 1350 214 1087 194 970 191 921 124 567
169 22 180 276 1371 248 1220 38 120 201 985 272 1358 183 858 236 1169 214 1038 24 27 259 1291 240 1202 230 1133 166 827 101 493 122 684 200 956 262 1316 90 522 3 63 27 131 77 327 141 623
170 22 167 280 1392 175 831 263 1325 180 924 300 1500 187 949 36 84 105 478 56 233 232 1162 40 86 103 543 43 186 177 891 251 1267 44 100 161 793 135 738 278 1381 23 157 157 844 131 605
171 22 154 130 676 298 1487 179 900 44 227 251 1255 234 1197 132 582 184 882 129 649 180 880 66 270 149 757 250 1253 57 280 219 1059 254 1277 81 321 42 250 61 409 29 61 91 360 22 156
172 22 188 237 1153 11 22 96 479 223 1087 228 1153 176 816 185 872 124 541 282 1407 191 982 115 523 131 712 154 803 94 449 69 321 244 1221 135 728 245 1216 234 1180 132 608 248 1245 213 1041
173 22 173 145 760 159 758 232 1188 115 507 134 666 233 1193 62 386 227 1159 148 759 149 723 253 1280 177 869 276 1378 19 118 221 1100 171 877 23 87 152 805 254 1247 259 1287 47 267 12 189
174 22 129 183 941 35 94 114 477 218 1051 37 297 238 1194 288 1436 84 459 62 404 67 302 177 893 166 823 55 233 43 146 5 10 101 443 12 177 41 170 181 861 33 290 157 774 296 1479
175 22 171 120 582 65 398 124 630 24 2 81 383 83 359 178 923 162 749 271 1349 273 1355 258 1276 276 1388 159 824 264 1336 127 558 186 929 175 851 175 924 194 920 141 749 53 243 43 206
176 22 161 289 1442 39 73 233 1140 134 672 255 1256 67 219 62 257 112 540 90 495 203 999 276 1385 36 307 91 398 119 606 110 609 258 1276 193 949 51 278 142 702 62 259 290 1446 109 638
177 22 174 281 1409 153 810 141 737 107 579 154 762 245 1228 36 112 2 6 243 1211 184 938 243 1231 72 379 206 1020 188 896 93 462 251 1230 104 572 48 253 280 1395 266 1340 20 64 170 804
178 22 165 246 1249 20 171 152 795 245 1237 209 1024 143 641 103 542 22 172 8 180 220 1104 279 1385 126 663 186 958 211 1080 141 629 229 1108 128 695 106 550 85 333 136 702 237 1212 75 430
179 22 148 133 714 154 755 209 1051 178 938 112 584 19 10 204 1023 190 924 215 1088 35 100 150 737 140 674 93 405 111 497 263 1330 278 1397 63 313 139 691 50 344 7 105 168 857 65 384
180 22 160 134 676 88 404 156 749 32 173 283 1410 127 605 138 629 101 423 237 1155 130 696 32 191 58 262 51 234 242 1205 285 1426 148 759 215 1043 213 1099 172 859 103 499 200 955 60 298
181 22 202 93 466 283 1417 296 1478 274 1365 21 82 61 301 289 1447 277 1395 187 912 101 580 106 475 144 753 248 1236 299 1495 281 1411 170 894 116 496 286 1425 90 454 205 1053 33 99 190 954
182 22 153 45 185 171 880 211 1065 84 477 281 1408 247 1232 177 837 45 202 91 520 5 69 64 358 247 1256 165 849 167 784 79 377 212 1038 203 1021 147 683 181 911 116 571 37 244 96 525
183 22 171 124 694 289 1437 185 961 181 885 120 666 171 909 138 645 97 476 257 1277 71 289 257 1267 252 1238 241 1194 91 464 105 553 140 624 241 1230 159 857 8 178 30 14 251 1252 15 206
184 22 156 155 819 133 645 114 641 239 1167 153 761 12 195 108 451 72 417 65 389 162 862 87 521 199 1035 246 1233 291 1448 249 1246 177 887 73 385 225 1089 43 177 79 495 224 1096 31 160
185 22 198 185 938 147 763 282 1408 14 2 266 1343 16 131 271 1340 35 251 276 1381 244 1197 52 175 58 393 218 1101 183 871 299 1491 218 1121 269 1355 177 863 27 199 197 973 250 1238 276 1367
186 22 149 259 1279 256 1286 168 777 33 250 38 296 219 1061 225 1144 46 173 280 1405 15 200 13 114 131 670 149 754 11 96 291 1453 132 667 86 415 192 912 8 178 237 1165 201 1047 8 7
187 22 184 56 174 249 1245 81 333 184 864 54 198 240 1188 135 663 78 319 244 1198 234 1148 210 1084 270 1349 165 831 25 243 204 972 9 68 275 1378 238 1165 294 1465 210 1049 112 486 131 726
188 22 147 208 1033 184 905 72 340 282 1408 32 69 84 464 104 484 164 836 176 820 124 533 245 1227 1 94 2 114 127 696 196 952 286 1426 209 1073 33 210 194 995 78 408 136 617 5 133
189 22 162 2 74 199 1020 255 1294 280 1406 7 138 207 989 169 806 15 63 6 153 188 989 192 963 74 432 271 1363 81 342 215 1093 296 1478 298 1489 206 1033 128 707 62 206 3 21 92 479
190 22 155 294 1465 167 789 255 1262 276 1367 298 1488 200 955 196 1019 182 912 58 406 183 938 24 242 60 271 253 1278 206 980 73 355 13 41 37 90 1 60 202 1046 36 92 76 352 20 204
191 22 184 188 921 103 433 130 716 91 495 116 660 146 732 152 779 292 1458 93 433 280 1397 214 1110 21 30 295 1469 199 1014 277 1379 52 381 102 595 144 736 171 908 188 919 159 756 270 1356
192 22 127 271 1342 121 619 203 1025 84 486 96 442 9 89 86 458 156 737 104 536 119 558 132 620 234 1192 74 342 138 693 42 330 97 518 107 483 155 723 112 498 10 165 151 711 57 183
193 22 157 4 74 244 1194 177 873 27 38 288 1435 230 1129 185 909 143 790 273 1361 96 406 234 1161 143 753 30 181 124 665 187 928 45 321 12 20 129 577 111 641 109 590 299 1493 56 236
194 22 153 22 94 19 207 57 367 94 367 255 1275 233 1169 64 240 224 1097 250 1243 272 1355 102 506 226 1122 224 1133 168 888 172 893 111 519 273 1359 62 392 81 348 3 78 6 59 150 808
195 22 147 31 49 176 893 1 23 81 457 280 1408 11 46 167 798 87 389 190 894 236 1155 139 717 184 919 185 960 231 1165 76 446 35 295 53 363 129 625 215 1074 145 742 157 803 131 707
196 22 138 160 788 167 795 250 1255 151 803 62 251 225 1087 138 688 106 444 131 703 13 112 273 1353 84 484 139 695 9 99 156 808 51 275 69 331 99 521 28 55 246 1206 157 835 52 263
197 22 190 65 378 130 586 149 711 246 1210 100 480 280 1395 162 822 146 773 178 903 288 1433 222 1126 155 756 218 1126 286 1425 231 1164 92 408 176 877 120 643 132 692 205 978 204 1019 19 139
198 22 156 238 1161 41 201 275 1372 136 758 78 373 194 927 238 1192 98 452 205 988 4 162 14 159 174 812 300 1499 7 156 59 358 285 1431 96 558 205 1026 44 137 35 178 219 1051 188 964
199 22 169 193 941 296 1480 212 1038 248 1261 154 704 202 977 86 365 136 707 191 953 154 727 142 700 10 125 23 144 287 1435 112 585 1 92 296 1480 97 540 208 1055 89 437 134 738 121 685
200 22 231 217 1103 245 1205 224 1114 222 1104 172 897 249 1225 152 685 228 1102 230 1182 260 1296 95 572 84 362 283 1418 203 1003 182 881 278 1395 290 1447 214 1036 243 1196 101 551 261 1311 201 1034
201 22 137 205 1054 173 843 61 383 229 1168 151 721 46 232 174 899 110 526 173 823 22 121 17 114 295 1475 9 95 193 955 170 911 200 1028 2 105 127 619 14 167 224 1130 129 661 19 100
202 22 135 34 83 37 207 154 786 94 420 257 1290 197 955 26 155 242 1214 253 1279 180 949 103 469 255 1251 58 254 104 452 90 348 299 1491 146 724 25 28 13 146 1 25 123 664 14 74
203 22 166 74 443 66 332 172 919 299 1493 65 382 68 258 122 629 289 1440 157 838 69 259 157 807 186 892 241 1209 180 932 242 1181 295 1473 60 324 66 401 120 626 103 486 151 704 150 731
204 22 122 58 313 178 883 169 789 46 134 67 330 63 219 24 67 10 158 52 353 259 1308 51 262 19 186 237 1206 105 501 148 681 3 86 165 764 299 1495 63 220 69 366 84 401 271 1351
205 22 159 125 629 216 1062 78 287 114 515 110 625 292 1459 140 759 157 834 23 83 110 540 182 923 51 231 82 508 190 928 171 832 239 1224 135 695 147 807 56 194 109 546 236 1204 223 1108
206 22 170 95 520 4 117 284 1416 111 513 163 758 130 583 148 691 238 1185 241 1222 161 767 141 778 166 896 42 317 226 1133 264 1304 96 425 256 1279 96 477 209 1043 161 830 157 801 20 170
207 22 152 188 955 8 102 192 977 59 251 140 757 115 513 273 1367 119 575 98 445 110 625 187 941 169 892 162 761 193 937 212 1037 270 1349 156 841 63 233 73 310 108 593 80 477 76 390
208 22 175 298 1487 241 1233 260 1315 239 1217 7 109 209 1081 118 623 225 1098 14 118 1 35 81 371 207 994 299 1495 225 1159 11 63 1 7 130 633 113 488 93 565 246 1205 266 1313 221 1125
209 22 167 183 881 11 20 278 1399 181 946 60 295 199 1019 289 1439 237 1201 7 104 188 924 170 888 224 1111 60 374 179 896 38 62 230 1174 59 262 68 416 290 1450 40 217 150 764 213 1067
210 22 167 72 399 214 1078 126 562 60 327 163 835 126 570 107 576 258 1277 131 604 169 842 117 585 287 1430 147 780 191 901 77 332 217 1096 29 246 74 377 115 606 261 1310 187 985 212 1049
211 22 188 131 618 169 783 206 1006 70 458 277 1373 156 798 250 1252 27 191 287 1437 171 889 26 130 268 1348 18 141 229 1110 275 1366 252 1256 211 1010 168 783 2 18 245 1212 48 325 282 1412
212 22 192 76 468 186 957 217 1040 279 1397 232 1135 157 729 183 902 267 1335 239 1199 201 955 23 17 102 569 105 487 4 18 185 892 297 1483 262 1293 294 1469 62 254 192 937 272 1358 8 131
213 22 153 235 1141 249 1254 178 942 213 1065 49 315 68 311 63 414 12 124 196 991 133 635 131 606 146 691 241 1202 14 81 157 727 8 1 234 1188 35 218 298 1490 58 317 153 775 199 982
214 22 159 226 1121 92 404 110 612 137 678 176 822 91 351 156 725 171 895 2 101 252 1236 282 1417 111 552 228 1165 118 558 145 793 268 1343 20 49 39 208 195 971 3 104 116 645 252 1250
215 22 143 66 281 109 506 151 797 29 170 296 1477 128 608 233 1130 45 325 64 350 124 579 21 143 32 224 189 980 299 1492 203 1008 278 1393 51 245 72 373 270 1354 65 228 102 446 39 301
216 22 185 185 908 222 1123 194 940 263 1297 175 860 149 719 273 1357 170 823 254 1254 288 1432 204 1041 172 816 231 1172 99 566 14 16 118 530 97 395 74 378 206 982 73 417 89 366 159 856
217 22 136 70 275 48 253 157 805 120 632 195 1004 201 1012 117 579 133 710 224 1138 216 1043 80 461 2 118 5 157 117 501 22 90 232 1163 94 371 148 735 210 1028 47 290 87 541 197 970
218 22 143 57 373 173 897 183 860 6 41 133 579 201 1018 184 875 221 1098 181 952 24 253 97 533 123 619 11 171 243 1205 153 802 23 105 292 1455 173 878 2 65 39 76 85 366 262 1300
219 22 161 86 432 196 970 160 865 58 257 218 1076 222 1143 39 320 1 117 177 908 72 364 237 1193 281 1397 124 681 8 56 207 1031 156 731 293 1457 149 793 83 377 109 601 208 1056 145 656
220 22 167 145 714 237 1190 197 982 170 885 243 1218 285 1421 243 1186 92 558 66 321 293 1464 22 166 97 429 231 1178 23 97 59 174 131 639 88 340 92 526 91 508 287 1429 255 1273 2 147
221 22 201 189 920 192 902 151 729 264 1318 229 1151 97 530 265 1314 299 1492 249 1267 14 90 166 875 272 1351 6 31 117 612 244 1221 249 1238 167 831 113 641 186 920 127 627 230 1164 211 1066
222 22 139 190 996 204 1061 31 226 3 27 84 380 91 434 37 107 176 910 197 1004 161 809 293 1460 187 960 103 499 283 1416 175 929 45 339 169 846 41 295 107 577 96 571 17 101 90 447
223 22 148 278 1382 108 447 130 702 24 202 294 1465 101 436 30 89 13 36 100 402 137 663 256 1275 261 1320 196 947 107 473 62 412 63 364 60 285 217 1088 178 908 283 1416 14 196 49 261
224 22 169 162 753 290 1453 142 682 143 670 143 698 113 603 264 1325 78 461 140 744 6 131 269 1331 169 819 290 1452 102 455 82 427 69 292 242 1190 177 944 28 68 261 1288 25 115 194 1003
225 22 138 31 235 65 422 136 668 16 209 222 1118 264 1312 47 170 87 409 261 1284 200 1018 58 403 81 506 196 1003 71 321 133 737 27 82 116 617 292 1453 247 1243 4 117 123 560 84 450
226 22 169 273 1352 113 595 58 365 281 1411 66 320 256 1262 172 822 83 400 218 1095 156 762 183 937 128 562 277 1389 12 109 203 998 102 589 43 258 197 954 97 500 48 191 153 699 268 1338
227 22 187 233 1162 261 1315 255 1281 9 33 131 686 28 190 158 827 261 1288 259 1306 202 964 42 307 271 1355 166 836 277 1374 198 996 120 568 104 544 32 182 253 1265 243 1232 230 1182 21 190
228 22 187 232 1157 68 430 98 409 182 864 2 103 251 1234 232 1175 266 1315 131 693 104 488 229 1175 296 1479 163 760 137 718 130 617 91 487 223 1143 232 1161 236 1145 96 455 165 876 176 918
229 22 165 97 446 188 970 134 720 67 367 115 556 51 252 125 636 154 776 125 693 16 136 289 1447 253 1255 298 1490 159 729 101 572 204 1013 184 888 94 402 229 1157 27 267 130 688 264 1321
230 22 162 278 1384 114 529 125 596 138 764 121 531 244 1193 171 812 195 949 10 43 297 1481 1 33 38 317 103 500 276 1374 123 595 269 1337 102 455 78 470 107 526 239 1174 30 45 199 1011
231 22 123 152 710 26 32 77 437 200 995 144 736 139 706 3 57 203 1000 163 798 34 46 29 145 139 721 104 487 107 531 13 192 54 201 27 260 79 405 269 1342 8 25 249 1236 248 1220
232 22 172 154 733 203 991 108 484 25 182 270 1356 138 732 216 1057 162 797 9 114 180 954 141 724 85 345 206 1015 69 278 162 768 164 883 275 1382 82 444 234 1183 157 848 208 1062 203 972
233 22 173 203 990 235 1182 97 502 148 781 39 198 266 1323 169 876 152 726 188 988 208 1039 228 1141 49 127 60 317 294 1469 98 489 186 968 196 947 158 731 31 218 243 1203 118 615 110 577
234 22 143 143 773 99 517 73 362 7 118 73 281 204 973 276 1371 11 128 253 1257 9 47 231 1181 19 8 234 1172 59 378 221 1110 76 450 195 941 7 66 23 58 292 1459 290 1444 67 418
235 22 162 78 293 201 1044 227 1109 221 1106 119 573 86 348 180 956 235 1155 207 1028 28 268 294 1464 221 1092 46 228 261 1296 33 160 199 953 198 966 89 527 209 1052 56 392 15 163 51 257
236 22 159 104 443 197 944 67 399 173 872 94 448 24 50 23 144 212 1028 282 1407 111 478 250 1232 37 148 39 324 95 455 104 519 279 1384 79 390 265 1306 38 99 275 1371 210 1040 230 1179
237 22 175 225 1100 258 1304 69 246 294 1469 123 670 26 9 166 835 222 1139 235 1185 201 1045 249 1229 174 815 107 606 176 881 66 343 145 749 17 175 58 178 200 970 253 1250 36 77 214 1061
238 22 188 165 880 270 1356 292 1459 136 602 172 805 105 597 236 1162 22 35 245 1234 178 909 209 1074 182 930 46 152 244 1244 278 1396 52 211 62 331 111 602 165 817 295 1472 72 364 236 1173
239 22 172 124 703 16 140 105 556 49 188 162 757 260 1292 100 575 164 771 54 179 281 1399 200 992 170 783 25 251 81 339 184 903 150 727 260 1317 232 1168 169 878 300 1496 169 812 189 918
240 22 179 240 1218 273 1368 139 710 97 499 145 651 241 1217 109 573 199 1041 268 1346 245 1249 201 979 4 79 42 93 31 34 175 880 107 598 103 513 164 762 186 922 124 602 232 1176 268 1343
241 22 179 212 1021 98 457 189 969 162 740 67 390 173 830 69 318 256 1270 227 1151 108 455 160 767 252 1277 190 917 93 541 220 1113 213 1100 65 288 94 543 230 1149 263 1310 184 870 57 299
242 22 208 242 1193 223 1098 292 1460 99 508 163 748 252 1277 195 938 207 1032 238 1200 177 828 207 1072 224 1140 183 914 197 992 64 210 167 841 189 945 81 505 219 1117 200 1036 53 217 296 1478
243 22 178 109 570 110 587 236 1210 159 757 80 438 108 512 32 42 197 980 75 324 241 1192 296 1478 266 1341 246 1236 221 1131 234 1199 256 1284 241 1189 118 525 203 1043 74 434 1 4 72 338
244 22 192 266 1341 287 1429 156 842 139 708 2 1 291 1456 240 1185 162 857 89 348 231 1122 29 274 92 515 193 921 130 653 254 1284 265 1306 184 963 219 1070 143 706 244 1204 12 120 231 1155
245 22 190 238 1173 239 1208 155 794 208 1044 125 555 152 783 105 532 201 1041 194 967 206 1057 257 1263 8 58 109 558 296 1480 260 1294 207 1003 103 576 113 517 115 592 4 159 211 1055 297 1485
246 22 178 158 734 178 843 275 1371 264 1316 152 763 298 1487 199 1021 163 786 118 668 192 1005 64 308 201 997 250 1259 150 695 65 284 31 148 299 1494 212 1079 9 181 93 390 23 8 169 877
247 22 196 217 1099 37 177 79 428 134 617 281 1412 119 538 213 1027 78 416 164 812 230 1131 202 1035 191 974 187 965 174 900 172 919 273 1362 149 676 143 752 146 713 273 1373 254 1276 213 1024
248 22 169 251 1248 195 1022 276 1383 41 200 288 1432 254 1260 200 964 94 453 81 406 77 418 255 1289 51 239 229 1109 49 352 224 1096 129 617 30 240 250 1242 137 747 45 158 203 1008 32 258
249 22 138 254 1287 38 85 124 538 64 214 126 701 54 303 178 847 162 760 163 765 251 1245 211 1014 15 200 60 284 132 683 98 556 62 264 42 200 139 750 46 292 122 620 266 1319 172 844
250 22 177 242 1183 237 1181 80 327 49 367 207 1078 238 1199 145 786 232 1153 287 1431 201 1036 93 456 102 598 229 1119 210 1011 90 512 60 220 10 48 149 811 293 1462 35 281 88 347 273 1373
251 22 172 246 1206 288 1433 137 653 247 1258 69 354 245 1198 32 285 45 149 45 241 195 938 98 427 161 854 222 1131 288 1436 160 764 265 1342 158 750 34 120 120 560 60 378 289 1439 50 191
252 22 181 276 1388 237 1175 9 50 229 1155 186 955 245 1198 71 351 158 778 109 489 117 655 274 1367 30 104 189 994 39 239 219 1067 249 1215 242 1188 289 1447 154 758 68 260 104 421 128 686
253 22 175 109 452 145 680 22 69 30 107 239 1183 169 853 88 333 72 379 291 1452 297 1486 279 1396 295 1474 71 349 278 1395 221 1134 48 201 64 234 293 1464 78 359 219 1096 201 964 5 20
254 22 194 300 1496 34 138 168 898 198 987 259 1293 4 94 201 1047 247 1208 249 1254 191 919 141 663 298 1487 219 1064 54 184 227 1118 254 1292 33 285 215 1061 238 1194 79 430 228 1161 60 215
255 22 156 273 1361 238 1164 3 69 196 979 197 971 272 1350 112 577 255 1254 214 1035 229 1148 63 350 277 1379 6 67 20 18 268 1323 180 935 21 166 156 752 36 130 88 487 8 103 27 245
256 22 197 269 1347 224 1083 278 1384 31 131 288 1435 151 766 190 997 249 1242 244 1206 174 863 227 1163 100 478 287 1440 128 636 206 1005 141 697 31 287 125 626 3 131 61 392 259 1298 291 1451
257 22 201 178 893 235 1167 254 1258 111 487 229 1111 145 710 209 1068 283 1415 38 104 173 837 71 339 157 714 156 805 203 1050 193 947 248 1238 242 1215 300 1497 251 1267 28 226 286 1428 38 164
258 22 140 138 717 18 77 114 523 171 794 47 141 56 196 9 105 155 797 175 828 151 727 52 277 180 840 244 1232 186 938 55 223 237 1168 4 167 288 1431 127 589 75 469 248 1248 87 333
259 22 187 199 990 128 627 61 337 232 1158 24 234 230 1157 126 713 87 428 245 1241 143 771 98 516 176 925 118 602 257 1297 270 1334 86 447 260 1286 194 925 222 1106 104 519 289 1443 210 1089
260 22 161 94 388 113 558 191 946 152 795 239 1200 81 357 109 617 123 527 18 211 110 457 55 228 66 221 208 1016 240 1198 28 107 274 1377 215 1093 151 711 127 560 290 1447 274 1373 66 368
261 22 126 60 355 121 611 62 262 47 228 59 341 71 290 252 1268 275 1381 52 281 234 1194 20 82 12 71 1 12 61 187 144 702 190 922 68 363 145 687 234 1157 40 324 205 1023 172 916
262 22 157 107 451 138 739 266 1327 81 390 58 362 50 213 222 1143 145 786 167 792 166 842 238 1203 197 1002 94 450 97 509 149 686 290 1451 186 885 40 111 38 151 282 1401 60 408 83 304
263 22 173 243 1188 294 1465 111 461 42 311 90 494 130 676 164 852 296 1479 244 1218 248 1236 293 1468 236 1173 127 650 8 3 75 388 146 788 123 660 52 178 81 439 254 1251 122 656 86 478
264 22 190 254 1265 152 799 151 823 100 447 78 355 237 1194 218 1122 165 818 56 264 115 565 40 236 283 1418 255 1291 79 297 220 1120 183 867 156 831 266 1328 24 182 276 1380 281 1411 216 1055
265 22 161 99 411 236 1198 77 473 135 730 102 444 237 1190 252 1272 109 560 130 721 271 1343 230 1140 74 297 141 770 7 64 39 115 253 1265 123 592 280 1407 175 837 135 633 71 460 61 310
266 22 206 165 861 241 1175 204 1059 20 140 100 485 153 808 66 359 229 1166 84 312 215 1050 298 1484 207 1054 287 1426 230 1136 170 832 249 1260 283 1419 291 1455 131 593 182 853 296 1477 24 165
267 22 139 43 90 161 837 111 463 115 550 192 990 162 805 227 1155 102 544 222 1112 52 236 259 1288 147 670 53 215 21 67 177 927 28 166 193 1005 8 152 263 1312 11 22 206 1039 30 215
268 22 171 216 1120 81 497 50 125 292 1457 237 1159 82 381 38 109 35 78 40 129 190 925 118 591 101 471 149 783 273 1351 91 525 277 1373 230 1156 177 829 46 228 265 1324 178 927 268 1350
269 22 108 114 535 206 1077 35 183 16 78 43 269 129 584 186 941 51 366 21 195 298 1489 68 326 82 435 49 271 150 779 124 536 21 32 72 420 21 134 46 317 2 93 216 1072 211 1033
270 22 156 50 337 42 233 120 553 104 461 132 580 149 787 120 618 214 1100 268 1320 167 799 27 164 72 442 210 1064 43 174 232 1156 292 1458 163 818 132 728 151 689 125 596 12 53 300 1499
271 22 178 25 94 283 1420 174 907 156 787 217 1077 251 1253 182 949 32 269 4 89 245 1233 79 428 140 698 33 124 48 359 253 1254 279 1395 281 1397 187 923 207 1057 194 958 163 854 133 592
272 22 182 35 235 257 1267 99 467 168 833 164 826 233 1173 162 845 155 769 92 359 248 1225 107 621 287 1429 63 333 183 927 288 1432 83 489 207 1047 60 247 180 924 94 392 292 1457 197 932
273 22 149 63 232 89 436 223 1087 129 611 9 167 102 550 103 584 297 1481 155 728 234 1180 187 948 278 1394 221 1082 259 1312 156 843 37 298 97 462 42 280 135 693 43 108 98 540 39 325
274 22 157 150 715 221 1140 96 479 192 970 106 446 118 658 2 121 255 1279 299 1493 296 1477 26 75 238 1171 142 750 159 818 223 1129 210 1004 29 16 156 845 170 863 32 88 10 45 21 201
275 22 160 288 1441 77 301 134 702 134 691 49 331 284 1418 76 299 22 131 236 1180 118 539 37 291 145 689 300 1496 274 1375 30 73 104 486 102 603 145 651 127 595 111 619 156 762 253 1253
276 22 166 102 520 35 182 253 1263 299 1494 280 1392 245 1202 129 590 72 295 278 1383 178 926 123 606 85 369 154 747 134 626 127 588 295 1472 152 772 61 280 99 413 93 523 67 368 68 441
277 22 146 284 1417 87 330 216 1085 159 726 53 278 90 396 91 549 120 681 99 463 86 369 242 1207 157 853 14 169 24 46 87 486 145 786 203 979 286 1429 165 757 9 109 30 196 288 1440
278 22 185 217 1083 139 643 298 1487 40 90 296 1475 88 390 142 642 90 368 274 1375 263 1315 89 437 294 1471 92 551 155 711 74 361 223 1113 220 1077 249 1234 101 504 176 892 92 478 91 498
279 22 174 161 739 56 178 13 9 193 1001 64 408 35 305 88 546 267 1323 159 722 278 1390 251 1229 215 1095 41 93 162 857 281 1399 201 1022 294 1469 100 493 197 989 168 792 175 814 86 447
280 22 165 289 1446 284 1419 146 743 12 43 216 1065 63 322 10 73 226 1125 211 1029 51 159 200 1021 93 429 295 1471 183 883 158 731 152 734 83 515 200 1019 261 1306 25 168 59 342 94 479
281 22 132 149 714 68 271 212 1077 48 133 200 1026 200 985 218 1086 59 230 153 767 222 1088 120 638 7 91 2 102 50 143 20 89 159 769 113 635 76 450 177 884 72 379 227 1165 100 578
282 22 163 197 1019 27 192 102 524 106 571 202 964 64 367 227 1151 28 112 34 74 216 1110 111 559 273 1373 277 1383 220 1124 94 480 295 1473 10 52 150 677 245 1247 225 1154 136 678 23 219
283 22 164 165 863 119 532 7 108 286 1423 277 1370 155 839 17 11 139 724 16 108 94 446 286 1428 212 1031 182 909 24 251 144 715 3 57 194 974 252 1252 195 981 164 879 251 1244 109 496
284 22 141 122 628 212 1080 135 664 8 67 121 607 10 150 105 579 139 620 172 800 121 683 129 656 111 626 278 1379 233 1174 50 262 173 890 246 1244 22 88 46 312 240 1172 136 710 20 82
285 22 149 74 357 215 1061 40 152 2 1 208 1064 182 917 140 768 196 1006 64 218 61 420 82 322 145 739 172 867 291 1451 7 125 109 567 60 308 17 4 242 1196 212 1042 213 1096 257 1294
286 22 134 78 340 53 260 96 472 29 65 129 648 160 832 128 677 34 176 95 433 97 509 208 1066 78 325 233 1143 265 1321 98 577 56 179 112 632 189 976 262 1303 135 636 76 382 75 357
287 22 185 244 1195 238 1204 91 397 38 311 127 605 282 1400 186 909 104 507 293 1461 296 1475 71 249 208 1035 13 198 208 1068 115 510 82 419 85 498 240 1203 275 1370 185 890 223 1076 107 534
288 22 144 122 574 83 518 116 552 271 1346 191 943 66 286 46 243 119 674 39 233 21 146 142 768 195 927 105 555 252 1245 295 1473 11 130 125 587 176 935 16 104 169 861 276 1388 63 344
289 22 175 77 302 125 616 288 1433 137 669 201 1043 176 904 209 1061 85 420 282 1411 121 626 287 1429 62 230 45 276 156 745 61 230 28 66 267 1347 185 907 255 1266 109 548 249 1260 99 425
290 22 205 70 381 249 1229 137 647 283 1419 188 923 210 1066 10 122 55 167 273 1349 205 986 266 1325 142 682 105 450 145 723 281 1406 184 963 251 1257 189 972 109 510 276 1374 205 981 274 1374
291 22 154 88 454 58 366 140 674 125 630 55 203 52 254 256 1272 15 75 101 556 12 140 281 1408 123 655 43 205 280 1395 72 312 61 309 92 482 263 1303 228 1124 287 1432 244 1223 217 1122
292 22 149 72 278 91 397 246 1215 30 29 246 1206 45 311 204 1065 273 1355 283 1404 17 29 45 242 211 1081 231 1166 11 137 30 158 61 319 247 1252 97 531 150 709 90 468 235 1149 84 474
293 22 143 151 765 10 137 237 1204 5 43 226 1150 38 129 148 791 36 253 248 1257 4 84 98 508 300 1500 13 205 239 1177 77 328 94 466 279 1392 38 204 262 1295 140 705 151 685 83 397
294 22 168 233 1172 136 733 289 1448 85 352 116 647 221 1136 18 188 181 918 185 909 242 1194 93 567 65 348 254 1272 24 29 121 523 16 33 222 1099 246 1249 197 978 93 379 153 731 185 926
295 22 176 33 221 284 1410 114 539 187 910 296 1477 237 1196 6 38 268 1331 3 33 280 1407 232 1134 214 1052 125 609 168 865 243 1195 108 611 213 1105 141 674 68 368 156 849 34 282 110 643
296 22 155 296 1476 108 593 198 979 48 209 93 506 286 1420 73 259 139 620 16 151 117 644 47 248 131 632 67 426 49 267 191 936 105 508 221 1074 233 1162 295 1472 6 120 173 912 214 1040
297 22 142 45 172 263 1330 86 322 46 158 173 815 37 305 219 1106 222 1090 176 837 153 688 271 1356 27 103 134 606 56 271 124 566 284 1418 77 292 19 106 8 96 26 165 129 590 283 1411
298 22 176 186 970 94 475 144 646 137 737 124 610 28 257 236 1177 171 794 197 955 230 1158 147 745 284 1411 12 64 9 181 78 354 296 1477 200 994 290 1451 246 1245 8 53 142 733 261 1316
299 22 191 293 1459 278 1384 154 730 35 231 6 6 199 989 296 1475 280 1401 153 710 296 1479 276 1379 48 140 212 1027 167 825 100 425 70 248 147 790 213 1093 41 90 165 856 259 1302 143 788
300 22 190 221 1130 254 1256 84 331 105 558 141 779 45 108 287 1437 95 486 22 122 211 1019 299 1492 65 333 180 878 297 1480 218 1098 261 1318 152 727 275 1377 160 838 249 1259 139 621 57 213
301 22 180 285 1421 188 971 273 1350 253 1250 287 1425 43 191 13 153 36 232 175 869 99 528 9 36 133 714 108 463 71 243 159 837 232 1141 229 1149 250 1243 204 1025 206 1035 90 407 258 1273
302 22 155 238 1198 51 300 225 1095 171 905 121 596 162 842 56 331 184 881 265 1324 122 644 110 645 206 1034 51 190 125 594 198 959 294 1472 109 569 68 322 14 65 188 884 51 221 102 469
303 22 163 143 657 104 571 40 89 293 1466 212 1069 112 488 207 1020 9 84 262 1291 84 422 82 418 103 487 275 1371 213 1051 216 1068 12 133 161 740 189 986 19 199 288 1443 144 778 94 474
304 22 197 131 725 224 1145 216 1061 288 1439 130 705 2 66 175 894 187 912 298 1488 150 716 106 599 251 1276 156 730 14 37 2 68 234 1186 292 1453 294 1470 207 997 220 1112 246 1213 136 749
305 22 194 297 1483 117 556 288 1446 257 1296 246 1253 106 487 204 1035 83 515 102 598 299 1492 218 1090 285 1414 70 410 109 635 91 427 130 666 231 1181 95 501 171 911 234 1194 41 234 225 1103
306 22 148 74 475 50 130 131 679 209 1026 57 397 70 238 72 264 95 569 10 89 154 793 77 335 206 1031 205 1052 61 335 187 932 193 968 10 124 183 967 238 1170 221 1069 201 999 266 1329
307 22 149 17 185 172 808 163 807 30 195 202 994 191 909 246 1249 63 367 274 1369 7 160 45 310 226 1160 271 1347 66 428 116 590 273 1358 44 107 155 743 76 293 15 57 284 1414 55 340
308 22 149 28 252 45 342 212 1044 167 817 58 167 72 418 124 687 106 518 54 191 81 319 189 920 47 319 299 1491 212 1027 39 136 101 484 148 772 214 1046 105 514 212 1028 280 1397 192 953
309 22 220 60 361 99 564 153 716 271 1364 126 576 33 189 154 809 293 1463 209 1011 293 1463 112 556 237 1154 176 926 268 1348 217 1102 245 1197 264 1330 188 980 289 1445 209 1037 254 1282 268 1325
310 22 178 211 1039 2 12 181 871 29 85 277 1386 156 781 230 1114 136 610 109 538 160 782 91 478 61 268 213 1099 126 570 125 640 60 259 192 925 209 1064 293 1463 103 417 300 1499 298 1489
311 22 179 24 44 160 832 142 699 262 1292 210 1035 171 816 110 555 168 876 254 1292 268 1336 50 172 261 1314 143 791 3 67 125 615 221 1142 85 337 165 820 243 1188 254 1279 97 388 178 908
312 22 151 65 344 73 344 192 916 152 736 99 517 75 448 148 813 40 115 151 788 180 870 58 337 134 704 60 406 291 1453 258 1283 43 214 117 548 143 669 288 1434 197 1025 183 901 77 321
313 22 165 68 423 139 756 208 1007 275 1383 14 65 52 176 70 349 270 1338 28 227 136 661 251 1257 12 9 162 842 258 1305 71 290 217 1070 254 1273 102 506 96 385 165 772 290 1445 177 912
314 22 180 68 268 55 347 126 593 287 1430 240 1172 88 477 96 544 106 562 294 1469 277 1386 228 1119 146 804 107 505 238 1198 151 731 4 50 139 656 145 752 272 1366 176 831 198 982 170 903
315 22 170 138 648 6 48 269 1334 238 1188 248 1249 274 1359 223 1078 67 328 40 159 230 1147 91 435 226 1093 86 378 22 119 253 1260 155 802 148 681 199 961 93 417 81 381 248 1226 82 371
316 22 189 281 1399 295 1471 140 724 298 1489 9 45 92 415 163 777 175 841 123 526 37 300 192 970 204 982 5 165 275 1367 222 1076 218 1118 242 1233 237 1160 18 1 69 399 275 1379 214 1032
317 22 166 210 1067 55 191 133 664 249 1233 153 807 9 44 219 1065 249 1242 259 1308 69 303 68 391 15 117 219 1090 22 104 210 1059 278 1387 10 125 112 509 282 1407 112 517 256 1299 144 694
318 22 146 15 155 175 815 179 940 59 405 223 1083 67 424 141 662 47 351 4 45 156 825 180 887 121 626 133 669 249 1222 243 1186 236 1170 2 18 142 732 298 1487 30 57 20 180 203 984
319 22 164 34 298 127 570 169 832 136 670 118 573 59 337 62 319 284 1415 237 1214 27 125 7 6 48 147 200 957 114 617 63 267 195 1020 99 504 193 964 289 1441 265 1340 267 1328 299 1492
320 22 202 136 636 248 1259 285 1427 209 1065 225 1097 244 1201 282 1404 77 282 236 1157 144 664 211 1054 109 548 169 880 241 1206 109 458 71 356 128 621 58 314 261 1286 191 980 168 825 247 1216
321 22 159 256 1266 224 1110 261 1307 2 88 132 701 183 913 174 928 43 288 270 1334 29 213 185 914 183 949 112 558 16 175 156 839 173 871 77 284 11 36 105 568 232 1150 176 826 183 930
322 22 141 124 683 107 551 158 719 24 163 18 62 122 628 148 703 78 378 178 893 122 686 236 1209 39 241 99 404 295 1472 197 965 6 153 245 1244 43 336 101 526 162 756 111 592 210 1075
323 22 152 128 563 200 992 58 170 78 330 183 927 106 591 135 691 94 558 204 1028 133 596 59 261 99 550 256 1258 40 197 261 1308 293 1459 111 519 79 376 103 584 230 1136 23 182 172 798
324 22 188 73 418 256 1271 156 730 2 113 214 1080 195 978 82 334 120 629 256 1271 194 1022 213 1040 281 1395 210 1043 111 553 278 1396 234 1163 166 835 39 224 56 354 298 1491 59 308 270 1339
325 22 175 177 941 24 163 137 759 9 32 280 1389 148 808 125 580 257 1273 167 859 299 1496 126 602 71 419 218 1097 276 1386 100 445 248 1250 140 753 77 289 68 258 154 699 270 1345 132 656
326 22 150 75 308 16 67 212 1091 99 486 101 486 221 1088 20 190 79 431 145 672 80 347 186 954 219 1080 144 766 256 1272 114 562 66 405 189 934 5 105 291 1453 234 1144 214 1065 34 251
327 22 175 199 1001 175 881 51 342 202 1027 268 1331 108 492 278 1395 121 691 262 1319 93 416 85 380 203 1005 19 131 161 848 66 279 222 1122 272 1350 103 522 27 214 300 1499 182 914 120 622
328 22 134 252 1265 75 331 179 893 66 383 116 539 298 1490 158 860 84 373 134 644 136 718 119 617 21 34 130 645 162 764 230 1147 128 677 57 366 1 136 137 653 168 810 12 66 34 57
329 22 182 165 812 167 847 140 630 80 400 109 604 159 825 241 1218 290 1449 199 991 44 208 189 954 9 71 249 1233 265 1329 141 694 92 366 171 816 98 560 198 943 146 704 208 1003 298 1487
330 22 164 119 536 159 852 299 1493 212 1048 166 838 69 287 151 697 100 415 113 508 21 186 115 576 259 1274 182 943 145 696 207 1075 72 250 150 817 144 782 235 1196 44 190 247 1214 77 280
331 22 156 69 437 71 306 61 336 68 236 108 450 138 626 136 709 251 1272 122 630 101 543 172 830 254 1267 55 152 157 803 254 1282 121 523 193 927 52 170 14 36 275 1366 299 1494 151 736
332 22 150 84 316 233 1169 32 208 44 330 121 538 175 893 186 967 57 286 258 1287 63 272 41 87 137 615 276 1381 108 520 297 1483 57 344 163 848 171 833 100 491 127 637 110 539 178 829
333 22 165 71 324 135 747 168 867 289 1447 165 766 208 1019 106 570 87 538 145 696 91 545 211 1050 75 411 60 256 135 640 53 218 161 813 84 447 288 1440 188 884 237 1186 299 1495 58 365
334 22 151 90 443 258 1277 83 434 204 984 284 1418 230 1180 110 625 156 743 61 402 29 8 30 186 18 3 95 389 51 372 177 846 164 844 172 822 79 299 259 1272 175 856 214 1066 87 489
335 22 172 73 372 118 629 172 919 12 93 35 270 145 670 121 554 211 1073 242 1188 180 903 231 1179 30 270 227 1130 210 1076 44 230 294 1463 238 1199 208 1008 16 24 80 295 297 1483 256 1272
336 22 170 171 798 92 396 52 144 53 141 277 1382 300 1497 235 1197 74 411 156 763 147 704 215 1077 27 123 190 917 20 39 86 502 276 1388 164 845 228 1167 275 1369 234 1151 63 315 67 394
337 22 167 151 802 258 1289 246 1255 83 383 195 941 20 112 249 1244 234 1140 182 860 39 293 180 930 63 395 226 1117 197 1007 40 102 202 1029 123 566 178 866 226 1136 124 675 53 377 71 443
338 22 193 269 1325 164 836 286 1422 84 517 102 497 169 777 232 1146 160 784 275 1364 272 1353 293 1465 184 900 153 762 117 543 167 781 99 499 49 358 92 485 153 722 156 793 162 866 232 1187
339 22 204 259 1291 198 949 271 1368 155 826 294 1466 276 1390 18 10 162 741 247 1221 144 666 185 929 183 890 47 145 83 461 260 1302 105 497 116 574 118 612 141 732 286 1423 267 1332 283 1406
340 22 154 176 906 235 1179 54 156 81 408 97 543 77 328 298 1490 75 450 216 1074 103 432 207 1060 186 971 86 353 246 1233 175 876 240 1176 87 367 94 403 86 443 138 712 30 221 112 584
341 22 179 89 454 140 652 137 736 53 305 228 1134 123 545 119 596 118 663 279 1401 136 613 266 1322 290 1446 214 1085 226 1103 192 958 14 40 247 1215 293 1464 99 551 240 1174 22 66 56 174
342 22 177 264 1318 276 1380 95 384 67 302 165 810 281 1403 49 295 288 1443 174 929 174 860 97 466 216 1104 272 1368 266 1319 217 1045 2 69 79 390 48 181 123 527 142 713 153 816 106 512
343 22 112 246 1239 56 237 24 175 159 755 181 856 227 1134 31 135 26 42 26 167 160 824 79 467 21 68 32 119 85 366 20 130 204 987 169 875 244 1189 186 878 12 55 21 40 48 260
344 22 179 186 966 184 929 90 346 176 820 80 323 288 1439 166 849 124 638 38 311 202 983 163 865 139 768 10 152 130 682 242 1190 261 1300 268 1351 128 614 177 834 263 1298 122 643 152 696
345 22 162 96 424 79 347 211 1075 198 944 200 1036 294 1472 178 858 155 725 15 68 78 464 79 353 171 880 182 917 106 610 111 468 31 72 192 967 74 407 78 365 241 1188 194 930 277 1387
346 22 185 107 550 184 931 156 737 140 667 265 1324 159 744 137 754 149 674 194 962 249 1244 213 1088 266 1324 84 454 122 656 77 364 263 1305 282 1415 81 340 253 1262 229 1178 2 127 100 513
347 22 170 215 1089 5 138 31 62 275 1367 39 235 270 1364 134 618 25 96 243 1220 219 1132 165 780 200 948 152 810 148 725 66 298 215 1115 135 651 175 900 166 804 135 682 145 696 248 1259
348 22 156 216 1100 36 301 91 459 113 492 172 820 102 511 39 141 114 538 9 92 161 855 156 821 281 1396 210 1029 261 1295 202 1017 138 743 78 470 101 589 178 940 94 412 106 520 262 1310
349 22 168 46 350 5 116 113 557 90 489 218 1106 94 383 260 1313 87 460 117 555 253 1264 253 1278 292 1453 287 1439 48 303 220 1115 96 576 175 912 32 140 67 256 296 1477 279 1399 50 294
350 22 141 47 226 109 504 261 1312 91 501 18 227 102 491 39 69 227 1151 72 470 214 1035 206 987 100 484 52 374 214 1078 76 455 144 700 29 276 44 202 189 935 245 1249 103 597 254 1289
351 22 186 199 977 45 182 90 444 215 1054 100 462 40 107 272 1345 218 1053 186 900 240 1191 260 1298 189 978 172 892 199 973 267 1334 242 1211 118 649 270 1350 85 529 97 409 192 939 43 337
352 22 201 227 1107 273 1374 185 953 48 329 124 605 103 458 166 891 236 1158 158 829 139 704 83 390 280 1397 132 688 258 1300 263 1299 193 965 157 815 228 1175 144 662 150 795 255 1295 226 1110
353 22 146 88 466 190 978 128 615 64 413 264 1329 289 1442 121 622 260 1302 119 525 196 983 160 732 48 296 225 1139 101 600 237 1198 66 295 5 77 181 879 4 78 42 259 78 292 58 197
354 22 155 288 1439 92 543 280 1388 58 386 204 1027 223 1124 257 1279 144 771 31 210 156 818 133 707 20 237 113 640 15 168 172 820 8 23 105 553 261 1292 279 1395 24 141 149 705 99 490
355 22 148 211 1015 285 1421 197 1015 91 530 238 1182 9 158 55 228 9 183 113 553 51 146 123 658 106 443 298 1486 203 1039 187 971 257 1303 89 426 178 942 4 118 21 50 43 213 208 1069
356 22 139 138 643 81 498 50 284 216 1121 215 1094 258 1306 154 740 255 1267 299 1491 83 357 56 188 43 295 49 181 115 529 269 1338 85 483 5 61 18 209 63 350 46 182 88 504 200 1013
357 22 156 258 1267 38 280 70 306 150 732 108 515 23 65 181 858 8 178 112 600 198 971 175 858 42 200 258 1299 270 1353 204 1021 34 77 265 1330 292 1455 100 419 149 750 57 332 131 607
358 22 151 78 436 12 86 6 91 155 783 266 1344 237 1180 168 803 198 1011 163 762 104 512 25 17 133 687 199 1004 146 723 27 169 72 369 16 14 295 1474 171 917 128 600 202 990 229 1126
359 22 142 22 67 197 1033 131 685 108 580 226 1107 23 20 107 615 255 1293 12 116 39 196 42 257 298 1490 278 1385 115 565 98 489 49 199 249 1243 23 97 168 866 241 1220 22 55 144 790
360 22 175 177 880 131 583 20 186 278 1380 36 198 267 1349 132 612 78 434 130 678 222 1081 276 1373 155 811 14 157 235 1172 213 1094 282 1413 232 1128 36 79 296 1479 12 25 13 168 272 1365
361 22 181 208 1013 272 1347 259 1287 240 1174 162 872 46 244 171 833 256 1260 127 685 222 1117 21 20 146 760 169 786 46 151 67 276 206 986 202 1007 135 716 261 1315 238 1202 62 416 115 506
362 22 222 208 1048 299 1492 287 1429 97 473 274 1372 158 819 220 1065 263 1301 277 1387 95 543 214 1034 294 1471 168 902 272 1353 241 1231 234 1169 246 1247 28 95 29 195 278 1392 258 1304 17 77
363 22 171 8 48 211 1037 178 840 218 1069 52 365 104 464 220 1073 271 1339 250 1239 38 190 219 1060 79 390 227 1142 59 222 285 1427 24 131 89 391 214 1069 78 399 199 982 203 1003 210 1045
364 22 176 264 1333 81 336 75 309 292 1456 278 1379 211 1055 120 684 286 1426 235 1162 128 599 291 1457 133 610 68 311 174 925 34 278 144 670 41 304 54 308 66 341 193 941 161 793 198 958
365 22 137 68 348 13 52 104 558 254 1258 17 62 187 984 104 493 47 273 43 281 253 1262 147 721 155 705 8 42 183 955 167 850 192 985 241 1222 140 710 128 633 96 453 198 964 4 66
366 22 147 213 1043 35 43 233 1136 68 243 236 1205 63 205 46 323 50 299 90 357 17 171 217 1050 20 154 212 1082 206 1067 34 275 165 762 106 455 291 1454 61 345 30 219 299 1494 253 1249
367 22 167 279 1391 295 1471 146 722 43 287 129 656 290 1443 118 674 14 43 1 147 227 1104 53 318 58 277 83 335 127 692 51 221 219 1118 200 978 107 527 197 1030 204 1061 263 1310 240 1177
368 22 188 93 366 11 100 197 1032 82 326 295 1474 287 1427 140 646 9 102 173 832 19 96 234 1163 300 1499 82 406 276 1370 282 1405 251 1262 294 1466 146 742 104 430 114 507 248 1258 139 727
369 22 184 27 263 31 259 278 1387 159 836 202 1020 159 751 46 104 186 944 257 1270 215 1073 249 1230 107 519 126 668 4 83 256 1278 45 263 297 1484 110 469 230 1152 226 1094 200 978 286 1428
370 22 159 140 625 293 1463 28 28 86 442 219 1132 287 1430 148 748 137 705 72 302 4 115 99 444 22 247 269 1335 88 492 260 1279 70 344 53 353 203 1032 220 1126 144 702 282 1406 66 308
371 22 190 184 863 211 1013 148 671 185 979 219 1065 123 594 135 695 91 510 153 829 240 1220 114 614 209 1044 225 1135 251 1230 63 267 52 261 289 1436 261 1296 217 1080 182 958 81 421 172 848
372 22 184 160 796 213 1042 48 131 288 1435 208 1034 122 536 26 69 215 1100 121 668 49 237 249 1230 190 954 2 81 273 1351 207 1012 262 1325 230 1126 226 1112 79 377 136 658 213 1046 177 822
373 22 126 7 141 188 894 78 337 143 742 256 1261 261 1305 7 6 35 225 71 281 52 345 41 83 21 31 165 790 136 664 190 959 22 185 140 719 175 872 54 208 166 884 41 149 281 1401
374 22 187 38 146 201 967 160 762 248 1245 142 688 86 496 40 124 7 2 105 569 187 880 249 1238 135 664 164 759 292 1455 237 1151 227 1110 190 913 221 1135 175 841 109 487 273 1375 256 1275
375 22 164 222 1110 188 994 289 1444 214 1103 171 789 80 497 293 1459 2 84 108 472 81 415 143 757 91 465 18 84 274 1367 172 835 149 673 181 938 96 410 73 296 218 1084 23 228 205 1003
376 22 215 265 1326 146 745 206 1067 273 1360 185 906 154 718 82 429 171 856 270 1350 176 880 79 373 56 309 287 1427 136 672 237 1202 242 1229 178 901 160 856 273 1360 288 1441 277 1381 169 786
377 22 118 104 444 28 114 47 263 2 16 103 579 188 896 137 686 104 485 288 1440 263 1310 33 103 81 447 77 309 89 460 193 912 186 899 118 497 83 454 124 635 8 9 104 469 4 58
378 22 124 241 1227 147 722 42 140 66 371 140 654 25 174 135 674 57 209 243 1237 17 127 16 69 106 538 263 1321 41 87 190 985 93 553 112 485 119 587 242 1218 79 341 70 459 45 102
379 22 112 40 263 139 742 83 420 216 1087 83 503 70 288 3 130 95 470 205 1026 64 237 77 491 14 10 64 435 115 534 177 920 110 602 173 927 119 663 20 7 146 767 102 511 137 666
380 22 196 293 1467 276 1383 63 240 278 1392 97 387 295 1476 205 994 273 1363 238 1216 172 824 197 970 206 986 18 2 22 102 95 377 228 1103 173 922 251 1245 151 809 102 468 227 1152 71 348
381 22 132 14 129 62 192 27 34 83 518 16 162 88 383 270 1355 38 134 25 182 159 759 70 362 52 190 259 1300 2 4 244 1222 243 1194 211 1085 162 758 55 256 289 1447 143 747 131 630
382 22 139 232 1156 50 228 239 1180 201 971 37 142 102 580 41 107 191 980 255 1278 159 767 3 104 82 456 165 766 36 200 189 970 249 1256 34 288 200 951 178 915 34 100 94 373 27 196
383 22 169 91 483 26 167 166 759 207 1011 286 1428 112 580 121 679 209 1011 119 629 214 1066 73 395 201 971 6 174 210 1073 278 1396 74 411 109 497 299 1491 143 714 229 1154 29 141 190 894
384 22 167 32 148 157 835 300 1497 45 145 217 1091 228 1108 248 1236 225 1115 242 1201 138 643 82 491 88 523 246 1222 260 1288 93 369 258 1306 20 146 1 41 81 451 168 801 12 90 209 1057
385 22 165 119 509 60 347 213 1052 116 610 248 1238 7 85 225 1096 7 130 136 697 283 1414 159 811 16 192 156 809 71 318 80 478 229 1115 175 933 296 1481 105 455 156 848 262 1302 197 997
386 22 144 196 982 37 71 168 853 236 1185 220 1130 168 804 157 800 26 146 267 1315 235 1182 82 306 77 462 5 35 218 1087 8 155 92 517 193 944 110 471 153 735 172 877 33 275 44 204
387 22 164 166 765 296 1478 197 1015 163 751 170 816 186 985 288 1432 116 623 108 548 119 532 157 768 264 1334 25 115 94 367 63 356 8 169 67 291 7 63 67 303 259 1298 297 1486 163 781
388 22 184 225 1151 287 1434 126 703 182 916 157 750 202 994 254 1262 123 683 22 14 160 753 279 1383 249 1245 258 1269 287 1430 235 1172 161 833 3 142 106 462 72 289 80 503 92 428 121 662
389 22 156 117 634 123 628 200 1001 263 1303 294 1464 195 941 168 820 41 207 36 228 172 830 243 1229 243 1218 202 993 58 352 55 216 183 934 37 207 55 321 224 1114 105 513 29 17 78 387
390 22 130 36 76 169 887 127 666 10 186 124 579 234 1139 143 732 164 769 14 184 99 550 73 444 126 641 217 1107 52 258 57 389 40 103 9 83 65 244 265 1326 229 1113 232 1178 124 545
391 22 175 237 1191 36 255 285 1429 7 69 265 1323 38 80 274 1368 135 737 201 1017 279 1393 278 1392 68 455 157 799 73 330 13 137 202 994 166 797 87 358 166 845 55 347 291 1454 198 1004
392 22 177 291 1453 57 164 124 684 294 1469 107 473 133 609 241 1200 203 1038 126 673 279 1403 236 1159 93 509 152 812 84 415 164 772 157 849 84 444 86 380 187 889 52 156 174 810 216 1068
393 22 135 88 473 58 348 32 122 126 565 106 614 134 617 139 751 159 803 128 568 201 1014 280 1406 23 148 111 602 30 35 237 1179 222 1084 45 114 219 1113 63 347 79 353 219 1064 13 90
394 22 142 190 985 69 293 11 137 19 128 88 478 82 487 90 387 128 664 185 865 140 769 136 630 207 995 289 1447 289 1442 237 1182 106 591 136 754 37 103 1 32 119 563 128 681 164 831
395 22 165 194 957 289 1444 54 238 161 760 116 525 27 67 106 456 285 1427 105 478 284 1423 245 1203 10 95 289 1440 14 177 209 1041 73 472 14 49 248 1240 108 498 172 875 151 763 161 781
396 22 166 108 564 254 1260 190 954 67 218 254 1283 115 630 143 660 181 941 220 1077 263 1300 178 864 117 674 272 1370 3 61 82 392 112 540 27 196 279 1403 205 982 206 1038 26 197 29 277
397 22 131 144 728 153 705 57 259 243 1212 54 233 159 785 194 957 112 579 219 1100 46 299 250 1260 76 456 10 10 139 707 41 320 55 152 9 19 219 1126 100 485 60 204 158 794 132 736
398 22 134 268 1339 216 1073 286 1423 1 91 289 1447 10 35 157 772 68 307 30 261 113 591 40 192 11 127 165 761 67 261 190 910 132 575 162 774 113 600 198 947 55 161 96 375 15 55
399 22 137 26 222 69 313 111 641 215 1076 224 1143 145 719 229 1170 232 1187 52 191 195 929 126 594 190 916 128 622 87 493 8 167 37 170 149 813 116 648 14 74 99 462 240 1168 66 294
400 22 169 101 544 60 343 127 679 153 826 193 945 108 574 117 496 276 1372 55 197 101 599 221 1127 106 552 87 358 292 1461 294 1468 283 1421 184 972 193 981 37 289 51 370 212 1076 135 733
401 22 178 236 1186 198 959 54 253 259 1300 31 179 270 1347 122 659 124 599 96 438 20 153 237 1206 274 1358 142 663 155 740 230 1155 151 823 208 1032 219 1126 131 647 129 572 209 1053 75 449
402 22 135 242 1208 298 1489 15 10 162 847 32 207 191 937 203 1025 208 1082 32 190 236 1212 123 599 44 162 5 99 22 222 114 662 239 1179 28 174 194 922 75 453 35 214 156 805 56 322
403 22 149 59 361 3 93 197 974 50 311 182 881 47 177 291 1456 54 348 123 624 124 547 226 1155 263 1307 96 547 31 255 95 531 283 1420 158 739 48 171 210 1036 175 882 76 312 205 1011
404 22 166 82 337 282 1401 120 518 56 222 129 649 38 236 190 961 275 1366 249 1256 110 506 49 302 224 1103 78 414 244 1227 22 193 263 1311 37 113 252 1253 138 745 220 1105 23 239 252 1238
405 22 196 81 429 239 1183 276 1388 216 1044 290 1448 35 267 218 1096 280 1386 224 1114 58 266 148 720 127 689 278 1391 59 190 224 1109 62 244 157 824 266 1320 136 670 32 254 250 1249 282 1400
406 22 208 235 1163 136 723 122 559 206 1013 72 431 144 779 166 785 293 1459 257 1276 44 184 236 1209 165 762 237 1183 281 1403 173 894 259 1288 145 752 245 1249 223 1087 279 1388 99 575 161 795
407 22 147 257 1298 116 487 48 282 25 145 243 1217 103 585 233 1141 7 116 7 59 129 691 128 571 82 402 92 525 284 1420 50 171 59 369 1 12 295 1474 296 1474 294 1468 17 160 191 906
408 22 140 131 737 111 475 11 174 85 491 39 246 43 82 101 601 200 1012 40 287 205 1008 82 426 246 1251 161 820 263 1328 261 1316 291 1455 18 180 28 77 44 181 179 870 261 1298 5 159
409 22 153 268 1350 53 302 208 1052 188 892 204 1013 261 1315 247 1214 90 483 65 414 1 113 173 915 27 206 175 878 268 1335 170 854 150 790 113 527 5 11 201 1033 4 116 85 436 116 521
410 22 156 59 388 100 507 26 171 130 690 272 1353 296 1479 266 1324 66 297 143 774 160 734 80 322 246 1242 180 952 247 1211 35 287 125 559 265 1321 38 58 155 776 21 93 13 83 206 988
411 22 166 125 557 235 1168 39 251 207 1016 251 1275 69 256 267 1331 149 730 38 267 204 1021 40 316 12 164 282 1402 143 643 221 1140 140 701 218 1050 35 215 4 158 133 728 283 1408 230 1127
412 22 173 58 291 20 32 88 435 34 80 227 1121 271 1346 105 538 120 643 88 365 116 522 270 1343 106 451 30 83 113 541 288 1434 119 631 268 1339 214 1028 206 1050 224 1127 264 1301 232 1158
413 22 166 31 266 19 3 219 1099 149 700 246 1205 143 658 119 672 172 829 41 191 239 1193 23 128 101 488 300 1498 268 1330 32 244 46 311 281 1397 118 514 236 1180 152 740 161 770 236 1164
414 22 154 249 1239 18 5 197 1014 26 226 4 146 45 105 198 1034 186 935 176 912 118 534 90 487 115 657 290 1448 239 1181 60 359 48 115 81 360 145 702 181 915 289 1438 137 761 193 951
415 22 179 169 791 135 749 194 961 277 1376 57 368 4 57 26 50 68 446 205 1068 135 709 257 1262 146 804 254 1268 238 1191 226 1127 162 750 261 1312 195 1005 161 813 94 553 176 913 147 727
416 22 152 106 564 17 96 196 1005 160 854 282 1414 213 1083 63 232 216 1107 166 865 111 587 225 1123 274 1376 185 927 296 1478 300 1500 13 86 10 139 20 3 3 128 94 462 85 396 14 2
417 22 132 252 1278 118 624 271 1352 291 1455 42 229 233 1142 240 1216 108 536 8 87 67 405 16 123 34 176 8 96 43 179 265 1333 45 303 288 1443 20 65 3 76 78 305 36 48 190 898
418 22 192 51 247 254 1280 255 1281 141 763 90 383 233 1158 285 1420 276 1383 78 469 48 143 161 859 185 953 71 410 40 105 270 1341 74 304 126 706 298 1488 173 839 251 1278 242 1223 243 1207
419 22 172 4 55 88 532 183 877 149 706 233 1175 17 42 193 1002 185 976 259 1280 231 1126 39 197 171 789 112 598 89 503 218 1079 279 1384 184 973 129 671 48 133 192 972 162 875 278 1392
420 22 139 263 1322 194 939 52 156 18 65 125 678 280 1390 92 479 6 12 171 847 281 1398 77 487 236 1185 15 187 111 505 50 195 55 262 59 295 277 1371 114 521 181 947 32 229 110 483
421 22 191 282 1407 233 1186 132 609 32 191 42 204 192 997 294 1472 3 160 219 1090 49 362 292 1463 95 414 230 1158 290 1447 157 728 282 1415 103 465 276 1389 59 238 38 167 284 1426 238 1184
422 22 185 147 683 196 966 177 866 128 622 82 502 83 439 282 1404 146 775 143 642 75 415 59 321 281 1403 196 972 19 180 241 1192 124 579 244 1191 181 849 273 1357 176 914 265 1333 189 916
423 22 181 223 1077 170 803 192 980 40 172 138 653 252 1257 182 966 188 991 223 1115 13 127 117 590 232 1150 160 792 211 1036 164 825 187 906 288 1432 110 628 83 520 160 793 137 705 152 695
424 22 171 52 206 107 471 236 1188 248 1216 202 1004 186 942 146 739 12 108 136 696 129 584 248 1234 50 143 116 632 231 1156 30 48 86 341 229 1144 244 1210 46 210 228 1152 238 1220 221 1068
425 22 174 169 853 90 486 67 248 108 577 202 962 265 1315 84 523 102 520 209 1072 57 225 251 1253 190 976 114 595 90 389 236 1185 65 209 295 1474 91 541 292 1457 252 1246 48 166 220 1126
426 22 154 191 952 140 747 101 594 221 1064 56 319 71 302 28 177 116 618 273 1362 244 1203 139 772 67 248 192 999 85 411 165 759 25 234 106 492 100 557 239 1183 234 1176 276 1376 27 115
427 22 189 258 1290 272 1358 175 891 224 1146 50 310 44 330 157 829 177 914 117 648 41 332 231 1118 2 80 243 1199 271 1367 34 189 231 1170 275 1372 213 1092 169 885 235 1141 161 853 212 1067
428 22 163 198 945 253 1288 131 678 197 961 255 1281 150 699 84 457 252 1264 229 1171 4 137 1 144 6 25 285 1417 83 386 78 425 47 287 191 911 225 1137 51 186 52 223 278 1381 225 1134
429 22 177 147 741 7 18 188 974 28 1 168 841 152 753 294 1468 117 637 92 545 92 516 244 1202 231 1120 162 825 272 1354 254 1261 273 1368 262 1310 229 1127 36 72 117 554 19 14 162 854
430 22 180 114 625 85 525 208 1046 104 491 207 1030 265 1338 99 473 202 1053 234 1186 188 926 157 851 136 666 254 1278 76 450 231 1133 147 797 220 1103 46 311 249 1263 85 504 238 1186 70 306
431 22 182 130 595 209 1067 99 425 265 1315 291 1452 285 1423 53 281 109 475 91 496 84 493 159 764 50 144 277 1378 295 1471 208 1024 125 635 174 927 197 979 271 1343 83 515 105 472 92 378
432 22 156 104 515 152 766 171 832 157 774 29 74 192 934 43 164 244 1238 207 1047 7 63 131 661 37 63 207 1038 232 1121 57 341 222 1131 26 246 83 508 256 1264 294 1469 29 231 256 1267
433 22 160 263 1328 262 1316 190 988 176 850 28 182 132 580 29 58 268 1338 92 481 205 1055 83 440 71 274 21 99 123 560 231 1126 163 858 296 1476 135 634 120 630 60 219 72 456 189 916
434 22 196 93 546 295 1474 32 274 299 1493 284 1414 76 369 103 427 290 1452 165 840 93 424 87 345 71 281 213 1055 16 162 282 1404 177 913 183 860 275 1360 102 418 260 1293 279 1395 261 1307
435 22 179 44 313 298 1484 238 1205 176 935 73 458 187 978 45 258 128 691 65 407 127 702 238 1197 205 1061 197 991 227 1141 269 1338 43 227 264 1325 236 1153 26 204 20 32 243 1219 250 1222
436 22 170 117 518 291 1450 217 1075 44 274 190 921 256 1261 22 145 41 304 270 1347 263 1314 47 105 182 942 64 241 233 1159 110 637 98 504 138 658 238 1185 218 1085 230 1128 62 232 69 385
437 22 145 201 967 174 926 10 127 167 781 73 356 182 897 56 318 179 946 51 364 22 148 26 68 140 746 51 240 273 1366 284 1412 264 1315 107 574 155 778 100 509 64 277 191 948 136 621
438 22 163 164 773 98 404 254 1266 177 859 211 1071 247 1225 48 278 9 184 240 1173 63 408 15 195 32 50 263 1331 183 874 255 1284 82 397 173 857 209 1043 45 268 175 905 134 591 188 894
439 22 165 286 1424 235 1159 83 328 239 1213 262 1321 1 78 3 22 138 638 91 376 226 1091 275 1379 95 454 33 216 74 348 213 1098 213 1029 92 385 226 1104 146 723 248 1229 58 357 77 334
440 22 159 120 521 126 699 286 1424 83 351 254 1274 211 1037 286 1436 42 141 2 39 127 572 162 773 200 963 49 149 281 1399 161 824 50 189 171 890 96 563 18 161 299 1491 131 662 40 176
441 22 176 258 1283 208 1063 255 1250 274 1361 4 121 194 986 46 207 211 1071 234 1137 294 1463 202 1046 20 150 12 193 49 364 27 185 261 1288 122 682 103 502 270 1355 14 192 283 1417 196 951
442 22 153 262 1291 104 452 125 683 46 326 163 772 172 924 2 1 110 524 145 795 115 647 109 626 184 926 123 699 243 1230 143 743 185 951 94 490 227 1166 207 1019 130 693 152 687 36 66
443 22 157 128 599 76 396 138 763 209 1065 220 1057 69 293 227 1168 205 1047 11 76 92 477 216 1037 232 1131 42 142 205 1053 274 1365 127 581 28 218 157 749 17 14 173 923 73 248 231 1139
444 22 168 221 1078 151 707 1 150 79 445 178 862 118 542 76 481 241 1183 197 973 244 1205 148 777 147 735 85 385 272 1357 227 1145 288 1436 149 674 237 1162 57 317 22 72 93 517 135 668
445 22 150 13 101 20 68 227 1140 288 1440 220 1131 256 1296 64 320 3 157 209 1046 226 1157 213 1088 72 313 178 830 173 915 229 1162 88 410 19 102 121 687 26 99 181 895 17 159 168 790
446 22 208 147 663 235 1170 224 1151 289 1449 262 1312 127 564 129 612 34 182 230 1122 217 1069 236 1187 212 1087 180 884 120 541 172 872 177 885 177 842 71 454 287 1438 145 786 293 1467 200 958
447 22 192 130 721 158 723 113 605 89 418 88 473 229 1121 146 692 135 608 198 974 111 565 167 778 270 1342 220 1117 38 240 13 190 257 1299 272 1368 214 1067 258 1270 169 794 289 1446 278 1401
448 22 190 228 1144 152 713 150 714 212 1057 230 1169 210 1031 34 162 54 165 235 1196 228 1153 138 757 201 976 185 917 133 613 114 571 297 1483 190 952 139 659 83 423 157 773 172 877 273 1374
449 22 196 200 1016 228 1102 212 1017 124 653 277 1393 159 735 54 238 237 1202 88 527 190 926 261 1303 253 1283 112 551 268 1353 78 291 242 1214 260 1314 171 900 97 439 42 277 139 734 236 1200
450 22 150 27 149 173 842 268 1326 88 372 252 1254 130 680 249 1241 192 963 65 300 3 92 74 267 5 83 78 398 7 85 203 975 220 1073 55 326 104 545 229 1121 63 230 236 1149 296 1476
451 22 179 298 1487 29 108 276 1381 128 651 32 67 260 1304 299 1495 187 953 248 1218 229 1148 35 92 218 1123 104 444 68 390 248 1257 288 1435 1 105 109 575 85 389 183 856 221 1121 39 166
452 22 162 279 1397 250 1264 218 1060 66 434 269 1342 123 566 74 361 164 790 272 1372 52 377 37 91 211 1026 20 201 137 674 52 291 85 379 246 1208 187 977 50 222 148 794 157 757 149 794
453 22 170 204 997 37 266 123 636 269 1346 157 820 85 433 171 890 111 477 104 466 245 1226 223 1077 139 618 259 1311 7 148 175 819 91 526 131 708 78 370 200 972 225 1137 279 1384 99 455
454 22 164 248 1245 164 791 134 742 103 517 203 996 121 643 217 1062 40 244 93 494 213 1067 231 1174 234 1164 254 1290 66 221 119 667 176 889 3 117 119 508 242 1226 36 282 187 938 95 464
455 22 182 290 1450 287 1428 26 245 236 1153 82 420 147 721 296 1477 78 380 65 342 22 50 56 357 287 1427 269 1335 299 1491 153 726 222 1080 96 478 97 557 233 1153 20 183 121 519 263 1315
456 22 153 277 1391 287 1428 69 412 21 42 32 225 33 240 99 463 157 810 134 623 137 616 235 1195 75 282 236 1150 281 1400 163 782 46 260 141 640 83 487 112 609 214 1098 201 971 29 45
457 22 138 194 966 68 428 203 1045 129 576 132 592 15 187 281 1404 35 168 240 1208 168 797 51 148 1 34 107 455 10 57 170 867 116 573 112 496 168 822 102 570 264 1321 31 242 180 875
458 22 199 144 757 238 1211 196 938 137 688 279 1384 8 138 117 491 291 1449 139 634 300 1497 208 1048 28 80 284 1411 102 486 118 675 300 1498 210 1007 260 1285 129 560 232 1138 35 118 233 1181
459 22 160 242 1182 229 1157 105 535 162 759 231 1126 129 651 87 485 103 498 132 595 96 456 51 271 170 788 158 811 186 884 68 304 286 1427 219 1091 55 372 30 100 154 817 275 1374 33 209
460 22 170 72 436 186 970 131 720 158 739 190 974 28 233 89 357 249 1224 56 333 223 1104 273 1360 262 1311 186 928 152 791 170 836 70 319 225 1138 81 486 29 101 43 301 275 1383 254 1278
461 22 146 271 1360 43 335 283 1417 114 522 73 313 76 449 83 428 160 797 48 128 107 542 179 844 115 641 105 544 241 1193 96 398 273 1352 116 618 60 275 212 1025 251 1236 27 2 2 51
462 22 197 7 68 81 318 58 335 147 752 183 912 216 1036 259 1288 73 312 169 891 144 766 299 1493 283 1416 162 828 131 607 137 659 253 1266 296 1480 277 1384 202 994 249 1254 234 1179 93 450
463 22 214 96 570 285 1421 175 878 238 1168 295 1469 161 868 273 1369 159 798 161 780 270 1339 251 1269 159 805 179 932 213 1092 295 1476 187 885 34 269 162 776 40 255 236 1150 167 854 258 1275
464 22 149 115 527 263 1309 73 303 59 221 81 507 176 928 135 734 139 633 141 766 176 881 103 521 8 92 254 1272 19 34 273 1356 125 553 207 1079 123 543 104 559 146 758 56 376 219 1056
465 22 143 133 583 92 372 107 446 216 1118 244 1235 282 1408 67 247 205 1006 221 1118 52 365 42 249 53 191 32 179 220 1113 4 118 30 59 27 204 162 774 35 131 199 990 162 796 283 1419
466 22 145 97 416 254 1255 111 530 283 1410 32 200 56 216 125 586 206 1030 90 484 53 151 13 50 90 402 171 910 137 657 166 836 95 485 59 210 115 564 59 345 299 1494 196 970 204 1064
467 22 170 253 1281 145 653 55 218 188 972 190 979 12 168 241 1232 257 1286 209 1071 65 329 187 919 121 526 292 1455 79 416 104 479 91 551 30 229 289 1439 193 984 181 875 217 1054 6 42
468 22 131 37 125 185 921 75 306 10 132 257 1288 228 1147 7 40 7 100 229 1165 39 71 45 292 146 686 174 867 163 819 52 338 131 689 229 1149 28 132 41 90 278 1390 112 578 161 741
469 22 172 265 1323 122 673 221 1107 191 935 115 652 80 308 7 177 277 1388 75 450 211 1069 236 1179 251 1278 224 1154 113 477 274 1374 22 203 169 827 105 554 9 177 121 557 210 1027 154 815
470 22 182 296 1479 38 157 295 1472 79 499 264 1317 98 513 236 1172 57 290 227 1147 245 1236 33 46 150 790 300 1498 271 1345 108 521 139 702 13 122 291 1457 48 129 216 1074 221 1106 27 102
471 22 174 209 1068 5 17 167 864 272 1366 229 1178 266 1321 132 688 269 1334 29 31 146 786 169 870 33 40 67 388 96 512 108 471 194 999 5 161 232 1123 211 1087 132 598 223 1120 293 1463
472 22 177 103 562 271 1345 169 809 248 1234 79 354 121 571 15 8 234 1161 171 854 188 967 244 1229 55 209 112 637 33 102 151 681 169 824 227 1102 295 1473 196 986 89 414 234 1166 143 650
473 22 193 18 180 223 1082 243 1223 253 1277 106 451 85 370 282 1413 57 230 236 1160 74 373 137 608 66 249 243 1205 273 1376 140 665 46 330 261 1293 284 1427 188 982 249 1246 297 1483 118 619
474 22 151 164 876 229 1158 144 786 234 1139 161 773 38 147 169 847 121 639 84 515 135 691 164 844 12 169 209 1052 16 32 167 772 239 1192 84 410 276 1381 90 358 111 526 76 276 108 520
475 22 176 104 592 63 289 153 787 55 337 87 457 212 1021 26 107 263 1330 272 1359 148 771 225 1153 224 1117 266 1321 267 1338 76 452 31 205 106 440 190 977 299 1492 260 1281 113 491 95 561
476 22 150 259 1285 74 321 115 569 18 166 228 1141 68 369 124 612 48 354 101 543 194 994 39 206 106 497 138 616 50 291 192 935 229 1147 236 1154 210 1024 203 992 209 1082 64 352 98 527
477 22 204 133 616 206 1037 180 840 250 1230 263 1315 261 1319 232 1187 44 247 201 1008 222 1106 263 1318 135 692 290 1451 114 599 122 653 256 1258 145 690 138 729 32 262 40 241 295 1473 263 1314
478 22 169 171 855 174 888 213 1066 100 440 13 51 44 338 97 525 237 1180 179 934 85 427 162 852 296 1476 121 614 167 815 53 158 105 559 284 1413 122 559 213 1056 39 249 246 1253 273 1369
479 22 152 214 1053 220 1060 300 1497 238 1192 10 191 131 637 29 15 128 618 7 57 85 400 78 388 28 185 36 58 161 769 269 1336 131 585 5 23 255 1278 129 604 282 1402 70 426 237 1171
480 22 155 88 506 117 624 200 980 219 1116 296 1477 45 172 187 988 198 998 262 1319 166 888 125 560 114 491 215 1066 19 3 39 141 184 890 30 180 55 342 27 68 182 940 46 101 294 1471
481 22 181 90 514 143 646 179 857 19 196 70 386 34 203 171 819 144 697 164 831 100 500 292 1456 273 1357 276 1372 108 485 268 1349 258 1309 129 628 67 380 177 920 113 578 264 1322 289 1445
482 22 170 94 493 227 1132 153 792 95 415 211 1020 105 575 226 1148 202 971 228 1123 128 589 244 1238 219 1120 241 1220 128 570 234 1193 143 749 89 413 17 126 101 562 3 151 114 612 203 973
483 22 123 65 309 300 1498 15 112 63 320 68 345 214 1058 21 169 18 128 89 527 19 148 218 1065 15 188 139 727 35 254 51 360 34 302 122 645 254 1247 216 1036 94 445 217 1066 193 950
484 22 184 110 559 161 829 273 1363 223 1077 65 311 78 377 228 1114 163 875 289 1440 236 1208 194 1017 102 492 30 42 293 1464 31 59 144 667 231 1166 134 650 132 713 245 1206 152 695 182 955
485 22 185 40 120 174 881 223 1110 278 1395 90 358 118 500 123 597 164 808 249 1221 259 1308 294 1465 278 1383 300 1498 191 911 247 1237 1 92 191 913 134 725 10 172 142 712 90 492 123 614
486 22 165 178 882 74 339 207 1051 3 46 159 805 192 952 36 177 78 393 140 674 169 875 269 1341 229 1121 259 1274 150 747 208 1016 68 357 131 739 59 187 35 272 110 574 298 1485 250 1256
487 22 155 123 627 270 1352 6 60 127 577 219 1129 17 212 69 351 145 656 114 513 67 325 279 1399 53 192 180 922 79 382 111 495 65 376 241 1219 246 1235 100 561 300 1498 102 553 203 1018
488 22 143 48 343 229 1112 111 619 10 181 154 749 116 520 231 1152 164 754 90 411 296 1481 169 906 53 310 84 341 187 980 248 1247 95 470 106 606 284 1414 27 99 12 130 128 552 36 172
489 22 135 1 44 23 114 201 1006 300 1498 88 524 121 665 173 874 179 887 269 1343 130 665 30 21 200 957 57 338 45 280 178 864 65 429 192 911 295 1474 52 135 73 265 19 221 22 171
490 22 138 258 1290 29 132 34 214 169 908 218 1053 29 189 191 948 115 556 245 1213 120 567 73 419 149 770 28 153 250 1254 57 377 130 610 19 211 78 361 251 1231 263 1317 12 94 54 369
491 22 130 132 626 202 1004 106 477 177 932 101 406 65 318 122 540 107 629 12 157 118 551 2 47 273 1358 46 266 27 125 110 564 174 819 263 1313 3 87 158 729 197 958 198 1004 15 129
492 22 126 7 69 141 780 106 464 21 28 24 4 41 97 13 136 87 413 183 934 129 694 159 813 282 1410 268 1324 116 658 243 1239 6 79 84 476 28 267 243 1228 120 515 191 914 29 176
493 22 160 287 1435 172 914 1 10 165 858 97 536 160 739 43 325 219 1131 123 675 78 367 147 783 103 521 273 1359 75 376 146 768 62 408 18 186 256 1288 170 804 58 184 299 1491 249 1232
494 22 188 248 1219 206 1045 130 598 65 251 206 1060 188 956 166 838 234 1196 4 54 142 714 292 1460 173 834 66 388 73 353 211 1061 69 448 56 243 267 1323 183 935 227 1142 276 1377 285 1420
495 22 198 170 892 114 533 109 624 281 1407 101 508 254 1285 253 1270 280 1396 220 1110 102 596 62 382 198 1021 226 1095 284 1427 194 979 128 570 175 889 228 1137 209 1048 289 1443 70 243 23 167
496 22 153 124 535 229 1155 102 484 126 594 60 191 99 588 134 616 113 532 77 334 58 372 150 799 187 955 19 196 64 275 38 206 277 1390 293 1465 64 206 168 819 295 1471 171 832 223 1084
497 22 148 205 1055 136 630 202 999 231 1141 17 201 291 1448 89 407 64 404 152 720 225 1141 166 822 88 463 91 544 83 473 72 368 153 730 53 382 60 363 181 892 167 867 186 947 49 152
498 22 166 75 362 275 1376 122 616 280 1400 192 953 296 1476 43 102 189 937 194 992 102 596 154 819 204 1053 165 835 55 305 8 176 283 1405 181 957 174 807 86 447 93 467 49 132 118 676
499 22 149 75 315 123 651 207 991 56 194 204 1063 287 1431 171 861 29 80 131 640 55 224 299 1494 154 699 210 1065 43 187 184 946 206 1053 30 24 277 1387 66 235 13 10 161 868 2 110
500 22 183 73 279 274 1355 108 459 297 1483 109 458 188 991 210 1023 296 1480 119 547 144 666 6 20 131 724 189 910 10 131 193 915 155 709 213 1041 78 366 255 1281 161 805 256 1296 213 1046
