1 20 141 44 88 52 246 243 1186 179 933 33 99 65 276 176 831 181 871 19 110 257 1282 81 492 286 1428 294 1466 9 124 164 822 198 986 220 1072 146 745 27 107 163 758
2 20 127 211 1054 89 485 10 93 281 1404 100 426 9 148 202 973 172 863 105 464 181 959 192 991 50 359 18 182 249 1221 106 490 197 1006 49 338 159 757 59 337 103 472
3 20 168 165 884 189 993 287 1429 177 926 161 849 60 229 286 1425 178 835 104 433 81 438 191 974 211 1028 26 256 144 733 223 1111 235 1189 208 1019 213 1089 14 54 223 1088
4 20 141 163 840 234 1168 261 1309 162 785 60 326 105 604 95 407 231 1125 99 421 142 718 92 495 246 1241 31 273 200 954 97 581 114 624 66 235 193 952 79 487 151 726
5 20 140 278 1390 132 685 192 1005 290 1446 61 320 241 1217 233 1177 21 197 69 369 146 664 233 1182 42 306 232 1187 29 243 192 948 166 787 78 370 49 273 49 307 81 376
6 20 146 238 1205 182 856 30 142 57 380 168 874 191 972 143 771 120 647 40 258 231 1161 19 61 285 1419 38 223 137 642 239 1181 131 681 13 177 194 970 276 1371 191 968
7 20 165 98 396 198 956 173 872 243 1222 73 327 35 197 151 807 294 1472 193 1000 176 855 210 1076 142 687 129 618 85 496 51 270 280 1393 297 1485 80 401 120 597 291 1460
8 20 153 298 1488 274 1377 166 819 56 211 68 292 139 650 131 726 66 392 123 566 283 1406 273 1358 199 1037 258 1274 24 65 116 617 30 60 213 1065 85 491 114 592 162 856
9 20 159 278 1384 3 106 31 171 100 470 160 761 135 694 48 184 159 751 295 1470 135 723 26 22 236 1155 147 781 247 1211 144 650 243 1233 121 596 136 739 254 1249 297 1486
10 20 135 244 1226 134 626 71 324 89 425 73 462 267 1349 201 1004 94 401 19 16 116 511 36 181 242 1231 98 488 127 684 132 694 241 1195 216 1043 83 328 133 746 90 465
11 20 136 79 417 121 554 264 1314 282 1408 289 1444 139 692 13 109 3 139 73 311 99 463 203 1055 89 392 298 1490 95 393 2 139 171 869 96 568 51 166 85 442 276 1386
12 20 154 87 500 28 18 11 189 94 447 180 839 83 347 224 1142 269 1359 98 386 237 1177 270 1343 78 326 190 904 289 1443 198 939 100 484 233 1148 97 583 257 1260 62 412
13 20 160 147 668 45 232 212 1084 252 1261 105 437 289 1446 36 252 168 789 190 992 263 1311 116 537 251 1253 151 710 97 535 219 1070 43 248 260 1319 178 935 53 284 135 613
14 20 173 196 1021 142 678 287 1431 300 1499 191 950 198 944 202 1035 177 844 287 1430 69 283 158 740 149 811 142 655 126 572 132 596 152 771 88 375 116 654 129 630 231 1125
15 20 185 109 596 277 1385 190 993 240 1179 270 1333 256 1289 125 606 30 117 209 1036 270 1354 118 525 221 1130 161 857 49 359 35 280 240 1166 226 1148 125 688 280 1389 275 1368
16 20 144 214 1027 124 696 281 1408 179 836 60 260 246 1219 207 1066 4 123 1 89 60 396 237 1159 60 334 135 721 278 1381 119 543 124 544 124 582 18 170 123 598 287 1429
17 20 172 5 112 294 1466 227 1104 41 185 82 437 261 1315 273 1364 140 738 90 498 108 545 291 1449 184 865 138 748 95 547 173 805 40 217 280 1397 257 1301 207 1028 268 1344
18 20 137 55 261 6 92 158 808 149 767 136 609 186 931 124 576 278 1387 36 248 73 255 218 1053 158 742 234 1173 13 201 170 851 273 1375 43 243 44 217 110 549 280 1393
19 20 148 178 849 39 258 107 492 65 330 41 81 261 1302 255 1281 278 1395 137 723 250 1270 43 285 209 1042 79 332 96 471 92 463 265 1339 11 62 274 1366 69 244 227 1140
20 20 154 244 1230 71 299 131 591 200 984 272 1351 168 777 115 479 142 634 263 1309 110 547 140 714 129 588 232 1156 81 295 48 279 264 1331 20 29 35 264 292 1457 126 693
21 20 174 285 1422 270 1350 37 84 140 655 162 808 100 408 202 991 50 193 171 919 207 1006 48 330 223 1152 197 1029 180 848 196 981 208 1008 129 641 221 1066 254 1258 215 1107
22 20 116 265 1318 88 539 69 451 159 852 179 888 25 78 196 998 24 168 17 123 1 19 8 41 227 1125 6 110 6 122 208 1046 213 1074 291 1446 196 1028 75 287 81 426
23 20 126 226 1167 25 87 172 923 113 645 195 972 3 17 30 258 87 482 137 754 23 145 146 795 85 471 261 1312 147 774 8 9 217 1090 90 430 173 915 231 1126 159 769
24 20 156 294 1466 233 1138 189 959 116 603 280 1399 223 1083 141 762 273 1361 37 181 98 543 39 277 293 1464 148 685 122 626 11 126 94 527 36 273 71 330 160 770 278 1393
25 20 156 205 1028 128 713 89 374 290 1447 111 496 299 1494 115 634 135 646 144 729 163 878 162 817 87 355 6 42 261 1312 73 474 41 150 135 732 292 1454 251 1234 140 721
26 20 149 26 214 154 828 117 663 47 358 249 1256 237 1208 294 1467 110 521 27 233 229 1116 134 652 5 111 66 218 283 1417 262 1293 77 307 280 1397 7 45 150 776 227 1098
27 20 155 87 462 116 620 138 664 120 545 257 1265 230 1182 124 608 270 1364 174 867 54 338 215 1110 43 317 50 285 251 1229 255 1265 267 1339 66 307 88 366 149 698 152 799
28 20 149 98 446 198 1001 27 244 26 84 103 492 132 647 25 178 256 1260 204 1061 17 201 140 738 60 396 145 666 284 1419 262 1290 279 1395 91 538 269 1330 252 1254 121 664
29 20 145 200 993 42 212 251 1274 290 1444 107 469 156 708 202 1017 31 77 221 1088 259 1278 287 1435 42 314 211 1051 104 449 67 328 128 565 45 205 136 748 39 192 101 556
30 20 160 108 540 182 915 90 455 209 1025 212 1070 285 1430 117 663 33 256 138 724 82 407 146 727 153 742 237 1154 293 1461 204 1030 55 329 241 1204 167 845 115 546 141 726
31 20 139 291 1450 127 650 226 1102 7 89 101 590 185 877 298 1487 252 1243 82 488 68 248 35 233 33 247 194 1003 112 650 132 688 155 783 227 1139 10 73 11 70 237 1205
32 20 154 209 1027 97 499 179 955 230 1115 115 652 226 1133 234 1152 16 50 4 57 47 284 276 1373 235 1182 269 1344 65 265 190 996 176 877 8 79 195 939 274 1357 54 332
33 20 157 14 12 165 886 201 965 154 710 294 1467 51 149 252 1246 236 1160 79 327 228 1155 212 1085 225 1132 55 193 77 352 145 797 118 677 300 1497 95 550 178 893 67 240
34 20 143 57 169 205 1059 155 709 106 572 272 1355 163 839 142 743 255 1274 143 713 25 39 228 1144 285 1427 95 381 232 1183 95 451 24 122 162 847 3 41 110 581 104 584
35 20 129 38 124 297 1484 218 1083 54 343 213 1028 63 252 294 1468 16 89 74 398 38 159 155 822 110 560 12 74 1 48 78 408 92 405 240 1174 227 1150 167 809 203 1043
36 20 145 291 1450 276 1387 44 182 140 654 63 258 221 1142 7 82 174 924 114 542 137 632 134 600 60 286 191 1002 247 1219 212 1038 40 205 189 958 223 1101 72 270 77 394
37 20 139 5 55 197 934 147 696 116 526 263 1317 211 1053 51 316 56 379 141 773 280 1404 170 854 264 1323 6 145 299 1494 49 224 31 21 107 624 53 379 288 1439 47 350
38 20 180 147 782 112 477 282 1398 189 972 165 787 162 853 127 555 254 1275 263 1312 241 1190 188 989 105 435 45 163 288 1442 190 921 193 1008 128 648 286 1426 12 30 234 1171
39 20 133 91 407 77 299 212 1031 111 621 10 48 62 225 179 934 73 449 264 1318 208 1025 68 442 118 573 276 1378 163 812 237 1206 12 104 120 593 221 1072 59 273 101 581
40 20 150 83 507 276 1363 166 827 99 402 192 983 7 47 243 1193 122 619 136 633 40 118 15 6 97 519 54 287 156 794 275 1387 266 1325 46 261 207 1006 241 1197 295 1473
41 20 158 114 556 192 918 150 778 101 525 190 972 42 135 216 1100 295 1472 242 1183 241 1218 199 967 195 947 76 356 3 30 120 563 5 57 264 1336 244 1203 191 974 91 372
42 20 144 294 1467 116 589 205 997 61 237 171 867 278 1390 85 410 47 343 224 1156 139 768 233 1130 111 622 122 530 148 775 114 584 248 1210 115 615 14 59 10 20 150 762
43 20 179 224 1114 135 713 64 282 153 827 103 537 54 255 112 617 272 1362 283 1408 253 1248 210 1073 211 1013 270 1344 228 1147 257 1263 162 804 179 914 40 117 120 542 252 1255
44 20 128 141 780 19 167 46 116 215 1078 76 474 136 722 100 583 282 1402 7 123 77 304 300 1496 231 1179 249 1224 110 493 13 169 49 226 100 490 181 915 2 112 241 1230
45 20 138 195 923 15 54 266 1335 57 370 128 621 111 519 82 300 196 932 103 426 176 919 182 925 95 475 102 468 97 509 245 1197 135 654 143 758 162 774 177 896 112 519
46 20 122 84 397 270 1335 7 119 152 775 192 953 149 804 47 198 30 224 214 1048 234 1189 12 9 133 684 102 472 30 276 126 685 199 981 20 113 185 946 218 1123 37 247
47 20 163 116 537 260 1295 19 223 254 1244 84 433 271 1355 154 707 279 1396 96 387 28 274 131 605 192 914 269 1345 81 306 185 883 174 892 292 1455 252 1262 65 404 58 342
48 20 152 104 550 189 904 45 349 196 1004 112 489 289 1439 211 1023 33 85 254 1274 230 1120 288 1435 163 743 142 768 152 818 180 898 56 246 234 1142 25 109 97 508 42 195
49 20 131 2 15 53 314 275 1376 91 465 274 1368 129 587 143 745 22 168 139 649 161 791 16 129 135 720 161 822 165 759 164 770 152 744 199 986 214 1027 4 125 129 685
50 20 140 75 272 38 279 23 70 50 299 240 1191 267 1345 295 1475 23 238 195 988 203 982 10 154 243 1202 64 434 66 360 176 862 229 1166 91 367 77 362 221 1138 223 1150
51 20 158 281 1398 78 410 11 153 28 195 31 205 213 1070 188 891 202 998 241 1195 122 645 286 1431 143 763 243 1213 70 311 254 1254 125 617 256 1285 88 350 242 1226 68 438
52 20 165 32 78 192 944 167 865 119 566 84 347 139 719 201 1034 253 1255 133 689 201 994 176 888 78 278 280 1409 267 1327 253 1277 170 883 10 69 259 1286 37 197 249 1219
53 20 165 107 550 115 585 226 1132 37 192 262 1324 168 897 214 1096 245 1194 61 217 164 793 233 1168 121 570 128 619 244 1192 300 1500 210 1014 62 325 49 293 94 524 264 1325
54 20 137 223 1127 205 1017 45 224 108 598 116 527 224 1111 212 1084 36 45 258 1288 156 814 148 807 144 685 45 131 180 922 209 1030 17 195 38 69 203 1005 27 194 164 879
55 20 139 42 127 168 839 186 917 165 884 198 1026 75 389 6 6 100 522 258 1292 209 1058 38 71 239 1181 45 280 56 237 266 1311 292 1458 266 1316 48 266 44 115 89 390
56 20 126 296 1478 116 525 1 150 28 33 20 44 54 305 122 671 99 453 187 921 224 1091 52 244 263 1302 154 736 101 401 200 1017 144 717 134 743 45 183 151 718 145 707
57 20 150 108 473 109 547 258 1279 66 446 117 643 159 827 148 718 276 1365 134 722 11 154 229 1156 113 603 209 1051 215 1077 66 278 114 474 47 307 110 559 256 1289 257 1276
58 20 152 276 1376 84 429 293 1463 53 300 133 730 281 1411 150 693 26 49 137 672 103 439 38 138 299 1494 215 1065 184 893 189 960 149 804 76 432 174 913 49 200 142 735
59 20 158 148 678 37 159 271 1366 299 1494 90 451 7 23 72 361 232 1183 91 484 144 695 271 1364 182 873 230 1167 130 572 247 1221 269 1332 47 232 43 195 290 1445 65 377
60 20 149 246 1226 141 663 55 228 176 925 22 137 2 51 92 487 164 869 121 576 216 1055 272 1361 71 314 277 1396 128 601 161 738 91 485 228 1120 1 99 295 1474 234 1147
61 20 156 17 217 227 1146 231 1145 214 1064 128 695 258 1277 119 637 193 980 113 517 172 903 49 206 284 1417 70 250 234 1139 280 1393 267 1318 37 83 37 145 104 606 87 536
62 20 136 70 337 299 1496 72 366 218 1106 193 911 23 161 33 41 288 1432 55 278 70 434 177 901 256 1267 299 1492 69 428 229 1153 78 456 127 578 67 301 74 340 40 185
63 20 144 171 861 143 676 126 627 195 982 35 190 155 834 83 310 268 1340 174 904 6 25 223 1104 127 666 99 576 198 1016 195 963 166 785 185 952 55 188 134 696 152 823
64 20 111 94 504 107 527 117 667 38 176 179 859 163 795 264 1327 68 330 133 731 161 861 178 910 4 32 66 249 143 724 164 795 55 223 37 70 46 253 101 425 108 590
65 20 142 250 1238 70 347 30 105 131 603 47 183 136 730 255 1279 252 1243 255 1274 248 1216 30 123 130 573 235 1185 189 918 127 655 11 102 41 309 271 1343 108 583 26 213
66 20 174 238 1195 245 1247 21 86 44 162 265 1307 114 491 37 208 70 391 56 384 241 1196 292 1463 221 1079 111 579 239 1202 138 756 189 888 225 1141 206 986 300 1497 230 1145
67 20 142 203 1022 53 205 258 1270 42 272 148 804 297 1484 43 188 150 724 30 237 185 874 141 782 242 1229 144 696 99 473 217 1103 47 284 17 208 228 1162 235 1174 70 257
68 20 127 23 8 292 1456 89 426 179 873 260 1287 61 415 145 676 82 401 106 609 145 656 188 926 289 1437 95 389 243 1230 45 255 32 236 90 508 4 92 167 898 19 196
69 20 141 89 521 28 120 80 333 191 1008 273 1375 20 190 263 1299 255 1275 286 1432 293 1462 21 214 96 531 112 603 35 50 199 997 287 1438 56 223 8 151 188 956 59 307
70 20 141 162 812 191 900 216 1047 147 707 267 1319 229 1133 99 474 118 648 72 399 41 239 14 38 281 1397 32 87 76 420 201 1037 102 523 113 630 105 537 127 716 241 1174
71 20 161 151 821 289 1445 211 1046 161 763 154 741 41 88 84 361 85 473 3 151 181 937 286 1433 128 602 84 463 201 1039 250 1258 266 1317 114 579 285 1427 175 828 87 362
72 20 159 272 1353 192 909 41 191 12 136 283 1421 195 1001 290 1451 151 743 146 735 179 878 6 37 232 1189 32 285 283 1412 202 964 198 976 73 423 65 397 289 1443 56 215
73 20 129 10 60 214 1037 179 951 259 1300 151 715 2 5 40 320 227 1145 257 1273 71 418 243 1232 63 245 102 569 4 32 64 270 136 741 156 842 29 249 111 575 281 1400
74 20 148 283 1415 271 1341 179 856 213 1073 274 1360 115 554 44 287 237 1160 41 285 89 467 240 1201 161 803 39 70 40 217 147 795 99 533 119 533 20 58 170 899 186 886
75 20 186 56 306 86 357 284 1422 210 1093 203 1023 243 1218 174 900 144 781 29 107 208 1059 279 1394 243 1217 178 930 126 554 189 937 108 552 266 1331 234 1162 236 1184 243 1218
76 20 122 38 293 63 314 245 1244 123 665 40 302 164 844 74 374 170 839 5 24 104 563 286 1431 7 17 268 1346 36 238 102 562 291 1453 84 429 108 580 158 757 90 377
77 20 165 280 1396 282 1408 243 1229 291 1449 167 857 50 146 209 1011 228 1135 236 1161 13 31 63 297 24 159 37 285 218 1049 120 580 245 1227 164 792 265 1318 30 81 140 708
78 20 141 185 955 41 190 117 531 93 456 181 919 120 552 210 1044 35 93 184 908 168 806 138 698 248 1217 254 1261 287 1426 187 985 136 607 25 226 78 405 20 214 121 633
79 20 124 241 1200 39 267 85 382 121 529 42 326 8 79 58 290 208 1073 260 1309 217 1069 95 405 34 278 10 36 209 1079 219 1071 103 511 123 639 70 295 199 1013 142 730
80 20 137 214 1087 52 215 128 663 76 374 115 547 287 1431 84 516 86 422 96 536 192 913 119 648 143 750 208 1017 1 33 228 1113 236 1179 93 488 70 450 219 1095 111 479
81 20 170 183 878 294 1471 260 1280 252 1262 272 1371 209 1022 232 1180 240 1225 94 392 141 729 39 255 191 906 43 289 228 1156 34 83 238 1162 300 1499 34 107 13 8 108 602
82 20 130 18 133 201 1014 287 1437 3 10 54 205 296 1479 124 567 138 667 34 99 105 426 38 68 225 1085 78 285 19 174 182 958 174 839 300 1499 120 662 92 475 130 678
83 20 134 128 654 72 418 289 1448 93 368 37 127 239 1213 279 1396 183 933 247 1246 47 312 234 1157 66 264 155 782 49 168 151 687 195 995 76 387 81 349 10 70 62 226
84 20 167 95 525 120 682 299 1494 293 1464 27 246 230 1135 116 642 275 1382 219 1068 15 121 287 1428 96 547 59 177 230 1136 24 38 170 878 248 1233 170 825 155 749 227 1154
85 20 165 187 918 184 901 53 333 122 680 271 1359 292 1458 246 1244 218 1084 214 1112 28 257 71 359 241 1208 61 386 202 992 276 1385 191 998 33 71 204 982 140 746 85 522
86 20 164 18 146 262 1311 245 1227 264 1336 209 1086 191 908 137 711 65 406 23 18 268 1334 26 259 276 1370 281 1404 211 1061 25 167 192 972 162 806 33 166 259 1301 150 803
87 20 143 32 178 260 1298 260 1318 177 857 113 571 245 1227 53 330 167 845 220 1120 137 721 47 120 230 1170 74 372 2 61 230 1127 203 971 10 143 273 1376 77 282 51 128
88 20 140 25 113 126 652 222 1080 252 1234 224 1151 177 845 78 419 84 407 127 558 161 783 32 215 256 1265 77 365 121 583 61 298 164 836 226 1137 107 473 50 202 242 1215
89 20 130 131 579 146 791 79 305 249 1230 152 692 16 211 72 300 48 282 97 572 28 132 55 325 65 419 64 230 182 949 89 419 272 1369 285 1423 88 363 258 1273 241 1200
90 20 172 270 1352 199 953 245 1239 214 1103 214 1052 18 12 190 996 209 1030 240 1177 237 1207 263 1315 26 154 145 769 253 1246 170 881 196 972 133 725 62 416 123 559 46 302
91 20 172 138 744 220 1107 142 735 225 1158 24 104 128 584 171 809 67 434 123 619 118 610 279 1387 210 1029 212 1100 266 1318 262 1303 262 1324 3 144 120 566 185 974 289 1446
92 20 153 190 961 57 324 232 1178 223 1150 45 194 113 658 114 607 60 301 273 1357 82 386 200 952 20 142 294 1468 35 284 294 1471 7 102 225 1099 241 1221 71 289 286 1433
93 20 134 160 855 46 255 82 475 155 804 72 327 135 663 241 1214 265 1306 283 1418 169 881 19 126 49 196 56 165 47 328 281 1403 99 494 207 1015 16 10 41 148 275 1360
94 20 173 176 892 225 1118 283 1407 240 1199 134 689 68 263 187 955 251 1253 142 723 200 951 231 1123 288 1441 179 860 51 293 127 599 48 355 127 624 300 1496 124 535 79 336
95 20 171 85 484 232 1139 227 1132 174 929 91 422 235 1199 245 1217 148 753 82 493 6 138 242 1226 121 678 182 937 52 155 158 771 272 1358 206 1062 161 798 276 1368 230 1163
96 20 155 14 96 239 1175 82 469 79 344 156 812 76 467 27 162 267 1330 214 1055 211 1015 106 457 245 1224 297 1481 23 68 206 1049 16 131 254 1246 259 1275 184 873 161 768
97 20 172 263 1325 140 692 195 1006 134 697 32 194 24 154 292 1457 77 297 24 109 74 462 188 973 197 1004 108 605 286 1429 248 1250 242 1204 296 1476 164 846 264 1334 199 1007
98 20 123 50 230 69 415 151 772 184 923 13 191 1 114 220 1123 88 334 274 1376 88 464 114 504 119 615 4 18 131 670 112 603 131 693 55 305 284 1425 80 416 293 1463
99 20 138 300 1500 160 793 15 192 37 183 55 172 149 717 17 167 235 1192 36 273 135 617 194 995 186 983 120 640 83 407 204 1031 251 1247 282 1402 69 264 113 528 119 589
100 20 158 167 839 241 1194 228 1103 276 1370 24 11 269 1335 251 1252 20 203 30 257 228 1115 248 1248 262 1325 100 458 52 274 96 394 279 1402 7 145 109 586 192 974 81 398
101 20 110 47 123 151 723 51 335 43 181 69 422 54 205 197 963 111 628 86 361 90 450 57 301 238 1207 171 872 244 1202 25 29 60 270 274 1360 110 560 97 566 35 203
102 20 126 27 162 29 144 236 1170 206 1062 106 519 40 288 29 25 83 460 231 1126 271 1366 78 376 27 138 103 469 128 602 123 581 252 1253 148 677 100 528 209 999 107 586
103 20 157 39 82 232 1186 278 1399 42 98 51 281 257 1266 168 837 108 561 36 195 276 1385 195 961 228 1159 154 748 267 1317 294 1470 65 219 223 1081 33 56 166 889 34 111
104 20 155 122 688 195 945 247 1216 23 196 283 1416 174 876 214 1046 161 812 234 1136 115 657 188 920 108 565 117 665 191 940 171 813 80 383 142 749 196 1017 102 429 40 212
105 20 114 228 1160 173 920 3 55 135 679 27 22 89 358 62 223 130 658 251 1261 299 1493 157 812 54 351 26 47 21 13 105 467 143 772 44 306 48 345 39 103 255 1260
106 20 121 77 305 35 259 65 248 128 597 26 214 114 550 71 328 76 410 276 1367 90 507 213 1065 293 1464 80 469 43 259 35 257 185 876 113 605 235 1207 114 560 168 782
107 20 150 61 243 65 342 243 1235 271 1351 181 868 234 1154 235 1191 193 917 171 867 28 119 2 97 181 898 267 1316 260 1287 9 24 182 924 51 350 186 958 31 177 156 782
108 20 147 207 989 21 22 104 462 249 1234 21 66 196 1009 71 376 172 866 218 1125 69 377 58 391 271 1353 258 1274 159 757 26 213 287 1437 224 1143 66 219 126 643 143 687
109 20 160 40 124 280 1394 140 777 79 469 82 516 27 19 220 1135 257 1294 166 842 135 691 127 592 242 1201 37 172 199 1037 193 953 104 547 269 1351 195 992 203 985 210 1051
110 20 135 102 547 75 321 295 1474 139 626 99 488 41 175 40 167 176 908 109 596 194 1014 93 537 205 1008 119 677 292 1457 152 704 23 211 291 1450 189 900 73 311 2 113
111 20 133 79 433 276 1369 141 667 30 261 224 1086 283 1407 40 95 158 859 196 993 11 4 107 454 103 496 275 1382 94 565 278 1387 5 15 122 583 218 1058 25 74 2 22
112 20 179 90 377 183 945 201 1001 140 715 287 1433 205 997 104 442 94 424 300 1498 177 930 64 387 235 1147 250 1257 136 642 111 496 172 905 162 815 254 1264 254 1274 166 823
113 20 139 89 387 108 493 215 1061 285 1419 227 1127 66 329 198 1005 10 167 10 68 281 1411 55 273 132 647 53 327 295 1474 76 375 166 786 292 1455 124 573 20 168 79 356
114 20 197 74 375 291 1454 98 548 262 1305 298 1487 245 1205 296 1477 161 763 211 1047 219 1090 39 169 297 1487 264 1313 189 977 133 653 46 276 183 967 61 253 284 1425 293 1465
115 20 135 18 2 292 1456 160 852 98 493 231 1160 94 505 229 1142 104 580 15 126 143 732 81 413 118 520 139 707 5 143 207 1025 193 927 85 318 2 98 231 1164 264 1329
116 20 145 285 1417 44 173 174 875 273 1367 21 188 23 122 43 335 195 939 152 743 8 121 253 1241 241 1206 96 432 101 458 146 761 268 1346 89 354 280 1398 175 928 41 102
117 20 148 215 1095 12 190 131 683 206 1065 30 72 149 670 200 959 102 536 167 846 173 876 240 1183 220 1133 240 1184 179 926 147 662 8 138 243 1189 92 448 105 495 120 582
118 20 141 197 1006 9 31 155 713 211 1080 16 96 275 1375 18 6 296 1479 178 944 113 598 82 471 76 284 197 1024 95 409 294 1467 186 918 4 127 260 1308 12 46 157 777
119 20 149 293 1464 205 1015 201 965 243 1233 16 155 241 1194 74 419 52 153 71 375 95 484 228 1165 186 886 166 858 290 1449 34 119 176 895 114 494 48 347 64 370 186 957
120 20 153 166 791 274 1371 80 332 147 664 214 1097 141 757 129 710 26 159 44 302 268 1352 212 1042 123 617 54 272 68 240 289 1441 19 205 198 1003 291 1455 62 388 274 1357
121 20 167 66 307 20 226 288 1439 276 1373 184 916 180 953 133 697 250 1248 41 87 154 738 178 928 298 1489 38 140 97 402 288 1437 245 1244 252 1243 145 779 66 409 144 747
122 20 152 166 862 8 110 142 675 14 53 61 296 28 168 173 846 119 660 134 698 152 778 271 1352 179 943 140 689 40 212 208 1019 196 980 155 840 286 1431 286 1434 298 1489
123 20 116 290 1451 58 184 49 285 16 79 122 522 121 519 279 1395 265 1340 43 257 63 293 23 18 33 227 44 125 15 200 231 1120 296 1475 194 939 49 239 62 249 78 486
124 20 153 185 883 223 1108 32 42 24 235 296 1476 89 462 97 403 23 229 190 897 86 339 69 459 55 298 268 1321 126 698 203 1009 289 1441 243 1215 150 812 207 1056 216 1106
125 20 131 275 1382 14 203 153 765 254 1261 235 1197 117 541 110 607 43 282 123 585 152 723 6 71 29 110 228 1126 258 1293 290 1448 49 301 144 652 135 672 4 66 13 201
126 20 162 71 331 164 865 283 1410 184 952 195 955 81 504 147 676 103 444 266 1344 163 838 46 332 165 841 211 1018 92 525 204 1017 127 718 112 562 81 471 285 1422 272 1348
127 20 132 16 58 91 464 8 100 231 1146 147 783 222 1149 33 44 209 1001 3 95 186 945 273 1369 48 263 251 1231 291 1447 7 76 157 758 174 899 205 999 61 415 44 180
128 20 142 228 1142 272 1351 35 192 89 517 12 9 121 561 50 166 143 693 33 89 259 1310 79 357 213 1017 282 1397 154 738 236 1179 37 70 165 782 80 494 158 743 209 1081
129 20 167 282 1403 25 175 293 1461 253 1286 145 743 251 1235 293 1460 48 183 116 636 124 536 99 414 216 1048 82 467 134 649 55 207 298 1487 160 827 75 462 121 634 281 1398
130 20 154 174 833 280 1388 141 727 14 85 268 1325 160 781 121 646 214 1080 160 784 245 1233 141 775 34 45 43 288 44 206 111 599 269 1339 188 907 141 716 253 1275 80 373
131 20 147 46 299 232 1159 82 439 51 329 187 935 98 536 253 1276 290 1450 9 53 167 844 60 228 111 485 262 1316 33 77 284 1419 247 1258 206 989 190 971 52 156 89 527
132 20 132 21 138 33 172 223 1133 265 1320 178 861 53 329 256 1291 298 1485 233 1170 10 50 168 843 16 211 54 227 71 311 100 507 285 1419 114 480 25 25 153 747 88 485
133 20 123 43 268 136 746 21 100 32 191 147 679 111 571 230 1161 33 289 109 572 158 728 277 1386 73 434 119 652 160 773 39 286 299 1493 159 763 113 564 133 723 72 376
134 20 149 274 1369 61 190 13 138 187 948 26 196 141 625 34 238 247 1262 148 811 225 1086 160 850 42 117 108 478 54 241 39 155 174 910 279 1396 276 1379 204 992 298 1489
135 20 178 244 1200 173 863 227 1107 159 804 217 1106 102 436 196 1021 130 703 265 1341 241 1187 148 672 91 389 62 329 251 1232 158 803 267 1327 267 1339 264 1303 58 343 54 338
136 20 146 154 736 254 1250 5 74 227 1123 112 539 148 736 185 923 115 578 81 510 88 377 119 675 111 506 248 1260 149 800 40 190 288 1438 125 568 219 1122 156 773 107 481
137 20 161 216 1049 56 238 132 691 47 221 118 548 268 1336 229 1140 94 411 275 1360 6 164 233 1145 131 732 173 807 269 1337 49 328 194 979 150 765 166 850 129 602 299 1491
138 20 119 144 693 243 1193 72 296 206 987 42 182 57 249 156 724 8 77 53 331 170 819 126 600 150 745 273 1350 51 337 71 295 165 785 40 225 168 789 62 267 136 667
139 20 130 41 89 295 1475 140 676 177 863 211 1032 98 535 76 408 105 571 261 1293 211 1095 240 1214 202 973 121 610 25 188 24 178 149 719 138 734 15 217 36 160 39 86
140 20 165 252 1249 162 870 212 1100 17 145 283 1403 190 981 205 1066 172 806 193 1009 114 578 55 357 181 936 207 1001 49 145 107 472 18 145 241 1223 180 952 248 1230 232 1169
141 20 156 253 1255 150 790 94 491 130 633 283 1415 243 1184 77 373 192 934 163 788 94 464 67 405 278 1398 297 1485 256 1277 15 141 37 225 169 885 167 769 93 407 62 409
142 20 138 180 839 10 70 300 1499 123 606 248 1218 140 768 291 1451 115 515 103 427 202 986 135 607 132 721 36 212 47 195 5 96 278 1385 49 271 79 421 149 805 152 827
143 20 152 170 905 165 885 122 667 51 340 42 167 251 1238 138 672 136 681 261 1311 159 800 284 1419 96 434 132 592 240 1174 61 321 80 358 210 1027 49 266 113 619 281 1402
144 20 148 9 71 12 85 207 1079 34 229 197 964 296 1479 150 745 47 287 294 1467 221 1074 84 322 200 1007 171 867 149 671 42 92 161 858 165 808 114 605 162 752 246 1234
145 20 131 236 1166 285 1417 110 470 50 296 23 24 278 1394 58 392 50 276 43 140 141 693 94 571 226 1131 52 150 19 216 245 1213 15 97 171 818 129 564 97 546 300 1498
146 20 141 12 112 145 651 176 858 175 813 72 417 143 655 295 1469 19 27 31 178 63 372 47 324 149 714 229 1175 234 1193 236 1172 137 701 147 720 288 1440 35 76 206 1018
147 20 141 172 869 117 506 198 1002 208 1040 85 455 283 1410 186 906 145 768 150 712 29 241 116 496 61 388 262 1292 186 914 244 1190 217 1095 47 131 12 141 29 58 77 481
148 20 137 144 696 56 386 293 1462 53 332 249 1229 213 1039 29 224 268 1347 174 897 28 223 35 100 131 637 127 701 285 1420 116 650 21 22 227 1132 150 692 81 433 68 327
149 20 175 100 578 197 937 230 1151 127 712 12 103 263 1294 161 803 138 646 244 1194 232 1186 271 1347 163 852 200 1038 156 737 226 1095 125 698 209 1077 195 964 24 2 228 1170
150 20 149 254 1268 262 1305 270 1351 165 837 253 1264 190 913 105 536 130 661 60 219 2 54 264 1309 5 17 250 1274 58 292 150 795 114 511 135 677 33 164 89 355 209 1060
151 20 134 81 434 42 312 147 675 174 892 276 1375 72 398 81 387 227 1136 13 50 55 150 206 996 47 155 150 760 31 188 151 787 229 1132 249 1266 201 972 228 1173 38 68
152 20 135 280 1399 132 602 214 1109 74 441 243 1188 190 922 70 454 137 643 189 933 199 957 53 339 66 219 135 738 219 1096 104 471 144 770 7 122 180 872 40 236 36 48
153 20 152 231 1180 164 787 300 1500 167 771 50 196 155 757 263 1299 269 1347 182 955 169 858 111 529 25 4 213 1038 133 689 26 228 75 441 149 775 134 743 73 417 154 771
154 20 159 3 68 229 1156 10 149 176 885 298 1489 103 448 260 1279 14 178 147 686 193 909 269 1334 48 241 151 706 181 871 167 788 132 585 173 830 108 627 290 1451 238 1176
155 20 128 91 493 250 1230 5 27 109 568 68 260 245 1241 288 1440 15 174 3 144 85 354 283 1410 148 674 102 431 228 1137 164 779 105 433 143 649 81 310 69 452 89 442
156 20 147 94 494 293 1466 130 660 294 1468 222 1144 85 398 68 229 52 283 81 488 23 188 83 396 59 321 246 1216 290 1444 125 537 253 1265 145 721 184 964 111 627 106 602
157 20 130 158 735 21 171 96 511 247 1251 158 728 298 1491 83 520 10 163 185 964 60 238 157 737 260 1316 151 778 141 746 138 719 171 900 43 180 92 451 68 446 78 388
158 20 146 225 1143 107 611 42 277 98 525 75 430 112 563 47 321 40 109 159 845 247 1239 46 170 270 1342 105 615 215 1073 144 727 108 532 157 772 217 1117 227 1098 293 1467
159 20 158 43 152 34 135 277 1390 213 1100 161 816 124 559 9 17 139 746 238 1191 151 722 199 1034 254 1265 71 368 269 1335 122 625 118 675 212 1083 262 1310 29 238 235 1146
160 20 152 250 1268 207 1058 100 551 26 9 141 772 289 1445 177 917 62 409 70 439 108 582 171 916 114 511 254 1252 42 290 207 1059 255 1258 4 9 151 771 265 1314 157 793
161 20 138 129 606 11 198 148 770 280 1406 231 1144 196 934 29 125 31 82 15 128 207 1042 85 453 216 1048 174 893 172 795 36 130 293 1460 253 1275 28 127 11 43 225 1144
162 20 125 107 574 300 1500 44 141 63 319 67 242 119 651 83 303 23 204 288 1439 199 974 275 1382 101 404 70 293 92 534 16 44 71 330 239 1206 66 347 239 1220 46 103
163 20 168 104 461 60 191 80 292 198 1007 277 1376 42 140 230 1114 290 1451 194 927 133 629 136 727 207 992 153 793 245 1211 2 15 30 243 201 999 227 1114 261 1296 299 1494
164 20 137 29 185 277 1380 127 706 185 940 99 493 68 312 180 915 51 309 135 593 36 169 134 732 216 1042 43 194 64 287 171 875 219 1061 91 510 282 1415 149 819 185 942
165 20 163 142 638 270 1353 26 158 249 1254 114 648 81 342 287 1435 4 164 135 710 77 294 279 1392 218 1129 23 203 144 702 213 1077 54 354 276 1366 260 1312 146 729 262 1290
166 20 131 18 150 61 420 288 1434 140 742 240 1211 276 1372 22 154 94 398 120 649 189 915 19 169 250 1248 49 231 51 132 83 479 188 948 97 437 92 551 60 351 300 1499
167 20 145 74 316 190 931 30 239 283 1408 260 1305 104 570 47 351 247 1238 276 1386 103 486 71 389 16 190 291 1453 123 635 217 1077 92 502 231 1130 40 217 18 73 191 969
168 20 128 156 820 153 735 167 856 75 334 237 1171 21 202 262 1295 156 815 165 877 55 359 161 764 270 1352 164 828 149 796 39 263 49 258 9 27 153 714 53 370 68 341
169 20 123 257 1273 266 1313 119 680 202 1048 38 85 5 50 8 86 115 646 6 163 94 415 57 385 224 1100 164 799 105 503 202 982 124 661 246 1205 110 606 47 330 78 314
170 20 137 243 1210 49 144 237 1164 227 1115 83 360 256 1298 169 880 239 1200 21 37 189 890 68 403 114 513 274 1372 35 126 112 635 125 635 51 241 1 110 25 109 230 1161
171 20 172 181 845 271 1357 195 952 293 1466 267 1334 52 376 257 1288 168 852 170 867 158 815 21 160 167 812 98 590 9 14 166 842 214 1104 288 1432 255 1260 96 424 131 725
172 20 95 5 64 100 474 62 365 64 331 168 795 56 195 215 1053 75 316 52 272 59 206 23 231 235 1175 37 298 42 305 129 688 57 210 210 1057 224 1088 33 281 59 203
173 20 125 30 242 43 300 272 1359 99 550 95 533 277 1386 193 976 185 962 160 827 185 930 60 250 7 46 125 696 266 1344 130 660 19 109 98 588 46 186 121 688 101 551
174 20 145 162 817 249 1249 219 1074 159 863 197 954 251 1259 65 432 6 173 187 890 6 57 270 1358 61 186 266 1335 103 470 240 1207 50 142 56 382 288 1438 34 110 31 184
175 20 126 61 351 116 630 299 1495 107 517 112 576 25 125 131 697 261 1309 226 1148 215 1060 106 431 290 1442 75 351 124 588 34 239 123 678 66 316 55 174 105 502 7 43
176 20 128 282 1407 293 1464 110 603 258 1310 13 149 26 149 256 1264 2 66 174 905 129 698 150 713 45 113 23 206 192 1014 83 367 144 785 202 1007 28 20 7 105 145 730
177 20 146 282 1411 156 726 19 21 113 590 266 1324 250 1225 251 1231 54 221 187 888 163 876 91 459 297 1486 252 1242 27 32 61 366 151 768 38 182 26 237 45 148 191 951
178 20 144 226 1156 138 717 265 1320 74 394 62 397 189 954 245 1212 7 113 172 902 201 970 13 144 142 663 42 150 191 896 30 216 39 129 84 506 183 907 300 1496 285 1419
179 20 129 97 525 54 234 117 669 154 771 268 1329 182 875 132 691 209 1007 274 1370 14 135 18 23 233 1157 188 949 158 826 98 574 90 355 155 820 24 76 23 83 93 456
180 20 150 47 213 186 969 167 829 228 1131 221 1104 294 1464 49 238 148 720 54 244 109 530 140 690 56 317 13 112 258 1307 173 827 175 856 30 254 194 966 293 1461 183 932
181 20 156 174 871 179 949 290 1450 24 51 198 982 242 1192 296 1478 29 27 37 72 100 453 279 1386 134 738 259 1288 256 1276 21 35 162 798 126 658 31 206 205 1012 91 441
182 20 113 235 1173 83 497 292 1458 224 1109 23 88 286 1432 19 207 15 99 8 33 10 139 49 250 59 410 14 68 251 1276 158 783 233 1130 148 800 38 274 110 632 6 142
183 20 182 293 1463 218 1067 276 1366 210 1026 110 637 295 1472 190 969 128 705 159 758 42 83 133 708 136 758 246 1214 227 1111 166 800 165 870 19 29 280 1404 249 1240 103 567
184 20 162 256 1289 63 281 95 409 110 524 180 863 231 1123 178 860 77 381 259 1302 270 1359 109 536 244 1207 158 794 168 877 31 247 21 40 113 552 273 1350 214 1087 194 970
185 20 174 65 301 65 385 276 1371 248 1220 38 120 201 985 272 1358 183 858 236 1169 214 1038 24 27 259 1291 240 1202 230 1133 166 827 101 493 122 684 200 956 262 1316 90 522
186 20 124 102 543 27 131 77 327 141 623 246 1251 37 203 53 357 250 1255 212 1103 47 264 195 931 43 175 78 316 96 533 156 727 22 64 194 927 119 609 168 882 235 1150
187 20 152 161 793 135 738 278 1381 23 157 157 844 131 605 240 1193 201 1053 185 933 167 784 161 852 156 817 291 1450 12 92 53 245 163 828 108 482 74 367 180 937 174 826
188 20 132 219 1059 254 1277 81 321 42 250 61 409 29 61 91 360 22 156 89 505 10 17 96 479 223 1087 228 1153 176 816 185 872 124 541 282 1407 191 982 115 523 131 712
189 20 156 224 1103 121 554 121 658 161 796 251 1267 109 596 209 1037 66 405 195 995 70 298 145 760 159 758 232 1188 115 507 134 666 233 1193 62 386 227 1159 148 759 149 723
190 20 163 262 1309 113 640 164 761 179 920 148 749 211 1017 122 607 250 1264 29 240 108 471 193 916 288 1439 183 941 35 94 114 477 218 1051 37 297 238 1194 288 1436 84 459
191 20 135 270 1338 114 582 181 910 139 642 102 437 74 255 139 664 61 192 91 543 41 170 181 861 33 290 157 774 296 1479 137 669 125 572 248 1236 173 810 22 45 125 584
192 20 166 178 923 162 749 271 1349 273 1355 258 1276 276 1388 159 824 264 1336 127 558 186 929 175 851 175 924 194 920 141 749 53 243 43 206 184 973 138 625 15 150 50 234
193 20 142 255 1256 67 219 62 257 112 540 90 495 203 999 276 1385 36 307 91 398 119 606 110 609 258 1276 193 949 51 278 142 702 62 259 290 1446 109 638 49 350 265 1325
194 20 152 141 737 107 579 154 762 245 1228 36 112 2 6 243 1211 184 938 243 1231 72 379 206 1020 188 896 93 462 251 1230 104 572 48 253 280 1395 266 1340 20 64 170 804
195 20 149 246 1249 20 171 152 795 245 1237 209 1024 143 641 103 542 22 172 8 180 220 1104 279 1385 126 663 186 958 211 1080 141 629 229 1108 128 695 106 550 85 333 136 702
196 20 160 297 1480 225 1114 133 714 154 755 209 1051 178 938 112 584 19 10 204 1023 190 924 215 1088 35 100 150 737 140 674 93 405 111 497 263 1330 278 1397 63 313 139 691
197 20 157 268 1324 222 1113 196 947 228 1159 134 676 88 404 156 749 32 173 283 1410 127 605 138 629 101 423 237 1155 130 696 32 191 58 262 51 234 242 1205 285 1426 148 759
198 20 155 46 280 275 1375 150 726 125 652 17 78 146 696 153 830 232 1189 53 366 107 448 129 591 145 794 238 1214 283 1413 92 423 266 1323 68 333 214 1098 136 762 229 1172
199 20 156 170 894 116 496 286 1425 90 454 205 1053 33 99 190 954 137 623 107 548 211 1072 198 966 231 1182 208 1066 150 764 33 71 129 607 248 1214 78 421 64 358 247 1256
200 20 153 209 1046 46 167 132 691 77 421 171 850 53 286 168 824 140 639 221 1091 218 1052 124 694 289 1437 185 961 181 885 120 666 171 909 138 645 97 476 257 1277 71 289
201 20 141 52 342 19 176 97 444 167 815 198 985 12 143 288 1437 285 1416 295 1468 1 101 134 590 291 1456 155 819 133 645 114 641 239 1167 153 761 12 195 108 451 72 417
202 20 165 237 1186 264 1313 272 1361 269 1353 176 935 28 225 179 902 164 781 177 912 22 8 106 480 290 1452 56 179 159 772 185 938 147 763 282 1408 14 2 266 1343 16 131
203 20 162 7 119 276 1381 244 1197 52 175 58 393 218 1101 183 871 299 1491 218 1121 269 1355 177 863 27 199 197 973 250 1238 276 1367 204 1052 39 285 204 1021 10 141 38 296
204 20 145 33 228 240 1179 83 508 227 1102 284 1409 205 1016 183 912 167 772 194 1019 85 409 165 792 134 693 19 227 237 1165 201 1047 8 7 211 1025 26 217 151 718 58 313
205 20 177 54 198 240 1188 135 663 78 319 244 1198 234 1148 210 1084 270 1349 165 831 25 243 204 972 9 68 275 1378 238 1165 294 1465 210 1049 112 486 131 726 293 1462 138 706
206 20 127 72 340 282 1408 32 69 84 464 104 484 164 836 176 820 124 533 245 1227 1 94 2 114 127 696 196 952 286 1426 209 1073 33 210 194 995 78 408 136 617 5 133
207 20 157 2 74 199 1020 255 1294 280 1406 7 138 207 989 169 806 15 63 6 153 188 989 192 963 74 432 271 1363 81 342 215 1093 296 1478 298 1489 206 1033 128 707 62 206
208 20 159 78 337 161 777 178 864 294 1465 167 789 255 1262 276 1367 298 1488 200 955 196 1019 182 912 58 406 183 938 24 242 60 271 253 1278 206 980 73 355 13 41 37 90
209 20 162 32 109 207 1051 261 1289 54 205 113 481 267 1344 188 921 103 433 130 716 91 495 116 660 146 732 152 779 292 1458 93 433 280 1397 214 1110 21 30 295 1469 199 1014
210 20 158 122 551 297 1484 278 1390 183 920 274 1371 100 501 73 452 222 1083 271 1342 121 619 203 1025 84 486 96 442 9 89 86 458 156 737 104 536 119 558 132 620 234 1192
211 20 148 119 583 161 751 290 1448 199 976 70 349 48 206 53 144 273 1363 65 250 29 12 4 74 244 1194 177 873 27 38 288 1435 230 1129 185 909 143 790 273 1361 96 406
212 20 143 107 530 222 1075 189 932 232 1168 132 598 264 1302 65 295 129 577 111 641 109 590 299 1493 56 236 80 303 135 603 33 269 57 367 94 367 255 1275 233 1169 64 240
213 20 154 59 373 120 672 124 588 151 790 133 706 207 1038 263 1314 235 1166 96 563 137 634 257 1274 76 268 214 1027 185 921 266 1312 31 49 176 893 1 23 81 457 280 1408
214 20 171 143 723 76 330 88 466 1 90 33 152 197 996 157 799 242 1225 208 1015 244 1195 289 1441 271 1352 116 615 159 791 186 930 190 942 245 1203 160 788 167 795 250 1255
215 20 145 249 1228 80 450 17 73 148 716 21 83 243 1187 202 1049 44 162 242 1205 154 698 206 1031 214 1038 178 853 132 627 195 928 61 380 40 204 260 1287 155 712 65 378
216 20 143 44 218 86 497 51 210 123 689 134 676 186 924 238 1193 181 959 72 414 217 1086 113 607 296 1478 109 595 193 942 80 414 155 758 228 1132 214 1086 1 58 156 713
217 20 137 295 1474 17 78 275 1372 136 758 78 373 194 927 238 1192 98 452 205 988 4 162 14 159 174 812 300 1499 7 156 59 358 285 1431 96 558 205 1026 44 137 35 178
218 20 153 1 41 226 1159 193 941 296 1480 212 1038 248 1261 154 704 202 977 86 365 136 707 191 953 154 727 142 700 10 125 23 144 287 1435 112 585 1 92 296 1480 97 540
219 20 212 212 1039 143 705 275 1372 287 1430 217 1103 245 1205 224 1114 222 1104 172 897 249 1225 152 685 228 1102 230 1182 260 1296 95 572 84 362 283 1418 203 1003 182 881 278 1395
220 20 139 135 708 30 231 72 318 223 1143 217 1099 250 1246 205 1054 173 843 61 383 229 1168 151 721 46 232 174 899 110 526 173 823 22 121 17 114 295 1475 9 95 193 955
221 20 168 293 1462 238 1159 104 452 250 1243 125 541 253 1274 188 931 186 875 160 750 34 83 37 207 154 786 94 420 257 1290 197 955 26 155 242 1214 253 1279 180 949 103 469
222 20 149 3 161 216 1075 148 674 45 106 239 1162 128 651 123 664 14 74 198 963 250 1233 158 798 295 1478 158 745 227 1110 46 202 188 992 45 227 261 1294 42 213 198 1001
223 20 142 241 1209 180 932 242 1181 295 1473 60 324 66 401 120 626 103 486 151 704 150 731 47 153 181 915 143 724 28 41 37 112 148 693 34 58 97 387 265 1310 263 1325
224 20 136 51 262 19 186 237 1206 105 501 148 681 3 86 165 764 299 1495 63 220 69 366 84 401 271 1351 78 370 164 849 99 447 12 24 61 273 269 1359 270 1347 263 1314
225 20 144 23 83 110 540 182 923 51 231 82 508 190 928 171 832 239 1224 135 695 147 807 56 194 109 546 236 1204 223 1108 220 1083 223 1073 249 1265 117 559 86 439 31 137
226 20 162 148 691 238 1185 241 1222 161 767 141 778 166 896 42 317 226 1133 264 1304 96 425 256 1279 96 477 209 1043 161 830 157 801 20 170 14 101 200 949 214 1082 197 954
227 20 147 140 757 115 513 273 1367 119 575 98 445 110 625 187 941 169 892 162 761 193 937 212 1037 270 1349 156 841 63 233 73 310 108 593 80 477 76 390 229 1177 115 628
228 20 148 260 1315 239 1217 7 109 209 1081 118 623 225 1098 14 118 1 35 81 371 207 994 299 1495 225 1159 11 63 1 7 130 633 113 488 93 565 246 1205 266 1313 221 1125
229 20 149 183 881 11 20 278 1399 181 946 60 295 199 1019 289 1439 237 1201 7 104 188 924 170 888 224 1111 60 374 179 896 38 62 230 1174 59 262 68 416 290 1450 40 217
230 20 145 183 940 165 825 72 399 214 1078 126 562 60 327 163 835 126 570 107 576 258 1277 131 604 169 842 117 585 287 1430 147 780 191 901 77 332 217 1096 29 246 74 377
231 20 182 200 1036 212 1068 293 1462 127 598 131 618 169 783 206 1006 70 458 277 1373 156 798 250 1252 27 191 287 1437 171 889 26 130 268 1348 18 141 229 1110 275 1366 252 1256
232 20 130 16 93 25 131 245 1212 48 325 282 1412 132 615 268 1342 230 1164 4 147 194 998 58 292 36 205 129 708 178 923 190 968 13 17 245 1213 96 379 150 765 70 459
233 20 169 262 1293 294 1469 62 254 192 937 272 1358 8 131 213 1087 17 177 201 1015 281 1409 155 721 237 1165 114 512 280 1389 220 1111 193 956 96 467 68 334 79 459 146 657
234 20 147 157 727 8 1 234 1188 35 218 298 1490 58 317 153 775 199 982 239 1208 119 556 74 340 250 1248 141 716 9 48 40 218 248 1213 245 1242 5 152 282 1404 148 776
235 20 122 118 558 145 793 268 1343 20 49 39 208 195 971 3 104 116 645 252 1250 236 1161 88 406 92 458 239 1170 180 954 140 685 99 549 4 133 64 350 124 579 21 143
236 20 192 225 1131 245 1251 295 1474 135 742 182 871 139 652 173 913 216 1056 29 99 59 203 272 1374 185 908 222 1123 194 940 263 1297 175 860 149 719 273 1357 170 823 254 1254
237 20 133 60 343 216 1085 53 330 230 1134 259 1272 94 448 52 212 20 27 162 835 5 97 89 366 159 856 84 357 57 199 168 841 199 985 203 1028 234 1178 175 861 143 702
238 20 118 224 1138 216 1043 80 461 2 118 5 157 117 501 22 90 232 1163 94 371 148 735 210 1028 47 290 87 541 197 970 1 113 173 897 183 860 6 41 133 579 201 1018
239 20 148 38 252 134 683 274 1357 299 1492 225 1117 160 732 57 204 273 1373 113 563 235 1145 141 780 101 520 183 857 51 148 209 1010 15 11 70 434 103 473 86 432 196 970
240 20 171 297 1484 113 603 100 544 288 1435 295 1471 143 687 96 558 177 908 72 364 237 1193 281 1397 124 681 8 56 207 1031 156 731 293 1457 149 793 83 377 109 601 208 1056
241 20 141 20 102 145 714 237 1190 197 982 170 885 243 1218 285 1421 243 1186 92 558 66 321 293 1464 22 166 97 429 231 1178 23 97 59 174 131 639 88 340 92 526 91 508
242 20 151 107 599 162 739 119 675 294 1467 86 459 1 2 107 605 157 823 183 893 219 1122 85 529 149 793 299 1490 8 60 166 875 272 1351 6 31 117 612 244 1221 249 1238
243 20 157 152 739 278 1390 134 656 138 729 223 1129 193 994 190 996 204 1061 31 226 3 27 84 380 91 434 37 107 176 910 197 1004 161 809 293 1460 187 960 103 499 283 1416
244 20 177 288 1434 284 1421 154 715 255 1265 221 1087 290 1442 169 818 151 785 278 1382 108 447 130 702 24 202 294 1465 101 436 30 89 13 36 100 402 137 663 256 1275 261 1320
245 20 162 55 236 55 200 283 1409 217 1060 137 720 171 866 200 1042 198 941 286 1422 174 817 162 753 290 1453 142 682 143 670 143 698 113 603 264 1325 78 461 140 744 6 131
246 20 123 21 119 93 558 295 1470 73 309 175 841 81 471 73 381 294 1463 73 445 39 83 143 736 247 1243 31 235 65 422 136 668 16 209 222 1118 264 1312 47 170 87 409
247 20 163 16 127 214 1042 293 1463 290 1450 224 1098 106 516 280 1389 92 436 213 1104 34 252 209 1000 13 11 251 1248 60 246 193 999 273 1352 113 595 58 365 281 1411 66 320
248 20 151 47 249 65 272 130 688 179 893 122 628 209 1037 21 221 231 1123 202 1026 102 476 272 1348 201 1017 66 288 174 827 93 466 21 214 153 809 233 1162 261 1315 255 1281
249 20 156 143 700 211 1017 207 1037 232 1181 29 242 232 1172 21 2 267 1344 154 774 167 888 60 335 177 869 102 479 194 927 178 932 169 886 246 1243 290 1445 6 121 54 335
250 20 166 68 430 98 409 182 864 2 103 251 1234 232 1175 266 1315 131 693 104 488 229 1175 296 1479 163 760 137 718 130 617 91 487 223 1143 232 1161 236 1145 96 455 165 876
251 20 156 245 1248 97 446 188 970 134 720 67 367 115 556 51 252 125 636 154 776 125 693 16 136 289 1447 253 1255 298 1490 159 729 101 572 204 1013 184 888 94 402 229 1157
252 20 165 295 1474 222 1137 191 937 278 1384 114 529 125 596 138 764 121 531 244 1193 171 812 195 949 10 43 297 1481 1 33 38 317 103 500 276 1374 123 595 269 1337 102 455
253 20 110 260 1293 136 729 47 132 38 231 198 985 152 710 26 32 77 437 200 995 144 736 139 706 3 57 203 1000 163 798 34 46 29 145 139 721 104 487 107 531 13 192
254 20 135 67 235 288 1437 166 881 137 606 57 161 136 730 122 665 40 291 154 733 203 991 108 484 25 182 270 1356 138 732 216 1057 162 797 9 114 180 954 141 724 85 345
255 20 171 101 449 65 331 61 313 297 1483 236 1161 202 1035 228 1141 286 1432 223 1125 32 131 203 990 235 1182 97 502 148 781 39 198 266 1323 169 876 152 726 188 988 208 1039
256 20 147 156 730 16 101 294 1469 98 489 186 968 196 947 158 731 31 218 243 1203 118 615 110 577 132 652 267 1329 188 911 149 669 39 267 73 281 204 973 276 1371 11 128
257 20 138 102 416 38 192 231 1181 19 8 234 1172 59 378 221 1110 76 450 195 941 7 66 23 58 292 1459 290 1444 67 418 292 1455 21 149 275 1377 58 343 159 777 119 552
258 20 138 180 956 235 1155 207 1028 28 268 294 1464 221 1092 46 228 261 1296 33 160 199 953 198 966 89 527 209 1052 56 392 15 163 51 257 142 682 33 206 38 114 233 1166
259 20 148 94 448 24 50 23 144 212 1028 282 1407 111 478 250 1232 37 148 39 324 95 455 104 519 279 1384 79 390 265 1306 38 99 275 1371 210 1040 230 1179 253 1275 63 399
260 20 151 69 246 294 1469 123 670 26 9 166 835 222 1139 235 1185 201 1045 249 1229 174 815 107 606 176 881 66 343 145 749 17 175 58 178 200 970 253 1250 36 77 214 1061
261 20 173 165 880 270 1356 292 1459 136 602 172 805 105 597 236 1162 22 35 245 1234 178 909 209 1074 182 930 46 152 244 1244 278 1396 52 211 62 331 111 602 165 817 295 1472
262 20 145 162 848 128 702 124 703 16 140 105 556 49 188 162 757 260 1292 100 575 164 771 54 179 281 1399 200 992 170 783 25 251 81 339 184 903 150 727 260 1317 232 1168
263 20 155 228 1172 194 976 78 417 84 460 240 1218 273 1368 139 710 97 499 145 651 241 1217 109 573 199 1041 268 1346 245 1249 201 979 4 79 42 93 31 34 175 880 107 598
264 20 155 149 749 24 149 136 663 126 675 222 1141 203 1048 212 1021 98 457 189 969 162 740 67 390 173 830 69 318 256 1270 227 1151 108 455 160 767 252 1277 190 917 93 541
265 20 192 214 1088 273 1354 107 495 260 1308 163 865 120 619 31 67 168 803 242 1193 223 1098 292 1460 99 508 163 748 252 1277 195 938 207 1032 238 1200 177 828 207 1072 224 1140
266 20 148 147 756 180 864 16 95 167 849 157 750 289 1445 238 1198 262 1297 96 578 64 334 109 570 110 587 236 1210 159 757 80 438 108 512 32 42 197 980 75 324 241 1192
267 20 184 58 382 256 1294 201 1025 264 1327 286 1433 179 929 91 430 50 291 249 1228 239 1162 153 725 123 547 266 1341 287 1429 156 842 139 708 2 1 291 1456 240 1185 162 857
268 20 145 16 154 21 236 92 515 193 921 130 653 254 1284 265 1306 184 963 219 1070 143 706 244 1204 12 120 231 1155 2 96 81 468 216 1079 196 999 175 861 32 157 197 966
269 20 150 201 1041 194 967 206 1057 257 1263 8 58 109 558 296 1480 260 1294 207 1003 103 576 113 517 115 592 4 159 211 1055 297 1485 47 239 39 215 45 330 147 793 157 781
270 20 145 298 1487 199 1021 163 786 118 668 192 1005 64 308 201 997 250 1259 150 695 65 284 31 148 299 1494 212 1079 9 181 93 390 23 8 169 877 20 158 210 1015 144 682
271 20 193 134 617 281 1412 119 538 213 1027 78 416 164 812 230 1131 202 1035 191 974 187 965 174 900 172 919 273 1362 149 676 143 752 146 713 273 1373 254 1276 213 1024 268 1351
272 20 155 195 1022 276 1383 41 200 288 1432 254 1260 200 964 94 453 81 406 77 418 255 1289 51 239 229 1109 49 352 224 1096 129 617 30 240 250 1242 137 747 45 158 203 1008
273 20 124 261 1312 254 1287 38 85 124 538 64 214 126 701 54 303 178 847 162 760 163 765 251 1245 211 1014 15 200 60 284 132 683 98 556 62 264 42 200 139 750 46 292
274 20 153 169 895 76 394 114 520 242 1183 237 1181 80 327 49 367 207 1078 238 1199 145 786 232 1153 287 1431 201 1036 93 456 102 598 229 1119 210 1011 90 512 60 220 10 48
275 20 167 289 1449 30 45 272 1352 22 221 254 1276 246 1206 288 1433 137 653 247 1258 69 354 245 1198 32 285 45 149 45 241 195 938 98 427 161 854 222 1131 288 1436 160 764
276 20 155 292 1456 75 288 94 445 91 391 248 1260 99 424 81 441 276 1388 237 1175 9 50 229 1155 186 955 245 1198 71 351 158 778 109 489 117 655 274 1367 30 104 189 994
277 20 131 206 1049 50 330 2 97 54 384 231 1155 129 596 48 199 2 94 163 794 11 49 69 242 107 455 102 568 110 559 172 831 3 42 291 1452 297 1486 279 1396 295 1474
278 20 162 145 790 246 1241 271 1343 104 459 43 335 114 524 114 609 169 863 37 58 147 754 300 1496 34 138 168 898 198 987 259 1293 4 94 201 1047 247 1208 249 1254 191 919
279 20 165 77 492 162 839 34 84 50 312 94 538 294 1463 287 1436 109 599 181 875 201 1029 239 1172 45 260 273 1361 238 1164 3 69 196 979 197 971 272 1350 112 577 255 1254
280 20 108 43 281 177 845 199 1036 110 459 190 898 63 406 14 95 239 1166 25 2 219 1096 98 410 99 449 219 1056 8 101 27 245 21 214 206 1049 10 171 77 294 128 717
281 20 161 151 766 190 997 249 1242 244 1206 174 863 227 1163 100 478 287 1440 128 636 206 1005 141 697 31 287 125 626 3 131 61 392 259 1298 291 1451 90 466 164 856 114 631
282 20 170 111 487 229 1111 145 710 209 1068 283 1415 38 104 173 837 71 339 157 714 156 805 203 1050 193 947 248 1238 242 1215 300 1497 251 1267 28 226 286 1428 38 164 40 190
283 20 129 18 77 114 523 171 794 47 141 56 196 9 105 155 797 175 828 151 727 52 277 180 840 244 1232 186 938 55 223 237 1168 4 167 288 1431 127 589 75 469 248 1248
284 20 165 9 91 139 679 129 593 195 1003 141 635 274 1375 178 876 292 1458 141 754 247 1233 257 1276 194 978 261 1298 171 900 244 1239 35 116 175 920 48 275 29 207 145 697
285 20 156 289 1443 210 1089 200 976 36 143 140 722 133 663 226 1151 184 891 85 393 265 1318 6 157 110 457 55 228 66 221 208 1016 240 1198 28 107 274 1377 215 1093 151 711
286 20 110 23 241 117 658 215 1048 198 956 60 355 121 611 62 262 47 228 59 341 71 290 252 1268 275 1381 52 281 234 1194 20 82 12 71 1 12 61 187 144 702 190 922
287 20 156 184 917 85 481 108 469 298 1486 150 760 281 1403 107 451 138 739 266 1327 81 390 58 362 50 213 222 1143 145 786 167 792 166 842 238 1203 197 1002 94 450 97 509
288 20 137 35 296 269 1348 43 117 48 144 105 609 27 49 290 1447 2 98 14 205 94 440 1 121 90 494 130 676 164 852 296 1479 244 1218 248 1236 293 1468 236 1173 127 650
289 20 154 116 530 172 857 263 1312 228 1112 52 202 200 1032 46 204 233 1147 220 1131 254 1265 152 799 151 823 100 447 78 355 237 1194 218 1122 165 818 56 264 115 565 40 236
290 20 164 233 1188 255 1262 23 179 227 1141 28 142 261 1320 128 564 218 1124 175 928 288 1441 72 257 99 411 236 1198 77 473 135 730 102 444 237 1190 252 1272 109 560 130 721
291 20 147 61 367 117 537 56 272 279 1381 33 189 39 115 253 1265 123 592 280 1407 175 837 135 633 71 460 61 310 162 814 239 1210 15 124 286 1421 193 944 129 647 244 1200
292 20 188 229 1166 84 312 215 1050 298 1484 207 1054 287 1426 230 1136 170 832 249 1260 283 1419 291 1455 131 593 182 853 296 1477 24 165 12 69 221 1090 11 21 113 591 239 1195
293 20 143 227 1155 102 544 222 1112 52 236 259 1288 147 670 53 215 21 67 177 927 28 166 193 1005 8 152 263 1312 11 22 206 1039 30 215 300 1499 295 1470 277 1374 1 144
294 20 155 237 1159 82 381 38 109 35 78 40 129 190 925 118 591 101 471 149 783 273 1351 91 525 277 1373 230 1156 177 829 46 228 265 1324 178 927 268 1350 213 1053 94 506
295 20 92 35 183 16 78 43 269 129 584 186 941 51 366 21 195 298 1489 68 326 82 435 49 271 150 779 124 536 21 32 72 420 21 134 46 317 2 93 216 1072 211 1033
296 20 140 50 337 42 233 120 553 104 461 132 580 149 787 120 618 214 1100 268 1320 167 799 27 164 72 442 210 1064 43 174 232 1156 292 1458 163 818 132 728 151 689 125 596
297 20 162 27 27 50 244 300 1499 44 111 119 674 261 1305 238 1191 170 875 135 730 161 817 258 1270 277 1370 125 665 245 1233 79 428 140 698 33 124 48 359 253 1254 279 1395
298 20 151 38 218 125 656 234 1180 130 653 234 1167 20 81 35 235 257 1267 99 467 168 833 164 826 233 1173 162 845 155 769 92 359 248 1225 107 621 287 1429 63 333 183 927
299 20 143 42 149 258 1296 203 982 84 440 219 1075 41 323 150 772 10 80 63 232 89 436 223 1087 129 611 9 167 102 550 103 584 297 1481 155 728 234 1180 187 948 278 1394
300 20 187 68 424 281 1405 287 1430 283 1410 117 517 234 1165 190 907 27 84 226 1100 300 1499 150 715 221 1140 96 479 192 970 106 446 118 658 2 121 255 1279 299 1493 296 1477
301 20 140 95 532 61 294 230 1148 207 1055 218 1107 9 50 288 1438 184 872 72 249 101 503 21 201 147 801 251 1242 37 168 214 1065 190 913 253 1285 152 721 45 113 32 180
302 20 165 163 800 73 278 275 1374 84 524 242 1230 221 1070 67 296 98 457 296 1477 13 39 87 404 253 1264 118 650 96 563 102 520 35 182 253 1263 299 1494 280 1392 245 1202
303 20 142 58 222 68 436 74 391 240 1191 141 667 76 380 107 524 75 355 73 472 157 783 176 842 119 563 30 98 237 1165 194 936 283 1418 284 1417 87 330 216 1085 159 726
304 20 158 170 823 74 323 291 1451 290 1444 104 477 72 426 153 764 293 1462 257 1262 70 299 223 1109 274 1372 46 344 186 935 1 72 30 196 288 1440 146 764 151 747 56 397
305 20 165 40 90 296 1475 88 390 142 642 90 368 274 1375 263 1315 89 437 294 1471 92 551 155 711 74 361 223 1113 220 1077 249 1234 101 504 176 892 92 478 91 498 269 1344
306 20 161 56 178 13 9 193 1001 64 408 35 305 88 546 267 1323 159 722 278 1390 251 1229 215 1095 41 93 162 857 281 1399 201 1022 294 1469 100 493 197 989 168 792 175 814
307 20 165 180 915 289 1446 284 1419 146 743 12 43 216 1065 63 322 10 73 226 1125 211 1029 51 159 200 1021 93 429 295 1471 183 883 158 731 152 734 83 515 200 1019 261 1306
308 20 129 200 968 210 1031 170 844 149 714 68 271 212 1077 48 133 200 1026 200 985 218 1086 59 230 153 767 222 1088 120 638 7 91 2 102 50 143 20 89 159 769 113 635
309 20 165 244 1223 150 708 177 916 286 1428 269 1352 197 1019 27 192 102 524 106 571 202 964 64 367 227 1151 28 112 34 74 216 1110 111 559 273 1373 277 1383 220 1124 94 480
310 20 130 217 1044 73 324 47 237 150 677 245 1247 225 1154 136 678 23 219 14 82 245 1215 51 132 81 323 109 592 286 1423 277 1370 155 839 17 11 139 724 16 108 94 446
311 20 141 173 889 62 331 153 703 298 1487 148 665 196 993 168 883 126 656 171 860 287 1438 108 512 82 350 122 628 212 1080 135 664 8 67 121 607 10 150 105 579 139 620
312 20 153 12 29 287 1432 176 862 266 1344 30 225 202 977 168 847 219 1121 234 1141 130 587 250 1265 20 83 210 1010 135 738 74 357 215 1061 40 152 2 1 208 1064 182 917
313 20 144 278 1390 233 1146 25 40 298 1490 30 142 179 900 168 902 71 244 246 1218 187 898 161 741 67 405 83 456 101 545 267 1345 240 1188 78 340 53 260 96 472 29 65
314 20 165 157 789 225 1118 214 1035 157 757 93 423 192 977 243 1200 65 388 61 395 122 575 283 1406 30 114 269 1347 243 1234 111 541 79 336 158 750 128 708 244 1195 238 1204
315 20 130 73 276 291 1455 102 596 51 283 100 469 130 727 144 795 16 3 13 118 142 637 293 1463 252 1252 51 195 166 800 254 1281 169 896 132 675 70 402 16 39 150 754
316 20 159 91 405 294 1466 109 621 68 369 125 575 100 427 166 816 282 1403 198 946 197 982 262 1314 14 25 200 1030 57 399 40 77 232 1152 89 459 289 1436 176 886 191 1000
317 20 131 63 344 86 378 42 186 141 775 16 67 128 666 266 1332 209 1061 213 1044 145 790 206 1017 185 976 42 132 51 166 212 1061 84 353 60 202 73 451 294 1468 105 592
318 20 136 109 548 249 1260 99 425 96 422 196 1012 76 371 81 499 262 1311 117 619 213 1021 227 1110 19 210 14 119 41 305 136 673 106 496 41 197 147 799 234 1174 263 1325
319 20 179 189 972 109 510 276 1374 205 981 274 1374 168 809 175 836 247 1232 110 530 161 757 67 257 143 768 104 430 151 726 232 1129 238 1213 250 1241 218 1058 138 760 138 647
320 20 152 61 309 92 482 263 1303 228 1124 287 1432 244 1223 217 1122 295 1470 42 159 72 429 86 341 16 169 41 112 254 1278 299 1492 55 382 20 44 45 242 211 1081 231 1166
321 20 137 239 1168 160 755 169 885 248 1226 221 1102 74 322 181 935 29 81 230 1142 151 765 10 137 237 1204 5 43 226 1150 38 129 148 791 36 253 248 1257 4 84 98 508
322 20 141 81 304 299 1493 80 341 79 352 147 800 132 595 167 882 66 318 160 799 19 28 131 582 233 1172 136 733 289 1448 85 352 116 647 221 1136 18 188 181 918 185 909
323 20 149 79 348 299 1491 184 956 180 846 54 244 17 37 222 1099 246 1249 197 978 93 379 153 731 185 926 67 240 215 1109 45 192 104 543 96 577 177 919 210 1003 163 866
324 20 152 3 33 280 1407 232 1134 214 1052 125 609 168 865 243 1195 108 611 213 1105 141 674 68 368 156 849 34 282 110 643 219 1130 31 112 240 1208 124 558 118 554 216 1117
325 20 129 73 259 139 620 16 151 117 644 47 248 131 632 67 426 49 267 191 936 105 508 221 1074 233 1162 295 1472 6 120 173 912 214 1040 112 494 89 524 297 1484 6 49
326 20 146 37 305 219 1106 222 1090 176 837 153 688 271 1356 27 103 134 606 56 271 124 566 284 1418 77 292 19 106 8 96 26 165 129 590 283 1411 264 1320 259 1284 164 815
327 20 163 137 737 124 610 28 257 236 1177 171 794 197 955 230 1158 147 745 284 1411 12 64 9 181 78 354 296 1477 200 994 290 1451 246 1245 8 53 142 733 261 1316 174 926
328 20 169 278 1384 154 730 35 231 6 6 199 989 296 1475 280 1401 153 710 296 1479 276 1379 48 140 212 1027 167 825 100 425 70 248 147 790 213 1093 41 90 165 856 259 1302
329 20 183 297 1482 221 1130 254 1256 84 331 105 558 141 779 45 108 287 1437 95 486 22 122 211 1019 299 1492 65 333 180 878 297 1480 218 1098 261 1318 152 727 275 1377 160 838
330 20 145 240 1196 19 7 64 207 285 1421 188 971 273 1350 253 1250 287 1425 43 191 13 153 36 232 175 869 99 528 9 36 133 714 108 463 71 243 159 837 232 1141 229 1149
331 20 144 130 680 176 901 166 799 90 521 43 222 238 1198 51 300 225 1095 171 905 121 596 162 842 56 331 184 881 265 1324 122 644 110 645 206 1034 51 190 125 594 198 959
332 20 136 265 1316 189 914 130 572 148 759 7 26 43 172 230 1121 28 266 243 1224 189 927 37 230 116 489 192 997 2 10 82 418 103 487 275 1371 213 1051 216 1068 12 133
333 20 175 19 128 260 1280 262 1325 221 1102 261 1295 160 860 131 725 224 1145 216 1061 288 1439 130 705 2 66 175 894 187 912 298 1488 150 716 106 599 251 1276 156 730 14 37
334 20 178 60 289 210 1072 228 1172 56 396 229 1156 35 234 204 1051 61 292 277 1384 297 1483 117 556 288 1446 257 1296 246 1253 106 487 204 1035 83 515 102 598 299 1492 218 1090
335 20 143 21 28 231 1143 294 1464 114 557 181 937 269 1336 194 976 287 1437 259 1277 186 956 63 276 74 475 50 130 131 679 209 1026 57 397 70 238 72 264 95 569 10 89
336 20 154 201 980 83 453 160 822 234 1146 190 963 147 755 160 735 231 1159 290 1452 64 371 30 193 136 741 150 812 17 185 172 808 163 807 30 195 202 994 191 909 246 1249
337 20 150 217 1115 191 902 63 414 45 310 226 1160 271 1347 66 428 116 590 273 1358 44 107 155 743 76 293 15 57 284 1414 55 340 147 670 278 1383 289 1447 94 480 111 495
338 20 136 72 418 124 687 106 518 54 191 81 319 189 920 47 319 299 1491 212 1027 39 136 101 484 148 772 214 1046 105 514 212 1028 280 1397 192 953 7 111 99 564 153 716
339 20 168 236 1175 62 217 180 900 237 1215 142 738 50 369 147 714 149 786 15 99 270 1358 249 1256 213 1088 11 161 263 1318 268 1354 252 1267 130 709 246 1249 43 256 211 1039
340 20 110 23 24 156 791 69 248 89 534 164 820 160 837 9 27 28 102 140 706 113 526 188 906 107 572 278 1385 49 223 179 855 103 541 55 320 217 1125 78 351 4 167
341 20 168 298 1489 245 1200 68 343 226 1124 135 735 30 202 113 576 61 273 160 805 237 1204 299 1492 142 656 60 384 243 1214 296 1475 89 428 204 1012 136 718 297 1482 35 186
342 20 173 243 1188 254 1279 97 388 178 908 148 697 179 863 126 650 39 192 108 505 184 891 248 1237 297 1484 52 260 217 1093 80 327 214 1063 218 1061 288 1443 177 928 126 566
343 20 161 117 548 143 669 288 1434 197 1025 183 901 77 321 145 680 259 1293 271 1357 45 331 249 1218 146 678 50 180 149 805 37 73 248 1233 118 650 186 875 99 499 226 1155
344 20 151 71 290 217 1070 254 1273 102 506 96 385 165 772 290 1445 177 912 23 37 61 228 239 1188 88 535 101 562 8 90 96 544 106 562 294 1469 277 1386 228 1119 146 804
345 20 154 110 603 193 964 102 411 43 118 181 896 79 390 210 1083 227 1137 41 245 129 652 273 1358 138 648 6 48 269 1334 238 1188 248 1249 274 1359 223 1078 67 328 40 159
346 20 132 151 725 123 660 21 41 81 308 162 855 131 654 213 1062 35 216 60 250 81 351 118 645 91 405 100 586 281 1399 295 1471 140 724 298 1489 9 45 92 415 163 777
347 20 151 77 363 3 147 192 970 204 982 5 165 275 1367 222 1076 218 1118 242 1233 237 1160 18 1 69 399 275 1379 214 1032 44 268 210 1018 54 251 148 790 86 431 243 1187
348 20 141 20 101 219 1065 249 1242 259 1308 69 303 68 391 15 117 219 1090 22 104 210 1059 278 1387 10 125 112 509 282 1407 112 517 256 1299 144 694 48 126 236 1182 7 58
349 20 142 59 405 223 1083 67 424 141 662 47 351 4 45 156 825 180 887 121 626 133 669 249 1222 243 1186 236 1170 2 18 142 732 298 1487 30 57 20 180 203 984 293 1461
350 20 147 127 570 169 832 136 670 118 573 59 337 62 319 284 1415 237 1214 27 125 7 6 48 147 200 957 114 617 63 267 195 1020 99 504 193 964 289 1441 265 1340 267 1328
351 20 186 281 1399 136 636 248 1259 285 1427 209 1065 225 1097 244 1201 282 1404 77 282 236 1157 144 664 211 1054 109 548 169 880 241 1206 109 458 71 356 128 621 58 314 261 1286
352 20 143 225 1126 126 682 49 250 256 1266 224 1110 261 1307 2 88 132 701 183 913 174 928 43 288 270 1334 29 213 185 914 183 949 112 558 16 175 156 839 173 871 77 284
353 20 149 36 162 105 568 232 1150 176 826 183 930 290 1448 261 1299 176 883 4 63 18 62 122 628 148 703 78 378 178 893 122 686 236 1209 39 241 99 404 295 1472 197 965
354 20 161 279 1401 252 1239 292 1454 189 946 33 127 213 1083 235 1156 128 563 200 992 58 170 78 330 183 927 106 591 135 691 94 558 204 1028 133 596 59 261 99 550 256 1258
355 20 147 148 794 179 951 45 188 100 449 125 594 259 1305 103 432 225 1127 11 193 73 418 256 1271 156 730 2 113 214 1080 195 978 82 334 120 629 256 1271 194 1022 213 1040
356 20 157 47 285 135 652 152 823 260 1309 132 668 161 752 184 880 244 1244 283 1407 169 894 49 124 177 941 24 163 137 759 9 32 280 1389 148 808 125 580 257 1273 167 859
357 20 130 191 942 102 453 239 1206 188 986 242 1199 69 418 226 1127 256 1269 22 31 47 234 14 180 117 572 149 734 75 308 16 67 212 1091 99 486 101 486 221 1088 20 190
358 20 155 200 997 49 182 78 416 220 1118 101 500 241 1225 101 478 138 644 246 1236 120 510 235 1203 67 399 36 235 145 664 245 1238 199 1001 175 881 51 342 202 1027 268 1331
359 20 161 78 482 264 1312 300 1500 223 1098 85 374 91 488 131 578 192 960 243 1197 88 490 210 1087 43 171 163 758 237 1214 27 163 159 779 189 946 252 1265 75 331 179 893
360 20 150 220 1091 83 522 93 466 298 1486 91 443 109 536 226 1121 193 918 74 351 142 713 60 360 140 689 216 1053 250 1225 284 1418 95 484 89 348 161 748 27 147 165 812
361 20 136 183 906 27 70 151 735 246 1230 219 1119 233 1195 140 722 136 621 141 721 182 855 182 947 78 471 186 925 134 633 20 119 64 279 254 1276 13 60 104 555 36 310
362 20 153 240 1193 59 302 276 1389 164 846 112 569 174 834 75 371 35 127 22 75 59 186 242 1199 153 816 18 117 243 1213 101 538 284 1411 6 29 286 1429 269 1354 257 1267
363 20 132 247 1214 77 280 113 513 275 1367 88 376 191 923 21 63 14 58 35 158 207 1063 280 1398 185 904 208 1044 84 492 133 609 4 26 195 1010 229 1137 12 100 44 135
364 20 146 14 36 275 1366 299 1494 151 736 136 641 10 129 177 834 206 997 282 1408 40 221 195 987 259 1278 156 831 130 599 100 424 15 58 24 236 202 993 123 701 144 668
365 20 165 163 848 171 833 100 491 127 637 110 539 178 829 168 802 115 561 288 1437 220 1137 216 1080 30 197 93 433 214 1052 300 1499 96 435 283 1416 147 695 204 990 96 465
366 20 150 53 218 161 813 84 447 288 1440 188 884 237 1186 299 1495 58 365 131 621 141 758 79 341 183 932 49 356 115 623 292 1458 274 1371 83 346 277 1372 1 47 18 3
367 20 123 31 62 293 1466 60 311 203 1021 71 299 21 202 1 26 108 581 150 714 231 1176 73 372 118 629 172 919 12 93 35 270 145 670 121 554 211 1073 242 1188 180 903
368 20 154 259 1278 285 1429 127 666 252 1240 166 891 41 278 201 1020 62 200 93 415 11 194 221 1133 113 562 171 798 92 396 52 144 53 141 277 1382 300 1497 235 1197 74 411
369 20 158 123 611 98 531 159 735 140 718 71 253 90 403 253 1281 252 1262 210 1072 268 1351 88 496 78 320 155 731 230 1121 151 802 258 1289 246 1255 83 383 195 941 20 112
370 20 176 161 841 32 184 31 50 268 1343 235 1154 256 1290 114 596 213 1032 41 248 210 1037 74 388 97 536 187 923 245 1207 286 1423 271 1365 269 1325 164 836 286 1422 84 517
371 20 151 133 673 6 107 88 443 123 685 32 264 96 573 273 1367 110 552 151 737 88 451 29 95 157 732 287 1432 186 927 72 361 183 916 276 1383 285 1423 259 1291 198 949
372 20 134 287 1436 256 1301 40 307 300 1498 70 358 1 98 82 401 52 286 172 874 87 358 48 179 218 1116 173 845 112 537 141 683 192 953 203 1059 62 401 124 696 65 382
373 20 142 220 1121 170 809 13 69 97 543 77 328 298 1490 75 450 216 1074 103 432 207 1060 186 971 86 353 246 1233 175 876 240 1176 87 367 94 403 86 443 138 712 30 221
374 20 172 193 935 89 454 140 652 137 736 53 305 228 1134 123 545 119 596 118 663 279 1401 136 613 266 1322 290 1446 214 1085 226 1103 192 958 14 40 247 1215 293 1464 99 551
375 20 156 25 6 107 474 23 37 264 1318 276 1380 95 384 67 302 165 810 281 1403 49 295 288 1443 174 929 174 860 97 466 216 1104 272 1368 266 1319 217 1045 2 69 79 390
376 20 134 82 386 2 14 153 816 106 512 245 1239 211 1023 101 421 213 1064 72 379 31 222 160 743 128 564 60 196 195 978 205 1001 253 1245 110 474 105 479 75 275 186 951
377 20 163 169 875 244 1189 186 878 12 55 21 40 48 260 228 1145 255 1276 181 880 9 68 7 167 140 704 202 1000 186 886 290 1450 69 351 269 1340 293 1459 259 1291 211 1080
378 20 167 261 1300 268 1351 128 614 177 834 263 1298 122 643 152 696 209 1029 69 289 91 494 233 1172 18 134 258 1309 255 1278 77 387 55 161 143 677 254 1256 99 509 214 1076
379 20 141 106 610 111 468 31 72 192 967 74 407 78 365 241 1188 194 930 277 1387 225 1114 178 904 184 918 64 309 89 523 157 786 48 228 284 1420 10 91 132 714 154 800
380 20 166 266 1324 84 454 122 656 77 364 263 1305 282 1415 81 340 253 1262 229 1178 2 127 100 513 288 1442 204 972 269 1331 49 348 101 427 196 1020 294 1468 56 175 122 662
381 20 161 219 1132 165 780 200 948 152 810 148 725 66 298 215 1115 135 651 175 900 166 804 135 682 145 696 248 1259 141 738 225 1095 289 1442 156 761 35 194 63 277 153 711
382 20 162 114 538 9 92 161 855 156 821 281 1396 210 1029 261 1295 202 1017 138 743 78 470 101 589 178 940 94 412 106 520 262 1310 175 831 295 1468 43 183 244 1214 139 659
383 20 168 218 1106 94 383 260 1313 87 460 117 555 253 1264 253 1278 292 1453 287 1439 48 303 220 1115 96 576 175 912 32 140 67 256 296 1477 279 1399 50 294 107 466 139 673
384 20 134 261 1312 91 501 18 227 102 491 39 69 227 1151 72 470 214 1035 206 987 100 484 52 374 214 1078 76 455 144 700 29 276 44 202 189 935 245 1249 103 597 254 1289
385 20 175 199 977 45 182 90 444 215 1054 100 462 40 107 272 1345 218 1053 186 900 240 1191 260 1298 189 978 172 892 199 973 267 1334 242 1211 118 649 270 1350 85 529 97 409
386 20 182 93 387 296 1481 227 1107 273 1374 185 953 48 329 124 605 103 458 166 891 236 1158 158 829 139 704 83 390 280 1397 132 688 258 1300 263 1299 193 965 157 815 228 1175
387 20 160 41 205 243 1232 291 1458 84 373 88 466 190 978 128 615 64 413 264 1329 289 1442 121 622 260 1302 119 525 196 983 160 732 48 296 225 1139 101 600 237 1198 66 295
388 20 139 207 1042 83 308 213 1030 208 1017 24 34 37 210 288 1439 92 543 280 1388 58 386 204 1027 223 1124 257 1279 144 771 31 210 156 818 133 707 20 237 113 640 15 168
389 20 125 64 203 137 660 196 1015 82 503 149 681 177 882 78 347 146 714 211 1015 285 1421 197 1015 91 530 238 1182 9 158 55 228 9 183 113 553 51 146 123 658 106 443
390 20 186 81 441 226 1139 248 1256 273 1359 129 657 280 1388 251 1231 91 379 148 766 246 1220 138 643 81 498 50 284 216 1121 215 1094 258 1306 154 740 255 1267 299 1491 83 357
391 20 145 38 96 244 1201 77 354 79 481 97 441 234 1133 121 546 191 903 281 1399 198 951 95 431 240 1210 194 952 258 1267 38 280 70 306 150 732 108 515 23 65 181 858
392 20 138 296 1479 221 1115 106 544 116 513 144 773 241 1228 206 1045 156 723 46 326 196 1026 37 136 36 178 163 771 211 1049 70 246 78 436 12 86 6 91 155 783 266 1344
393 20 131 128 648 70 384 221 1108 43 173 144 652 32 143 191 972 179 894 139 627 192 927 166 767 82 513 158 798 293 1465 80 438 91 508 78 466 22 67 197 1033 131 685
394 20 167 213 1087 56 173 50 214 276 1388 271 1340 212 1026 152 705 209 1089 101 585 134 648 140 669 148 689 100 562 149 678 134 676 208 1067 234 1141 92 454 288 1433 177 880
395 20 160 24 207 278 1380 36 198 267 1349 132 612 78 434 130 678 222 1081 276 1373 155 811 14 157 235 1172 213 1094 282 1413 232 1128 36 79 296 1479 12 25 13 168 272 1365
396 20 172 208 1013 272 1347 259 1287 240 1174 162 872 46 244 171 833 256 1260 127 685 222 1117 21 20 146 760 169 786 46 151 67 276 206 986 202 1007 135 716 261 1315 238 1202
397 20 210 286 1428 43 269 208 1048 299 1492 287 1429 97 473 274 1372 158 819 220 1065 263 1301 277 1387 95 543 214 1034 294 1471 168 902 272 1353 241 1231 234 1169 246 1247 28 95
398 20 163 210 1086 217 1112 261 1286 142 733 8 48 211 1037 178 840 218 1069 52 365 104 464 220 1073 271 1339 250 1239 38 190 219 1060 79 390 227 1142 59 222 285 1427 24 131
399 20 171 79 441 161 767 166 848 117 616 125 658 140 703 264 1333 81 336 75 309 292 1456 278 1379 211 1055 120 684 286 1426 235 1162 128 599 291 1457 133 610 68 311 174 925
400 20 132 274 1365 60 208 268 1328 196 948 166 847 91 461 133 689 70 332 68 348 13 52 104 558 254 1258 17 62 187 984 104 493 47 273 43 281 253 1262 147 721 155 705
401 20 114 152 772 262 1309 190 963 228 1161 240 1198 173 855 141 672 114 597 79 283 94 500 46 282 85 339 3 96 17 5 31 228 276 1371 11 160 50 299 90 357 17 171
402 20 159 37 68 209 1063 228 1152 271 1340 271 1354 18 48 40 319 138 639 203 975 226 1167 176 923 55 394 279 1391 295 1471 146 722 43 287 129 656 290 1443 118 674 14 43
403 20 154 137 762 227 1104 53 318 58 277 83 335 127 692 51 221 219 1118 200 978 107 527 197 1030 204 1061 263 1310 240 1177 49 195 10 93 197 1032 82 326 295 1474 287 1427
404 20 124 49 125 209 1051 83 320 154 808 127 720 125 581 146 790 85 518 57 365 194 1020 66 327 177 865 15 41 49 327 257 1282 210 1081 27 263 31 259 278 1387 159 836
405 20 133 180 903 64 233 6 63 196 1014 74 416 158 833 61 271 131 637 219 1051 216 1107 165 776 195 1025 166 811 23 189 156 814 5 70 84 515 138 711 140 625 293 1463
406 20 157 27 72 167 862 295 1476 102 508 170 840 194 939 76 270 250 1242 73 268 298 1490 94 422 228 1165 7 26 53 353 203 1032 220 1126 144 702 282 1406 66 308 197 997
407 20 172 211 1013 148 671 185 979 219 1065 123 594 135 695 91 510 153 829 240 1220 114 614 209 1044 225 1135 251 1230 63 267 52 261 289 1436 261 1296 217 1080 182 958 81 421
408 20 164 121 635 160 796 213 1042 48 131 288 1435 208 1034 122 536 26 69 215 1100 121 668 49 237 249 1230 190 954 2 81 273 1351 207 1012 262 1325 230 1126 226 1112 79 377
409 20 110 118 628 102 524 1 111 188 894 78 337 143 742 256 1261 261 1305 7 6 35 225 71 281 52 345 41 83 21 31 165 790 136 664 190 959 22 185 140 719 175 872
410 20 154 74 381 281 1394 90 539 127 587 38 146 201 967 160 762 248 1245 142 688 86 496 40 124 7 2 105 569 187 880 249 1238 135 664 164 759 292 1455 237 1151 227 1110
411 20 153 61 361 271 1357 79 362 64 412 285 1427 130 720 222 1110 188 994 289 1444 214 1103 171 789 80 497 293 1459 2 84 108 472 81 415 143 757 91 465 18 84 274 1367
412 20 151 101 503 9 72 236 1167 49 177 61 358 144 652 277 1389 89 419 265 1326 146 745 206 1067 273 1360 185 906 154 718 82 429 171 856 270 1350 176 880 79 373 56 309
413 20 142 56 265 143 757 245 1239 252 1260 176 883 275 1383 109 632 211 1092 94 479 23 164 104 444 28 114 47 263 2 16 103 579 188 896 137 686 104 485 288 1440 263 1310
414 20 107 84 370 208 1015 51 200 172 876 9 75 81 378 2 64 124 635 8 9 104 469 4 58 138 739 283 1415 128 576 72 296 207 1027 71 259 206 1022 149 698 58 363
415 20 135 17 127 16 69 106 538 263 1321 41 87 190 985 93 553 112 485 119 587 242 1218 79 341 70 459 45 102 141 646 227 1132 240 1182 163 841 187 908 274 1361 75 264
416 20 192 269 1336 149 769 152 717 52 195 297 1482 91 390 298 1487 84 437 239 1185 235 1179 300 1496 263 1297 5 18 226 1117 158 784 116 557 293 1467 276 1383 63 240 278 1392
417 20 134 8 180 225 1135 54 370 172 896 275 1373 75 409 109 578 25 36 22 102 95 377 228 1103 173 922 251 1245 151 809 102 468 227 1152 71 348 287 1426 78 433 62 192
418 20 148 41 142 298 1487 241 1190 75 464 231 1126 86 338 217 1085 81 345 171 809 68 423 184 859 145 772 158 833 40 249 259 1297 37 102 128 718 193 961 211 1047 114 515
419 20 152 153 711 125 675 83 448 50 152 106 497 258 1273 41 236 226 1153 200 1001 91 349 241 1187 218 1094 28 34 173 879 222 1135 239 1168 285 1427 13 87 221 1070 73 320
420 20 150 27 196 216 1063 192 912 192 962 1 60 85 521 101 478 189 931 276 1382 49 218 213 1082 136 634 193 980 62 193 300 1500 231 1184 239 1175 208 1026 79 503 16 72
421 20 138 229 1154 29 141 190 894 46 128 143 714 258 1308 155 721 62 359 183 946 15 166 131 695 126 680 121 593 67 281 264 1311 269 1353 116 646 83 373 13 165 274 1355
422 20 119 1 41 81 451 168 801 12 90 209 1057 192 947 15 130 213 1052 116 610 248 1238 7 85 225 1096 7 130 136 697 283 1414 159 811 16 192 156 809 71 318 80 478
423 20 156 31 175 297 1484 281 1399 49 248 294 1470 115 604 194 1006 196 982 37 71 168 853 236 1185 220 1130 168 804 157 800 26 146 267 1315 235 1182 82 306 77 462 5 35
424 20 172 143 637 269 1335 239 1201 101 475 29 144 95 487 195 934 274 1361 136 726 166 765 296 1478 197 1015 163 751 170 816 186 985 288 1432 116 623 108 548 119 532 157 768
425 20 150 287 1427 143 685 4 69 8 169 67 291 7 63 67 303 259 1298 297 1486 163 781 225 1141 261 1319 164 805 277 1387 176 879 78 429 103 582 103 493 268 1325 47 243
426 20 153 279 1383 249 1245 258 1269 287 1430 235 1172 161 833 3 142 106 462 72 289 80 503 92 428 121 662 268 1333 232 1151 177 902 159 847 84 522 34 208 65 337 105 454
427 20 128 36 228 172 830 243 1229 243 1218 202 993 58 352 55 216 183 934 37 207 55 321 224 1114 105 513 29 17 78 387 7 49 247 1230 207 991 295 1470 85 485 8 29
428 20 146 164 769 14 184 99 550 73 444 126 641 217 1107 52 258 57 389 40 103 9 83 65 244 265 1326 229 1113 232 1178 124 545 258 1301 195 932 237 1212 292 1454 188 981
429 20 147 38 80 274 1368 135 737 201 1017 279 1393 278 1392 68 455 157 799 73 330 13 137 202 994 166 797 87 358 166 845 55 347 291 1454 198 1004 59 405 213 1036 3 127
430 20 134 116 553 53 251 52 332 145 748 221 1098 232 1186 281 1408 76 335 214 1069 263 1305 144 727 44 224 292 1455 189 919 82 432 36 93 25 142 12 119 119 563 88 473
431 20 141 222 1078 112 540 40 158 284 1415 56 271 253 1267 169 833 29 191 184 966 293 1460 189 930 228 1107 23 196 125 667 58 201 21 166 216 1053 193 940 97 532 47 115
432 20 130 178 901 190 985 69 293 11 137 19 128 88 478 82 487 90 387 128 664 185 865 140 769 136 630 207 995 289 1447 289 1442 237 1182 106 591 136 754 37 103 1 32
433 20 149 104 505 224 1121 180 932 194 957 289 1444 54 238 161 760 116 525 27 67 106 456 285 1427 105 478 284 1423 245 1203 10 95 289 1440 14 177 209 1041 73 472 14 49
434 20 158 173 847 87 448 195 972 169 846 98 484 108 564 254 1260 190 954 67 218 254 1283 115 630 143 660 181 941 220 1077 263 1300 178 864 117 674 272 1370 3 61 82 392
435 20 153 121 532 218 1122 283 1418 29 192 177 833 228 1111 298 1488 144 728 153 705 57 259 243 1212 54 233 159 785 194 957 112 579 219 1100 46 299 250 1260 76 456 10 10
436 20 142 176 832 288 1436 2 76 269 1339 132 605 33 169 163 802 293 1464 268 1339 216 1073 286 1423 1 91 289 1447 10 35 157 772 68 307 30 261 113 591 40 192 11 127
437 20 110 14 107 53 246 5 35 78 359 208 1053 28 54 11 2 2 102 26 222 69 313 111 641 215 1076 224 1143 145 719 229 1170 232 1187 52 191 195 929 126 594 190 916
438 20 131 119 553 234 1137 97 574 37 170 149 813 116 648 14 74 99 462 240 1168 66 294 59 253 211 1026 209 1034 229 1142 276 1382 104 492 205 1011 8 161 104 454 59 254
439 20 174 221 1127 106 552 87 358 292 1461 294 1468 283 1421 184 972 193 981 37 289 51 370 212 1076 135 733 238 1206 197 1000 63 238 131 716 189 901 178 935 152 745 239 1189
440 20 160 96 438 20 153 237 1206 274 1358 142 663 155 740 230 1155 151 823 208 1032 219 1126 131 647 129 572 209 1053 75 449 72 429 164 885 170 787 83 423 239 1170 207 1044
441 20 123 203 1025 208 1082 32 190 236 1212 123 599 44 162 5 99 22 222 114 662 239 1179 28 174 194 922 75 453 35 214 156 805 56 322 120 544 235 1141 229 1155 121 544
442 20 148 182 881 47 177 291 1456 54 348 123 624 124 547 226 1155 263 1307 96 547 31 255 95 531 283 1420 158 739 48 171 210 1036 175 882 76 312 205 1011 227 1118 56 387
443 20 148 120 518 56 222 129 649 38 236 190 961 275 1366 249 1256 110 506 49 302 224 1103 78 414 244 1227 22 193 263 1311 37 113 252 1253 138 745 220 1105 23 239 252 1238
444 20 170 81 429 239 1183 276 1388 216 1044 290 1448 35 267 218 1096 280 1386 224 1114 58 266 148 720 127 689 278 1391 59 190 224 1109 62 244 157 824 266 1320 136 670 32 254
445 20 179 144 785 29 151 235 1163 136 723 122 559 206 1013 72 431 144 779 166 785 293 1459 257 1276 44 184 236 1209 165 762 237 1183 281 1403 173 894 259 1288 145 752 245 1249
446 20 118 46 339 58 244 273 1362 132 617 257 1298 116 487 48 282 25 145 243 1217 103 585 233 1141 7 116 7 59 129 691 128 571 82 402 92 525 284 1420 50 171 59 369
447 20 134 158 855 120 686 12 194 238 1158 47 301 191 906 132 645 300 1498 23 228 85 491 39 246 43 82 101 601 200 1012 40 287 205 1008 82 426 246 1251 161 820 263 1328
448 20 163 243 1242 158 724 57 362 28 77 44 181 179 870 261 1298 5 159 224 1147 248 1221 196 999 195 984 33 213 128 703 238 1209 31 99 203 984 267 1316 259 1294 275 1365
449 20 147 175 878 268 1335 170 854 150 790 113 527 5 11 201 1033 4 116 85 436 116 521 44 140 270 1343 168 781 1 49 130 690 272 1353 296 1479 266 1324 66 297 143 774
450 20 120 17 17 44 300 229 1149 289 1449 15 193 125 559 265 1321 38 58 155 776 21 93 13 83 206 988 98 469 38 264 119 526 216 1093 96 547 272 1348 38 290 111 550
451 20 138 38 267 204 1021 40 316 12 164 282 1402 143 643 221 1140 140 701 218 1050 35 215 4 158 133 728 283 1408 230 1127 268 1329 154 706 81 360 143 651 52 320 97 563
452 20 173 105 538 120 643 88 365 116 522 270 1343 106 451 30 83 113 541 288 1434 119 631 268 1339 214 1028 206 1050 224 1127 264 1301 232 1158 209 1006 275 1361 53 318 176 877
453 20 154 246 1205 143 658 119 672 172 829 41 191 239 1193 23 128 101 488 300 1498 268 1330 32 244 46 311 281 1397 118 514 236 1180 152 740 161 770 236 1164 26 216 140 630
454 20 140 197 1014 26 226 4 146 45 105 198 1034 186 935 176 912 118 534 90 487 115 657 290 1448 239 1181 60 359 48 115 81 360 145 702 181 915 289 1438 137 761 193 951
455 20 163 169 791 135 749 194 961 277 1376 57 368 4 57 26 50 68 446 205 1068 135 709 257 1262 146 804 254 1268 238 1191 226 1127 162 750 261 1312 195 1005 161 813 94 553
456 20 161 230 1147 138 748 106 564 17 96 196 1005 160 854 282 1414 213 1083 63 232 216 1107 166 865 111 587 225 1123 274 1376 185 927 296 1478 300 1500 13 86 10 139 20 3
457 20 132 268 1330 138 654 116 492 81 376 252 1278 118 624 271 1352 291 1455 42 229 233 1142 240 1216 108 536 8 87 67 405 16 123 34 176 8 96 43 179 265 1333 45 303
458 20 161 296 1478 27 101 3 76 78 305 36 48 190 898 275 1363 143 766 214 1099 199 990 261 1296 58 354 120 678 97 567 197 960 258 1274 40 208 271 1355 234 1152 224 1088
459 20 173 270 1341 74 304 126 706 298 1488 173 839 251 1278 242 1223 243 1207 112 467 189 921 280 1401 59 291 81 462 196 934 107 561 258 1295 290 1451 52 323 22 5 156 790
460 20 157 112 598 89 503 218 1079 279 1384 184 973 129 671 48 133 192 972 162 875 278 1392 275 1385 205 1039 73 288 31 34 125 608 245 1247 42 156 182 852 136 691 139 761
461 20 130 77 487 236 1185 15 187 111 505 50 195 55 262 59 295 277 1371 114 521 181 947 32 229 110 483 8 167 98 543 254 1265 63 220 186 886 143 733 259 1312 273 1352
462 20 166 299 1494 146 677 292 1463 272 1352 63 374 190 998 52 262 40 312 241 1195 82 499 281 1396 85 340 129 720 276 1386 144 677 147 683 196 966 177 866 128 622 82 502
463 20 144 188 986 73 360 237 1182 17 14 207 1006 183 963 186 947 126 553 244 1234 86 409 82 478 1 35 12 178 107 548 233 1188 232 1166 83 474 223 1077 170 803 192 980
464 20 155 121 593 88 509 157 798 293 1462 287 1437 162 746 218 1077 165 862 125 627 135 705 95 484 169 858 81 504 21 65 277 1376 295 1475 141 698 196 978 22 197 52 206
465 20 140 52 327 190 984 7 83 137 704 186 924 176 820 60 342 136 696 129 584 248 1234 50 143 116 632 231 1156 30 48 86 341 229 1144 244 1210 46 210 228 1152 238 1220
466 20 150 29 131 169 853 90 486 67 248 108 577 202 962 265 1315 84 523 102 520 209 1072 57 225 251 1253 190 976 114 595 90 389 236 1185 65 209 295 1474 91 541 292 1457
467 20 131 77 306 67 385 258 1277 191 952 140 747 101 594 221 1064 56 319 71 302 28 177 116 618 273 1362 244 1203 139 772 67 248 192 999 85 411 165 759 25 234 106 492
468 20 153 240 1218 94 526 189 989 121 527 132 579 258 1290 272 1358 175 891 224 1146 50 310 44 330 157 829 177 914 117 648 41 332 231 1118 2 80 243 1199 271 1367 34 189
469 20 166 228 1167 124 654 243 1218 245 1240 3 22 256 1286 190 1000 198 945 253 1288 131 678 197 961 255 1281 150 699 84 457 252 1264 229 1171 4 137 1 144 6 25 285 1417
470 20 137 114 525 201 969 216 1087 42 273 204 987 68 262 110 628 67 389 191 960 147 741 7 18 188 974 28 1 168 841 152 753 294 1468 117 637 92 545 92 516 244 1202
471 20 142 12 69 186 974 128 700 99 574 222 1136 165 859 87 352 28 108 99 402 65 332 250 1263 114 625 85 525 208 1046 104 491 207 1030 265 1338 99 473 202 1053 234 1186
472 20 192 115 579 291 1452 126 688 227 1113 246 1243 55 269 274 1374 176 834 250 1267 265 1313 263 1322 143 673 96 472 130 595 209 1067 99 425 265 1315 291 1452 285 1423 53 281
473 20 125 46 178 209 1023 255 1274 91 381 25 241 79 501 26 182 111 536 175 884 290 1451 137 747 57 229 292 1459 72 312 39 160 104 515 152 766 171 832 157 774 29 74
474 20 164 81 327 91 518 253 1273 192 909 181 897 165 771 15 126 162 846 1 73 222 1131 26 246 83 508 256 1264 294 1469 29 231 256 1267 230 1174 273 1374 217 1092 254 1270
475 20 133 28 182 132 580 29 58 268 1338 92 481 205 1055 83 440 71 274 21 99 123 560 231 1126 163 858 296 1476 135 634 120 630 60 219 72 456 189 916 72 317 270 1364
476 20 177 32 274 299 1493 284 1414 76 369 103 427 290 1452 165 840 93 424 87 345 71 281 213 1055 16 162 282 1404 177 913 183 860 275 1360 102 418 260 1293 279 1395 261 1307
477 20 155 44 313 298 1484 238 1205 176 935 73 458 187 978 45 258 128 691 65 407 127 702 238 1197 205 1061 197 991 227 1141 269 1338 43 227 264 1325 236 1153 26 204 20 32
478 20 150 180 936 5 88 117 518 291 1450 217 1075 44 274 190 921 256 1261 22 145 41 304 270 1347 263 1314 47 105 182 942 64 241 233 1159 110 637 98 504 138 658 238 1185
479 20 130 138 732 65 254 52 191 207 992 201 967 174 926 10 127 167 781 73 356 182 897 56 318 179 946 51 364 22 148 26 68 140 746 51 240 273 1366 284 1412 264 1315
480 20 141 215 1073 163 790 169 803 96 506 138 682 42 275 164 773 98 404 254 1266 177 859 211 1071 247 1225 48 278 9 184 240 1173 63 408 15 195 32 50 263 1331 183 874
481 20 153 229 1127 139 703 133 696 153 710 203 1020 224 1116 8 74 38 298 286 1424 235 1159 83 328 239 1213 262 1321 1 78 3 22 138 638 91 376 226 1091 275 1379 95 454
482 20 142 211 1031 123 652 277 1386 29 91 44 283 56 276 140 751 112 501 236 1164 87 442 120 521 126 699 286 1424 83 351 254 1274 211 1037 286 1436 42 141 2 39 127 572
483 20 155 74 404 45 135 39 306 73 372 192 922 82 422 242 1197 278 1377 225 1162 111 540 167 786 126 705 258 1283 208 1063 255 1250 274 1361 4 121 194 986 46 207 211 1071
484 20 131 15 208 27 180 262 1292 208 994 26 256 49 364 27 185 261 1288 122 682 103 502 270 1355 14 192 283 1417 196 951 95 547 28 98 52 239 255 1255 265 1325 65 338
485 20 147 2 1 110 524 145 795 115 647 109 626 184 926 123 699 243 1230 143 743 185 951 94 490 227 1166 207 1019 130 693 152 687 36 66 201 995 81 348 175 869 292 1460
486 20 136 220 1057 69 293 227 1168 205 1047 11 76 92 477 216 1037 232 1131 42 142 205 1053 274 1365 127 581 28 218 157 749 17 14 173 923 73 248 231 1139 74 419 54 267
487 20 149 1 150 79 445 178 862 118 542 76 481 241 1183 197 973 244 1205 148 777 147 735 85 385 272 1357 227 1145 288 1436 149 674 237 1162 57 317 22 72 93 517 135 668
488 20 141 13 101 20 68 227 1140 288 1440 220 1131 256 1296 64 320 3 157 209 1046 226 1157 213 1088 72 313 178 830 173 915 229 1162 88 410 19 102 121 687 26 99 181 895
489 20 175 232 1160 41 173 147 663 235 1170 224 1151 289 1449 262 1312 127 564 129 612 34 182 230 1122 217 1069 236 1187 212 1087 180 884 120 541 172 872 177 885 177 842 71 454
490 20 158 274 1366 275 1384 220 1111 30 229 130 721 158 723 113 605 89 418 88 473 229 1121 146 692 135 608 198 974 111 565 167 778 270 1342 220 1117 38 240 13 190 257 1299
491 20 171 263 1323 149 797 43 227 37 306 247 1254 299 1492 228 1144 152 713 150 714 212 1057 230 1169 210 1031 34 162 54 165 235 1196 228 1153 138 757 201 976 185 917 133 613
492 20 182 155 842 224 1130 161 800 88 389 165 826 133 675 194 1014 255 1283 200 1016 228 1102 212 1017 124 653 277 1393 159 735 54 238 237 1202 88 527 190 926 261 1303 253 1283
493 20 169 136 744 294 1466 16 164 171 902 285 1426 263 1308 85 343 228 1136 223 1135 244 1196 27 149 173 842 268 1326 88 372 252 1254 130 680 249 1241 192 963 65 300 3 92
494 20 141 16 135 78 398 7 85 203 975 220 1073 55 326 104 545 229 1121 63 230 236 1149 296 1476 248 1265 27 23 112 638 207 1028 172 807 52 347 204 1066 96 503 205 1056
495 20 145 229 1148 35 92 218 1123 104 444 68 390 248 1257 288 1435 1 105 109 575 85 389 183 856 221 1121 39 166 46 336 239 1212 237 1199 52 186 287 1438 137 668 74 310
496 20 133 164 790 272 1372 52 377 37 91 211 1026 20 201 137 674 52 291 85 379 246 1208 187 977 50 222 148 794 157 757 149 794 24 169 83 330 243 1210 187 980 162 809
497 20 158 85 433 171 890 111 477 104 466 245 1226 223 1077 139 618 259 1311 7 148 175 819 91 526 131 708 78 370 200 972 225 1137 279 1384 99 455 265 1333 196 985 95 461
498 20 148 103 517 203 996 121 643 217 1062 40 244 93 494 213 1067 231 1174 234 1164 254 1290 66 221 119 667 176 889 3 117 119 508 242 1226 36 282 187 938 95 464 211 1093
499 20 154 287 1428 26 245 236 1153 82 420 147 721 296 1477 78 380 65 342 22 50 56 357 287 1427 269 1335 299 1491 153 726 222 1080 96 478 97 557 233 1153 20 183 121 519
500 20 138 161 846 277 1391 287 1428 69 412 21 42 32 225 33 240 99 463 157 810 134 623 137 616 235 1195 75 282 236 1150 281 1400 163 782 46 260 141 640 83 487 112 609
