1 20 14 1 8 44 310 2 355 10 979 7 1164 3 456 9 1255 4 1396 8 1016 3 1260 3 1014 1 7 25 829 7 1148 1 1153 3 313 3 971 5 168 2 1242 4 213
2 20 10 2 1299 8 1468 2 942 10 835 1 596 1 618 5 816 16 285 1 882 9 618 3 1224 3 1396 5 443 2 901 3 85 19 770 8 236 3 1162 2 792 2 1160
3 20 9 8 1089 18 950 4 1276 1 613 4 1098 1 799 6 55 4 1249 1 833 3 514 7 1109 2 293 1 220 3 1072 13 699 1 509 2 495 13 1484 4 1196 1 418
4 20 9 1 1421 8 913 5 685 2 343 5 1369 12 924 16 1471 2 1089 3 1027 7 365 6 995 4 1390 3 1224 1 35 1 1377 3 1205 8 790 2 568 4 561 2 1242
5 20 9 7 361 11 28 4 1 5 656 3 599 6 356 2 958 1 844 5 1328 6 1159 4 233 3 994 2 1448 8 174 9 1027 1 170 3 1095 7 1433 5 377 1 1471
6 20 10 13 1240 3 336 1 1369 2 1399 15 1382 3 739 5 354 6 52 12 878 1 62 5 1000 2 323 14 215 1 265 4 585 2 1057 4 259 3 147 7 990 1 1113
7 20 10 3 790 3 455 2 1059 2 755 4 285 2 290 12 413 1 1175 7 1377 1 349 9 1434 2 216 1 1353 21 1252 1 1122 2 411 9 496 2 1052 3 1386 13 882
8 20 12 6 727 11 620 14 700 12 1303 9 1181 6 33 14 386 3 1202 2 711 1 221 8 646 11 130 3 718 3 74 3 938 1 381 8 1281 5 1466 1 115 3 862
9 20 10 13 548 9 1258 6 1037 2 1417 3 1188 7 1010 1 712 7 4 3 142 10 695 2 1413 6 803 6 978 1 1186 9 1365 3 632 1 1043 7 1387 3 96 3 1249
10 20 16 12 1100 20 1020 20 717 2 896 10 442 7 1144 2 768 9 1255 7 753 4 200 2 643 17 692 11 1365 11 624 1 1432 4 557 7 1464 14 1474 2 1020 3 1051
11 20 11 1 662 5 457 5 1192 7 1308 34 206 4 724 5 273 1 397 8 238 1 867 13 873 4 677 4 875 1 329 2 125 6 1347 2 1421 1 318 5 976 4 917
12 20 11 22 1281 2 634 6 1187 1 681 3 1212 3 1366 2 1415 5 286 1 252 7 838 6 1014 4 1075 6 371 19 920 3 153 2 1255 5 81 10 762 1 1467 4 1217
13 20 9 2 956 6 1496 5 1418 1 1463 7 1084 16 288 4 834 9 476 4 402 1 477 8 380 8 71 5 836 1 187 1 831 2 562 3 1383 1 530 3 1327 3 1468
14 20 9 4 991 18 341 5 1500 9 928 3 1381 2 878 2 1 8 771 6 1177 3 1335 1 1149 8 446 6 763 2 1393 2 1149 2 405 1 802 1 923 4 481 6 326
15 20 9 6 1344 3 731 7 932 9 1068 4 692 8 861 12 75 1 789 4 969 1 1447 1 655 5 704 4 543 1 501 6 1136 2 127 7 993 12 272 1 1357 1 587
16 20 8 1 1143 3 40 1 193 1 607 2 977 1 540 3 1406 1 1029 14 415 2 1420 7 1202 7 641 3 893 1 73 4 643 2 657 5 441 7 1047 12 366 10 1261
17 20 11 4 280 1 310 9 1283 4 1306 10 565 6 1417 1 1246 5 883 8 972 2 1400 4 1231 12 970 5 706 14 1221 2 1228 1 1411 3 174 10 943 7 1442 3 81
18 20 9 1 1308 3 1369 1 944 6 57 1 862 9 492 1 256 1 706 7 636 3 1067 7 98 11 690 8 519 3 1186 2 436 2 344 7 147 2 64 6 1223 12 932
19 20 7 6 434 1 1176 4 29 1 685 1 454 1 1082 2 38 1 996 5 225 5 1171 4 1155 2 56 2 1175 11 292 4 384 4 711 17 1004 1 1269 2 805 3 174
20 20 7 1 161 9 1175 9 1146 2 973 1 1073 4 1245 11 543 1 861 2 449 1 118 2 651 2 258 9 924 1 637 5 421 1 67 3 52 4 69 1 1215 2 31
21 20 10 2 305 8 378 4 486 2 476 4 1097 9 198 1 1432 9 403 6 549 1 299 2 383 6 774 2 104 5 600 16 41 7 1368 8 1134 7 254 6 521 3 1322
22 20 10 1 882 1 397 2 1082 2 30 1 538 6 637 1 361 3 718 14 394 2 164 3 1478 5 1141 2 209 3 28 4 193 27 265 5 1032 6 179 12 1330 1 86
23 20 9 3 366 8 465 9 838 3 981 2 1122 3 843 2 1023 1 793 2 463 3 1153 4 754 8 1231 3 358 2 212 11 799 3 167 5 1226 3 1149 6 271 11 994
24 20 10 6 667 4 69 3 882 4 767 1 1243 3 696 2 151 2 1452 3 937 8 10 7 1115 6 639 17 1187 1 819 12 456 1 1135 4 1001 1 1391 16 438 3 1378
25 20 10 3 320 4 1490 6 612 2 326 1 1276 1 820 1 183 7 577 3 1098 1 168 8 619 1 1060 5 279 2 466 18 1453 4 1247 4 1185 5 1192 2 15 24 423
26 20 9 3 219 3 460 14 1447 1 88 4 349 6 907 3 222 1 1393 3 1034 2 241 2 273 15 640 1 62 3 1426 3 289 3 753 1 1350 11 1213 5 806 7 1360
27 20 10 12 1165 15 40 9 813 3 586 6 23 2 520 4 356 4 499 2 24 7 1322 4 707 2 315 1 774 3 1374 2 190 3 1223 4 862 4 376 10 323 12 656
28 20 14 6 585 3 1445 1 1052 9 1125 14 665 9 790 1 496 1 148 6 700 9 1467 2 286 10 1041 1 266 13 297 19 587 1 1357 4 938 10 913 3 731 22 174
29 20 12 9 184 1 82 1 472 5 894 11 104 2 709 3 494 5 815 7 880 1 736 3 1347 10 219 3 1299 36 613 2 76 10 1286 9 957 1 698 3 415 4 513
30 20 10 6 850 2 678 4 875 4 946 12 1483 2 1317 10 1313 2 1400 4 535 9 1031 4 101 2 1384 6 356 7 1393 7 1244 3 464 5 893 5 223 6 1200 2 1379
31 20 8 3 1192 1 1070 3 252 11 632 4 354 3 395 5 846 9 706 4 423 2 1390 3 1121 4 1287 1 702 3 844 2 260 8 54 5 362 1 335 7 1303 5 962
32 20 7 2 1274 1 599 3 378 2 927 5 1229 4 1011 3 1094 4 1112 3 501 7 24 7 361 3 920 5 312 1 1459 10 138 11 119 3 668 1 1028 1 694 1 1252
33 20 9 10 1402 7 671 2 734 4 1464 3 498 6 1499 3 140 9 318 8 860 4 768 2 1303 1 284 7 156 3 440 1 1145 2 728 2 561 5 509 10 468 9 1169
34 20 13 7 606 4 1220 5 50 16 442 4 1194 10 338 3 1250 6 1455 6 626 3 403 9 519 15 883 6 318 18 116 1 832 1 1351 6 1294 5 288 2 930 4 1471
35 20 11 1 1453 1 683 4 523 5 867 6 749 10 749 3 26 3 777 1 786 11 36 5 430 4 430 4 266 16 180 6 991 14 1089 4 367 1 659 9 900 10 164
36 20 5 2 1090 1 351 1 76 1 146 2 886 7 237 2 1049 5 620 4 941 5 1021 3 105 3 970 1 1407 5 1404 5 128 1 773 1 1382 3 1190 4 230 2 549
37 20 10 2 808 7 1010 1 652 1 66 15 930 4 1054 5 193 2 1449 6 351 11 1221 3 613 7 271 6 381 1 492 4 263 4 591 2 705 8 1135 8 873 7 481
38 20 12 1 80 1 84 6 61 7 456 3 1279 2 1474 2 563 2 290 1 1188 10 82 7 662 3 5 19 611 16 911 1 1046 12 349 7 847 1 397 2 735 20 921
39 20 13 7 226 1 29 4 994 7 817 10 805 5 165 5 1097 12 503 1 476 6 296 20 195 1 962 4 565 5 611 11 1453 10 644 3 1198 7 171 3 778 14 434
40 20 13 12 1110 8 1041 1 740 16 1441 12 1177 1 1246 14 1191 1 38 5 1145 3 727 4 773 25 15 14 673 4 345 1 123 1 19 4 767 7 686 4 120 2 1290
41 20 8 3 312 2 1170 9 843 8 1015 2 513 15 469 6 647 1 1389 3 1204 2 828 2 919 2 615 4 952 7 505 2 1038 3 449 1 284 2 1350 3 1132 4 278
42 20 11 6 1167 19 823 3 849 10 52 9 112 2 1167 3 541 2 288 6 677 5 1060 1 1102 4 276 2 463 3 894 2 216 5 1250 7 1392 9 680 2 1358 10 1459
43 20 11 1 640 7 1440 3 1363 18 762 8 574 7 654 11 383 4 721 5 1100 6 877 1 684 1 370 1 44 6 683 11 869 5 104 9 154 4 173 5 1302 5 1021
44 20 10 12 1081 7 10 2 1265 5 1242 2 79 1 430 1 442 2 127 11 1003 4 557 4 257 16 253 2 121 6 1277 8 102 7 575 1 381 1 917 5 441 5 761
45 20 8 2 1384 5 1120 24 452 1 132 2 100 3 906 6 793 8 95 3 1136 3 1453 1 1066 5 456 4 1023 6 1367 2 414 1 767 2 1229 4 488 3 407 2 180
46 20 8 7 590 4 14 1 1280 9 1352 3 1057 4 49 2 1229 13 843 2 605 1 266 2 1145 3 376 1 1466 3 144 7 850 10 1107 3 293 2 1477 4 625 4 729
47 20 15 3 1391 6 1247 1 158 3 204 2 584 2 1480 48 969 7 1109 1 498 15 711 3 576 5 193 1 1119 11 1273 18 1233 3 390 2 1447 1 862 8 576 17 19
48 20 12 19 1273 9 932 2 801 7 412 1 1481 2 1177 3 872 4 628 11 1125 2 1324 7 382 1 1108 16 285 5 1310 1 1433 17 1423 7 528 2 741 3 971 2 1345
49 20 6 2 1142 4 490 1 1334 1 572 3 123 7 81 3 921 2 1163 6 548 7 892 5 903 7 847 1 977 1 337 2 664 5 1295 4 649 1 1413 3 146 2 103
50 20 16 17 1149 5 642 3 1214 6 86 11 228 23 160 3 1331 2 96 1 1219 14 687 12 470 7 1208 1 582 5 835 17 914 5 750 15 468 8 1323 8 505 4 871
51 20 8 5 110 6 930 4 1034 1 1328 5 702 2 12 4 1215 3 928 3 1347 6 339 2 152 15 196 6 460 1 1239 1 918 6 509 8 324 1 1232 1 54 4 1345
52 20 7 3 1372 1 641 2 666 5 120 2 1480 14 784 11 379 4 723 1 347 2 981 2 1204 3 1095 3 1093 3 1014 2 636 3 976 2 4 4 889 1 590 4 1021
53 20 12 4 1304 6 1245 1 1156 10 62 9 592 8 1012 4 1144 4 421 8 583 1 71 4 240 3 1331 3 337 2 1462 10 1271 12 873 10 88 3 845 10 755 15 1338
54 20 9 3 1391 4 775 15 105 4 530 3 1198 5 1062 10 522 6 19 12 406 1 966 3 911 3 893 1 693 5 468 3 800 9 1017 1 609 1 25 4 1400 2 404
55 20 8 7 52 5 283 3 13 2 354 8 359 2 317 7 613 1 1003 4 803 2 197 1 649 8 627 4 1348 5 765 2 1335 9 1220 5 641 6 998 2 1481 4 675
56 20 8 1 666 6 225 1 3 1 1380 5 1319 3 1388 4 1403 1 979 1 843 9 1093 3 118 5 798 1 715 5 991 20 1399 1 36 5 927 7 526 5 513 3 848
57 20 13 5 1385 7 582 2 694 6 504 2 1277 2 1064 4 1227 4 272 4 1219 4 1302 22 1491 13 1110 1 383 5 763 6 1166 25 1106 11 280 9 1435 1 1264 1 74
58 20 9 2 621 2 20 3 405 4 1104 1 785 1 462 23 185 2 181 5 248 1 284 1 1374 1 1201 3 391 8 1495 6 1483 9 1095 7 805 7 1120 4 1023 1 53
59 20 11 3 1164 4 159 1 429 3 156 3 536 1 1052 4 513 5 893 19 1363 1 27 11 852 6 812 10 873 4 738 1 285 3 977 12 142 2 1394 4 249 16 538
60 20 9 12 136 2 170 3 610 4 316 2 89 2 187 11 1410 2 402 17 1440 2 1263 2 794 2 1408 8 798 1 658 4 622 7 1377 7 239 2 864 2 248 3 854
61 20 9 16 1036 5 801 2 1240 4 1372 2 925 5 1459 3 579 3 763 7 277 7 1345 1 64 5 882 7 974 3 1030 5 216 8 993 1 785 4 290 2 1098 4 182
62 20 8 9 181 1 1430 3 270 2 24 1 700 3 899 3 1058 7 22 7 388 2 1472 7 1348 11 694 1 800 4 403 11 340 3 1395 1 560 3 1170 3 915 3 373
63 20 10 4 386 15 1116 9 607 3 1182 3 341 4 316 1 483 3 149 3 1484 8 521 7 395 2 625 13 595 1 778 2 754 4 1035 2 73 2 595 10 892 8 503
64 20 11 1 1000 19 1466 10 166 4 207 1 1463 1 1463 3 1376 14 1180 10 376 1 1258 1 1355 4 359 5 879 5 839 11 849 1 1311 4 260 11 176 3 1101 1 723
65 20 9 7 587 5 294 5 1405 4 635 3 1356 6 1344 7 711 1 1359 5 1422 8 294 9 702 6 976 11 1335 1 423 3 706 1 378 7 520 1 855 2 427 1 20
66 20 8 2 290 1 667 2 871 5 116 7 1134 11 957 1 255 12 1202 4 844 1 587 1 1006 2 639 5 1488 7 50 1 638 6 1421 4 173 1 980 5 620 10 557
67 20 10 1 1258 3 1393 8 419 10 921 25 1460 1 55 8 534 2 238 9 265 1 577 2 1331 4 1317 3 170 7 435 2 567 4 582 7 711 4 1412 4 219 2 798
68 20 10 1 567 7 790 3 192 12 1150 2 139 3 1401 2 129 2 1143 6 1251 2 1131 5 1379 2 132 4 223 7 300 14 1025 14 485 2 1078 2 1147 6 1138 4 488
69 20 13 1 95 23 339 3 351 7 1414 2 877 3 1488 11 1374 5 869 2 66 2 1073 16 555 10 1383 5 791 14 8 8 413 2 121 2 1311 3 1440 10 208 2 163
70 20 7 5 1313 5 1352 2 1219 3 393 1 923 2 101 3 1488 1 576 1 868 6 734 3 1347 3 388 1 734 4 887 10 155 3 1459 13 307 3 399 3 721 1 350
71 20 12 6 1054 9 312 3 1156 9 1276 2 805 10 168 1 457 3 493 2 795 10 1227 18 1286 5 1201 3 376 1 438 4 291 3 1473 17 1387 15 272 1 1448 3 1064
72 20 12 16 596 1 622 2 1235 8 712 6 1258 5 366 16 26 3 1046 2 204 7 774 2 442 7 702 3 1351 10 1146 2 305 9 1362 2 627 1 1082 11 597 12 953
73 20 13 1 97 6 871 1 1212 9 1020 8 67 9 1123 3 1036 3 135 7 1252 2 1195 3 426 7 408 21 22 9 44 4 488 9 814 11 1024 5 56 12 186 4 434
74 20 7 1 22 3 1176 1 1072 1 397 1 1470 2 353 6 468 4 123 1 1489 2 15 1 80 5 1481 3 1236 5 1258 9 1496 14 1065 3 358 2 301 9 755 1 120
75 20 10 3 996 6 640 10 1144 7 284 6 727 1 614 1 752 7 558 4 285 9 1251 1 899 8 1433 11 659 7 465 1 845 1 101 2 626 7 1304 6 741 7 1031
76 20 12 13 148 22 575 1 37 6 781 5 508 28 684 2 1013 5 1048 9 961 4 561 2 269 2 1072 2 813 9 263 4 2 5 766 4 22 1 277 3 1447 1 228
77 20 11 3 899 7 220 1 323 1 477 9 672 1 169 1 1023 7 385 14 436 7 499 1 232 10 1477 4 859 19 226 2 2 2 412 9 770 14 149 1 730 4 1359
78 20 12 4 1372 8 56 1 195 16 1261 12 947 1 1335 2 263 1 587 5 201 14 180 4 644 13 489 1 1362 17 282 3 214 2 1096 12 1186 3 385 1 49 1 1366
79 20 13 14 1267 10 872 16 445 7 25 6 1306 5 729 4 436 10 1249 4 285 1 1481 1 356 2 250 2 1391 12 1429 8 602 16 256 5 1040 1 328 4 51 2 1124
80 20 9 1 350 1 68 8 74 3 974 1 1482 10 265 6 205 2 993 10 733 3 258 5 1482 7 87 1 1273 5 643 5 54 6 84 9 1262 5 696 1 1482 6 775
81 20 8 1 397 3 637 1 1393 1 1317 2 368 17 243 2 130 6 1081 2 576 8 534 2 1465 1 736 6 866 6 1264 3 853 4 868 1 144 2 1423 10 3 2 726
82 20 14 7 1017 1 821 12 412 10 655 2 312 7 1328 2 562 1 1005 1 909 13 637 13 129 8 29 2 1042 10 939 6 464 1 571 13 1466 1 732 12 496 20 881
83 20 12 13 63 18 944 7 1035 3 930 1 411 3 520 5 1015 16 386 2 922 1 732 11 20 9 696 2 411 3 1041 1 1428 1 428 11 1270 1 400 1 609 11 454
84 20 9 4 747 4 1158 5 571 17 603 13 952 5 953 3 597 1 707 3 1013 4 1275 1 576 3 742 1 357 10 514 1 303 2 304 6 578 1 1310 4 873 4 313
85 20 11 6 569 5 1470 2 476 2 529 4 812 7 465 7 1348 1 206 2 208 13 1284 2 1026 4 338 7 92 1 1174 4 1295 2 280 2 90 12 1297 11 386 21 1374
86 20 10 2 714 1 1235 5 522 18 320 6 597 3 984 1 178 4 368 14 428 10 1366 2 789 2 1232 7 1043 8 373 3 976 5 531 2 338 5 621 3 99 3 1487
87 20 16 14 1108 7 840 1 357 11 1100 4 1138 1 1484 8 193 9 360 22 1077 1 437 12 926 11 603 3 975 4 885 13 765 15 1232 18 337 1 1394 4 1321 5 642
88 20 11 6 983 6 121 6 666 6 717 4 1128 6 1488 9 721 2 97 3 1446 19 488 14 1445 1 1078 9 1316 1 541 7 1160 2 262 1 1032 1 756 6 719 6 870
89 20 9 5 267 3 1160 8 578 1 203 1 891 4 73 8 188 6 941 7 188 2 731 7 814 4 1211 2 532 3 480 3 92 4 924 8 906 3 905 5 263 6 432
90 20 9 1 248 3 1313 2 272 2 1126 17 708 2 355 3 1177 3 453 3 523 8 1260 4 1161 1 840 7 577 11 315 3 1332 5 194 7 442 8 901 8 1150 1 568
91 20 11 3 1165 14 981 3 877 9 1299 1 1019 1 599 2 959 10 809 9 565 3 265 5 174 14 343 1 377 5 164 2 241 16 181 2 1479 9 332 5 1127 5 1335
92 20 12 4 912 2 304 2 560 10 625 10 312 3 720 1 637 7 760 6 1157 1 617 3 1301 7 1064 2 734 5 617 5 173 6 118 23 837 7 718 12 784 4 245
93 20 10 6 73 3 936 3 121 5 950 1 19 6 599 2 1401 2 28 4 823 10 722 12 1221 7 924 19 1132 5 585 2 1127 6 483 1 588 11 278 2 165 1 356
94 20 11 1 323 7 494 4 1244 7 898 10 561 7 656 3 660 10 890 2 346 4 1312 5 1467 14 1456 6 34 1 77 13 1334 13 890 3 1426 1 441 2 600 3 1366
95 20 10 1 948 1 952 2 54 5 496 7 1464 4 176 2 745 3 1051 2 1357 6 441 5 370 19 859 7 957 9 149 9 427 4 1419 12 566 1 186 1 802 3 1482
96 20 13 6 1267 1 1290 7 983 11 505 11 959 5 261 10 600 9 121 18 57 11 419 1 930 2 1405 4 558 5 642 3 592 9 92 5 145 7 1278 1 226 4 530
97 20 10 5 1462 5 39 3 364 2 409 8 522 7 212 5 479 3 901 3 430 8 407 5 1200 12 897 7 1048 2 1322 10 746 1 1273 10 11 4 1433 2 421 7 1462
98 20 9 9 1415 5 1139 14 37 1 592 4 544 6 111 3 613 6 615 3 1134 2 680 1 973 5 529 8 1442 15 699 3 1128 1 1141 1 1338 2 349 5 1351 2 916
99 20 10 14 1282 4 840 3 212 12 317 1 656 3 1142 1 525 2 1033 7 1159 1 1343 3 67 7 1237 5 538 7 244 4 1210 6 256 2 1064 3 204 19 1033 1 767
100 20 9 8 1010 20 605 5 1019 3 1382 2 341 2 11 6 847 5 1317 2 855 5 227 1 263 14 173 1 1410 1 1444 8 1242 1 1353 6 1409 5 1224 2 671 1 247
101 20 8 1 47 6 451 8 912 3 1432 1 581 2 805 1 564 4 1254 16 423 4 380 1 1013 10 266 1 469 2 1349 1 960 5 1213 6 1366 4 932 9 307 4 425
102 20 8 1 892 9 681 3 456 8 398 1 1293 9 684 1 549 2 527 5 289 4 365 14 403 1 1325 2 504 2 1260 6 239 1 965 7 1158 2 389 1 80 2 350
103 20 11 2 631 1 1084 16 1273 4 511 3 1259 3 520 1 1280 3 1169 1 1327 2 334 1 1183 3 762 15 601 8 693 4 776 20 1202 1 144 11 1155 6 1317 6 797
104 20 13 8 260 10 1411 4 202 15 361 4 843 8 729 5 969 8 265 4 831 13 1127 1 1345 2 1262 10 1047 5 577 7 1088 19 39 2 18 2 1108 4 191 2 156
105 20 15 6 863 1 334 3 838 1 1411 7 780 15 1492 2 211 3 243 2 975 10 960 4 911 10 475 5 650 46 963 11 1413 4 1388 5 416 7 1394 8 162 4 1417
106 20 10 1 1442 7 188 3 1268 2 1287 6 140 4 518 6 1152 7 60 2 898 1 503 13 1500 2 194 2 1445 4 1426 1 48 1 869 23 78 14 1038 6 514 3 853
107 20 8 6 99 7 40 2 685 2 436 4 673 10 95 4 1481 3 109 9 270 8 829 3 613 4 1084 3 846 3 742 1 758 1 1484 7 840 1 605 4 226 3 482
108 20 9 6 514 2 792 7 379 2 837 14 1321 2 890 2 688 1 884 4 1267 2 114 7 865 2 675 7 586 6 1114 3 487 5 499 8 357 4 382 8 251 6 1487
109 20 12 4 1421 5 378 1 435 10 1074 13 1351 1 1075 6 1007 5 1074 2 23 3 1084 3 1258 22 185 9 1167 3 61 22 1109 6 489 1 527 3 264 1 937 5 357
110 20 9 6 178 1 664 2 1336 1 236 1 1164 6 755 3 1354 2 1298 4 28 9 1368 1 197 2 837 2 598 6 20 14 1006 9 862 4 1064 5 1498 10 642 4 1430
111 20 11 8 1129 21 392 6 367 3 939 3 315 4 907 3 195 3 625 6 588 4 1260 6 841 4 821 5 515 5 1063 6 1255 4 147 5 551 2 104 9 383 3 657
112 20 15 7 27 6 803 1 616 8 1489 17 640 16 225 6 12 9 1101 10 1105 8 406 2 528 1 530 4 734 16 95 4 1222 6 1284 11 512 16 1372 1 85 1 478
113 20 10 1 550 1 810 2 566 1 740 7 91 1 1080 10 345 11 1083 13 333 5 349 11 861 2 697 1 388 6 500 2 63 9 1119 4 1196 2 973 5 591 7 327
114 20 12 5 241 1 1279 3 646 2 293 6 29 1 1146 10 289 4 792 14 569 2 1478 14 879 5 563 2 937 24 180 13 1125 1 1457 1 839 1 661 2 716 9 512
115 20 10 7 1441 3 484 9 1064 2 686 1 947 2 420 4 482 2 1304 4 919 2 138 4 446 11 442 4 374 3 934 4 989 7 843 3 958 6 1443 15 140 8 299
116 20 10 1 1156 5 1248 8 243 3 258 2 1422 12 916 8 1480 4 957 10 359 2 150 2 366 18 777 2 629 1 525 1 442 3 626 3 615 8 1053 10 501 3 521
117 20 9 7 1056 10 647 3 406 2 1247 3 1369 2 729 7 713 12 615 1 1163 3 105 3 376 3 1283 10 235 1 91 1 1334 4 308 4 1099 7 850 2 770 11 1461
118 20 9 3 384 5 1331 10 260 1 191 4 1410 4 475 6 1429 2 432 9 1346 1 785 2 1124 8 1046 8 206 1 727 5 616 6 542 2 1381 4 311 9 1489 3 1075
119 20 8 4 1192 19 1432 7 1102 1 1430 1 744 2 723 1 286 2 297 1 79 2 435 7 1130 21 923 2 1203 2 1448 1 92 3 954 1 831 3 1403 1 285 8 774
120 20 12 6 423 4 766 5 873 18 262 9 1491 5 729 6 730 4 852 9 470 7 1420 1 535 14 1300 1 1125 2 22 1 814 4 1115 13 487 3 510 3 739 5 1224
121 20 11 3 1241 6 1191 9 1221 14 513 1 321 9 844 19 648 5 310 5 1263 4 825 2 127 1 261 10 1327 4 161 2 930 1 837 3 464 4 401 1 891 11 1251
122 20 9 8 1422 2 1246 8 75 1 677 9 120 3 1198 5 1045 3 988 9 110 1 110 1 947 3 603 4 940 1 688 3 188 6 1377 1 1191 12 1021 11 407 1 987
123 20 9 1 1408 4 1168 3 963 2 564 4 36 8 1140 6 1171 7 1142 1 180 12 566 5 1335 1 1153 6 1064 3 798 3 517 4 1214 1 1493 5 959 15 102 2 1010
124 20 10 3 991 3 167 9 1228 6 528 1 959 11 887 10 923 3 1473 21 893 2 679 2 26 1 853 10 887 5 640 2 488 1 21 4 882 4 1259 3 1313 5 1375
125 20 12 9 400 12 360 6 1216 6 879 1 81 16 1078 4 1286 9 301 2 925 1 439 6 762 10 902 5 1216 1 414 10 1167 2 626 3 13 5 1385 2 689 12 1291
126 20 11 2 1328 3 1329 4 704 6 823 1 1259 1 1343 1 1060 9 882 16 1297 9 1164 4 767 13 1432 1 862 2 726 13 1295 8 815 7 1455 3 1389 1 937 15 701
127 20 8 2 89 14 18 13 1491 2 668 4 416 6 730 5 1220 7 1122 1 729 3 697 3 975 4 369 1 1194 2 121 1 715 2 271 9 731 2 350 1 1377 2 1269
128 20 9 13 1191 1 381 16 1062 7 519 1 846 5 1362 5 584 2 1402 9 711 1 44 2 864 3 614 2 258 1 1243 9 343 4 976 6 270 3 432 5 1244 2 1368
129 20 10 7 1155 3 114 3 205 9 623 3 141 10 1048 3 70 15 1094 8 751 4 1307 1 921 3 1403 1 583 2 307 7 510 4 1216 10 11 5 930 3 405 4 1327
130 20 9 8 1373 9 669 2 1248 2 267 8 1397 2 724 3 796 2 342 5 873 2 133 4 1088 14 814 17 1234 2 731 1 990 4 163 3 267 1 1045 4 493 6 638
131 20 10 4 218 3 805 7 986 12 593 1 795 6 518 1 218 2 1418 15 638 15 1248 11 893 6 131 1 1142 1 572 1 654 2 971 7 807 7 1191 1 287 2 15
132 20 10 5 395 2 1469 2 1076 4 1213 4 258 9 410 7 1382 4 36 3 1325 5 772 7 1201 1 307 7 674 4 609 2 63 6 1227 1 393 13 1069 9 319 6 1203
133 20 13 3 53 8 1168 2 374 13 1424 2 790 6 450 7 529 2 1349 10 1290 1 1226 2 1397 3 483 1 158 2 885 6 205 21 441 17 1098 9 60 9 1446 12 265
134 20 12 3 33 2 445 7 651 3 215 2 119 7 1406 8 47 9 1026 5 804 2 653 2 881 9 560 2 803 4 408 6 1088 9 660 8 519 1 1449 33 1255 6 821
135 20 9 11 595 2 377 4 788 3 1180 7 1228 10 1180 2 475 2 1206 6 441 8 1136 7 959 1 319 5 1465 9 1047 3 816 4 837 1 276 1 958 4 1155 3 958
136 20 8 2 874 5 1346 1 405 3 68 5 528 5 1101 1 655 12 308 2 686 1 521 2 86 6 157 4 759 6 320 7 344 7 895 3 1431 1 1029 2 1318 5 201
137 20 14 3 818 5 1128 2 878 2 1287 3 1107 11 1331 3 1191 1 182 14 691 4 1326 8 744 11 1438 2 546 10 827 12 269 20 225 1 401 2 915 6 354 22 676
138 20 8 1 401 4 987 8 64 1 1402 3 554 1 1418 7 825 3 1016 2 1271 7 88 3 1477 1 573 5 1048 7 1465 17 711 1 228 2 666 3 655 5 1233 6 609
139 20 9 4 1394 1 387 6 330 5 677 1 439 2 162 1 935 2 946 2 827 10 1070 1 165 6 213 12 1427 1 734 5 300 1 274 3 433 9 381 17 425 5 1318
140 20 12 4 672 2 1189 7 584 4 633 5 1145 8 628 7 684 3 14 7 1291 13 1303 1 1090 2 498 6 1360 1 728 18 859 3 710 7 1263 13 1179 4 1080 10 593
141 20 13 1 391 4 934 7 182 1 155 3 1330 10 1427 12 996 1 339 9 151 4 655 3 618 4 1327 10 391 13 1356 20 215 11 1355 11 746 6 430 5 567 3 988
142 20 9 6 1338 19 737 1 1263 2 262 1 48 7 1171 13 611 3 577 5 1426 1 912 4 413 4 166 11 327 1 1154 1 225 2 1198 4 582 1 1136 5 1194 2 379
143 20 10 3 1380 3 818 6 901 2 1390 9 587 5 1460 2 902 2 272 6 181 3 386 3 567 11 862 16 897 1 1256 1 1217 4 320 12 613 4 278 10 47 1 193
144 20 6 2 1379 1 930 4 1384 6 1278 6 1161 5 513 7 136 4 338 9 831 1 65 8 1234 1 927 4 949 1 1164 1 719 2 54 1 244 1 1186 1 194 2 1199
145 20 14 7 149 35 1162 2 193 22 644 10 916 3 1148 6 435 2 1044 7 642 2 446 2 984 4 816 10 1337 10 433 2 1342 5 1089 2 1293 3 632 3 406 7 1396
146 20 11 1 1394 2 129 3 1092 2 430 14 728 9 347 5 729 1 249 12 891 1 487 4 1410 3 341 12 30 11 697 1 156 4 623 11 44 9 1040 1 100 7 918
147 20 15 8 491 1 256 7 11 2 634 1 874 1 928 5 940 3 608 5 1405 1 529 14 1357 6 473 31 93 1 125 2 1326 11 1246 25 151 5 444 1 1300 26 890
148 20 10 10 655 7 321 2 742 12 551 3 526 6 1006 14 1066 6 918 1 254 1 226 1 286 2 1123 3 1236 4 1430 3 36 11 176 3 375 1 1208 7 639 12 1414
149 20 13 5 320 6 349 15 711 15 1456 6 402 5 1347 6 752 11 520 6 1293 1 493 3 240 2 666 9 97 6 711 2 856 6 294 17 1281 1 901 1 740 11 1029
150 20 11 5 1405 3 681 3 428 7 1277 1 409 6 1267 2 1401 9 467 7 186 2 114 10 742 2 181 10 684 8 149 10 459 7 496 2 1490 1 1062 8 404 9 1066
151 20 8 1 294 5 856 1 545 4 565 5 1310 10 782 6 254 3 446 9 556 3 398 2 747 1 112 4 267 6 718 3 645 2 1334 6 88 3 916 2 706 13 189
152 20 11 15 319 1 1415 8 382 3 1217 2 489 20 808 4 690 1 696 11 1424 2 1396 5 1182 3 1353 6 54 2 1250 1 1341 3 241 8 102 1 325 9 1000 9 630
153 20 11 7 1031 9 1013 2 257 6 14 6 343 5 721 3 2 9 324 2 114 4 184 29 200 1 1236 1 473 3 998 3 665 2 286 5 837 3 345 1 1332 17 333
154 20 13 2 1389 1 830 4 272 3 390 1 450 1 1270 8 891 5 304 2 431 5 1086 2 828 4 124 2 1033 3 983 15 777 2 864 8 916 39 761 3 997 23 721
155 20 9 2 979 6 256 9 1042 2 43 5 1411 8 439 2 1491 3 454 7 119 1 228 7 552 4 506 2 1287 1 1417 2 314 2 1338 14 1321 1 1403 2 1118 11 409
156 20 12 3 1431 8 1303 14 848 2 1143 14 912 8 56 3 442 3 103 6 800 1 918 3 905 1 828 10 405 2 461 7 944 11 1129 9 434 2 5 7 233 7 1414
157 20 8 2 1438 2 1205 3 1069 4 410 17 648 2 92 1 1274 10 1111 6 206 2 1093 2 542 3 932 1 1148 3 507 3 272 7 204 3 1171 1 424 2 915 8 1252
158 20 11 10 962 5 1437 19 1347 2 148 6 1037 4 899 3 230 6 1341 4 928 11 1149 5 1369 7 1366 2 122 9 1403 3 125 2 672 6 431 3 1500 11 79 1 796
159 20 14 12 715 11 98 3 282 11 1117 7 394 23 704 2 1295 3 711 4 552 3 1015 10 1114 3 265 3 623 1 561 4 933 19 370 13 1067 2 1072 11 1170 2 172
160 20 11 6 352 4 1243 18 679 2 607 4 1311 18 1381 4 617 6 1461 3 794 2 230 15 129 10 196 1 61 1 439 7 777 3 1121 4 799 1 894 2 559 1 1468
161 20 10 1 956 1 463 2 641 9 1287 1 1397 8 1023 6 1058 1 1269 4 415 9 749 4 688 1 1463 3 1358 3 986 7 825 5 685 4 405 18 670 20 253 1 551
162 20 9 4 438 15 1417 4 687 6 1151 4 1181 1 1305 1 1243 14 1198 1 287 2 1290 3 192 5 243 1 663 4 1199 1 59 1 1072 3 1238 12 950 12 348 5 900
163 20 12 6 1006 2 1213 1 198 3 1380 3 724 4 908 4 906 4 1146 2 52 1 835 12 359 22 714 15 134 4 709 7 596 2 1290 18 194 5 902 5 15 1 1452
164 20 10 15 271 1 975 1 1113 5 1410 7 638 3 390 5 349 7 300 3 1368 1 1161 18 994 2 846 4 1230 3 1192 3 1297 5 342 1 139 14 481 3 596 3 851
165 20 11 4 400 3 59 11 597 4 512 3 113 3 396 10 1145 3 243 17 638 8 420 3 721 2 760 5 184 2 81 8 1369 1 600 4 454 11 1340 1 1111 8 89
166 20 11 1 690 4 428 2 5 6 1061 16 1346 6 471 5 910 2 1151 1 670 8 746 14 1047 13 806 14 1362 4 1402 3 81 4 84 6 1381 1 389 1 473 4 1135
167 20 10 4 172 1 271 5 535 4 1298 4 34 10 1179 10 949 11 1184 1 165 4 1436 2 992 1 874 12 53 6 1496 9 858 11 647 7 494 1 737 1 1118 4 101
168 20 12 1 472 6 482 15 218 17 860 1 558 8 1352 2 572 11 858 2 858 7 599 1 349 5 328 1 1402 16 742 2 476 16 681 3 172 1 510 6 458 1 1256
169 20 13 8 1093 1 1231 10 1450 6 834 5 1347 24 1375 8 115 6 973 1 843 1 846 1 316 3 814 1 1052 25 24 11 1131 3 504 1 591 13 804 1 106 3 1366
170 20 10 3 1288 10 711 11 600 5 891 6 1391 4 29 1 937 2 193 5 573 9 80 1 1461 4 1365 2 71 5 1458 1 79 2 18 6 584 19 970 3 900 4 1351
171 20 10 5 399 2 546 6 1196 2 135 7 800 15 273 14 790 3 1024 1 515 7 1480 11 1223 4 558 2 87 1 979 2 190 5 294 2 561 1 911 5 112 9 295
172 20 9 2 1226 8 866 6 1150 2 424 3 98 4 961 3 350 5 1232 1 822 1 1164 2 1122 6 464 3 19 1 229 1 1069 5 1193 29 897 6 1087 4 275 4 663
173 20 9 3 4 1 1180 1 1400 4 1294 1 965 15 1375 2 1229 5 532 8 1030 2 1469 5 1384 4 1362 9 552 7 1224 8 1066 2 707 10 844 1 457 3 1300 4 677
174 20 11 3 1138 7 1046 1 326 4 632 14 602 2 1070 1 787 7 806 4 1347 9 1015 15 209 1 1203 15 457 11 847 3 1407 7 731 1 1125 2 334 2 183 3 1074
175 20 11 4 1343 12 854 2 862 5 794 4 1430 4 1400 6 1268 8 1487 7 369 3 1300 3 1299 2 648 1 1207 6 1028 11 17 9 1476 11 716 9 947 1 698 4 1165
176 20 13 7 152 6 1090 5 645 5 1235 2 849 8 550 13 1481 8 1090 3 874 1 1125 9 638 22 137 7 640 4 886 4 713 11 192 5 647 8 1396 2 1138 6 919
177 20 9 6 620 17 1455 4 1184 5 942 6 543 1 620 12 1196 5 973 4 915 4 153 3 1316 3 585 3 625 2 1259 4 25 1 968 1 1165 2 1472 10 145 6 1300
178 20 9 6 220 1 895 2 422 3 679 20 468 10 1176 4 413 7 451 1 144 6 92 3 941 1 909 3 82 7 90 1 784 4 376 5 325 3 585 1 74 8 1108
179 20 8 3 1484 12 836 5 709 3 460 2 1247 1 627 1 461 7 99 6 378 5 158 1 684 1 578 8 1350 7 794 1 1056 8 1068 5 851 3 208 3 1179 1 835
180 20 8 8 1315 1 1351 1 930 3 197 2 713 7 648 6 54 1 302 4 285 3 1020 7 878 18 852 1 115 2 1230 4 1083 1 1171 8 1018 4 1153 5 348 1 427
181 20 10 5 873 2 736 3 158 7 1226 1 1432 1 876 8 552 8 563 1 916 7 1023 7 408 10 1279 18 1029 1 26 12 780 7 92 2 877 1 700 1 290 4 692
182 20 10 4 963 3 717 13 1461 8 1461 1 1455 4 378 14 303 2 210 10 201 2 40 1 1497 4 644 3 956 5 1233 1 1015 12 369 2 296 14 334 1 139 3 1299
183 20 8 4 1349 2 37 5 705 10 814 3 1284 1 184 1 649 4 1195 3 409 2 510 7 424 2 143 5 1316 1 375 11 414 3 1353 1 537 1 230 11 874 6 1160
184 20 10 7 1222 1 1430 3 678 3 1141 1 1315 1 262 13 1473 6 739 1 1136 6 326 5 313 9 805 6 984 10 146 9 102 12 776 1 570 1 462 3 840 10 482
185 20 10 4 628 8 1335 1 906 3 155 6 570 6 129 14 971 3 732 3 1012 3 625 11 221 1 931 14 81 1 1445 2 445 1 862 2 355 1 59 1 982 18 1293
186 20 11 2 858 10 200 3 909 3 357 8 882 2 260 1 172 7 635 3 1002 9 1214 8 1126 5 799 3 375 9 1223 6 416 9 771 19 88 3 549 5 1031 2 786
187 20 11 16 198 1 173 6 1252 14 204 11 1447 1 978 1 655 9 509 4 1062 11 1243 4 510 2 1256 8 867 1 642 2 33 2 300 2 1198 9 142 2 196 5 157
188 20 12 3 103 20 1101 5 753 2 537 7 512 3 1376 5 607 2 830 6 737 7 219 10 1113 2 670 2 588 12 1025 17 335 2 1230 1 96 4 166 4 1478 9 159
189 20 10 7 271 4 577 2 105 2 1311 6 607 21 329 1 1089 5 738 11 1358 6 422 8 1052 8 337 4 546 3 480 2 729 1 737 1 471 2 1338 4 559 2 1081
190 20 14 10 982 5 1380 5 555 3 620 7 1188 4 1443 8 433 2 1254 12 1291 7 264 2 1013 4 519 8 313 27 692 3 755 1 600 7 1019 7 721 16 686 3 820
191 20 8 2 236 5 1479 1 1200 4 8 3 125 1 940 1 1309 3 635 1 24 5 1427 8 1257 1 348 2 1023 1 163 4 1490 1 1475 7 1294 15 195 21 1429 3 751
192 20 17 4 535 16 1488 8 1225 8 734 10 1090 3 1199 6 777 11 1447 11 110 11 1061 2 499 13 1318 3 1033 8 504 11 334 18 801 2 948 7 1379 23 906 3 923
193 20 16 9 902 2 722 1 809 9 33 19 282 7 870 3 1236 6 725 8 63 28 1414 12 990 2 425 6 515 3 4 1 709 6 228 8 1250 10 65 7 31 13 560
194 20 10 1 1045 2 773 1 1119 2 757 7 260 3 695 2 229 9 1128 3 201 2 1332 4 475 3 165 6 12 14 976 11 1283 7 360 2 1448 11 749 1 860 14 173
195 20 9 2 1182 4 582 7 1393 7 820 8 575 3 470 10 590 4 241 5 722 2 829 1 1113 4 991 8 486 3 123 2 334 3 986 8 1233 4 1229 8 616 3 719
196 20 9 5 538 7 75 1 1360 3 70 2 799 7 609 6 1487 1 1406 7 1403 3 1152 7 350 1 843 1 189 2 520 1 1304 14 981 4 761 4 1399 2 711 16 4
197 20 11 12 1405 8 1429 6 1041 8 457 2 532 12 327 1 245 13 503 8 856 2 464 8 1459 2 392 6 325 1 1292 3 249 9 258 1 636 1 1451 5 973 2 838
198 20 11 2 1450 8 265 1 605 4 1410 6 798 6 1488 9 692 7 33 1 1466 1 1081 4 278 13 1298 7 607 13 1374 4 630 5 1114 6 474 2 608 1 430 12 160
199 20 8 4 1066 3 264 1 1204 6 1112 4 912 1 956 5 383 3 128 11 1088 4 689 6 246 4 9 4 445 5 343 7 1427 7 85 1 738 4 1105 4 814 5 1031
200 20 14 1 947 6 393 11 1287 4 862 4 586 16 10 8 266 6 1233 10 22 13 1050 6 147 6 1434 3 1422 14 1093 8 1440 13 1117 4 1246 1 44 1 1217 9 459
201 20 10 1 332 4 1020 4 1383 2 1107 11 278 6 416 4 1211 3 1099 9 1414 5 528 2 353 7 438 1 1456 2 789 1 1068 23 90 7 807 1 618 11 1115 3 65
202 20 10 10 1372 1 674 1 131 8 149 1 1228 7 697 7 1130 2 1337 6 270 6 684 2 375 4 576 3 445 3 313 9 806 10 200 9 252 14 514 1 1320 5 552
203 20 8 1 1475 19 1043 8 1317 6 1490 18 978 1 1461 1 988 1 331 2 1051 5 328 2 978 1 1178 1 505 1 971 1 39 6 438 1 435 3 41 7 274 2 934
204 20 15 1 1436 2 666 24 1354 11 1304 2 469 3 487 2 64 18 799 17 1357 2 484 6 1268 2 130 5 770 7 188 31 1104 7 356 1 546 3 980 7 203 4 667
205 20 10 8 658 2 994 5 1014 2 1249 5 1240 3 237 2 606 1 651 1 900 11 280 14 1048 2 650 10 891 6 1121 4 1131 1 1481 17 565 3 87 4 497 4 1084
206 20 15 5 190 5 1149 14 1280 3 882 15 885 8 1286 4 772 1 772 7 125 8 157 15 220 11 1079 9 623 11 358 19 931 6 383 4 171 1 469 3 283 3 113
207 20 6 8 581 1 447 4 682 3 1378 2 203 10 983 2 567 1 1334 4 85 5 813 1 961 5 448 1 1460 3 897 5 870 2 812 1 1126 1 1302 1 1377 2 347
208 20 10 3 131 8 1360 1 1215 7 1423 3 1494 2 572 7 195 2 759 3 1121 7 735 6 483 3 247 3 1154 12 199 4 991 13 606 1 1235 7 538 15 1498 2 1172
209 20 8 16 435 3 148 6 1273 1 1289 2 295 5 591 1 703 6 1099 1 949 4 693 13 277 7 1109 3 1216 1 554 5 729 1 1136 6 702 1 40 4 244 3 421
210 20 13 5 503 13 117 11 619 6 1144 1 937 2 38 1 31 11 252 8 885 19 35 2 625 7 778 5 670 3 927 16 612 1 387 1 1328 3 601 15 48 2 1029
211 20 8 7 345 4 1101 1 1243 3 1286 1 922 1 1439 10 46 3 807 7 1002 3 420 5 1163 5 193 8 427 10 651 4 1484 1 723 3 234 4 1341 2 613 6 331
212 20 9 1 1182 19 1104 9 866 1 169 4 1190 5 428 3 884 6 618 11 272 10 83 1 495 3 83 5 314 4 217 2 815 6 926 2 773 3 977 2 315 2 563
213 20 8 1 61 1 655 3 77 6 1226 2 800 1 600 2 5 2 1169 11 1257 8 1363 2 1177 5 1193 1 498 1 223 2 937 6 353 11 1003 7 1018 5 778 3 1061
214 20 11 1 885 1 423 4 384 3 141 2 1059 1 1363 9 425 9 925 6 59 1 1239 5 1150 15 425 7 1070 5 1009 11 658 15 95 8 726 3 60 7 1199 2 1208
215 20 11 4 937 3 326 8 1241 20 1035 1 1425 3 489 19 308 9 554 9 202 2 336 3 930 1 1131 5 318 10 572 2 1381 2 956 1 1213 1 1495 2 1256 10 1130
216 20 10 1 1121 2 1277 4 816 5 1127 27 805 2 488 10 1141 10 41 5 1292 1 1157 12 1260 2 1396 4 793 3 932 4 356 1 1315 1 784 1 419 1 1164 12 1400
217 20 14 11 1087 6 1126 3 1171 6 554 14 725 4 1161 13 1462 9 477 2 607 8 1133 2 188 7 1225 5 1487 15 1042 11 1058 4 502 12 1304 2 999 5 408 1 1351
218 20 12 3 603 15 737 4 514 1 113 3 273 16 529 15 1036 1 237 1 961 14 1479 3 1233 3 468 10 1268 2 1294 3 786 1 504 6 1255 10 493 9 655 1 908
219 20 9 1 769 5 30 2 423 2 1328 1 1107 6 795 10 299 4 1252 2 417 6 377 4 151 7 343 1 781 12 1173 3 223 6 322 6 820 2 991 8 1438 3 1201
220 20 9 7 1495 3 1415 5 173 1 796 2 130 2 251 1 318 1 1376 10 1472 3 1209 2 955 3 586 9 239 4 101 7 279 2 570 18 292 1 605 1 573 8 961
221 20 11 9 1485 8 449 5 998 15 1098 1 735 6 431 9 133 5 730 2 216 2 58 8 437 3 63 4 968 2 898 3 472 1 1042 9 1393 4 863 10 1214 8 775
222 20 8 1 825 4 414 7 1084 4 604 4 186 6 1394 13 1255 8 642 2 496 2 204 1 1373 2 1142 9 522 4 1199 1 165 1 712 3 19 10 652 1 739 1 1488
223 20 10 1 517 1 251 9 1350 6 733 1 852 3 644 10 81 5 1430 7 1022 5 1497 9 249 1 115 4 284 8 682 17 52 1 828 6 589 6 366 1 631 2 1114
224 20 16 2 715 6 174 2 748 18 1390 13 268 4 487 8 406 4 1089 3 949 17 1288 27 868 13 400 7 454 2 940 1 499 4 754 5 1267 2 1078 5 282 17 289
225 20 12 4 1213 1 332 7 384 3 427 9 1468 12 1325 4 208 2 490 1 597 5 938 3 1054 12 409 3 549 5 604 8 575 1 825 36 906 1 323 3 743 1 1351
226 20 10 10 1285 10 1447 2 869 2 1250 4 190 2 854 1 1058 8 347 4 1456 6 790 8 1079 6 524 5 1475 1 677 8 194 3 1107 4 264 6 833 10 1123 3 1298
227 20 11 1 816 7 629 2 1341 14 1425 5 1154 1 89 1 326 4 1279 9 751 4 1025 4 812 7 889 3 694 12 842 1 122 2 248 3 1113 4 646 8 271 18 555
228 20 12 15 1288 5 954 1 1198 3 636 8 107 4 1001 9 1247 12 176 10 983 3 732 6 1478 2 82 1 830 1 824 11 674 8 1276 2 833 6 1233 1 416 12 420
229 20 10 5 458 5 367 4 583 1 298 21 1152 6 155 11 643 2 788 1 991 4 185 8 666 1 685 6 201 3 83 3 677 6 823 7 1473 2 1378 10 850 3 237
230 20 11 9 1497 2 222 10 1495 8 802 2 220 4 759 5 240 2 869 3 858 15 1242 7 1204 6 212 2 113 1 21 1 120 18 452 4 707 3 343 7 271 2 585
231 20 14 12 686 2 1152 13 1050 10 414 12 577 1 909 11 56 9 989 4 889 11 1465 11 166 7 1219 1 74 1 265 11 1375 4 1121 5 884 7 561 12 604 1 24
232 20 12 7 275 4 990 6 357 10 1443 3 188 1 500 9 1425 11 536 1 1020 2 628 17 1404 5 60 1 762 18 504 5 687 1 1031 12 139 3 323 3 1050 9 170
233 20 10 2 250 4 1231 8 453 6 280 10 593 5 285 2 968 9 1416 3 740 4 1432 6 475 1 1099 1 667 4 1064 8 985 6 697 4 140 3 1078 1 1244 13 937
234 20 9 6 834 5 812 6 211 1 471 3 565 9 1313 10 1473 9 667 3 294 2 108 2 1241 9 377 4 194 1 1480 2 433 1 820 2 1290 16 625 2 887 3 1437
235 20 7 1 985 1 1403 1 1164 2 28 16 808 1 477 3 1367 4 742 1 983 3 1128 6 495 2 15 3 874 1 454 14 1410 2 637 8 270 4 668 2 1212 2 273
236 20 8 1 607 5 862 5 63 3 362 4 833 4 379 2 1422 1 1410 6 540 4 511 2 397 19 693 4 963 4 892 1 1224 5 625 2 958 4 1386 1 439 3 377
237 20 10 3 1374 9 474 1 741 3 1198 18 878 3 801 12 658 3 595 2 752 3 1279 5 973 4 627 6 635 5 1295 2 283 3 783 7 1476 1 1060 9 1363 2 1089
238 20 10 6 272 6 576 2 106 5 1150 7 1204 1 1198 2 1371 16 665 13 1307 2 325 12 342 1 513 2 698 1 1249 1 1154 6 1217 1 344 14 1030 2 76 3 616
239 20 9 7 197 1 474 2 677 1 507 11 375 4 42 2 671 6 1401 17 865 10 967 1 101 2 30 5 113 4 574 4 889 2 1254 1 97 11 404 2 532 3 729
240 20 13 3 1454 9 1404 3 232 1 456 5 1361 10 751 6 1353 16 139 7 1464 3 1048 21 880 5 1000 7 278 3 550 2 734 3 118 2 742 3 452 17 1339 6 533
241 20 6 2 1095 1 513 2 699 2 1259 3 1017 1 470 3 1270 3 182 1 1486 1 125 9 404 2 933 7 1030 7 1186 2 752 4 904 1 1471 1 1408 10 83 6 324
242 20 10 1 1249 2 1330 4 769 3 89 1 1338 1 692 1 69 7 252 3 236 6 995 1 555 26 1185 13 1495 4 691 1 1062 3 97 10 723 8 295 5 1304 2 636
243 20 10 13 773 12 644 4 503 6 40 4 306 9 369 2 285 4 1230 5 711 1 1480 4 94 1 1379 8 1346 1 878 3 263 2 883 10 502 2 1224 12 859 1 99
244 20 10 6 792 3 828 17 799 7 367 1 58 3 627 1 1433 3 1283 5 1271 6 305 5 384 2 821 7 32 7 700 6 519 1 1094 8 893 7 824 2 1028 4 249
245 20 10 2 1054 3 1001 2 288 1 1143 7 203 1 1368 1 1392 3 1155 1 985 13 1180 4 1064 4 570 3 1059 3 1114 15 1163 5 1181 13 222 5 725 4 377 13 1021
246 20 13 9 1494 9 1054 11 1296 2 1330 8 1373 2 107 6 720 7 22 9 717 7 594 3 281 6 141 3 1070 1 156 15 872 11 951 2 241 8 1013 5 566 8 469
247 20 7 3 869 1 1233 6 992 4 1003 8 631 1 1104 1 1139 2 579 2 717 15 189 3 667 3 463 8 440 1 322 2 1438 4 1270 1 1421 1 265 1 1464 12 647
248 20 12 2 1140 13 794 2 390 3 1448 9 119 10 1408 4 81 1 985 2 747 8 137 15 1098 3 161 2 1357 18 1076 9 459 2 435 2 644 11 569 3 1344 2 1432
249 20 12 8 1360 4 318 20 1017 2 414 8 480 5 843 7 549 10 1073 12 367 7 362 2 439 3 782 12 158 6 547 1 852 1 543 9 739 3 1205 2 487 1 528
250 20 10 19 814 17 7 5 157 2 522 3 1154 2 869 6 855 2 1389 1 1013 8 1321 2 283 2 685 3 1333 1 1397 7 509 4 456 7 59 4 1247 1 80 5 628
251 20 12 3 1474 2 849 5 710 4 1349 2 1157 10 1077 9 206 11 100 7 508 6 1229 5 253 6 895 10 554 6 239 8 323 1 61 6 1223 3 613 12 48 10 306
252 20 14 1 329 3 1291 1 949 18 1061 20 94 3 429 11 1120 18 1307 1 695 17 677 3 742 20 535 1 1050 2 165 5 855 1 757 13 86 1 52 1 358 4 802
253 20 10 3 1296 2 1480 3 1321 3 14 1 1175 7 994 2 719 1 252 15 1015 8 1125 14 1189 3 1410 1 277 3 128 1 841 2 526 17 226 3 929 12 176 7 158
254 20 13 7 1444 13 1137 6 1475 3 306 1 513 1 111 34 5 9 124 1 1372 2 816 3 88 6 727 1 1169 1 44 6 621 13 87 10 1303 3 446 8 1002 4 168
255 20 10 8 403 4 706 13 154 2 1019 7 1414 3 864 7 8 2 1148 25 837 1 23 4 1426 7 1402 2 1223 2 419 5 496 1 1123 1 655 3 471 5 661 1 1457
256 20 9 6 233 2 363 3 519 3 1437 10 939 1 213 1 137 4 1347 2 1287 6 627 3 1151 4 902 8 1188 3 1293 24 1297 5 1023 1 837 2 436 6 562 4 612
257 20 12 9 1273 4 346 5 871 3 1076 22 769 19 151 11 710 4 1182 4 537 1 853 7 559 2 125 8 1010 8 36 4 1128 1 1470 4 554 2 121 5 267 2 304
258 20 9 6 1450 12 348 18 25 1 448 1 429 4 858 4 718 2 1300 2 1328 3 356 5 525 3 502 1 990 8 643 5 524 1 1274 7 382 7 854 1 156 3 1044
259 20 8 1 382 7 564 1 728 2 593 4 670 13 350 7 641 1 88 3 752 6 531 1 510 2 3 2 423 13 767 3 792 4 111 3 197 1 363 5 874 5 1122
260 20 10 2 412 2 1495 4 691 1 698 11 1028 13 728 2 82 15 458 4 1068 8 102 5 247 7 241 3 736 1 56 1 129 5 761 7 1100 2 406 5 466 11 626
261 20 11 10 156 1 1290 3 160 22 1346 11 500 9 379 3 287 3 663 10 975 1 995 1 937 5 216 3 83 4 1386 9 1155 7 347 2 1171 11 1013 1 612 1 1470
262 20 8 1 691 1 253 2 11 18 357 1 254 3 690 5 1061 3 301 1 638 5 236 8 1148 2 1155 5 234 5 657 4 524 5 269 5 857 4 869 1 1154 1 1279
263 20 14 10 452 7 163 16 696 14 1372 25 1226 4 950 9 466 1 1338 2 977 6 921 9 918 4 1478 10 16 4 1416 4 197 3 1201 1 133 6 191 4 1421 2 400
264 20 13 4 322 2 969 2 785 1 47 2 555 9 1307 6 503 6 679 1 899 18 828 17 1484 8 851 10 1153 16 293 1 760 26 77 1 914 1 1058 2 1440 2 1225
265 20 11 16 1341 7 272 1 1297 13 473 3 1435 10 742 3 398 5 1487 15 406 2 382 6 1485 4 432 3 301 3 611 4 1078 9 713 3 102 7 1421 1 1326 1 1314
266 20 11 7 198 6 1033 9 337 1 323 4 870 2 566 4 575 2 1131 8 194 12 589 11 1018 5 136 6 1050 7 1411 3 7 1 117 7 552 9 1038 8 953 3 1304
267 20 11 1 272 10 354 15 1485 11 360 7 490 1 360 10 360 3 6 7 745 3 1265 1 551 10 605 1 95 5 1153 3 532 6 1272 13 1081 3 1321 2 2 1 835
268 20 8 5 75 1 594 4 43 3 640 1 63 4 800 12 1186 7 491 2 953 11 1296 3 1130 6 1284 1 484 2 1026 2 577 1 593 8 170 2 706 10 948 3 1429
269 20 7 5 798 11 247 2 68 3 1145 8 673 5 1489 4 743 6 466 4 943 3 1095 2 704 3 889 2 565 7 1203 2 186 1 1024 2 1127 1 823 1 483 3 108
270 20 10 4 769 2 114 10 424 5 664 6 490 11 143 6 894 6 834 2 12 3 751 2 1008 13 1200 8 821 1 772 1 37 8 332 2 268 5 1149 1 711 8 647
271 20 9 1 488 10 344 2 598 4 374 14 150 2 645 3 1475 2 1436 6 774 2 1074 5 575 2 42 4 737 5 290 4 14 2 1246 5 780 4 1314 12 1222 1 1242
272 20 11 6 926 27 717 1 1063 9 580 10 340 3 1194 1 1373 14 1376 1 775 1 148 5 1290 15 1421 4 242 2 1037 1 121 4 823 2 237 4 1163 2 214 1 807
273 20 6 4 1282 1 1052 4 713 5 845 4 586 2 267 3 372 2 287 1 1142 1 681 1 893 3 353 10 418 1 10 1 329 3 727 9 804 3 846 1 711 2 991
274 20 11 2 123 2 856 1 1261 7 1335 1 1128 7 659 20 385 3 63 15 344 2 1280 6 24 4 327 13 46 3 377 3 1293 10 937 2 236 9 1409 2 1091 4 574
275 20 11 3 392 6 426 3 1432 6 117 4 229 1 931 4 378 12 1171 4 941 4 429 4 1449 11 357 13 384 2 910 16 184 1 703 12 1013 2 760 4 1177 1 1465
276 20 13 2 686 8 1267 6 1051 6 805 4 835 7 1037 1 1083 5 905 3 618 1 196 10 371 7 626 7 662 10 812 1 775 16 56 4 268 11 1029 14 260 8 684
277 20 11 5 1115 10 893 4 953 1 746 5 1172 14 423 23 582 7 1025 4 1354 5 493 1 778 3 183 1 517 5 666 1 1225 11 309 7 28 2 623 2 1229 1 309
278 20 10 14 930 13 896 14 1431 3 843 8 1486 4 733 1 1030 4 141 2 1408 2 922 1 624 4 248 3 495 17 972 1 955 6 1284 5 1219 2 742 1 127 1 883
279 20 9 3 807 1 484 6 741 1 1378 12 738 9 759 1 1457 4 1374 5 67 3 1382 3 1293 2 968 1 268 6 402 9 1268 2 118 4 1478 10 925 9 599 1 1456
280 20 11 5 561 1 1150 17 825 12 1494 7 395 6 417 3 381 6 1379 11 524 9 864 4 446 7 1308 4 298 2 381 1 1110 3 1138 11 1076 1 171 6 95 1 760
281 20 12 1 585 4 831 7 353 7 500 5 122 4 243 9 697 7 1156 14 1193 4 487 13 205 6 1144 6 1429 8 195 12 1442 2 1118 2 1329 2 533 1 1084 12 385
282 20 9 4 1118 1 396 2 1062 1 473 5 131 2 522 2 493 4 148 4 208 8 581 19 393 4 286 1 1274 11 1422 2 1385 3 1262 1 287 8 453 7 348 5 901
283 20 14 2 365 3 1055 14 953 2 1120 1 1192 2 1195 23 848 10 169 1 1149 14 1285 5 1492 15 344 13 968 2 1444 4 1064 8 346 1 135 16 720 9 689 3 1022
284 20 8 1 94 6 146 6 1139 6 1063 13 495 2 1224 4 1491 6 998 3 392 12 982 1 829 10 883 3 1425 1 359 1 928 5 395 1 528 4 1377 3 1213 1 258
285 20 10 6 493 3 324 3 440 1 357 1 498 1 1197 3 643 4 697 1 777 17 56 3 1362 4 1297 1 473 7 99 19 890 6 1288 4 953 14 64 2 127 5 64
286 20 9 6 29 3 928 13 960 5 740 10 767 2 1202 1 451 4 401 1 1326 3 16 1 365 6 879 9 635 3 1288 4 1010 14 445 1 1113 3 489 5 1323 3 1424
287 20 9 7 1437 2 523 7 160 9 494 3 503 4 909 5 664 3 291 1 448 17 1455 1 371 4 1388 2 1292 6 1178 1 267 5 545 3 935 7 823 5 972 4 585
288 20 13 3 1374 6 1446 10 1461 2 553 3 1247 6 226 3 816 3 716 1 1324 9 264 6 1292 10 200 5 1462 17 824 13 1207 4 542 5 1298 3 1161 1 88 22 536
289 20 8 6 905 6 373 7 624 4 386 8 737 3 1290 3 893 3 216 3 536 1 386 1 1 8 1262 8 626 1 768 4 1338 6 423 4 108 4 1415 5 887 4 1302
290 20 9 2 1448 6 14 6 967 4 822 3 644 6 1402 6 1253 6 931 1 139 2 1064 9 475 8 763 8 396 13 1221 3 514 3 110 2 146 1 798 1 780 7 896
291 20 10 2 42 8 460 3 595 13 661 1 385 2 945 7 607 4 767 21 500 4 1432 5 967 1 129 2 404 10 249 2 94 5 972 5 699 3 920 3 54 3 348
292 20 8 2 193 2 23 4 190 1 378 5 589 2 1253 11 641 1 34 2 221 9 567 2 1168 4 519 2 1352 7 316 5 859 4 1038 1 929 3 965 8 787 12 1267
293 20 7 5 1234 1 1016 3 228 9 982 3 514 2 1009 4 994 1 800 2 861 5 154 2 1337 6 689 7 343 1 45 3 1040 6 463 2 670 1 1106 1 1001 7 1031
294 20 6 7 41 1 458 7 1297 6 199 5 889 4 763 1 392 4 1360 2 475 4 85 8 179 2 314 2 669 1 813 1 514 1 1284 1 469 3 148 3 435 5 174
295 20 10 3 196 4 412 1 8 3 289 3 105 3 530 5 1461 6 204 13 1068 3 799 3 165 5 1381 4 363 2 455 2 1290 8 825 1 178 26 331 2 755 10 400
296 20 15 1 224 3 169 1 872 13 972 14 166 9 532 4 1041 11 834 17 244 11 541 29 121 6 517 5 1032 2 624 4 137 1 1243 2 444 11 192 2 534 9 784
297 20 8 5 934 3 1068 3 853 5 1017 1 1106 5 561 6 536 2 391 2 300 1 1215 2 67 8 28 4 382 8 430 6 1333 6 269 1 1332 6 239 4 571 5 156
298 20 12 29 334 1 1315 1 835 5 602 9 376 11 31 5 305 1 737 2 855 4 1500 1 1260 2 942 11 831 13 58 7 585 1 1194 2 480 6 1029 8 329 4 325
299 20 12 12 1281 3 201 3 395 2 290 4 345 6 1208 7 539 11 285 8 1381 6 689 5 1244 2 314 13 1318 1 215 3 14 6 1021 10 560 10 1221 7 929 6 707
300 20 12 4 731 4 121 8 47 4 165 6 280 12 786 3 790 3 742 1 1017 9 1140 10 1055 14 369 2 681 5 1141 11 139 6 1194 8 104 2 324 5 157 6 1266
301 20 13 16 24 4 304 1 1440 1 1435 3 904 6 1439 2 1445 4 480 32 1078 4 1500 3 68 4 491 2 549 6 1136 17 232 13 846 10 529 1 80 7 785 3 1202
302 20 11 5 1404 3 208 15 956 8 7 2 1460 3 892 13 1003 1 559 4 863 1 720 5 847 2 842 7 1216 17 1451 2 1227 7 1458 8 645 6 402 4 1279 3 1029
303 20 10 4 211 9 873 1 1023 6 335 3 345 6 933 1 143 1 1308 6 1312 6 206 2 783 2 264 4 261 8 593 3 1081 8 398 2 432 1 1445 15 1365 16 1360
304 20 12 1 1176 12 1286 3 1108 12 1023 3 571 10 532 2 557 5 750 4 410 2 1314 20 736 6 264 19 686 6 109 6 1139 3 1218 1 567 2 1448 7 436 3 504
305 20 13 16 40 6 769 18 511 4 408 7 175 7 178 6 875 9 1140 5 409 3 367 4 80 3 253 5 932 7 205 1 508 11 397 6 750 2 540 5 612 5 477
306 20 8 1 1155 4 763 1 746 1 720 7 1466 4 659 6 974 3 1457 2 91 5 277 4 123 14 1475 3 383 2 1225 2 1132 8 552 1 148 3 1030 5 144 11 810
307 20 14 5 292 11 138 18 1121 5 953 10 753 30 682 14 862 5 140 3 82 1 194 6 232 2 326 8 508 6 814 4 41 4 1086 3 800 3 1428 3 115 1 189
308 20 10 3 241 2 1169 10 1212 2 1441 2 1311 6 1351 4 1195 4 232 4 983 14 510 7 811 3 1382 4 106 3 373 11 542 4 1230 7 88 5 206 9 1263 1 127
309 20 10 5 1337 1 1215 2 14 1 1308 7 1303 14 141 5 488 11 795 1 216 5 902 10 157 2 344 5 1165 10 1258 2 893 2 232 6 876 6 931 7 905 1 942
310 20 15 1 282 23 171 8 1180 3 263 2 618 3 1131 5 278 7 95 3 769 9 578 2 1018 14 136 11 1477 7 993 11 1219 17 490 9 248 8 714 8 1277 5 1290
311 20 10 8 582 12 1206 10 1053 2 481 5 1405 1 1215 12 159 6 26 6 403 1 1109 3 1327 10 331 7 1303 2 429 7 154 3 489 2 946 7 515 4 1035 1 1168
312 20 6 1 1302 3 1198 1 1050 1 605 1 707 5 1083 2 704 8 930 2 436 1 1161 2 1016 3 849 1 596 2 578 5 632 1 157 5 641 5 1389 6 1101 7 1128
313 20 9 1 152 4 1190 3 813 7 409 1 164 14 1282 2 631 4 167 2 892 1 22 6 1017 6 4 14 322 9 403 1 1310 4 1231 3 1143 10 154 5 1216 1 1077
314 20 6 2 166 3 1390 2 423 3 911 7 940 1 1470 1 1120 1 103 1 1312 2 780 15 595 4 27 4 690 2 555 1 904 10 1378 1 1476 3 1141 1 817 4 1423
315 20 10 2 828 6 165 2 1142 1 1015 2 950 12 499 2 1331 3 310 4 280 18 770 6 199 4 224 4 402 2 939 4 1070 13 612 4 1385 2 748 1 1121 9 31
316 20 8 1 557 6 1086 5 549 1 59 7 435 1 64 3 1379 10 1396 1 620 5 1133 2 941 4 1295 3 1273 1 1338 2 956 2 263 2 213 12 1440 14 1092 2 781
317 20 11 4 1316 4 45 1 1280 28 559 5 1374 1 1294 11 1084 9 346 3 1216 5 998 2 458 4 1208 1 435 3 1305 6 878 10 1193 5 276 6 1059 4 23 5 809
318 20 9 2 1463 4 1446 6 1415 6 418 6 979 11 93 4 408 1 1170 1 636 4 679 1 843 1 1129 3 315 1 403 3 338 18 348 3 900 7 864 2 736 6 566
319 20 11 1 198 8 167 7 100 9 1411 23 307 2 281 5 505 1 832 3 415 7 966 3 1413 4 179 1 1199 5 837 4 1356 8 757 4 1338 8 572 6 1251 6 1114
320 20 13 2 752 1 123 2 738 1 795 5 1107 8 516 12 361 5 135 22 670 6 214 5 1466 11 329 5 455 16 1325 4 1047 3 94 4 985 5 142 4 1290 10 466
321 20 11 1 705 3 283 24 1374 15 223 3 1219 1 1254 4 420 2 562 3 1094 4 768 6 892 8 569 18 1093 6 465 4 1423 3 401 1 981 4 1500 2 1306 6 1099
322 20 10 2 618 3 496 5 1070 2 1418 2 490 5 255 15 1078 4 94 3 1424 2 837 6 903 23 713 12 1260 5 972 3 1230 1 1066 5 169 2 83 1 315 1 1109
323 20 15 18 532 4 1244 1 1343 1 687 15 215 13 1160 8 1250 9 246 17 921 11 104 3 1024 4 674 3 11 7 1239 3 896 11 1390 1 1130 1 251 22 1279 2 102
324 20 13 2 1076 3 338 11 859 7 339 12 18 3 574 1 676 8 678 4 612 12 232 3 1314 4 884 3 54 9 1070 14 198 7 1098 7 760 1 1403 8 1032 11 222
325 20 8 4 263 3 281 3 134 4 697 6 1014 4 636 4 1497 13 286 4 1017 1 1179 2 1038 1 730 3 131 2 1243 3 564 2 989 1 643 5 1465 17 1041 1 1226
326 20 13 7 305 4 698 9 829 15 1480 1 433 1 1022 5 1194 7 1110 1 1172 15 1080 19 971 17 1499 7 1436 11 1139 4 499 4 942 4 1041 2 774 2 1093 2 562
327 20 9 10 549 1 391 3 313 2 638 7 1112 5 961 2 273 3 1162 4 1027 12 1171 6 757 4 906 8 116 4 81 3 656 3 42 9 591 3 612 4 1145 4 522
328 20 11 7 1448 3 398 15 541 11 1125 8 441 2 1244 1 112 4 1059 7 384 2 900 9 572 3 1246 8 400 9 812 4 804 9 310 4 738 5 308 1 1105 2 570
329 20 11 2 215 7 1114 2 568 16 593 8 891 4 351 9 88 11 692 1 447 3 363 4 1473 1 76 5 1419 6 538 19 326 3 1258 2 449 3 245 4 727 5 232
330 20 11 3 1339 1 1140 3 298 2 100 8 1002 3 1310 2 1100 3 1440 16 697 1 1138 2 916 6 893 5 1170 3 684 1 751 26 382 7 1447 10 1025 13 687 3 710
331 20 11 7 203 13 1109 4 268 5 69 7 288 1 2 11 991 6 179 3 768 12 1476 7 836 2 565 1 1475 1 921 6 1236 11 1323 11 702 1 40 1 1480 8 695
332 20 10 7 696 1 639 7 800 3 221 2 298 5 1429 1 983 10 32 10 823 4 197 11 541 10 1006 1 1047 7 1224 3 1107 5 1318 1 1155 6 1001 11 999 1 1456
333 20 9 1 662 5 924 14 600 3 288 2 1007 2 644 2 1322 3 1169 5 1240 6 698 5 1032 3 1049 4 190 1 1363 4 1119 14 121 7 1104 2 824 2 1246 7 754
334 20 7 1 610 1 103 3 893 2 1423 8 54 1 967 1 1288 1 1490 8 360 1 1484 2 15 2 282 2 730 18 1071 1 1355 2 1183 2 934 5 552 6 143 10 1211
335 20 13 2 1460 7 677 4 261 8 519 4 900 17 605 8 385 5 621 1 284 4 1431 1 84 1 322 8 861 4 1060 4 199 5 897 13 1334 2 447 19 784 20 1407
336 20 11 4 1144 3 1414 6 371 1 910 1 267 12 633 4 770 5 1332 17 625 7 24 5 996 9 259 1 196 6 1163 7 673 10 1089 3 74 6 865 3 1466 3 1195
337 20 14 7 727 12 160 1 1296 12 1175 7 1226 7 1217 4 483 23 729 3 1096 2 389 4 804 14 986 3 1259 1 615 5 728 7 1009 18 1054 4 1090 8 6 5 1226
338 20 9 9 719 1 1436 3 714 15 321 6 1119 1 109 7 444 1 303 18 647 4 880 1 1124 2 247 5 335 3 34 11 281 3 1308 1 578 3 209 1 905 4 28
339 20 10 22 153 1 329 10 268 14 180 1 612 10 1422 5 50 8 1051 3 24 3 1445 2 1143 1 103 1 678 2 110 3 962 1 424 11 101 3 1189 1 271 3 521
340 20 11 7 1369 9 838 9 974 2 1347 8 501 1 1458 13 609 5 1352 3 899 3 3 7 869 2 831 1 1431 1 335 14 44 4 582 5 901 1 669 9 558 15 1243
341 20 10 3 1365 20 649 5 364 7 1451 3 812 2 784 1 1158 1 527 3 1240 5 1455 2 815 6 764 2 1232 1 318 16 221 3 419 12 1018 2 927 9 1385 1 560
342 20 8 1 795 13 158 1 609 16 221 1 619 1 1435 12 1336 5 235 2 290 2 252 2 362 5 47 1 754 2 888 6 1267 6 565 5 371 1 466 1 1324 1 1023
343 20 13 5 769 3 95 1 395 2 1392 19 404 7 14 1 879 5 541 1 980 4 1020 4 194 9 192 13 288 6 716 1 548 11 382 22 783 12 790 1 534 9 93
344 20 10 1 166 12 742 7 1399 1 1103 4 1451 5 1337 1 72 11 39 3 1458 6 332 7 85 6 1309 12 1382 5 1088 2 841 4 449 2 1340 3 514 4 605 6 566
345 20 11 24 919 8 344 2 966 10 39 1 651 4 872 6 352 22 781 3 459 6 1426 1 1483 1 941 3 471 1 969 1 628 1 374 1 597 1 404 2 50 12 235
346 20 16 6 567 5 1379 7 943 21 477 5 1262 1 1208 12 970 8 2 1 535 3 886 26 862 11 940 2 231 9 806 6 1069 8 1050 8 1086 11 695 4 1065 8 1493
347 20 10 5 1253 4 1459 2 873 1 1066 1 1091 9 740 4 1011 2 1323 11 618 2 826 14 1453 2 1301 5 344 1 1426 10 161 11 1078 7 280 3 687 6 1266 4 633
348 20 7 3 1163 1 1298 2 1490 3 86 7 180 3 1393 3 1391 3 1423 1 1356 3 252 2 1437 7 989 5 360 6 1084 8 997 6 1431 8 984 2 1206 1 734 3 104
349 20 9 2 1162 4 30 11 266 14 136 4 1322 8 172 5 401 1 201 3 547 6 1196 2 1062 2 656 1 1311 1 285 1 261 5 1149 6 166 7 1149 15 524 1 1109
350 20 11 3 23 2 1318 2 1457 7 1206 1 346 4 719 4 1414 10 1009 2 561 1 1001 2 1025 5 1381 15 1209 16 883 6 167 1 42 4 1457 18 1461 9 241 1 468
351 20 11 13 130 1 1188 1 568 4 629 1 1270 6 1055 3 515 1 696 5 728 6 697 3 1256 2 676 2 240 7 1168 33 808 3 1306 2 1225 10 1310 3 1251 8 912
352 20 17 2 98 8 331 8 778 9 296 13 474 20 1136 15 217 1 761 13 155 2 1138 21 1178 18 1402 2 1433 2 918 2 206 3 654 5 426 10 371 3 1094 19 452
353 20 9 2 677 1 824 5 707 7 1216 7 157 2 96 6 582 4 464 1 1344 5 438 5 587 3 703 7 28 9 1290 6 168 2 854 2 1489 4 961 2 1181 13 496
354 20 9 1 1346 3 1202 1 265 3 1408 3 201 4 416 5 1417 16 145 2 425 2 154 5 366 4 569 1 18 10 1469 1 1116 9 891 3 500 8 1329 2 886 10 1396
355 20 11 2 437 9 336 2 51 4 260 7 149 7 1253 5 768 9 1129 4 5 8 219 4 1250 7 897 2 416 3 751 5 202 10 756 20 805 1 258 4 1137 6 116
356 20 11 2 687 1 70 3 1018 7 586 1 987 14 914 1 736 7 1392 5 689 5 1474 2 706 11 998 1 1413 13 224 6 241 3 884 19 1179 5 584 1 530 6 1170
357 20 16 24 1002 9 611 3 1070 13 612 13 315 1 147 20 1322 5 93 1 645 3 202 9 1200 3 512 8 1202 7 255 1 878 1 23 24 833 1 386 16 1291 1 194
358 20 10 2 144 1 278 10 50 10 844 7 533 2 169 10 233 3 333 2 1009 3 606 1 1106 3 1295 5 1159 1 458 3 991 2 1264 1 190 4 584 12 341 26 568
359 20 13 2 106 8 1282 9 1029 1 790 12 869 3 1000 3 1212 1 556 7 466 5 824 7 45 6 714 15 949 6 1114 4 51 1 1341 14 658 10 335 16 633 7 814
360 20 10 6 1419 2 604 6 206 2 716 8 301 2 285 6 1060 2 1465 2 821 9 802 2 576 1 1358 7 822 10 1385 6 612 1 512 6 1016 8 851 3 858 13 346
361 20 10 5 1177 7 1394 1 162 11 1247 7 620 6 1394 3 1087 7 384 15 488 3 1444 9 553 10 845 5 333 1 1248 1 1116 2 521 9 1110 1 1170 1 277 1 963
362 20 8 2 248 3 1428 3 719 18 1298 1 1050 6 918 3 1149 1 567 5 1048 2 1030 3 686 5 1270 6 348 4 492 6 523 2 1137 3 666 3 700 2 1428 11 1006
363 20 9 6 348 5 978 12 653 10 398 6 279 1 1495 1 590 13 280 1 87 4 193 6 1129 1 733 4 17 8 1018 4 1295 3 393 1 16 2 94 5 1145 5 887
364 20 7 6 1265 1 127 2 241 3 1469 1 575 3 1031 1 1448 4 1182 5 202 9 812 3 1379 15 1376 4 253 7 516 3 161 1 856 3 589 3 835 2 864 1 1159
365 20 10 3 644 13 256 2 872 5 1005 1 631 6 924 5 262 5 544 6 773 5 871 8 642 4 483 2 537 2 9 13 585 1 138 4 1438 4 1269 9 412 9 1003
366 20 10 2 1469 8 253 14 54 3 1110 5 1298 5 992 10 1153 1 1348 1 695 1 355 3 427 6 1440 1 1490 9 1272 9 840 9 1173 1 1194 3 844 5 587 8 938
367 20 6 1 654 3 1211 11 1128 1 751 1 704 2 265 7 674 1 685 2 1144 1 957 2 626 5 1150 1 1000 7 405 9 495 1 1343 1 485 4 496 1 1375 2 935
368 20 10 1 135 4 286 2 1449 8 251 9 1117 11 1331 5 1013 3 541 15 1027 8 1269 1 402 2 111 2 502 4 1261 8 947 1 383 4 768 5 680 5 116 4 740
369 20 7 2 631 1 1275 8 1150 1 1215 2 1494 9 1185 11 1287 2 394 6 561 2 1463 5 801 2 1205 7 1370 2 1197 3 875 2 288 1 436 4 479 7 1284 1 56
370 20 11 10 377 6 866 2 1383 6 611 11 710 8 555 1 963 15 1090 1 825 4 819 2 1333 2 1425 1 890 1 881 2 1320 5 1402 3 256 9 1364 3 856 20 1198
371 20 15 15 340 15 587 9 1075 12 479 4 1100 13 514 2 312 35 204 4 390 1 26 3 96 5 757 16 1047 1 478 1 792 11 667 1 188 6 645 1 93 3 836
372 20 10 6 1317 2 59 1 1318 1 763 6 505 5 50 3 1302 13 494 14 737 5 1323 2 1315 8 635 1 1117 12 819 2 1449 4 647 5 161 3 492 5 333 2 1233
373 20 8 3 1195 7 627 4 326 1 1065 3 820 10 653 3 739 4 1423 7 355 6 659 5 1455 1 860 1 1388 4 818 1 975 1 290 8 910 3 889 1 344 9 153
374 20 10 3 1198 10 216 1 1044 5 328 7 557 7 1108 7 1179 1 464 3 1126 2 983 2 1361 7 1252 14 189 5 583 4 481 3 179 10 844 3 303 13 933 1 302
375 20 11 6 773 7 644 8 660 1 6 12 553 5 228 5 1069 10 1038 1 767 5 948 4 1089 1 973 5 842 14 386 3 1054 7 281 11 659 2 552 2 1097 8 1183
376 20 11 3 837 16 1107 12 642 9 704 8 883 5 1030 3 1125 2 808 2 162 1 904 2 848 9 1077 2 1461 6 225 2 1022 3 447 2 968 2 948 24 699 4 1318
377 20 9 1 880 1 1213 1 1403 4 1444 2 1273 2 478 9 326 10 1127 1 136 1 977 10 1001 1 995 6 537 10 1162 6 532 1 1275 19 733 5 41 6 1276 3 341
378 20 11 5 209 7 683 2 1096 23 436 2 1187 3 500 2 620 3 795 11 749 2 1469 7 822 6 224 1 1214 5 1491 12 680 3 1497 2 1055 3 1456 3 887 10 851
379 20 11 1 53 3 520 3 476 1 245 9 1336 8 789 7 613 3 1471 2 1284 7 967 8 1226 1 702 19 389 14 1121 3 811 8 438 3 963 3 88 4 668 8 900
380 20 11 3 1110 2 759 1 622 1 1487 1 1080 11 464 3 700 6 157 2 617 13 810 14 641 9 401 3 629 2 1407 5 620 1 1261 17 619 18 828 1 876 4 1145
381 20 9 15 243 13 554 3 472 4 347 2 104 2 1414 3 65 3 85 1 137 1 681 13 1398 7 607 3 1250 5 1084 9 1416 1 815 9 1072 2 317 1 13 2 517
382 20 12 2 421 9 476 10 1159 6 832 2 185 6 597 2 325 3 1255 5 1474 4 564 10 56 16 306 13 397 2 1367 4 61 3 1345 2 336 10 294 8 660 5 1080
383 20 8 3 969 9 1493 2 734 5 908 1 1087 7 402 1 34 4 1245 9 100 3 1417 1 862 5 1481 1 465 5 1491 3 268 17 507 4 409 2 241 6 739 1 1372
384 20 10 3 1435 4 584 15 1360 11 1492 15 874 1 1302 9 45 1 1072 13 1369 5 307 2 289 1 1357 5 748 4 152 1 455 4 1253 1 118 1 557 4 1382 1 1164
385 20 12 4 857 2 247 2 552 11 930 2 35 2 1346 4 1359 12 441 9 319 3 680 8 691 3 615 5 1097 7 191 13 874 2 1311 11 7 1 325 8 996 15 999
386 20 6 2 548 2 457 2 617 3 995 4 282 1 412 10 1500 2 81 2 953 4 37 2 252 1 1311 5 125 6 1292 2 1019 3 72 1 783 2 1198 8 1414 2 321
387 20 9 1 381 3 331 2 923 2 136 12 4 6 631 4 654 7 879 1 1262 5 141 3 1410 8 280 1 585 10 144 1 989 6 941 1 1447 3 505 12 745 6 1326
388 20 8 4 1241 2 978 6 913 8 112 2 1248 3 1188 7 488 5 907 1 989 3 628 7 1240 1 1030 3 540 2 164 3 1271 2 211 3 504 2 884 4 872 13 213
389 20 9 1 871 2 1291 5 167 11 272 8 1413 9 1324 3 1189 1 1098 5 416 3 418 2 771 1 985 7 924 10 512 2 892 1 1070 13 772 1 920 5 585 3 1177
390 20 7 3 391 1 32 4 1422 7 333 4 246 1 87 4 114 1 1270 4 714 3 102 1 1121 4 81 3 722 1 264 2 1049 1 1041 2 1129 27 536 3 226 2 475
391 20 10 1 336 1 1435 14 111 11 696 2 800 1 327 7 19 7 719 3 1188 6 1482 5 700 5 1066 2 824 5 330 3 726 1 930 12 720 7 353 6 1374 9 475
392 20 11 11 605 1 753 6 53 14 590 24 644 6 752 2 1242 1 956 6 807 3 269 9 622 5 57 1 637 14 67 5 1230 1 768 2 299 1 690 3 155 2 1485
393 20 10 1 167 2 1492 2 415 8 1348 9 1028 9 502 8 804 1 275 3 1082 1 639 3 807 4 337 5 1323 4 361 9 718 5 656 1 1044 19 398 3 872 3 49
394 20 9 6 1377 1 874 1 519 4 1346 12 938 8 40 2 1053 3 903 1 1274 5 376 3 443 13 105 6 433 4 303 12 1049 6 709 1 654 4 1187 5 614 2 922
395 20 9 5 143 1 12 6 1421 7 891 17 480 2 320 9 143 1 1316 2 127 14 1039 2 836 1 1345 2 734 1 1098 4 135 8 880 8 603 1 1488 1 1385 1 450
396 20 12 6 674 4 150 5 520 4 660 13 1410 2 347 5 234 6 393 13 840 1 180 3 304 2 1058 7 404 1 946 6 1479 1 417 6 748 15 324 2 944 21 1475
397 20 6 3 365 3 970 2 654 2 151 2 5 5 1429 2 499 6 440 1 750 5 281 1 1106 6 11 5 878 2 1219 6 383 1 1271 1 56 1 1276 7 1040 6 222
398 20 13 8 1034 4 280 1 1157 7 96 8 1151 3 433 8 421 2 836 5 554 18 447 9 26 12 692 2 118 5 917 1 1276 1 681 28 1046 8 28 6 541 2 603
399 20 13 2 386 3 562 4 1042 5 922 1 1408 8 564 1 1303 2 675 20 1342 4 739 10 248 1 547 8 592 23 232 1 495 3 897 6 452 2 1226 5 779 22 1434
400 20 7 1 41 1 1110 4 102 3 34 2 1480 8 1044 10 373 2 781 2 1401 3 1086 1 635 5 1152 3 535 1 317 14 743 3 988 5 169 2 261 2 413 4 580
401 20 11 3 1214 8 1358 2 133 2 987 9 1080 16 1039 4 1433 3 761 5 1055 16 924 9 1267 4 1101 6 699 11 121 1 95 1 1291 4 398 3 144 8 667 3 1359
402 20 12 8 1011 4 589 3 1395 7 812 4 810 6 1211 10 963 4 1212 2 1449 1 131 1 6 8 1119 8 298 1 1048 11 121 12 554 10 1338 1 596 2 1451 23 96
403 20 7 2 907 3 332 2 1260 2 1027 4 1351 1 592 6 300 2 649 3 1377 8 402 2 1299 7 659 1 10 9 233 7 713 9 548 1 410 1 155 1 1170 7 745
404 20 11 1 1475 4 520 12 640 17 569 1 352 4 914 5 19 1 874 5 1331 23 128 3 1029 6 179 5 326 4 898 2 96 7 753 1 752 9 557 2 1345 1 1116
405 20 8 2 1100 6 1073 2 726 1 1379 6 1089 2 147 6 962 8 74 8 1425 3 660 11 543 1 1429 5 438 1 1036 1 24 10 541 3 163 4 735 1 1128 2 965
406 20 11 14 74 1 1014 7 774 1 189 5 1265 5 588 1 790 12 1072 8 44 4 350 5 584 5 444 1 1196 5 645 5 1314 2 1477 10 433 1 359 8 736 13 491
407 20 11 15 335 4 372 15 1346 6 213 20 891 1 1326 7 670 7 1 2 1348 2 108 4 1210 7 893 4 395 2 461 6 493 1 1410 1 1126 7 114 1 293 5 818
408 20 7 4 705 4 278 3 1435 2 1443 6 1256 8 470 1 837 5 489 6 966 1 1467 4 476 1 511 6 1297 6 673 5 377 5 181 1 1359 4 1199 2 56 2 1331
409 20 10 3 1451 12 440 1 1349 11 264 5 485 3 887 2 924 1 472 3 793 5 541 7 909 2 653 14 188 25 1075 6 629 2 1075 1 861 1 398 4 90 1 945
410 20 13 3 1428 2 531 2 290 10 1297 5 379 1 884 1 633 1 403 10 698 4 550 1 777 13 391 24 198 11 622 4 463 11 118 3 153 2 805 8 1258 14 499
411 20 13 2 1262 2 331 1 162 21 386 18 271 3 874 10 295 5 1033 2 1325 2 877 8 66 1 1465 10 183 3 132 1 199 27 1194 2 1189 3 1141 7 652 3 1056
412 20 10 2 316 1 1259 4 1102 14 270 1 1169 15 449 4 210 2 329 8 1341 6 1014 3 979 6 951 1 253 12 745 5 72 9 447 2 337 1 258 5 206 2 1060
413 20 7 2 12 2 1459 1 537 5 509 2 538 4 684 3 235 1 401 3 891 1 115 7 988 12 910 3 745 1 169 6 318 1 773 7 608 3 782 6 557 1 1412
414 20 10 4 73 2 328 1 583 9 930 7 502 7 1157 11 162 3 537 2 1034 8 775 2 217 7 487 8 436 3 261 19 1143 3 879 4 268 3 355 1 777 1 561
415 20 8 7 1244 4 925 5 547 1 1285 11 111 6 811 7 992 1 1202 1 408 3 657 5 911 8 1400 4 1200 6 1088 4 221 1 208 1 1081 6 1082 2 151 1 381
416 20 12 4 1115 7 215 6 1027 4 1005 3 842 3 698 17 718 1 677 7 97 9 615 4 689 9 1348 8 1473 20 824 1 736 2 649 12 571 3 378 6 718 1 988
417 20 13 8 561 2 1139 2 759 5 1483 4 1077 17 981 7 341 5 721 16 17 9 1470 1 1459 1 179 3 1422 10 856 18 1230 9 373 9 958 4 1204 3 143 2 67
418 20 7 3 1254 9 161 4 785 1 792 4 173 5 1016 8 1118 3 1163 1 658 8 495 2 149 12 78 6 87 1 645 1 564 2 697 1 1363 4 1040 1 704 3 1105
419 20 11 4 64 2 673 4 1159 1 1050 4 77 12 119 12 233 4 758 2 1 3 760 21 663 12 709 1 998 1 211 12 678 1 164 2 819 8 672 6 398 4 1225
420 20 8 1 112 2 481 1 883 1 1384 4 1434 1 568 7 303 1 1185 10 1212 4 385 2 570 2 756 8 1379 4 138 4 535 2 215 7 1311 12 275 6 379 4 1457
421 20 13 3 1464 6 999 3 469 2 765 8 733 3 1393 9 1218 4 510 6 60 6 1202 1 702 11 1401 3 489 5 981 4 980 23 710 3 1119 12 212 18 1305 1 534
422 20 8 2 366 3 350 9 734 12 804 2 310 9 505 1 1118 1 1181 1 941 3 95 2 1022 3 1300 6 9 6 560 9 761 1 1012 3 602 10 448 1 1030 2 14
423 20 12 4 1166 8 1298 5 36 12 402 6 969 13 697 9 1492 10 1446 5 1000 6 180 1 640 4 518 2 826 14 453 4 10 2 102 7 1375 5 1028 8 611 3 1188
424 20 11 4 159 2 648 1 661 5 1430 4 681 1 1163 3 614 22 785 11 927 5 582 1 1421 1 100 5 545 2 396 10 1445 10 216 10 581 3 387 10 8 2 491
425 20 8 1 550 3 223 4 1175 3 234 1 865 4 838 3 1414 2 1287 7 1419 5 892 6 904 2 1325 2 712 1 1374 3 214 5 26 3 146 15 1467 6 1376 6 1018
426 20 9 1 734 1 1174 5 895 26 407 2 195 5 1022 18 548 3 428 4 756 4 1015 3 1339 4 1475 1 691 8 1493 5 817 2 499 1 18 2 1263 1 1191 2 501
427 20 9 1 1371 2 1068 8 1162 5 743 2 26 3 1216 6 283 10 188 1 625 5 899 2 187 7 440 3 172 7 210 4 351 2 174 1 1253 13 337 5 1312 5 622
428 20 8 1 913 1 792 23 1485 3 947 1 1203 7 54 1 862 2 111 8 899 4 572 3 445 7 1447 1 885 1 649 3 1443 1 1301 5 841 1 232 9 797 7 117
429 20 9 4 171 1 1227 1 545 6 957 6 480 2 218 9 1007 3 116 9 1430 3 975 9 272 6 759 1 1125 3 134 2 1189 2 842 5 1442 5 136 8 681 10 585
430 20 12 2 869 3 994 3 1245 7 254 1 856 11 231 4 20 9 1152 6 811 3 913 9 206 9 1462 21 266 5 51 4 626 13 683 1 752 4 1392 1 126 9 566
431 20 8 4 439 2 646 4 455 4 702 5 348 16 198 2 329 1 99 4 407 4 780 1 527 5 477 2 385 1 158 3 126 6 1499 6 1197 6 938 5 246 1 670
432 20 9 7 214 5 473 1 1048 1 1013 1 498 3 1109 1 581 1 1483 9 57 14 1167 4 290 7 1127 9 1335 3 58 6 633 2 605 10 965 6 1374 3 1246 1 740
433 20 12 16 1149 1 1313 4 1287 9 889 5 100 5 1308 7 1311 4 772 12 1166 6 26 2 1209 6 875 2 98 5 728 21 971 3 528 1 773 3 57 5 1034 4 1439
434 20 8 3 1202 1 325 2 166 2 236 4 162 11 515 2 126 1 1144 2 1292 5 435 7 425 6 1481 2 820 4 543 8 715 1 381 5 175 5 1110 8 924 6 799
435 20 10 4 298 2 232 4 1034 3 1290 6 1441 11 986 5 1445 7 1096 2 137 2 1254 2 164 5 644 8 459 1 692 3 15 7 353 1 803 6 702 16 1026 5 1128
436 20 13 4 1374 17 937 9 958 2 744 7 582 8 538 14 667 2 567 4 1203 14 1200 4 1419 1 792 12 1062 1 315 3 1441 4 987 4 217 12 859 2 1013 6 517
437 20 8 9 273 10 1280 1 1481 3 1428 2 229 1 1450 1 737 1 733 3 309 3 1131 1 826 1 581 7 733 1 488 3 160 7 1241 2 1119 3 550 13 141 12 1458
438 20 10 7 1209 3 768 5 884 1 584 1 1320 4 1226 2 338 19 741 7 630 3 1050 5 316 3 565 2 564 1 1500 12 1200 3 1117 19 784 3 830 8 600 1 466
439 20 13 3 889 3 1248 16 170 15 732 5 1106 13 479 5 815 3 827 15 913 2 154 12 268 6 1360 4 449 3 574 1 885 10 389 6 501 3 676 5 175 9 1436
440 20 12 2 1477 5 873 4 841 17 838 3 1384 12 1378 3 70 10 278 16 109 1 566 2 598 4 36 4 268 3 1099 6 435 3 516 12 873 7 559 6 172 6 923
441 20 12 8 1376 1 48 17 495 4 426 11 507 11 584 1 1253 1 992 16 496 4 527 3 65 1 14 8 428 1 623 12 652 6 1147 1 80 1 683 11 515 5 105
442 20 8 1 1211 2 6 1 148 3 580 8 1463 7 955 1 248 5 349 6 890 1 1431 6 347 5 1244 5 757 5 653 3 901 2 14 17 1180 5 943 1 683 1 263
443 20 10 4 1098 7 33 5 1074 22 959 7 561 1 1354 4 397 2 1085 1 1376 3 667 6 992 6 661 5 1319 13 401 4 657 8 1497 4 874 1 838 3 14 2 13
444 20 9 4 264 14 936 4 1454 9 617 2 1313 2 1047 4 853 3 308 7 366 6 92 5 927 3 349 2 149 2 797 1 1268 1 468 12 226 3 136 5 529 8 339
445 20 9 21 1098 1 1365 5 335 5 499 9 1404 1 1231 9 314 1 206 4 503 6 284 6 647 1 237 1 545 1 898 4 1276 1 991 3 460 10 944 1 530 1 1125
446 20 8 3 120 5 525 4 103 1 1249 5 1415 2 378 13 1089 6 762 1 353 6 46 2 828 6 786 2 1241 1 1065 1 409 3 951 7 609 4 210 13 1086 2 614
447 20 15 7 522 8 1213 8 405 10 834 13 869 2 117 1 265 18 324 7 1445 10 1202 7 1377 3 1359 3 163 16 1084 5 1170 1 508 9 1256 14 1107 1 971 7 644
448 20 7 7 320 1 787 5 70 3 94 5 687 2 14 2 1072 1 813 1 1186 8 995 2 1003 2 36 2 1383 3 1228 5 677 11 153 4 798 2 608 3 761 3 763
449 20 11 14 1186 2 164 6 1277 1 804 3 466 4 584 9 1385 1 1341 3 1459 6 305 8 780 11 913 4 452 6 722 5 714 2 408 4 740 6 1084 12 1151 6 1229
450 20 12 3 777 8 16 6 1478 1 856 5 1103 8 667 14 530 2 384 4 467 19 756 4 836 10 766 2 1442 10 709 6 445 2 379 10 427 1 363 3 1106 8 390
451 20 9 7 994 4 601 1 678 7 911 6 5 5 719 5 570 5 510 11 177 2 930 2 745 1 1311 1 437 5 598 8 62 7 1281 3 334 3 1242 6 95 7 410
452 20 13 3 1478 4 1099 2 294 13 609 4 1276 18 664 12 200 6 854 3 451 3 11 9 1373 1 1380 1 391 6 1080 5 618 11 771 1 1370 23 50 9 356 5 1386
453 20 8 2 1249 6 291 11 1456 1 38 1 1490 1 131 6 229 6 282 6 357 3 601 4 629 3 1146 18 493 1 400 4 1029 4 378 4 663 2 623 3 831 2 984
454 20 11 11 18 6 354 4 710 6 360 10 121 1 1078 4 1033 4 1314 10 943 1 1317 1 472 2 238 17 1171 3 337 1 1345 12 979 3 1218 6 172 1 95 9 680
455 20 15 6 1178 4 269 2 1332 22 935 13 255 9 62 9 172 3 1218 8 170 1 618 2 81 6 5 9 946 2 799 1 566 2 1200 10 641 33 641 2 241 15 1063
456 20 10 7 846 2 155 9 824 2 948 4 818 11 787 9 774 6 922 8 1458 8 277 2 1445 11 1071 10 137 5 1450 2 425 3 658 2 141 2 409 3 82 2 547
457 20 13 11 194 3 247 16 527 5 758 8 570 1 415 1 253 9 1156 3 1256 10 1018 1 515 6 438 3 390 3 301 15 206 14 178 5 1101 6 341 10 707 4 1336
458 20 10 4 1401 1 750 10 634 4 504 8 1475 1 552 1 466 3 1064 8 440 3 40 37 1220 2 565 5 362 2 313 5 351 3 861 1 187 5 1325 2 522 2 782
459 20 12 9 854 5 1350 8 541 1 497 8 20 2 185 2 1012 1 993 10 216 4 518 9 1396 5 1322 13 323 13 777 11 577 6 964 2 154 4 1345 8 73 1 1356
460 20 8 6 1454 3 110 1 926 3 356 1 982 2 1206 7 913 4 1487 3 957 2 108 3 164 6 624 2 1067 13 704 3 1325 2 732 6 120 15 434 4 1120 3 34
461 20 11 3 1456 12 795 1 293 1 580 2 1254 8 652 4 819 2 410 6 1312 7 715 11 289 13 1112 6 1290 1 412 1 758 7 938 7 405 8 1211 13 1174 4 306
462 20 8 2 1431 3 1453 4 664 12 477 4 348 8 572 2 129 2 1254 7 759 5 2 2 489 3 732 2 1440 7 873 4 888 2 917 4 1200 9 689 1 308 5 111
463 20 11 4 214 1 1032 3 1386 5 854 12 188 6 606 9 598 10 1312 3 77 2 840 3 811 2 368 8 259 14 1315 1 660 1 645 4 756 8 628 15 203 1 571
464 20 11 6 1367 6 1041 5 712 11 627 17 225 4 206 4 543 1 1158 6 1319 11 154 4 326 8 1219 1 1021 1 686 1 766 3 232 7 781 4 796 2 353 9 1436
465 20 9 9 571 1 98 1 865 4 1113 1 1001 4 1107 7 797 3 125 1 127 3 776 1 120 14 920 3 1196 4 1410 2 1492 3 1091 11 231 8 399 3 701 8 391
466 20 10 2 1329 8 1059 6 736 1 6 1 160 10 1084 1 1363 13 171 3 150 7 1267 11 1055 1 1346 10 846 10 638 1 1205 10 792 1 1365 1 1482 3 1016 1 551
467 20 14 10 770 20 957 8 875 14 101 1 1093 4 880 1 1417 2 399 11 9 1 1336 22 1365 2 1120 1 1150 10 227 4 1026 8 84 3 1448 13 1243 2 188 10 580
468 20 7 1 920 1 998 2 1298 7 1057 1 587 7 215 5 761 1 1016 1 619 12 1084 5 444 1 159 7 1043 1 376 7 801 1 1256 3 1197 10 333 2 314 2 438
469 20 9 7 133 1 461 4 421 13 99 2 1100 5 1223 2 128 1 357 18 112 2 1011 1 85 1 206 1 1360 5 1222 6 316 3 204 4 95 6 1028 5 363 10 1452
470 20 12 2 505 8 920 1 126 4 1004 2 926 2 259 4 774 14 1402 7 1448 1 1061 19 151 14 489 7 620 12 574 2 92 2 1064 8 868 2 704 9 1274 1 823
471 20 8 1 1437 3 598 2 514 8 953 1 34 2 779 3 742 7 7 5 855 1 383 6 1212 2 1290 4 1175 12 1492 6 373 4 262 3 716 1 837 1 933 12 1090
472 20 8 2 978 2 1347 7 324 12 349 1 1211 18 183 2 176 1 45 1 1316 9 666 5 290 5 1218 2 639 1 646 2 1030 1 125 2 526 5 442 1 956 8 1407
473 20 8 10 1006 1 1190 5 313 1 1285 5 908 8 1479 3 964 3 214 1 102 1 698 8 1462 1 970 2 954 2 1394 7 402 10 69 1 345 4 1046 2 598 6 442
474 20 9 1 1154 3 1406 3 779 12 332 11 476 6 428 3 1211 6 117 2 876 1 798 8 24 4 1046 3 68 7 833 4 992 5 1276 1 1343 2 891 6 1466 2 983
475 20 9 1 914 2 603 3 670 5 324 10 1311 4 849 12 538 1 616 12 25 5 771 2 637 5 1091 3 232 4 947 6 1341 3 1141 4 453 11 1107 4 519 1 34
476 20 10 4 274 1 1038 4 945 1 647 4 1007 6 92 9 1450 1 760 13 1449 5 1400 2 1091 7 1291 2 814 7 925 2 204 18 442 3 1158 3 827 6 33 3 1225
477 20 10 1 1256 1 919 2 204 1 681 8 1033 3 132 8 1368 6 928 6 462 5 509 17 1299 5 86 6 909 1 568 8 330 5 9 7 1459 6 778 2 847 4 41
478 20 10 2 392 5 676 9 21 3 73 6 699 17 219 2 1407 2 1035 7 214 1 1198 1 957 2 946 3 679 3 455 3 22 7 608 18 930 1 169 3 62 6 1237
479 20 14 4 1192 1 808 22 355 6 1197 3 327 3 157 26 491 10 1204 16 1031 7 1206 3 488 1 143 2 1258 4 846 1 697 1 89 2 840 6 841 16 219 7 1406
480 20 14 2 33 13 693 16 776 8 1287 9 1137 12 1056 3 101 2 696 6 215 1 202 2 285 8 796 9 985 9 431 8 1151 15 444 3 1448 5 1078 6 670 12 682
481 20 10 4 919 1 269 11 175 3 237 4 274 8 1396 2 574 1 843 5 305 8 346 4 1287 5 577 5 958 2 1202 4 1283 5 926 11 550 11 914 5 627 1 269
482 20 8 7 174 1 686 5 793 5 112 2 18 2 63 1 91 8 537 2 1099 1 3 2 1242 1 410 9 813 1 297 4 1383 9 85 13 609 5 1233 4 634 4 295
483 20 11 13 808 3 987 2 168 8 1070 1 840 3 667 3 1273 8 1046 4 1310 1 87 3 1393 2 619 2 1454 1 459 12 1401 9 627 22 1314 4 982 9 1153 7 1440
484 20 9 2 1080 1 107 1 745 6 1263 5 838 3 384 5 1126 6 259 4 892 3 1295 13 250 1 1452 1 116 6 132 2 1201 10 168 2 960 13 1053 3 1312 3 1109
485 20 11 7 1214 2 297 1 1087 11 553 2 87 1 1191 3 977 1 211 2 1032 5 1130 4 1428 1 290 4 204 3 455 4 679 1 247 13 496 20 71 3 849 24 86
486 20 9 8 750 2 826 5 830 2 1483 3 195 1 639 4 1279 1 1466 3 141 7 559 3 1300 6 1320 7 316 7 199 4 795 3 1302 18 245 4 1412 1 165 3 904
487 20 8 6 928 1 1425 1 188 3 1474 14 171 5 1213 14 908 2 852 1 546 5 1359 2 1004 3 875 2 1252 5 1230 1 187 1 31 4 818 5 450 2 911 5 177
488 20 10 8 214 2 200 1 610 5 61 15 815 11 586 5 103 5 214 2 1037 9 1175 6 528 2 321 8 367 5 1094 3 1015 2 1225 2 614 11 22 4 215 1 718
489 20 16 3 35 6 467 7 1331 19 1075 7 74 10 468 3 621 12 104 7 1002 7 1371 4 844 4 902 19 1396 12 429 8 771 9 1281 19 418 4 1313 1 843 2 190
490 20 12 11 82 5 360 21 1447 2 289 9 96 1 1022 11 888 6 205 5 1251 7 719 3 115 3 333 2 141 1 1139 7 545 6 224 6 28 3 1128 15 963 3 1128
491 20 10 2 564 4 211 4 146 1 1094 11 992 5 289 8 1342 9 353 7 849 9 793 3 235 7 462 1 987 1 333 11 50 5 852 5 109 1 1128 1 1000 13 1042
492 20 7 8 415 2 163 4 880 1 1131 1 987 4 499 5 19 4 496 5 526 2 224 3 756 6 1452 5 53 3 798 3 753 4 39 4 659 3 1131 1 1079 3 849
493 20 12 5 1173 3 1346 7 806 1 1233 19 587 9 462 3 387 3 486 21 1257 4 162 8 108 3 563 14 1294 8 989 1 317 4 1090 2 260 1 732 2 856 5 1323
494 20 11 4 86 11 1380 3 1331 6 529 1 1161 7 890 1 975 1 869 5 459 20 593 22 215 1 173 4 779 2 178 14 533 2 1480 2 883 1 1228 3 1430 1 1340
495 20 12 8 284 4 43 9 881 3 1079 22 1208 1 169 2 840 7 431 2 1481 3 415 6 944 1 8 22 948 4 954 2 386 3 511 1 1088 9 237 5 255 6 466
496 20 9 3 1165 5 1364 1 494 4 1247 3 995 1 721 6 1227 2 510 11 1221 6 170 3 795 2 1440 5 1291 6 158 1 207 3 1046 7 1136 15 1468 4 692 10 106
497 20 11 2 62 10 736 4 201 2 1493 1 1492 1 1270 6 513 3 477 6 395 11 190 8 207 4 1308 7 496 2 437 2 643 25 1211 1 189 13 1013 4 317 2 324
498 20 8 2 1455 3 710 4 1499 18 139 3 972 4 230 2 1011 7 877 4 596 9 55 3 509 2 1210 2 890 3 371 2 265 1 107 1 827 1 515 10 1467 8 1054
499 20 11 6 274 2 656 8 1291 5 1080 17 604 2 953 1 275 5 276 13 1321 5 916 4 167 15 1143 5 73 1 542 7 331 2 382 7 457 4 644 4 164 2 993
500 20 12 2 992 6 1412 2 136 12 367 7 1100 4 92 3 870 16 1134 9 380 2 818 5 1015 11 953 2 683 10 959 13 946 8 606 2 676 3 952 5 57 7 937
