1 20 7972 1 1 1 0 1 0 1 1 0 0 0 0 0 1 1 1 0 0 0 1 0.0
2 20 8852 0 0 0 1 0 0 0 1 1 0 1 1 0 0 1 0 1 0 1 1 0.0
3 20 8369 0 0 1 0 0 0 1 0 1 1 0 0 1 1 0 0 0 1 1 1 0.0
4 20 8289 0 1 1 0 1 0 0 1 1 0 1 0 0 1 0 0 0 1 1 0 0.0
5 20 9180 1 0 0 1 0 1 0 1 1 0 1 0 1 0 0 0 0 1 0 0 0.0
6 20 7628 1 0 0 0 0 0 0 1 1 1 0 0 1 0 0 1 0 0 1 1 0.0
7 20 10515 0 0 1 1 1 0 1 1 1 0 0 0 0 0 0 1 1 1 1 0 0.0
8 20 7433 0 1 0 0 0 1 0 0 0 1 0 1 1 1 1 1 1 0 0 0 0.0
9 20 9413 1 1 1 1 0 0 1 0 1 1 0 1 1 0 0 0 0 0 0 0 0.0
10 20 7467 0 1 1 0 0 0 0 0 0 0 1 1 0 1 0 1 1 0 1 0 0.0
11 20 9706 0 0 1 1 1 0 0 0 1 0 0 0 0 0 1 1 1 1 0 1 0.0
12 20 7344 1 1 1 1 1 1 0 1 0 0 0 1 0 0 1 0 0 0 1 0 0.0
13 20 9002 1 0 0 1 0 0 1 1 1 0 1 0 0 1 0 1 0 1 0 0 0.0
14 20 7628 0 0 1 0 0 1 1 0 0 1 0 1 1 1 1 0 1 0 0 0 0.0
15 20 9851 1 0 0 0 1 0 0 1 1 0 1 0 1 1 0 0 0 0 0 1 0.0
16 20 10636 0 0 0 0 0 1 0 1 0 1 1 1 1 1 1 0 0 0 1 1 0.0
17 20 8468 1 0 1 1 0 1 1 1 0 0 0 1 1 1 0 0 1 0 1 0 0.0
18 20 8016 1 0 0 1 1 0 0 1 0 0 0 0 1 0 0 1 1 1 0 0 0.0
19 20 8903 1 0 0 1 0 1 1 0 0 0 0 0 1 1 0 1 1 1 1 1 0.0
20 20 8204 0 1 1 1 0 1 0 0 1 0 1 1 0 0 0 0 1 0 1 0 0.0
21 20 8834 0 1 1 0 1 0 0 1 0 1 1 0 0 0 0 0 0 0 1 0 0.0
22 20 9344 0 1 1 1 0 0 1 1 1 1 1 0 0 0 0 0 1 1 0 0 0.0
23 20 8084 0 0 1 0 0 0 1 1 0 1 1 0 0 0 1 1 0 1 0 1 0.0
24 20 8562 1 1 1 0 0 1 1 0 1 1 1 0 0 1 0 0 0 0 1 1 0.0
25 20 9173 0 1 1 1 0 0 1 0 1 1 1 0 1 1 1 0 0 0 1 0 0.0
26 20 6128 0 0 1 0 1 0 0 0 1 1 0 1 1 1 0 0 1 1 0 0 0.0
27 20 8075 0 1 1 0 0 0 0 1 0 1 1 0 1 0 1 1 0 0 1 1 0.0
28 20 6870 1 1 0 1 0 0 0 0 1 1 1 0 0 0 1 0 0 0 0 1 0.0
29 20 7064 0 0 0 1 1 1 1 1 0 1 0 0 0 0 0 0 0 0 0 1 0.0
30 20 8442 0 1 0 0 1 1 1 1 1 1 1 0 0 0 0 0 0 1 0 1 0.0
31 20 10077 1 1 1 0 0 0 1 0 0 1 0 0 0 1 1 0 1 1 0 1 0.0
32 20 7227 1 0 1 0 1 1 1 0 0 1 0 0 1 1 0 0 1 0 0 0 0.0
33 20 8670 0 1 0 0 0 0 1 1 1 1 0 0 0 1 1 0 0 0 0 1 0.0
34 20 6905 1 0 0 0 0 0 0 1 0 1 1 0 1 1 0 0 0 0 0 1 0.0
35 20 7290 1 0 0 1 1 1 1 1 0 1 0 0 1 1 1 0 0 1 0 0 0.0
36 20 8964 1 0 1 0 1 1 0 0 1 0 1 0 1 1 0 1 0 1 0 0 0.0
37 20 8572 1 0 0 1 0 0 1 1 1 0 1 0 1 0 0 0 1 0 0 0 0.0
38 20 9255 0 0 0 0 0 0 0 1 1 0 1 1 1 1 1 0 1 1 0 0 0.0
39 20 7658 1 0 0 0 0 0 0 1 1 1 1 1 0 0 0 1 0 1 0 0 0.0
40 20 9107 1 1 0 1 0 0 1 1 0 0 0 1 0 1 0 0 0 1 1 0 0.0
41 20 8033 1 0 0 0 1 1 0 1 0 0 0 0 0 1 1 1 0 0 1 1 0.0
42 20 9100 1 1 1 0 0 1 0 0 1 0 1 1 0 1 0 0 0 0 0 1 0.0
43 20 6967 0 0 0 1 1 0 0 0 1 1 0 1 0 0 0 1 1 0 0 0 0.0
44 20 6839 0 0 0 0 1 1 0 0 1 0 0 0 1 1 1 1 1 0 1 1 0.0
45 20 9161 0 0 0 0 0 0 1 1 0 1 1 1 1 0 0 1 1 0 0 0 0.0
46 20 6981 1 1 0 0 1 0 1 0 1 0 0 0 0 0 1 0 0 1 0 0 0.0
47 20 8452 1 0 1 0 0 0 0 1 1 1 1 1 0 0 1 0 0 1 0 1 0.0
48 20 7142 0 0 0 1 0 0 0 1 0 1 0 1 0 0 1 1 0 1 0 1 0.0
49 20 7269 1 0 1 0 0 1 0 0 1 0 1 1 1 1 0 0 0 1 1 1 0.0
50 20 9269 0 1 1 0 0 0 0 0 1 1 1 1 1 0 0 1 0 1 0 0 0.0
51 20 7745 0 1 1 0 1 0 0 1 0 0 1 0 0 0 0 1 0 1 1 0 0.0
52 20 8825 0 0 1 0 1 0 1 1 0 0 1 0 0 0 0 1 0 1 0 0 0.0
53 20 6967 0 0 1 0 0 1 0 0 0 0 1 0 1 1 1 0 0 0 0 1 0.0
54 20 5727 1 1 0 1 1 1 0 0 0 0 0 0 0 1 0 0 1 0 0 1 0.0
55 20 9448 1 1 0 1 0 0 0 0 1 1 1 0 1 1 0 1 0 0 0 0 0.0
56 20 8046 1 0 0 0 1 0 1 0 1 0 1 0 0 0 1 0 1 0 0 0 0.0
57 20 7903 0 1 0 1 1 0 0 1 0 0 0 1 1 1 0 1 1 0 0 0 0.0
58 20 9599 1 1 0 1 0 0 0 1 1 0 0 1 0 0 0 0 1 0 1 1 0.0
59 20 9708 0 0 1 0 1 0 1 0 0 0 1 1 1 0 1 1 1 1 0 0 0.0
60 20 7522 0 0 0 1 1 0 0 0 0 1 1 1 1 1 1 0 1 0 0 0 0.0
61 20 7525 0 0 0 0 1 1 1 1 1 1 0 0 1 0 1 1 1 0 0 0 0.0
62 20 7887 0 0 0 1 0 1 1 0 0 1 0 0 1 1 1 1 0 0 0 0 0.0
63 20 9006 1 0 0 1 1 0 0 1 1 1 1 1 0 0 0 1 0 0 1 1 0.0
64 20 7408 1 1 1 1 1 1 0 0 0 0 1 0 0 1 0 0 0 0 0 0 0.0
65 20 9584 0 0 0 1 1 1 0 0 0 1 0 0 1 0 0 1 1 1 0 1 0.0
66 20 6676 0 0 0 1 1 1 1 0 1 0 1 0 0 0 1 1 0 0 0 0 0.0
67 20 7602 0 1 0 1 1 0 1 0 1 0 1 0 0 0 1 0 0 1 0 0 0.0
68 20 8834 1 0 1 1 1 1 0 0 0 0 0 0 0 0 1 0 0 0 1 1 0.0
69 20 8603 0 0 1 1 1 0 1 0 1 1 1 0 1 0 0 0 1 0 0 0 0.0
70 20 9072 0 0 0 1 0 0 1 1 0 1 0 0 0 1 1 1 0 1 1 0 0.0
71 20 5120 0 1 1 0 1 0 1 1 0 0 0 0 0 1 0 0 0 1 1 1 0.0
72 20 8015 1 0 0 0 1 0 0 0 0 1 0 1 1 1 0 1 1 0 0 1 0.0
73 20 7891 0 1 1 0 1 1 1 1 0 0 0 1 0 0 0 0 0 0 0 1 0.0
74 20 10728 1 0 0 1 0 1 0 1 0 0 1 1 1 0 0 1 1 0 1 0 0.0
75 20 7967 1 1 1 1 0 0 0 0 0 1 0 0 1 0 1 0 0 0 0 1 0.0
76 20 8949 0 1 1 0 1 0 0 0 1 0 0 0 1 1 0 0 0 1 1 1 0.0
77 20 8677 0 0 1 0 0 1 1 0 0 0 1 0 1 0 0 1 1 0 0 0 0.0
78 20 6469 1 0 0 1 1 1 1 0 1 1 0 0 0 1 1 0 0 0 0 0 0.0
79 20 8367 1 1 0 1 1 1 1 1 0 0 0 1 0 1 0 0 0 1 1 0 0.0
80 20 9038 1 0 1 1 1 0 0 0 0 0 0 0 1 0 1 0 1 1 1 0 0.0
81 20 8213 0 0 1 0 1 1 0 1 0 0 0 1 0 0 0 1 1 0 1 1 0.0
82 20 8383 0 1 1 0 0 0 0 0 1 1 0 1 1 1 0 0 1 1 0 0 0.0
83 20 9338 0 1 0 1 0 0 1 0 0 0 1 1 0 0 1 0 0 0 1 1 0.0
84 20 8116 0 0 1 0 0 0 1 1 1 0 1 0 1 0 0 1 0 0 1 0 0.0
85 20 8024 1 0 0 0 0 1 1 0 1 0 1 0 1 0 0 1 0 1 0 1 0.0
86 20 8432 0 0 0 0 0 1 1 1 0 1 1 0 1 0 0 1 1 0 1 1 0.0
87 20 6249 0 1 0 1 1 0 0 1 1 0 0 1 0 0 1 1 1 0 0 0 0.0
88 20 6380 0 1 1 1 0 0 0 1 0 0 1 0 0 0 1 0 0 0 0 1 0.0
89 20 8180 1 1 0 0 0 0 1 1 0 0 0 0 1 1 1 0 0 0 0 0 0.0
90 20 7280 1 1 0 0 1 0 0 0 1 1 0 0 0 1 1 0 1 0 0 1 0.0
91 20 7001 1 1 1 1 0 0 0 0 0 0 0 1 1 0 0 0 1 1 0 0 0.0
92 20 6496 1 1 0 1 1 1 1 1 0 1 1 0 1 1 0 0 0 0 0 0 0.0
93 20 7873 1 0 1 0 1 0 1 1 0 0 1 1 1 1 0 0 1 1 1 0 0.0
94 20 8247 1 0 1 1 0 0 1 1 0 0 1 1 0 0 0 1 0 0 0 0 0.0
95 20 8101 1 1 1 1 1 0 0 0 1 0 0 1 0 1 0 1 1 0 1 0 0.0
96 20 9177 1 0 0 1 0 1 1 0 1 0 0 0 1 0 0 0 0 1 1 1 0.0
97 20 8169 1 0 0 0 1 0 1 1 0 0 1 0 1 1 1 0 0 1 1 0 0.0
98 20 9105 0 1 0 0 1 1 1 1 1 0 0 0 1 1 1 0 1 1 0 1 0.0
99 20 6868 0 0 1 0 0 0 1 1 1 1 1 0 1 0 1 1 0 0 1 0 0.0
100 20 8336 0 1 1 0 1 1 0 0 0 1 0 0 0 0 0 1 1 1 1 1 0.0
101 20 6193 0 1 0 0 1 1 0 0 0 1 1 1 0 0 0 1 0 0 1 0 0.0
102 20 7392 1 1 1 1 0 1 0 0 1 1 0 0 0 0 0 1 1 0 0 0 0.0
103 20 8910 1 1 0 1 0 0 0 1 0 0 1 1 0 0 1 0 1 1 0 0 0.0
104 20 8270 0 0 1 0 0 1 1 0 0 0 1 1 1 0 0 0 0 0 1 1 0.0
105 20 9248 1 1 0 0 1 1 1 0 0 0 1 1 1 0 0 1 0 0 0 1 0.0
106 20 6027 1 1 0 0 0 0 1 0 1 1 0 0 1 1 0 0 1 0 0 0 0.0
107 20 7680 1 1 1 0 1 0 1 1 0 1 0 1 1 0 0 0 0 0 0 0 0.0
108 20 7592 1 1 0 1 0 1 1 0 1 1 0 0 1 0 0 1 0 1 0 1 0.0
109 20 9470 1 1 0 1 0 0 1 1 0 1 0 1 1 1 0 1 0 0 0 0 0.0
110 20 6851 0 0 0 0 1 0 1 0 1 0 0 1 0 1 0 0 0 0 1 1 0.0
111 20 6872 0 0 1 0 0 0 0 1 0 0 1 1 0 0 0 1 0 1 1 1 0.0
112 20 9033 0 1 0 0 1 0 1 1 0 0 1 1 0 1 1 0 0 1 0 1 0.0
113 20 6300 1 0 0 0 1 0 0 0 0 1 0 1 1 1 0 1 0 0 0 0 0.0
114 20 7424 1 1 1 0 0 0 0 0 0 0 1 1 0 1 0 1 1 1 0 0 0.0
115 20 8861 0 1 0 1 1 0 0 0 1 0 0 1 0 1 0 1 1 0 1 0 0.0
116 20 9318 1 0 0 1 0 0 0 0 1 1 1 0 0 0 1 1 1 0 0 1 0.0
117 20 6725 0 1 0 0 1 0 1 0 0 0 0 1 1 1 0 1 0 0 1 0 0.0
118 20 8592 1 1 0 1 0 1 0 0 1 0 0 1 1 0 1 0 0 0 1 0 0.0
119 20 7866 0 1 1 0 0 1 0 1 1 0 1 0 0 1 1 1 1 1 0 0 0.0
120 20 8861 0 1 0 1 0 0 1 1 1 0 0 1 1 1 1 0 0 0 0 0 0.0
121 20 8904 1 1 0 1 0 1 0 1 1 0 0 0 1 1 1 0 0 0 1 0 0.0
122 20 9457 0 0 0 0 1 0 0 1 0 1 1 0 1 1 0 1 1 0 0 0 0.0
123 20 8122 0 0 1 0 1 0 1 0 0 1 0 0 0 1 0 1 0 1 1 0 0.0
124 20 6328 1 0 1 0 0 1 0 1 0 0 1 1 1 0 0 0 0 0 0 1 0.0
125 20 9792 1 0 1 0 0 0 0 0 0 1 0 1 0 1 0 1 1 0 0 1 0.0
126 20 9711 0 0 1 1 0 1 1 1 1 1 0 1 0 0 0 1 1 0 0 1 0.0
127 20 8216 1 1 0 0 1 0 0 0 0 1 1 1 1 1 0 1 0 0 0 0 0.0
128 20 7627 0 1 0 1 1 0 0 0 1 1 0 0 1 1 1 0 0 1 0 0 0.0
129 20 8216 0 0 1 0 1 0 1 0 1 0 0 1 0 1 0 1 1 0 0 0 0.0
130 20 8155 0 0 0 1 1 1 0 0 0 1 1 1 1 0 1 0 1 1 0 0 0.0
131 20 7202 1 1 0 0 0 0 1 0 1 0 1 0 0 1 0 0 0 1 0 0 0.0
132 20 6297 1 0 1 0 1 0 1 1 0 0 0 0 1 0 0 0 0 0 1 0 0.0
133 20 8362 1 0 0 0 0 0 0 1 1 0 0 1 1 0 0 1 1 1 1 1 0.0
134 20 7117 1 1 0 0 0 0 1 1 0 1 1 1 1 0 0 0 0 1 0 0 0.0
135 20 8494 1 0 1 1 1 0 1 0 0 0 1 0 1 0 1 0 0 0 0 1 0.0
136 20 7616 0 0 0 0 1 0 1 1 1 0 1 0 1 0 1 1 1 0 1 0 0.0
137 20 8219 0 1 0 0 0 1 0 0 1 0 1 1 0 0 1 0 1 1 0 1 0.0
138 20 7137 1 1 0 0 1 0 0 1 0 0 0 0 1 1 1 1 0 0 0 0 0.0
139 20 8117 0 0 0 0 1 1 1 1 0 0 1 0 0 0 0 1 1 0 1 0 0.0
140 20 7230 0 0 1 0 0 1 1 0 1 0 1 0 0 1 1 0 0 1 0 0 0.0
141 20 9985 0 1 0 1 0 0 0 1 0 1 0 0 1 0 0 1 1 1 1 1 0.0
142 20 8496 1 1 0 0 0 1 1 1 1 1 1 1 0 1 0 1 1 0 0 0 0.0
143 20 9177 1 0 0 1 1 0 0 0 0 1 0 1 0 1 0 1 1 0 0 1 0.0
144 20 8043 1 1 1 0 0 0 0 1 0 0 0 1 1 0 0 0 1 1 0 0 0.0
145 20 8773 1 0 0 1 1 0 1 0 0 0 1 1 1 0 1 0 1 0 0 1 0.0
146 20 9183 0 0 1 1 1 0 0 1 0 1 0 1 1 0 1 0 0 0 0 1 0.0
147 20 8591 1 1 1 1 0 1 0 0 0 0 1 0 0 0 0 1 0 1 1 1 0.0
148 20 8918 1 0 1 1 1 0 0 0 1 0 0 1 0 1 0 1 0 0 1 1 0.0
149 20 7656 1 1 1 0 0 0 0 0 1 0 1 0 1 1 0 0 1 0 0 1 0.0
150 20 11479 1 0 1 1 0 0 1 1 0 0 1 1 1 0 0 0 0 0 1 1 0.0
151 20 10248 0 1 1 1 0 0 0 0 0 1 0 0 1 0 1 0 1 1 1 1 0.0
152 20 8190 0 1 0 0 1 1 1 0 1 1 0 0 0 1 0 1 0 0 1 1 0.0
153 20 9233 0 0 1 1 1 0 1 1 0 0 1 0 0 0 1 1 1 0 0 0 0.0
154 20 8435 0 0 0 0 0 0 1 0 0 1 1 1 1 1 0 0 0 1 1 0 0.0
155 20 8146 0 1 0 0 0 1 0 0 0 1 0 1 1 1 0 1 0 1 0 0 0.0
156 20 7724 1 0 0 1 0 0 0 1 0 1 0 1 1 0 0 0 0 1 1 1 0.0
157 20 6896 0 0 1 0 1 0 1 1 1 0 0 0 0 1 0 0 0 0 0 1 0.0
158 20 8070 1 0 0 0 1 0 0 1 0 0 0 1 0 1 0 0 1 0 1 1 0.0
159 20 5821 1 1 1 1 0 0 0 0 1 0 0 0 1 1 0 1 1 0 0 0 0.0
160 20 7129 1 0 0 1 1 0 1 0 0 0 1 0 0 1 0 0 1 0 1 1 0.0
161 20 7132 0 0 0 0 0 0 0 1 1 0 0 0 1 1 0 1 1 1 0 1 0.0
162 20 7936 0 0 1 0 1 0 1 1 1 0 0 0 0 0 1 1 1 0 1 0 0.0
163 20 10193 1 1 1 0 1 0 1 1 0 1 1 0 0 0 1 0 0 0 1 1 0.0
164 20 9914 1 0 1 1 0 0 1 1 0 1 0 1 0 0 0 1 1 1 1 0 0.0
165 20 6435 0 1 1 0 0 0 1 0 1 1 0 1 0 0 0 0 1 1 0 0 0.0
166 20 8371 0 1 1 1 0 1 0 1 0 1 0 0 1 1 1 1 0 0 1 0 0.0
167 20 8101 1 0 1 1 0 0 0 1 0 0 0 0 0 0 0 1 1 1 1 0 0.0
168 20 7591 0 1 0 0 0 1 1 1 0 0 1 0 1 1 0 0 0 0 0 1 0.0
169 20 8741 0 0 0 1 0 0 0 1 1 1 0 0 0 1 1 1 0 0 1 1 0.0
170 20 9378 0 1 0 0 0 1 1 1 0 1 1 1 1 0 0 0 1 1 0 0 0.0
171 20 8127 1 0 1 0 0 0 1 0 1 0 0 0 0 0 0 1 1 1 1 1 0.0
172 20 8644 1 0 0 0 0 1 0 1 1 1 1 0 1 1 1 1 0 0 0 0 0.0
173 20 9099 0 1 0 1 0 1 0 1 0 0 0 1 1 0 0 1 0 1 1 1 0.0
174 20 7514 1 0 1 1 0 0 1 1 0 1 0 1 1 0 0 0 0 0 0 1 0.0
175 20 7012 1 0 1 1 0 1 0 0 0 1 1 1 1 1 1 1 0 0 0 1 0.0
176 20 8593 0 0 0 1 0 1 0 1 0 0 1 0 1 1 0 1 1 1 1 1 0.0
177 20 7959 0 1 1 0 0 1 0 1 1 1 0 0 0 0 1 0 0 0 0 1 0.0
178 20 7168 0 1 1 0 0 0 0 0 0 1 0 1 0 0 1 1 0 1 1 1 0.0
179 20 6811 1 1 0 0 1 0 1 1 0 0 0 0 0 0 1 0 0 0 1 1 0.0
180 20 8096 0 1 0 1 0 0 0 0 0 0 0 1 1 0 0 1 0 1 1 1 0.0
181 20 9624 0 1 1 0 1 0 1 1 0 0 1 0 0 0 1 0 1 1 1 0 0.0
182 20 6321 0 0 1 1 0 0 0 0 0 0 0 0 0 0 1 1 1 1 0 1 0.0
183 20 8676 0 0 1 0 1 0 0 1 1 0 0 0 1 1 0 1 1 0 1 0 0.0
184 20 5904 1 0 0 0 1 1 0 0 1 0 1 0 0 1 1 0 0 0 1 1 0.0
185 20 10068 0 1 1 0 0 0 1 1 0 1 0 0 1 0 0 1 1 0 1 1 0.0
186 20 8590 0 1 0 1 0 0 0 0 0 1 1 0 0 1 1 1 0 0 0 1 0.0
187 20 7962 0 0 0 1 0 0 1 0 1 1 1 1 0 0 1 0 1 0 1 1 0.0
188 20 6646 0 1 0 0 0 1 0 1 0 0 1 0 1 0 0 0 0 1 0 0 0.0
189 20 8291 1 0 1 0 1 0 0 0 1 0 0 0 1 1 1 1 0 0 1 0 0.0
190 20 6340 1 0 1 1 1 0 0 0 0 0 0 0 1 1 1 0 0 0 1 1 0.0
191 20 8654 1 0 1 0 1 1 0 0 1 1 1 1 1 0 0 0 1 0 0 0 0.0
192 20 11373 1 1 1 1 1 1 0 1 1 1 0 0 0 1 0 1 1 0 0 0 0.0
193 20 9940 1 1 0 1 0 1 0 0 0 1 0 0 0 1 1 1 1 1 0 0 0.0
194 20 10474 1 1 0 0 0 0 0 1 1 1 1 0 0 0 1 1 1 1 1 1 0.0
195 20 7912 0 1 0 0 0 0 0 1 1 1 0 0 0 1 1 0 1 1 1 0 0.0
196 20 8152 0 0 1 1 0 0 1 0 1 1 1 0 0 0 1 0 1 1 0 0 0.0
197 20 6640 0 1 0 1 0 0 0 0 1 0 0 0 1 1 0 0 1 1 0 1 0.0
198 20 7319 1 0 0 0 1 0 0 1 0 0 1 0 1 0 0 0 0 0 1 1 0.0
199 20 6597 1 0 0 1 1 1 0 1 0 1 0 1 0 0 0 0 0 0 1 1 0.0
200 20 7663 1 0 1 0 1 1 0 0 1 0 1 1 0 1 0 0 0 0 0 0 0.0
201 20 5665 0 1 0 1 0 1 1 1 0 0 1 1 0 0 0 1 0 0 1 0 0.0
202 20 8458 1 0 1 0 0 1 0 0 1 1 1 1 1 0 0 0 1 1 0 1 0.0
203 20 7865 1 1 0 0 0 0 0 1 1 0 0 1 1 0 1 1 0 0 0 1 0.0
204 20 6363 0 0 1 0 1 0 0 0 0 0 1 1 1 0 0 0 1 0 0 1 0.0
205 20 8980 1 1 0 0 0 1 1 1 1 1 0 0 1 1 0 0 1 1 0 0 0.0
206 20 10228 0 1 1 0 0 1 0 0 0 0 0 1 0 0 1 0 1 1 1 1 0.0
207 20 8038 1 0 1 0 1 1 0 1 0 0 0 0 0 0 0 1 0 1 1 0 0.0
208 20 8596 1 1 0 0 1 0 0 1 1 1 0 1 1 0 1 0 0 1 0 0 0.0
209 20 8757 0 1 0 0 1 0 1 1 1 0 0 0 0 0 0 1 1 1 0 0 0.0
210 20 7911 1 0 0 0 0 1 1 1 0 1 0 0 0 0 0 1 0 0 1 1 0.0
211 20 7845 0 0 0 0 1 1 0 0 0 1 1 1 0 1 0 0 1 1 0 0 0.0
212 20 8141 1 1 1 0 0 0 0 1 0 1 0 1 0 0 1 0 1 0 1 1 0.0
213 20 8238 1 1 0 1 1 1 1 0 0 0 0 1 0 0 0 1 1 0 0 0 0.0
214 20 6887 0 0 1 0 0 1 0 0 0 1 0 0 1 1 1 1 0 0 0 1 0.0
215 20 9543 0 1 1 0 0 0 1 0 1 1 0 1 1 1 0 1 1 1 0 0 0.0
216 20 7232 0 1 0 1 0 0 1 1 1 0 1 1 0 1 0 1 0 0 0 1 0.0
217 20 8469 1 0 0 1 1 1 0 1 0 0 1 1 0 0 0 1 0 0 0 0 0.0
218 20 8979 1 1 1 1 1 0 1 0 1 1 0 0 1 0 0 0 0 0 0 1 0.0
219 20 7272 0 0 0 1 0 1 1 1 1 0 0 0 0 1 0 0 1 0 0 0 0.0
220 20 7995 0 1 1 0 0 0 0 0 1 0 1 1 0 0 0 1 0 1 1 0 0.0
221 20 6933 1 0 0 1 0 0 0 1 0 0 0 1 1 1 0 1 0 0 0 1 0.0
222 20 7674 0 1 0 0 1 1 0 0 0 1 1 0 1 0 1 1 1 1 1 1 0.0
223 20 5780 0 1 0 0 0 1 0 1 0 1 1 0 0 0 1 0 0 0 1 0 0.0
224 20 8002 0 1 1 1 0 0 1 1 0 1 0 0 1 0 1 0 0 1 0 0 0.0
225 20 7456 1 0 0 1 0 0 1 0 1 0 1 0 0 1 1 0 1 1 0 0 0.0
226 20 7513 1 1 0 0 1 0 1 0 1 0 1 0 0 0 1 0 0 0 0 0 0.0
227 20 10241 1 1 1 1 0 1 0 0 1 0 0 0 0 0 1 1 1 0 1 0 0.0
228 20 9051 1 0 1 0 0 0 0 1 0 0 0 1 1 0 1 1 1 1 0 0 0.0
229 20 9732 0 1 1 0 0 1 0 1 1 0 0 0 1 1 0 1 0 1 0 0 0.0
230 20 7075 1 0 1 0 0 1 0 0 0 1 0 0 1 0 0 0 0 0 1 1 0.0
231 20 7652 1 0 1 1 1 0 0 1 1 1 0 0 0 0 0 1 0 0 0 0 0.0
232 20 6977 0 0 0 1 0 0 0 1 0 1 0 1 1 1 0 1 1 0 0 1 0.0
233 20 6764 0 0 0 0 0 1 0 1 0 0 1 1 1 0 0 1 0 0 0 1 0.0
234 20 6063 0 1 1 0 0 1 0 1 0 0 1 0 1 0 0 0 1 0 0 0 0.0
235 20 10571 0 1 0 1 1 0 1 0 1 1 1 1 0 1 1 1 0 0 0 0 0.0
236 20 7658 0 0 0 1 0 0 1 0 0 1 0 1 0 1 0 0 0 1 1 1 0.0
237 20 10586 0 1 0 1 1 0 1 1 0 1 1 1 0 1 0 0 1 0 1 0 0.0
238 20 8597 0 1 1 1 0 0 0 0 1 0 1 0 0 1 1 0 1 1 1 1 0.0
239 20 8883 0 1 1 0 0 0 0 0 0 1 0 0 1 0 1 0 1 1 0 1 0.0
240 20 7474 0 0 0 1 0 0 0 1 0 0 0 1 1 0 0 0 1 1 0 1 0.0
241 20 10345 0 1 1 1 0 1 0 0 1 1 0 1 1 0 1 0 0 0 1 0 0.0
242 20 9074 1 0 0 0 1 0 0 1 1 1 1 1 1 1 0 0 1 0 0 1 0.0
243 20 8409 0 0 0 0 1 1 0 1 1 1 1 0 0 0 0 0 0 1 0 0 0.0
244 20 11019 0 0 0 1 0 1 0 0 1 0 1 1 1 1 0 1 1 1 1 1 0.0
245 20 7436 1 0 1 1 1 1 0 1 1 1 0 0 0 1 1 1 0 0 0 1 0.0
246 20 7915 1 1 1 0 0 0 0 1 0 0 0 0 1 1 0 0 1 0 1 1 0.0
247 20 8892 1 0 1 1 1 0 0 1 0 0 1 1 0 0 0 0 0 1 1 0 0.0
248 20 6797 0 1 0 1 1 1 0 0 0 1 1 0 0 0 0 0 0 1 0 0 0.0
249 20 9478 0 1 1 0 1 1 0 0 1 1 0 0 1 0 1 0 0 0 1 1 0.0
250 20 10343 1 0 1 0 1 1 1 0 0 0 1 0 1 1 0 0 1 1 0 0 0.0
251 20 8226 0 1 0 1 0 1 0 1 0 0 1 0 0 0 1 1 0 0 1 0 0.0
252 20 7097 1 0 0 1 0 1 1 0 1 0 1 0 0 0 0 1 1 0 1 0 0.0
253 20 10965 0 1 0 0 1 0 1 1 1 0 1 0 0 1 0 1 1 0 1 1 0.0
254 20 6540 1 0 0 1 0 0 0 0 0 1 1 0 1 1 0 0 1 0 0 0 0.0
255 20 4978 1 0 1 0 1 1 1 1 1 0 0 0 0 1 0 0 0 0 0 1 0.0
256 20 7192 1 1 0 1 0 0 1 0 0 0 1 0 1 0 0 0 0 1 0 1 0.0
257 20 8645 1 0 0 0 0 0 0 1 1 1 1 0 1 1 0 1 1 0 0 0 0.0
258 20 8858 0 1 1 0 0 0 1 0 0 0 0 0 0 0 1 1 1 1 0 1 0.0
259 20 11751 0 1 0 0 0 1 1 1 0 0 1 0 1 1 1 1 1 0 1 0 0.0
260 20 10344 0 1 1 0 1 0 0 1 0 0 0 1 0 1 1 1 1 0 0 1 0.0
261 20 8454 0 1 0 1 0 0 1 0 0 1 1 0 0 0 0 0 1 1 0 1 0.0
262 20 8461 0 0 1 0 1 0 1 1 1 0 0 0 1 0 1 1 0 1 1 1 0.0
263 20 9686 0 0 1 1 1 0 1 0 1 0 0 1 1 1 0 1 0 0 0 0 0.0
264 20 8935 0 0 0 0 1 1 0 1 0 0 0 1 1 0 1 1 1 1 0 1 0.0
265 20 6489 0 0 0 0 1 0 0 0 1 1 1 1 0 0 1 0 0 0 1 1 0.0
266 20 6532 1 0 0 0 0 0 1 0 0 1 1 1 0 1 1 0 0 0 1 0 0.0
267 20 7725 1 1 0 0 0 0 1 0 0 1 0 1 1 0 0 0 1 0 0 1 0.0
268 20 9194 0 0 1 1 1 1 0 1 1 0 1 0 1 0 1 0 0 0 1 0 0.0
269 20 8740 1 1 1 1 0 1 0 0 0 0 1 1 0 0 0 0 1 1 1 1 0.0
270 20 6886 1 1 0 0 1 1 1 0 0 0 0 0 0 0 1 1 1 1 0 0 0.0
271 20 10292 0 1 0 0 0 1 1 0 1 0 1 1 0 1 1 0 1 1 0 1 0.0
272 20 9640 0 0 1 1 0 0 0 1 0 1 0 1 0 0 0 1 1 0 1 1 0.0
273 20 6737 1 0 1 0 1 1 1 1 0 0 0 0 1 1 1 0 1 0 0 0 0.0
274 20 8410 0 1 0 1 1 1 1 1 0 0 1 1 1 0 0 0 1 0 0 0 0.0
275 20 8209 1 1 0 0 0 1 0 0 1 1 1 0 0 1 0 1 1 1 0 0 0.0
276 20 5789 0 1 1 0 0 0 0 1 0 0 0 0 0 0 0 1 0 0 1 1 0.0
277 20 6337 0 1 0 1 0 1 0 1 1 0 1 1 0 1 0 0 0 1 0 0 0.0
278 20 5782 0 0 1 1 1 0 1 1 0 0 0 0 0 1 0 0 1 1 0 0 0.0
279 20 8021 1 1 1 0 0 1 0 0 1 1 0 0 1 1 0 1 0 0 0 0 0.0
280 20 8894 0 1 0 1 1 0 1 1 0 0 0 0 1 1 0 1 0 0 0 1 0.0
281 20 9353 0 0 0 1 0 0 0 0 0 0 1 1 1 1 0 1 1 1 1 0 0.0
282 20 7260 0 1 0 1 1 1 0 0 0 0 1 0 1 0 0 1 0 0 1 0 0.0
283 20 8682 1 0 0 0 0 0 0 1 1 0 0 0 0 1 0 1 0 1 1 1 0.0
284 20 8580 0 1 1 0 1 0 0 1 1 0 0 0 1 0 1 0 1 0 1 0 0.0
285 20 8804 0 1 1 0 0 1 1 0 0 1 0 0 1 0 1 1 0 1 1 1 0.0
286 20 7151 0 0 0 0 1 0 0 1 1 0 1 0 1 0 1 1 0 1 1 0 0.0
287 20 7673 1 0 0 0 1 1 0 0 1 1 0 1 0 0 0 1 0 1 0 0 0.0
288 20 7582 1 1 0 1 1 1 0 0 0 0 0 1 1 0 1 1 0 1 0 0 0.0
289 20 9905 1 1 0 1 0 1 1 0 1 0 0 1 0 0 0 0 1 1 0 0 0.0
290 20 9366 1 0 0 0 1 1 1 0 1 1 1 0 1 0 0 0 1 0 1 0 0.0
291 20 7626 0 1 0 1 0 0 0 1 1 0 0 1 0 0 0 0 0 1 0 1 0.0
292 20 9278 1 0 1 0 1 0 1 0 1 1 0 0 0 0 0 0 1 1 1 0 0.0
293 20 10035 1 0 0 0 1 0 0 0 0 1 0 1 1 1 0 1 1 1 1 0 0.0
294 20 7574 0 1 0 1 1 1 0 0 1 0 1 0 0 0 0 0 0 0 1 0 0.0
295 20 5966 1 0 0 0 0 0 0 1 1 0 0 0 0 0 0 0 1 1 1 1 0.0
296 20 9395 1 1 1 1 0 0 0 0 0 0 1 1 1 1 1 0 0 0 1 0 0.0
297 20 8749 0 1 1 0 0 0 1 1 0 0 1 1 0 0 1 1 0 1 0 1 0.0
298 20 7144 1 0 0 0 0 1 1 0 1 0 1 0 0 0 0 1 1 0 0 1 0.0
299 20 6789 0 0 1 1 0 0 0 0 1 1 1 1 1 0 0 0 0 0 1 1 0.0
300 20 8781 0 1 1 0 1 1 1 1 0 0 0 1 0 0 0 1 1 0 0 0 0.0
301 20 7137 1 1 0 1 1 0 0 0 0 0 0 1 0 1 0 0 0 0 0 1 0.0
302 20 7457 1 0 1 1 1 0 0 1 1 0 0 1 0 0 0 0 1 0 1 0 0.0
303 20 9954 1 1 0 0 0 1 0 0 1 0 0 1 1 1 1 0 1 0 1 1 0.0
304 20 7570 0 0 0 0 1 0 1 1 0 1 1 0 1 0 0 0 1 0 1 1 0.0
305 20 7286 1 1 1 0 0 1 1 0 0 1 1 0 0 0 0 1 0 1 1 0 0.0
306 20 10089 1 0 0 0 1 1 1 0 1 0 1 1 0 1 0 0 0 0 1 1 0.0
307 20 8325 0 0 1 0 0 0 1 0 1 0 1 1 0 1 0 1 0 0 1 0 0.0
308 20 7544 0 0 1 1 0 1 0 0 0 1 1 0 0 1 1 0 1 0 1 0 0.0
309 20 7648 0 1 1 0 1 0 0 0 0 0 0 1 0 0 1 1 1 1 1 1 0.0
310 20 6804 1 0 0 0 1 0 0 1 0 0 0 1 0 1 1 0 0 0 0 1 0.0
311 20 6583 0 0 1 1 0 0 1 0 1 0 0 1 0 1 1 1 1 0 0 0 0.0
312 20 6962 0 0 1 0 0 1 1 0 0 0 1 0 0 0 1 1 0 0 1 0 0.0
313 20 8359 0 0 0 1 0 0 0 0 1 1 0 1 1 0 1 1 0 1 1 0 0.0
314 20 7445 0 1 1 0 1 1 0 0 1 1 0 0 1 0 0 1 0 1 0 0 0.0
315 20 12101 0 0 1 1 1 1 0 0 0 0 0 1 0 1 1 1 0 1 0 1 0.0
316 20 6683 0 0 0 0 1 0 1 1 0 1 0 0 1 1 1 0 0 0 0 0 0.0
317 20 9848 0 1 0 0 1 0 0 1 0 1 0 1 1 1 1 1 0 0 1 0 0.0
318 20 9770 0 1 0 0 1 0 0 1 0 0 0 1 0 0 0 1 1 0 1 1 0.0
319 20 5086 0 0 1 1 1 0 1 1 0 0 0 0 0 0 1 0 1 0 0 0 0.0
320 20 6929 1 0 1 1 0 0 0 0 0 0 1 0 0 0 1 1 0 0 1 1 0.0
321 20 6921 0 1 0 1 0 0 0 0 1 0 0 1 1 1 1 0 0 1 0 1 0.0
322 20 9884 1 0 1 1 1 1 0 1 0 1 1 0 0 0 1 0 0 0 1 0 0.0
323 20 6712 1 1 1 1 1 0 1 1 0 1 1 0 0 0 0 0 0 0 0 0 0.0
324 20 7524 1 0 0 1 1 0 0 1 1 0 0 0 1 0 1 0 0 1 0 1 0.0
325 20 9904 1 0 0 0 1 1 0 1 0 0 0 0 0 1 0 1 0 1 0 1 0.0
326 20 10216 0 0 1 0 0 1 1 0 1 0 0 1 1 0 0 1 1 1 1 1 0.0
327 20 6569 0 0 1 1 1 0 0 1 0 0 0 0 1 1 0 0 0 1 1 1 0.0
328 20 9760 1 1 1 1 1 1 1 1 1 0 0 0 0 1 0 0 0 0 0 0 0.0
329 20 6360 0 0 0 1 1 1 1 0 0 0 0 0 0 1 0 1 0 0 1 0 0.0
330 20 8478 0 0 1 0 1 0 1 1 1 1 1 0 0 0 1 0 1 0 0 1 0.0
331 20 6714 1 0 0 0 0 0 1 1 0 0 0 1 1 0 0 0 1 1 1 0 0.0
332 20 9697 0 0 0 1 0 1 1 1 0 1 0 0 1 1 1 0 0 0 1 1 0.0
333 20 8436 0 1 0 1 0 1 1 1 0 1 0 0 1 0 0 0 1 0 1 1 0.0
334 20 10279 1 0 0 0 1 0 1 0 1 1 1 1 0 0 0 0 0 1 0 1 0.0
335 20 7825 0 1 0 1 0 0 1 1 1 0 0 0 0 1 1 0 0 0 1 0 0.0
336 20 7966 1 0 1 0 0 1 0 0 0 1 1 1 0 1 1 0 0 0 0 0 0.0
337 20 7937 0 0 0 1 0 1 1 0 0 0 1 1 1 0 0 0 1 1 1 0 0.0
338 20 9448 1 1 1 0 0 0 1 0 0 0 1 0 1 1 1 0 0 1 1 0 0.0
339 20 11148 1 1 0 0 1 0 1 0 1 0 0 1 1 0 1 0 0 1 1 1 0.0
340 20 8937 0 0 0 1 0 0 0 1 1 0 1 0 1 0 1 0 1 1 1 0 0.0
341 20 8515 0 0 1 1 1 0 0 1 1 1 0 0 1 0 1 1 0 0 1 0 0.0
342 20 7832 1 1 0 0 0 0 0 1 0 0 0 0 0 1 1 1 1 1 1 0 0.0
343 20 7273 1 1 0 0 1 1 0 1 0 1 0 1 0 0 0 0 0 0 1 0 0.0
344 20 8074 0 1 0 1 1 1 0 0 0 1 0 1 0 0 0 0 1 1 0 1 0.0
345 20 8654 0 1 0 1 1 0 0 1 0 0 0 1 0 0 1 1 1 1 0 0 0.0
346 20 7392 0 0 1 1 0 0 1 0 0 0 1 1 0 0 1 0 1 0 0 0 0.0
347 20 8628 0 1 1 1 0 0 0 0 1 0 0 0 0 1 0 0 1 1 1 1 0.0
348 20 6078 0 0 0 0 0 0 0 1 1 0 1 0 1 1 0 1 1 1 0 1 0.0
349 20 5775 0 1 0 1 0 1 0 0 1 1 1 0 1 0 1 1 0 1 0 1 0.0
350 20 9104 0 0 1 0 0 0 1 1 0 1 1 0 0 1 1 0 1 0 1 1 0.0
351 20 7656 1 0 0 0 1 0 1 0 0 1 1 0 0 0 1 0 0 1 1 1 0.0
352 20 4981 0 0 1 0 0 1 1 1 1 1 1 0 1 0 0 0 0 1 0 0 0.0
353 20 7329 0 1 1 0 0 1 0 1 1 1 1 0 1 0 0 0 0 1 0 0 0.0
354 20 8592 1 0 0 1 0 0 0 0 1 1 0 1 1 0 1 0 1 0 1 0 0.0
355 20 8315 0 1 1 1 1 0 0 1 0 1 0 0 0 0 1 0 1 0 0 0 0.0
356 20 9762 0 1 0 1 1 1 0 0 0 1 1 1 0 1 0 0 0 0 1 1 0.0
357 20 5163 0 0 0 1 0 1 0 0 1 1 0 0 1 1 0 1 0 0 0 0 0.0
358 20 7245 0 1 0 1 1 0 0 0 0 0 1 1 1 0 0 0 1 1 0 0 0.0
359 20 8954 0 0 0 0 0 0 1 0 1 1 0 0 0 1 1 1 1 0 0 1 0.0
360 20 6649 1 1 1 0 0 0 1 0 1 1 0 0 0 0 1 0 0 0 0 1 0.0
361 20 8916 0 0 0 0 1 0 0 1 1 0 1 0 0 1 1 0 1 0 0 1 0.0
362 20 6352 0 1 0 0 0 0 0 0 0 1 1 1 0 1 1 0 0 1 0 1 0.0
363 20 8817 1 1 0 0 1 0 0 1 0 1 0 1 1 1 1 0 0 0 0 1 0.0
364 20 5096 0 0 0 0 1 1 1 0 0 0 0 1 1 0 1 0 1 0 0 0 0.0
365 20 8874 0 1 0 0 0 0 0 1 0 0 0 1 0 0 1 1 1 1 1 1 0.0
366 20 6889 1 1 0 1 0 0 0 0 1 1 0 0 1 1 0 0 1 0 0 0 0.0
367 20 6211 0 1 0 0 0 0 0 1 1 1 0 0 0 1 1 1 1 1 0 0 0.0
368 20 8632 0 1 1 0 1 0 1 0 1 1 0 0 0 1 0 0 0 0 0 1 0.0
369 20 8183 1 1 0 1 0 0 0 0 1 0 0 1 0 1 0 0 1 0 1 0 0.0
370 20 8069 1 1 1 0 1 0 0 0 1 1 0 0 1 0 0 0 1 0 1 0 0.0
371 20 7817 1 0 1 0 0 0 0 0 0 1 1 0 0 0 0 1 1 1 0 0 0.0
372 20 11272 0 0 1 1 0 0 1 0 1 0 0 1 0 1 1 0 1 1 1 1 0.0
373 20 7467 0 1 0 1 0 0 0 0 1 1 0 1 1 0 1 0 1 0 0 1 0.0
374 20 6046 0 0 0 1 1 1 0 1 0 1 0 1 1 0 1 0 0 0 0 1 0.0
375 20 10560 1 0 1 1 0 0 0 1 1 0 1 1 0 1 0 1 1 0 0 0 0.0
376 20 9662 1 0 0 1 1 1 0 1 1 1 0 1 0 0 0 0 0 0 1 0 0.0
377 20 8499 0 0 0 1 1 0 0 0 1 0 1 1 0 1 0 1 0 1 1 1 0.0
378 20 8523 0 1 0 0 0 1 0 1 0 0 0 0 1 0 0 1 1 1 1 1 0.0
379 20 9500 1 1 0 0 0 0 0 0 1 1 1 1 0 0 0 0 0 0 1 1 0.0
380 20 6963 1 1 1 1 0 0 1 1 0 0 1 1 0 0 1 0 0 0 0 0 0.0
381 20 7427 1 0 0 0 0 0 0 0 1 0 1 1 1 0 1 0 1 1 1 0 0.0
382 20 7681 0 0 0 1 0 1 1 1 1 0 1 0 0 0 1 0 0 0 1 0 0.0
383 20 9777 0 0 0 0 0 1 0 1 0 1 0 1 0 0 1 1 1 1 1 1 0.0
384 20 9079 1 0 0 0 0 0 0 1 0 1 1 1 0 0 0 1 1 0 1 0 0.0
385 20 10310 0 1 1 0 0 0 1 1 1 0 1 1 1 1 1 1 0 0 0 0 0.0
386 20 7358 0 1 0 1 1 0 1 1 0 1 1 0 0 1 0 0 1 0 1 0 0.0
387 20 8672 0 0 0 0 1 1 0 1 0 1 1 1 1 1 0 0 0 0 1 0 0.0
388 20 7974 0 0 0 0 1 0 0 0 0 1 0 1 1 1 1 0 1 0 1 0 0.0
389 20 9822 1 1 1 1 1 0 0 0 0 0 0 1 1 1 0 1 0 0 0 1 0.0
390 20 7953 0 0 0 1 0 0 1 1 1 1 1 0 0 0 1 0 1 1 0 0 0.0
391 20 6286 0 1 0 0 1 0 0 0 0 1 1 0 0 1 1 0 0 0 1 0 0.0
392 20 7135 0 1 0 1 0 0 1 0 1 1 0 1 1 0 0 1 0 1 0 0 0.0
393 20 9144 0 0 0 0 1 1 1 0 1 1 1 0 0 1 1 0 1 0 0 1 0.0
394 20 9428 0 0 0 1 1 1 0 1 1 1 1 0 1 0 0 0 0 1 0 0 0.0
395 20 5523 0 0 0 0 0 1 0 0 1 1 1 0 0 1 0 0 0 1 1 0 0.0
396 20 7517 1 0 0 0 0 0 1 1 0 0 0 0 1 0 0 0 1 0 1 1 0.0
397 20 10593 0 1 0 0 1 0 0 1 1 1 1 0 1 1 0 0 0 1 0 1 0.0
398 20 10745 0 0 1 1 0 0 0 1 1 1 0 1 1 1 0 1 1 1 1 0 0.0
399 20 8001 1 1 1 1 0 0 0 0 0 0 1 0 0 0 1 0 1 1 1 1 0.0
400 20 7027 0 0 1 0 1 0 1 0 0 1 0 1 1 1 1 0 1 0 0 0 0.0
401 20 8405 1 1 0 1 1 0 0 1 0 0 0 1 0 1 1 0 1 0 0 0 0.0
402 20 9468 0 1 0 1 0 1 1 0 0 0 1 0 1 0 0 1 1 0 1 1 0.0
403 20 7555 1 0 1 1 1 0 0 0 1 1 0 0 1 1 0 1 0 0 1 0 0.0
404 20 8141 1 0 0 0 1 1 0 0 0 0 0 1 1 0 1 1 1 0 0 1 0.0
405 20 9807 0 0 1 0 0 1 1 1 1 0 1 1 0 1 1 0 0 1 1 0 0.0
406 20 11455 1 0 1 1 0 0 0 0 0 1 1 1 1 1 1 1 0 1 0 1 0.0
407 20 8201 1 1 0 0 0 1 1 1 0 1 0 0 1 1 1 0 0 0 0 1 0.0
408 20 8981 0 0 1 1 1 0 0 1 1 0 1 0 0 1 1 0 0 1 1 1 0.0
409 20 6096 1 0 0 1 0 0 0 0 1 0 0 0 0 1 0 0 0 0 1 1 0.0
410 20 8496 0 1 1 1 0 0 1 0 0 0 0 0 1 0 1 0 0 0 0 1 0.0
411 20 8310 1 0 1 0 0 0 0 1 1 1 0 1 0 1 1 1 1 0 0 0 0.0
412 20 9131 1 1 1 0 0 1 0 0 1 0 0 0 0 0 1 0 0 1 1 1 0.0
413 20 7338 1 0 1 0 0 1 0 1 0 0 0 0 0 0 0 1 0 1 1 1 0.0
414 20 10430 0 0 1 0 0 1 1 1 1 0 1 0 0 0 0 0 0 1 1 0 0.0
415 20 8330 1 0 0 0 1 0 0 0 0 1 0 1 1 1 1 0 1 1 0 0 0.0
416 20 9654 0 0 1 1 1 0 1 0 1 0 1 1 1 1 0 0 0 0 0 1 0.0
417 20 8927 0 0 0 0 1 1 1 1 1 0 1 1 0 1 0 1 1 1 1 0 0.0
418 20 8663 1 0 1 0 1 1 1 1 0 0 0 0 1 0 1 0 0 0 0 1 0.0
419 20 10529 1 0 1 0 0 1 0 1 1 0 1 0 1 0 0 1 0 0 1 1 0.0
420 20 8875 0 0 0 1 1 0 0 0 0 1 0 0 1 0 0 0 1 1 1 1 0.0
421 20 7572 1 0 1 1 1 1 1 0 0 1 0 0 0 0 0 1 0 1 0 0 0.0
422 20 5538 0 0 1 0 0 1 0 0 1 0 1 0 0 0 0 1 0 1 1 0 0.0
423 20 8790 0 0 0 1 1 0 0 1 0 0 0 1 0 1 1 0 1 1 0 1 0.0
424 20 6056 1 0 0 0 1 1 0 1 1 1 0 0 0 1 0 0 1 1 0 0 0.0
425 20 5460 1 0 0 1 1 0 1 1 0 1 0 1 1 0 0 0 0 0 1 1 0.0
426 20 8690 0 1 1 1 1 1 1 1 1 0 0 0 0 1 0 0 1 0 1 0 0.0
427 20 9251 0 1 1 1 0 1 0 0 0 1 0 1 0 1 0 0 0 1 1 0 0.0
428 20 8722 0 0 0 1 1 1 1 0 1 1 0 1 0 0 0 1 0 1 1 0 0.0
429 20 10034 0 0 1 1 0 0 1 1 1 0 0 1 0 0 1 0 0 1 0 0 0.0
430 20 10519 0 0 1 1 1 0 1 1 1 0 0 1 0 0 1 0 1 1 0 1 0.0
431 20 7424 0 1 1 0 1 0 1 1 0 0 1 0 0 0 0 1 0 0 0 1 0.0
432 20 5813 1 1 0 1 0 0 1 0 0 0 0 1 0 0 0 1 0 0 1 1 0.0
433 20 9914 1 0 1 1 1 1 0 0 0 1 0 0 0 0 1 0 0 1 1 0 0.0
434 20 5688 0 1 0 1 1 0 1 0 0 0 1 0 1 0 0 1 0 0 0 0 0.0
435 20 9919 1 1 0 0 1 1 0 0 1 1 0 0 0 0 0 1 1 0 0 1 0.0
436 20 8056 0 0 0 0 0 0 1 1 1 0 0 0 1 1 1 0 1 1 1 1 0.0
437 20 9128 1 0 0 1 1 1 1 0 0 1 1 1 0 1 0 0 0 1 0 0 0.0
438 20 7888 0 0 1 1 1 0 0 1 1 0 1 0 0 0 1 1 1 1 1 0 0.0
439 20 8953 1 1 1 0 0 0 0 1 0 1 0 1 1 0 0 0 1 0 0 1 0.0
440 20 11534 0 0 1 0 0 0 1 0 1 0 1 1 1 1 1 1 1 0 1 0 0.0
441 20 6444 0 0 1 0 1 0 0 1 0 0 0 0 1 1 0 1 0 1 0 1 0.0
442 20 8486 1 0 0 1 0 1 1 0 1 1 1 1 0 0 0 0 1 0 0 1 0.0
443 20 8985 0 1 0 0 0 1 1 0 1 0 1 0 0 1 1 0 1 1 0 0 0.0
444 20 8918 0 1 0 1 1 1 1 0 1 1 0 1 1 0 1 0 0 0 0 1 0.0
445 20 6151 1 0 1 1 1 0 0 1 0 0 0 0 1 0 0 1 0 0 1 0 0.0
446 20 8842 0 1 0 1 1 1 1 1 0 1 0 0 0 1 0 1 1 0 0 0 0.0
447 20 7406 0 0 0 1 0 0 1 0 1 1 1 1 0 0 0 1 0 1 0 1 0.0
448 20 10920 0 0 0 1 0 1 0 1 1 1 0 1 1 1 0 0 0 1 1 0 0.0
449 20 9074 1 1 0 1 0 0 0 1 0 0 1 0 0 1 0 1 0 1 1 0 0.0
450 20 10016 1 1 0 0 1 0 0 1 1 0 1 1 0 0 0 0 0 1 0 0 0.0
451 20 8191 0 1 1 1 1 0 0 1 0 0 1 0 0 0 1 0 1 1 0 0 0.0
452 20 9550 0 1 1 1 1 0 1 0 0 0 1 1 0 0 1 1 1 1 0 0 0.0
453 20 9175 1 1 1 0 0 0 1 0 0 1 0 0 0 1 0 0 1 1 0 1 0.0
454 20 6821 0 0 1 1 1 1 0 0 0 1 0 0 1 0 1 1 1 0 1 0 0.0
455 20 8018 1 0 1 0 1 0 1 0 0 0 1 1 0 0 1 0 0 0 0 1 0.0
456 20 8364 0 0 0 1 1 1 1 1 0 0 0 1 1 0 0 0 0 0 1 0 0.0
457 20 8986 0 0 0 0 1 0 1 0 1 0 0 0 1 1 0 0 1 1 1 1 0.0
458 20 8713 1 1 1 0 0 1 0 0 1 0 1 1 0 0 0 0 0 0 1 1 0.0
459 20 8217 0 1 0 1 0 0 1 0 1 1 1 1 1 0 0 0 1 0 0 1 0.0
460 20 8479 1 1 0 0 1 0 1 1 0 1 0 1 0 0 0 0 0 1 0 1 0.0
461 20 9946 0 1 1 0 1 0 0 0 0 0 1 1 1 0 0 1 1 0 1 1 0.0
462 20 7933 1 0 0 1 0 0 1 0 0 1 1 0 1 0 1 0 0 0 0 1 0.0
463 20 7213 0 0 1 0 0 1 0 0 1 1 0 0 0 0 1 1 1 1 0 0 0.0
464 20 8038 0 0 0 1 1 0 1 0 0 0 1 1 1 0 1 0 0 1 1 1 0.0
465 20 9072 1 1 0 0 1 1 0 0 1 0 0 1 0 0 1 0 1 1 0 0 0.0
466 20 8455 1 1 0 0 0 0 0 0 1 1 0 1 0 0 1 0 1 1 1 1 0.0
467 20 7379 0 0 1 1 1 1 0 0 0 0 0 0 0 1 1 1 0 0 0 0 0.0
468 20 9276 1 0 1 1 0 1 0 0 0 1 1 1 0 0 0 1 1 1 0 0 0.0
469 20 6710 0 1 0 0 0 0 0 1 0 0 1 0 1 1 1 1 1 0 0 1 0.0
470 20 11123 1 1 0 0 0 0 1 0 0 1 1 1 1 0 0 0 1 1 1 0 0.0
471 20 6110 0 0 0 0 0 0 1 1 1 0 0 0 1 0 0 0 1 0 1 1 0.0
472 20 8470 1 0 1 0 1 0 0 0 1 0 0 0 1 1 0 1 0 1 0 1 0.0
473 20 8010 1 0 0 1 0 1 1 1 0 1 0 1 0 0 0 0 0 1 0 0 0.0
474 20 8262 1 1 0 1 0 1 0 1 0 0 1 1 1 0 0 1 0 0 0 1 0.0
475 20 9280 1 1 1 0 1 0 1 1 0 1 0 1 0 0 1 1 0 1 0 0 0.0
476 20 8386 1 1 0 0 0 0 0 0 0 1 1 1 1 1 0 1 0 0 1 1 0.0
477 20 7634 0 0 0 0 1 1 1 0 0 1 0 0 1 1 1 0 0 1 0 0 0.0
478 20 9126 1 0 0 0 1 0 1 0 0 0 1 0 1 0 0 1 0 1 1 0 0.0
479 20 8597 0 1 1 0 1 0 0 0 1 1 0 1 1 0 0 1 0 1 0 1 0.0
480 20 6299 0 1 0 1 0 0 1 0 0 1 1 1 1 1 0 0 1 1 0 0 0.0
481 20 9608 0 1 0 1 0 0 1 0 0 0 0 1 0 1 0 1 0 1 1 1 0.0
482 20 8397 0 1 0 1 1 1 1 0 0 0 1 0 1 0 0 1 1 1 0 0 0.0
483 20 7774 0 1 1 1 0 0 1 1 0 0 1 1 0 0 0 0 0 1 0 1 0.0
484 20 9191 0 1 0 1 0 1 1 0 1 0 1 0 0 0 1 1 0 1 0 1 0.0
485 20 8261 0 0 0 1 0 1 0 0 1 0 1 0 0 0 0 1 1 1 0 1 0.0
486 20 9234 0 0 0 1 0 1 0 0 0 0 1 0 1 1 0 1 0 1 0 1 0.0
487 20 8342 0 1 1 1 1 0 0 1 0 0 0 1 0 0 0 1 0 1 1 1 0.0
488 20 8026 0 0 0 1 1 1 0 0 1 1 0 0 0 1 0 0 0 1 1 1 0.0
489 20 8270 0 0 0 1 1 1 1 0 0 1 0 1 0 1 1 1 0 1 0 1 0.0
490 20 11462 0 1 1 1 1 0 1 0 1 1 1 0 0 1 1 0 1 0 0 1 0.0
491 20 7477 0 1 0 1 0 0 0 0 1 0 0 1 1 1 0 1 1 0 1 0 0.0
492 20 6199 0 0 1 1 1 0 0 1 1 0 1 0 1 0 1 1 1 0 0 0 0.0
493 20 5949 1 0 1 1 0 0 0 0 1 1 0 0 0 0 1 0 0 1 0 1 0.0
494 20 7215 1 0 1 0 0 0 0 0 1 1 1 0 0 1 0 0 1 1 0 1 0.0
495 20 5774 0 1 0 1 0 0 0 0 0 0 0 0 1 1 1 0 1 0 0 1 0.0
496 20 9879 1 0 0 1 0 0 0 0 1 1 0 1 0 1 0 0 1 1 1 1 0.0
497 20 9872 1 0 1 1 1 1 0 1 1 1 1 0 0 0 0 0 0 1 0 0 0.0
498 20 9369 0 0 1 1 0 1 0 0 1 0 0 0 0 1 1 1 1 1 1 1 0.0
499 20 7431 0 1 0 1 1 1 1 1 0 0 0 1 0 1 0 0 1 1 0 0 0.0
500 20 8980 0 1 0 0 1 0 0 0 1 1 1 1 1 1 0 1 0 0 1 0 0.0
