1 15 6361 1 1 1 0 1 0 1 0 0 0 0 0 0 1 1 0.0
2 15 6266 0 0 0 1 1 1 0 0 1 0 0 0 1 1 0 0.0
3 15 6186 0 1 1 0 0 1 0 1 0 1 1 0 1 1 0 0.0
4 15 6954 0 0 1 0 1 1 0 0 1 1 0 0 0 1 1 0.0
5 15 5439 0 0 0 1 1 1 0 1 1 0 1 1 0 1 1 0.0
6 15 7321 1 0 0 0 1 1 0 0 1 0 0 1 0 1 0 0.0
7 15 5362 1 1 1 0 1 0 1 1 0 0 0 0 0 0 0 0.0
8 15 6171 0 0 1 0 1 1 1 0 0 1 0 0 1 0 0 0.0
9 15 9064 1 1 1 0 0 0 1 1 1 0 1 1 1 0 0 0.0
10 15 4845 1 0 0 0 1 1 0 1 1 0 1 0 0 0 1 0.0
11 15 5656 0 0 0 0 1 0 1 1 1 0 1 1 0 0 0 0.0
12 15 7064 0 1 0 1 0 1 1 0 1 1 0 1 1 0 0 0.0
13 15 4919 1 0 0 0 1 0 0 0 1 1 1 0 1 0 0 0.0
14 15 5821 0 1 1 0 0 0 0 1 0 1 0 0 0 1 1 0.0
15 15 6212 0 0 0 1 1 0 0 0 0 0 1 1 1 1 0 0.0
16 15 6576 0 1 0 1 1 1 0 1 1 0 0 0 0 0 1 0.0
17 15 5437 0 0 1 1 0 0 0 1 0 0 0 1 0 0 1 0.0
18 15 5845 0 1 1 0 1 0 0 1 0 1 0 1 0 0 1 0.0
19 15 5453 0 0 1 1 0 0 0 0 1 0 1 1 0 1 0 0.0
20 15 7207 1 0 0 1 0 0 0 0 1 0 0 1 1 0 1 0.0
21 15 6495 0 0 1 1 0 0 1 0 0 1 0 0 1 0 1 0.0
22 15 7341 1 0 1 0 1 1 0 1 0 0 0 1 1 0 0 0.0
23 15 7722 0 1 1 1 0 0 0 1 1 1 0 0 1 0 1 0.0
24 15 4438 0 0 1 1 0 0 1 0 0 0 0 1 0 0 1 0.0
25 15 5434 1 0 0 1 1 0 0 1 0 1 1 0 0 0 1 0.0
26 15 6710 0 0 1 1 0 1 0 0 1 1 1 0 1 0 1 0.0
27 15 4949 1 0 0 1 0 1 1 0 0 0 0 1 0 1 0 0.0
28 15 6842 0 0 1 0 1 0 0 1 1 1 1 0 0 0 0 0.0
29 15 7334 0 0 0 0 1 1 1 0 0 0 1 1 1 1 0 0.0
30 15 6079 0 0 0 1 1 0 0 0 1 0 0 1 1 1 0 0.0
31 15 5553 0 1 1 0 0 0 0 1 0 1 0 1 0 1 1 0.0
32 15 4978 0 0 1 1 0 1 1 1 0 0 1 0 0 1 0 0.0
33 15 7937 0 1 1 0 0 1 1 1 0 0 1 0 1 1 0 0.0
34 15 3792 1 1 1 0 1 0 1 0 1 0 0 1 0 1 0 0.0
35 15 4343 0 0 0 1 1 0 1 1 1 0 0 1 0 0 0 0.0
36 15 5976 0 1 1 0 0 0 0 1 0 1 1 0 1 0 1 0.0
37 15 6395 0 0 1 1 1 0 1 0 0 0 0 1 1 0 0 0.0
38 15 4493 1 0 0 1 0 0 0 0 1 0 1 0 0 1 1 0.0
39 15 4793 1 1 1 1 0 0 0 0 0 1 0 0 0 1 0 0.0
40 15 5721 0 0 1 0 0 1 0 1 1 1 1 1 0 0 0 0.0
41 15 7389 0 0 1 0 1 0 1 1 1 0 0 0 1 1 1 0.0
42 15 6227 0 0 0 1 1 0 1 1 0 1 0 1 0 1 1 0.0
43 15 4232 0 0 1 0 0 1 1 0 1 0 0 0 0 1 1 0.0
44 15 6989 1 0 0 1 1 1 1 1 0 0 0 1 0 0 0 0.0
45 15 3961 0 1 0 1 0 0 0 0 0 0 1 0 1 1 0 0.0
46 15 6042 1 1 1 0 0 0 0 0 1 1 0 0 0 1 0 0.0
47 15 5748 0 0 1 1 0 1 0 0 1 1 1 0 0 1 0 0.0
48 15 5213 0 0 0 1 0 1 0 1 1 1 0 1 0 1 0 0.0
49 15 6490 1 0 1 0 1 0 1 0 0 1 0 0 1 0 1 0.0
50 15 6737 1 0 1 0 1 0 0 0 1 0 0 0 1 0 0 0.0
51 15 6964 0 0 0 0 0 0 0 1 0 1 1 1 1 1 0 0.0
52 15 6785 1 1 0 0 0 0 0 0 0 0 0 1 1 1 1 0.0
53 15 5254 1 0 0 1 0 0 0 0 1 1 1 0 1 0 1 0.0
54 15 7554 1 0 0 0 1 0 1 0 0 0 1 1 0 1 1 0.0
55 15 4908 0 0 1 1 0 1 0 0 0 0 0 1 1 1 0 0.0
56 15 6098 1 1 1 0 0 0 1 0 0 1 0 1 0 0 0 0.0
57 15 7316 0 0 0 0 1 1 0 1 1 0 0 1 1 1 0 0.0
58 15 4704 1 0 0 1 1 0 0 1 0 0 0 1 1 0 0 0.0
59 15 4257 0 1 0 0 0 1 1 1 1 1 0 1 0 0 0 0.0
60 15 7001 0 0 0 0 0 1 0 1 1 1 0 0 0 1 1 0.0
61 15 5934 0 0 0 0 0 1 1 1 0 1 0 1 0 1 1 0.0
62 15 2892 0 0 1 0 0 1 0 1 1 0 0 0 1 0 1 0.0
63 15 6179 0 1 0 1 1 1 1 1 0 0 1 0 0 1 0 0.0
64 15 4670 1 1 1 0 0 0 1 0 0 0 1 0 1 0 1 0.0
65 15 6325 0 1 1 0 1 1 0 0 1 0 1 0 0 1 0 0.0
66 15 4772 1 0 1 0 0 1 1 1 0 0 0 1 0 1 0 0.0
67 15 7616 1 1 0 0 0 0 0 1 1 1 1 0 0 0 1 0.0
68 15 6047 1 0 1 1 1 0 1 0 0 0 0 0 1 0 1 0.0
69 15 6456 1 1 0 1 1 1 0 0 0 1 0 0 1 0 0 0.0
70 15 4004 0 0 0 1 1 1 1 1 0 1 0 0 0 0 0 0.0
71 15 6461 0 0 0 0 1 0 1 0 1 0 0 0 0 1 1 0.0
72 15 3476 1 0 1 1 0 0 0 0 1 1 0 0 1 0 0 0.0
73 15 6049 0 1 0 0 1 1 0 1 0 0 0 0 1 1 1 0.0
74 15 5494 1 1 0 1 0 0 0 0 0 0 0 1 0 1 0 0.0
75 15 6128 1 1 0 1 0 1 1 1 0 1 0 0 0 0 0 0.0
76 15 6332 1 1 0 0 1 0 0 1 0 0 0 1 1 1 0 0.0
77 15 6235 1 0 0 0 0 1 1 0 1 0 0 1 1 1 0 0.0
78 15 7556 1 0 0 0 0 1 0 1 1 1 0 0 1 0 1 0.0
79 15 7276 0 0 1 0 0 0 1 1 1 0 1 1 1 1 0 0.0
80 15 6770 0 0 1 1 0 0 0 0 1 1 1 1 0 1 0 0.0
81 15 6073 1 0 0 1 0 0 0 0 1 1 1 1 1 1 0 0.0
82 15 5023 0 0 1 1 0 0 0 0 0 0 1 0 1 1 0 0.0
83 15 6560 1 0 0 0 1 1 1 0 0 0 0 1 1 0 0 0.0
84 15 6509 1 0 0 1 1 1 1 1 0 0 0 1 0 0 1 0.0
85 15 5026 0 0 1 1 1 0 0 0 0 0 0 1 0 0 1 0.0
86 15 5540 0 0 1 1 0 0 0 1 1 1 0 0 0 1 0 0.0
87 15 7825 0 0 0 0 0 1 1 1 0 1 1 0 1 0 1 0.0
88 15 4395 1 1 0 1 0 1 0 0 0 1 0 0 0 0 0 0.0
89 15 6133 0 1 0 1 0 0 1 0 1 0 1 0 0 0 1 0.0
90 15 5050 0 1 0 0 1 0 1 1 1 0 0 0 0 1 0 0.0
91 15 6220 0 1 0 0 0 1 1 0 0 0 1 1 1 0 1 0.0
92 15 6596 0 0 1 1 1 0 1 0 0 0 1 0 1 0 0 0.0
93 15 6349 0 0 1 1 0 1 1 0 1 0 1 0 1 1 1 0.0
94 15 4040 0 0 0 1 0 0 0 1 1 0 1 0 0 1 0 0.0
95 15 4484 0 1 0 1 0 0 0 1 1 1 0 1 0 0 1 0.0
96 15 5944 0 1 0 0 1 0 1 0 1 1 1 0 1 1 0 0.0
97 15 5860 1 0 0 0 1 1 1 1 0 0 0 0 0 0 0 0.0
98 15 6061 1 0 1 0 0 1 0 0 1 0 1 0 1 1 0 0.0
99 15 8457 0 1 1 1 0 0 1 0 0 1 1 0 1 1 1 0.0
100 15 4256 1 0 0 0 0 1 0 0 1 0 1 0 0 1 0 0.0
101 15 7260 1 1 0 1 0 0 0 1 0 0 0 1 1 1 0 0.0
102 15 6155 1 0 0 0 0 0 1 0 0 1 1 1 0 0 1 0.0
103 15 7845 1 0 1 0 0 1 1 0 0 0 0 0 1 1 1 0.0
104 15 3986 0 0 0 1 1 0 0 1 1 1 1 0 0 0 0 0.0
105 15 6280 1 1 0 1 1 1 1 1 0 0 0 1 0 0 0 0.0
106 15 7785 1 0 0 1 1 0 0 1 1 1 0 1 0 0 0 0.0
107 15 4943 0 0 0 0 0 1 0 0 1 1 0 0 1 0 1 0.0
108 15 7404 0 1 0 0 0 1 0 0 0 1 1 1 1 1 1 0.0
109 15 5641 0 0 0 0 0 1 1 0 0 1 0 0 1 1 1 0.0
110 15 5913 0 0 0 1 1 1 0 1 0 0 1 0 0 0 1 0.0
111 15 6530 0 0 1 1 0 0 1 1 0 1 0 0 0 1 1 0.0
112 15 5730 0 1 0 1 0 1 0 0 1 0 0 0 0 1 1 0.0
113 15 5763 0 0 0 1 1 0 1 0 1 0 1 0 0 1 0 0.0
114 15 7481 0 1 0 1 0 0 0 0 1 1 1 0 1 1 1 0.0
115 15 3926 0 1 0 0 1 1 0 1 0 1 0 1 0 0 0 0.0
116 15 5572 1 0 0 1 0 0 1 1 1 0 0 0 1 0 1 0.0
117 15 4479 1 1 1 0 0 0 1 0 1 0 0 0 0 1 0 0.0
118 15 6806 0 0 1 1 1 1 1 0 0 0 1 1 0 0 0 0.0
119 15 5289 1 0 1 1 1 0 0 0 0 0 0 1 0 0 0 0.0
120 15 5829 0 0 0 1 1 0 1 0 1 1 0 1 0 0 1 0.0
121 15 5116 1 1 1 1 0 0 0 0 0 0 0 1 1 0 0 0.0
122 15 4554 0 0 1 1 0 0 0 0 0 1 0 0 1 0 1 0.0
123 15 4929 0 1 1 0 0 0 0 1 0 1 1 0 0 0 1 0.0
124 15 6079 0 1 0 0 1 1 1 1 0 0 1 1 1 1 0 0.0
125 15 7554 0 1 1 0 0 1 1 0 0 0 1 0 0 0 1 0.0
126 15 6165 1 0 0 0 0 1 1 1 1 0 0 0 1 0 1 0.0
127 15 5319 0 1 0 1 0 1 1 0 1 0 0 1 0 0 1 0.0
128 15 4814 1 0 1 1 0 1 0 0 0 1 0 0 0 0 1 0.0
129 15 7537 1 1 0 0 0 0 1 0 1 1 0 0 1 0 1 0.0
130 15 6985 1 0 0 1 1 1 1 0 0 0 0 1 1 1 1 0.0
131 15 6266 0 0 0 1 1 1 0 1 1 0 1 0 0 0 1 0.0
132 15 5169 0 0 1 1 1 1 1 0 0 0 1 1 0 0 0 0.0
133 15 5387 1 0 1 1 0 1 1 0 0 0 1 0 0 0 1 0.0
134 15 4266 0 0 1 1 0 1 0 1 0 1 0 0 1 0 0 0.0
135 15 4519 0 0 0 1 1 1 1 0 0 1 0 0 1 0 0 0.0
136 15 5411 0 1 1 1 1 0 1 0 0 0 1 0 0 0 0 0.0
137 15 5540 1 1 0 0 0 1 1 1 0 1 0 0 0 1 0 0.0
138 15 6733 1 1 0 0 1 0 1 1 0 0 0 1 0 0 1 0.0
139 15 5428 0 0 0 1 1 0 0 0 0 0 0 1 1 0 1 0.0
140 15 7447 0 1 0 0 1 1 1 0 0 1 0 1 1 0 0 0.0
141 15 5088 0 0 0 1 0 1 1 0 0 0 0 1 0 1 1 0.0
142 15 4105 1 0 0 0 0 0 0 1 0 0 0 0 1 0 1 0.0
143 15 4624 1 1 0 1 0 1 1 0 0 0 0 0 0 0 1 0.0
144 15 5305 1 0 1 0 1 1 0 1 1 0 0 1 0 0 1 0.0
145 15 6291 1 0 0 0 1 0 0 1 1 1 0 0 1 1 0 0.0
146 15 5902 0 1 1 1 1 1 0 0 0 0 0 0 0 1 0 0.0
147 15 5256 0 1 0 1 1 0 1 0 1 0 0 0 0 0 1 0.0
148 15 4363 0 0 1 0 1 0 1 1 0 0 1 1 0 0 0 0.0
149 15 6591 1 1 1 1 0 0 1 0 0 1 0 1 1 0 0 0.0
150 15 5529 1 0 1 1 1 0 1 0 1 0 0 0 0 0 0 0.0
151 15 4777 0 1 0 1 0 1 1 1 0 0 0 0 0 0 0 0.0
152 15 4613 1 1 0 0 0 0 0 0 0 1 1 0 1 0 1 0.0
153 15 5900 0 1 1 0 0 1 0 1 1 0 0 0 1 0 0 0.0
154 15 6573 0 1 0 1 0 1 1 0 1 0 1 0 1 0 0 0.0
155 15 6630 0 0 0 1 0 1 0 0 0 1 1 1 0 0 1 0.0
156 15 5056 0 1 1 0 1 0 1 0 0 0 0 1 1 1 0 0.0
157 15 6032 0 0 0 0 1 0 1 1 1 0 0 1 0 0 1 0.0
158 15 6270 1 1 1 0 0 1 0 1 0 1 1 0 0 1 0 0.0
159 15 6118 0 0 0 0 0 1 1 1 1 1 0 0 1 0 1 0.0
160 15 6166 0 1 1 1 0 0 1 1 1 0 0 0 0 0 0 0.0
161 15 6806 0 1 0 1 0 1 0 1 1 0 0 0 1 1 1 0.0
162 15 5285 0 0 0 0 1 1 0 0 1 1 1 1 0 0 1 0.0
163 15 8034 1 1 0 1 1 0 1 1 0 0 1 0 1 0 0 0.0
164 15 6661 0 0 1 0 0 1 0 0 0 1 0 1 0 1 1 0.0
165 15 6239 1 0 0 1 0 0 1 0 0 0 0 1 1 1 0 0.0
166 15 3609 1 0 0 0 0 0 1 0 1 0 1 0 0 0 1 0.0
167 15 7036 1 0 0 1 0 1 0 1 0 1 1 0 0 0 0 0.0
168 15 7554 0 1 1 0 1 1 1 1 1 0 1 0 0 0 1 0.0
169 15 4512 0 0 1 0 0 0 1 0 0 0 0 0 1 1 1 0.0
170 15 6162 0 1 1 1 1 0 0 0 1 0 1 1 0 0 0 0.0
171 15 4891 1 0 0 1 1 1 0 0 1 0 0 1 0 0 0 0.0
172 15 6760 1 0 1 0 1 0 0 1 0 0 0 1 1 0 0 0.0
173 15 5758 1 0 0 0 1 1 1 0 0 0 1 1 1 1 0 0.0
174 15 6614 0 1 1 0 0 1 1 0 0 0 0 0 1 0 1 0.0
175 15 4099 1 0 0 1 0 0 0 1 0 0 0 1 0 0 0 0.0
176 15 3986 1 0 1 1 0 1 0 0 0 0 1 1 0 0 0 0.0
177 15 4861 0 0 0 0 0 1 1 1 0 1 1 0 0 1 1 0.0
178 15 5810 1 1 1 1 0 1 0 0 0 1 0 1 1 0 0 0.0
179 15 6627 1 1 1 0 0 0 1 0 0 0 1 1 1 0 1 0.0
180 15 6351 0 1 0 0 1 0 1 0 1 0 0 0 0 1 1 0.0
181 15 6178 0 0 0 0 0 1 0 1 1 1 0 1 0 1 1 0.0
182 15 4594 1 1 0 0 0 1 0 0 0 0 0 1 0 0 1 0.0
183 15 7406 0 0 1 1 0 0 1 0 1 1 0 1 1 0 0 0.0
184 15 4160 0 0 1 0 0 1 0 1 1 1 1 1 0 0 0 0.0
185 15 5999 0 0 1 0 1 1 1 1 0 0 1 0 0 0 0 0.0
186 15 5188 1 0 1 0 1 0 0 1 0 0 1 1 0 0 0 0.0
187 15 6872 1 1 0 0 1 1 0 0 1 0 0 1 0 1 0 0.0
188 15 6677 0 0 0 1 0 0 1 0 1 1 1 1 1 0 0 0.0
189 15 6519 0 0 1 1 1 1 1 1 1 0 1 0 0 0 0 0.0
190 15 6767 0 1 0 0 0 1 1 0 0 0 1 1 0 1 0 0.0
191 15 5404 0 1 1 0 0 1 1 1 0 0 0 0 1 0 0 0.0
192 15 5988 1 0 1 0 1 0 0 1 1 0 0 0 1 0 0 0.0
193 15 7177 0 1 0 0 1 0 0 0 1 1 1 0 1 0 1 0.0
194 15 6749 0 1 0 1 0 1 0 0 1 0 1 0 1 1 0 0.0
195 15 5963 0 1 0 0 1 0 1 1 1 1 0 1 0 0 0 0.0
196 15 6968 1 0 1 0 0 0 0 1 0 1 0 1 1 1 0 0.0
197 15 7080 1 1 0 0 0 1 0 0 1 0 1 0 1 0 1 0.0
198 15 4959 0 1 1 0 1 1 1 0 0 0 0 0 1 0 1 0.0
199 15 5630 1 1 0 0 0 0 0 1 0 0 1 0 1 1 1 0.0
200 15 6983 1 1 0 1 1 1 0 0 0 1 0 1 1 0 0 0.0
201 15 8263 1 1 0 0 0 0 0 1 0 0 1 1 1 1 1 0.0
202 15 5275 0 1 1 0 1 0 0 1 1 0 0 0 1 0 0 0.0
203 15 7060 1 0 1 0 0 1 0 0 1 1 1 0 0 1 1 0.0
204 15 6760 0 1 1 0 0 0 1 1 1 0 1 0 0 0 0 0.0
205 15 6866 0 0 0 1 0 0 1 1 1 1 1 1 0 0 0 0.0
206 15 5475 0 1 0 1 0 0 0 1 0 0 0 1 1 0 1 0.0
207 15 6672 1 1 1 1 0 1 0 0 1 1 0 0 1 0 0 0.0
208 15 5689 0 0 1 0 1 0 1 1 0 0 0 0 1 1 1 0.0
209 15 5370 0 0 1 0 0 0 1 1 1 0 0 0 0 1 0 0.0
210 15 3724 0 0 0 1 1 0 0 1 0 0 1 0 0 0 1 0.0
211 15 6516 1 0 0 1 0 1 1 0 1 1 1 1 0 0 0 0.0
212 15 4873 1 0 0 0 1 0 0 1 1 0 0 0 0 1 1 0.0
213 15 5191 0 1 0 1 0 1 0 0 1 0 0 0 0 1 1 0.0
214 15 4683 0 0 1 0 0 0 0 1 1 0 1 0 1 1 0 0.0
215 15 4025 0 1 0 1 0 1 0 1 0 1 1 0 0 0 0 0.0
216 15 8413 0 1 1 1 0 1 0 0 1 1 0 0 0 0 1 0.0
217 15 6001 0 1 0 1 1 0 0 0 1 0 0 0 1 1 1 0.0
218 15 7361 1 1 0 1 1 0 0 1 1 0 1 0 1 0 0 0.0
219 15 5798 0 0 1 1 0 1 1 0 0 0 1 0 0 1 0 0.0
220 15 5929 1 1 0 0 0 0 1 0 0 0 1 1 1 0 1 0.0
221 15 5534 1 0 1 0 1 0 0 1 0 1 1 0 0 1 0 0.0
222 15 5097 1 1 1 1 0 0 0 1 0 0 0 0 0 0 0 0.0
223 15 6060 1 0 1 0 0 0 1 0 0 1 1 1 1 0 0 0.0
224 15 5841 1 1 0 1 1 0 0 0 0 0 1 1 0 0 0 0.0
225 15 6120 0 0 0 0 0 1 1 1 0 0 0 1 1 0 1 0.0
226 15 6051 0 0 0 1 1 0 0 0 1 1 1 0 1 0 0 0.0
227 15 7245 1 1 1 0 0 1 1 0 0 0 1 0 0 0 1 0.0
228 15 5713 0 0 1 1 0 0 0 0 0 1 1 1 1 1 0 0.0
229 15 5611 0 0 0 0 0 0 1 0 1 1 1 1 0 1 1 0.0
230 15 6657 1 1 1 0 0 0 1 0 1 1 0 1 0 1 0 0.0
231 15 5772 1 1 0 0 0 1 1 0 0 1 0 1 0 0 1 0.0
232 15 4329 1 0 0 1 1 0 1 0 1 1 1 0 0 0 0 0.0
233 15 4963 1 0 0 0 1 1 0 1 0 0 0 1 1 1 1 0.0
234 15 8143 1 1 0 0 0 1 1 1 0 0 1 0 1 0 1 0.0
235 15 5297 0 1 0 0 0 0 0 1 1 1 1 1 1 0 0 0.0
236 15 5670 0 1 1 1 0 0 0 0 1 0 0 0 0 1 1 0.0
237 15 5408 1 1 0 0 0 0 0 1 1 0 1 0 0 1 1 0.0
238 15 4977 1 0 0 1 1 1 0 0 0 0 0 1 0 0 0 0.0
239 15 4632 0 0 0 0 1 0 0 0 1 0 0 1 1 1 1 0.0
240 15 4478 0 0 0 1 0 0 0 1 1 1 0 0 1 0 1 0.0
241 15 7557 0 1 1 1 1 0 1 0 1 0 0 0 1 0 0 0.0
242 15 6847 1 1 1 0 1 1 0 0 1 0 0 0 0 0 0 0.0
243 15 4930 0 0 0 1 0 0 0 0 0 1 1 1 1 0 1 0.0
244 15 5796 0 0 1 0 1 0 0 1 1 0 0 0 1 1 0 0.0
245 15 6135 1 0 1 0 0 1 0 0 1 0 1 0 1 1 0 0.0
246 15 6352 0 1 0 0 1 0 0 0 0 1 1 1 0 1 1 0.0
247 15 6642 0 0 1 1 0 1 0 0 1 0 0 1 1 0 1 0.0
248 15 6167 1 0 1 0 0 0 0 0 0 1 0 1 1 1 1 0.0
249 15 5503 0 0 0 0 1 0 0 1 0 1 1 0 1 1 0 0.0
250 15 7560 0 0 1 0 1 0 1 0 1 0 1 0 0 1 1 0.0
251 15 4716 0 0 0 1 0 1 0 1 0 1 1 0 0 0 1 0.0
252 15 5293 1 0 1 0 0 0 0 0 0 0 1 1 1 1 0 0.0
253 15 4815 1 0 1 1 0 1 1 1 0 0 0 1 0 0 0 0.0
254 15 7058 0 1 1 0 0 0 0 1 1 0 1 0 1 1 0 0.0
255 15 4802 0 0 0 1 1 1 1 0 0 1 1 0 0 0 1 0.0
256 15 8705 1 1 1 0 1 1 1 0 0 0 1 0 1 1 0 0.0
257 15 6655 1 0 0 0 1 1 0 1 1 1 1 0 0 1 0 0.0
258 15 7144 0 0 0 1 1 1 1 1 0 0 0 1 1 0 0 0.0
259 15 6826 0 0 1 0 1 1 0 0 0 1 0 1 1 0 0 0.0
260 15 5541 1 1 0 0 0 0 0 1 1 1 0 0 1 1 1 0.0
261 15 7838 1 0 1 0 0 0 0 1 1 0 0 1 0 0 1 0.0
262 15 5412 1 1 0 1 0 1 0 1 1 0 0 0 0 0 0 0.0
263 15 4842 0 0 0 0 1 1 0 0 1 1 0 1 1 1 0 0.0
264 15 4213 1 0 0 0 0 1 1 0 1 0 0 1 0 1 0 0.0
265 15 6138 0 0 0 1 1 0 0 1 1 1 0 1 0 1 0 0.0
266 15 6261 0 1 0 0 0 0 0 0 1 1 1 1 0 1 0 0.0
267 15 5474 1 1 1 0 0 1 0 1 1 0 0 0 1 0 0 0.0
268 15 5657 1 0 0 1 0 1 0 1 0 1 0 0 1 1 0 0.0
269 15 5913 0 0 0 1 0 0 1 0 1 0 1 1 0 0 1 0.0
270 15 5629 0 0 0 1 1 1 1 1 0 0 0 1 1 0 1 0.0
271 15 6693 1 1 0 0 0 0 0 1 0 0 0 1 1 0 1 0.0
272 15 4330 0 1 0 0 0 1 1 1 0 1 0 1 0 0 0 0.0
273 15 4738 0 0 0 1 1 0 0 1 0 1 1 0 1 1 0 0.0
274 15 6443 1 0 0 1 1 0 1 1 0 0 1 1 0 0 1 0.0
275 15 7018 1 1 0 0 1 1 0 0 1 0 0 0 1 0 1 0.0
276 15 7642 0 1 0 1 1 0 1 0 1 0 0 0 0 1 0 0.0
277 15 5935 0 1 0 1 0 0 0 0 0 1 0 1 1 0 1 0.0
278 15 6016 1 0 0 0 0 0 1 1 1 0 1 1 0 1 0 0.0
279 15 7380 1 0 0 1 0 1 1 0 0 0 1 1 1 0 0 0.0
280 15 5744 1 1 0 0 0 1 1 1 0 0 0 0 0 0 1 0.0
281 15 5665 1 1 1 0 0 0 0 0 1 0 0 1 1 0 0 0.0
282 15 5143 1 0 0 0 1 1 0 0 0 1 0 1 0 1 0 0.0
283 15 5868 1 0 1 0 0 0 0 0 1 1 0 0 0 1 1 0.0
284 15 7328 1 0 0 0 0 1 0 1 0 1 1 1 0 0 1 0.0
285 15 4262 1 0 1 1 0 1 0 0 0 1 1 0 0 0 0 0.0
286 15 4930 0 1 0 0 1 0 0 1 1 0 0 0 1 1 0 0.0
287 15 5502 1 0 1 0 1 1 0 0 0 0 1 0 1 1 0 0.0
288 15 6463 1 1 0 1 0 1 0 0 1 0 1 0 1 1 0 0.0
289 15 6375 1 0 1 0 0 1 1 0 1 0 1 0 0 0 1 0.0
290 15 5950 1 0 0 1 1 1 0 1 0 0 1 0 0 0 0 0.0
291 15 6878 0 1 0 0 0 0 1 1 1 1 0 1 0 1 1 0.0
292 15 6653 0 1 0 1 0 0 0 0 1 0 0 1 0 1 1 0.0
293 15 5046 0 1 1 0 0 0 0 1 0 1 1 1 0 0 1 0.0
294 15 5033 0 1 1 1 0 1 0 0 0 1 0 1 1 1 0 0.0
295 15 6275 0 0 1 1 1 1 1 0 0 1 0 1 0 0 0 0.0
296 15 5258 0 1 1 1 0 1 0 0 0 0 1 1 0 1 1 0.0
297 15 5727 0 0 1 1 0 1 0 1 1 1 1 1 1 0 0 0.0
298 15 3517 0 1 0 0 1 1 0 1 0 0 1 1 0 0 0 0.0
299 15 6013 0 0 0 0 1 0 1 1 1 0 1 1 1 0 1 0.0
300 15 5596 0 1 0 1 0 1 1 0 0 0 0 1 0 1 1 0.0
301 15 5782 1 0 1 0 0 0 1 0 1 1 0 0 1 1 0 0.0
302 15 4268 0 1 0 1 1 1 0 0 0 1 0 0 0 0 1 0.0
303 15 6915 1 1 1 1 1 1 0 0 1 0 0 0 0 0 1 0.0
304 15 6668 1 0 1 0 0 1 1 0 0 0 1 1 0 0 1 0.0
305 15 6264 0 0 1 0 1 0 0 1 1 0 1 0 0 1 1 0.0
306 15 7021 0 0 1 1 0 1 1 1 0 1 1 0 0 0 0 0.0
307 15 6092 1 0 0 1 1 0 0 1 0 0 0 0 0 1 1 0.0
308 15 6357 1 0 1 1 1 0 0 0 1 1 0 0 0 0 0 0.0
309 15 4508 0 0 0 0 1 0 1 0 0 0 1 0 1 0 1 0.0
310 15 5413 1 0 1 1 0 0 1 1 0 0 0 0 0 1 0 0.0
311 15 4701 0 1 1 0 0 0 0 1 0 0 0 1 1 1 0 0.0
312 15 4243 1 0 1 0 1 0 0 1 0 1 0 0 0 0 0 0.0
313 15 8871 0 1 0 1 0 1 1 0 1 0 1 0 1 1 0 0.0
314 15 6692 0 1 1 1 0 1 0 0 0 0 1 0 0 1 0 0.0
315 15 4451 0 0 1 0 1 0 1 0 0 0 0 1 1 1 0 0.0
316 15 7790 0 1 0 1 0 0 1 1 0 1 1 1 0 1 0 0.0
317 15 7699 1 0 1 0 1 0 0 1 1 1 0 0 0 1 0 0.0
318 15 6566 0 0 1 1 0 1 1 0 1 1 0 1 1 0 0 0.0
319 15 6078 0 0 0 1 0 0 0 0 1 0 1 1 1 1 0 0.0
320 15 5537 0 0 0 0 1 1 0 0 1 0 0 0 1 1 0 0.0
321 15 7184 0 0 0 1 0 0 1 0 0 1 1 1 0 1 0 0.0
322 15 7112 0 0 1 1 0 1 1 0 1 0 0 0 1 0 1 0.0
323 15 6683 0 0 0 1 0 0 1 1 1 1 1 1 1 0 0 0.0
324 15 6417 0 0 1 1 0 1 1 1 0 0 1 0 1 0 0 0.0
325 15 4537 0 0 1 0 1 1 0 0 0 0 0 1 1 0 1 0.0
326 15 7898 0 0 0 1 1 1 1 0 1 1 1 1 0 0 1 0.0
327 15 5851 0 1 1 0 0 1 1 1 0 0 0 1 1 1 0 0.0
328 15 6251 0 1 1 1 0 0 0 0 1 0 0 0 1 1 1 0.0
329 15 6459 0 1 0 1 0 1 0 1 1 1 1 0 0 1 0 0.0
330 15 6997 1 0 1 1 0 0 0 0 0 1 1 0 1 0 0 0.0
331 15 4311 1 0 0 0 1 1 0 0 0 0 0 1 1 1 0 0.0
332 15 6350 0 1 0 0 0 1 1 0 1 1 0 0 1 0 1 0.0
333 15 7918 0 0 1 1 1 1 0 1 0 1 1 1 0 1 0 0.0
334 15 5571 0 1 0 1 0 0 0 1 1 0 0 1 0 0 0 0.0
335 15 6958 0 1 0 1 0 0 1 0 0 0 1 1 1 0 1 0.0
336 15 5934 1 1 0 0 1 0 1 1 0 1 0 1 0 0 0 0.0
337 15 5949 1 1 0 0 0 0 0 1 0 0 1 0 1 1 1 0.0
338 15 7977 0 0 1 1 0 1 0 1 1 0 1 1 0 1 0 0.0
339 15 5744 0 1 1 0 0 0 0 0 1 1 0 1 1 0 0 0.0
340 15 4034 1 0 0 0 1 0 1 1 1 1 1 0 0 0 0 0.0
341 15 3535 0 0 0 0 0 1 0 1 1 1 0 0 0 1 0 0.0
342 15 5847 1 0 0 1 0 1 0 0 0 0 1 0 1 1 1 0.0
343 15 5441 1 0 0 0 0 0 0 1 1 1 0 0 0 1 0 0.0
344 15 7239 1 0 1 0 1 0 1 1 0 0 0 1 0 0 0 0.0
345 15 5539 0 0 1 1 1 1 0 0 1 1 0 1 0 0 0 0.0
346 15 8697 0 1 0 0 1 0 1 0 1 1 1 0 1 0 0 0.0
347 15 6229 0 1 0 0 0 0 1 0 0 0 1 0 1 1 1 0.0
348 15 6345 0 1 0 1 1 0 0 1 0 1 0 0 1 0 1 0.0
349 15 6386 0 0 1 0 0 1 0 0 1 1 0 1 0 1 0 0.0
350 15 6234 0 1 1 0 0 0 0 1 0 1 1 0 1 1 1 0.0
351 15 7639 0 0 1 1 1 0 1 0 1 0 0 1 1 0 0 0.0
352 15 5668 0 0 0 0 1 0 1 0 1 1 1 0 1 0 0 0.0
353 15 5968 1 0 0 1 1 1 1 0 1 1 0 0 0 0 1 0.0
354 15 5125 0 0 1 1 1 1 0 0 1 0 0 0 1 0 0 0.0
355 15 5155 0 0 1 0 0 1 0 0 1 1 1 0 1 1 0 0.0
356 15 5931 1 0 0 1 0 0 1 1 0 0 1 0 1 0 0 0.0
357 15 6760 1 1 1 0 0 1 1 0 0 1 0 0 0 1 1 0.0
358 15 6328 1 1 0 0 1 1 0 1 1 1 0 1 0 0 0 0.0
359 15 5733 0 0 1 1 0 1 0 1 0 0 1 0 1 1 0 0.0
360 15 5618 0 0 1 1 0 1 1 0 0 1 1 1 0 0 0 0.0
361 15 5550 0 0 0 1 1 1 1 0 1 1 0 0 0 1 1 0.0
362 15 8622 1 0 1 1 0 1 1 0 1 1 0 1 0 0 0 0.0
363 15 6524 0 1 1 0 0 0 1 0 1 0 1 0 0 0 1 0.0
364 15 4415 0 1 1 0 1 0 1 0 0 0 1 1 0 0 0 0.0
365 15 5949 0 1 1 0 1 0 0 0 0 0 1 0 1 1 0 0.0
366 15 5958 1 0 1 1 1 1 0 0 0 1 0 0 0 1 0 0.0
367 15 5662 0 0 0 1 0 0 1 1 1 0 0 1 0 0 1 0.0
368 15 5493 0 0 0 0 1 1 0 0 0 1 0 0 0 0 1 0.0
369 15 3616 1 0 1 0 0 1 1 0 0 0 1 1 0 0 0 0.0
370 15 5432 1 0 1 1 0 1 0 0 0 1 0 0 1 0 0 0.0
371 15 4399 1 1 0 1 1 0 0 0 0 1 1 0 0 0 1 0.0
372 15 5740 0 0 1 1 1 0 0 1 0 0 1 1 0 0 1 0.0
373 15 5956 0 1 0 0 0 0 0 0 1 0 1 1 0 1 1 0.0
374 15 5617 0 1 0 0 0 1 1 0 1 0 0 0 1 1 0 0.0
375 15 5340 0 0 0 1 1 0 0 1 0 0 1 1 1 1 0 0.0
376 15 6281 1 1 0 1 1 1 0 0 1 0 1 0 0 0 0 0.0
377 15 4452 1 1 0 1 0 1 1 0 0 1 0 0 0 0 0 0.0
378 15 6839 0 1 1 0 0 0 0 0 0 1 0 1 1 1 0 0.0
379 15 6772 1 0 1 1 0 1 0 0 1 1 0 1 0 0 0 0.0
380 15 4638 0 1 0 1 0 1 0 1 1 0 0 0 0 0 0 0.0
381 15 7839 1 1 0 0 1 0 1 1 0 1 1 1 1 0 0 0.0
382 15 5383 1 1 0 0 0 1 0 1 0 1 0 1 1 0 0 0.0
383 15 4811 1 1 0 0 1 0 0 0 0 1 0 0 1 1 0 0.0
384 15 5886 0 0 0 1 0 1 0 0 1 1 1 0 0 1 0 0.0
385 15 4511 0 0 0 0 1 1 0 1 1 0 1 0 1 1 1 0.0
386 15 5931 0 1 0 1 0 1 1 0 1 0 0 1 0 0 0 0.0
387 15 8742 1 1 0 0 0 0 0 1 1 0 0 1 1 1 0 0.0
388 15 5973 1 0 0 1 1 1 0 0 0 1 0 1 0 0 0 0.0
389 15 6035 1 0 0 1 0 0 0 0 1 1 0 1 0 1 0 0.0
390 15 5023 1 1 0 1 0 1 0 0 1 0 0 0 0 0 1 0.0
391 15 6726 0 1 1 1 0 0 1 0 0 0 1 0 0 0 1 0.0
392 15 7252 0 1 0 0 0 1 0 1 1 1 0 0 1 0 0 0.0
393 15 5622 1 0 1 1 1 0 0 1 0 0 0 0 0 0 0 0.0
394 15 3995 1 0 0 1 0 0 0 0 0 1 0 1 1 0 0 0.0
395 15 6644 0 0 0 0 0 0 1 1 0 1 0 1 1 1 1 0.0
396 15 5670 1 0 0 0 0 0 0 1 1 1 1 1 0 0 0 0.0
397 15 7740 0 1 0 1 1 0 1 0 1 1 0 0 0 1 0 0.0
398 15 5258 1 1 0 1 0 0 0 0 0 0 1 1 0 1 0 0.0
399 15 4610 1 0 0 0 0 0 1 1 0 0 1 0 1 1 0 0.0
400 15 5707 0 0 0 1 1 1 1 0 0 0 0 0 1 1 1 0.0
401 15 8418 1 1 0 0 1 1 1 0 0 0 1 0 0 0 1 0.0
402 15 6283 0 1 0 1 1 1 0 1 1 0 0 0 0 0 0 0.0
403 15 4083 0 1 0 0 0 0 0 0 0 1 1 1 0 0 1 0.0
404 15 5010 0 1 0 0 1 0 0 1 0 1 0 1 0 1 0 0.0
405 15 7714 0 1 0 0 1 0 1 1 1 1 1 0 1 0 1 0.0
406 15 5470 0 1 0 1 0 1 1 0 1 1 0 1 0 0 0 0.0
407 15 6533 0 1 1 1 1 0 0 1 1 0 1 1 1 0 0 0.0
408 15 5895 0 0 0 1 0 0 0 1 0 1 1 1 0 1 0 0.0
409 15 6660 1 0 1 0 1 0 0 0 0 1 1 0 0 0 1 0.0
410 15 6245 0 0 1 0 1 0 0 1 0 1 0 1 0 0 1 0.0
411 15 5266 0 1 0 1 1 0 0 0 0 0 1 1 0 0 1 0.0
412 15 5775 0 1 0 1 1 1 0 0 1 0 1 0 0 0 0 0.0
413 15 5081 0 0 0 0 0 0 1 1 1 1 1 1 0 0 0 0.0
414 15 6245 1 1 0 0 1 0 0 1 1 0 1 1 0 0 0 0.0
415 15 3394 0 1 1 0 1 1 0 0 1 0 1 0 0 1 0 0.0
416 15 6201 0 1 1 1 1 0 0 0 0 0 0 1 0 0 1 0.0
417 15 4183 0 0 0 1 1 1 0 1 1 1 0 1 0 0 0 0.0
418 15 6290 0 0 0 0 0 1 0 1 1 0 1 1 0 1 1 0.0
419 15 6804 1 0 1 1 0 1 1 0 0 1 1 0 0 1 0 0.0
420 15 6686 1 0 1 0 0 1 0 0 1 1 1 1 0 0 0 0.0
421 15 8516 0 0 0 1 1 1 0 1 0 1 0 0 0 1 1 0.0
422 15 5723 0 0 1 0 0 1 1 1 0 1 0 0 0 1 0 0.0
423 15 8098 0 0 0 1 0 1 0 1 1 1 1 1 0 0 1 0.0
424 15 6290 0 0 1 0 1 0 0 1 0 1 0 0 0 1 1 0.0
425 15 7175 0 0 0 0 1 1 0 1 1 0 1 1 1 0 1 0.0
426 15 3295 0 1 0 0 0 0 0 1 1 0 1 0 0 1 0 0.0
427 15 6309 1 1 1 0 0 1 0 0 0 1 0 0 0 1 1 0.0
428 15 4530 1 1 1 0 0 1 0 1 0 0 0 0 1 0 0 0.0
429 15 5469 0 0 0 0 0 1 0 1 0 1 1 1 1 0 1 0.0
430 15 7066 1 1 0 0 0 1 0 0 0 1 0 0 0 1 1 0.0
431 15 4927 1 0 0 1 0 1 1 0 1 0 0 0 0 1 0 0.0
432 15 5223 0 0 1 1 0 0 1 1 0 0 0 1 0 1 1 0.0
433 15 5965 0 0 1 0 0 0 0 1 1 1 0 1 0 0 1 0.0
434 15 7878 1 1 0 1 1 1 0 1 0 1 0 0 0 1 0 0.0
435 15 8207 1 0 1 1 0 1 0 0 1 1 0 0 1 1 0 0.0
436 15 5559 1 0 0 0 1 1 0 0 0 1 0 0 0 1 1 0.0
437 15 5685 0 1 0 0 0 1 1 0 0 1 1 1 1 1 0 0.0
438 15 5385 1 1 1 1 0 0 0 0 1 0 1 0 0 0 1 0.0
439 15 4469 0 0 0 0 1 1 0 0 0 0 0 0 0 1 1 0.0
440 15 6950 0 0 1 0 1 0 0 1 0 1 0 1 1 1 1 0.0
441 15 4323 0 1 0 0 0 1 0 1 1 1 1 0 0 0 0 0.0
442 15 6136 1 1 0 0 0 0 1 0 0 0 1 1 1 0 0 0.0
443 15 6855 0 0 1 0 1 1 1 0 1 0 0 0 1 1 0 0.0
444 15 6309 0 0 0 0 0 1 0 1 0 1 1 0 0 1 1 0.0
445 15 6167 1 1 1 0 0 1 1 0 1 1 0 1 0 0 0 0.0
446 15 6846 1 0 0 0 0 1 1 1 1 0 0 0 0 0 1 0.0
447 15 5886 0 0 1 1 0 1 0 0 1 1 1 0 0 0 0 0.0
448 15 5021 1 0 0 0 0 0 0 1 1 1 0 0 1 0 1 0.0
449 15 5707 1 1 1 1 1 1 0 0 0 0 0 0 0 0 0 0.0
450 15 6062 1 0 0 1 1 0 0 0 1 1 1 0 0 0 1 0.0
451 15 6589 1 0 1 1 0 0 0 1 0 0 0 1 0 1 1 0.0
452 15 8391 0 1 0 0 1 1 0 1 1 1 0 0 1 0 1 0.0
453 15 6120 1 0 0 1 1 0 1 0 0 1 1 1 0 0 0 0.0
454 15 6477 0 0 0 0 1 1 0 0 0 1 0 1 0 1 1 0.0
455 15 6356 0 1 0 1 0 0 1 1 1 0 0 1 1 1 0 0.0
456 15 5865 0 0 1 0 1 1 0 1 1 0 0 0 1 0 0 0.0
457 15 5607 0 0 1 0 0 0 0 0 1 1 1 1 1 1 1 0.0
458 15 5459 1 1 0 0 1 0 0 1 1 1 0 1 0 0 0 0.0
459 15 5745 0 1 0 0 1 0 1 0 1 1 1 0 0 0 1 0.0
460 15 4925 1 0 0 0 0 1 0 0 1 1 0 1 0 0 0 0.0
461 15 7318 1 1 0 0 0 1 0 0 1 1 1 1 0 0 0 0.0
462 15 5197 0 1 0 0 0 1 0 0 0 1 1 0 0 1 0 0.0
463 15 6291 0 1 0 0 1 1 1 1 0 0 0 1 1 0 0 0.0
464 15 4838 0 1 0 1 1 1 1 1 0 0 1 0 0 0 1 0.0
465 15 4849 0 1 0 0 0 1 1 0 0 1 1 0 0 1 0 0.0
466 15 3839 1 1 0 0 0 0 0 0 1 1 1 0 0 0 0 0.0
467 15 8012 0 1 0 1 0 1 0 0 1 1 1 0 1 1 1 0.0
468 15 6234 0 0 1 1 0 1 0 1 1 0 1 0 0 0 1 0.0
469 15 4887 0 0 1 0 0 1 1 0 0 0 1 0 0 1 1 0.0
470 15 4538 0 1 0 0 1 1 1 1 1 1 0 0 0 0 0 0.0
471 15 4132 0 0 0 0 1 0 0 0 0 1 0 0 1 0 0 0.0
472 15 5227 1 0 0 0 0 1 0 0 1 1 0 1 1 0 0 0.0
473 15 4749 0 1 1 0 1 1 0 0 0 1 0 1 0 0 0 0.0
474 15 5839 1 0 1 0 0 0 0 1 0 0 0 0 1 0 1 0.0
475 15 8253 0 0 1 0 1 1 1 0 0 0 1 1 1 0 1 0.0
476 15 3402 0 0 0 0 0 1 1 0 0 0 1 1 0 1 0 0.0
477 15 4568 0 0 1 1 0 0 1 1 0 1 0 0 0 0 1 0.0
478 15 4659 0 0 0 0 1 1 0 0 1 0 0 1 1 1 0 0.0
479 15 5247 0 1 1 0 0 0 0 0 1 0 1 0 1 1 0 0.0
480 15 7763 0 1 1 1 1 0 0 1 0 1 1 0 0 0 0 0.0
481 15 5178 1 1 1 0 0 0 0 1 0 0 0 0 1 0 0 0.0
482 15 6609 1 0 0 1 1 0 1 0 0 1 1 0 0 0 0 0.0
483 15 4839 1 0 0 0 0 0 0 0 1 1 1 0 1 1 0 0.0
484 15 6661 1 0 1 1 0 0 1 0 0 1 0 1 0 1 1 0.0
485 15 5412 1 0 1 0 0 0 0 1 1 0 0 0 0 1 1 0.0
486 15 4035 0 1 0 0 0 0 1 1 0 1 0 1 0 0 0 0.0
487 15 5706 1 1 0 0 0 0 0 1 0 0 1 1 0 0 1 0.0
488 15 7239 1 1 0 1 1 0 0 0 1 0 0 0 0 1 1 0.0
489 15 3936 0 1 1 0 0 1 0 0 0 1 1 0 0 0 0 0.0
490 15 5044 0 1 0 0 0 0 0 1 1 1 0 1 0 0 1 0.0
491 15 6421 1 1 0 0 0 0 0 1 1 0 0 0 1 0 0 0.0
492 15 4992 0 1 0 1 1 1 0 1 0 0 0 0 1 0 0 0.0
493 15 5060 1 1 0 1 0 0 1 0 1 0 0 1 0 0 0 0.0
494 15 5436 1 1 0 0 0 1 1 1 0 1 0 0 0 1 0 0.0
495 15 4837 1 1 0 0 0 0 0 0 0 0 0 1 1 1 0 0.0
496 15 7089 0 0 0 1 1 1 0 0 0 1 1 0 1 1 0 0.0
497 15 8440 0 1 0 0 1 0 1 1 0 1 1 1 1 1 0 0.0
498 15 6068 0 1 0 0 0 0 1 1 1 1 1 0 1 0 0 0.0
499 15 4413 0 1 0 0 0 0 1 1 0 0 1 0 1 0 1 0.0
500 15 6871 0 1 0 1 0 0 0 0 1 1 1 0 1 1 0 0.0
