5 1 0.007
5 1 0.009
5 1 0.007
5 1 0.013
5 1 0.008
5 1 0.012
5 1 0.009
5 1 0.012
5 1 0.011
5 1 0.011
5 1 0.013
5 1 0.011
5 1 0.011
5 1 0.008
5 1 0.015
5 1 0.012
5 1 0.010
5 1 0.012
5 1 0.012
5 1 0.013
5 1 0.007
5 1 0.014
5 1 0.010
5 1 0.007
5 1 0.013
5 1 0.012
5 1 0.009
5 1 0.014
5 1 0.014
5 1 0.013
5 1 0.010
5 1 0.013
5 1 0.010
5 1 0.007
5 1 0.013
5 1 0.008
5 1 0.014
5 1 0.012
5 1 0.010
5 1 0.010
5 1 0.013
5 1 0.011
5 1 0.012
5 1 0.012
5 1 0.012
5 1 0.008
5 1 0.011
5 1 0.011
5 1 0.014
5 1 0.006
5 1 0.011
5 1 0.012
5 1 0.010
5 1 0.010
5 1 0.013
5 1 0.009
5 1 0.009
5 1 0.008
5 1 0.008
5 1 0.010
5 1 0.011
5 1 0.014
5 1 0.010
5 1 0.012
5 1 0.007
5 1 0.009
5 1 0.010
5 1 0.010
5 1 0.010
5 1 0.010
5 1 0.012
5 1 0.009
5 1 0.010
5 1 0.008
5 1 0.010
5 1 0.011
5 1 0.007
5 1 0.007
5 1 0.012
5 1 0.009
5 1 0.009
5 1 0.012
5 1 0.009
5 1 0.012
5 1 0.009
5 1 0.012
5 1 0.013
5 1 0.009
5 1 0.014
5 1 0.012
5 1 0.013
5 1 0.011
5 1 0.008
5 1 0.009
5 1 0.008
5 1 0.010
5 1 0.012
5 1 0.013
5 1 0.010
5 1 0.012
5 1 0.012
5 1 0.011
5 1 0.013
5 1 0.010
5 1 0.009
5 1 0.011
5 1 0.007
5 1 0.010
5 1 0.011
5 1 0.006
5 1 0.010
5 1 0.012
5 1 0.012
5 1 0.011
5 1 0.010
5 1 0.011
5 1 0.014
5 1 0.010
5 1 0.010
5 1 0.009
5 1 0.011
5 1 0.010
5 1 0.012
5 1 0.008
5 1 0.009
5 1 0.009
5 1 0.012
5 1 0.014
5 1 0.010
5 1 0.012
5 1 0.009
5 1 0.013
5 1 0.010
5 1 0.007
5 1 0.010
5 1 0.009
5 1 0.011
5 1 0.011
5 1 0.015
5 1 0.008
5 1 0.007
5 1 0.012
5 1 0.013
5 1 0.010
5 1 0.011
5 1 0.011
5 1 0.011
5 1 0.009
5 1 0.006
5 1 0.010
5 1 0.013
5 1 0.008
5 1 0.010
5 1 0.014
5 1 0.008
5 1 0.009
5 1 0.014
5 1 0.010
5 1 0.011
5 1 0.012
5 1 0.013
5 1 0.012
5 1 0.008
5 1 0.011
5 1 0.009
5 1 0.010
5 1 0.013
5 1 0.009
5 1 0.011
5 1 0.012
5 1 0.008
5 1 0.009
5 1 0.011
5 1 0.011
5 1 0.015
5 1 0.012
5 1 0.011
5 1 0.011
5 1 0.009
5 1 0.010
5 1 0.010
5 1 0.009
5 1 0.013
5 1 0.011
5 1 0.010
5 1 0.010
5 1 0.011
5 1 0.011
5 1 0.009
5 1 0.013
5 1 0.010
5 1 0.012
5 1 0.014
5 1 0.013
5 1 0.011
5 1 0.006
5 1 0.008
5 1 0.011
5 1 0.008
5 1 0.009
5 1 0.010
5 1 0.011
5 1 0.014
5 1 0.010
5 1 0.011
5 1 0.011
5 1 0.012
5 1 0.012
5 1 0.010
5 1 0.012
5 1 0.007
5 1 0.013
5 1 0.012
5 1 0.007
5 1 0.015
5 1 0.013
5 1 0.013
5 1 0.006
5 1 0.013
5 1 0.011
5 1 0.010
5 1 0.008
5 1 0.010
5 1 0.008
5 1 0.009
5 1 0.010
5 1 0.012
5 1 0.011
5 1 0.006
5 1 0.011
5 1 0.013
5 1 0.009
5 1 0.011
5 1 0.008
5 1 0.008
5 1 0.009
5 1 0.012
5 1 0.009
5 1 0.008
5 1 0.010
5 1 0.009
5 1 0.011
5 1 0.014
5 1 0.011
5 1 0.009
5 1 0.012
5 1 0.007
5 1 0.012
5 1 0.012
5 1 0.008
5 1 0.008
5 1 0.012
5 1 0.013
5 1 0.011
5 1 0.012
5 1 0.007
5 1 0.013
5 1 0.009
5 1 0.012
5 1 0.012
5 1 0.009
5 1 0.011
5 1 0.012
5 1 0.009
5 1 0.007
5 1 0.007
5 1 0.013
5 1 0.011
5 1 0.013
5 1 0.008
5 1 0.009
5 1 0.011
5 1 0.008
5 1 0.010
5 1 0.005
5 1 0.011
5 1 0.011
5 1 0.013
5 1 0.010
5 1 0.010
5 1 0.012
5 1 0.010
5 1 0.008
5 1 0.014
5 1 0.011
5 1 0.009
5 1 0.011
5 1 0.013
5 1 0.012
5 1 0.009
5 1 0.007
5 1 0.011
5 1 0.009
5 1 0.011
5 1 0.014
5 1 0.010
5 1 0.011
5 1 0.009
5 1 0.010
5 1 0.008
5 1 0.011
5 1 0.010
5 1 0.016
5 1 0.007
5 1 0.009
5 1 0.012
5 1 0.012
5 1 0.007
5 1 0.008
5 1 0.009
5 1 0.009
5 1 0.011
5 1 0.009
5 1 0.010
5 1 0.010
5 1 0.013
5 1 0.009
5 1 0.013
5 1 0.014
5 1 0.013
5 1 0.009
5 1 0.012
5 1 0.008
5 1 0.010
5 1 0.012
5 1 0.011
5 1 0.008
5 1 0.012
5 1 0.007
5 1 0.011
5 1 0.011
5 1 0.009
5 1 0.009
5 1 0.010
5 1 0.012
5 1 0.010
5 1 0.009
5 1 0.010
5 1 0.011
5 1 0.008
5 1 0.009
5 1 0.010
5 1 0.013
5 1 0.010
5 1 0.010
5 1 0.010
5 1 0.015
5 1 0.008
5 1 0.010
5 1 0.010
5 1 0.012
5 1 0.011
5 1 0.011
5 1 0.012
5 1 0.010
5 1 0.008
5 1 0.012
5 1 0.008
5 1 0.015
5 1 0.010
5 1 0.009
5 1 0.010
5 1 0.015
5 1 0.008
5 1 0.010
5 1 0.013
5 1 0.008
5 1 0.013
5 1 0.010
5 1 0.012
5 1 0.011
5 1 0.009
5 1 0.011
5 1 0.008
5 1 0.010
5 1 0.013
5 1 0.007
5 1 0.012
5 1 0.009
5 1 0.010
5 1 0.009
5 1 0.009
5 1 0.008
5 1 0.008
5 1 0.010
5 1 0.009
5 1 0.009
5 1 0.010
5 1 0.008
5 1 0.012
5 1 0.012
5 1 0.009
5 1 0.012
5 1 0.007
5 1 0.013
5 1 0.009
5 1 0.012
5 1 0.011
5 1 0.007
5 1 0.013
5 1 0.012
5 1 0.010
5 1 0.009
5 1 0.014
5 1 0.007
5 1 0.011
5 1 0.013
5 1 0.012
5 1 0.008
5 1 0.012
5 1 0.008
5 1 0.009
5 1 0.012
5 1 0.011
5 1 0.012
5 1 0.008
5 1 0.014
5 1 0.010
5 1 0.011
5 1 0.012
5 1 0.009
5 1 0.010
5 1 0.009
5 1 0.009
5 1 0.013
5 1 0.011
5 1 0.008
5 1 0.011
5 1 0.013
5 1 0.010
5 1 0.007
5 1 0.010
5 1 0.010
5 1 0.010
5 1 0.008
5 1 0.013
5 1 0.010
5 1 0.011
5 1 0.009
5 1 0.008
5 1 0.011
5 1 0.011
5 1 0.008
5 1 0.005
5 1 0.008
5 1 0.007
5 1 0.009
5 1 0.012
5 1 0.006
5 1 0.011
5 1 0.011
5 1 0.013
5 1 0.010
5 1 0.007
5 1 0.012
5 1 0.012
5 1 0.014
5 1 0.013
5 1 0.013
5 1 0.009
5 1 0.012
5 1 0.009
5 1 0.014
5 1 0.011
5 1 0.015
5 1 0.009
5 1 0.010
5 1 0.009
5 1 0.010
5 1 0.010
5 1 0.009
5 1 0.010
5 1 0.008
5 1 0.014
5 1 0.008
5 1 0.013
5 1 0.012
5 1 0.012
5 1 0.009
5 1 0.009
5 1 0.008
5 1 0.008
5 1 0.010
5 1 0.009
5 1 0.012
5 1 0.013
5 1 0.013
5 1 0.010
5 1 0.005
5 1 0.013
5 1 0.010
5 1 0.012
5 1 0.010
5 1 0.010
5 1 0.012
5 1 0.014
5 1 0.009
5 1 0.014
5 1 0.009
5 1 0.011
5 2 0.007
5 2 0.009
5 2 0.007
5 2 0.014
5 2 0.008
5 2 0.012
5 2 0.009
5 2 0.012
5 2 0.010
5 2 0.011
5 2 0.013
5 2 0.011
5 2 0.011
5 2 0.008
5 2 0.015
5 2 0.012
5 2 0.010
5 2 0.012
5 2 0.011
5 2 0.013
5 2 0.007
5 2 0.014
5 2 0.010
5 2 0.007
5 2 0.012
5 2 0.012
5 2 0.009
5 2 0.014
5 2 0.014
5 2 0.013
5 2 0.009
5 2 0.013
5 2 0.010
5 2 0.007
5 2 0.012
5 2 0.008
5 2 0.013
5 2 0.012
5 2 0.010
5 2 0.010
5 2 0.013
5 2 0.011
5 2 0.012
5 2 0.012
5 2 0.013
5 2 0.008
5 2 0.012
5 2 0.011
5 2 0.013
5 2 0.006
5 2 0.011
5 2 0.010
5 2 0.010
5 2 0.010
5 2 0.013
5 2 0.009
5 2 0.009
5 2 0.008
5 2 0.008
5 2 0.010
5 2 0.011
5 2 0.014
5 2 0.010
5 2 0.012
5 2 0.008
5 2 0.009
5 2 0.010
5 2 0.009
5 2 0.010
5 2 0.010
5 2 0.011
5 2 0.009
5 2 0.010
5 2 0.008
5 2 0.009
5 2 0.011
5 2 0.007
5 2 0.007
5 2 0.012
5 2 0.009
5 2 0.009
5 2 0.012
5 2 0.009
5 2 0.012
5 2 0.009
5 2 0.013
5 2 0.010
5 2 0.009
5 2 0.014
5 2 0.012
5 2 0.013
5 2 0.011
5 2 0.008
5 2 0.009
5 2 0.008
5 2 0.010
5 2 0.012
5 2 0.013
5 2 0.011
5 2 0.012
5 2 0.013
5 2 0.011
5 2 0.013
5 2 0.010
5 2 0.009
5 2 0.011
5 2 0.006
5 2 0.010
5 2 0.011
5 2 0.006
5 2 0.011
5 2 0.012
5 2 0.012
5 2 0.011
5 2 0.010
5 2 0.011
5 2 0.014
5 2 0.010
5 2 0.010
5 2 0.009
5 2 0.011
5 2 0.010
5 2 0.012
5 2 0.008
5 2 0.009
5 2 0.009
5 2 0.012
5 2 0.014
5 2 0.010
5 2 0.012
5 2 0.009
5 2 0.013
5 2 0.010
5 2 0.007
5 2 0.011
5 2 0.009
5 2 0.011
5 2 0.011
5 2 0.015
5 2 0.008
5 2 0.007
5 2 0.012
5 2 0.013
5 2 0.010
5 2 0.012
5 2 0.011
5 2 0.011
5 2 0.009
5 2 0.007
5 2 0.010
5 2 0.014
5 2 0.008
5 2 0.010
5 2 0.014
5 2 0.008
5 2 0.009
5 2 0.014
5 2 0.010
5 2 0.011
5 2 0.012
5 2 0.013
5 2 0.013
5 2 0.008
5 2 0.010
5 2 0.009
5 2 0.010
5 2 0.013
5 2 0.009
5 2 0.011
5 2 0.012
5 2 0.008
5 2 0.009
5 2 0.010
5 2 0.011
5 2 0.014
5 2 0.012
5 2 0.010
5 2 0.011
5 2 0.009
5 2 0.010
5 2 0.010
5 2 0.010
5 2 0.013
5 2 0.011
5 2 0.011
5 2 0.010
5 2 0.011
5 2 0.010
5 2 0.008
5 2 0.013
5 2 0.010
5 2 0.012
5 2 0.014
5 2 0.013
5 2 0.012
5 2 0.006
5 2 0.009
5 2 0.011
5 2 0.008
5 2 0.009
5 2 0.010
5 2 0.011
5 2 0.014
5 2 0.010
5 2 0.011
5 2 0.011
5 2 0.011
5 2 0.011
5 2 0.010
5 2 0.013
5 2 0.007
5 2 0.012
5 2 0.012
5 2 0.007
5 2 0.014
5 2 0.013
5 2 0.013
5 2 0.006
5 2 0.014
5 2 0.011
5 2 0.010
5 2 0.008
5 2 0.010
5 2 0.008
5 2 0.009
5 2 0.011
5 2 0.013
5 2 0.011
5 2 0.006
5 2 0.010
5 2 0.013
5 2 0.009
5 2 0.011
5 2 0.008
5 2 0.008
5 2 0.009
5 2 0.011
5 2 0.009
5 2 0.008
5 2 0.010
5 2 0.008
5 2 0.011
5 2 0.014
5 2 0.011
5 2 0.009
5 2 0.012
5 2 0.007
5 2 0.012
5 2 0.012
5 2 0.008
5 2 0.008
5 2 0.011
5 2 0.013
5 2 0.011
5 2 0.012
5 2 0.007
5 2 0.013
5 2 0.009
5 2 0.012
5 2 0.012
5 2 0.010
5 2 0.012
5 2 0.012
5 2 0.009
5 2 0.007
5 2 0.008
5 2 0.014
5 2 0.010
5 2 0.013
5 2 0.008
5 2 0.008
5 2 0.011
5 2 0.008
5 2 0.010
5 2 0.005
5 2 0.011
5 2 0.011
5 2 0.012
5 2 0.010
5 2 0.010
5 2 0.012
5 2 0.010
5 2 0.008
5 2 0.013
5 2 0.011
5 2 0.009
5 2 0.011
5 2 0.013
5 2 0.012
5 2 0.010
5 2 0.007
5 2 0.010
5 2 0.009
5 2 0.011
5 2 0.014
5 2 0.010
5 2 0.011
5 2 0.009
5 2 0.010
5 2 0.008
5 2 0.011
5 2 0.010
5 2 0.016
5 2 0.007
5 2 0.009
5 2 0.012
5 2 0.012
5 2 0.007
5 2 0.008
5 2 0.009
5 2 0.009
5 2 0.011
5 2 0.009
5 2 0.010
5 2 0.010
5 2 0.014
5 2 0.009
5 2 0.013
5 2 0.014
5 2 0.013
5 2 0.009
5 2 0.012
5 2 0.008
5 2 0.010
5 2 0.012
5 2 0.011
5 2 0.008
5 2 0.012
5 2 0.007
5 2 0.011
5 2 0.011
5 2 0.008
5 2 0.009
5 2 0.010
5 2 0.011
5 2 0.010
5 2 0.009
5 2 0.010
5 2 0.011
5 2 0.008
5 2 0.009
5 2 0.010
5 2 0.013
5 2 0.010
5 2 0.010
5 2 0.010
5 2 0.014
5 2 0.008
5 2 0.010
5 2 0.011
5 2 0.012
5 2 0.011
5 2 0.011
5 2 0.012
5 2 0.010
5 2 0.009
5 2 0.012
5 2 0.008
5 2 0.015
5 2 0.011
5 2 0.009
5 2 0.010
5 2 0.015
5 2 0.008
5 2 0.011
5 2 0.013
5 2 0.008
5 2 0.013
5 2 0.010
5 2 0.012
5 2 0.011
5 2 0.009
5 2 0.011
5 2 0.009
5 2 0.010
5 2 0.013
5 2 0.007
5 2 0.012
5 2 0.009
5 2 0.010
5 2 0.009
5 2 0.009
5 2 0.008
5 2 0.008
5 2 0.010
5 2 0.009
5 2 0.009
5 2 0.010
5 2 0.008
5 2 0.012
5 2 0.012
5 2 0.009
5 2 0.012
5 2 0.007
5 2 0.013
5 2 0.009
5 2 0.012
5 2 0.011
5 2 0.007
5 2 0.013
5 2 0.012
5 2 0.010
5 2 0.009
5 2 0.014
5 2 0.007
5 2 0.011
5 2 0.013
5 2 0.012
5 2 0.008
5 2 0.012
5 2 0.007
5 2 0.009
5 2 0.011
5 2 0.011
5 2 0.012
5 2 0.009
5 2 0.014
5 2 0.010
5 2 0.011
5 2 0.012
5 2 0.009
5 2 0.010
5 2 0.010
5 2 0.009
5 2 0.013
5 2 0.011
5 2 0.009
5 2 0.011
5 2 0.013
5 2 0.010
5 2 0.007
5 2 0.009
5 2 0.011
5 2 0.010
5 2 0.009
5 2 0.013
5 2 0.010
5 2 0.011
5 2 0.010
5 2 0.009
5 2 0.011
5 2 0.011
5 2 0.009
5 2 0.005
5 2 0.007
5 2 0.007
5 2 0.008
5 2 0.012
5 2 0.006
5 2 0.011
5 2 0.012
5 2 0.013
5 2 0.010
5 2 0.007
5 2 0.011
5 2 0.012
5 2 0.014
5 2 0.013
5 2 0.013
5 2 0.009
5 2 0.011
5 2 0.009
5 2 0.014
5 2 0.011
5 2 0.015
5 2 0.009
5 2 0.011
5 2 0.009
5 2 0.010
5 2 0.010
5 2 0.009
5 2 0.010
5 2 0.008
5 2 0.014
5 2 0.008
5 2 0.014
5 2 0.012
5 2 0.012
5 2 0.009
5 2 0.009
5 2 0.008
5 2 0.008
5 2 0.010
5 2 0.009
5 2 0.013
5 2 0.012
5 2 0.013
5 2 0.010
5 2 0.005
5 2 0.014
5 2 0.010
5 2 0.012
5 2 0.011
5 2 0.010
5 2 0.012
5 2 0.014
5 2 0.009
5 2 0.014
5 2 0.009
5 2 0.011
5 3 0.007
5 3 0.009
5 3 0.008
5 3 0.013
5 3 0.008
5 3 0.012
5 3 0.009
5 3 0.012
5 3 0.011
5 3 0.011
5 3 0.013
5 3 0.011
5 3 0.011
5 3 0.008
5 3 0.016
5 3 0.012
5 3 0.010
5 3 0.012
5 3 0.012
5 3 0.013
5 3 0.007
5 3 0.014
5 3 0.010
5 3 0.007
5 3 0.013
5 3 0.012
5 3 0.009
5 3 0.014
5 3 0.014
5 3 0.012
5 3 0.010
5 3 0.013
5 3 0.011
5 3 0.007
5 3 0.013
5 3 0.008
5 3 0.014
5 3 0.012
5 3 0.010
5 3 0.010
5 3 0.013
5 3 0.010
5 3 0.011
5 3 0.012
5 3 0.012
5 3 0.009
5 3 0.011
5 3 0.011
5 3 0.014
5 3 0.007
5 3 0.011
5 3 0.011
5 3 0.010
5 3 0.009
5 3 0.013
5 3 0.009
5 3 0.009
5 3 0.008
5 3 0.008
5 3 0.010
5 3 0.010
5 3 0.014
5 3 0.010
5 3 0.012
5 3 0.008
5 3 0.009
5 3 0.010
5 3 0.010
5 3 0.010
5 3 0.010
5 3 0.012
5 3 0.009
5 3 0.010
5 3 0.008
5 3 0.009
5 3 0.011
5 3 0.007
5 3 0.007
5 3 0.013
5 3 0.009
5 3 0.009
5 3 0.011
5 3 0.009
5 3 0.012
5 3 0.009
5 3 0.013
5 3 0.010
5 3 0.009
5 3 0.014
5 3 0.012
5 3 0.013
5 3 0.011
5 3 0.008
5 3 0.009
5 3 0.008
5 3 0.010
5 3 0.012
5 3 0.013
5 3 0.011
5 3 0.012
5 3 0.012
5 3 0.011
5 3 0.013
5 3 0.010
5 3 0.009
5 3 0.011
5 3 0.007
5 3 0.010
5 3 0.011
5 3 0.006
5 3 0.010
5 3 0.012
5 3 0.012
5 3 0.012
5 3 0.010
5 3 0.011
5 3 0.014
5 3 0.010
5 3 0.010
5 3 0.009
5 3 0.011
5 3 0.010
5 3 0.012
5 3 0.008
5 3 0.009
5 3 0.009
5 3 0.012
5 3 0.015
5 3 0.010
5 3 0.012
5 3 0.009
5 3 0.013
5 3 0.010
5 3 0.007
5 3 0.011
5 3 0.009
5 3 0.011
5 3 0.011
5 3 0.015
5 3 0.008
5 3 0.007
5 3 0.012
5 3 0.013
5 3 0.010
5 3 0.011
5 3 0.011
5 3 0.011
5 3 0.009
5 3 0.007
5 3 0.010
5 3 0.014
5 3 0.009
5 3 0.010
5 3 0.014
5 3 0.008
5 3 0.009
5 3 0.014
5 3 0.011
5 3 0.011
5 3 0.012
5 3 0.013
5 3 0.012
5 3 0.008
5 3 0.011
5 3 0.009
5 3 0.010
5 3 0.013
5 3 0.009
5 3 0.011
5 3 0.012
5 3 0.008
5 3 0.009
5 3 0.010
5 3 0.011
5 3 0.014
5 3 0.012
5 3 0.011
5 3 0.011
5 3 0.008
5 3 0.011
5 3 0.011
5 3 0.010
5 3 0.013
5 3 0.011
5 3 0.010
5 3 0.010
5 3 0.011
5 3 0.011
5 3 0.009
5 3 0.013
5 3 0.010
5 3 0.012
5 3 0.015
5 3 0.013
5 3 0.012
5 3 0.006
5 3 0.008
5 3 0.011
5 3 0.007
5 3 0.009
5 3 0.011
5 3 0.011
5 3 0.014
5 3 0.010
5 3 0.011
5 3 0.011
5 3 0.011
5 3 0.011
5 3 0.010
5 3 0.012
5 3 0.007
5 3 0.012
5 3 0.012
5 3 0.006
5 3 0.014
5 3 0.013
5 3 0.013
5 3 0.006
5 3 0.014
5 3 0.011
5 3 0.010
5 3 0.008
5 3 0.010
5 3 0.008
5 3 0.009
5 3 0.011
5 3 0.013
5 3 0.011
5 3 0.006
5 3 0.010
5 3 0.013
5 3 0.009
5 3 0.011
5 3 0.008
5 3 0.008
5 3 0.009
5 3 0.011
5 3 0.009
5 3 0.008
5 3 0.010
5 3 0.008
5 3 0.010
5 3 0.014
5 3 0.011
5 3 0.009
5 3 0.012
5 3 0.006
5 3 0.012
5 3 0.012
5 3 0.008
5 3 0.008
5 3 0.011
5 3 0.013
5 3 0.011
5 3 0.013
5 3 0.007
5 3 0.013
5 3 0.009
5 3 0.012
5 3 0.011
5 3 0.010
5 3 0.012
5 3 0.013
5 3 0.009
5 3 0.007
5 3 0.008
5 3 0.013
5 3 0.011
5 3 0.013
5 3 0.008
5 3 0.008
5 3 0.011
5 3 0.008
5 3 0.010
5 3 0.005
5 3 0.012
5 3 0.011
5 3 0.012
5 3 0.010
5 3 0.010
5 3 0.012
5 3 0.011
5 3 0.008
5 3 0.014
5 3 0.011
5 3 0.009
5 3 0.011
5 3 0.013
5 3 0.012
5 3 0.010
5 3 0.007
5 3 0.010
5 3 0.010
5 3 0.010
5 3 0.014
5 3 0.010
5 3 0.011
5 3 0.009
5 3 0.010
5 3 0.008
5 3 0.011
5 3 0.010
5 3 0.016
5 3 0.007
5 3 0.009
5 3 0.012
5 3 0.013
5 3 0.007
5 3 0.008
5 3 0.009
5 3 0.010
5 3 0.011
5 3 0.009
5 3 0.010
5 3 0.010
5 3 0.014
5 3 0.009
5 3 0.013
5 3 0.014
5 3 0.012
5 3 0.009
5 3 0.012
5 3 0.008
5 3 0.010
5 3 0.012
5 3 0.011
5 3 0.008
5 3 0.012
5 3 0.007
5 3 0.012
5 3 0.011
5 3 0.008
5 3 0.009
5 3 0.010
5 3 0.011
5 3 0.010
5 3 0.009
5 3 0.010
5 3 0.011
5 3 0.008
5 3 0.009
5 3 0.010
5 3 0.013
5 3 0.010
5 3 0.010
5 3 0.010
5 3 0.014
5 3 0.008
5 3 0.010
5 3 0.011
5 3 0.013
5 3 0.011
5 3 0.011
5 3 0.012
5 3 0.010
5 3 0.009
5 3 0.012
5 3 0.008
5 3 0.015
5 3 0.011
5 3 0.009
5 3 0.010
5 3 0.015
5 3 0.008
5 3 0.010
5 3 0.013
5 3 0.009
5 3 0.013
5 3 0.009
5 3 0.012
5 3 0.011
5 3 0.009
5 3 0.011
5 3 0.008
5 3 0.010
5 3 0.012
5 3 0.007
5 3 0.012
5 3 0.009
5 3 0.009
5 3 0.009
5 3 0.009
5 3 0.008
5 3 0.007
5 3 0.010
5 3 0.009
5 3 0.009
5 3 0.010
5 3 0.008
5 3 0.012
5 3 0.012
5 3 0.009
5 3 0.012
5 3 0.007
5 3 0.013
5 3 0.009
5 3 0.012
5 3 0.011
5 3 0.007
5 3 0.013
5 3 0.012
5 3 0.010
5 3 0.009
5 3 0.014
5 3 0.007
5 3 0.011
5 3 0.013
5 3 0.011
5 3 0.008
5 3 0.012
5 3 0.008
5 3 0.009
5 3 0.011
5 3 0.011
5 3 0.013
5 3 0.008
5 3 0.014
5 3 0.010
5 3 0.011
5 3 0.012
5 3 0.009
5 3 0.010
5 3 0.010
5 3 0.009
5 3 0.013
5 3 0.011
5 3 0.009
5 3 0.011
5 3 0.013
5 3 0.010
5 3 0.007
5 3 0.010
5 3 0.010
5 3 0.010
5 3 0.008
5 3 0.013
5 3 0.010
5 3 0.011
5 3 0.009
5 3 0.008
5 3 0.011
5 3 0.011
5 3 0.008
5 3 0.005
5 3 0.008
5 3 0.007
5 3 0.009
5 3 0.012
5 3 0.006
5 3 0.011
5 3 0.011
5 3 0.013
5 3 0.010
5 3 0.007
5 3 0.011
5 3 0.012
5 3 0.013
5 3 0.013
5 3 0.013
5 3 0.009
5 3 0.012
5 3 0.009
5 3 0.014
5 3 0.011
5 3 0.015
5 3 0.009
5 3 0.011
5 3 0.009
5 3 0.010
5 3 0.010
5 3 0.009
5 3 0.010
5 3 0.008
5 3 0.014
5 3 0.008
5 3 0.013
5 3 0.012
5 3 0.012
5 3 0.009
5 3 0.009
5 3 0.008
5 3 0.008
5 3 0.010
5 3 0.009
5 3 0.013
5 3 0.013
5 3 0.013
5 3 0.010
5 3 0.005
5 3 0.013
5 3 0.010
5 3 0.012
5 3 0.011
5 3 0.010
5 3 0.012
5 3 0.014
5 3 0.009
5 3 0.014
5 3 0.009
5 3 0.011
10 1 0.029
10 1 0.033
10 1 0.040
10 1 0.035
10 1 0.034
10 1 0.043
10 1 0.039
10 1 0.043
10 1 0.047
10 1 0.034
10 1 0.056
10 1 0.046
10 1 0.034
10 1 0.042
10 1 0.041
10 1 0.048
10 1 0.043
10 1 0.048
10 1 0.039
10 1 0.041
10 1 0.046
10 1 0.037
10 1 0.040
10 1 0.046
10 1 0.043
10 1 0.043
10 1 0.049
10 1 0.035
10 1 0.037
10 1 0.040
10 1 0.034
10 1 0.038
10 1 0.037
10 1 0.046
10 1 0.040
10 1 0.028
10 1 0.045
10 1 0.033
10 1 0.040
10 1 0.038
10 1 0.033
10 1 0.035
10 1 0.041
10 1 0.039
10 1 0.037
10 1 0.040
10 1 0.047
10 1 0.036
10 1 0.046
10 1 0.043
10 1 0.035
10 1 0.029
10 1 0.048
10 1 0.042
10 1 0.049
10 1 0.050
10 1 0.046
10 1 0.037
10 1 0.037
10 1 0.031
10 1 0.043
10 1 0.044
10 1 0.042
10 1 0.043
10 1 0.037
10 1 0.037
10 1 0.040
10 1 0.038
10 1 0.030
10 1 0.053
10 1 0.036
10 1 0.044
10 1 0.031
10 1 0.038
10 1 0.034
10 1 0.044
10 1 0.030
10 1 0.047
10 1 0.040
10 1 0.051
10 1 0.030
10 1 0.034
10 1 0.041
10 1 0.045
10 1 0.033
10 1 0.044
10 1 0.043
10 1 0.044
10 1 0.043
10 1 0.035
10 1 0.047
10 1 0.037
10 1 0.039
10 1 0.047
10 1 0.041
10 1 0.049
10 1 0.037
10 1 0.037
10 1 0.033
10 1 0.045
10 1 0.043
10 1 0.037
10 1 0.034
10 1 0.038
10 1 0.044
10 1 0.048
10 1 0.040
10 1 0.039
10 1 0.027
10 1 0.037
10 1 0.050
10 1 0.040
10 1 0.043
10 1 0.040
10 1 0.042
10 1 0.045
10 1 0.034
10 1 0.043
10 1 0.035
10 1 0.044
10 1 0.033
10 1 0.037
10 1 0.042
10 1 0.041
10 1 0.035
10 1 0.044
10 1 0.038
10 1 0.035
10 1 0.041
10 1 0.034
10 1 0.035
10 1 0.039
10 1 0.047
10 1 0.040
10 1 0.038
10 1 0.037
10 1 0.032
10 1 0.047
10 1 0.046
10 1 0.040
10 1 0.041
10 1 0.044
10 1 0.039
10 1 0.036
10 1 0.029
10 1 0.041
10 1 0.041
10 1 0.034
10 1 0.035
10 1 0.025
10 1 0.045
10 1 0.041
10 1 0.046
10 1 0.040
10 1 0.041
10 1 0.041
10 1 0.043
10 1 0.040
10 1 0.031
10 1 0.045
10 1 0.046
10 1 0.044
10 1 0.034
10 1 0.039
10 1 0.042
10 1 0.034
10 1 0.040
10 1 0.037
10 1 0.035
10 1 0.038
10 1 0.030
10 1 0.040
10 1 0.033
10 1 0.045
10 1 0.055
10 1 0.041
10 1 0.050
10 1 0.056
10 1 0.054
10 1 0.061
10 1 0.063
10 1 0.040
10 1 0.062
10 1 0.054
10 1 0.046
10 1 0.050
10 1 0.060
10 1 0.057
10 1 0.053
10 1 0.056
10 1 0.052
10 1 0.051
10 1 0.044
10 1 0.033
10 1 0.046
10 1 0.053
10 1 0.038
10 1 0.051
10 1 0.035
10 1 0.038
10 1 0.045
10 1 0.037
10 1 0.042
10 1 0.035
10 1 0.042
10 1 0.035
10 1 0.036
10 1 0.035
10 1 0.036
10 1 0.039
10 1 0.034
10 1 0.040
10 1 0.042
10 1 0.043
10 1 0.035
10 1 0.043
10 1 0.049
10 1 0.036
10 1 0.051
10 1 0.043
10 1 0.032
10 1 0.049
10 1 0.041
10 1 0.043
10 1 0.037
10 1 0.045
10 1 0.031
10 1 0.046
10 1 0.046
10 1 0.039
10 1 0.032
10 1 0.049
10 1 0.030
10 1 0.056
10 1 0.032
10 1 0.035
10 1 0.040
10 1 0.047
10 1 0.042
10 1 0.039
10 1 0.053
10 1 0.030
10 1 0.033
10 1 0.036
10 1 0.037
10 1 0.038
10 1 0.047
10 1 0.030
10 1 0.054
10 1 0.047
10 1 0.039
10 1 0.036
10 1 0.046
10 1 0.040
10 1 0.043
10 1 0.043
10 1 0.039
10 1 0.040
10 1 0.043
10 1 0.049
10 1 0.036
10 1 0.041
10 1 0.036
10 1 0.035
10 1 0.045
10 1 0.049
10 1 0.030
10 1 0.051
10 1 0.039
10 1 0.042
10 1 0.046
10 1 0.047
10 1 0.035
10 1 0.032
10 1 0.039
10 1 0.039
10 1 0.043
10 1 0.044
10 1 0.035
10 1 0.038
10 1 0.038
10 1 0.050
10 1 0.048
10 1 0.042
10 1 0.048
10 1 0.048
10 1 0.041
10 1 0.044
10 1 0.044
10 1 0.036
10 1 0.032
10 1 0.041
10 1 0.037
10 1 0.037
10 1 0.046
10 1 0.038
10 1 0.031
10 1 0.047
10 1 0.043
10 1 0.045
10 1 0.036
10 1 0.040
10 1 0.035
10 1 0.047
10 1 0.058
10 1 0.040
10 1 0.028
10 1 0.042
10 1 0.035
10 1 0.031
10 1 0.040
10 1 0.040
10 1 0.054
10 1 0.034
10 1 0.033
10 1 0.049
10 1 0.040
10 1 0.040
10 1 0.040
10 1 0.056
10 1 0.042
10 1 0.040
10 1 0.052
10 1 0.037
10 1 0.047
10 1 0.063
10 1 0.068
10 1 0.060
10 1 0.047
10 1 0.045
10 1 0.054
10 1 0.048
10 1 0.051
10 1 0.057
10 1 0.049
10 1 0.049
10 1 0.053
10 1 0.065
10 1 0.051
10 1 0.042
10 1 0.045
10 1 0.041
10 1 0.046
10 1 0.049
10 1 0.050
10 1 0.045
10 1 0.039
10 1 0.054
10 1 0.044
10 1 0.049
10 1 0.035
10 1 0.032
10 1 0.047
10 1 0.042
10 1 0.042
10 1 0.035
10 1 0.050
10 1 0.047
10 1 0.043
10 1 0.045
10 1 0.040
10 1 0.037
10 1 0.038
10 1 0.049
10 1 0.032
10 1 0.053
10 1 0.053
10 1 0.039
10 1 0.053
10 1 0.054
10 1 0.061
10 1 0.041
10 1 0.054
10 1 0.063
10 1 0.041
10 1 0.043
10 1 0.050
10 1 0.036
10 1 0.034
10 1 0.035
10 1 0.043
10 1 0.036
10 1 0.041
10 1 0.036
10 1 0.030
10 1 0.035
10 1 0.043
10 1 0.043
10 1 0.045
10 1 0.037
10 1 0.045
10 1 0.042
10 1 0.043
10 1 0.038
10 1 0.028
10 1 0.040
10 1 0.035
10 1 0.029
10 1 0.036
10 1 0.044
10 1 0.039
10 1 0.044
10 1 0.034
10 1 0.039
10 1 0.042
10 1 0.032
10 1 0.047
10 1 0.049
10 1 0.035
10 1 0.042
10 1 0.049
10 1 0.047
10 1 0.038
10 1 0.028
10 1 0.047
10 1 0.036
10 1 0.038
10 1 0.042
10 1 0.032
10 1 0.032
10 1 0.033
10 1 0.035
10 1 0.043
10 1 0.045
10 1 0.035
10 1 0.044
10 1 0.046
10 1 0.034
10 1 0.051
10 1 0.039
10 1 0.047
10 1 0.036
10 1 0.045
10 1 0.036
10 1 0.037
10 1 0.048
10 1 0.038
10 1 0.042
10 1 0.037
10 1 0.038
10 1 0.034
10 1 0.047
10 1 0.034
10 1 0.035
10 1 0.038
10 1 0.036
10 1 0.039
10 1 0.046
10 1 0.035
10 1 0.048
10 1 0.041
10 1 0.040
10 1 0.052
10 1 0.035
10 1 0.046
10 1 0.054
10 1 0.045
10 1 0.042
10 1 0.042
10 1 0.030
10 1 0.047
10 1 0.056
10 1 0.042
10 1 0.040
10 1 0.026
10 1 0.030
10 1 0.040
10 1 0.029
10 1 0.047
10 1 0.058
10 1 0.043
10 1 0.033
10 1 0.043
10 1 0.033
10 1 0.043
10 1 0.047
10 1 0.044
10 1 0.033
10 1 0.040
10 1 0.041
10 1 0.037
10 1 0.043
10 1 0.029
10 1 0.038
10 1 0.035
10 1 0.051
10 1 0.039
10 1 0.031
10 1 0.043
10 1 0.037
10 1 0.048
10 1 0.038
10 1 0.045
10 1 0.045
10 1 0.029
10 1 0.046
10 1 0.032
10 1 0.049
10 1 0.037
10 1 0.029
10 2 0.029
10 2 0.033
10 2 0.040
10 2 0.035
10 2 0.034
10 2 0.043
10 2 0.039
10 2 0.041
10 2 0.045
10 2 0.031
10 2 0.048
10 2 0.044
10 2 0.034
10 2 0.043
10 2 0.041
10 2 0.050
10 2 0.042
10 2 0.046
10 2 0.047
10 2 0.049
10 2 0.055
10 2 0.042
10 2 0.047
10 2 0.045
10 2 0.044
10 2 0.046
10 2 0.053
10 2 0.036
