1 22 10444 1 0 1 1 0 0 1 0 1 0 1 0 1 0 0 0 1 0 0 1 0 1 0.0
2 22 12398 0 0 0 0 0 0 1 0 1 1 0 0 1 1 1 0 1 0 1 1 1 0 0.0
3 22 12678 0 0 1 0 1 1 1 1 1 0 0 0 1 1 1 0 0 1 0 1 0 0 0.0
4 22 9914 0 0 1 0 1 0 0 0 1 1 0 0 1 0 0 1 0 0 1 1 1 0 0.0
5 22 11028 1 1 0 0 0 1 0 1 1 1 0 0 0 1 1 0 1 0 1 1 0 0 0.0
6 22 11651 0 0 1 0 1 0 0 0 0 1 0 1 1 1 1 0 0 1 1 0 1 0 0.0
7 22 11115 1 1 0 1 1 1 1 0 1 0 0 0 1 0 0 0 0 1 1 0 0 0 0.0
8 22 10073 1 0 1 0 0 1 0 0 1 1 0 0 1 0 1 0 1 0 0 0 1 1 0.0
9 22 11464 0 1 1 1 0 0 0 1 1 0 1 0 0 1 0 1 0 1 0 0 1 1 0.0
10 22 11583 0 1 0 0 0 1 1 0 0 1 1 0 0 1 1 1 0 0 0 0 1 1 0.0
11 22 10543 0 0 1 0 1 0 0 0 1 1 0 0 1 1 1 0 0 1 0 0 1 1 0.0
12 22 11078 1 1 1 0 0 1 1 0 0 0 1 0 0 0 0 0 1 0 1 1 0 1 0.0
13 22 10571 1 0 1 0 0 1 0 0 1 0 0 1 1 0 0 1 1 1 0 0 0 1 0.0
14 22 9037 0 1 1 0 0 1 1 1 1 1 0 0 0 0 0 0 1 0 1 0 1 0 0.0
15 22 9242 0 1 0 0 0 0 1 1 0 0 1 0 1 1 0 0 0 0 0 1 1 1 0.0
16 22 10126 1 1 0 1 0 1 0 1 0 0 0 0 0 0 1 0 1 0 1 1 0 1 0.0
17 22 7968 0 0 1 0 0 0 1 1 0 0 1 1 0 1 0 1 0 1 0 0 1 0 0.0
18 22 10297 0 0 0 0 0 1 0 1 1 0 1 1 0 1 0 1 1 0 0 1 1 1 0.0
19 22 10119 1 1 0 1 1 0 0 1 0 1 1 1 0 0 0 0 0 1 0 0 0 1 0.0
20 22 11419 0 0 1 0 1 1 1 0 0 1 1 0 0 1 0 0 1 1 0 1 0 1 0.0
21 22 11986 0 0 0 1 0 1 0 1 1 1 0 0 1 1 1 1 1 0 0 0 0 1 0.0
22 22 11420 1 0 1 0 0 0 1 0 1 0 0 1 0 1 1 0 1 0 0 1 0 1 0.0
23 22 12016 0 0 1 1 0 1 1 0 0 1 0 0 0 1 1 1 1 0 0 1 0 1 0.0
24 22 10511 1 1 0 0 0 1 0 1 0 1 0 1 0 1 1 0 0 1 0 0 1 1 0.0
25 22 12264 0 1 1 0 0 0 1 0 1 0 1 0 1 0 0 1 0 1 1 0 0 1 0.0
26 22 11720 1 1 1 0 0 1 0 1 1 0 0 1 1 0 1 1 0 1 0 1 0 0 0.0
27 22 10087 1 1 1 0 1 0 0 0 1 0 0 1 1 0 1 0 0 0 0 1 1 0 0.0
28 22 9939 1 1 0 0 0 1 0 1 0 1 0 1 0 1 1 1 0 0 0 1 0 0 0.0
29 22 10299 1 0 1 0 1 0 0 0 1 1 0 1 0 1 0 0 1 0 1 0 1 0 0.0
30 22 11319 0 1 1 0 0 1 1 1 1 0 0 1 0 1 1 0 1 0 0 0 0 1 0.0
31 22 10384 1 0 1 1 1 0 0 0 0 0 0 1 1 0 0 0 0 0 0 1 1 1 0.0
32 22 11953 1 1 0 0 0 1 0 1 1 1 0 0 0 1 0 0 1 0 1 0 1 1 0.0
33 22 10027 1 0 1 0 1 0 0 0 1 0 1 0 1 1 1 0 0 1 0 1 0 0 0.0
34 22 10835 1 0 0 1 0 1 0 1 0 0 0 0 1 0 1 0 0 0 1 1 1 1 0.0
35 22 10310 1 0 1 1 1 1 1 0 0 0 0 1 0 1 0 0 1 1 0 1 0 0 0.0
36 22 12382 1 0 1 1 0 0 0 1 0 0 0 0 1 0 1 1 0 1 1 1 1 1 0.0
37 22 10575 1 1 1 1 1 1 0 1 0 0 0 0 0 0 0 0 1 1 1 0 1 0 0.0
38 22 9044 0 1 0 0 0 1 1 0 1 0 0 0 0 0 1 1 0 1 1 0 1 1 0.0
39 22 9506 1 1 1 1 0 1 0 0 0 0 1 0 1 0 0 1 0 0 1 1 1 0 0.0
40 22 10854 1 1 1 0 0 1 0 1 1 0 1 1 0 1 1 0 0 0 1 0 0 0 0.0
41 22 11003 0 1 1 0 1 0 0 0 0 0 0 0 1 1 0 1 0 1 0 1 1 1 0.0
42 22 12701 1 0 0 1 1 0 0 0 0 0 0 1 0 0 1 1 1 1 1 1 1 1 0.0
43 22 10859 1 1 1 1 1 0 1 0 0 0 1 1 1 0 0 0 0 0 1 0 0 0 0.0
44 22 11490 1 0 0 1 0 0 0 0 1 1 1 1 0 1 0 0 1 1 0 1 1 1 0.0
45 22 9883 1 0 1 0 0 0 1 0 1 0 0 0 0 0 1 1 1 1 0 1 0 1 0.0
46 22 11557 0 0 1 0 0 0 1 0 0 0 0 1 1 1 0 1 1 1 1 1 0 1 0.0
47 22 9971 0 0 1 1 0 0 1 1 1 1 1 0 0 0 0 0 0 1 0 1 1 0 0.0
48 22 11472 0 1 1 0 1 1 1 0 0 1 0 1 0 0 0 1 1 1 0 0 0 1 0.0
49 22 12376 1 0 0 1 0 1 0 1 0 1 0 1 1 0 0 0 0 1 1 0 1 1 0.0
50 22 8443 0 0 0 0 1 0 0 1 1 1 1 0 0 1 1 0 1 1 0 0 0 1 0.0
51 22 11192 0 1 1 0 0 0 0 0 1 1 1 0 1 1 0 0 0 1 1 0 1 1 0.0
52 22 12917 0 0 1 1 1 1 0 0 0 1 1 0 0 1 0 0 0 1 1 1 1 0 0.0
53 22 10912 0 1 0 0 1 1 0 1 0 0 0 1 0 1 1 0 1 0 0 1 1 0 0.0
54 22 9587 1 0 0 0 0 0 1 0 1 0 0 1 1 1 0 1 0 1 0 1 1 0 0.0
55 22 12014 0 0 0 0 1 0 1 0 1 1 0 0 0 1 1 1 0 0 1 0 1 1 0.0
56 22 10337 0 1 0 0 0 1 0 1 1 1 0 1 1 1 0 0 0 1 1 0 1 0 0.0
57 22 11945 1 1 1 0 0 0 0 1 1 0 0 1 0 0 0 0 1 1 1 1 1 0 0.0
58 22 13220 1 1 1 0 0 0 0 0 0 1 1 1 0 1 0 1 1 0 1 0 1 0 0.0
59 22 12277 1 0 0 1 0 0 0 1 0 0 1 0 0 1 1 1 1 1 0 0 1 1 0.0
60 22 7881 0 0 1 1 1 0 1 1 0 1 0 1 0 0 0 0 1 0 1 0 0 1 0.0
61 22 12279 1 0 0 0 1 0 1 0 1 1 0 0 0 0 1 0 1 1 1 0 0 1 0.0
62 22 10719 1 1 0 0 0 0 0 0 0 1 1 0 0 1 0 1 1 1 0 0 1 1 0.0
63 22 10982 0 0 1 0 1 0 0 1 1 0 1 0 0 0 0 0 1 0 1 1 0 1 0.0
64 22 9614 1 0 0 0 0 1 1 0 1 1 1 0 0 1 0 1 0 1 0 0 1 0 0.0
65 22 10829 0 0 0 0 1 0 1 1 1 1 1 1 1 1 0 0 1 1 0 1 0 1 0.0
66 22 10033 0 0 1 1 1 0 1 1 1 1 0 0 0 0 1 1 0 1 0 0 0 0 0.0
67 22 8507 1 0 0 1 1 1 0 0 0 0 0 1 1 1 0 1 0 0 1 1 1 0 0.0
68 22 11303 1 0 1 0 1 1 1 0 1 1 0 0 1 0 1 0 0 1 0 0 0 0 0.0
69 22 10823 1 1 0 0 1 1 0 1 0 0 0 0 0 0 1 0 0 1 1 0 1 1 0.0
70 22 9780 1 1 0 0 1 1 1 1 0 1 0 0 0 0 1 0 1 0 0 0 1 1 0.0
71 22 9958 0 0 1 1 0 1 0 1 0 0 0 0 1 0 1 1 1 0 0 0 1 1 0.0
72 22 11027 1 1 0 1 0 0 0 1 0 0 0 1 0 1 0 0 0 1 1 1 1 0 0.0
73 22 9256 0 0 1 0 0 1 0 1 1 0 0 0 1 0 1 0 1 0 0 0 1 1 0.0
74 22 11661 0 0 1 0 1 0 1 0 1 1 0 0 0 1 0 0 0 0 1 1 1 1 0.0
75 22 11453 1 0 0 0 0 1 0 0 1 0 1 1 0 0 0 0 1 1 0 0 1 1 0.0
76 22 8548 0 1 1 0 0 1 0 1 0 0 0 0 1 1 1 0 0 1 0 0 1 0 0.0
77 22 9562 1 1 1 0 0 1 0 0 1 0 0 1 1 0 1 0 0 0 0 1 0 1 0.0
78 22 11424 0 0 0 1 1 1 1 0 0 1 0 1 1 0 1 0 1 0 1 1 0 0 0.0
79 22 11022 0 0 0 1 0 0 1 0 1 1 1 1 1 1 0 0 0 1 0 0 0 1 0.0
80 22 9948 0 0 1 1 0 0 0 0 0 0 0 1 1 1 0 1 0 0 1 1 1 0 0.0
81 22 11437 0 1 0 0 1 1 0 0 1 1 0 0 0 1 1 0 0 1 0 1 0 1 0.0
82 22 11229 0 1 0 0 0 0 1 0 1 1 0 0 0 1 1 0 1 1 1 1 1 0 0.0
83 22 10919 1 1 1 1 0 0 0 0 1 1 1 0 0 0 0 0 1 0 0 0 1 1 0.0
84 22 10838 1 0 1 0 0 1 1 0 0 1 1 0 1 0 1 0 0 1 0 1 0 1 0.0
85 22 8634 1 0 1 0 1 1 1 1 0 0 0 0 1 0 0 1 1 1 0 0 0 0 0.0
86 22 12476 1 0 1 1 0 1 0 0 0 1 0 1 0 0 0 1 0 1 1 1 1 0 0.0
87 22 9936 0 1 0 0 0 1 1 0 0 1 1 1 0 1 0 0 1 1 1 0 0 0 0.0
88 22 9682 1 1 0 1 0 1 0 1 0 0 0 1 0 1 0 1 0 1 0 0 1 1 0.0
89 22 10547 0 1 0 1 0 0 1 0 0 0 0 1 1 0 1 1 1 1 0 0 0 1 0.0
90 22 11430 0 0 0 1 0 0 0 1 1 1 0 1 0 1 1 1 0 1 1 0 0 0 0.0
91 22 10244 0 1 1 0 1 1 0 1 0 1 1 0 1 1 0 1 1 0 0 0 0 0 0.0
92 22 10722 1 1 0 0 1 0 0 1 0 1 0 0 1 1 0 0 0 0 1 1 0 1 0.0
93 22 11859 0 1 1 1 1 1 1 1 0 0 0 1 1 0 1 0 0 0 1 0 0 0 0.0
94 22 10396 1 0 1 0 0 0 0 0 0 0 0 1 1 0 1 1 1 0 1 0 1 1 0.0
95 22 9864 1 1 1 0 0 1 1 0 0 1 0 0 0 0 1 0 0 1 1 0 0 1 0.0
96 22 11126 1 0 1 1 0 0 1 1 1 0 1 0 0 0 0 0 1 0 0 1 0 1 0.0
97 22 11889 0 1 1 0 0 0 1 1 1 1 0 0 0 0 1 1 1 1 0 1 0 0 0.0
98 22 10425 0 0 1 0 1 1 0 0 0 0 1 1 1 1 1 0 0 0 0 1 0 1 0.0
99 22 11994 1 1 0 1 0 1 0 1 0 1 1 0 0 0 1 0 1 0 0 1 0 0 0.0
100 22 10674 0 0 0 0 0 1 1 0 1 1 0 1 1 1 1 0 0 1 1 1 0 0 0.0
101 22 10631 1 1 0 0 1 0 1 0 1 0 0 0 1 1 0 0 0 0 0 1 1 0 0.0
102 22 9299 0 0 0 0 0 1 0 0 1 1 1 1 1 0 1 0 1 0 1 0 0 0 0.0
103 22 8289 1 1 0 0 0 1 0 0 0 1 0 1 1 0 0 0 1 1 0 1 0 1 0.0
104 22 11886 0 1 0 0 0 1 0 0 1 0 1 0 0 1 0 1 0 1 1 1 0 1 0.0
105 22 9909 1 0 0 0 0 0 1 1 0 1 0 0 1 0 1 1 1 1 0 0 0 1 0.0
106 22 12664 0 1 0 1 0 1 1 1 1 1 0 0 1 0 1 0 0 1 0 0 1 1 0.0
107 22 11888 0 0 0 0 1 1 0 0 1 1 0 1 0 1 1 1 1 1 0 0 1 1 0.0
108 22 11018 1 0 1 0 0 0 0 0 0 0 1 0 1 0 1 0 1 1 1 0 1 1 0.0
109 22 10152 0 1 1 0 0 0 0 0 0 1 1 0 1 0 0 1 0 0 1 0 1 1 0.0
110 22 10436 0 1 1 0 0 0 0 0 0 0 1 1 1 0 1 0 1 1 1 1 0 1 0.0
111 22 11610 0 1 1 0 1 0 0 1 0 0 1 0 1 0 1 0 1 0 0 1 1 1 0.0
112 22 10671 1 0 1 0 1 1 1 0 0 0 0 1 0 0 1 1 0 1 0 0 1 0 0.0
113 22 10044 0 1 0 1 0 1 0 1 1 0 1 1 1 0 0 0 0 1 0 1 0 0 0.0
114 22 9095 0 0 1 0 0 1 1 0 0 1 0 0 0 0 1 1 1 0 1 1 0 0 0.0
115 22 9922 1 1 0 1 1 0 0 0 1 1 0 0 0 1 0 0 1 0 0 1 1 0 0.0
116 22 11130 1 0 0 1 1 1 0 1 0 1 0 1 0 0 1 0 0 0 0 1 1 1 0.0
117 22 12538 0 1 1 0 1 0 1 0 1 1 1 0 0 1 0 0 0 0 1 0 1 1 0.0
118 22 11087 1 1 0 1 1 0 1 1 0 0 0 1 0 1 0 1 1 0 1 0 0 1 0.0
119 22 11029 1 0 0 0 1 0 1 1 0 0 1 0 0 0 1 1 0 0 0 1 1 1 0.0
120 22 9168 1 0 1 0 1 0 0 0 0 1 1 1 1 0 0 1 0 1 0 1 0 0 0.0
121 22 10299 1 0 1 0 0 1 0 0 0 1 0 1 1 1 0 0 0 0 1 1 1 0 0.0
122 22 11141 0 1 1 0 1 0 0 0 0 1 1 1 1 0 0 0 0 0 1 1 1 1 0.0
123 22 12757 0 1 1 1 1 1 1 0 0 0 1 0 0 1 0 1 0 0 0 0 1 1 0.0
124 22 11907 0 1 0 0 0 0 0 0 0 1 0 1 1 1 0 0 0 1 1 1 1 1 0.0
125 22 11728 0 0 1 0 1 1 0 1 1 0 1 0 1 1 1 0 0 0 0 0 1 0 0.0
126 22 10540 1 1 1 1 1 0 0 0 0 0 0 0 1 0 0 1 1 0 1 0 0 1 0.0
127 22 10624 0 0 1 0 1 1 1 0 0 1 0 1 1 0 1 1 0 0 0 1 0 1 0.0
128 22 11991 1 0 0 0 1 1 0 1 1 0 1 1 1 0 0 0 1 0 1 1 1 0 0.0
129 22 8169 0 0 0 1 1 0 1 0 1 1 1 0 1 0 0 0 1 0 0 1 1 1 0.0
130 22 11832 1 0 1 0 0 0 1 0 0 1 1 0 0 1 1 0 0 0 1 1 1 0 0.0
131 22 11415 1 1 1 0 0 1 0 1 0 0 1 1 1 1 0 1 0 0 0 0 0 1 0.0
132 22 11819 0 0 0 0 1 1 1 0 0 1 0 1 1 1 0 1 0 1 1 0 1 0 0.0
133 22 10557 1 1 0 0 1 0 1 1 0 0 0 0 1 1 1 0 1 0 0 0 0 1 0.0
134 22 10981 1 1 1 0 1 0 0 0 0 0 1 0 1 0 0 0 0 1 0 1 1 1 0.0
135 22 10370 1 0 0 0 0 0 1 0 1 1 1 1 1 0 0 1 1 0 0 1 0 1 0.0
136 22 11490 0 1 0 1 1 0 0 1 0 0 1 0 1 0 0 1 1 1 1 1 1 0 0.0
137 22 9361 1 0 0 1 0 1 1 0 1 0 0 0 1 1 0 1 0 0 0 0 0 1 0.0
138 22 11733 1 1 1 1 0 0 1 1 0 0 1 1 1 0 0 1 0 1 0 0 0 0 0.0
139 22 12204 1 1 0 0 0 1 0 1 1 1 1 0 1 0 1 0 0 1 0 0 1 0 0.0
140 22 12117 0 1 1 1 0 0 1 0 0 1 0 0 0 1 1 0 0 0 1 1 1 1 0.0
141 22 10417 0 1 0 0 1 1 0 1 0 1 1 0 1 0 0 1 0 0 1 0 0 0 0.0
142 22 11315 0 1 0 1 1 1 0 1 0 0 0 0 0 1 0 0 0 1 0 1 1 1 0.0
143 22 13188 0 0 0 0 1 0 1 1 1 0 1 0 1 0 1 1 0 1 1 0 1 0 0.0
144 22 10612 0 0 1 1 0 1 0 1 1 1 1 0 0 0 0 0 1 0 0 1 1 0 0.0
145 22 10461 0 0 0 0 0 1 0 1 0 1 0 0 0 1 0 0 1 1 1 0 1 1 0.0
146 22 9413 0 0 0 1 0 0 1 0 1 0 1 0 1 1 1 0 0 1 1 0 1 1 0.0
147 22 10776 1 0 1 1 0 0 0 0 1 0 0 1 0 1 1 1 0 0 0 0 0 1 0.0
148 22 13089 0 0 1 0 1 0 1 0 0 1 0 1 1 1 0 1 1 1 0 0 0 0 0.0
149 22 10052 0 1 1 1 1 0 0 0 1 0 1 1 1 0 0 1 1 0 0 0 1 0 0.0
150 22 9706 0 0 0 0 1 0 0 0 1 1 1 1 0 0 0 1 0 0 1 1 1 1 0.0
151 22 11590 0 0 1 0 1 1 0 1 1 1 0 0 0 1 0 0 1 1 0 0 1 0 0.0
152 22 10553 0 1 1 0 0 1 0 1 1 1 1 1 0 1 1 0 0 0 0 0 0 0 0.0
153 22 9416 1 1 0 1 1 0 1 1 0 0 0 1 1 1 0 1 0 0 1 0 0 0 0.0
154 22 10242 1 0 0 1 1 0 0 0 0 1 0 0 0 1 1 0 1 1 1 0 0 1 0.0
155 22 8956 1 1 1 1 0 0 0 0 1 1 0 1 0 0 0 0 0 1 1 1 0 1 0.0
156 22 10256 1 0 1 0 1 1 1 0 1 1 0 0 1 0 0 0 0 0 0 1 1 1 0.0
157 22 10087 1 0 0 1 1 0 0 0 1 1 1 0 1 0 1 0 0 0 0 0 0 1 0.0
158 22 11838 0 0 0 1 0 1 0 1 1 1 1 0 1 0 0 1 0 1 0 1 0 0 0.0
159 22 12308 0 0 1 0 0 1 1 0 1 0 0 1 1 0 0 0 1 1 1 1 0 0 0.0
160 22 12611 0 0 1 0 0 1 0 0 0 1 1 1 0 1 0 1 0 0 1 0 1 1 0.0
161 22 10025 1 1 1 1 0 1 0 1 0 0 0 0 0 1 0 1 1 1 1 0 0 1 0.0
162 22 10316 0 0 1 0 0 0 1 1 0 0 0 0 1 1 1 1 1 0 0 1 0 1 0.0
163 22 10748 1 1 1 1 1 0 0 1 0 0 1 1 1 0 0 1 0 0 0 1 0 0 0.0
164 22 12053 0 1 0 0 0 1 0 1 1 1 0 1 1 0 1 1 0 1 0 1 0 0 0.0
165 22 12389 1 1 0 0 0 0 1 1 0 1 1 1 1 1 0 0 1 0 0 0 1 0 0.0
166 22 11183 1 1 1 1 0 0 1 1 0 0 0 1 1 1 1 0 0 0 0 0 0 0 0.0
167 22 12094 0 1 1 0 0 1 0 0 1 0 0 0 1 0 0 1 0 0 1 1 1 1 0.0
168 22 11120 1 1 1 1 0 0 1 0 0 0 0 1 0 1 1 1 0 1 1 0 0 0 0.0
169 22 10696 0 0 1 1 1 0 0 0 1 0 0 0 1 1 1 0 0 1 1 0 0 1 0.0
170 22 12659 1 1 0 1 1 0 0 1 1 0 0 0 1 1 0 0 1 0 1 0 1 0 0.0
171 22 11701 0 1 0 0 0 0 1 1 1 1 1 1 1 0 1 0 0 0 0 0 1 1 0.0
172 22 10848 1 1 1 0 0 0 0 1 0 0 1 0 1 0 1 0 0 0 0 1 0 1 0.0
173 22 11373 1 0 0 0 1 0 0 0 1 0 1 1 0 0 0 1 1 0 0 1 1 1 0.0
174 22 9576 0 0 1 1 0 1 1 0 0 0 0 1 1 0 1 1 1 0 0 1 0 0 0.0
175 22 10750 0 0 1 1 0 0 0 1 0 1 1 0 0 0 1 0 0 1 1 1 0 0 0.0
176 22 10014 1 1 1 0 1 1 0 0 0 0 0 0 0 0 0 1 0 1 0 1 1 1 0.0
177 22 10568 0 1 1 0 1 1 1 0 0 1 1 1 1 0 0 0 0 1 0 0 0 0 0.0
178 22 12717 0 0 0 1 1 0 1 1 0 0 0 0 1 0 0 1 1 1 1 1 1 1 0.0
179 22 11574 0 0 0 1 1 0 1 1 1 1 0 0 0 1 1 1 0 0 1 0 0 0 0.0
180 22 9808 0 0 1 1 1 1 0 1 1 0 0 1 0 0 0 1 0 0 1 0 1 1 0.0
181 22 10706 0 1 1 1 0 0 0 0 1 1 0 0 1 0 0 1 0 1 0 0 1 0 0.0
182 22 11132 0 1 1 1 0 0 0 1 0 0 0 1 1 1 0 1 1 0 0 0 1 1 0.0
183 22 9940 0 1 1 0 1 0 0 0 0 1 1 0 0 0 0 1 0 1 1 1 1 0 0.0
184 22 9706 0 0 0 1 0 0 0 1 0 1 1 1 1 0 0 0 1 1 0 0 0 1 0.0
185 22 10399 1 0 1 1 1 0 0 0 1 0 0 0 0 1 0 1 0 0 1 1 0 1 0.0
186 22 11639 0 0 0 1 1 0 1 0 1 1 0 1 1 0 0 0 1 1 1 0 0 0 0.0
187 22 11685 1 1 0 1 1 0 0 0 1 1 1 1 0 0 1 0 0 1 1 0 0 1 0.0
188 22 11732 0 0 1 0 0 1 0 1 0 1 1 0 1 1 0 0 1 0 1 1 1 0 0.0
189 22 9556 0 0 0 0 1 1 0 1 0 1 0 0 1 0 0 0 1 0 1 1 1 0 0.0
190 22 10753 0 0 1 1 0 0 1 1 1 1 0 1 0 0 0 1 1 0 1 0 1 0 0.0
191 22 9801 1 0 1 1 1 0 0 1 1 1 1 0 1 0 0 0 0 1 1 0 0 0 0.0
192 22 10527 1 0 0 1 0 0 1 1 0 0 0 0 1 0 0 0 1 1 1 1 0 1 0.0
193 22 10424 1 0 0 0 0 0 1 1 0 1 0 1 0 0 0 1 1 1 0 1 0 1 0.0
194 22 10761 0 0 1 0 1 0 0 1 0 0 1 0 1 0 0 0 1 0 1 1 1 1 0.0
195 22 10149 0 0 0 1 0 1 0 0 1 0 0 1 1 1 1 1 0 0 1 0 1 0 0.0
196 22 10863 0 0 1 0 1 1 0 1 0 1 0 1 0 0 0 0 0 1 1 0 1 1 0.0
197 22 10571 0 0 0 1 1 0 0 1 1 0 1 1 1 0 0 1 1 0 0 0 0 1 0.0
198 22 11379 1 0 1 1 0 0 0 1 1 1 0 0 1 0 0 0 1 0 0 1 0 1 0.0
199 22 8665 1 1 0 1 0 0 0 0 0 1 0 0 0 0 0 0 1 1 1 1 1 1 0.0
200 22 10700 0 0 0 1 0 0 1 0 1 0 0 1 1 0 0 0 0 1 1 1 1 1 0.0
201 22 10694 0 0 0 1 1 0 1 0 1 0 0 1 1 0 1 0 1 0 1 1 1 0 0.0
202 22 10224 0 0 1 1 1 1 0 1 0 1 1 1 0 1 0 1 0 0 0 1 0 0 0.0
203 22 12256 0 0 0 1 0 1 1 1 0 1 0 0 0 0 0 1 1 0 1 1 1 0 0.0
204 22 10681 1 0 0 1 1 1 1 0 1 1 0 1 0 0 1 0 0 1 1 0 0 0 0.0
205 22 10119 0 0 0 1 0 1 0 1 1 1 0 1 0 0 1 0 0 1 1 0 0 1 0.0
206 22 11411 1 0 0 1 1 1 0 0 1 1 1 0 0 0 0 1 1 0 0 0 1 1 0.0
207 22 11238 1 1 1 0 0 1 0 0 0 1 1 0 0 0 0 0 0 1 1 0 1 1 0.0
208 22 8271 0 1 0 0 0 1 0 0 0 1 0 1 1 0 1 1 0 0 0 1 1 1 0.0
209 22 11191 1 1 0 1 1 0 0 0 0 0 1 0 0 1 1 1 1 1 0 0 0 1 0.0
210 22 10977 1 0 0 0 0 0 0 1 0 1 1 0 1 1 1 1 0 1 0 0 1 1 0.0
211 22 11167 1 1 0 0 0 1 1 1 1 1 0 1 0 0 1 0 0 1 0 1 0 1 0.0
212 22 11353 0 1 1 1 1 1 1 0 1 0 0 1 1 0 0 0 1 1 1 0 0 0 0.0
213 22 11968 0 0 1 1 1 1 0 1 0 0 1 0 0 0 1 0 1 0 1 0 0 0 0.0
214 22 9041 1 1 1 0 1 1 0 1 0 0 1 1 0 0 0 0 1 0 0 0 0 1 0.0
215 22 11670 1 1 0 0 0 0 1 1 1 0 0 0 1 0 1 0 0 1 0 0 1 1 0.0
216 22 10509 0 0 1 1 1 0 0 0 1 0 0 0 1 1 0 1 0 1 0 1 1 1 0.0
217 22 11764 0 0 0 0 0 0 1 1 1 1 1 1 0 0 1 1 0 1 1 0 1 0 0.0
218 22 8078 0 0 1 0 1 0 0 0 0 1 1 1 1 0 0 1 0 1 1 1 0 0 0.0
219 22 10558 0 0 0 0 0 1 0 1 1 0 1 1 1 0 0 1 0 1 0 0 0 1 0.0
220 22 10436 0 0 1 0 0 1 1 1 0 0 1 1 0 1 0 0 1 0 1 0 1 0 0.0
221 22 10489 0 0 1 1 1 0 0 1 0 1 0 1 0 0 1 1 1 0 0 0 0 1 0.0
222 22 10536 1 0 0 1 1 1 0 0 1 1 0 1 0 0 0 1 0 0 0 1 1 1 0.0
223 22 10107 0 0 1 0 0 0 1 1 0 0 0 1 1 0 1 0 1 1 1 1 0 1 0.0
224 22 9139 0 1 0 0 1 1 1 1 1 1 0 0 0 0 1 1 0 0 0 1 0 1 0.0
225 22 9973 1 1 1 1 0 0 0 1 0 0 0 0 1 0 0 0 0 1 1 1 0 1 0.0
226 22 9561 1 0 1 1 0 0 1 1 0 0 1 0 1 0 0 0 1 0 0 1 0 1 0.0
227 22 11857 0 0 1 1 1 0 1 1 1 1 0 0 0 1 1 1 0 0 1 0 0 0 0.0
228 22 11532 1 1 0 0 0 0 0 1 0 1 1 1 1 1 0 1 0 0 0 0 1 1 0.0
229 22 10345 0 0 0 1 1 0 0 1 0 1 0 1 0 0 0 0 0 1 0 1 1 1 0.0
230 22 11567 0 1 0 1 0 0 0 0 0 0 1 1 0 1 1 1 1 0 1 1 1 0 0.0
231 22 8872 0 1 1 1 0 1 0 1 0 0 1 1 0 0 1 0 1 1 1 0 0 0 0.0
232 22 10806 1 1 0 1 1 0 0 0 0 0 0 1 1 0 1 1 0 1 1 0 0 1 0.0
233 22 12673 0 0 1 0 0 0 1 0 0 1 0 1 0 1 1 1 0 1 1 0 1 1 0.0
234 22 12393 0 0 1 1 1 0 0 0 0 1 1 0 0 1 1 1 0 1 1 0 1 0 0.0
235 22 11131 0 1 0 0 0 0 1 0 1 0 1 0 0 0 1 0 1 1 0 0 1 1 0.0
236 22 13690 1 1 1 0 0 0 1 0 0 1 1 1 0 1 0 1 1 0 0 0 0 1 0.0
237 22 9510 1 1 1 1 0 0 0 0 0 0 0 0 0 1 1 1 0 1 1 0 1 1 0.0
238 22 10181 0 1 0 1 0 1 0 1 1 0 0 0 1 1 0 1 0 1 0 1 0 1 0.0
239 22 11809 1 1 1 0 0 0 1 0 1 0 1 1 1 0 0 0 1 1 0 0 1 0 0.0
240 22 8990 1 1 0 0 1 1 0 1 0 0 1 0 0 1 1 0 0 1 1 0 0 0 0.0
241 22 10456 0 1 1 0 1 0 0 0 0 0 1 1 1 0 1 1 0 0 0 0 1 0 0.0
242 22 9496 1 0 1 1 0 1 0 0 0 1 0 0 1 0 1 0 0 1 0 0 0 1 0.0
243 22 9201 1 0 0 0 1 0 1 0 1 0 1 0 0 0 1 0 1 1 1 1 0 1 0.0
244 22 10128 0 1 0 0 0 0 1 0 0 0 1 1 0 1 0 1 0 1 0 1 0 1 0.0
245 22 11992 1 1 0 1 1 1 0 1 0 1 0 1 0 0 0 0 1 0 0 1 0 0 0.0
246 22 9403 0 1 1 0 0 0 1 1 1 1 0 0 0 1 0 0 1 1 0 0 0 1 0.0
247 22 9360 0 1 1 1 0 0 1 1 1 1 0 1 1 0 0 1 0 0 1 1 0 0 0.0
248 22 10485 0 1 1 1 0 0 0 1 0 0 0 1 1 0 1 1 0 0 0 1 0 1 0.0
249 22 10936 1 0 1 1 1 0 0 0 1 1 1 1 0 1 1 0 0 0 1 0 0 1 0.0
250 22 12753 0 0 0 1 1 1 1 1 0 1 0 0 1 0 0 1 1 1 0 0 1 0 0.0
251 22 10591 0 1 0 0 0 0 0 0 0 1 0 1 1 0 1 1 0 1 1 1 1 0 0.0
252 22 10391 0 0 0 0 0 0 1 1 1 0 0 1 1 1 1 1 0 1 0 1 0 0 0.0
253 22 11139 0 1 0 0 1 0 1 1 0 1 0 0 1 1 1 0 1 0 1 0 0 0 0.0
254 22 10058 1 0 1 0 0 0 0 1 1 1 0 0 1 1 0 1 1 0 0 0 1 0 0.0
255 22 11964 0 0 0 1 0 1 0 1 0 1 0 0 1 0 1 0 0 1 1 1 1 1 0.0
256 22 10816 1 1 0 1 0 0 0 0 1 1 0 0 1 1 1 1 0 0 0 1 0 1 0.0
257 22 11099 0 1 0 0 1 1 1 0 0 0 1 1 0 1 1 0 0 1 1 1 0 0 0.0
258 22 11417 1 0 1 1 1 0 0 1 1 0 1 0 1 1 1 0 0 1 0 0 0 0 0.0
259 22 8941 1 0 0 0 1 0 1 0 0 1 1 1 1 1 1 0 1 0 0 0 0 1 0.0
260 22 9338 0 0 1 0 1 0 0 0 1 0 0 0 1 1 1 0 0 1 0 1 0 1 0.0
261 22 11704 0 0 1 0 0 1 1 0 1 0 0 1 1 1 0 1 1 0 0 0 1 0 0.0
262 22 10642 1 1 1 0 0 0 1 0 0 1 1 1 0 1 0 1 0 1 0 0 0 0 0.0
263 22 10404 1 0 0 0 1 1 0 1 0 1 1 1 0 1 0 0 0 0 1 0 1 0 0.0
264 22 10487 1 1 1 0 0 0 0 1 0 0 0 0 1 0 1 1 0 1 0 0 0 1 0.0
265 22 11608 0 0 0 0 1 1 1 0 1 0 0 1 0 0 1 0 1 0 1 0 1 1 0.0
266 22 12163 1 0 0 1 1 1 1 0 0 0 0 0 1 1 1 1 0 1 0 0 0 0 0.0
267 22 9102 0 1 0 1 0 0 0 1 1 0 1 1 0 1 0 1 0 1 0 0 0 1 0.0
268 22 9078 0 1 0 1 0 0 1 0 0 1 0 1 0 1 0 1 1 1 0 1 0 0 0.0
269 22 11213 1 0 0 1 0 0 0 1 0 0 0 0 1 0 1 0 1 0 1 1 1 1 0.0
270 22 10670 1 0 1 1 0 1 1 1 0 1 1 0 1 0 0 0 0 0 0 0 1 0 0.0
271 22 10676 0 1 1 0 1 1 0 1 0 0 0 1 1 0 0 0 1 0 1 0 0 1 0.0
272 22 10699 0 0 0 0 0 0 1 1 1 0 1 0 1 1 0 1 1 1 1 0 1 0 0.0
273 22 11824 0 1 0 1 1 0 0 1 0 1 0 0 0 1 0 1 0 0 0 1 1 1 0.0
274 22 9938 0 0 0 1 1 0 1 0 0 1 0 1 1 0 0 1 0 1 0 0 1 1 0.0
275 22 11210 0 0 1 0 1 1 0 0 1 1 1 0 0 0 0 0 1 1 0 1 0 0 0.0
276 22 10403 0 0 1 0 0 0 1 0 1 1 1 1 0 0 0 0 1 1 1 0 1 1 0.0
277 22 10174 1 0 0 0 1 0 0 0 1 1 0 0 0 1 0 0 1 0 1 0 1 1 0.0
278 22 9945 1 1 1 1 0 0 0 0 1 1 0 0 1 0 1 1 0 0 0 1 0 0 0.0
279 22 9735 1 1 0 0 1 0 1 1 0 0 0 0 1 1 0 1 0 1 0 0 1 0 0.0
280 22 10229 1 0 0 0 1 0 0 1 1 1 1 1 1 0 0 0 1 1 0 0 0 1 0.0
281 22 9552 1 0 0 0 0 0 0 0 1 1 0 0 1 0 0 1 1 1 1 0 1 0 0.0
282 22 8471 1 0 1 0 0 1 1 1 0 0 1 0 0 1 0 1 0 1 0 0 1 1 0.0
283 22 11868 1 0 1 0 1 1 0 1 0 0 1 0 1 0 0 0 1 1 1 1 0 0 0.0
284 22 9385 1 1 1 0 0 0 0 1 0 0 0 0 0 1 1 1 0 0 1 0 0 1 0.0
285 22 11112 0 0 0 0 1 1 0 1 1 0 1 1 1 0 0 0 0 0 1 0 1 1 0.0
286 22 10755 0 1 1 0 0 1 0 0 1 1 0 0 1 1 1 1 0 0 0 0 0 0 0.0
287 22 10235 0 0 0 0 0 1 0 1 0 1 1 1 0 0 1 1 1 1 1 0 0 0 0.0
288 22 10108 0 0 0 0 0 1 0 1 1 1 0 0 1 1 0 0 1 1 1 1 1 0 0.0
289 22 10795 1 1 0 0 0 1 1 1 1 1 1 0 0 0 1 0 0 0 0 1 0 1 0.0
290 22 11537 1 1 1 1 0 1 0 0 1 0 0 0 1 1 0 1 0 0 0 1 0 1 0.0
291 22 11615 0 0 0 0 0 1 1 1 1 1 1 0 0 1 0 1 1 0 1 0 0 1 0.0
292 22 9738 1 1 0 1 1 1 1 0 0 0 0 0 0 1 1 1 0 1 0 0 0 0 0.0
293 22 11167 0 0 0 0 1 1 0 0 1 1 1 1 1 1 0 0 0 1 0 0 1 0 0.0
294 22 10524 0 1 0 0 0 1 1 1 0 0 1 1 0 0 1 1 1 0 1 0 0 0 0.0
295 22 12896 1 1 0 1 1 0 1 1 0 1 0 0 0 1 0 0 1 0 0 1 1 0 0.0
296 22 9893 0 0 0 0 0 0 1 0 0 1 1 1 1 0 0 1 1 1 1 1 0 1 0.0
297 22 9938 1 0 0 0 1 1 0 0 1 1 1 1 0 0 0 1 0 1 0 1 0 1 0.0
298 22 11415 1 0 0 0 1 1 0 1 0 1 1 1 0 0 1 1 1 1 0 0 0 0 0.0
299 22 11202 1 1 1 0 0 1 1 0 0 0 0 0 0 1 1 1 1 0 0 1 0 1 0.0
300 22 13415 0 0 0 1 1 1 1 0 0 1 0 1 1 0 1 1 1 0 0 0 1 1 0.0
301 22 9809 1 1 0 1 1 0 0 0 1 1 0 1 1 0 0 0 1 1 0 0 0 0 0.0
302 22 10714 0 1 1 1 0 0 0 0 0 1 0 1 1 0 1 1 1 0 1 0 0 0 0.0
303 22 13278 1 0 0 1 1 1 0 1 0 0 1 0 0 1 0 1 0 0 1 1 1 0 0.0
304 22 11937 0 1 0 0 1 1 1 1 1 0 0 1 1 1 0 1 0 0 0 1 0 0 0.0
305 22 10267 1 0 0 1 0 1 1 1 0 0 0 0 1 1 0 1 0 1 1 0 0 0 0.0
306 22 10873 0 0 0 0 1 1 1 0 0 1 1 0 1 1 0 0 0 1 0 1 1 0 0.0
307 22 12653 1 0 0 1 1 0 1 1 1 0 1 0 0 1 0 1 1 0 0 1 0 1 0.0
308 22 10337 0 0 0 0 1 0 1 0 0 1 0 1 1 1 1 1 0 0 0 0 0 1 0.0
309 22 11874 1 1 1 1 1 0 0 0 1 0 1 1 0 1 0 1 0 0 1 0 0 0 0.0
310 22 12245 1 0 1 0 0 0 0 0 1 0 0 0 1 1 1 1 1 1 0 1 1 0 0.0
311 22 11563 0 0 0 0 1 0 0 1 0 1 1 1 1 1 1 0 0 0 0 1 1 0 0.0
312 22 10904 0 1 0 1 0 1 0 1 0 1 0 1 0 1 0 0 1 0 1 1 1 0 0.0
313 22 10952 1 0 0 0 1 1 0 0 1 0 0 1 1 1 0 1 0 0 1 0 1 0 0.0
314 22 12673 0 1 0 1 0 0 0 0 0 0 1 1 1 1 1 1 1 0 1 0 0 1 0.0
315 22 9803 0 1 0 1 0 1 0 0 0 1 0 0 1 0 1 0 1 0 1 1 1 1 0.0
316 22 10613 1 1 0 0 1 1 0 0 0 1 0 0 0 1 0 1 0 1 1 0 1 0 0.0
317 22 9964 0 0 0 1 0 1 1 1 0 1 0 0 0 0 1 1 0 1 0 1 0 1 0.0
318 22 11659 0 1 0 0 1 1 1 1 0 1 0 0 0 0 1 0 1 0 1 0 1 0 0.0
319 22 12582 1 1 1 1 0 0 1 1 1 1 1 0 1 1 1 0 0 0 1 0 0 0 0.0
320 22 11543 0 0 1 1 1 0 0 1 0 0 1 1 0 0 0 1 0 1 1 1 0 1 0.0
321 22 9582 0 1 0 0 0 1 0 0 0 1 0 0 1 0 0 1 1 1 0 1 1 0 0.0
322 22 9043 0 1 1 1 1 1 0 0 0 0 0 1 0 1 1 0 0 0 1 0 1 0 0.0
323 22 10615 1 0 1 1 1 1 0 0 1 0 1 0 1 1 0 1 0 1 0 0 0 0 0.0
324 22 9670 0 0 1 0 0 0 0 0 1 0 1 1 0 0 1 1 0 1 0 0 1 1 0.0
325 22 11295 0 1 0 0 1 0 1 0 1 1 0 0 1 1 0 1 1 0 0 0 1 0 0.0
326 22 12749 0 0 1 1 1 0 1 0 1 1 1 0 0 1 0 1 1 1 0 1 0 0 0.0
327 22 9247 0 0 1 0 1 0 0 1 0 1 0 1 1 1 1 0 0 1 0 0 0 1 0.0
328 22 11196 1 1 1 0 1 0 1 0 0 1 1 0 1 0 0 0 1 0 1 0 0 0 0.0
329 22 12157 1 0 1 1 0 0 0 1 1 1 0 1 0 0 0 1 0 1 1 0 1 0 0.0
330 22 12476 1 0 1 1 0 0 0 1 0 1 0 1 0 1 0 0 0 1 0 1 1 1 0.0
331 22 11328 1 1 0 1 1 0 0 0 0 1 0 0 1 1 1 0 0 0 1 1 0 1 0.0
332 22 12379 1 1 0 0 1 1 1 0 1 0 0 0 1 1 0 1 1 0 0 1 0 0 0.0
333 22 11526 0 1 0 1 1 0 0 0 1 0 0 1 1 1 0 0 0 0 0 1 1 1 0.0
334 22 11138 1 0 0 1 0 1 1 0 0 0 1 1 1 0 1 1 0 1 0 0 0 1 0.0
335 22 9558 1 0 0 1 0 1 1 0 0 0 1 1 0 0 1 0 1 0 0 1 1 0 0.0
336 22 11724 0 1 1 1 1 0 0 0 0 1 1 0 0 1 0 0 0 0 1 1 0 1 0.0
337 22 10404 1 0 0 0 1 1 1 1 1 0 0 0 1 1 0 1 0 0 0 1 0 0 0.0
338 22 10763 0 1 0 0 0 1 1 0 1 0 1 0 1 1 0 1 0 0 1 1 0 0 0.0
339 22 10774 1 1 0 1 0 1 1 0 1 0 0 0 0 1 0 0 1 0 0 1 0 1 0.0
340 22 10092 0 0 1 1 1 1 1 0 1 1 1 1 0 0 0 0 0 1 0 0 0 0 0.0
341 22 10509 1 0 1 0 0 0 1 0 0 0 1 0 1 1 1 1 0 0 0 0 1 1 0.0
342 22 9655 1 0 0 1 0 1 1 1 1 0 0 1 0 1 1 0 1 0 1 0 0 0 0.0
343 22 9851 1 1 0 1 1 0 0 0 0 0 0 1 1 1 0 1 0 0 0 1 0 0 0.0
344 22 9349 0 0 1 0 1 0 0 1 0 1 0 1 1 1 1 1 0 0 0 0 1 0 0.0
345 22 7902 1 0 0 0 0 1 0 0 1 0 0 0 0 1 0 1 1 1 0 0 1 0 0.0
346 22 10947 0 1 1 1 1 1 1 1 0 0 1 0 1 1 0 0 0 0 0 0 1 0 0.0
347 22 12062 1 0 0 1 1 1 1 0 0 1 0 1 1 0 0 1 1 1 0 0 0 0 0.0
348 22 11688 0 1 1 1 0 1 0 1 0 0 0 1 0 1 1 0 0 1 0 1 0 0 0.0
349 22 8781 1 0 0 1 1 1 1 0 0 1 0 1 0 0 0 0 0 0 1 1 0 1 0.0
350 22 11905 1 0 1 0 0 0 1 0 1 1 1 0 1 1 1 0 0 0 0 0 1 1 0.0
351 22 10859 0 0 0 0 1 1 0 1 0 0 1 1 1 1 1 0 0 1 1 0 0 0 0.0
352 22 10742 1 0 1 1 0 0 0 1 1 1 0 1 0 0 0 0 1 0 0 1 0 1 0.0
353 22 10562 1 1 1 0 0 1 1 1 0 0 0 0 0 0 1 1 1 0 0 1 0 0 0.0
354 22 9858 0 1 0 1 1 0 1 1 0 0 1 1 1 0 0 0 1 0 1 1 0 1 0.0
355 22 11138 1 0 0 0 1 0 0 0 1 1 0 0 1 1 0 1 1 1 0 0 1 0 0.0
356 22 10857 0 0 0 0 1 1 0 1 1 1 1 0 0 0 1 1 1 0 1 0 0 0 0.0
357 22 12619 1 1 1 0 1 0 0 1 0 1 1 1 0 0 0 0 0 1 1 0 1 0 0.0
358 22 9583 0 0 1 1 1 0 0 1 0 1 0 0 0 0 1 0 1 1 1 0 0 0 0.0
359 22 9679 1 0 0 0 0 0 1 0 1 0 0 1 0 0 0 1 1 0 1 1 1 1 0.0
360 22 10287 0 1 0 1 0 0 1 0 0 0 0 1 1 0 1 1 0 0 0 1 0 1 0.0
361 22 11642 0 1 0 0 0 0 1 0 1 1 1 0 0 1 0 1 1 0 1 0 1 0 0.0
362 22 13135 0 1 0 0 0 1 1 1 0 1 1 1 0 1 0 1 1 0 1 0 0 1 0.0
363 22 10267 0 0 1 1 0 0 0 1 1 1 1 0 0 1 0 0 1 0 1 1 0 0 0.0
364 22 10891 0 1 1 0 0 0 1 0 0 0 0 0 1 0 1 0 1 1 1 0 1 1 0.0
365 22 9252 1 0 0 1 1 0 0 1 1 0 0 1 1 1 0 0 1 1 0 0 0 0 0.0
366 22 13028 1 1 0 0 1 0 0 1 1 0 0 0 1 1 0 0 0 0 0 1 1 1 0.0
367 22 9558 0 0 0 1 1 1 1 1 0 0 0 1 0 0 1 0 0 1 1 1 1 1 0.0
368 22 10756 1 0 1 0 1 1 1 1 0 0 0 0 0 1 0 0 0 1 0 1 0 0 0.0
369 22 11073 1 0 1 0 1 1 0 1 0 1 1 0 1 0 0 1 0 0 1 0 1 0 0.0
370 22 10269 1 1 0 1 0 0 1 0 0 0 1 0 0 1 1 0 0 1 0 1 1 0 0.0
371 22 9098 0 1 1 1 0 1 0 1 1 1 0 0 1 0 0 0 1 0 0 0 1 0 0.0
372 22 8988 1 1 0 1 1 0 0 0 0 0 0 0 1 0 1 0 1 1 1 0 0 1 0.0
373 22 12801 0 0 1 1 0 0 1 1 0 1 1 1 1 0 1 0 1 1 0 0 0 0 0.0
374 22 9742 0 1 0 0 1 1 1 0 1 0 1 0 1 0 0 0 1 1 0 0 0 1 0.0
375 22 11165 0 1 1 1 0 0 0 0 0 1 1 0 0 1 1 1 0 1 0 1 1 0 0.0
376 22 10503 0 0 0 1 1 0 1 1 1 1 0 0 0 1 0 1 0 0 1 0 0 0 0.0
377 22 10974 1 1 1 0 1 1 1 0 0 0 1 0 0 1 0 0 0 1 0 1 0 0 0.0
378 22 11728 1 0 1 1 1 0 1 0 1 1 0 0 1 0 1 0 0 0 0 0 0 0 0.0
379 22 10168 1 0 1 1 1 0 1 0 1 1 0 0 0 0 1 0 0 0 0 1 0 1 0.0
380 22 12738 0 0 1 1 1 1 1 0 1 0 0 0 0 1 0 0 0 1 1 0 1 0 0.0
381 22 10240 1 0 0 0 0 0 1 1 0 0 1 1 0 1 1 0 0 1 1 0 1 0 0.0
382 22 9566 0 0 1 1 1 0 0 1 0 0 0 0 0 1 1 1 0 1 0 1 1 0 0.0
383 22 9482 1 1 0 1 0 0 1 1 0 1 1 1 0 0 0 0 1 0 0 0 1 1 0.0
384 22 10844 1 0 1 0 0 0 1 1 0 1 1 0 1 0 0 1 0 0 0 0 1 1 0.0
385 22 10454 1 0 1 1 0 1 1 0 0 0 1 0 0 1 1 0 1 0 1 0 1 0 0.0
386 22 12734 1 0 0 1 0 1 0 1 1 1 0 1 0 0 1 0 0 0 1 0 1 1 0.0
387 22 12250 0 1 0 0 1 0 1 1 0 1 1 0 1 1 1 0 0 1 0 0 1 0 0.0
388 22 9881 0 1 0 1 1 0 1 1 1 1 0 0 1 1 0 0 0 1 0 0 0 1 0.0
389 22 8333 0 0 1 1 1 0 1 1 0 1 1 0 0 0 1 0 0 0 0 1 0 0 0.0
390 22 12003 0 1 0 1 0 1 1 0 1 1 1 1 0 0 0 0 0 1 0 1 0 0 0.0
391 22 12782 1 1 0 1 0 1 0 1 1 0 1 0 1 1 0 1 1 0 1 0 0 0 0.0
392 22 11371 1 0 0 1 0 0 0 0 1 1 1 0 0 1 0 1 0 0 1 1 0 1 0.0
393 22 11011 1 0 0 0 1 0 1 0 0 0 1 0 0 1 1 0 0 1 1 0 1 1 0.0
394 22 11841 1 1 0 1 0 1 0 0 1 0 1 1 0 1 0 0 0 1 0 0 1 0 0.0
395 22 11120 1 1 0 1 0 0 0 1 1 0 1 1 0 1 1 1 0 0 0 0 0 0 0.0
396 22 12215 0 0 1 0 1 1 0 0 0 0 1 1 1 1 0 0 0 1 0 1 1 1 0.0
397 22 10282 0 0 0 1 1 0 0 1 0 1 0 1 1 1 1 0 0 1 0 0 1 0 0.0
398 22 10984 1 0 1 1 1 1 0 0 0 1 0 0 0 1 0 0 1 0 0 1 1 0 0.0
399 22 11060 0 1 0 0 1 1 0 0 0 1 1 1 0 0 0 0 0 1 1 1 1 0 0.0
400 22 12241 1 0 0 1 0 0 0 1 1 1 0 1 0 1 0 0 0 0 1 1 0 1 0.0
401 22 11407 1 0 0 0 0 0 0 0 0 1 0 1 1 1 0 0 1 0 1 1 1 1 0.0
402 22 10834 1 1 1 1 0 0 0 1 0 1 0 0 0 0 1 1 0 1 1 1 0 0 0.0
403 22 10387 0 1 0 0 0 0 0 0 1 0 0 0 1 1 0 0 1 1 1 1 1 1 0.0
404 22 9335 0 1 0 1 0 1 0 1 0 1 0 1 0 0 0 0 1 1 1 0 0 0 0.0
405 22 9732 1 0 0 1 1 0 1 0 1 0 0 1 1 0 1 1 0 0 1 1 0 0 0.0
406 22 10400 0 1 0 0 0 0 1 1 0 0 0 1 1 1 0 1 0 1 1 0 1 0 0.0
407 22 9946 1 1 0 1 1 0 0 1 0 0 0 1 0 1 0 1 0 0 0 1 0 1 0.0
408 22 12139 1 1 1 1 0 0 0 1 0 0 0 1 1 1 1 0 0 0 1 0 0 1 0.0
409 22 8710 0 0 0 1 1 1 1 1 1 1 0 0 0 0 1 0 0 0 1 1 0 0 0.0
410 22 11241 0 0 1 1 0 0 1 1 1 0 0 1 0 1 0 0 0 1 0 1 1 0 0.0
411 22 10371 1 1 1 0 1 0 0 0 0 1 0 0 0 0 1 0 1 1 1 0 0 1 0.0
412 22 11327 1 0 0 0 1 1 1 0 0 0 1 1 0 0 0 1 0 1 1 0 0 1 0.0
413 22 11581 1 1 0 0 0 1 0 0 1 1 1 0 1 0 1 0 0 0 0 0 1 1 0.0
414 22 10380 0 1 1 1 1 1 1 0 1 0 0 0 0 0 1 1 0 0 1 1 0 0 0.0
415 22 10848 1 0 0 1 1 0 1 0 1 0 1 1 1 1 0 1 1 0 0 0 0 0 0.0
416 22 11561 0 1 0 1 0 1 1 0 1 1 1 0 0 0 1 1 0 0 1 0 0 0 0.0
417 22 10506 1 1 0 1 1 0 1 1 0 0 1 0 1 1 0 0 0 1 1 0 0 0 0.0
418 22 9769 0 0 0 1 1 1 0 0 1 0 1 1 0 0 1 0 0 0 0 1 1 1 0.0
419 22 11394 0 0 1 1 1 1 1 1 1 0 0 1 1 0 1 0 0 0 0 1 0 0 0.0
420 22 11216 1 0 1 0 1 0 0 1 1 0 0 1 0 1 1 0 0 0 1 0 1 1 0.0
421 22 10411 0 1 0 1 0 0 1 0 0 1 1 0 0 1 1 1 0 0 0 1 1 1 0.0
422 22 11611 1 1 1 1 1 0 1 0 1 0 0 0 0 1 1 0 1 0 0 0 0 0 0.0
423 22 10918 0 0 0 0 0 1 1 1 0 0 1 0 1 1 1 0 1 1 1 0 0 0 0.0
424 22 11241 0 0 0 1 0 0 0 1 0 1 1 1 1 1 1 0 0 1 1 0 1 1 0.0
425 22 11665 1 1 1 1 1 0 1 1 0 1 1 0 0 0 0 0 1 0 0 1 0 0 0.0
426 22 9683 0 1 0 1 1 0 1 0 0 0 1 1 0 0 1 0 0 0 0 0 1 1 0.0
427 22 10186 0 0 0 0 1 1 1 1 1 1 0 1 1 1 0 0 1 1 0 0 0 0 0.0
428 22 11097 1 0 0 1 0 0 0 1 1 1 1 0 0 0 1 0 0 0 1 0 1 1 0.0
429 22 10024 1 0 1 0 1 1 0 0 1 0 0 1 1 0 0 0 0 0 1 1 1 1 0.0
430 22 10835 0 1 1 1 0 0 1 0 0 0 1 0 0 1 1 0 1 1 0 0 1 0 0.0
431 22 9867 1 1 0 0 0 1 0 0 0 1 1 1 1 1 1 0 0 0 0 0 0 0 0.0
432 22 9015 0 0 0 0 0 0 1 1 1 1 0 1 0 0 1 1 0 0 1 0 0 1 0.0
433 22 10441 1 0 1 1 0 1 0 1 0 0 1 0 1 0 1 1 0 0 1 0 0 0 0.0
434 22 9607 1 0 1 0 0 1 0 0 1 1 0 0 1 0 0 1 1 0 0 0 1 0 0.0
435 22 10414 0 0 0 1 1 1 1 0 1 1 0 0 1 0 0 1 0 0 1 1 0 0 0.0
436 22 10172 1 1 1 0 1 1 0 0 0 0 1 0 1 0 1 0 0 1 0 1 0 0 0.0
437 22 12259 1 0 0 0 1 1 1 0 0 1 0 0 1 0 0 1 1 1 1 0 0 1 0.0
438 22 9108 0 1 0 0 0 1 0 1 0 1 1 0 1 1 1 0 0 1 0 0 1 0 0.0
439 22 12415 1 1 1 0 0 0 0 0 1 1 0 1 0 0 1 0 1 1 0 0 1 1 0.0
440 22 10835 0 1 0 0 0 1 1 0 0 1 1 1 0 0 0 1 0 0 0 1 0 1 0.0
441 22 10208 1 1 0 0 0 1 1 1 0 0 1 0 0 0 1 1 0 0 1 1 0 1 0.0
442 22 11073 1 0 0 1 0 0 1 0 0 1 0 1 1 1 1 0 1 0 0 0 0 0 0.0
443 22 10319 1 0 0 0 1 0 0 0 1 0 1 0 1 0 0 1 0 1 1 1 0 1 0.0
444 22 10736 0 1 0 1 0 1 0 0 0 1 0 1 1 1 0 0 1 1 0 0 0 1 0.0
445 22 10019 0 0 0 0 0 0 0 1 0 0 1 1 1 1 0 0 1 1 1 0 1 0 0.0
446 22 10323 0 0 0 1 0 0 1 1 1 1 1 0 1 1 0 0 0 1 0 0 0 1 0.0
447 22 11069 1 1 0 1 0 0 1 1 1 0 0 0 1 1 1 0 0 1 0 0 1 0 0.0
448 22 10566 0 1 1 1 1 0 1 0 1 1 0 0 0 1 0 0 1 0 1 0 0 0 0.0
449 22 10695 0 0 0 0 0 1 0 0 0 1 1 0 0 0 0 1 1 1 1 1 1 1 0.0
450 22 11337 0 1 1 0 1 0 0 0 1 1 0 1 0 0 1 0 1 1 0 1 0 0 0.0
451 22 10845 1 0 0 1 0 0 1 1 1 1 0 1 0 1 0 0 0 0 1 1 0 0 0.0
452 22 9313 1 1 1 1 0 0 1 0 1 0 0 0 1 1 0 1 0 0 1 0 0 0 0.0
453 22 11463 0 0 1 1 0 1 1 0 0 0 1 0 0 0 1 0 0 1 0 1 1 1 0.0
454 22 10228 1 0 1 0 0 1 1 0 0 0 0 0 0 1 0 1 1 1 1 0 0 1 0.0
455 22 10503 1 0 1 0 0 1 1 0 1 1 0 1 1 0 1 1 1 0 0 0 0 0 0.0
456 22 11294 0 0 1 0 0 0 1 0 0 0 0 0 1 1 1 0 1 1 0 1 0 1 0.0
457 22 10421 0 1 1 1 1 0 0 0 1 1 1 0 1 0 0 0 0 0 0 0 1 1 0.0
458 22 11623 1 1 1 1 0 1 1 1 0 0 0 1 0 0 0 0 0 0 0 0 1 1 0.0
459 22 11191 0 1 0 1 1 1 1 0 0 0 1 0 0 0 0 1 0 1 0 1 0 1 0.0
460 22 11964 0 0 1 0 1 0 0 0 0 1 1 1 0 0 1 1 1 0 1 0 1 0 0.0
461 22 10823 0 1 0 1 0 0 1 1 1 1 0 0 1 0 1 1 0 1 1 0 0 0 0.0
462 22 11131 0 0 0 0 1 1 1 0 0 0 1 1 0 1 0 1 1 0 1 0 1 1 0.0
463 22 10809 0 0 1 1 1 0 0 1 0 1 0 1 0 1 0 1 0 0 0 1 1 0 0.0
464 22 10943 1 0 0 1 0 1 0 0 1 0 0 0 1 1 1 1 0 1 1 0 0 1 0.0
465 22 11481 0 0 1 1 1 1 0 1 1 1 0 1 0 0 0 0 0 0 0 1 1 0 0.0
466 22 9981 0 1 0 1 0 1 0 1 1 0 1 0 0 1 1 0 0 0 1 0 1 0 0.0
467 22 11108 1 0 0 0 1 0 0 0 0 1 1 1 1 1 1 0 1 0 0 0 1 0 0.0
468 22 11232 0 1 0 0 0 1 0 1 1 1 1 0 0 1 1 0 1 1 1 0 0 1 0.0
469 22 11021 1 0 1 0 1 1 1 0 1 1 0 0 0 0 0 1 0 0 1 0 0 0 0.0
470 22 11415 1 0 0 0 0 1 0 0 0 0 1 0 1 1 1 0 1 1 1 1 0 1 0.0
471 22 11248 0 1 0 1 0 1 0 1 0 0 1 1 1 0 0 0 1 0 1 0 1 1 0.0
472 22 11541 0 0 1 0 0 1 1 1 0 1 0 1 0 1 1 1 0 0 0 1 0 0 0.0
473 22 11976 0 1 1 1 0 1 0 1 1 0 0 0 0 1 0 1 0 0 1 1 0 0 0.0
474 22 10807 0 1 0 0 0 1 0 1 1 0 0 0 1 0 0 1 0 1 1 0 1 0 0.0
475 22 10225 0 0 1 0 1 1 1 0 0 1 0 0 1 0 0 1 1 0 1 0 0 1 0.0
476 22 13119 1 1 0 0 1 0 1 0 0 0 0 0 1 1 1 1 1 1 0 0 1 1 0.0
477 22 10372 0 0 0 0 0 1 0 1 1 1 1 0 1 0 0 0 1 0 1 1 1 1 0.0
478 22 10895 1 0 1 0 1 0 1 0 0 0 1 0 0 0 1 1 0 0 1 1 1 0 0.0
479 22 11273 1 1 1 0 1 0 0 0 1 1 1 0 0 0 1 1 1 1 1 0 0 0 0.0
480 22 10387 1 0 0 0 1 0 0 0 1 0 0 1 1 0 0 1 1 1 1 1 1 0 0.0
481 22 10823 1 1 0 1 1 0 0 1 1 1 0 0 1 0 0 0 0 0 0 1 1 0 0.0
482 22 11729 1 1 1 0 0 0 1 0 0 1 1 0 1 0 1 0 0 0 1 0 0 1 0.0
483 22 11221 1 1 1 0 0 1 0 0 0 0 0 0 1 1 1 1 1 0 0 0 0 1 0.0
484 22 10239 0 0 0 0 0 1 1 1 0 0 1 1 1 1 1 1 1 0 0 0 0 1 0.0
485 22 12077 0 1 0 1 0 1 0 1 1 0 1 0 1 0 0 0 0 0 0 1 1 1 0.0
486 22 10382 0 1 0 0 0 0 1 1 1 0 0 0 1 1 0 1 1 0 0 0 0 1 0.0
487 22 12107 1 0 0 1 0 0 1 1 0 1 0 0 1 1 0 1 1 0 0 1 0 0 0.0
488 22 12890 1 0 1 1 1 0 1 1 1 1 0 1 0 0 0 0 1 0 0 0 1 0 0.0
489 22 9738 0 0 0 0 1 1 1 0 0 0 0 1 0 1 0 0 1 1 0 1 1 0 0.0
490 22 8311 1 0 1 1 0 0 0 0 1 1 1 0 0 0 1 1 0 0 0 0 1 0 0.0
491 22 11189 0 0 1 1 1 0 1 0 0 0 0 1 0 1 1 1 0 1 0 0 1 1 0.0
492 22 10185 1 1 0 0 0 1 1 0 0 0 1 0 1 0 0 0 0 0 1 1 1 1 0.0
493 22 11488 1 0 0 0 0 1 1 1 1 1 1 0 0 0 0 0 1 0 1 0 1 0 0.0
494 22 11409 1 1 1 0 0 0 0 1 1 0 0 0 1 0 1 1 1 0 0 1 0 1 0.0
495 22 10398 1 1 0 1 0 1 1 1 0 1 1 0 0 1 0 0 0 0 0 0 0 1 0.0
496 22 12358 0 1 1 0 1 0 0 0 1 1 1 1 1 0 1 0 0 0 0 0 1 1 0.0
497 22 11480 0 0 1 1 0 0 1 1 0 1 0 0 0 1 0 1 1 0 1 1 1 0 0.0
498 22 11021 1 0 0 0 1 0 1 1 0 1 1 0 1 0 0 1 0 0 1 0 1 1 0.0
499 22 11670 1 0 0 1 1 0 0 0 1 0 1 1 0 1 0 1 0 0 0 1 0 1 0.0
500 22 10169 1 0 0 0 1 1 1 0 0 1 1 0 1 0 0 1 0 0 0 1 0 1 0.0
