1 25 11801 1 0 1 1 0 0 1 0 1 0 1 0 1 0 0 0 1 1 0 1 0 1 0 1 0 0.0
2 25 14500 0 0 0 0 0 1 1 0 0 1 1 1 0 1 0 1 1 1 0 1 0 1 1 0 1 0.0
3 25 12582 1 1 1 0 0 0 1 1 1 0 0 1 1 1 0 0 0 1 0 1 0 1 0 0 0 0.0
4 25 10434 0 0 0 1 0 1 0 1 1 1 0 1 1 1 0 1 0 0 0 0 0 1 0 1 0 0.0
5 25 13315 0 0 0 0 0 0 1 1 0 0 0 1 0 1 0 0 1 0 1 0 1 1 1 1 1 0.0
6 25 14129 1 1 0 1 0 1 0 1 1 1 1 0 1 0 0 0 1 0 0 0 0 1 1 0 0 0.0
7 25 12647 1 1 0 1 0 0 1 0 0 1 1 0 0 1 0 1 0 1 0 0 0 1 1 1 0 0.0
8 25 14009 1 1 0 0 0 1 1 0 0 0 0 1 0 1 0 1 0 0 1 1 1 1 1 1 0 0.0
9 25 13186 1 1 0 1 0 0 1 0 0 0 1 1 1 0 0 0 0 1 1 0 1 0 1 0 0 0.0
10 25 12910 1 1 0 0 0 1 1 0 0 1 0 1 1 1 0 0 1 1 0 0 0 1 0 0 0 0.0
11 25 11850 1 0 0 0 0 1 0 1 1 0 1 0 0 1 1 0 0 1 0 0 1 0 1 0 1 0.0
12 25 10272 0 1 1 1 0 0 0 1 1 1 0 0 1 1 1 1 1 0 0 0 0 0 0 1 0 0.0
13 25 11057 0 1 0 1 0 0 0 1 0 0 1 1 0 0 1 0 1 1 1 0 0 0 0 1 1 0.0
14 25 11491 0 1 0 0 1 0 1 0 1 0 1 0 0 0 0 0 0 1 0 1 0 1 1 1 1 0.0
15 25 9088 0 0 1 0 0 0 1 1 0 0 1 1 0 1 0 1 0 1 0 0 1 0 1 0 0 0.0
16 25 12422 0 0 1 0 0 1 0 1 1 0 1 0 1 1 0 0 1 1 1 1 0 1 1 0 0 0.0
17 25 11633 1 1 0 1 1 1 0 0 0 0 0 1 0 0 0 1 1 0 0 1 0 0 1 1 0 0.0
18 25 13605 1 1 0 0 1 0 0 1 1 0 1 0 1 1 0 0 0 1 0 1 0 1 1 1 0 0.0
19 25 13927 1 0 0 1 1 1 1 0 0 0 0 0 1 1 0 1 0 0 0 1 0 1 0 1 1 0.0
20 25 12107 1 0 1 1 0 1 0 1 1 0 1 1 0 0 1 1 0 1 1 0 0 1 0 0 0 0.0
21 25 12477 0 0 1 1 1 0 0 0 0 1 1 1 1 0 0 0 1 0 1 0 1 0 1 0 1 0.0
22 25 14015 0 0 1 0 0 1 1 0 0 0 1 0 1 0 1 0 1 0 1 0 0 1 0 1 1 0.0
23 25 13201 0 0 0 1 1 1 1 1 0 0 1 0 1 0 0 0 1 1 0 1 1 1 1 0 1 0.0
24 25 11282 1 0 1 0 1 0 1 1 0 0 1 0 0 1 1 0 1 0 0 0 0 1 1 0 1 0.0
25 25 10989 1 0 1 0 1 0 1 0 1 0 1 0 1 1 1 0 0 0 1 0 1 0 0 0 1 0.0
26 25 12795 0 1 0 0 0 1 0 1 0 0 1 0 1 0 1 0 1 0 1 1 0 0 1 1 1 0.0
27 25 11512 0 0 0 0 1 1 0 1 0 1 0 0 1 1 0 0 1 1 1 0 0 0 0 0 1 0.0
28 25 12656 0 1 1 0 0 0 0 0 0 1 0 1 1 0 1 0 0 0 1 0 1 1 1 0 0 0.0
29 25 13530 1 0 0 1 0 1 0 1 1 0 1 0 1 0 1 0 0 0 1 0 1 0 1 1 1 0.0
30 25 11662 1 1 0 1 0 0 1 0 1 0 1 0 1 0 0 0 0 1 0 1 0 0 0 1 1 0.0
31 25 11342 0 1 1 0 1 0 1 1 1 1 1 0 0 0 0 1 0 1 0 0 1 1 0 1 0 0.0
32 25 13592 0 1 1 0 0 0 1 0 0 0 0 1 0 1 0 0 1 1 1 1 1 1 1 0 1 0.0
33 25 12154 1 1 0 1 0 1 0 0 0 0 0 0 1 1 1 0 1 0 1 0 0 1 1 1 0 0.0
34 25 9475 0 0 0 0 0 1 1 0 1 1 1 1 1 1 1 1 0 1 0 0 0 0 0 0 1 0.0
35 25 13410 0 0 0 0 1 1 1 0 1 1 1 1 0 0 1 0 0 1 0 1 1 0 1 1 0 0.0
36 25 11135 0 1 0 0 0 1 0 1 1 0 1 0 1 0 1 0 0 0 1 1 0 1 0 1 1 0.0
37 25 13471 1 1 0 0 1 1 0 0 1 0 0 0 1 0 0 1 1 1 1 0 1 1 1 1 0 0.0
38 25 11626 1 1 1 0 0 0 1 1 1 1 0 0 0 1 1 0 0 0 1 1 0 0 1 0 0 0.0
39 25 13616 0 1 0 1 1 1 0 0 0 0 0 1 1 0 1 1 1 1 0 0 1 0 0 0 1 0.0
40 25 10295 0 1 1 0 0 1 0 0 1 1 1 1 0 1 0 1 1 1 0 0 0 0 0 0 0 0.0
41 25 13525 1 1 1 0 1 1 1 1 1 0 1 0 0 0 0 0 0 0 0 1 1 1 0 0 0 0.0
42 25 12666 0 0 0 1 0 0 1 0 0 0 1 1 0 1 1 0 0 0 1 0 1 1 0 1 1 0.0
43 25 12063 1 0 1 0 1 0 1 0 0 1 0 1 0 1 0 1 0 1 1 0 0 0 0 1 1 0.0
44 25 11254 0 0 1 1 1 0 0 0 0 1 0 0 0 1 1 1 0 0 1 0 0 1 1 0 0 0.0
45 25 12435 1 0 0 1 0 0 0 0 0 0 1 1 1 0 1 1 0 0 0 1 1 0 1 1 1 0.0
46 25 14620 0 1 0 1 1 0 0 0 1 1 0 0 1 0 0 0 1 1 1 1 0 1 0 1 0 0.0
47 25 11798 1 0 1 1 0 0 0 0 0 1 0 1 1 1 1 0 0 1 1 0 0 0 1 0 0 0.0
48 25 12201 0 1 0 1 0 0 1 1 1 0 1 0 1 0 1 1 0 0 0 0 1 0 1 0 1 0.0
49 25 12561 0 0 0 1 1 1 0 0 0 0 1 1 0 0 1 0 1 0 1 0 1 1 1 0 1 0.0
50 25 13112 1 0 0 0 1 1 0 1 0 1 1 1 1 0 0 0 0 1 1 1 0 1 0 0 0 0.0
51 25 14296 0 0 1 1 1 0 1 0 1 1 0 0 0 0 0 0 1 1 1 1 1 0 1 1 0 0.0
52 25 13663 1 1 0 1 0 1 1 0 0 0 0 1 0 1 0 0 1 0 0 1 1 1 1 1 0 0.0
53 25 10266 1 1 1 1 1 1 0 1 0 0 1 0 0 0 0 0 0 1 0 1 0 0 1 0 1 0.0
54 25 12980 1 0 1 0 1 0 1 1 0 0 0 0 1 0 1 1 1 0 0 1 0 1 1 0 0 0.0
55 25 11713 1 0 1 0 0 0 1 1 0 0 1 0 0 1 1 0 0 1 1 0 0 0 1 1 1 0.0
56 25 11141 0 0 1 1 1 0 1 0 0 0 0 0 1 0 1 1 1 1 1 0 0 0 1 0 0 0.0
57 25 13448 1 1 1 0 1 0 1 0 1 0 0 1 0 0 0 0 0 1 1 0 1 1 0 1 1 0.0
58 25 11367 0 1 1 1 0 0 1 1 0 1 0 1 0 0 0 1 1 1 0 1 1 1 1 0 0 0.0
59 25 11114 0 1 1 0 1 0 0 0 1 1 1 0 0 1 1 0 0 0 0 0 0 1 1 1 0 0.0
60 25 12001 0 0 1 1 1 0 0 1 0 1 1 1 0 1 1 0 0 1 0 1 0 0 1 0 0 0.0
61 25 11858 0 1 1 1 0 1 1 1 0 1 0 0 0 0 0 0 1 0 0 1 1 0 1 1 0 0.0
62 25 10890 1 0 0 1 1 1 1 0 1 0 0 0 0 1 0 1 0 0 0 1 1 0 1 1 0 0.0
63 25 12356 0 1 0 0 0 0 1 0 1 0 1 0 0 0 1 1 1 1 1 0 1 0 1 0 1 0.0
64 25 11988 0 0 1 0 1 0 0 0 1 1 1 1 0 1 0 0 1 0 0 1 0 1 1 0 0 0.0
65 25 11765 0 0 1 0 1 0 0 0 1 1 0 1 1 1 0 0 0 1 1 0 0 0 1 0 1 0.0
66 25 14536 0 1 1 1 1 1 1 0 0 0 0 1 1 0 1 0 1 1 0 0 0 0 1 0 0 0.0
67 25 10634 1 1 0 1 0 0 1 0 1 0 0 0 0 0 1 1 0 0 1 0 0 1 0 1 0 0.0
68 25 11434 1 1 1 0 0 1 0 1 1 0 0 1 1 1 1 0 0 0 0 1 0 1 0 0 0 0.0
69 25 12807 1 1 1 1 0 0 1 0 1 1 0 1 0 0 0 1 1 0 0 0 0 0 0 1 1 0.0
70 25 12878 0 1 1 1 1 1 1 0 0 1 0 0 0 1 1 1 1 0 0 0 0 0 0 0 1 0.0
71 25 12152 0 1 1 0 1 0 0 1 1 1 0 0 0 1 0 0 1 1 0 0 1 1 0 0 0 0.0
72 25 13318 1 0 0 1 0 1 0 1 1 0 0 0 0 1 0 1 1 0 0 0 1 1 0 1 1 0.0
73 25 12181 1 1 0 1 1 1 0 0 0 0 1 1 1 0 1 0 0 0 1 0 0 0 1 1 0 0.0
74 25 12114 0 1 0 0 1 1 0 0 1 1 0 1 0 1 0 1 1 0 1 0 1 0 1 0 0 0.0
75 25 11231 1 1 1 1 0 0 0 0 1 1 0 1 1 1 0 0 0 0 1 0 1 0 1 0 0 0.0
76 25 12103 0 1 1 0 0 0 1 0 1 1 1 1 0 0 0 1 0 0 0 1 1 0 0 0 1 0.0
77 25 10741 0 1 0 0 1 1 1 1 0 1 0 0 1 0 1 0 1 0 0 0 1 0 1 0 1 0.0
78 25 11700 0 0 0 1 1 0 0 1 0 1 1 0 0 0 0 1 1 0 1 1 1 1 0 0 0 0.0
79 25 13001 0 1 1 0 0 0 1 0 0 1 1 1 1 0 1 0 1 1 1 0 0 1 0 0 0 0.0
80 25 11612 0 1 1 0 1 1 0 1 0 1 1 0 1 1 0 1 1 0 0 0 0 0 0 1 0 0.0
81 25 12333 1 1 0 1 0 0 1 0 1 0 0 1 1 0 0 0 0 1 1 0 1 0 0 0 1 0.0
82 25 13347 1 1 1 1 0 0 0 1 1 0 1 1 0 0 1 0 0 0 1 1 0 1 0 1 0 0.0
83 25 11390 0 0 0 0 1 1 0 1 1 1 0 1 0 1 1 1 1 0 0 0 0 1 1 0 0 0.0
84 25 12083 0 0 1 1 1 0 1 0 0 1 1 0 0 1 0 0 0 1 1 0 1 0 1 1 0 0.0
85 25 10935 0 1 0 0 1 1 0 0 1 0 1 0 0 0 1 0 1 0 1 1 1 1 0 0 0 0.0
86 25 13467 1 1 0 1 0 1 0 0 0 0 0 1 1 0 1 0 0 1 1 1 1 1 0 0 0 0.0
87 25 13536 0 0 1 0 1 0 1 1 0 1 0 1 0 1 0 1 1 0 0 0 1 1 1 0 0 0.0
88 25 13051 1 1 0 0 1 0 0 0 1 1 0 1 0 0 1 1 1 1 0 0 1 1 1 0 0 0.0
89 25 11694 1 1 0 0 1 0 1 0 1 0 0 0 1 1 0 0 1 0 0 1 1 0 0 0 0 0.0
90 25 11332 0 0 1 0 1 1 1 1 1 1 0 0 0 1 0 1 0 0 0 1 1 0 0 0 0 0.0
91 25 10490 0 0 0 1 0 1 1 0 0 0 0 1 0 1 0 1 1 0 1 0 1 0 1 1 1 0.0
92 25 12185 0 1 0 0 1 0 1 0 1 1 1 0 1 1 1 0 0 0 0 0 1 1 0 1 0 0.0
93 25 14148 1 0 0 1 1 1 0 0 0 1 0 0 1 0 1 1 0 1 1 0 0 1 0 1 0 0.0
94 25 13433 1 0 0 1 1 0 0 0 0 0 1 0 0 0 1 1 0 1 0 1 1 1 1 1 1 0.0
95 25 13093 0 0 1 1 1 1 0 0 0 0 0 0 0 1 0 1 0 1 0 1 1 1 0 1 1 0.0
96 25 12201 0 1 1 0 0 0 0 0 0 1 1 0 1 0 0 1 0 0 1 0 1 1 1 0 1 0.0
97 25 12742 0 0 0 0 0 1 1 1 0 1 0 1 1 0 0 0 1 0 1 0 0 0 1 1 1 0.0
98 25 13236 0 0 1 0 1 0 1 0 1 0 0 1 1 1 0 1 0 1 1 1 0 0 0 0 1 0.0
99 25 11056 0 1 1 0 1 0 0 1 0 1 0 1 0 1 0 1 1 0 1 1 1 0 0 0 0 0.0
100 25 11877 1 1 1 1 0 0 0 0 0 0 0 0 1 1 0 1 1 0 0 0 0 1 1 1 0 0.0
101 25 11655 1 1 0 1 0 1 1 0 0 0 1 0 0 0 1 1 0 0 1 0 0 1 1 0 0 0.0
102 25 12866 0 0 1 1 1 0 1 0 1 0 1 0 0 1 0 0 0 0 1 0 1 1 0 1 1 0.0
103 25 11874 1 0 1 0 1 0 1 1 1 1 0 1 0 0 0 0 1 0 1 1 0 0 0 0 0 0.0
104 25 13510 1 1 1 0 0 0 1 0 1 0 1 1 0 1 1 0 1 0 0 0 1 0 1 1 0 0.0
105 25 11240 1 0 0 0 1 1 0 0 0 1 1 1 0 1 0 0 0 1 0 0 0 0 1 1 1 0.0
106 25 11723 1 1 0 0 1 0 1 0 1 0 0 0 1 0 1 0 0 1 0 1 0 1 0 1 1 0.0
107 25 11815 0 0 0 0 1 1 1 0 0 1 0 0 0 0 1 0 1 1 1 1 0 1 0 1 0 0.0
108 25 14706 0 1 1 1 1 1 1 1 1 0 0 0 1 0 0 0 0 1 0 0 0 0 1 1 0 0.0
109 25 13585 1 0 0 0 0 0 0 0 1 0 1 1 1 0 0 0 1 1 0 1 1 0 1 0 1 0.0
110 25 13320 0 1 1 0 1 0 1 1 1 0 1 1 0 1 1 0 1 1 1 0 0 0 0 0 0 0.0
111 25 12033 0 1 0 1 1 1 0 1 0 0 1 1 0 0 1 0 0 1 1 0 0 1 0 1 1 0.0
112 25 12466 1 1 0 0 0 1 0 1 0 1 0 1 0 1 1 0 1 1 0 1 1 1 0 0 0 0.0
113 25 11704 0 1 1 1 1 0 0 1 1 0 1 0 1 1 1 0 1 0 0 0 1 0 0 0 1 0.0
114 25 11872 0 0 0 0 1 1 0 0 0 1 0 0 1 1 1 0 1 1 0 0 0 1 1 1 0 0.0
115 25 12809 1 1 1 0 0 1 0 1 0 0 1 1 1 1 0 0 0 0 0 1 0 1 1 0 0 0.0
116 25 12869 1 0 0 1 1 0 0 0 1 1 1 1 1 0 1 0 1 1 0 1 0 1 0 0 0 0.0
117 25 11817 1 1 0 1 0 1 1 1 1 0 1 0 0 0 0 1 0 0 0 1 0 1 0 1 0 0.0
118 25 13100 0 1 0 1 0 0 0 0 1 0 1 1 1 0 1 0 0 0 0 0 1 1 1 1 1 0.0
119 25 12195 1 1 0 1 1 0 0 1 0 1 1 0 0 1 0 0 1 1 0 1 0 1 0 0 1 0.0
120 25 12319 1 1 1 1 0 0 1 0 0 1 0 1 1 0 1 0 0 0 1 0 0 1 0 0 0 0.0
121 25 13404 1 0 1 1 0 1 0 1 0 0 0 1 1 0 1 1 1 1 0 0 1 0 1 0 0 0.0
122 25 13371 1 0 0 0 1 1 0 0 0 1 0 1 1 1 1 0 1 0 1 0 0 1 0 0 1 0.0
123 25 13897 1 0 1 1 1 0 0 1 0 0 1 0 1 0 1 1 0 0 0 1 1 1 0 1 0 0.0
124 25 12284 1 0 1 1 0 1 0 1 1 0 1 0 0 1 0 0 1 0 0 0 0 0 1 0 1 0.0
125 25 12823 0 1 1 0 1 0 0 0 0 0 1 0 0 0 1 0 1 1 1 1 0 0 1 0 1 0.0
126 25 15706 1 1 1 0 1 0 1 0 1 1 1 1 1 0 1 0 0 1 0 0 0 0 0 0 1 0.0
127 25 13422 0 1 1 1 0 1 0 0 1 1 0 1 0 1 0 0 1 1 0 1 0 1 1 0 0 0.0
128 25 12526 1 0 1 1 1 0 1 1 0 0 1 0 0 1 0 1 0 1 0 1 1 0 0 0 0 0.0
129 25 11103 0 0 1 1 1 0 1 1 0 0 0 0 1 0 0 1 0 1 1 1 0 0 1 0 0 0.0
130 25 14469 0 1 0 0 0 1 0 1 0 1 0 0 1 0 1 1 1 0 1 1 1 0 0 0 0 0.0
131 25 10753 0 1 1 1 1 0 0 0 1 0 1 1 1 0 0 1 1 0 0 0 1 0 1 0 0 0.0
132 25 13013 0 0 0 0 0 1 0 1 1 0 0 0 1 0 0 1 1 1 1 1 1 0 1 1 0 0.0
133 25 12767 0 1 0 0 1 1 0 0 1 1 0 0 1 0 0 0 1 1 0 0 1 0 1 1 1 0.0
134 25 9605 0 1 1 0 1 1 0 0 0 1 0 1 0 0 0 1 1 0 1 1 0 0 0 1 0 0.0
135 25 11845 0 1 0 1 0 0 1 0 0 0 0 0 1 1 1 0 0 1 1 1 1 0 1 1 0 0.0
136 25 10231 0 1 1 0 1 0 1 1 0 1 0 0 0 0 1 1 0 1 0 0 0 0 0 1 1 0.0
137 25 10937 1 1 1 1 0 0 0 1 0 1 1 1 0 1 1 0 0 1 0 0 0 0 0 0 1 0.0
138 25 11617 0 1 1 0 0 1 1 0 1 0 1 1 1 0 1 0 0 0 0 0 1 0 0 1 1 0.0
139 25 14056 1 0 0 0 1 0 1 0 1 1 1 1 0 1 0 0 1 0 1 0 1 0 0 0 1 0.0
140 25 13838 0 0 1 0 0 1 1 0 1 0 0 1 1 1 0 0 1 1 1 1 0 0 0 1 0 0.0
141 25 14486 1 0 0 0 1 1 1 0 1 0 1 0 0 1 0 1 1 0 1 0 1 0 0 1 0 0.0
142 25 11245 0 1 1 0 0 0 0 1 0 1 1 1 1 0 0 1 1 0 1 1 0 0 0 1 1 0.0
143 25 11739 0 0 0 1 0 0 0 1 0 0 1 0 1 1 1 1 1 0 0 1 0 0 1 1 1 0.0
144 25 13595 1 1 0 1 0 0 1 1 0 0 0 0 1 1 0 0 1 0 1 0 1 0 1 1 0 0.0
145 25 14318 1 0 1 0 1 0 1 1 0 0 0 0 1 1 0 0 1 1 1 1 0 0 1 0 0 0.0
146 25 11019 0 0 0 1 1 1 1 1 0 1 1 0 0 0 1 1 1 1 0 0 0 0 0 0 1 0.0
147 25 12617 0 1 1 0 0 1 0 0 1 0 0 0 1 0 0 1 0 0 0 1 1 1 0 1 1 0.0
148 25 12810 1 1 1 0 0 1 0 0 0 0 1 0 1 1 1 0 0 1 0 0 0 0 0 1 1 0.0
149 25 12352 1 0 0 0 1 0 0 0 1 1 1 0 0 1 1 0 0 1 0 1 1 1 0 0 1 0.0
150 25 13391 0 0 1 1 1 0 0 1 0 1 0 1 0 1 0 1 0 0 0 0 1 0 0 1 1 0.0
151 25 14025 1 1 1 0 1 0 0 1 0 0 1 1 0 1 1 1 0 0 0 0 1 0 0 1 0 0.0
152 25 12226 0 1 0 0 0 0 1 0 1 1 1 0 0 0 1 0 0 0 1 1 1 1 0 1 0 0.0
153 25 11825 0 1 0 0 0 1 1 1 1 0 0 1 1 0 1 1 0 0 0 0 0 1 0 1 1 0.0
154 25 12147 0 1 0 0 0 0 0 0 1 1 0 0 1 1 0 1 1 0 0 0 1 0 1 1 1 0.0
155 25 10647 0 0 1 1 0 0 1 1 0 1 1 1 0 0 0 1 0 0 0 0 1 0 1 0 1 0.0
156 25 11710 0 0 0 1 1 0 1 1 0 0 0 1 1 1 1 1 0 0 0 1 0 0 0 0 1 0.0
157 25 14853 0 0 1 1 0 1 1 0 0 0 0 1 0 0 1 1 0 1 1 1 1 1 1 1 0 0.0
158 25 12655 1 0 0 0 1 1 0 0 0 1 1 1 0 0 1 0 0 0 1 0 1 1 1 1 0 0.0
159 25 11514 1 1 0 0 1 0 0 0 1 0 0 1 0 1 1 0 1 1 0 0 0 0 1 1 0 0.0
160 25 10938 1 0 1 0 0 1 0 1 0 1 1 0 0 0 0 0 1 0 0 0 1 0 1 0 1 0.0
161 25 11408 1 0 1 1 0 0 0 1 1 1 0 1 1 0 1 0 0 0 0 1 1 0 0 0 0 0.0
162 25 11208 0 1 1 1 0 0 0 1 0 0 0 0 1 0 1 1 1 1 0 0 0 1 1 0 0 0.0
163 25 11875 0 0 1 0 1 1 1 0 0 0 1 0 0 0 0 1 0 1 0 0 1 1 0 1 1 0.0
164 25 13490 0 0 0 0 1 1 0 1 0 1 1 0 1 1 0 1 0 1 1 1 0 0 1 0 0 0.0
165 25 13013 1 1 0 1 1 0 0 0 1 1 1 1 0 0 0 0 0 1 1 0 0 1 0 1 1 0.0
166 25 13283 0 0 1 0 0 0 1 1 0 1 1 0 0 1 0 1 1 1 0 0 1 0 1 1 0 0.0
167 25 11270 0 0 0 0 1 0 0 0 1 1 1 1 1 0 0 1 0 1 1 0 0 0 1 0 1 0.0
168 25 11839 0 0 1 0 0 0 1 0 0 1 0 1 0 0 1 1 1 1 0 1 1 1 1 0 1 0.0
169 25 10555 0 1 1 0 1 1 1 1 0 0 0 0 0 1 0 1 1 0 0 0 0 1 1 0 0 0.0
170 25 13000 0 1 1 1 1 0 1 1 1 0 0 0 0 0 1 1 0 0 0 0 0 0 0 1 1 0.0
171 25 12804 0 1 0 1 0 0 0 1 0 0 1 0 0 1 0 1 0 0 0 1 0 1 1 1 1 0.0
172 25 11604 0 0 0 1 0 1 0 1 1 0 0 1 1 1 0 1 0 0 1 0 1 0 0 1 1 0.0
173 25 13190 1 0 1 0 1 0 1 0 0 0 0 0 1 1 0 1 1 0 1 1 1 0 0 1 1 0.0
174 25 12807 0 0 0 0 1 0 0 1 1 0 0 0 0 0 1 1 0 1 1 0 0 0 1 1 1 0.0
175 25 11361 0 1 0 0 0 1 0 1 1 1 1 1 1 1 1 1 0 0 0 0 0 1 0 0 0 0.0
176 25 10296 0 0 0 0 1 1 1 0 1 1 0 0 1 0 0 1 0 1 0 1 1 1 0 0 0 0.0
177 25 13829 0 0 1 1 1 1 1 1 0 0 0 1 1 0 0 0 1 0 0 1 1 0 1 0 1 0.0
178 25 12195 1 0 0 1 0 0 1 0 0 1 0 0 1 0 1 0 1 1 1 0 1 0 1 0 0 0.0
179 25 13770 0 0 0 1 0 0 0 1 0 1 1 1 0 1 0 0 0 0 1 1 1 0 1 1 1 0.0
180 25 12751 1 1 0 0 1 1 1 1 0 1 1 0 1 0 0 1 0 0 0 1 0 0 0 1 1 0.0
181 25 12034 1 1 0 1 1 1 1 0 0 1 0 0 1 0 0 0 1 0 0 1 0 1 0 0 1 0.0
182 25 13873 1 0 0 1 1 1 0 0 0 0 1 1 0 0 0 1 1 0 1 1 1 0 0 1 0 0.0
183 25 11484 0 1 1 1 1 1 0 1 0 1 0 1 1 0 1 1 1 0 0 0 0 0 0 0 0 0.0
184 25 10189 1 0 1 1 0 1 1 0 0 0 1 0 1 1 0 1 1 0 0 0 1 0 1 0 0 0.0
185 25 14045 1 1 1 1 1 1 0 0 0 1 0 0 0 0 0 0 1 0 1 1 0 1 1 1 0 0.0
186 25 11914 0 0 0 1 1 1 0 0 0 1 1 1 1 1 0 1 0 1 1 0 0 1 0 1 0 0.0
187 25 13049 0 0 1 1 0 1 1 1 0 1 0 0 1 1 0 0 0 1 1 1 0 0 1 1 0 0.0
188 25 13452 0 1 1 1 0 1 0 0 1 0 0 0 1 0 1 0 1 0 1 0 0 0 1 1 0 0.0
189 25 10459 1 0 1 1 0 1 1 0 0 0 0 1 0 0 0 0 1 1 1 1 0 0 0 0 1 0.0
190 25 11651 0 1 1 0 0 0 1 0 1 1 0 1 1 0 1 1 0 0 0 1 0 1 0 0 0 0.0
191 25 13374 0 0 0 1 1 0 1 0 1 0 1 1 1 0 0 0 0 0 0 0 1 1 1 1 1 0.0
192 25 11357 1 1 0 0 1 1 0 1 1 0 1 0 1 0 0 1 0 1 0 0 0 0 1 1 1 0.0
193 25 11212 0 0 0 0 1 0 0 0 0 1 0 0 0 0 1 1 0 1 1 1 1 1 1 0 0 0.0
194 25 11035 0 1 1 1 0 1 0 1 1 0 0 1 0 0 1 1 1 0 0 1 1 0 1 0 0 0.0
195 25 11657 1 0 0 1 0 1 0 0 1 0 1 0 0 1 0 1 0 0 0 0 1 1 1 0 0 0.0
196 25 12061 1 0 1 1 0 1 0 0 1 1 1 0 0 1 1 0 1 0 0 0 1 0 0 0 1 0.0
197 25 12887 1 1 1 0 1 0 0 0 0 1 0 0 0 1 1 0 1 0 1 1 1 1 0 0 1 0.0
198 25 11098 0 1 0 1 1 1 1 1 1 0 0 0 0 1 1 0 0 0 0 0 1 0 1 1 1 0.0
199 25 10634 0 0 0 1 1 1 0 0 1 0 0 0 1 1 1 1 0 1 0 1 0 1 1 0 0 0.0
200 25 12250 0 0 1 0 0 0 0 1 0 0 0 1 0 0 1 0 1 0 1 1 1 1 1 1 1 0.0
201 25 13382 1 1 1 0 0 1 1 1 0 1 1 0 0 0 1 1 1 0 0 0 0 0 1 0 1 0.0
202 25 12148 0 1 1 0 1 0 1 0 0 1 1 0 0 1 0 0 1 0 0 1 0 1 0 0 0 0.0
203 25 13037 0 0 0 1 0 1 1 1 0 0 0 0 0 0 1 0 0 1 1 0 1 1 1 1 0 0.0
204 25 11567 1 1 1 1 0 0 0 0 1 1 0 1 0 1 0 0 0 0 0 0 1 0 1 1 1 0.0
205 25 12114 0 1 0 0 0 1 1 0 1 1 0 0 0 0 1 0 1 1 0 1 1 0 1 1 0 0.0
206 25 13396 0 1 1 1 0 0 0 0 0 0 0 1 0 1 0 1 1 1 0 1 1 0 1 1 0 0.0
207 25 13979 0 1 1 1 0 0 0 0 1 1 0 0 1 1 1 0 1 1 0 1 0 1 0 1 0 0.0
208 25 13774 0 0 1 0 1 0 1 0 1 0 1 0 1 1 0 0 1 1 0 0 1 1 0 0 0 0.0
209 25 13644 0 1 0 1 1 1 1 0 1 0 0 1 0 0 0 0 1 0 1 1 1 0 0 0 0 0.0
210 25 11853 0 0 0 0 0 0 0 1 1 0 0 1 1 0 1 1 1 0 1 0 1 1 1 0 1 0.0
211 25 11077 0 0 0 0 1 0 1 0 1 0 0 0 0 1 0 1 1 1 1 1 1 0 1 0 1 0.0
212 25 12999 1 1 0 1 1 1 0 0 1 0 1 1 1 0 0 1 0 1 1 0 0 0 0 0 0 0.0
213 25 12218 0 0 0 0 0 0 0 0 1 1 1 1 1 0 0 0 0 0 1 1 1 0 1 1 0 0.0
214 25 10345 1 0 0 1 1 0 0 1 0 1 1 0 1 0 0 0 1 0 0 0 0 1 0 0 1 0.0
215 25 11148 0 1 1 0 0 0 1 0 0 0 1 0 1 0 0 0 1 0 1 1 1 1 0 1 1 0.0
216 25 12967 1 0 0 0 0 1 0 0 0 1 1 0 1 0 1 0 0 0 1 0 1 1 0 1 1 0.0
217 25 11283 1 1 0 1 0 1 0 1 0 0 0 0 1 0 0 1 0 0 0 0 1 1 0 1 1 0.0
218 25 11560 0 1 1 0 0 0 1 0 0 1 0 0 0 0 1 1 0 1 1 1 0 0 1 1 0 0.0
219 25 10806 1 1 0 1 1 1 0 1 0 0 1 1 0 0 1 1 0 1 1 0 0 0 1 0 0 0.0
220 25 12793 1 1 0 0 1 0 0 0 1 0 1 0 1 0 1 1 1 0 0 0 1 1 0 1 0 0.0
221 25 14461 0 1 1 0 0 0 1 0 0 1 1 0 1 1 1 1 1 0 1 0 0 1 0 0 1 0.0
222 25 12078 1 1 0 1 0 1 0 1 0 0 0 0 0 0 0 1 1 1 0 0 1 1 0 1 1 0.0
223 25 12023 0 0 0 1 1 0 0 0 0 1 1 1 0 0 1 1 1 1 1 0 1 0 1 0 0 0.0
224 25 12098 0 1 0 0 1 0 1 1 0 1 0 0 1 1 1 0 1 0 1 0 0 0 1 0 0 0.0
225 25 12444 0 0 0 0 1 1 1 0 0 1 1 0 1 1 0 0 0 1 0 0 0 1 1 1 0 0.0
226 25 13258 0 1 0 1 0 0 1 0 1 0 0 1 1 1 1 1 1 0 1 0 0 0 0 1 1 0.0
227 25 10915 0 0 0 1 1 1 1 0 0 0 1 0 1 1 0 0 1 1 1 0 0 0 1 1 0 0.0
228 25 13558 1 0 0 1 0 1 0 0 0 0 0 1 1 1 0 0 1 1 0 1 0 1 1 1 0 0.0
229 25 10084 1 0 0 0 1 0 0 0 1 0 1 0 1 1 1 1 1 1 1 0 1 0 0 0 0 0.0
230 25 10684 0 0 0 1 0 0 0 0 0 1 0 0 0 1 1 1 0 0 1 0 1 0 1 1 1 0.0
231 25 14224 0 1 1 1 1 0 0 1 1 1 0 1 0 0 0 0 1 0 1 1 0 0 0 1 0 0.0
232 25 13394 0 1 1 0 1 0 1 0 1 0 0 0 1 0 0 0 0 0 1 1 1 1 1 1 1 0.0
233 25 10339 1 1 1 1 0 0 0 0 1 0 1 1 0 1 0 0 0 1 1 0 0 1 0 1 0 0.0
234 25 13905 1 1 1 0 1 0 0 0 0 1 0 1 1 1 0 0 1 0 0 1 0 0 1 0 1 0.0
235 25 13354 0 0 0 1 1 1 0 0 1 1 1 1 0 0 0 0 0 1 1 1 1 0 1 0 0 0.0
236 25 10765 0 0 0 0 0 1 0 0 0 1 1 0 1 1 0 1 1 1 0 1 0 0 0 1 1 0.0
237 25 9930 1 0 1 0 0 1 0 0 1 0 1 0 1 0 1 1 1 0 0 0 0 0 0 1 1 0.0
238 25 13546 0 0 0 0 0 0 1 0 1 0 1 0 1 1 1 1 0 1 1 0 1 0 1 0 1 0.0
239 25 11241 0 1 0 0 0 1 0 0 0 1 0 0 0 1 1 0 1 1 0 1 1 0 1 1 1 0.0
240 25 12870 0 0 1 1 1 0 0 1 1 0 0 0 0 0 0 1 1 1 0 1 0 1 1 0 0 0.0
241 25 12445 1 1 0 1 0 0 0 1 0 1 1 0 0 1 0 1 1 0 0 1 0 1 0 0 0 0.0
242 25 11973 1 1 0 0 0 0 1 1 0 1 0 0 1 0 1 1 0 0 1 0 1 0 0 1 1 0.0
243 25 12061 0 1 1 0 1 1 0 0 1 1 1 0 0 0 0 0 1 1 0 1 0 0 0 0 0 0.0
244 25 11592 1 0 0 1 0 0 1 1 1 0 0 0 0 1 1 1 0 1 1 0 0 0 1 0 1 0.0
245 25 12497 1 0 1 1 0 1 0 1 0 0 1 0 1 0 1 1 0 0 1 0 1 0 0 0 0 0.0
246 25 10561 1 1 1 0 1 1 0 1 1 0 1 0 1 0 0 0 0 1 0 0 0 0 1 1 0 0.0
247 25 12639 0 0 1 1 0 0 0 1 0 0 1 0 0 1 0 0 0 1 1 0 1 1 1 1 1 0.0
248 25 9636 1 0 0 1 1 0 0 1 1 0 1 0 0 0 0 0 1 0 1 1 0 0 1 0 0 0.0
249 25 10377 1 1 1 0 1 1 0 1 0 0 1 1 1 0 0 1 0 0 0 0 1 0 1 0 0 0.0
250 25 13256 1 1 1 0 1 0 1 1 0 1 0 0 1 0 1 0 0 0 1 1 1 1 0 0 0 0.0
251 25 9634 0 0 1 0 1 1 0 0 0 1 1 1 1 0 0 1 0 0 1 0 0 1 0 0 1 0.0
252 25 12283 0 1 1 0 1 1 1 0 1 0 0 0 1 0 1 1 0 0 1 0 0 1 1 0 0 0.0
253 25 11722 1 0 0 1 1 1 1 0 0 0 0 0 0 0 0 0 0 1 0 1 0 1 1 1 1 0.0
254 25 12213 0 1 1 1 1 1 1 0 1 0 0 0 0 0 0 1 1 0 1 1 0 0 0 1 1 0.0
255 25 11676 1 0 0 0 1 1 0 0 1 1 0 0 0 1 1 1 1 1 0 0 0 0 1 0 0 0.0
256 25 13458 0 1 0 1 0 1 1 1 1 1 1 0 0 1 0 0 0 1 1 0 1 0 0 0 1 0.0
257 25 13265 1 0 1 0 0 0 0 0 0 1 1 1 1 1 1 0 1 1 0 1 1 0 1 0 0 0.0
258 25 11451 0 1 1 0 1 1 1 1 0 0 0 0 0 1 1 1 1 0 1 0 0 0 0 1 0 0.0
259 25 12702 0 0 0 0 1 1 0 0 1 1 1 1 1 1 0 0 0 1 1 0 1 0 1 0 0 0.0
260 25 12642 0 0 1 0 0 1 1 0 0 1 1 1 0 1 0 0 0 0 1 1 0 1 1 0 1 0.0
261 25 11336 0 1 1 0 1 1 0 0 1 0 1 1 1 1 1 0 0 0 0 0 0 0 0 0 1 0.0
262 25 13037 0 1 0 0 1 1 1 1 1 0 1 0 0 0 1 1 0 0 1 1 1 1 0 0 0 0.0
263 25 13584 0 0 1 1 0 1 0 1 0 1 0 0 0 1 1 0 1 0 1 1 1 1 0 1 1 0.0
264 25 11370 0 0 0 0 1 1 1 1 1 0 0 1 1 0 1 0 0 0 0 1 1 1 1 0 0 0.0
265 25 15168 0 1 0 1 0 0 0 1 1 1 0 0 1 1 1 1 0 1 1 1 0 0 0 1 1 0.0
266 25 11913 1 1 0 0 1 0 0 0 1 1 0 1 1 0 0 0 1 1 0 0 0 0 0 1 1 0.0
267 25 13766 1 0 0 0 1 0 0 1 0 1 1 1 0 1 0 0 0 0 0 1 1 1 1 1 0 0.0
268 25 14661 0 0 1 0 0 1 0 1 0 0 1 1 1 0 0 1 1 0 0 1 1 0 1 1 0 0.0
269 25 11558 1 1 1 0 1 1 0 0 0 1 0 0 1 0 0 1 0 1 1 1 0 0 0 0 0 0.0
270 25 13438 1 1 0 1 0 1 1 0 0 0 0 0 0 0 1 1 0 0 1 1 0 1 1 1 0 0.0
271 25 11984 0 0 1 0 0 1 0 0 0 1 1 0 1 1 1 0 1 1 0 1 0 1 1 0 0 0.0
272 25 12694 0 1 1 0 0 0 0 1 0 1 0 0 1 0 1 1 1 1 1 0 0 0 0 0 1 0.0
273 25 12837 1 1 1 1 1 1 0 1 1 0 1 1 0 1 0 1 0 0 1 0 0 0 0 0 0 0.0
274 25 14062 1 0 0 1 0 0 1 1 1 1 1 1 1 0 1 1 0 0 0 0 0 0 1 0 0 0.0
275 25 14235 0 1 0 1 0 1 1 1 1 0 0 0 0 1 1 0 1 0 1 0 1 0 1 0 0 0.0
276 25 11774 0 0 1 0 1 0 1 0 0 0 1 1 1 1 0 0 1 1 0 0 1 1 0 0 1 0.0
277 25 13447 0 0 1 1 0 1 0 0 0 1 1 0 1 0 1 1 1 0 0 0 0 1 1 1 1 0.0
278 25 13645 1 1 1 1 0 1 0 0 1 1 0 0 1 0 0 1 0 0 0 1 0 0 1 0 1 0.0
279 25 10908 1 0 1 1 1 1 0 0 1 0 0 1 1 0 0 0 1 0 0 0 1 0 1 0 1 0.0
280 25 11032 0 0 0 1 0 0 0 1 0 1 1 1 0 1 0 0 0 0 1 1 0 1 1 1 0 0.0
281 25 12782 1 0 1 0 0 1 1 1 1 0 1 0 0 0 0 1 0 1 0 1 0 1 1 0 0 0.0
282 25 12900 1 0 1 0 1 1 1 1 1 1 1 1 1 0 0 0 1 0 0 0 0 0 0 0 1 0.0
283 25 12005 1 0 1 0 0 1 1 0 0 0 1 0 1 0 1 0 1 1 0 1 0 0 0 1 0 0.0
284 25 12159 1 0 0 0 1 0 0 1 0 1 0 1 1 0 1 0 1 1 1 1 1 0 0 0 0 0.0
285 25 11078 1 0 1 0 0 0 0 1 0 1 0 0 1 0 1 1 0 1 0 0 1 0 1 0 1 0.0
286 25 10600 0 1 0 1 0 0 1 0 0 1 0 0 0 0 0 1 1 1 1 0 0 0 1 0 1 0.0
287 25 13791 1 0 0 1 1 0 0 0 1 0 1 0 1 1 0 0 1 0 0 1 1 1 0 0 1 0.0
288 25 14608 0 0 0 1 1 0 0 1 0 1 1 0 0 0 1 0 1 1 1 0 1 0 0 1 1 0.0
289 25 10570 1 0 1 0 1 0 0 1 0 1 0 1 1 1 1 0 0 1 1 0 0 1 0 0 0 0.0
290 25 11978 0 1 0 1 0 1 1 1 0 1 0 0 0 1 0 1 0 0 0 0 1 1 1 0 0 0.0
291 25 13399 1 1 0 1 0 0 0 1 0 1 1 1 1 0 0 0 0 1 1 0 0 0 1 1 1 0.0
292 25 13873 1 0 0 0 0 0 1 0 1 1 0 1 0 1 0 1 1 0 1 0 0 1 0 0 1 0.0
293 25 14767 1 0 0 0 1 1 0 1 1 1 1 0 0 1 1 0 0 1 0 0 0 1 1 0 1 0.0
294 25 12669 1 1 0 0 1 0 0 0 0 1 1 0 1 0 1 0 0 1 1 1 0 0 0 1 0 0.0
295 25 13327 0 1 1 1 0 0 1 0 1 1 0 0 0 1 1 1 0 1 1 0 1 0 0 0 1 0.0
296 25 11251 1 0 1 1 0 1 1 0 0 0 1 1 0 0 1 0 0 0 0 1 1 0 1 0 1 0.0
297 25 12242 0 0 1 1 0 0 0 0 1 1 0 0 1 0 1 0 0 1 1 0 1 1 1 0 0 0.0
298 25 12132 1 1 1 1 1 0 0 0 1 1 0 1 1 0 0 1 0 0 0 0 1 0 0 0 1 0.0
299 25 13707 0 1 0 1 0 1 1 0 0 0 0 1 1 0 0 1 1 0 0 1 0 1 1 0 1 0.0
300 25 11825 1 0 0 0 0 1 0 0 0 0 0 1 0 1 1 1 0 1 1 0 1 1 0 0 1 0.0
301 25 11217 1 0 0 0 0 0 1 0 0 0 0 1 1 0 1 0 1 0 1 0 0 1 1 1 1 0.0
302 25 12963 1 0 1 1 0 0 0 0 1 1 1 1 0 0 1 0 1 1 0 1 0 0 1 0 1 0.0
303 25 12382 1 0 1 1 0 1 0 0 0 1 0 1 1 0 0 0 0 0 0 0 1 1 0 1 1 0.0
304 25 10304 1 1 0 0 1 0 0 1 0 1 0 0 1 0 1 0 1 1 1 1 1 0 0 0 0 0.0
305 25 9604 0 1 1 0 0 0 0 1 0 0 1 1 0 0 0 0 0 1 1 1 0 0 1 0 1 0.0
306 25 13490 1 1 0 1 1 0 0 1 0 1 1 0 0 0 0 0 0 1 0 0 0 1 1 1 1 0.0
307 25 12685 1 0 0 0 1 0 0 0 1 1 0 0 0 0 1 1 1 0 1 0 1 1 0 0 1 0.0
308 25 12057 1 0 1 1 0 1 1 0 1 0 0 0 1 0 0 1 1 0 1 0 0 1 0 1 0 0.0
309 25 12713 0 0 0 0 1 1 0 0 0 1 0 0 0 1 1 1 1 1 1 1 1 1 0 0 0 0.0
310 25 11774 0 1 0 0 1 0 0 0 0 0 1 1 0 1 0 0 1 1 1 0 1 0 0 1 1 0.0
311 25 11891 0 0 0 1 0 1 1 0 0 0 1 1 1 1 0 0 1 0 0 1 0 0 1 0 1 0.0
312 25 11515 1 1 1 0 0 1 1 1 0 0 0 0 0 0 1 1 1 0 0 1 0 0 1 0 0 0.0
313 25 10889 1 1 0 1 1 0 0 1 1 0 0 0 0 1 0 1 1 0 1 0 0 0 1 1 1 0.0
314 25 12701 0 0 1 1 0 0 1 1 0 1 1 1 0 0 0 0 1 0 0 0 0 1 1 0 1 0.0
315 25 14515 1 1 1 1 0 0 0 1 1 1 0 1 0 0 0 1 1 0 1 0 0 0 0 1 0 0.0
316 25 12580 0 1 1 1 0 0 1 0 0 1 1 0 1 0 1 1 1 1 0 0 1 0 0 0 0 0.0
317 25 11097 0 0 0 1 1 1 0 0 0 1 1 0 0 0 0 0 1 1 1 0 1 1 0 0 0 0.0
318 25 11844 1 0 1 1 1 1 0 0 1 0 1 0 0 1 0 0 0 0 1 1 0 1 1 0 0 0.0
319 25 12687 0 0 1 0 0 1 0 0 0 0 1 0 1 1 1 0 0 0 0 1 1 0 1 0 1 0.0
320 25 15051 1 0 0 0 1 1 1 0 1 1 1 0 1 0 1 1 0 1 0 0 1 0 1 1 0 0.0
321 25 11655 0 1 1 1 0 0 0 1 0 0 1 0 1 1 0 1 0 0 1 1 0 0 0 1 0 0.0
322 25 12306 0 1 0 1 0 1 0 1 0 1 0 1 1 1 0 0 0 1 1 0 0 0 1 0 0 0.0
323 25 14066 0 1 0 0 0 1 0 0 0 0 1 1 1 1 0 1 0 0 1 1 1 0 0 1 1 0.0
324 25 11353 0 0 1 0 1 1 1 1 1 0 0 1 1 1 1 1 0 0 0 1 0 0 1 0 0 0.0
325 25 12081 0 1 1 1 0 0 1 1 0 1 1 1 1 0 0 0 0 0 1 0 0 0 0 0 1 0.0
326 25 12381 0 0 0 0 1 0 1 1 1 1 0 1 0 1 1 0 1 0 0 1 0 0 0 0 1 0.0
327 25 11400 0 0 1 1 1 0 1 0 0 1 0 0 0 1 0 0 1 1 0 1 1 0 1 1 0 0.0
328 25 10879 0 1 1 1 0 1 0 1 0 1 0 0 1 0 0 0 1 0 0 0 1 0 1 1 1 0.0
329 25 11407 1 0 1 1 0 0 0 0 0 0 0 1 0 0 0 1 1 1 0 0 1 1 0 1 1 0.0
330 25 13706 0 0 0 1 1 1 0 1 1 1 1 0 1 0 1 1 0 0 0 0 1 0 0 1 0 0.0
331 25 9635 0 1 0 1 0 1 0 0 0 1 1 1 0 0 1 0 0 1 1 1 0 1 0 0 0 0.0
332 25 14519 1 0 0 1 0 1 0 1 1 1 1 0 0 0 1 1 0 1 1 0 1 0 0 0 0 0.0
333 25 12460 0 1 0 0 0 1 0 0 0 1 1 1 1 0 1 1 1 0 0 0 1 0 0 1 1 0.0
334 25 13648 1 0 0 1 0 0 0 0 0 1 1 1 0 1 0 1 1 0 0 1 0 1 0 0 1 0.0
335 25 10644 0 0 0 0 0 1 1 1 1 1 1 1 1 0 1 1 0 1 0 0 1 0 0 0 0 0.0
336 25 14067 0 1 1 0 0 1 1 1 1 1 0 1 0 0 0 0 0 0 0 0 1 1 0 1 0 0.0
337 25 12831 1 0 0 0 0 0 1 0 0 0 1 1 0 1 1 0 0 1 1 0 0 0 1 1 1 0.0
338 25 10897 0 0 1 0 0 0 0 0 1 1 1 1 1 0 1 0 0 1 1 1 1 0 1 1 0 0.0
339 25 10888 1 1 0 0 0 0 1 0 0 1 1 1 0 1 0 0 0 1 1 0 1 1 0 0 0 0.0
340 25 13494 1 0 0 0 0 1 1 0 1 1 0 1 1 0 0 0 1 0 0 1 1 0 1 1 1 0.0
341 25 14296 0 0 1 1 0 0 1 1 1 0 1 1 1 0 1 0 0 1 0 0 0 1 0 1 1 0.0
342 25 13104 0 1 0 0 1 0 1 1 1 1 1 0 1 1 1 0 0 1 0 0 1 0 0 0 0 0.0
343 25 11841 0 1 0 1 0 1 1 0 0 1 1 0 0 1 1 0 0 0 1 0 0 1 1 0 1 0.0
344 25 11864 0 1 1 0 0 0 1 0 0 0 0 1 0 0 0 0 1 0 1 1 0 1 1 1 1 0.0
345 25 12551 0 1 0 0 1 0 1 0 0 0 1 1 0 1 0 1 0 1 1 0 1 0 1 1 0 0.0
346 25 13069 1 1 1 0 1 0 0 0 0 1 0 0 1 0 1 0 0 0 1 1 0 0 1 0 1 0.0
347 25 12774 0 1 0 1 1 1 1 1 1 0 0 0 1 0 1 0 0 0 1 1 0 1 0 0 0 0.0
348 25 12367 1 0 1 1 0 0 0 0 1 0 0 1 1 1 1 0 1 0 0 0 1 0 0 1 0 0.0
349 25 12314 1 1 1 1 0 0 0 1 0 0 1 1 0 1 1 1 0 0 0 0 0 0 0 0 1 0.0
350 25 13471 0 1 1 0 0 0 0 1 1 1 1 0 0 0 1 0 1 1 1 1 0 0 0 0 1 0.0
351 25 13549 1 0 0 1 0 0 0 1 1 1 1 0 0 1 0 0 1 0 1 0 0 0 1 1 1 0.0
352 25 11279 0 0 1 0 0 1 1 1 0 1 0 0 1 1 0 0 0 1 0 0 1 1 0 0 0 0.0
353 25 13729 0 1 1 1 0 0 0 0 1 1 1 1 1 0 0 0 1 0 0 0 1 1 1 0 1 0.0
354 25 13145 1 0 1 0 0 1 1 0 1 1 1 0 0 0 0 0 0 0 0 1 0 1 1 1 0 0.0
355 25 13993 0 1 1 0 1 1 1 1 0 1 0 1 1 0 0 0 1 0 1 0 0 0 0 0 1 0.0
356 25 11835 1 1 1 1 0 1 0 1 0 0 0 0 0 0 1 0 0 0 1 1 0 0 1 1 1 0.0
357 25 10926 0 1 1 1 1 0 0 0 1 0 1 0 1 0 1 0 0 0 0 1 1 1 0 0 0 0.0
358 25 11852 1 0 0 1 1 0 1 0 1 0 0 1 1 0 1 1 0 0 1 1 0 0 1 0 1 0.0
359 25 11709 0 0 0 1 1 0 0 0 1 1 1 0 1 0 1 0 0 1 0 1 0 0 1 0 0 0.0
360 25 11731 0 1 0 1 0 1 0 1 0 1 0 0 0 1 0 1 0 1 1 1 1 0 0 0 1 0.0
361 25 13455 1 0 1 0 1 1 0 0 0 1 0 0 1 1 0 0 0 0 1 1 1 0 0 1 0 0.0
362 25 11325 0 0 1 0 0 0 0 1 0 0 1 1 1 1 0 1 1 1 0 0 1 0 1 0 0 0.0
363 25 13295 1 0 1 0 1 1 1 1 0 0 1 0 0 0 1 1 0 0 0 0 1 0 1 1 1 0.0
364 25 12468 1 1 0 1 0 0 0 0 1 1 0 0 0 1 1 0 0 0 1 0 1 1 0 0 1 0.0
365 25 12920 1 1 0 0 0 1 1 0 1 1 1 0 1 0 1 0 0 0 0 0 1 1 1 0 0 0.0
366 25 11631 1 1 1 1 0 1 0 0 0 0 0 1 1 0 0 1 1 0 1 0 1 0 1 0 1 0.0
367 25 13686 1 0 1 0 1 1 1 1 0 1 1 0 0 0 0 0 1 0 1 0 1 0 1 1 0 0.0
368 25 12988 1 1 0 0 0 1 0 0 0 1 0 0 0 1 1 1 0 1 1 0 1 1 0 0 1 0.0
369 25 12069 1 1 0 0 0 1 1 0 0 0 0 1 0 1 1 0 1 1 0 1 1 0 0 1 0 0.0
370 25 13436 0 0 1 1 1 1 0 0 1 1 1 0 1 1 0 0 0 1 1 0 1 0 0 0 0 0.0
371 25 12072 0 1 0 0 1 1 0 1 0 1 0 0 1 1 0 0 1 0 1 1 0 1 0 1 0 0.0
372 25 12642 0 0 1 1 0 1 0 0 0 0 0 1 1 0 0 1 1 1 0 0 0 1 1 1 1 0.0
373 25 13581 1 1 1 1 1 1 0 1 0 1 0 0 0 0 0 1 0 0 0 0 0 1 0 0 1 0.0
374 25 13189 0 0 0 1 1 1 0 0 1 0 0 0 1 0 1 1 1 0 0 0 1 0 0 1 1 0.0
375 25 13584 0 0 0 0 1 1 1 1 1 1 0 0 1 1 0 0 1 1 0 1 0 1 1 0 1 0.0
376 25 12333 0 1 1 1 0 0 0 0 1 0 0 1 0 0 1 0 1 1 1 1 0 0 0 0 1 0.0
377 25 12511 0 0 0 1 0 0 0 0 0 0 1 1 1 0 0 0 1 1 1 1 1 1 0 1 1 0.0
378 25 10939 0 0 1 1 0 0 0 1 0 1 1 0 1 0 1 1 1 1 0 0 0 1 0 0 0 0.0
379 25 10589 0 1 1 0 1 0 1 0 1 1 0 0 1 0 0 1 1 0 0 1 0 0 1 1 1 0.0
380 25 12059 0 0 1 1 1 0 0 1 0 0 0 1 1 0 1 1 0 1 0 0 0 1 0 0 1 0.0
381 25 11850 0 1 0 0 0 1 0 0 0 1 1 1 1 1 1 0 0 0 0 0 0 0 1 1 0 0.0
382 25 11936 0 0 0 0 0 1 1 1 1 0 1 1 0 0 1 0 0 1 0 0 1 1 1 0 1 0.0
383 25 11001 0 0 0 1 0 1 0 0 1 0 1 0 1 1 0 0 1 0 0 0 0 1 0 1 1 0.0
384 25 11407 0 1 1 1 0 1 1 0 0 1 0 0 1 1 0 0 0 1 0 0 1 1 0 1 0 0.0
385 25 11509 1 1 0 0 1 0 0 1 0 0 1 1 0 0 1 1 0 1 1 1 0 0 0 1 0 0.0
386 25 13254 0 0 0 0 1 0 1 1 0 1 0 0 1 1 1 0 0 1 0 0 1 0 1 1 1 0.0
387 25 11952 0 1 1 0 0 1 0 1 1 0 0 0 1 0 1 0 0 1 0 1 1 1 0 0 0 0.0
388 25 13093 0 0 0 1 0 1 1 1 1 0 0 0 1 0 1 1 0 1 0 0 0 0 1 1 0 0.0
389 25 12528 0 1 1 0 0 0 1 1 0 0 1 0 1 0 0 0 1 0 0 0 1 0 1 1 1 0.0
390 25 11302 0 0 0 1 1 1 0 0 1 0 0 0 1 0 0 0 1 1 0 1 1 1 0 0 1 0.0
391 25 12894 0 0 0 1 0 0 1 0 1 1 1 1 0 1 0 1 0 0 0 1 1 0 0 0 1 0.0
392 25 11785 1 1 1 0 1 0 1 0 0 1 0 1 1 0 0 1 0 0 1 0 1 0 1 0 0 0.0
393 25 11968 1 0 1 1 1 0 1 1 1 0 0 0 1 1 0 0 0 0 0 1 0 0 0 1 0 0.0
394 25 13018 1 0 0 0 0 1 1 0 1 0 0 0 1 0 0 1 1 1 1 0 0 1 1 0 0 0.0
395 25 12560 0 0 1 0 0 0 1 1 0 1 0 0 1 1 1 0 0 0 1 1 1 0 1 1 0 0.0
396 25 11640 0 0 0 0 1 1 1 1 0 1 0 1 1 1 0 0 1 0 0 1 0 1 0 0 0 0.0
397 25 11890 0 0 0 0 0 1 0 0 0 1 1 0 0 0 0 1 1 1 1 1 1 1 0 1 0 0.0
398 25 13368 1 1 0 0 1 1 1 0 1 0 0 1 0 1 1 0 1 0 0 0 0 1 0 0 1 0.0
399 25 11261 0 1 0 1 1 1 0 0 0 0 1 0 0 0 1 1 0 0 1 0 0 1 0 1 0 0.0
400 25 13093 1 1 1 0 1 0 0 1 1 0 0 1 0 0 1 1 0 1 1 0 0 0 1 0 0 0.0
401 25 11312 0 0 0 1 1 0 1 1 0 1 0 0 1 1 1 0 0 0 0 0 1 0 1 1 1 0.0
402 25 12081 0 1 1 0 1 0 1 0 1 0 0 1 1 0 1 1 0 1 1 0 1 1 0 0 0 0.0
403 25 13470 1 0 0 0 0 0 0 1 0 0 0 1 0 1 1 1 0 1 1 0 1 0 1 1 0 0.0
404 25 12766 1 1 1 0 0 0 0 1 1 1 0 0 0 0 0 0 0 0 1 1 1 1 1 0 1 0.0
405 25 12425 0 0 1 1 1 1 0 0 1 0 0 0 0 0 0 0 1 1 1 0 0 1 0 1 1 0.0
406 25 11743 1 0 0 0 1 0 0 1 0 1 0 1 0 1 1 1 0 1 0 1 0 1 0 0 0 0.0
407 25 12964 0 0 1 1 1 0 0 1 1 1 0 1 0 1 0 0 0 0 0 0 1 0 1 1 0 0.0
408 25 14350 1 0 1 1 0 1 1 0 0 0 0 1 0 0 0 1 1 1 0 0 1 1 1 0 1 0.0
409 25 12680 1 1 0 0 0 1 1 0 1 1 1 0 0 1 0 0 0 1 0 1 0 1 0 1 0 0.0
410 25 11531 0 1 1 0 0 0 1 0 1 0 1 1 0 0 0 1 1 1 1 0 1 1 0 0 1 0.0
411 25 12820 0 0 1 1 1 1 0 1 1 1 0 1 0 0 0 0 0 0 0 1 1 0 0 0 1 0.0
412 25 11381 0 1 1 0 1 1 0 1 0 0 1 1 0 0 0 1 0 1 0 0 1 0 0 0 1 0.0
413 25 13422 0 0 0 1 1 1 1 1 1 0 1 0 0 0 1 1 1 0 1 0 0 0 0 0 1 0.0
414 25 14463 1 1 0 0 1 1 0 1 0 1 0 1 1 0 1 0 1 1 1 0 1 0 0 0 0 0.0
415 25 11990 0 1 0 1 1 0 0 1 0 1 0 0 1 0 0 0 0 1 0 1 1 0 0 1 1 0.0
416 25 13314 0 0 1 1 0 1 0 1 0 1 0 1 0 0 1 1 1 0 0 0 1 0 1 1 1 0.0
417 25 13929 0 0 0 1 0 0 1 1 1 0 1 0 1 0 1 1 1 0 0 0 1 0 0 1 1 0.0
418 25 14293 0 0 0 1 1 0 0 0 0 1 0 1 0 0 1 1 0 0 1 0 1 1 0 1 1 0.0
419 25 12411 1 1 0 0 0 1 0 0 1 0 1 1 0 1 0 0 1 0 1 1 0 0 0 1 0 0.0
420 25 12774 0 1 1 0 0 0 1 0 1 0 0 1 0 1 1 0 0 1 1 1 1 0 0 0 0 0.0
421 25 13389 0 1 1 1 1 1 1 0 0 1 1 1 0 0 0 0 0 1 1 1 1 0 0 0 0 0.0
422 25 12173 1 0 1 1 1 1 0 1 0 1 0 1 0 1 0 0 0 1 0 0 0 1 1 0 0 0.0
423 25 13357 1 1 0 0 1 1 1 0 1 0 0 0 1 1 1 0 0 0 1 1 0 1 1 0 0 0.0
424 25 12833 0 1 0 1 0 0 0 1 0 0 1 1 0 0 1 1 1 1 1 1 0 1 0 1 0 0.0
425 25 12314 1 0 0 1 1 1 0 0 1 0 0 0 0 0 0 1 1 0 0 1 1 1 0 0 0 0.0
426 25 12347 0 0 1 1 1 1 0 1 0 1 0 1 0 0 1 0 1 1 1 0 0 1 0 0 0 0.0
427 25 12269 0 0 1 1 1 1 1 0 0 1 0 1 1 0 0 0 0 0 1 1 1 0 0 0 1 0.0
428 25 12691 0 1 0 1 1 0 0 0 0 0 1 1 0 1 0 0 0 1 0 1 1 0 1 0 1 0.0
429 25 12864 1 1 0 0 1 0 0 1 1 1 1 0 1 0 0 0 0 1 0 1 0 0 0 1 0 0.0
430 25 13318 1 0 1 0 0 0 0 0 1 0 0 1 0 0 1 1 0 1 0 0 1 1 0 1 1 0.0
431 25 14792 0 1 0 0 1 1 0 1 1 1 0 1 1 1 1 0 1 0 0 0 0 1 0 0 1 0.0
432 25 11409 0 1 0 0 0 0 1 0 1 0 0 0 0 1 0 1 0 1 1 1 0 1 1 0 0 0.0
433 25 10240 1 1 0 0 0 0 0 1 1 1 0 0 0 1 1 0 0 0 0 1 0 1 1 0 0 0.0
434 25 12640 1 0 1 0 0 0 0 1 0 0 0 1 0 1 0 0 1 1 1 0 1 0 1 1 0 0.0
435 25 13247 0 1 0 1 0 0 0 0 0 0 1 1 0 1 0 0 0 1 1 1 1 1 1 0 1 0.0
436 25 12217 0 1 1 0 1 0 1 0 1 1 0 0 0 0 1 1 0 0 0 1 0 1 1 1 0 0.0
437 25 11230 1 0 1 0 0 1 0 1 1 1 0 1 1 0 1 1 0 0 0 0 0 0 0 1 1 0.0
438 25 14159 0 0 0 1 0 0 0 1 1 1 1 1 0 1 0 1 0 0 0 1 1 1 1 0 1 0.0
439 25 12617 0 1 0 0 1 1 0 1 0 0 0 1 0 1 1 0 1 1 1 0 0 1 0 1 0 0.0
440 25 12549 1 0 1 1 0 1 0 0 1 0 0 1 0 1 0 1 1 0 0 1 1 0 0 0 1 0.0
441 25 12200 0 0 0 1 0 1 0 0 0 1 0 1 0 1 0 0 1 1 1 0 1 1 0 1 1 0.0
442 25 11528 0 0 1 0 0 0 1 1 1 1 1 1 0 0 0 0 0 1 0 0 0 0 1 0 1 0.0
443 25 12639 1 1 0 0 1 0 0 0 0 0 0 1 1 1 0 1 0 0 0 0 1 0 1 1 1 0.0
444 25 12149 1 1 1 0 0 1 1 0 1 0 1 0 0 0 1 1 0 0 0 1 0 0 0 1 1 0.0
445 25 10960 0 0 1 1 0 0 0 1 1 1 0 1 0 1 1 0 0 0 1 0 0 0 1 1 0 0.0
446 25 13625 0 1 1 1 0 1 0 0 0 0 1 1 1 0 0 0 0 0 1 1 1 0 1 1 0 0.0
447 25 13174 0 1 0 0 0 1 0 0 1 1 1 0 1 0 0 1 0 1 1 0 1 1 1 0 1 0.0
448 25 13345 1 0 0 1 1 0 1 1 1 0 1 0 1 1 0 1 0 1 0 0 1 0 1 0 0 0.0
449 25 11287 1 1 0 0 1 0 0 0 0 0 0 1 1 1 1 0 0 0 0 1 0 1 1 0 0 0.0
450 25 14237 0 0 1 0 0 0 0 0 1 1 1 1 0 0 0 1 1 0 0 1 1 1 1 1 0 0.0
451 25 11842 0 0 1 0 0 0 1 1 0 0 0 1 0 0 1 1 0 0 1 0 1 1 1 1 1 0.0
452 25 12009 0 0 0 1 0 1 0 1 0 0 1 1 0 0 0 1 0 1 1 1 1 1 1 0 1 0.0
453 25 12641 0 1 0 0 1 1 0 1 0 1 1 0 0 0 0 1 1 0 0 0 1 1 1 0 0 0.0
454 25 12527 1 1 1 0 0 0 0 1 0 0 1 0 0 0 1 1 1 0 0 1 1 0 0 0 1 0.0
455 25 10991 1 0 0 0 1 0 0 1 1 1 0 1 1 0 1 0 0 1 0 1 0 0 1 0 1 0.0
456 25 12594 1 0 0 0 0 0 0 0 1 0 0 1 1 0 0 0 1 1 1 1 1 1 0 0 1 0.0
457 25 12551 1 1 0 1 0 0 0 1 0 0 0 0 0 1 1 1 0 0 1 0 1 1 0 1 0 0.0
458 25 12305 1 1 0 1 0 0 0 1 1 1 0 0 0 0 0 1 1 1 1 0 0 0 0 0 1 0.0
459 25 11546 0 1 0 1 1 0 0 1 0 0 0 0 0 0 1 1 1 1 0 0 1 1 1 0 1 0.0
460 25 11780 0 0 1 0 1 1 0 0 1 0 1 0 1 0 1 1 0 0 1 1 0 1 0 0 0 0.0
461 25 11864 0 1 0 0 1 1 0 1 0 1 0 0 1 1 0 0 1 0 1 0 0 1 0 1 0 0.0
462 25 13805 0 0 0 1 0 0 1 0 0 0 0 1 1 1 1 1 0 1 1 0 0 0 1 1 1 0.0
463 25 12209 0 1 0 0 0 0 1 1 0 1 1 0 0 0 1 1 1 0 0 1 0 1 1 1 0 0.0
464 25 12658 0 0 1 1 0 1 1 0 0 1 1 1 0 1 0 0 0 0 0 0 1 1 1 0 0 0.0
465 25 12043 1 1 1 0 0 0 0 1 1 0 0 1 0 1 0 0 0 0 0 0 1 1 1 0 1 0.0
466 25 12715 0 1 0 0 1 0 0 0 1 1 0 0 0 1 1 0 1 1 0 1 0 0 1 1 0 0.0
467 25 12346 0 0 1 1 0 0 1 1 1 1 1 1 1 0 0 0 1 0 1 0 0 1 0 0 0 0.0
468 25 12372 0 0 0 0 1 0 1 1 0 1 1 1 0 0 1 1 1 0 0 0 0 1 1 0 0 0.0
469 25 12257 1 0 0 1 0 0 1 0 0 1 0 1 1 1 0 0 1 0 0 0 1 0 1 0 1 0.0
470 25 11758 1 1 1 0 0 1 0 0 1 0 1 0 0 0 1 0 1 0 1 0 1 0 0 0 1 0.0
471 25 10641 1 0 0 1 0 0 0 1 0 0 1 1 0 1 0 0 1 1 1 1 1 1 0 0 0 0.0
472 25 12142 1 0 0 0 1 0 1 1 0 1 0 0 1 0 1 0 1 1 0 0 1 1 0 0 1 0.0
473 25 10312 0 0 1 0 0 1 1 0 0 1 0 0 1 1 0 0 1 1 0 0 1 1 0 0 1 0.0
474 25 11236 0 0 0 1 1 1 1 1 0 1 0 0 0 0 1 1 0 1 0 1 1 0 0 0 0 0.0
475 25 10935 1 0 1 1 0 0 0 0 1 1 1 0 0 0 0 0 1 0 0 1 0 1 0 1 1 0.0
476 25 12386 1 1 1 1 0 1 0 1 0 1 0 0 1 1 0 0 1 0 1 0 0 0 0 1 0 0.0
477 25 10526 0 0 1 1 0 1 0 1 0 1 1 1 1 0 1 0 0 0 1 0 0 1 0 1 1 0.0
478 25 12147 1 1 1 0 0 1 0 0 1 0 1 1 0 0 0 0 1 0 0 1 1 0 0 1 1 0.0
479 25 11219 1 1 0 0 0 0 0 1 0 1 0 0 0 1 1 0 1 1 0 1 1 0 1 1 0 0.0
480 25 14218 1 0 1 0 1 0 1 0 0 1 1 1 0 0 0 1 0 0 0 0 1 1 0 1 1 0.0
481 25 12929 1 0 1 0 1 0 0 0 0 0 1 1 0 1 0 1 1 0 1 1 1 0 0 0 1 0.0
482 25 12878 1 0 1 1 0 0 0 0 0 1 1 0 1 1 1 1 1 0 0 0 1 0 0 1 0 0.0
483 25 12543 0 1 0 1 0 1 1 0 0 0 1 1 1 0 0 1 0 1 0 0 1 0 0 1 1 0.0
484 25 11257 1 0 0 0 0 0 1 0 1 1 1 1 0 1 0 0 0 1 0 0 1 1 0 1 1 0.0
485 25 13296 0 0 1 0 1 0 1 0 0 0 1 0 0 1 1 0 1 0 0 0 1 1 1 1 0 0.0
486 25 11904 0 0 1 0 0 1 0 0 0 1 0 0 1 0 1 1 1 0 1 0 1 1 0 1 1 0.0
487 25 13291 0 1 1 0 0 1 1 0 0 0 1 1 1 1 1 0 1 1 0 0 1 0 0 1 0 0.0
488 25 8855 0 1 0 0 0 0 1 0 0 0 0 0 1 1 1 1 0 1 0 1 0 1 1 1 1 0.0
489 25 12209 0 0 1 0 1 0 1 0 1 0 1 0 0 0 1 1 1 1 1 1 0 1 0 0 1 0.0
490 25 10772 1 0 0 0 0 1 1 0 0 1 1 0 0 0 1 1 1 1 1 0 1 0 0 0 0 0.0
491 25 12917 0 1 1 1 1 0 0 1 1 1 1 1 1 0 0 1 0 0 0 0 1 0 0 1 0 0.0
492 25 12755 1 1 0 1 1 0 0 0 0 0 1 1 1 0 1 0 0 0 1 1 1 0 0 0 1 0.0
493 25 12090 0 0 1 0 1 0 0 1 1 1 1 0 1 0 1 1 0 1 0 1 0 0 0 0 1 0.0
494 25 14285 0 0 1 0 1 0 0 1 1 1 1 0 1 0 0 1 1 1 1 0 0 0 1 0 0 0.0
495 25 11964 0 1 1 0 0 1 0 1 0 0 1 0 0 0 0 0 1 1 1 0 1 0 1 1 0 0.0
496 25 10132 1 1 1 0 1 0 0 0 0 0 0 1 1 1 1 1 0 1 0 0 0 1 0 0 0 0.0
497 25 13066 1 1 1 1 0 0 0 0 0 0 1 0 0 1 0 1 1 1 1 1 0 0 1 0 0 0.0
498 25 14540 0 0 0 0 0 1 1 0 0 1 1 1 0 1 1 1 0 0 1 0 1 0 0 1 1 0.0
499 25 10332 0 0 1 1 0 0 1 0 1 1 0 0 1 1 1 0 0 0 0 1 0 0 1 1 1 0.0
500 25 12648 0 0 1 0 0 1 1 0 1 0 0 1 1 0 0 0 1 0 1 0 0 1 1 1 0 0.0
