1 15 6252 0 0 1 0 0 1 0 0 1 0 1 1 0 1 0 0.0
2 15 5898 0 1 0 0 0 1 0 0 1 1 1 1 1 1 0 0.0
3 15 6440 0 1 0 0 0 0 1 1 1 1 0 1 0 1 0 0.0
4 15 5873 0 0 1 1 1 1 0 1 0 0 1 1 0 1 0 0.0
5 15 6867 1 0 0 1 1 1 0 0 1 0 1 0 1 1 0 0.0
6 15 6870 0 0 0 0 1 0 1 1 1 0 1 1 0 0 0 0.0
7 15 6120 1 1 1 0 1 1 0 1 1 0 1 0 0 0 0 0.0
8 15 6737 0 1 1 0 0 0 1 0 0 0 1 0 1 1 1 0.0
9 15 5844 0 1 1 0 1 0 0 0 1 0 1 0 1 0 0 0.0
10 15 6543 1 0 1 0 1 0 0 0 1 1 0 0 0 1 1 0.0
11 15 6715 0 0 1 0 1 0 0 0 1 1 0 1 1 1 0 0.0
12 15 5627 1 1 0 0 0 0 0 1 1 0 1 1 0 0 0 0.0
13 15 4791 0 0 1 1 1 1 0 0 0 1 1 0 0 0 0 0.0
14 15 3351 1 0 1 0 0 0 0 1 1 0 0 0 0 1 0 0.0
15 15 5531 0 0 1 0 1 1 0 0 1 1 1 0 1 0 0 0.0
16 15 5567 0 0 0 0 1 1 0 0 0 1 1 0 0 1 1 0.0
17 15 5219 0 1 1 0 1 0 1 1 1 0 0 0 1 0 1 0.0
18 15 5346 1 1 1 1 1 1 0 1 0 0 0 1 1 0 0 0.0
19 15 5854 1 0 0 0 1 0 0 0 0 0 1 1 0 1 1 0.0
20 15 6168 0 1 0 0 0 1 0 1 0 1 0 0 1 1 0 0.0
21 15 5394 0 0 1 1 1 1 1 0 0 0 1 1 0 0 0 0.0
22 15 5564 1 0 1 0 1 0 0 1 0 1 1 1 0 0 0 0.0
23 15 6100 1 0 0 0 0 1 0 1 0 0 0 1 1 1 1 0.0
24 15 5513 0 0 0 0 1 1 1 0 1 0 0 0 1 0 1 0.0
25 15 5375 1 0 0 0 1 0 1 1 0 0 1 1 1 0 0 0.0
26 15 8304 0 0 1 1 0 1 1 0 0 0 1 1 0 1 0 0.0
27 15 4591 0 1 0 1 1 1 0 1 0 0 0 1 0 0 1 0.0
28 15 7626 1 1 1 1 1 1 0 1 1 1 0 0 0 0 0 0.0
29 15 8279 0 0 1 1 1 1 0 1 0 1 1 1 0 1 0 0.0
30 15 6024 0 0 1 0 1 0 1 1 0 0 0 0 1 0 1 0.0
31 15 6663 0 1 0 0 0 0 0 1 0 1 1 1 1 0 1 0.0
32 15 5903 0 1 1 1 0 0 0 1 0 1 0 1 0 1 1 0.0
33 15 7634 1 1 0 1 1 1 0 1 0 0 1 0 0 1 1 0.0
34 15 4833 1 0 0 0 1 0 1 1 0 1 0 0 0 1 0 0.0
35 15 6924 1 1 1 0 1 0 0 1 0 1 0 1 1 0 0 0.0
36 15 6559 0 1 0 0 1 1 1 1 1 1 0 1 0 0 0 0.0
37 15 6520 1 1 0 0 0 0 1 1 0 0 1 0 1 0 1 0.0
38 15 6372 0 1 0 1 1 0 0 1 1 0 1 0 1 1 1 0.0
39 15 7979 0 0 1 0 1 1 1 1 1 1 1 0 0 0 1 0.0
40 15 8261 0 0 1 1 1 1 0 1 1 0 1 0 1 0 1 0.0
41 15 5479 1 0 0 0 1 0 1 1 0 1 1 1 0 0 0 0.0
42 15 4704 0 0 1 0 1 1 0 1 0 1 1 0 0 0 0 0.0
43 15 3480 1 1 0 1 0 1 0 0 0 1 0 0 0 1 1 0.0
44 15 5150 1 1 0 0 0 1 0 0 1 1 0 1 1 0 0 0.0
45 15 7826 0 0 1 1 0 0 1 0 1 0 1 0 1 1 1 0.0
46 15 6573 1 0 0 0 0 0 1 1 0 1 0 1 1 1 0 0.0
47 15 6657 0 1 0 0 1 1 1 0 1 0 1 1 1 0 0 0.0
48 15 7328 0 0 0 1 0 1 0 0 1 1 0 0 0 1 1 0.0
49 15 4846 0 1 1 1 0 1 0 0 1 0 0 0 1 0 0 0.0
50 15 6373 0 1 1 0 0 1 1 0 1 0 1 1 1 0 0 0.0
51 15 7635 1 1 0 1 1 0 0 1 0 1 1 1 0 0 1 0.0
52 15 5262 1 0 0 1 1 0 0 0 0 0 0 0 1 1 0 0.0
53 15 4705 0 0 0 1 1 1 0 1 1 0 1 0 0 0 0 0.0
54 15 8212 0 0 1 1 0 0 1 0 0 1 1 1 1 1 1 0.0
55 15 5684 0 1 0 0 0 1 1 1 0 1 0 0 0 1 1 0.0
56 15 6460 1 1 0 1 0 1 1 1 0 0 0 1 0 0 0 0.0
57 15 7322 1 1 1 1 1 0 1 1 0 0 1 0 0 0 0 0.0
58 15 5908 0 0 1 1 0 0 0 1 1 0 0 1 0 0 1 0.0
59 15 7450 0 1 1 0 0 1 1 0 0 0 0 1 0 1 1 0.0
60 15 6821 1 1 0 0 0 0 0 0 1 1 0 1 0 1 1 0.0
61 15 6681 1 1 1 1 1 1 0 0 1 0 0 0 0 0 0 0.0
62 15 6961 1 1 1 0 0 1 0 0 0 1 0 1 0 0 1 0.0
63 15 5275 0 1 0 1 0 1 1 0 0 1 0 1 0 1 0 0.0
64 15 5670 0 0 0 1 0 0 0 1 1 0 1 1 1 0 0 0.0
65 15 5000 0 0 1 0 0 0 0 0 1 1 0 1 1 0 0 0.0
66 15 7623 1 0 1 0 0 1 0 0 1 1 1 1 1 0 0 0.0
67 15 6399 1 1 1 0 0 0 1 1 1 0 0 1 1 1 1 0.0
68 15 5700 0 0 0 1 0 0 1 1 0 0 1 0 0 1 1 0.0
69 15 5782 1 0 0 0 1 0 0 1 0 0 1 0 1 0 1 0.0
70 15 5183 1 0 1 0 0 0 1 1 0 1 0 0 0 0 1 0.0
71 15 5693 1 0 1 0 1 1 1 0 0 0 1 0 1 1 0 0.0
72 15 6067 1 1 0 0 1 1 1 0 0 0 1 1 0 0 1 0.0
73 15 3692 0 1 0 0 0 0 1 1 1 0 0 0 1 0 0 0.0
74 15 7100 0 1 0 0 1 1 1 0 1 0 0 1 1 0 1 0.0
75 15 6390 1 0 1 0 0 0 0 1 1 0 1 0 0 1 0 0.0
76 15 4690 0 0 0 0 0 0 0 1 1 0 1 0 1 0 1 0.0
77 15 5641 0 0 0 1 1 0 1 0 0 0 1 1 1 0 1 0.0
78 15 5345 0 0 0 0 0 1 1 0 0 0 0 1 0 1 1 0.0
79 15 7249 1 0 0 1 0 0 0 0 0 1 1 1 0 1 1 0.0
80 15 7999 0 1 1 1 0 1 0 0 1 0 1 0 0 1 0 0.0
81 15 6822 1 0 0 1 0 0 0 0 1 0 1 1 1 1 0 0.0
82 15 7567 0 0 1 1 0 1 1 0 1 1 0 1 1 0 0 0.0
83 15 6796 1 0 0 0 1 1 1 0 0 1 0 1 0 1 1 0.0
84 15 7133 1 0 1 1 1 0 0 1 0 1 1 0 0 0 1 0.0
85 15 5079 1 0 1 1 0 1 0 0 1 1 0 0 0 0 0 0.0
86 15 3300 1 1 1 1 1 0 1 0 0 0 0 0 0 1 0 0.0
87 15 6199 1 1 1 0 0 1 1 0 0 1 0 0 0 1 0 0.0
88 15 5459 1 0 0 0 0 1 0 1 1 0 0 0 0 0 1 0.0
89 15 7799 1 0 1 0 0 0 1 0 0 1 1 1 0 0 1 0.0
90 15 7003 0 0 0 0 1 1 1 0 1 1 0 0 0 1 1 0.0
91 15 5988 1 0 1 1 0 1 0 0 0 0 1 0 0 1 1 0.0
92 15 7034 0 0 1 0 1 1 1 0 0 1 0 1 1 0 1 0.0
93 15 5064 0 1 0 0 1 1 1 0 0 0 0 0 0 0 1 0.0
94 15 3163 0 1 1 0 0 0 0 1 0 1 0 1 1 0 1 0.0
95 15 6867 1 0 1 1 0 1 1 0 1 0 1 0 0 0 0 0.0
96 15 9256 1 1 0 1 1 1 0 1 1 0 0 0 0 1 0 0.0
97 15 6752 0 0 1 0 1 0 0 0 0 1 1 1 1 0 1 0.0
98 15 3462 1 1 1 0 0 0 0 0 0 0 1 1 0 1 0 0.0
99 15 5661 1 1 0 0 1 0 1 0 0 0 0 0 0 1 0 0.0
100 15 6679 1 1 1 1 0 1 1 1 0 0 0 0 0 1 0 0.0
101 15 4394 0 0 0 1 0 1 1 0 0 1 0 0 0 1 0 0.0
102 15 7253 0 0 0 0 1 1 0 0 0 0 1 1 1 1 1 0.0
103 15 7022 1 0 0 1 0 0 1 1 0 1 0 0 1 0 1 0.0
104 15 7850 0 1 1 0 0 0 0 0 0 0 1 1 1 1 1 0.0
105 15 5011 0 1 0 1 0 1 0 1 0 1 0 0 1 0 0 0.0
106 15 5565 1 0 0 1 1 0 1 0 0 0 0 0 1 0 1 0.0
107 15 5645 0 0 1 1 1 1 0 0 0 0 0 1 1 0 0 0.0
108 15 7993 0 0 1 1 1 1 1 0 1 0 0 0 0 1 0 0.0
109 15 6040 0 1 0 1 0 1 1 1 1 0 0 1 0 0 1 0.0
110 15 5918 0 0 1 0 0 0 0 0 1 1 1 1 0 1 0 0.0
111 15 5741 1 1 0 0 1 1 1 1 0 0 0 0 0 0 1 0.0
112 15 6788 1 0 0 0 1 1 1 1 0 0 0 1 1 0 0 0.0
113 15 5500 0 1 0 1 0 1 0 0 0 0 1 1 1 0 1 0.0
114 15 5638 1 0 0 0 0 0 1 0 1 0 0 1 0 1 1 0.0
115 15 5440 1 0 1 1 1 1 0 0 0 0 0 1 1 0 1 0.0
116 15 5950 1 0 1 0 0 0 0 0 1 1 1 0 0 1 1 0.0
117 15 6684 1 1 0 1 0 1 0 0 1 1 0 1 0 0 0 0.0
118 15 9560 0 1 0 1 1 0 1 1 1 1 1 1 0 1 0 0.0
119 15 6948 1 1 1 1 1 0 0 1 1 0 0 0 1 0 0 0.0
120 15 5732 0 0 1 0 0 0 0 1 1 0 1 0 1 0 1 0.0
121 15 7205 1 0 0 0 1 1 0 0 0 0 1 0 1 1 1 0.0
122 15 7641 1 0 0 1 1 1 0 0 0 1 1 1 0 0 1 0.0
123 15 8079 0 1 1 1 1 0 0 0 1 0 1 0 1 1 1 0.0
124 15 7908 0 0 0 1 1 0 1 1 0 0 1 1 0 1 0 0.0
125 15 7253 1 0 1 1 1 1 0 0 1 0 0 0 0 1 1 0.0
126 15 6658 1 0 0 1 0 1 1 0 0 1 0 0 0 1 1 0.0
127 15 5578 0 0 1 1 0 1 0 1 0 1 0 1 0 1 0 0.0
128 15 5567 1 1 0 1 1 0 0 0 0 1 0 1 0 0 1 0.0
129 15 8719 1 0 1 0 1 0 0 0 0 1 1 1 1 1 1 0.0
130 15 5018 1 1 1 0 1 0 0 0 0 0 0 1 1 0 0 0.0
131 15 7571 0 1 1 0 1 0 0 1 0 0 1 1 1 0 0 0.0
132 15 5106 0 0 0 0 1 0 0 1 1 0 0 0 1 1 1 0.0
133 15 4996 1 1 1 1 0 0 1 0 0 1 0 0 0 0 0 0.0
134 15 6421 0 1 0 0 0 0 1 1 1 0 0 0 1 0 1 0.0
135 15 5684 0 1 0 0 0 0 0 1 1 1 0 1 1 0 1 0.0
136 15 4557 1 0 0 1 0 1 0 0 0 1 0 0 1 0 1 0.0
137 15 5385 0 0 1 1 1 1 1 1 0 1 1 1 0 0 0 0.0
138 15 4377 0 0 1 1 0 1 0 1 1 1 0 0 0 0 0 0.0
139 15 8626 1 0 0 0 0 1 1 1 1 0 1 0 1 1 0 0.0
140 15 6192 1 0 1 1 1 0 0 0 1 0 0 0 1 1 1 0.0
141 15 6432 1 0 0 0 1 0 1 0 1 1 1 1 0 1 1 0.0
142 15 6527 1 0 1 1 1 0 1 0 0 0 0 1 0 1 1 0.0
143 15 5280 0 1 1 0 0 0 0 1 1 0 0 1 0 0 0 0.0
144 15 7050 0 0 1 0 1 0 1 0 1 1 1 0 0 0 1 0.0
145 15 8116 0 1 0 1 0 0 1 1 1 0 0 1 0 0 1 0.0
146 15 8058 1 0 1 1 0 0 1 0 1 0 1 1 1 0 0 0.0
147 15 3420 0 0 0 1 1 0 0 0 0 1 0 1 1 0 0 0.0
148 15 6659 0 1 0 0 0 0 1 0 0 1 1 0 0 1 1 0.0
149 15 4428 0 0 1 1 1 0 0 1 1 1 0 0 0 0 0 0.0
150 15 4794 0 0 1 0 0 0 0 1 0 0 0 0 1 1 1 0.0
151 15 5005 0 0 0 0 1 1 1 1 0 1 0 0 1 0 1 0.0
152 15 5409 0 0 0 1 1 0 0 0 1 1 1 0 1 0 1 0.0
153 15 5381 1 0 1 0 1 0 0 0 1 1 1 0 0 0 0 0.0
154 15 6181 1 1 0 0 0 1 0 1 1 1 0 0 0 1 0 0.0
155 15 7143 1 0 0 1 1 1 0 0 0 1 0 0 1 1 1 0.0
156 15 5534 1 0 0 1 0 0 1 1 0 1 0 0 1 1 0 0.0
157 15 5129 1 0 1 0 0 1 0 0 1 0 0 1 0 1 0 0.0
158 15 3972 0 0 1 0 0 0 1 0 0 1 1 1 1 0 0 0.0
159 15 5219 1 1 1 0 1 0 0 0 0 0 0 0 0 1 1 0.0
160 15 5593 0 1 1 0 1 0 1 0 1 0 1 0 0 0 0 0.0
161 15 5947 1 0 0 1 1 1 0 1 0 0 1 0 0 1 1 0.0
162 15 7416 1 0 1 1 0 0 0 0 1 0 1 1 1 0 0 0.0
163 15 6444 1 1 1 1 0 0 1 0 1 1 0 1 0 0 0 0.0
164 15 5312 0 1 0 1 1 0 0 0 1 0 0 0 1 1 0 0.0
165 15 5423 1 1 0 1 0 1 1 1 0 0 0 0 0 0 1 0.0
166 15 5668 0 1 1 0 0 1 1 1 0 0 0 1 0 1 0 0.0
167 15 6235 0 0 1 1 0 1 1 0 0 1 0 0 1 1 1 0.0
168 15 6295 0 0 1 0 1 0 0 0 0 1 1 0 0 1 1 0.0
169 15 4328 1 0 0 1 1 0 1 0 0 1 0 0 1 0 0 0.0
170 15 6177 1 1 0 1 0 0 1 0 0 0 0 1 0 1 0 0.0
171 15 4353 0 1 0 1 0 1 0 1 0 0 1 0 0 0 0 0.0
172 15 7149 0 0 1 1 1 1 0 0 0 0 0 0 1 1 0 0.0
173 15 6229 1 0 0 0 1 1 0 0 1 1 0 0 1 0 1 0.0
174 15 6204 0 0 0 0 1 1 1 1 1 0 1 0 0 1 1 0.0
175 15 5108 0 0 1 0 1 1 0 0 0 1 0 1 1 1 0 0.0
176 15 6592 0 0 1 1 0 0 0 0 1 0 1 1 1 0 0 0.0
177 15 9063 1 1 1 1 0 0 1 0 1 0 0 1 0 1 0 0.0
178 15 6708 1 1 1 0 0 0 1 1 1 1 0 0 0 0 0 0.0
179 15 5396 0 0 1 0 1 0 1 0 0 1 0 0 1 0 1 0.0
180 15 4838 1 0 0 1 1 1 1 0 0 1 1 1 0 0 0 0.0
181 15 6193 0 0 0 1 1 1 1 0 1 0 0 0 0 1 0 0.0
182 15 6590 0 0 0 0 1 1 1 1 0 0 0 0 0 1 0 0.0
183 15 5446 0 0 1 0 0 1 0 0 1 1 1 0 1 0 0 0.0
184 15 6552 0 1 0 0 1 0 0 1 0 1 1 0 0 1 1 0.0
185 15 4103 0 1 0 0 1 0 1 1 0 1 1 1 0 0 1 0.0
186 15 7529 0 1 1 0 1 1 1 1 0 1 0 0 1 0 1 0.0
187 15 6301 1 1 0 1 0 0 1 0 0 1 0 1 0 0 0 0.0
188 15 5808 0 1 0 1 0 0 1 0 0 0 1 1 1 0 1 0.0
189 15 4872 0 0 0 0 0 1 1 0 1 0 0 1 1 0 0 0.0
190 15 6449 0 1 1 0 0 0 0 1 1 0 1 1 1 0 0 0.0
191 15 7721 0 1 1 0 1 0 1 0 1 0 1 0 0 1 1 0.0
192 15 7834 1 1 0 0 1 0 1 1 0 1 1 1 0 1 0 0.0
193 15 6511 0 1 0 0 0 1 1 1 1 0 0 1 0 1 1 0.0
194 15 6085 0 1 1 0 0 1 0 1 1 0 0 1 1 0 0 0.0
195 15 6183 0 0 0 0 0 1 1 0 1 1 0 0 0 1 1 0.0
196 15 6827 0 0 0 1 1 1 1 0 1 1 0 0 0 1 1 0.0
197 15 8608 0 1 0 1 1 1 0 0 1 1 1 0 0 0 1 0.0
198 15 6459 0 1 1 0 1 1 1 1 0 0 1 0 1 0 0 0.0
199 15 7751 1 0 1 0 0 1 1 1 0 1 0 1 1 0 0 0.0
200 15 4641 0 0 1 0 1 1 0 0 0 0 1 1 0 0 1 0.0
201 15 4481 0 0 1 1 1 0 0 0 0 0 1 0 0 0 1 0.0
202 15 4739 1 1 0 0 1 1 0 0 0 0 0 0 1 1 0 0.0
203 15 6178 0 1 0 1 0 0 0 1 1 1 1 1 0 0 0 0.0
204 15 5974 1 1 0 0 0 0 1 0 0 0 1 0 1 1 1 0.0
205 15 6083 0 1 1 1 1 0 0 1 0 0 0 0 0 0 1 0.0
206 15 6761 0 1 0 0 0 0 0 0 1 1 1 1 1 0 1 0.0
207 15 5241 1 0 0 0 0 1 1 1 0 0 1 0 0 1 1 0.0
208 15 5397 1 0 0 1 1 0 1 1 1 1 0 0 0 0 0 0.0
209 15 7674 0 0 1 1 0 1 1 0 1 0 0 0 0 1 1 0.0
210 15 5673 0 1 0 1 0 0 0 0 1 1 0 0 1 1 0 0.0
211 15 4111 0 0 1 0 0 0 1 1 1 0 1 0 0 0 0 0.0
212 15 5264 1 0 0 0 1 1 0 1 1 0 0 0 0 0 0 0.0
213 15 4429 1 1 0 0 1 1 0 1 0 0 1 1 1 0 0 0.0
214 15 7609 0 0 1 0 1 0 1 0 1 1 1 1 1 0 0 0.0
215 15 5913 1 1 1 0 0 1 0 0 0 1 0 0 1 0 0 0.0
216 15 8581 0 1 1 1 0 1 0 0 1 0 1 0 0 1 1 0.0
217 15 6247 0 0 0 0 0 1 0 0 1 0 1 1 0 1 1 0.0
218 15 5758 1 0 0 0 1 1 1 0 0 1 1 1 0 0 0 0.0
219 15 5888 1 1 0 0 1 1 1 1 0 0 0 0 0 1 0 0.0
220 15 6091 0 0 0 1 0 0 0 1 1 1 1 0 1 0 1 0.0
221 15 8228 1 1 1 0 0 0 0 0 0 1 0 1 1 0 1 0.0
222 15 5255 0 0 0 1 0 1 1 0 1 1 0 0 1 0 0 0.0
223 15 6400 0 1 1 0 0 0 1 0 1 1 1 0 1 0 1 0.0
224 15 6371 0 1 1 1 0 1 1 0 0 0 1 0 0 1 0 0.0
225 15 8541 1 1 1 1 1 0 1 0 1 1 0 0 0 1 0 0.0
226 15 6906 1 1 1 0 1 0 1 1 1 1 0 1 0 0 0 0.0
227 15 5346 0 0 1 0 1 1 0 1 0 0 1 0 1 0 1 0.0
228 15 7404 0 0 1 0 0 0 1 0 1 0 1 1 0 0 1 0.0
229 15 7036 0 1 1 1 0 0 0 1 1 0 1 0 0 0 1 0.0
230 15 6293 1 0 0 0 1 1 0 0 0 0 1 0 0 1 1 0.0
231 15 5067 0 1 1 1 1 0 1 1 0 0 0 0 0 1 1 0.0
232 15 6069 1 0 1 0 0 1 0 0 1 1 1 0 0 0 1 0.0
233 15 8320 0 1 1 0 0 0 1 1 1 0 1 1 1 1 0 0.0
234 15 7345 1 1 0 0 1 1 0 0 0 1 1 0 1 1 0 0.0
235 15 4619 1 0 0 1 0 0 1 0 0 1 0 0 1 0 0 0.0
236 15 5371 0 0 1 0 0 1 0 1 0 1 0 0 1 1 1 0.0
237 15 4787 1 1 0 0 0 0 0 0 1 0 1 0 1 0 0 0.0
238 15 7206 1 1 0 1 0 0 0 1 0 1 0 1 0 1 0 0.0
239 15 6101 1 1 0 0 1 1 0 1 1 0 0 0 0 0 0 0.0
240 15 6313 1 0 0 0 0 1 0 1 1 1 1 1 0 1 0 0.0
241 15 5920 0 0 0 1 1 0 0 1 1 1 0 1 0 1 0 0.0
242 15 7102 1 1 0 1 0 1 1 1 1 0 0 1 0 0 1 0.0
243 15 3758 1 1 0 0 0 0 0 1 0 0 1 1 1 0 0 0.0
244 15 7331 0 0 0 1 0 0 0 1 1 1 1 0 1 1 1 0.0
245 15 6224 0 0 0 0 1 1 0 1 1 1 1 0 0 0 1 0.0
246 15 6284 0 1 1 0 0 0 1 0 1 1 1 1 0 0 1 0.0
247 15 5372 1 1 1 0 0 1 0 0 0 1 0 0 0 1 0 0.0
248 15 7867 1 0 1 1 1 0 0 0 0 0 1 1 0 0 1 0.0
249 15 4070 0 1 0 1 1 0 0 1 1 1 0 0 1 0 1 0.0
250 15 7209 0 1 1 0 0 0 0 0 1 1 1 0 1 0 0 0.0
251 15 4516 0 1 0 1 1 0 0 0 1 0 0 1 1 0 0 0.0
252 15 5507 1 1 0 0 1 1 0 0 0 1 1 0 1 0 0 0.0
253 15 4630 1 0 1 0 1 1 1 1 0 1 0 0 0 0 0 0.0
254 15 7100 0 0 1 1 1 1 0 0 1 0 0 1 1 0 1 0.0
255 15 7242 0 0 0 0 0 1 1 0 1 0 1 1 0 1 1 0.0
256 15 6826 0 1 0 1 0 1 0 0 1 1 1 0 0 0 1 0.0
257 15 6223 0 1 0 1 1 1 1 0 1 0 0 0 1 0 1 0.0
258 15 5485 1 1 0 0 1 1 0 1 0 0 1 1 0 0 0 0.0
259 15 7060 0 0 1 0 1 1 1 0 1 1 0 1 0 0 1 0.0
260 15 5697 0 0 1 1 1 0 0 1 1 0 1 0 1 0 0 0.0
261 15 5686 1 1 0 1 1 0 0 1 0 0 1 0 1 0 0 0.0
262 15 6555 0 0 0 0 0 1 1 1 0 1 0 1 1 1 0 0.0
263 15 5528 0 1 0 0 0 1 0 0 0 1 1 1 1 0 1 0.0
264 15 8741 1 1 1 1 1 0 1 0 0 0 1 0 1 0 1 0.0
265 15 5954 0 0 1 0 1 0 0 0 1 1 0 1 1 0 1 0.0
266 15 4281 1 0 1 1 0 0 0 0 1 1 1 1 0 1 0 0.0
267 15 4727 0 0 1 1 0 0 1 1 0 1 0 0 0 1 0 0.0
268 15 7086 0 1 0 1 0 1 0 0 1 0 0 1 0 1 0 0.0
269 15 8148 1 1 0 1 0 1 0 0 1 1 1 0 0 0 1 0.0
270 15 5928 1 1 1 0 1 0 0 0 0 0 1 0 1 0 1 0.0
271 15 4598 1 0 0 1 1 1 0 0 0 0 1 1 0 0 1 0.0
272 15 5616 0 1 0 0 0 0 0 1 0 1 1 0 1 1 1 0.0
273 15 6826 1 1 0 0 0 0 1 0 1 1 0 1 1 0 0 0.0
274 15 4707 1 0 1 0 0 1 1 0 0 0 1 0 0 0 1 0.0
275 15 6602 1 1 1 0 0 1 0 1 0 1 0 0 1 0 0 0.0
276 15 5616 1 0 0 0 1 0 1 0 0 0 0 1 1 1 1 0.0
277 15 5788 0 1 0 1 0 0 0 1 1 0 0 0 1 0 1 0.0
278 15 6446 0 0 1 1 0 1 0 0 1 0 1 0 1 0 1 0.0
279 15 7519 0 1 1 0 0 1 1 1 1 0 0 0 1 0 0 0.0
280 15 4854 0 0 0 0 0 0 1 1 1 0 1 0 1 0 0 0.0
281 15 6061 0 0 0 1 0 1 1 1 0 0 0 1 1 0 0 0.0
282 15 6680 1 0 0 1 1 0 0 0 0 0 1 0 1 0 1 0.0
283 15 4728 1 1 0 0 0 0 1 1 0 1 1 1 0 0 0 0.0
284 15 7121 1 0 1 0 0 1 1 1 0 1 0 0 0 0 1 0.0
285 15 5487 1 0 0 0 0 0 1 1 1 1 0 0 0 0 1 0.0
286 15 3811 1 0 0 0 0 1 0 1 0 1 1 0 0 1 0 0.0
287 15 5896 1 1 1 0 1 1 0 1 0 0 1 0 1 1 0 0.0
288 15 6568 0 1 1 1 0 0 1 0 0 0 1 1 1 0 1 0.0
289 15 4743 0 1 0 0 1 0 0 1 1 1 0 0 0 0 0 0.0
290 15 6404 0 0 1 0 1 1 0 1 0 0 1 0 1 1 0 0.0
291 15 6830 0 0 1 1 0 1 0 0 0 1 1 1 0 1 1 0.0
292 15 7466 1 0 1 0 0 1 0 1 1 1 1 0 0 0 0 0.0
293 15 5286 0 0 1 1 1 0 0 0 1 0 1 1 0 0 0 0.0
294 15 5459 1 1 1 1 0 0 0 0 1 0 0 1 1 0 0 0.0
295 15 5336 0 0 1 1 1 0 0 0 1 1 1 1 0 0 0 0.0
296 15 3653 0 1 1 0 0 1 0 0 1 0 0 0 1 1 0 0.0
297 15 7052 1 1 0 1 1 1 0 0 1 0 1 1 0 0 1 0.0
298 15 5566 1 0 1 0 1 1 1 1 0 0 0 1 0 1 0 0.0
299 15 7386 1 1 1 0 1 1 0 0 1 1 0 0 1 0 0 0.0
300 15 5517 1 0 0 0 0 0 0 1 0 0 0 0 1 1 1 0.0
301 15 6084 1 0 0 0 1 0 0 0 1 1 0 1 1 0 1 0.0
302 15 7616 1 1 0 1 0 1 0 0 1 1 1 0 0 0 0 0.0
303 15 7014 1 0 1 1 1 0 0 0 0 1 0 1 0 0 0 0.0
304 15 5435 1 0 1 0 0 1 0 1 0 0 1 0 1 1 0 0.0
305 15 6145 1 0 1 0 0 0 0 1 1 1 1 0 1 1 0 0.0
306 15 5731 1 0 0 0 1 0 1 1 0 0 0 1 0 1 0 0.0
307 15 7257 1 0 0 0 0 0 0 1 0 1 1 1 1 1 1 0.0
308 15 6076 0 0 0 1 1 0 1 0 0 1 0 1 1 0 0 0.0
309 15 7330 0 1 1 0 0 1 1 1 1 0 0 0 0 1 1 0.0
310 15 6362 1 1 0 1 0 1 1 1 0 1 0 0 0 1 0 0.0
311 15 6758 0 1 0 0 1 0 1 1 0 1 1 0 1 0 1 0.0
312 15 5077 0 1 0 0 0 0 1 0 1 1 1 0 1 1 1 0.0
313 15 6036 1 1 1 1 0 0 0 1 1 0 0 1 1 0 0 0.0
314 15 6070 0 1 0 1 0 0 0 1 0 0 0 1 1 1 1 0.0
315 15 5506 0 0 1 0 0 1 1 1 0 1 0 0 0 1 0 0.0
316 15 5215 1 1 1 0 1 0 0 1 1 0 0 1 1 0 0 0.0
317 15 8580 0 1 1 0 0 1 0 1 0 0 1 1 1 0 0 0.0
318 15 7661 1 0 0 1 0 1 1 1 1 1 0 0 0 0 1 0.0
319 15 4995 1 0 0 0 1 0 1 0 1 0 0 1 1 1 0 0.0
320 15 5891 1 0 0 0 1 0 0 0 0 0 1 1 1 1 0 0.0
321 15 5793 0 1 0 0 0 1 0 1 1 1 0 1 1 0 1 0.0
322 15 7829 0 0 1 1 1 1 0 0 1 1 0 1 0 1 0 0.0
323 15 7114 1 0 1 0 0 1 1 1 1 0 1 0 0 1 0 0.0
324 15 6595 0 0 1 1 1 0 0 0 0 0 1 1 1 1 0 0.0
325 15 6576 1 1 0 0 0 0 0 1 0 0 0 1 1 0 1 0.0
326 15 8085 1 0 0 1 0 1 1 0 1 1 0 0 1 1 1 0.0
327 15 5186 1 1 1 1 0 0 0 0 0 0 1 1 0 1 1 0.0
328 15 5482 0 1 1 1 1 1 0 0 0 0 0 0 0 0 1 0.0
329 15 7388 1 1 0 0 0 0 1 0 1 0 1 0 0 1 1 0.0
330 15 3885 0 0 0 0 1 1 1 0 0 0 1 0 0 1 1 0.0
331 15 5819 0 1 0 1 0 0 0 0 0 1 1 1 1 0 1 0.0
332 15 4589 0 1 0 0 1 0 0 0 0 0 0 0 1 1 1 0.0
333 15 5167 1 1 1 0 0 1 0 0 0 1 1 0 1 0 0 0.0
334 15 3653 0 1 1 0 0 1 0 1 1 0 1 0 0 0 0 0.0
335 15 4916 0 1 1 0 0 1 1 0 1 0 1 1 0 0 0 0.0
336 15 5437 1 0 0 0 0 0 1 0 0 1 0 1 1 0 1 0.0
337 15 7886 0 0 0 1 1 1 0 0 0 0 1 1 1 1 0 0.0
338 15 7689 0 0 0 1 0 0 1 0 0 1 0 1 1 1 1 0.0
339 15 4621 1 0 0 0 1 1 0 1 0 1 1 1 0 1 1 0.0
340 15 6434 0 0 1 0 0 0 0 1 1 1 1 1 0 1 0 0.0
341 15 9288 1 0 0 1 1 1 0 1 1 0 0 1 1 1 1 0.0
342 15 6157 0 0 0 1 0 0 1 0 1 0 0 0 1 1 1 0.0
343 15 6610 1 1 0 0 1 0 1 0 0 0 1 1 0 0 1 0.0
344 15 5919 0 0 1 1 0 0 0 0 0 0 1 0 0 1 1 0.0
345 15 5797 0 1 0 0 0 1 1 0 1 1 1 0 0 1 1 0.0
346 15 6908 1 1 0 0 0 1 1 1 1 0 1 1 1 0 0 0.0
347 15 6920 0 1 0 0 1 0 0 0 1 1 1 0 0 1 1 0.0
348 15 5889 0 1 0 1 0 0 0 1 0 0 1 0 1 0 1 0.0
349 15 5877 1 0 1 1 0 0 1 0 1 0 1 0 0 0 1 0.0
350 15 6100 1 0 0 1 0 0 0 0 1 1 0 1 1 0 0 0.0
351 15 5795 1 1 1 0 1 0 0 1 1 0 1 0 0 0 0 0.0
352 15 4092 0 0 0 1 1 0 1 0 0 1 0 1 0 1 0 0.0
353 15 4992 0 0 0 1 0 0 0 1 1 0 0 0 1 1 0 0.0
354 15 4914 1 1 0 1 0 1 0 1 1 1 0 1 0 0 1 0.0
355 15 4635 1 0 1 0 1 1 0 0 1 0 0 0 1 0 0 0.0
356 15 6153 1 1 1 1 0 0 0 0 1 0 0 1 0 0 1 0.0
357 15 4526 0 0 0 1 1 0 0 0 0 1 0 0 1 1 1 0.0
358 15 7864 1 1 1 0 1 0 0 0 1 1 0 0 0 1 0 0.0
359 15 6911 1 1 1 0 0 0 1 0 0 0 0 1 0 1 1 0.0
360 15 5749 0 1 1 0 0 1 1 0 0 1 1 0 0 1 0 0.0
361 15 4623 0 0 1 0 0 1 0 1 0 1 1 1 1 1 1 0.0
362 15 6136 0 1 1 0 1 1 1 0 1 0 1 0 0 0 0 0.0
363 15 8889 1 0 1 0 0 0 1 1 0 1 1 0 1 1 0 0.0
364 15 5242 0 1 1 1 1 0 0 1 1 1 1 1 0 0 0 0.0
365 15 7810 0 1 0 0 0 1 0 1 0 0 1 1 0 1 1 0.0
366 15 7880 1 1 0 1 1 1 0 1 0 0 1 0 0 1 1 0.0
367 15 5724 1 0 1 0 0 0 1 0 0 1 1 1 0 1 0 0.0
368 15 6042 0 0 0 0 1 1 0 1 0 1 1 0 0 1 0 0.0
369 15 7022 1 0 0 1 1 0 0 1 1 1 0 1 0 1 0 0.0
370 15 5174 1 0 0 0 0 1 1 0 0 0 1 1 0 1 0 0.0
371 15 6547 1 0 0 1 1 0 0 0 1 0 0 1 1 1 1 0.0
372 15 4965 1 0 1 0 1 0 0 1 1 0 0 0 0 0 1 0.0
373 15 6644 1 0 1 0 1 0 1 1 0 0 1 0 1 0 1 0.0
374 15 7739 0 1 1 1 0 1 1 0 0 1 0 1 0 1 1 0.0
375 15 5848 0 0 0 1 0 0 0 1 0 1 0 1 1 1 1 0.0
376 15 8379 0 1 0 1 0 1 0 1 1 0 1 1 0 0 1 0.0
377 15 6148 1 1 0 0 0 0 0 1 0 0 1 0 1 0 1 0.0
378 15 7080 1 1 0 0 1 1 0 0 1 0 1 1 0 0 1 0.0
379 15 4461 0 0 1 1 1 0 1 0 0 0 1 0 1 0 0 0.0
380 15 4367 1 0 0 0 0 1 1 0 1 0 1 1 0 1 0 0.0
381 15 5331 0 0 0 0 0 1 0 1 0 0 1 1 1 0 1 0.0
382 15 5428 1 0 0 1 0 0 1 1 0 0 1 1 0 1 0 0.0
383 15 8403 1 0 0 0 1 0 0 1 0 0 1 1 1 1 1 0.0
384 15 7421 1 1 0 0 1 1 0 0 0 0 0 1 1 1 0 0.0
385 15 9084 1 1 1 0 0 1 1 0 1 1 0 1 0 0 1 0.0
386 15 7583 1 0 1 1 1 1 0 0 1 1 0 0 1 0 0 0.0
387 15 5531 0 0 0 0 0 1 0 1 1 0 1 1 1 1 0 0.0
388 15 4844 0 0 1 0 0 0 0 1 1 0 0 1 0 0 1 0.0
389 15 8640 0 1 0 1 1 0 0 0 1 1 0 0 1 1 1 0.0
390 15 6304 0 0 1 1 1 1 0 0 1 0 0 0 0 1 1 0.0
391 15 4927 0 0 0 0 0 1 0 1 1 1 0 1 1 1 0 0.0
392 15 5989 0 0 1 0 1 0 1 1 0 1 0 1 0 1 0 0.0
393 15 7744 1 0 0 1 1 1 0 0 1 0 1 0 0 1 1 0.0
394 15 4730 1 0 1 0 0 1 0 0 0 1 1 1 0 1 0 0.0
395 15 6165 1 1 0 1 1 0 0 1 1 1 1 0 0 0 0 0.0
396 15 4924 1 1 0 0 1 1 0 1 0 0 0 0 1 0 0 0.0
397 15 4611 0 1 0 0 0 0 0 1 1 1 1 1 0 1 0 0.0
398 15 6691 1 0 0 0 0 0 0 1 1 0 0 1 1 0 0 0.0
399 15 6096 1 1 1 0 0 0 0 1 1 1 0 1 0 0 0 0.0
400 15 6713 1 0 1 0 1 1 0 1 0 0 0 0 1 1 1 0.0
401 15 7935 0 1 1 1 0 0 0 0 1 1 0 0 1 0 1 0.0
402 15 4146 0 0 0 1 1 1 0 1 0 1 0 1 0 1 1 0.0
403 15 6610 1 0 1 1 1 1 0 0 0 1 0 1 1 0 0 0.0
404 15 7229 1 1 0 0 1 1 1 1 0 0 0 1 0 0 1 0.0
405 15 6086 1 1 0 0 1 0 1 0 0 0 0 1 0 1 1 0.0
406 15 3925 0 1 0 1 0 0 1 1 0 0 0 1 0 0 0 0.0
407 15 7404 0 1 1 0 0 1 0 0 0 1 0 1 0 1 1 0.0
408 15 6504 1 0 1 1 1 1 0 1 0 0 0 0 0 0 1 0.0
409 15 5507 0 0 1 1 0 0 0 0 1 0 1 1 1 0 1 0.0
410 15 5152 0 1 0 0 1 0 0 1 1 0 0 1 0 0 1 0.0
411 15 5462 0 0 0 1 1 1 0 0 0 1 1 1 1 0 0 0.0
412 15 4970 1 1 1 1 0 0 0 1 0 0 1 0 0 0 1 0.0
413 15 7546 0 0 0 0 1 1 0 0 0 1 1 1 1 1 0 0.0
414 15 6462 0 0 1 0 0 0 1 0 1 0 1 1 0 1 1 0.0
415 15 7420 0 1 1 1 1 0 1 1 1 0 0 1 0 0 0 0.0
416 15 4992 0 0 0 0 0 0 1 0 1 1 1 1 1 0 1 0.0
417 15 6304 1 1 1 0 1 0 1 1 0 0 0 0 1 0 1 0.0
418 15 8238 0 1 1 1 1 0 1 0 1 0 0 1 0 1 0 0.0
419 15 4941 0 1 1 0 0 0 0 1 0 1 0 0 0 1 0 0.0
420 15 6611 0 0 0 0 1 1 0 0 1 0 1 1 0 1 1 0.0
421 15 5820 0 0 1 0 0 0 0 1 1 0 1 1 0 1 0 0.0
422 15 6517 0 0 1 0 1 1 1 0 0 1 1 0 0 1 0 0.0
423 15 5649 1 0 0 0 0 1 1 0 1 0 0 0 1 0 1 0.0
424 15 8608 0 1 0 1 0 1 0 0 1 1 1 0 1 0 1 0.0
425 15 6280 0 1 1 0 1 1 1 1 1 0 0 0 1 0 0 0.0
426 15 4515 0 1 1 0 0 0 1 0 0 0 1 1 1 0 0 0.0
427 15 6746 0 0 1 0 0 0 0 1 0 1 1 1 0 0 1 0.0
428 15 7632 1 0 1 0 0 0 0 0 1 0 1 0 1 1 1 0.0
429 15 5957 1 0 0 1 0 1 1 1 0 1 0 0 0 1 0 0.0
430 15 4902 0 1 1 1 0 0 0 0 0 0 1 1 0 1 0 0.0
431 15 7907 1 0 0 1 0 1 0 0 1 1 1 0 0 1 1 0.0
432 15 5933 0 1 1 1 1 0 1 0 0 0 1 1 0 0 1 0.0
433 15 7165 0 1 0 1 1 1 0 1 1 0 0 0 0 0 1 0.0
434 15 3862 0 1 0 0 0 0 0 1 0 0 1 1 0 0 0 0.0
435 15 6613 0 1 0 0 1 1 1 1 0 0 1 1 0 1 0 0.0
436 15 8394 1 0 1 1 0 1 0 0 1 0 0 1 1 0 1 0.0
437 15 6106 1 1 0 0 0 1 1 1 0 1 1 1 0 0 0 0.0
438 15 5520 1 1 0 0 1 0 0 1 1 0 1 0 0 0 0 0.0
439 15 4336 0 0 0 1 0 0 1 0 0 1 1 1 1 0 0 0.0
440 15 7189 1 1 0 1 1 0 0 1 0 1 0 0 0 1 1 0.0
441 15 6066 1 1 0 1 1 0 1 1 0 0 1 0 0 0 0 0.0
442 15 6123 1 0 1 1 1 0 1 0 1 1 0 0 0 1 0 0.0
443 15 7443 0 1 0 1 0 1 0 1 1 0 1 1 0 1 0 0.0
444 15 8705 1 0 0 1 1 1 0 0 0 1 1 0 1 0 1 0.0
445 15 3373 0 1 0 1 1 0 0 0 0 0 1 0 0 0 1 0.0
446 15 6797 1 0 0 1 1 0 0 1 1 0 0 0 0 1 0 0.0
447 15 5936 1 1 0 1 0 0 0 1 1 0 1 1 0 1 0 0.0
448 15 6014 0 0 0 1 1 1 1 0 1 0 1 0 0 0 1 0.0
449 15 5216 1 0 1 0 0 0 1 1 0 1 1 0 1 0 0 0.0
450 15 5285 0 1 1 1 1 0 1 1 0 0 0 0 0 0 1 0.0
451 15 6818 1 1 1 0 1 0 1 0 0 1 0 0 1 0 1 0.0
452 15 6161 0 0 0 0 1 0 1 0 1 1 0 0 1 0 1 0.0
453 15 7680 0 0 0 0 1 1 0 0 1 1 1 1 1 0 1 0.0
454 15 6199 1 1 1 1 1 0 1 0 0 0 0 0 0 1 0 0.0
455 15 6309 0 1 1 1 0 1 0 0 0 1 0 1 1 1 0 0.0
456 15 4746 0 1 0 1 0 1 0 0 1 1 0 0 0 1 0 0.0
457 15 2846 1 0 0 1 1 1 0 0 0 1 1 0 0 1 0 0.0
458 15 5022 0 0 1 0 1 0 1 0 0 1 1 0 1 0 0 0.0
459 15 7038 1 1 0 0 1 0 1 1 0 0 0 1 0 0 1 0.0
460 15 4913 0 0 1 1 0 1 0 0 0 0 1 0 1 0 1 0.0
461 15 6990 0 1 0 1 0 0 1 0 0 1 1 1 0 0 0 0.0
462 15 8968 1 0 1 0 1 0 1 0 1 1 1 0 1 0 0 0.0
463 15 6711 0 0 0 0 1 1 0 1 1 0 1 1 0 0 1 0.0
464 15 5334 1 0 0 0 1 0 1 0 1 1 0 1 1 1 0 0.0
465 15 6910 0 1 0 1 0 1 0 0 1 1 1 1 1 0 1 0.0
466 15 8171 0 1 0 1 1 1 0 0 1 1 0 0 0 1 1 0.0
467 15 6125 1 0 1 0 1 1 1 1 0 0 0 0 0 1 1 0.0
468 15 6456 1 1 0 0 1 0 1 0 1 1 0 0 0 0 1 0.0
469 15 7326 1 0 1 1 0 1 1 1 0 0 0 0 0 0 1 0.0
470 15 5855 1 0 1 1 0 0 1 1 1 1 1 0 0 0 0 0.0
471 15 6024 0 0 0 1 0 1 0 1 0 1 1 1 0 0 1 0.0
472 15 8252 1 1 1 0 0 0 1 0 1 0 0 1 1 1 0 0.0
473 15 5220 0 0 1 1 1 0 1 1 0 0 0 0 1 1 0 0.0
474 15 5864 0 0 1 1 0 0 1 0 0 1 0 1 1 0 0 0.0
475 15 5384 0 1 0 1 0 1 1 1 0 0 1 0 1 0 1 0.0
476 15 5992 1 1 1 1 1 0 0 0 1 0 1 0 0 0 1 0.0
477 15 7916 0 1 0 0 0 1 1 0 1 0 1 1 1 1 0 0.0
478 15 6280 0 0 0 1 0 0 0 1 1 1 1 0 1 0 1 0.0
479 15 6753 1 0 0 0 1 1 1 0 0 1 1 0 0 0 1 0.0
480 15 8548 0 1 1 1 0 1 1 0 0 0 1 0 1 1 1 0.0
481 15 4515 1 0 0 1 1 1 0 0 0 0 1 1 0 0 1 0.0
482 15 9045 1 0 1 1 1 0 0 1 1 1 1 0 0 1 0 0.0
483 15 6932 0 0 1 0 1 1 1 0 0 1 1 0 0 1 1 0.0
484 15 7388 0 1 1 1 0 1 0 0 0 1 0 1 1 1 0 0.0
485 15 4839 1 0 0 0 1 0 1 0 1 0 1 1 0 0 1 0.0
486 15 5806 1 0 0 0 1 0 0 0 1 1 1 0 0 1 1 0.0
487 15 7592 1 0 1 0 0 0 0 1 1 0 1 1 1 0 0 0.0
488 15 5594 1 1 1 0 1 0 1 0 0 0 1 1 1 0 0 0.0
489 15 6847 1 1 1 1 1 1 1 0 0 0 0 0 0 0 1 0.0
490 15 7224 1 1 0 1 1 1 0 0 0 0 1 1 0 0 0 0.0
491 15 8194 1 1 0 0 1 0 0 0 0 1 0 0 1 1 1 0.0
492 15 7200 0 0 1 0 1 0 0 0 1 0 1 0 1 0 1 0.0
493 15 5281 1 0 1 0 0 0 1 1 1 1 0 1 0 0 1 0.0
494 15 6533 0 0 1 0 1 0 0 1 1 1 1 1 0 0 0 0.0
495 15 6236 0 1 0 0 0 1 0 1 0 1 0 0 1 0 1 0.0
496 15 8509 0 1 0 0 0 0 1 0 1 0 1 0 1 1 1 0.0
497 15 6248 0 0 1 0 1 1 0 1 0 1 0 1 1 0 0 0.0
498 15 6392 1 0 1 0 0 0 1 1 0 1 0 0 1 0 0 0.0
499 15 6883 1 1 1 0 0 0 1 0 0 0 1 0 1 1 0 0.0
500 15 4913 0 0 1 1 0 0 0 0 1 0 0 1 0 0 1 0.0
