1 22 10703 0 0 0 0 1 1 0 1 1 0 1 1 1 1 0 1 0 0 0 1 0 0 0.0
2 22 9306 1 0 1 0 0 0 1 0 0 0 0 1 1 1 1 0 1 0 1 0 0 1 0.0
3 22 9680 1 1 1 1 0 1 0 0 0 1 0 1 0 1 1 1 0 1 1 1 0 0 0.0
4 22 11157 1 1 0 0 0 1 1 0 1 0 0 0 0 0 0 1 1 1 0 1 1 0 0.0
5 22 9326 1 0 0 1 1 0 1 1 0 0 1 0 1 0 0 0 0 1 1 1 0 1 0.0
6 22 9801 0 0 0 1 0 1 1 1 1 0 1 0 1 1 0 0 0 1 0 1 0 1 0.0
7 22 8243 0 0 1 0 1 0 0 0 1 0 0 0 1 1 1 0 1 0 1 0 0 0 0.0
8 22 8496 1 1 1 0 1 1 1 0 1 0 0 0 0 0 1 1 0 0 1 0 0 0 0.0
9 22 6116 0 0 1 1 1 1 1 1 1 1 1 0 0 0 0 0 0 0 0 0 0 1 0.0
10 22 8703 0 0 0 0 0 0 1 0 1 1 1 1 1 0 0 1 1 1 1 1 0 0 0.0
11 22 8138 0 0 0 0 1 1 0 1 0 0 1 0 0 1 1 0 0 1 1 0 1 0 0.0
12 22 8976 1 1 1 1 0 0 0 1 0 1 1 1 1 1 1 0 1 0 0 0 1 1 0.0
13 22 7008 0 0 0 0 1 1 0 0 0 0 1 1 0 1 0 0 1 0 0 0 0 1 0.0
14 22 9935 1 0 1 0 1 1 1 0 1 0 0 0 1 1 0 1 0 0 0 1 1 0 0.0
15 22 9290 0 0 0 0 1 0 0 1 1 1 1 1 0 1 0 0 1 1 0 0 0 1 0.0
16 22 10380 1 0 1 0 1 0 1 1 1 1 1 0 0 0 0 1 0 1 0 1 0 0 0.0
17 22 8902 1 0 0 0 0 0 1 0 0 1 1 0 1 1 1 0 0 0 1 0 0 1 0.0
18 22 10193 1 1 1 0 0 1 1 1 1 0 1 0 1 1 0 0 1 0 0 0 1 0 0.0
19 22 9909 0 1 1 1 1 1 0 1 1 1 0 0 0 0 0 0 0 0 1 1 1 1 0.0
20 22 9618 1 0 1 0 1 1 1 0 1 1 0 0 0 1 0 0 0 1 1 0 0 1 0.0
21 22 10837 1 0 1 0 1 1 0 1 0 0 0 0 0 1 0 1 1 1 1 0 1 0 0.0
22 22 10680 1 0 0 0 1 0 1 0 1 0 1 1 1 1 1 0 1 1 1 0 1 1 0.0
23 22 8917 1 0 1 0 0 1 1 0 1 0 0 0 1 0 1 0 0 1 0 1 0 1 0.0
24 22 10202 1 0 1 1 1 1 0 1 0 0 1 0 1 0 1 1 0 0 1 0 0 1 0.0
25 22 8752 1 1 1 1 0 0 0 0 0 0 1 1 0 1 0 1 1 1 0 0 1 0 0.0
26 22 9240 0 1 1 0 1 0 1 1 0 0 1 1 0 1 0 1 0 0 1 1 0 1 0.0
27 22 11675 1 0 1 1 1 1 1 0 0 0 1 0 1 1 1 0 0 1 0 0 1 0 0.0
28 22 8929 0 1 0 0 0 1 0 1 1 0 1 1 1 1 0 0 0 1 0 1 1 0 0.0
29 22 6376 1 1 1 0 1 0 1 0 1 1 0 1 0 0 0 1 0 1 0 0 0 1 0.0
30 22 9404 1 0 0 0 1 0 0 1 1 0 1 1 0 1 0 1 1 0 0 1 0 1 0.0
31 22 11191 1 0 1 0 1 1 0 0 0 0 0 0 0 1 1 1 0 1 0 1 1 1 0.0
32 22 10144 0 0 0 0 1 1 0 1 0 1 1 1 0 0 0 1 1 1 1 0 0 1 0.0
33 22 10486 1 1 1 0 1 1 1 1 0 1 1 1 0 1 0 0 1 0 0 0 0 0 0.0
34 22 9458 1 0 0 0 1 1 0 0 0 1 0 1 0 1 1 1 0 0 1 0 1 1 0.0
35 22 8426 1 1 0 1 1 1 1 0 1 0 1 0 0 1 1 0 0 0 0 0 0 1 0.0
36 22 7674 1 0 0 0 0 0 1 1 1 0 1 1 1 1 0 0 1 0 0 0 0 0 0.0
37 22 11104 0 0 1 0 0 1 1 1 1 1 1 1 0 0 0 1 1 1 0 1 0 0 0.0
38 22 10788 0 0 1 1 1 0 1 1 1 1 1 0 0 0 0 0 0 0 1 1 1 1 0.0
39 22 8741 1 1 1 0 0 1 0 1 1 0 0 0 0 0 1 1 0 0 0 1 1 0 0.0
40 22 11192 1 0 1 0 1 1 0 0 1 1 0 0 1 1 0 0 0 0 1 0 1 1 0.0
41 22 10656 1 1 0 0 0 0 0 0 1 0 0 1 0 0 1 0 1 1 1 1 1 1 0.0
42 22 10045 1 1 0 0 0 0 0 1 0 1 1 1 0 0 1 0 1 0 1 0 1 0 0.0
43 22 7430 1 1 0 1 0 1 1 0 0 1 0 0 0 0 0 1 0 0 0 1 0 1 0.0
44 22 9382 0 1 1 1 0 1 1 1 0 0 0 1 0 0 0 0 0 1 1 0 1 0 0.0
45 22 11045 0 1 1 0 1 0 1 1 1 0 1 1 1 1 1 0 0 1 1 0 0 0 0.0
46 22 9116 1 1 0 0 0 1 1 1 0 0 1 0 0 1 1 0 0 1 0 0 1 1 0.0
47 22 8131 1 0 0 0 1 0 0 1 1 0 1 0 1 0 1 0 1 0 0 0 0 1 0.0
48 22 10203 1 0 1 0 0 1 0 1 0 1 1 1 0 0 0 1 1 1 1 0 1 0 0.0
49 22 8333 1 0 1 1 0 0 0 0 1 1 0 0 1 0 1 1 0 1 0 0 1 1 0.0
50 22 9442 0 1 1 1 0 1 0 0 1 0 0 1 1 1 0 0 0 0 1 1 0 1 0.0
51 22 8321 1 0 1 0 0 1 1 1 1 0 1 0 0 1 0 1 0 0 0 0 0 0 0.0
52 22 9468 1 0 0 0 0 1 0 1 0 0 1 0 0 1 0 0 0 1 1 1 1 1 0.0
53 22 9446 0 0 0 0 0 1 1 0 0 0 0 1 0 1 1 1 1 0 1 1 0 0 0.0
54 22 12220 1 0 0 0 1 1 1 0 1 1 1 0 1 1 1 0 1 0 0 0 0 0 0.0
55 22 10088 1 0 0 1 0 0 0 1 0 0 0 0 1 0 1 1 1 1 0 1 1 1 0.0
56 22 10717 0 0 1 1 0 1 0 0 1 1 1 0 1 1 0 1 1 1 0 0 1 0 0.0
57 22 9940 0 1 0 1 1 0 1 1 1 0 0 1 0 1 1 1 0 0 0 1 0 0 0.0
58 22 7353 1 0 1 0 0 1 1 0 0 0 0 0 0 1 1 1 1 1 0 1 0 1 0.0
59 22 6489 1 0 0 0 0 1 0 1 1 1 0 1 1 0 0 1 0 0 0 1 0 1 0.0
60 22 8904 0 0 0 0 1 0 1 1 0 0 0 0 0 1 1 1 0 1 0 1 0 1 0.0
61 22 11724 0 0 0 1 1 1 0 0 1 0 0 0 1 1 0 0 1 1 0 0 1 1 0.0
62 22 9556 0 1 0 1 1 0 0 0 0 1 0 0 1 1 0 1 0 1 1 1 0 0 0.0
63 22 9520 0 1 1 0 1 0 0 1 0 0 1 0 1 0 0 0 1 0 0 0 1 1 0.0
64 22 6511 1 0 1 1 0 0 0 0 1 0 1 0 1 0 0 1 1 1 0 1 1 0 0.0
65 22 12363 1 0 1 0 1 0 0 0 0 0 1 1 0 1 1 1 0 1 1 0 0 1 0.0
66 22 10663 1 0 1 0 0 1 0 1 0 0 0 0 1 1 1 1 0 1 1 0 0 0 0.0
67 22 6599 0 0 0 0 1 1 0 1 0 1 1 1 0 0 1 1 1 0 0 0 0 0 0.0
68 22 9507 0 0 1 0 1 1 1 0 1 1 1 0 0 0 0 0 1 0 1 1 1 1 0.0
69 22 8905 0 1 1 1 0 1 0 0 0 1 0 0 0 0 1 1 0 0 0 0 1 1 0.0
70 22 9319 1 1 0 0 1 0 0 1 1 0 1 0 0 1 1 1 1 1 0 0 0 0 0.0
71 22 9310 0 0 0 0 1 1 1 0 1 1 0 1 0 1 0 1 0 0 0 0 1 0 0.0
72 22 8853 1 1 0 0 1 1 0 1 0 0 0 0 1 1 0 1 0 0 0 1 1 0 0.0
73 22 10782 0 0 0 1 1 0 0 0 1 1 1 0 1 0 1 0 0 0 0 1 0 1 0.0
74 22 8688 0 0 0 0 1 1 0 0 1 0 0 1 1 1 0 0 0 0 0 1 1 1 0.0
75 22 8367 1 1 0 1 0 0 1 1 1 1 0 0 0 0 0 0 1 1 1 0 0 0 0.0
76 22 9963 0 0 1 1 1 0 0 0 1 1 0 0 1 0 1 0 1 0 0 0 1 1 0.0
77 22 8163 0 0 1 1 0 0 1 0 0 0 1 0 0 1 0 1 1 0 1 1 1 1 0.0
78 22 9286 1 0 0 0 0 0 0 1 0 1 1 1 1 1 0 0 0 0 0 1 1 1 0.0
79 22 9859 0 0 0 1 1 1 0 1 0 1 0 0 1 1 0 1 1 0 0 1 0 1 0.0
80 22 13383 0 1 0 1 1 1 1 1 1 0 1 0 1 1 1 1 0 0 1 1 1 0 0.0
81 22 8839 1 1 1 0 0 1 0 0 0 0 0 0 0 1 1 0 1 0 1 0 1 1 0.0
82 22 10792 1 0 0 1 1 0 0 0 0 0 0 1 1 1 0 1 0 0 1 1 1 0 0.0
83 22 11152 0 1 1 1 0 0 0 1 1 1 1 0 0 0 1 0 1 0 1 1 1 0 0.0
84 22 11280 0 0 1 1 0 1 1 0 0 1 1 0 1 1 0 1 0 0 0 1 1 0 0.0
85 22 7541 1 0 1 0 1 0 0 1 1 0 1 0 0 1 0 1 1 0 1 1 0 0 0.0
86 22 8763 1 1 0 1 0 0 1 0 1 0 0 0 0 0 0 0 0 1 1 0 1 1 0.0
87 22 10881 0 0 1 1 0 1 0 1 1 0 1 0 1 0 1 0 0 0 0 1 1 1 0.0
88 22 8178 1 0 1 1 0 1 1 1 0 1 0 0 0 0 0 0 1 1 0 0 0 0 0.0
89 22 10966 0 1 1 0 1 0 0 1 0 0 1 1 1 0 0 0 0 0 1 0 1 1 0.0
90 22 7328 0 0 0 1 1 1 0 1 1 1 1 1 0 1 0 0 1 0 0 0 0 0 0.0
91 22 9075 0 1 0 0 1 0 1 1 1 0 0 0 1 0 1 1 0 0 0 0 0 1 0.0
92 22 7437 1 0 1 1 1 1 0 0 1 0 1 0 0 0 1 0 0 0 0 0 1 0 0.0
93 22 8667 0 0 1 1 1 1 0 1 0 1 0 0 0 0 1 1 0 1 0 1 1 1 0.0
94 22 10850 0 1 0 1 0 0 0 0 1 1 1 1 0 1 0 1 1 0 0 1 1 1 0.0
95 22 10322 0 0 1 0 0 1 1 1 1 0 0 0 1 1 1 0 1 1 1 1 0 1 0.0
96 22 8642 1 0 0 0 1 1 0 1 0 1 0 0 1 0 1 1 0 0 1 1 0 0 0.0
97 22 11611 0 1 1 1 1 1 0 0 0 0 1 0 1 0 0 0 1 1 1 0 0 0 0.0
98 22 12155 0 0 1 0 1 0 1 0 0 1 1 1 0 0 1 0 0 1 0 1 0 1 0.0
99 22 8256 0 1 0 0 1 0 1 0 1 1 1 0 0 1 1 0 0 1 1 0 0 0 0.0
100 22 8113 1 0 1 0 1 0 0 0 0 1 1 0 0 0 0 1 1 0 1 1 1 0 0.0
101 22 8423 0 1 1 0 0 1 1 0 0 1 1 1 0 0 0 1 1 0 0 0 1 0 0.0
102 22 8083 0 0 0 0 0 0 0 1 1 1 1 0 0 0 0 1 1 1 1 0 1 0 0.0
103 22 7106 0 0 0 0 1 0 0 1 0 1 0 0 0 0 1 1 1 0 1 0 1 1 0.0
104 22 8630 0 1 0 1 0 1 0 0 0 1 1 0 0 0 0 0 1 1 1 0 1 1 0.0
105 22 10422 1 1 0 1 1 1 0 0 0 1 1 0 0 1 1 1 0 0 0 1 0 0 0.0
106 22 9619 1 1 1 1 0 1 0 0 1 0 0 1 1 0 1 0 0 0 1 0 0 1 0.0
107 22 6907 0 0 1 0 0 1 0 0 0 1 0 1 0 1 1 0 1 0 0 0 1 0 0.0
108 22 8308 0 0 1 1 0 0 1 1 1 1 0 1 0 0 0 0 0 1 0 0 1 1 0.0
109 22 9711 0 0 1 0 1 0 1 0 1 0 1 0 0 0 0 1 1 1 0 1 1 1 0.0
110 22 9134 1 0 0 1 0 0 1 1 0 1 1 0 0 0 1 1 0 1 1 1 0 0 0.0
111 22 8800 1 1 1 1 1 1 1 0 1 1 0 1 0 0 0 1 0 0 1 0 0 0 0.0
112 22 10078 0 1 0 0 0 0 1 0 1 1 1 0 1 0 1 1 1 0 0 0 0 1 0.0
113 22 10658 1 1 0 1 1 0 0 1 1 1 0 1 0 1 0 1 0 0 0 0 1 1 0.0
114 22 8576 1 0 1 1 0 1 1 0 0 0 1 1 0 0 0 1 0 1 0 0 0 0 0.0
115 22 8462 1 0 1 0 0 1 1 0 1 0 0 1 1 0 1 0 0 1 0 0 1 0 0.0
116 22 8467 1 0 1 1 1 0 1 0 0 1 0 0 0 0 1 0 1 1 0 0 1 1 0.0
117 22 8705 0 1 1 1 0 0 1 0 0 0 0 0 0 0 1 1 1 1 0 0 0 0 0.0
118 22 10614 0 1 0 0 0 1 1 0 0 1 1 0 1 1 1 0 0 1 1 1 0 0 0.0
119 22 10399 1 1 1 1 1 0 1 0 0 1 1 0 1 0 1 1 0 0 0 1 0 1 0.0
120 22 9677 0 1 0 0 0 1 0 1 1 0 0 0 1 1 0 1 1 1 0 0 0 1 0.0
121 22 13223 1 1 0 0 1 0 1 0 0 1 0 1 1 1 1 0 0 0 1 1 0 0 0.0
122 22 8005 0 1 0 0 0 0 0 1 0 1 0 1 0 0 1 0 0 1 1 1 0 0 0.0
123 22 9025 1 0 1 0 0 1 1 1 0 0 0 0 0 1 0 1 1 1 1 0 1 0 0.0
124 22 9317 0 0 1 0 1 0 0 0 1 1 1 1 1 0 0 0 0 0 1 1 0 0 0.0
125 22 7660 0 0 1 0 1 1 0 0 1 1 1 0 1 0 0 0 0 1 0 0 0 1 0.0
126 22 8821 1 0 1 0 1 1 0 0 1 1 1 0 1 0 0 1 0 1 0 0 1 1 0.0
127 22 9480 0 1 1 0 1 0 0 1 1 0 1 0 1 1 0 1 1 0 1 0 1 1 0.0
128 22 7629 1 0 1 0 0 1 0 0 1 0 0 0 0 1 1 0 1 0 1 0 0 1 0.0
129 22 8102 0 0 1 1 0 0 1 1 0 0 1 0 0 1 1 0 1 0 0 0 1 0 0.0
130 22 10718 0 1 1 1 0 1 0 0 1 1 0 1 1 0 0 0 0 0 1 1 0 1 0.0
131 22 9535 0 0 1 0 1 0 1 0 0 1 1 1 1 1 0 0 1 0 1 1 0 1 0.0
132 22 10564 1 1 1 0 1 0 0 0 1 1 1 1 0 0 1 0 1 1 0 0 1 1 0.0
133 22 9863 0 1 0 1 1 1 0 1 1 1 0 1 0 0 0 0 0 1 0 0 1 1 0.0
134 22 9376 1 0 0 0 0 1 0 0 1 1 1 1 0 1 1 0 0 0 1 1 0 0 0.0
135 22 12589 0 1 0 1 1 0 0 0 1 1 1 0 0 0 1 1 1 0 1 1 1 1 0.0
136 22 10382 0 0 0 1 0 0 1 1 0 1 0 0 1 1 1 1 1 0 1 1 1 0 0.0
137 22 6578 1 0 0 0 1 1 0 0 0 0 1 1 0 0 1 0 1 1 1 0 0 0 0.0
138 22 7552 1 0 0 1 1 0 0 1 1 0 0 0 1 0 0 0 0 0 0 1 1 0 0.0
139 22 7765 0 1 0 1 1 1 0 1 1 1 1 1 0 0 0 1 0 1 0 0 0 0 0.0
140 22 9909 1 1 0 0 0 0 0 1 1 1 1 1 1 1 0 0 0 0 0 0 0 0 0.0
141 22 11056 0 0 0 1 0 1 0 0 1 1 0 1 1 1 1 0 1 1 1 0 0 0 0.0
142 22 9763 0 1 1 0 0 1 0 0 1 1 1 0 0 0 1 1 0 1 1 1 1 0 0.0
143 22 10123 0 0 0 0 0 1 1 1 0 1 1 0 1 0 1 0 0 1 1 1 0 0 0.0
144 22 8339 0 0 0 1 1 0 0 1 1 0 0 0 0 1 0 0 0 1 0 1 0 1 0.0
145 22 7767 0 0 0 0 1 0 0 0 1 1 0 1 1 0 1 0 0 0 1 0 1 1 0.0
146 22 8622 1 0 0 1 0 0 1 0 0 1 1 1 0 0 1 0 0 1 0 1 1 1 0.0
147 22 10280 0 0 1 0 1 1 1 0 0 0 1 1 1 0 0 1 0 0 1 1 0 0 0.0
148 22 11061 0 1 1 1 1 0 1 0 0 1 0 1 0 0 1 1 0 1 1 0 1 0 0.0
149 22 8180 0 0 1 1 0 0 1 0 0 1 1 1 0 0 0 1 1 1 0 0 0 0 0.0
150 22 9569 1 1 1 0 0 1 1 1 0 0 0 0 0 0 1 0 0 0 1 1 0 0 0.0
151 22 9734 0 0 1 1 1 0 1 0 1 1 1 1 1 0 0 0 0 0 0 1 0 0 0.0
152 22 8756 1 1 0 0 1 0 1 1 0 0 1 1 0 1 0 0 1 0 1 0 0 0 0.0
153 22 10675 1 0 1 1 1 0 1 0 0 1 0 1 1 0 0 0 1 0 0 0 1 0 0.0
154 22 12935 1 0 1 1 1 1 0 1 0 1 1 0 0 0 1 0 0 1 1 1 0 1 0.0
155 22 8909 1 0 1 1 1 1 0 1 0 1 0 0 1 0 1 1 0 1 0 0 1 0 0.0
156 22 11388 1 0 0 1 0 0 0 1 0 0 0 1 1 1 0 1 1 1 0 1 1 1 0.0
157 22 10269 0 1 0 0 0 1 1 0 1 0 0 0 0 1 1 1 1 0 1 1 0 0 0.0
158 22 8889 0 1 1 0 1 1 1 1 0 0 0 1 0 0 0 0 0 0 0 1 1 1 0.0
159 22 10230 0 0 0 1 0 0 1 1 1 0 0 0 1 1 1 0 0 1 1 1 1 1 0.0
160 22 11782 0 1 1 1 1 0 1 1 0 1 1 0 0 0 1 1 0 1 1 0 0 0 0.0
161 22 6572 0 0 1 0 0 1 0 0 1 0 0 0 1 0 0 1 1 1 1 1 0 0 0.0
162 22 8126 0 1 1 1 1 0 0 0 0 0 0 1 0 1 0 1 0 0 1 0 1 0 0.0
163 22 10150 0 1 0 1 0 1 0 1 1 1 1 1 0 0 0 1 0 1 1 0 0 0 0.0
164 22 9144 0 0 0 1 0 1 0 0 1 0 1 1 1 1 1 0 1 1 0 0 1 0 0.0
165 22 11221 1 0 0 1 1 0 0 1 0 1 0 0 1 1 0 1 0 1 0 1 1 0 0.0
166 22 7040 1 0 1 0 0 1 1 1 1 0 0 0 0 0 1 0 0 1 1 1 0 0 0.0
167 22 10456 0 1 0 1 0 1 0 1 1 1 1 0 1 1 1 1 0 0 0 0 1 1 0.0
168 22 11242 1 1 1 1 0 0 0 1 1 0 1 1 0 0 0 1 0 0 1 1 1 0 0.0
169 22 9064 1 0 0 0 1 1 1 0 0 1 0 0 0 1 0 0 0 1 0 1 1 0 0.0
170 22 8792 0 1 1 1 0 0 1 0 0 1 1 0 0 1 1 0 1 0 1 0 0 0 0.0
171 22 9924 0 1 0 1 0 0 1 0 1 1 1 0 0 0 0 0 1 1 1 0 1 0 0.0
172 22 7275 1 0 1 0 1 0 1 1 0 0 0 1 0 0 1 0 0 0 0 1 1 0 0.0
173 22 6643 1 1 0 0 0 0 1 0 1 0 0 1 1 0 1 0 1 1 0 1 0 1 0.0
174 22 9461 0 0 0 1 1 0 0 1 1 1 1 1 1 1 0 0 1 1 0 1 0 0 0.0
175 22 9964 0 0 0 0 0 1 1 0 0 0 1 1 0 1 1 1 0 1 0 1 0 1 0.0
176 22 10611 1 0 0 0 1 1 0 0 0 1 1 0 1 0 1 0 1 1 1 1 0 0 0.0
177 22 8660 0 1 1 0 1 1 0 1 1 1 0 1 0 0 1 0 0 0 0 0 1 0 0.0
178 22 9536 1 1 0 1 1 0 0 0 0 1 1 0 0 1 1 1 0 0 0 1 0 1 0.0
179 22 8323 1 0 1 0 0 1 0 1 1 0 0 0 0 0 1 0 0 0 0 1 1 0 0.0
180 22 9579 0 0 1 1 1 0 1 0 1 1 1 1 0 0 1 0 0 0 1 0 1 0 0.0
181 22 10970 0 1 1 0 1 0 1 0 1 1 1 1 1 0 1 0 0 0 1 0 1 0 0.0
182 22 8204 0 0 0 1 0 1 0 0 0 1 1 1 1 1 1 1 0 1 1 0 0 0 0.0
183 22 6636 1 1 1 1 0 1 0 0 1 1 0 0 1 1 1 0 0 0 0 0 0 0 0.0
184 22 10780 0 0 1 0 1 0 1 0 0 1 0 0 1 1 1 0 0 1 1 0 1 0 0.0
185 22 9795 0 0 1 1 1 0 0 1 1 1 1 0 1 0 0 0 0 0 1 1 1 0 0.0
186 22 7958 1 1 1 1 0 0 1 1 1 0 0 0 0 1 0 0 0 1 1 1 1 0 0.0
187 22 8873 0 0 0 0 0 1 0 1 1 0 1 1 1 1 0 1 0 0 0 1 1 0 0.0
188 22 8182 1 1 1 1 1 1 0 0 0 1 0 1 0 0 1 1 0 0 0 1 1 0 0.0
189 22 8890 0 1 1 0 0 1 0 1 0 1 0 0 1 1 0 1 1 0 0 0 1 0 0.0
190 22 8794 1 0 1 0 0 0 1 1 1 1 0 0 1 0 1 0 0 0 1 1 0 0 0.0
191 22 9003 1 0 0 0 0 0 1 1 0 1 0 0 1 0 1 1 1 0 0 1 1 0 0.0
192 22 9095 1 1 1 1 0 0 0 1 0 0 0 0 0 0 0 0 0 1 1 1 0 1 0.0
193 22 9006 1 0 1 0 1 1 0 0 1 0 0 1 1 1 0 0 0 1 1 0 0 0 0.0
194 22 9485 1 1 0 1 1 0 0 1 0 1 0 1 1 0 0 0 0 0 1 0 0 1 0.0
195 22 10432 0 0 0 1 1 1 1 0 1 0 1 1 0 1 0 0 0 1 1 0 0 0 0.0
196 22 7307 0 1 1 1 1 0 0 0 0 1 0 0 0 0 0 0 1 0 0 0 1 1 0.0
197 22 8577 0 1 0 1 0 0 1 1 1 0 1 1 0 1 0 0 1 0 1 1 0 1 0.0
198 22 8418 1 1 1 0 0 1 0 1 0 1 1 1 0 1 1 0 0 0 0 1 0 0 0.0
199 22 9595 1 1 0 0 0 0 0 0 1 0 1 1 1 0 0 1 0 0 1 0 1 1 0.0
200 22 9680 1 0 0 1 0 0 1 0 0 0 1 0 1 0 1 1 1 1 1 0 1 0 0.0
201 22 9584 0 1 1 1 1 1 1 0 0 0 1 0 1 0 0 0 1 0 1 1 0 0 0.0
202 22 7056 1 1 1 0 0 0 0 1 0 0 1 1 0 0 0 1 1 1 0 0 0 1 0.0
203 22 7819 1 1 1 1 0 0 0 1 1 0 0 1 0 0 1 0 0 0 1 1 0 0 0.0
204 22 10747 1 1 1 0 1 1 1 0 0 1 1 1 1 0 0 0 0 0 0 1 1 1 0.0
205 22 9973 0 0 0 1 0 1 0 1 1 0 1 1 1 0 1 1 0 0 1 0 0 1 0.0
206 22 9986 1 1 0 0 0 0 1 1 1 0 0 0 0 1 1 1 0 1 0 0 0 0 0.0
207 22 11391 0 0 1 0 1 1 1 1 0 0 1 0 1 1 0 1 0 0 0 0 1 1 0.0
208 22 8864 0 0 0 0 1 1 1 1 0 0 0 0 1 0 1 0 0 0 0 1 0 1 0.0
209 22 8591 1 0 1 1 0 1 0 0 1 0 1 1 0 0 1 0 1 1 0 0 0 1 0.0
210 22 10577 1 1 1 1 0 0 0 0 0 1 0 1 1 0 0 0 1 0 1 0 0 0 0.0
211 22 12093 0 0 0 1 0 1 0 1 0 1 1 0 0 0 0 1 1 0 1 1 1 1 0.0
212 22 9796 1 1 0 0 1 1 0 0 0 1 1 1 0 0 0 0 1 1 1 0 1 1 0.0
213 22 9785 1 1 0 1 0 0 0 1 0 1 0 1 0 0 1 0 1 1 0 1 1 1 0.0
214 22 9007 1 1 0 1 1 0 0 0 0 1 0 0 1 1 0 1 1 0 1 0 1 1 0.0
215 22 9144 1 1 0 0 0 1 1 0 0 1 1 1 0 0 0 1 0 1 0 0 0 1 0.0
216 22 9157 0 0 1 1 1 1 0 0 0 1 0 0 1 1 1 0 0 0 0 0 1 0 0.0
217 22 10256 1 0 1 0 1 0 0 1 1 0 0 0 0 0 0 0 1 1 1 1 1 1 0.0
218 22 13270 1 0 0 1 1 1 0 1 0 0 1 0 1 1 1 1 1 0 0 0 0 1 0.0
219 22 7941 0 0 0 0 1 0 1 0 1 0 0 1 1 1 0 0 1 0 1 0 1 0 0.0
220 22 7588 0 1 0 0 0 1 1 1 1 0 0 0 1 0 0 0 1 0 1 1 1 0 0.0
221 22 13238 1 1 1 0 1 1 0 0 0 1 1 1 0 0 1 1 0 1 0 1 0 1 0.0
222 22 11031 0 1 0 1 0 0 1 1 1 1 0 1 0 0 1 0 0 1 1 0 1 0 0.0
223 22 9377 1 1 0 0 1 1 1 1 0 1 0 1 0 0 0 1 0 0 0 1 1 0 0.0
224 22 10875 0 1 1 1 0 0 0 0 1 1 0 0 1 0 0 1 1 1 1 0 1 0 0.0
225 22 10146 1 1 0 0 0 0 0 0 1 1 0 1 1 1 1 1 1 1 0 0 0 0 0.0
226 22 8622 0 0 0 1 0 1 1 0 0 0 0 1 0 1 0 1 0 0 1 1 1 0 0.0
227 22 6684 0 0 1 1 1 0 0 0 1 0 0 1 1 0 1 1 0 1 0 0 0 0 0.0
228 22 9053 1 0 0 1 1 1 0 1 1 0 1 0 0 1 0 0 0 0 0 0 0 1 0.0
229 22 7873 1 1 1 0 1 1 1 0 0 1 0 0 0 1 0 0 1 0 0 0 1 0 0.0
230 22 8288 1 0 1 0 1 1 0 0 0 0 0 0 1 1 0 0 1 1 0 1 0 1 0.0
231 22 9059 0 0 1 0 0 0 0 0 1 0 0 1 0 1 1 0 0 0 0 1 1 1 0.0
232 22 11205 1 0 0 0 0 1 1 1 1 0 1 0 0 1 1 0 0 1 1 0 1 0 0.0
233 22 8628 1 0 1 1 1 0 0 0 1 0 0 1 0 1 0 1 0 1 1 0 1 0 0.0
234 22 11300 0 0 0 0 1 1 1 1 1 0 1 0 0 1 0 0 1 0 1 1 1 1 0.0
235 22 10594 0 1 1 1 1 1 0 0 0 1 0 0 1 0 1 0 0 0 1 1 0 1 0.0
236 22 9409 1 0 0 1 0 1 0 1 0 1 1 0 0 1 0 1 1 0 0 0 0 1 0.0
237 22 8814 1 0 0 1 1 1 0 1 0 0 0 1 1 0 1 1 0 0 0 1 1 0 0.0
238 22 9696 1 0 0 1 1 1 1 1 0 1 1 1 0 0 1 0 1 1 0 1 0 0 0.0
239 22 8944 1 1 1 0 0 1 0 1 0 1 0 1 0 0 0 0 0 0 1 0 1 0 0.0
240 22 8608 0 1 0 1 1 0 0 1 0 1 1 1 0 0 1 1 0 0 0 0 0 0 0.0
241 22 10215 1 1 0 1 1 1 0 1 1 1 1 0 0 1 0 0 1 0 0 0 0 1 0.0
242 22 6377 0 0 1 1 0 1 0 0 1 0 0 0 1 0 0 1 0 0 1 0 0 1 0.0
243 22 9013 0 1 1 0 1 1 1 1 0 1 0 1 0 0 0 0 1 1 0 1 0 0 0.0
244 22 8411 1 1 0 1 0 1 0 0 0 1 0 0 0 1 0 0 1 1 1 0 0 0 0.0
245 22 6780 0 0 1 0 0 1 0 1 1 1 0 0 1 1 1 0 0 0 0 1 0 0 0.0
246 22 10341 1 0 0 0 0 1 1 1 0 1 0 0 0 1 1 0 0 0 1 0 1 1 0.0
247 22 8931 1 0 0 0 1 0 0 0 0 1 0 0 1 1 0 1 1 1 0 1 1 0 0.0
248 22 7394 0 0 1 0 1 1 1 0 0 1 0 0 1 0 1 0 1 1 1 1 0 1 0.0
249 22 9833 0 1 1 0 1 1 1 0 0 0 1 0 0 0 0 0 1 0 1 1 1 1 0.0
250 22 11680 1 1 0 1 1 0 1 1 1 1 0 0 1 1 1 1 1 0 0 0 1 0 0.0
251 22 10939 0 0 0 1 0 1 0 0 1 1 0 1 1 0 0 1 1 1 1 1 0 0 0.0
252 22 8569 0 0 1 1 0 1 1 0 1 1 0 0 1 1 1 0 1 0 1 1 0 0 0.0
253 22 10004 0 0 1 1 0 1 0 0 1 0 1 1 0 0 0 0 1 0 0 1 1 1 0.0
254 22 8874 1 0 1 0 0 1 1 0 0 1 1 1 0 0 1 1 1 0 1 0 0 0 0.0
255 22 8116 0 1 1 0 0 0 1 0 0 1 0 1 1 0 1 1 1 0 0 1 1 0 0.0
256 22 9413 0 0 0 1 0 1 0 1 0 1 1 0 0 1 0 1 1 1 0 1 1 0 0.0
257 22 9635 0 1 1 0 0 1 0 1 0 1 1 1 0 1 0 0 1 1 0 1 0 1 0.0
258 22 12624 0 1 1 1 0 0 1 0 1 0 1 0 1 1 0 1 1 0 0 1 1 0 0.0
259 22 10389 0 1 0 1 0 1 1 0 1 0 1 1 1 0 0 0 1 1 0 0 1 0 0.0
260 22 7312 1 0 0 1 0 1 1 1 0 1 0 1 0 1 0 1 0 1 0 1 0 0 0.0
261 22 7776 0 1 1 0 1 1 1 1 0 1 0 1 0 0 0 0 0 1 0 1 0 0 0.0
262 22 10139 1 1 0 1 0 1 1 1 0 0 1 0 0 1 1 0 0 1 1 0 1 0 0.0
263 22 11532 1 0 0 0 1 0 0 1 0 0 1 1 1 1 1 0 0 1 1 1 0 0 0.0
264 22 13057 0 0 1 1 1 0 1 1 0 0 1 1 0 1 1 1 0 0 0 1 0 1 0.0
265 22 9182 1 1 0 0 1 1 0 0 0 0 0 0 0 1 0 1 1 1 1 0 1 1 0.0
266 22 7922 0 1 1 1 0 1 0 0 0 0 1 1 0 0 1 0 0 1 0 0 1 0 0.0
267 22 12736 0 1 1 1 0 0 0 1 0 0 1 1 1 0 0 0 1 1 1 1 0 0 0.0
268 22 7719 0 1 1 0 0 1 0 0 0 0 1 0 1 0 1 0 1 0 1 1 1 0 0.0
269 22 11379 0 0 1 0 1 0 1 1 0 1 0 0 0 1 0 1 1 0 0 1 1 1 0.0
270 22 7534 0 1 1 1 0 0 1 1 0 1 0 1 0 0 1 1 0 0 1 1 1 1 0.0
271 22 8254 0 0 1 1 1 1 1 0 0 1 1 1 1 0 0 0 0 0 1 0 1 1 0.0
272 22 7485 0 0 1 0 0 0 0 0 0 0 0 0 1 1 0 1 0 0 1 1 1 1 0.0
273 22 8776 0 1 0 0 1 0 0 0 0 0 1 1 1 0 0 1 1 0 0 1 1 0 0.0
274 22 8965 1 0 0 0 0 1 1 0 1 0 0 0 0 1 0 1 0 1 1 0 1 0 0.0
275 22 10888 0 0 0 1 1 1 1 0 1 1 0 0 0 0 1 1 0 0 1 0 1 1 0.0
276 22 7755 0 0 1 1 1 0 0 0 0 0 1 0 1 1 1 1 0 1 1 1 1 0 0.0
277 22 10333 0 0 0 1 0 1 1 0 0 1 0 0 1 1 1 1 0 1 0 1 0 0 0.0
278 22 8309 0 0 1 0 0 1 1 1 0 0 1 0 1 0 1 0 0 0 1 0 1 0 0.0
279 22 10109 1 0 1 1 0 0 0 1 0 0 0 1 0 1 1 1 0 1 0 0 0 1 0.0
280 22 9275 1 0 1 0 0 1 0 1 1 1 1 0 1 0 0 0 0 0 0 1 0 1 0.0
281 22 7135 0 0 0 0 1 0 1 1 1 0 1 0 0 1 0 0 1 0 0 1 1 0 0.0
282 22 7825 1 0 1 0 0 0 1 0 0 0 1 1 1 0 0 0 1 1 1 1 0 0 0.0
283 22 8456 1 1 1 1 0 0 0 1 0 0 0 0 1 0 1 0 0 0 1 1 1 0 0.0
284 22 10084 1 0 1 0 1 0 0 1 0 0 0 1 0 1 0 1 1 0 1 0 1 0 0.0
285 22 10725 0 1 1 1 1 1 1 1 1 0 0 1 1 0 0 0 1 0 0 0 0 0 0.0
286 22 7921 1 0 0 0 1 1 1 1 0 1 1 1 0 0 0 1 1 0 0 0 0 1 0.0
287 22 11323 1 0 1 1 1 1 0 0 1 0 0 0 0 1 0 1 0 1 1 1 0 0 0.0
288 22 9665 0 0 1 0 1 0 0 0 1 0 1 0 0 0 1 1 1 0 0 1 1 1 0.0
289 22 9917 0 1 1 0 1 0 0 0 0 0 1 0 1 0 0 1 0 0 1 1 1 1 0.0
290 22 9631 1 1 1 0 1 1 0 0 1 0 0 0 0 0 0 1 1 1 0 0 0 1 0.0
291 22 11670 0 1 0 0 1 1 0 1 0 1 0 0 1 1 1 0 1 0 1 1 1 0 0.0
292 22 8243 1 1 1 0 0 0 0 1 0 0 1 0 1 1 0 0 0 1 0 0 0 1 0.0
293 22 8066 1 1 0 0 0 0 1 0 1 0 0 1 0 1 1 1 0 0 1 0 0 0 0.0
294 22 11912 1 0 0 0 0 1 0 1 0 1 1 0 1 1 0 0 1 0 1 1 1 1 0.0
295 22 8305 0 0 0 1 1 1 0 1 1 1 0 0 0 0 0 0 0 1 0 1 0 0 0.0
296 22 11606 1 0 1 0 0 1 1 1 0 1 1 1 1 0 1 0 0 1 0 0 0 1 0.0
297 22 10775 0 0 1 1 0 1 0 1 1 1 0 1 1 0 0 0 0 0 1 1 0 0 0.0
298 22 8966 0 0 0 0 0 0 0 0 1 0 0 0 1 1 0 1 1 1 1 1 0 1 0.0
299 22 11282 0 1 0 0 1 0 1 1 0 1 0 0 1 0 0 1 1 0 1 1 1 1 0.0
300 22 7813 1 0 1 1 1 0 1 1 0 0 0 0 1 0 0 1 0 0 1 1 0 1 0.0
301 22 7166 1 0 0 0 1 0 0 0 0 1 1 0 1 1 0 0 1 1 1 0 0 0 0.0
302 22 9454 1 0 1 0 0 0 1 0 1 0 0 0 1 0 1 1 1 0 1 0 0 1 0.0
303 22 8122 0 0 1 0 1 1 0 0 1 1 0 0 1 0 1 1 0 0 0 1 0 1 0.0
304 22 11799 0 0 1 0 1 0 1 0 1 1 0 1 1 0 1 0 0 0 1 1 1 0 0.0
305 22 7487 0 1 1 0 1 0 1 1 0 1 0 0 1 0 1 0 0 0 1 0 0 0 0.0
306 22 8278 0 0 0 0 1 1 0 0 1 1 0 0 0 1 1 0 1 0 1 1 0 0 0.0
307 22 8645 0 1 1 0 1 1 0 1 0 1 0 0 0 0 1 0 1 0 1 0 0 0 0.0
308 22 8297 0 0 0 1 0 1 0 1 0 0 1 1 1 1 1 1 0 0 0 0 0 0 0.0
309 22 8556 1 1 1 0 0 1 0 0 0 0 0 0 1 1 0 1 1 1 1 0 1 0 0.0
310 22 9807 1 0 0 1 0 1 0 0 0 0 0 1 0 1 0 1 1 0 1 1 0 1 0.0
311 22 10401 0 0 0 0 1 1 0 0 1 1 1 1 1 0 1 0 1 1 1 0 1 0 0.0
312 22 9260 1 0 0 0 1 0 1 0 1 0 1 1 1 1 1 0 0 0 1 0 1 1 0.0
313 22 7151 0 1 0 0 0 1 0 0 0 0 1 1 0 0 0 1 0 1 1 0 0 1 0.0
314 22 6683 1 0 0 0 1 1 0 0 1 0 0 1 0 1 0 1 0 0 1 1 0 1 0.0
315 22 10367 0 1 1 1 0 0 1 1 1 1 0 0 0 1 1 0 1 0 0 0 0 0 0.0
316 22 10008 1 0 0 0 0 1 0 1 0 1 1 0 1 0 0 1 0 0 1 1 1 0 0.0
317 22 12650 0 1 1 1 1 0 1 0 1 1 1 0 1 0 0 0 0 0 1 1 0 1 0.0
318 22 7315 0 1 0 1 1 0 0 1 0 1 0 0 0 1 0 1 0 1 1 0 1 1 0.0
319 22 11188 1 1 1 1 0 1 0 1 0 1 0 0 0 1 1 1 1 0 1 0 0 1 0.0
320 22 10519 1 1 1 0 0 1 1 0 0 0 0 1 0 1 0 1 0 1 1 1 1 0 0.0
321 22 9132 0 0 0 1 0 0 1 1 0 1 1 0 1 0 1 1 0 0 0 0 1 1 0.0
322 22 10215 1 0 1 1 1 0 0 0 0 1 0 1 0 1 0 0 1 0 0 1 1 1 0.0
323 22 8129 0 1 1 1 0 0 0 1 0 1 0 1 0 1 0 1 0 1 1 1 0 1 0.0
324 22 11142 1 1 0 1 1 0 0 0 0 1 0 1 0 0 1 1 1 0 0 1 1 1 0.0
325 22 7659 1 1 1 0 0 0 1 1 0 1 0 0 1 1 0 0 1 0 0 1 0 0 0.0
326 22 9476 1 1 0 0 0 0 1 0 1 0 1 1 1 0 0 1 0 1 1 1 1 1 0.0
327 22 9364 1 1 0 0 1 0 1 0 0 0 0 1 0 1 1 0 0 1 1 0 1 0 0.0
328 22 9616 1 1 1 1 1 0 0 0 0 0 1 0 0 0 1 1 0 1 0 0 0 1 0.0
329 22 10823 1 0 0 0 1 1 1 0 0 1 1 0 0 0 1 1 0 1 1 1 0 1 0.0
330 22 8586 0 0 0 1 0 1 1 1 0 0 1 1 1 0 0 0 0 1 1 0 1 1 0.0
331 22 12512 1 0 1 1 1 0 1 1 1 1 1 0 0 1 0 0 0 0 1 0 0 1 0.0
332 22 10483 0 0 1 1 0 0 1 1 1 1 1 1 1 0 0 0 1 0 1 1 1 0 0.0
333 22 6961 1 0 0 0 1 0 1 0 1 0 1 1 0 0 1 1 1 1 0 0 1 0 0.0
334 22 10169 0 0 1 1 0 0 0 1 0 1 0 0 1 0 1 1 0 1 1 1 0 0 0.0
335 22 10350 1 1 1 0 1 0 1 0 0 1 1 1 0 0 0 0 1 1 1 1 1 0 0.0
336 22 10543 0 0 0 0 0 1 1 0 1 1 1 1 1 1 0 1 1 0 1 0 1 0 0.0
337 22 10388 1 0 0 0 0 1 0 0 1 1 1 0 0 0 1 1 1 1 0 0 1 0 0.0
338 22 9344 1 0 0 1 0 1 1 1 0 1 0 0 0 0 1 1 1 0 1 0 0 1 0.0
339 22 10436 0 0 1 0 1 0 0 1 1 1 1 1 0 0 0 1 0 0 0 1 0 1 0.0
340 22 11322 1 0 0 1 0 1 0 0 1 0 0 0 0 1 0 1 1 1 0 1 1 1 0.0
341 22 8699 0 0 1 0 0 1 0 1 0 1 0 1 1 0 0 0 1 0 0 0 1 1 0.0
342 22 8426 1 0 1 0 0 1 0 0 1 1 1 1 0 1 0 0 0 0 0 1 0 1 0.0
343 22 7892 0 0 1 1 1 0 0 0 1 0 0 1 0 0 1 0 0 0 1 1 0 1 0.0
344 22 12033 0 1 1 0 1 1 0 1 0 1 1 1 1 0 1 1 1 0 0 0 1 0 0.0
345 22 10488 0 0 1 1 0 1 1 0 1 0 1 0 1 1 0 1 0 1 1 0 0 1 0.0
346 22 7520 0 0 0 1 0 0 1 1 1 0 1 1 0 1 0 1 1 0 0 0 1 0 0.0
347 22 10926 0 0 1 1 0 1 1 1 0 0 1 1 1 1 1 0 0 1 0 0 1 1 0.0
348 22 10502 1 1 0 0 1 1 0 0 1 0 0 0 0 1 1 0 0 0 1 1 1 0 0.0
349 22 11495 0 1 0 1 0 1 1 0 1 1 0 0 0 1 1 1 1 0 1 1 0 0 0.0
350 22 11386 1 1 0 0 1 1 0 0 1 0 1 1 1 1 0 1 0 1 0 1 1 0 0.0
351 22 9763 1 0 1 1 1 0 0 1 1 0 1 1 1 1 0 1 0 1 1 0 0 0 0.0
352 22 8674 0 1 1 0 0 1 0 1 0 1 1 0 0 0 1 1 1 0 1 0 0 1 0.0
353 22 8741 1 0 0 0 1 1 0 0 1 0 1 1 0 0 0 1 0 0 1 0 1 1 0.0
354 22 11224 1 0 1 1 0 1 0 0 0 1 0 1 1 0 1 1 0 1 1 1 0 0 0.0
355 22 9370 0 0 0 1 1 0 1 0 1 0 0 0 1 1 1 1 1 1 1 1 0 0 0.0
356 22 7817 0 1 1 0 0 0 0 1 0 1 0 0 1 0 1 1 1 0 1 0 0 1 0.0
357 22 8392 1 1 0 1 0 1 0 1 0 1 1 0 0 1 0 0 0 0 0 0 1 1 0.0
358 22 10034 1 0 1 0 0 1 1 0 0 0 1 1 1 0 0 0 0 0 1 1 1 1 0.0
359 22 7442 0 0 0 0 0 1 0 0 0 1 0 0 1 0 0 1 1 0 1 0 1 1 0.0
360 22 7223 1 1 1 1 1 0 0 0 1 0 0 1 1 0 1 0 0 0 1 1 0 0 0.0
361 22 6991 0 1 1 0 0 0 0 1 1 0 0 1 0 0 0 0 1 0 0 0 1 1 0.0
362 22 8218 1 0 0 0 1 0 1 1 1 0 1 1 1 1 1 0 1 0 0 0 1 0 0.0
363 22 8665 1 0 0 0 1 0 1 0 0 1 0 1 0 0 0 1 0 0 1 0 1 1 0.0
364 22 10468 0 0 1 1 1 0 1 0 1 0 0 0 0 1 0 1 1 0 1 0 0 1 0.0
365 22 8416 0 0 0 0 1 1 1 1 0 0 0 0 0 1 1 1 1 1 0 1 0 0 0.0
366 22 8177 0 0 1 1 0 0 1 0 0 1 0 1 0 0 1 0 1 0 0 1 1 0 0.0
367 22 8944 1 1 1 0 0 0 0 0 0 0 1 0 1 0 0 0 1 0 1 1 1 0 0.0
368 22 9474 1 1 1 0 0 1 1 0 0 0 0 1 1 1 1 0 1 1 0 0 0 1 0.0
369 22 6343 1 0 0 1 0 0 0 1 0 0 1 1 1 1 1 0 0 0 0 0 0 1 0.0
370 22 9296 1 0 0 1 1 1 0 1 1 0 1 0 0 0 0 0 0 0 1 1 0 1 0.0
371 22 10443 0 0 1 0 0 1 0 1 1 0 1 1 1 0 0 0 1 0 1 1 1 0 0.0
372 22 8364 0 0 0 0 0 0 1 0 0 0 1 0 1 1 1 0 0 1 1 1 0 0 0.0
373 22 9343 1 0 0 0 0 0 1 1 1 0 0 0 1 1 0 1 0 1 0 1 1 1 0.0
374 22 8469 0 0 0 1 0 0 0 1 0 1 0 0 0 1 1 0 1 0 0 1 1 0 0.0
375 22 10332 1 1 1 1 0 0 0 1 1 0 1 1 0 0 0 1 1 0 0 1 1 0 0.0
376 22 9994 1 1 0 0 1 1 1 0 1 1 0 1 0 0 1 1 0 0 1 0 1 0 0.0
377 22 9215 1 0 0 0 1 0 1 1 0 0 0 0 0 1 1 1 0 0 1 1 1 0 0.0
378 22 9236 1 0 1 0 0 0 0 1 1 1 0 0 1 1 1 0 0 0 0 1 1 0 0.0
379 22 7733 1 1 0 1 1 1 1 0 0 0 1 0 1 0 1 0 0 0 0 0 1 0 0.0
380 22 11875 0 1 1 1 1 1 0 0 0 0 1 1 0 0 1 0 1 1 1 0 0 1 0.0
381 22 11421 0 0 0 0 1 0 1 1 0 0 0 1 1 1 0 1 1 0 0 1 1 1 0.0
382 22 9786 0 0 1 1 1 1 0 1 1 0 0 1 0 1 0 1 0 0 0 0 1 0 0.0
383 22 9348 1 1 0 1 0 0 1 1 1 1 0 0 1 0 1 0 0 1 1 0 1 1 0.0
384 22 6839 1 0 0 0 0 1 1 0 0 0 0 0 0 1 0 0 1 1 0 0 0 1 0.0
385 22 8425 1 0 1 0 0 0 1 1 1 0 0 1 1 0 1 0 0 0 0 0 1 1 0.0
386 22 9391 0 0 1 1 0 0 0 1 0 1 0 1 1 1 0 0 1 1 1 0 1 1 0.0
387 22 8019 1 1 1 0 1 0 0 0 1 0 1 0 0 0 0 1 1 0 0 1 0 1 0.0
388 22 10308 1 0 0 0 1 1 0 0 0 0 1 0 0 1 1 1 1 1 0 0 1 0 0.0
389 22 9678 0 1 0 0 1 1 1 0 0 0 0 0 1 0 1 1 0 1 1 0 1 0 0.0
390 22 8198 0 0 0 0 0 1 1 0 0 1 1 1 0 0 1 0 1 1 1 0 0 1 0.0
391 22 8250 0 0 0 0 0 1 0 1 0 0 0 1 0 1 0 1 0 0 1 1 1 1 0.0
392 22 8025 1 0 1 1 0 1 1 0 1 0 0 0 1 1 1 0 0 0 1 1 0 0 0.0
393 22 11115 0 0 0 0 1 1 1 0 0 0 1 1 1 0 1 0 1 0 1 1 0 1 0.0
394 22 10546 1 0 1 0 0 1 1 0 1 0 0 0 1 1 1 1 0 0 1 0 1 1 0.0
395 22 7306 0 1 0 0 1 1 1 1 1 0 0 0 0 1 1 0 1 0 0 0 0 1 0.0
396 22 7372 0 0 0 0 0 1 1 0 0 0 1 1 0 1 1 0 0 1 0 0 0 1 0.0
397 22 8957 0 1 0 0 0 0 1 1 1 0 0 0 1 0 1 1 0 0 0 0 1 1 0.0
398 22 10299 0 1 0 0 1 0 1 0 1 0 0 0 1 1 0 1 1 0 0 1 1 1 0.0
399 22 10530 0 1 1 0 0 1 1 0 0 1 1 1 1 0 0 1 0 0 1 1 1 0 0.0
400 22 11506 0 0 1 1 1 1 0 0 0 1 1 0 0 0 1 1 1 0 1 1 1 0 0.0
401 22 7851 0 0 1 1 0 1 0 0 0 0 1 1 1 1 0 1 1 0 1 0 0 0 0.0
402 22 7696 0 0 0 0 0 0 1 1 0 1 0 1 0 1 0 0 1 1 0 0 1 1 0.0
403 22 8351 0 0 1 1 1 0 0 0 1 1 0 0 0 0 1 0 0 1 0 0 1 1 0.0
404 22 8166 1 0 1 1 1 0 1 0 0 1 0 1 0 1 0 0 0 0 0 1 0 1 0.0
405 22 10169 0 1 0 1 1 0 1 1 1 0 1 1 0 0 1 0 0 0 1 0 0 1 0.0
406 22 8189 1 1 1 1 0 0 0 1 1 1 1 0 0 1 0 1 0 0 1 1 0 0 0.0
407 22 10718 0 0 0 1 1 0 0 0 1 1 0 1 1 0 1 1 0 0 1 0 1 0 0.0
408 22 7418 0 0 0 1 1 1 1 0 1 0 1 0 1 0 1 1 1 0 0 0 0 0 0.0
409 22 8907 0 0 1 1 1 1 1 0 1 1 0 1 1 0 1 0 0 0 0 0 1 0 0.0
410 22 7239 0 0 0 0 0 0 1 0 0 0 1 1 1 0 0 1 1 0 0 0 1 1 0.0
411 22 10122 0 1 1 1 0 1 1 0 0 0 0 1 1 1 1 0 0 0 0 1 0 0 0.0
412 22 9559 0 0 1 1 1 1 0 1 0 1 0 1 0 1 1 1 0 1 1 1 0 0 0.0
413 22 10451 0 1 1 1 0 1 1 0 0 0 1 0 1 0 0 0 0 1 0 1 1 0 0.0
414 22 8519 0 0 1 0 1 0 0 0 1 0 0 0 0 1 1 0 1 1 0 1 0 1 0.0
415 22 9839 0 0 0 0 0 1 1 1 1 0 0 0 0 1 1 0 0 1 0 1 1 0 0.0
416 22 9730 0 0 1 1 0 0 1 0 0 1 0 1 1 1 0 0 1 0 1 1 0 1 0.0
417 22 11191 0 1 0 1 0 0 1 0 1 0 0 1 0 1 1 0 0 1 1 1 1 0 0.0
418 22 11000 0 1 0 0 0 1 0 1 1 0 1 1 0 1 1 0 0 1 1 0 1 0 0.0
419 22 8545 1 1 0 0 1 0 0 0 1 0 0 0 0 1 1 1 0 0 1 1 0 1 0.0
420 22 7383 1 1 1 0 1 1 0 0 1 1 1 0 0 0 0 1 0 1 0 0 0 0 0.0
421 22 8158 1 0 0 1 1 0 0 1 1 1 0 0 0 1 0 1 0 1 1 0 0 1 0.0
422 22 8570 0 0 1 0 1 0 1 0 0 1 0 0 0 1 1 1 0 0 1 1 0 1 0.0
423 22 10049 0 1 0 0 0 0 0 0 1 0 1 1 0 0 1 1 0 1 1 1 0 1 0.0
424 22 11394 1 1 0 0 1 0 0 1 1 0 1 0 0 0 0 0 0 0 1 1 0 1 0.0
425 22 8580 1 1 1 1 1 0 1 0 0 0 1 1 0 1 0 1 0 0 0 0 0 0 0.0
426 22 7374 0 0 0 0 0 0 1 0 0 0 1 0 1 1 1 1 0 1 1 1 0 1 0.0
427 22 10029 1 1 1 0 0 0 0 0 1 1 1 0 0 1 1 1 0 1 1 1 1 1 0.0
428 22 8614 0 0 0 1 0 0 0 1 1 1 0 1 1 0 1 0 1 0 1 0 1 1 0.0
429 22 7204 1 1 1 1 1 0 0 0 1 1 0 0 0 0 0 0 0 0 0 0 1 1 0.0
430 22 7427 1 1 1 1 0 0 1 0 1 0 1 0 1 0 1 1 1 0 0 0 1 0 0.0
431 22 11190 0 1 1 1 1 0 1 0 0 1 0 0 1 0 1 1 0 1 0 1 0 1 0.0
432 22 9605 1 0 1 1 1 1 0 1 1 0 1 0 0 1 0 0 0 0 0 0 1 0 0.0
433 22 6529 1 0 0 0 0 0 0 1 0 0 0 0 1 1 1 1 0 0 0 1 1 1 0.0
434 22 8313 1 0 1 0 0 0 1 0 1 0 0 0 1 0 1 1 0 1 1 0 1 0 0.0
435 22 7764 0 0 1 0 0 1 0 0 1 0 1 0 0 1 1 0 0 1 1 0 1 1 0.0
436 22 8048 1 0 0 1 0 1 0 1 1 0 1 1 0 1 1 1 0 0 1 0 0 0 0.0
437 22 9379 1 0 0 0 1 0 1 1 1 1 0 1 0 0 1 1 0 1 0 0 0 1 0.0
438 22 8420 0 1 0 1 0 0 1 1 1 1 1 0 1 1 0 0 0 0 0 0 1 1 0.0
439 22 9474 1 0 0 0 1 0 0 0 0 1 0 1 1 1 1 1 1 0 0 0 0 1 0.0
440 22 9626 0 1 0 0 1 1 1 1 0 0 1 1 1 0 0 1 0 1 0 0 0 0 0.0
441 22 8758 1 0 0 0 1 0 0 1 1 0 0 0 1 1 1 1 0 0 0 0 0 1 0.0
442 22 8475 1 1 0 0 0 1 1 0 1 0 1 1 1 1 0 0 1 0 1 0 0 0 0.0
443 22 10428 1 1 1 1 1 0 1 1 1 0 0 1 1 0 0 1 1 1 0 0 0 0 0.0
444 22 9102 0 0 0 0 1 1 0 0 0 1 0 1 0 0 1 0 1 0 0 1 1 1 0.0
445 22 8191 1 0 1 0 0 0 0 0 1 1 0 0 1 1 1 0 1 1 1 0 0 0 0.0
446 22 10654 1 0 0 0 1 1 1 1 0 0 0 0 0 0 1 1 1 0 1 1 0 1 0.0
447 22 8947 0 0 1 1 1 1 1 1 0 0 0 0 1 1 1 1 0 0 0 1 0 1 0.0
448 22 8355 0 1 0 0 0 0 0 0 0 1 0 0 0 1 0 1 1 0 1 0 1 1 0.0
449 22 11001 1 0 1 1 1 0 0 0 1 0 1 0 1 0 1 0 1 1 0 0 1 1 0.0
450 22 8763 1 0 1 1 1 0 0 0 0 0 1 0 0 1 0 0 1 1 0 0 0 0 0.0
451 22 9095 0 0 1 1 1 1 1 0 1 1 0 1 0 0 0 0 0 1 0 0 1 1 0.0
452 22 8055 1 1 0 0 1 1 0 0 0 0 1 1 1 1 0 0 0 1 0 1 0 1 0.0
453 22 10261 0 0 1 1 1 0 1 0 0 1 0 0 1 1 1 1 0 0 1 1 0 1 0.0
454 22 9522 1 1 0 1 1 0 0 0 0 1 1 0 0 0 1 1 0 0 0 0 0 1 0.0
455 22 7547 0 1 1 0 1 1 0 1 0 0 1 1 0 1 0 0 0 0 0 1 0 1 0.0
456 22 8715 0 1 0 0 0 0 1 0 0 0 1 0 0 1 1 0 1 0 0 1 1 1 0.0
457 22 10485 0 0 0 1 1 0 1 0 1 1 0 0 0 0 1 1 0 1 1 1 1 0 0.0
458 22 8100 0 0 1 0 1 1 0 0 0 1 0 0 1 0 1 1 0 1 1 0 0 0 0.0
459 22 8943 0 1 0 0 1 0 1 0 0 1 1 0 0 1 1 1 0 1 1 0 1 0 0.0
460 22 11927 0 1 0 1 1 1 1 0 0 1 1 0 0 1 0 0 1 0 0 0 1 1 0.0
461 22 9016 0 1 0 0 1 0 0 0 0 0 1 1 0 0 0 0 0 1 1 1 0 1 0.0
462 22 7240 1 1 0 0 0 0 0 1 1 0 0 1 0 0 1 0 0 0 1 1 1 1 0.0
463 22 8203 0 0 0 0 1 0 1 1 0 1 0 0 1 1 1 0 1 0 0 1 1 0 0.0
464 22 10083 0 1 1 0 0 0 0 0 1 1 0 1 0 0 0 1 0 0 1 1 1 1 0.0
465 22 8654 0 1 1 0 1 0 1 0 1 0 0 0 0 1 1 0 1 1 0 0 0 0 0.0
466 22 9978 1 0 0 0 0 0 0 1 1 1 1 0 1 1 1 0 0 0 1 0 0 1 0.0
467 22 9442 0 0 0 1 0 1 1 1 1 0 1 1 0 0 1 0 0 0 0 1 1 0 0.0
468 22 10540 0 0 0 1 0 0 1 0 1 1 0 1 1 0 0 1 1 1 0 1 1 1 0.0
469 22 9688 1 1 1 1 0 1 0 0 0 0 1 0 0 0 1 0 0 1 0 1 0 0 0.0
470 22 9176 0 0 1 0 1 0 1 0 1 1 0 1 1 0 1 1 1 1 0 0 0 1 0.0
471 22 10026 1 0 0 0 0 0 1 0 1 0 1 0 0 1 1 0 1 0 1 1 0 1 0.0
472 22 8400 1 1 0 0 0 0 1 0 0 0 0 1 0 1 0 0 1 0 1 0 1 1 0.0
473 22 7889 1 0 0 1 0 1 0 1 1 0 1 0 1 0 0 1 1 0 0 0 0 0 0.0
474 22 6319 0 0 0 1 0 1 0 1 1 0 0 0 1 0 0 1 0 1 1 0 0 0 0.0
475 22 10019 1 1 1 1 0 1 0 0 1 1 0 1 0 0 1 1 0 0 0 1 1 0 0.0
476 22 9989 0 1 1 0 1 0 1 0 1 1 1 0 1 0 0 0 1 1 0 1 0 1 0.0
477 22 7791 0 0 0 0 1 0 0 0 1 1 0 0 1 1 0 1 0 1 0 1 1 1 0.0
478 22 9053 0 1 0 0 0 1 0 1 1 0 1 1 1 0 0 1 0 1 0 1 0 1 0.0
479 22 8177 0 1 0 0 1 1 1 0 1 0 0 1 0 0 1 1 1 0 1 0 0 0 0.0
480 22 8448 0 1 0 1 0 1 1 0 0 0 0 0 1 1 1 0 1 0 0 0 1 1 0.0
481 22 12074 1 0 1 1 0 1 1 1 0 0 1 0 0 0 1 0 0 0 1 0 1 1 0.0
482 22 9868 1 1 0 0 0 0 1 1 1 1 0 0 0 0 0 1 1 1 1 1 1 0 0.0
483 22 10453 1 0 1 0 0 0 1 0 0 0 1 0 0 1 1 1 1 0 1 1 1 1 0.0
484 22 10534 1 1 1 1 0 0 1 0 0 0 1 1 0 0 1 0 1 1 1 0 0 1 0.0
485 22 12559 0 0 1 0 1 1 0 0 0 1 1 1 1 1 0 0 0 1 0 1 1 0 0.0
486 22 10364 1 0 0 1 0 0 0 0 0 0 0 1 0 1 0 1 1 0 1 1 1 1 0.0
487 22 8495 1 1 1 0 0 0 1 0 0 0 1 1 1 1 1 1 0 0 0 0 1 1 0.0
488 22 8687 0 1 0 0 1 0 1 1 1 0 1 0 1 0 1 0 1 0 0 0 0 0 0.0
489 22 7459 1 1 1 0 1 1 0 1 1 1 0 0 0 0 1 0 0 1 0 0 0 1 0.0
490 22 10671 1 0 0 0 0 1 0 0 1 1 1 0 0 1 1 0 0 1 1 0 1 0 0.0
491 22 10425 1 0 1 0 0 1 0 0 1 1 1 1 1 1 1 1 1 0 1 0 1 0 0.0
492 22 9154 1 1 1 1 0 1 0 0 1 1 1 0 1 0 0 0 0 0 1 0 1 0 0.0
493 22 8960 1 0 0 0 0 1 0 0 1 0 1 0 0 1 1 0 0 1 1 0 0 1 0.0
494 22 8991 0 1 0 0 0 0 0 1 1 0 1 1 1 1 0 0 1 1 0 0 1 1 0.0
495 22 10011 0 1 0 0 1 0 1 1 0 1 0 0 0 1 1 1 1 1 1 1 1 0 0.0
496 22 9544 0 1 0 1 1 0 1 0 1 0 1 0 1 1 0 1 0 0 1 1 1 0 0.0
497 22 8781 1 0 0 1 0 0 1 1 1 0 1 0 1 0 0 1 1 0 0 1 1 0 0.0
498 22 11752 0 0 1 1 0 1 0 0 1 0 1 1 1 1 1 0 0 1 1 0 1 0 0.0
499 22 11584 0 0 0 1 1 1 1 0 1 1 1 0 0 1 1 0 0 0 1 0 1 0 0.0
500 22 9094 0 1 0 1 0 0 1 0 0 0 1 1 0 0 0 0 1 1 1 1 0 0 0.0
