1 22 8965 0 1 0 0 0 0 1 1 0 0 0 0 1 0 0 0 1 0 0 1 0 0 0.0
2 22 7822 1 1 0 0 1 0 0 0 0 0 0 0 0 0 1 0 1 0 1 0 0 1 0.0
3 22 6153 0 0 0 0 0 1 0 0 0 1 0 0 0 0 1 0 0 0 0 1 0 1 0.0
4 22 7467 0 0 0 1 0 0 0 0 0 0 0 1 1 1 0 0 0 0 0 0 0 1 0.0
5 22 9302 1 0 0 0 1 1 0 0 1 0 0 0 0 0 0 0 0 0 1 1 0 0 0.0
6 22 7768 0 0 0 0 0 0 0 0 0 0 0 0 1 1 0 1 1 0 0 1 0 0 0.0
7 22 7129 1 0 0 0 1 0 1 0 0 1 0 0 0 0 0 0 1 0 1 0 0 0 0.0
8 22 6611 1 0 0 0 0 1 0 0 0 0 0 0 1 0 0 0 0 0 0 0 0 1 0.0
9 22 8771 1 0 0 1 0 0 1 0 0 0 0 1 0 0 0 0 1 0 0 1 0 0 0.0
10 22 7131 0 0 1 0 0 0 1 1 0 0 0 1 0 0 0 1 0 0 1 0 0 0 0.0
11 22 8301 1 1 0 0 1 0 0 0 1 0 0 0 0 0 0 0 0 0 0 0 1 1 0.0
12 22 8885 0 0 0 0 1 0 0 0 1 1 1 0 1 1 0 0 0 1 0 0 0 0 0.0
13 22 9510 0 1 0 1 0 1 0 1 0 0 1 0 0 0 0 1 1 0 0 0 0 0 0.0
14 22 6119 0 1 1 0 0 0 0 1 0 0 0 0 1 0 0 1 0 0 0 0 0 0 0.0
15 22 6008 1 0 0 0 0 1 0 0 1 0 1 0 0 0 0 0 0 0 0 0 0 0 0.0
16 22 8008 0 1 1 0 0 0 0 0 0 1 0 0 1 0 0 1 0 0 0 0 0 1 0.0
17 22 10008 1 0 1 1 0 0 0 0 1 1 0 0 0 1 0 0 0 0 0 0 0 0 0.0
18 22 5904 0 0 0 0 0 1 0 1 0 0 0 0 0 0 0 0 1 0 0 0 1 1 0.0
19 22 7965 0 1 0 1 0 0 0 1 0 1 0 0 0 0 1 0 0 0 0 0 1 0 0.0
20 22 8239 0 0 0 0 1 0 0 0 0 0 1 0 0 0 1 1 0 1 0 0 0 1 0.0
21 22 7285 0 0 0 0 0 0 1 0 1 1 0 0 0 0 0 0 1 0 1 0 0 0 0.0
22 22 7391 0 0 1 0 0 1 1 1 0 0 0 0 0 0 0 0 0 0 0 1 0 1 0.0
23 22 9598 1 0 1 0 0 0 0 1 0 0 1 0 1 1 0 0 0 0 0 0 0 0 0.0
24 22 9758 1 0 1 1 1 1 1 0 0 0 0 0 0 1 0 0 0 0 0 0 1 0 0.0
25 22 7114 0 0 0 0 0 0 0 0 0 0 1 1 0 0 1 1 0 0 0 1 0 0 0.0
26 22 8977 1 0 1 0 0 0 0 0 0 1 0 0 0 0 0 0 0 1 1 0 1 0 0.0
27 22 7807 1 0 1 1 0 0 0 0 0 0 0 1 0 0 0 0 1 0 0 1 1 0 0.0
28 22 5591 0 0 0 0 0 0 1 0 0 0 1 0 0 0 0 0 0 1 1 0 0 0 0.0
29 22 7603 0 0 0 1 0 0 0 0 0 1 0 0 1 1 0 0 0 0 1 1 0 0 0.0
30 22 6436 1 0 0 0 0 1 0 0 1 0 0 0 0 0 1 1 0 0 0 0 0 0 0.0
31 22 8358 1 0 0 0 0 0 1 0 0 0 0 1 0 0 0 1 0 0 0 0 0 1 0.0
32 22 10085 0 0 0 1 0 0 0 0 1 0 0 0 0 1 0 0 0 1 1 0 0 1 0.0
33 22 10665 0 0 1 1 0 0 0 0 0 0 1 1 0 0 0 1 0 0 1 0 0 1 0.0
34 22 9453 0 0 1 0 1 0 0 0 0 0 0 0 0 0 0 1 0 1 0 0 1 1 0.0
35 22 6195 0 1 0 0 1 0 0 0 0 0 1 1 0 0 0 0 0 0 0 1 0 0 0.0
36 22 6864 0 0 0 0 1 0 0 0 1 1 0 0 0 1 0 0 0 0 0 0 0 0 0.0
37 22 8825 0 0 0 0 0 1 0 0 0 0 0 1 0 1 0 0 1 0 0 0 1 0 0.0
38 22 9859 0 1 1 0 0 1 0 0 1 0 0 0 0 1 0 0 0 1 0 0 0 1 0.0
39 22 7731 1 0 0 0 0 1 1 0 1 1 1 0 0 0 0 0 1 0 0 0 0 0 0.0
40 22 9284 0 1 0 0 0 0 1 0 0 0 0 1 0 0 0 1 0 1 0 0 0 0 0.0
41 22 7302 0 0 0 0 1 0 1 0 0 0 0 0 0 0 0 0 1 0 1 0 1 0 0.0
42 22 8206 0 0 0 0 0 1 0 0 1 0 1 0 1 0 0 0 1 0 0 0 0 1 0.0
43 22 12104 0 0 0 0 0 0 0 0 0 0 0 0 0 1 1 1 1 1 1 0 1 0 0.0
44 22 8175 0 0 0 1 0 0 0 1 0 0 1 0 0 0 1 0 0 1 1 0 0 0 0.0
45 22 7838 1 0 0 0 0 1 0 0 0 1 0 0 1 0 1 0 0 0 0 0 1 0 0.0
46 22 6202 0 0 1 0 1 0 0 0 0 0 0 1 0 1 0 0 0 0 0 0 0 0 0.0
47 22 7815 0 0 0 0 0 0 0 0 0 0 1 0 1 0 0 1 0 1 0 0 1 1 0.0
48 22 5719 0 0 1 0 0 0 0 0 0 0 0 0 0 0 0 0 0 0 1 1 0 1 0.0
49 22 9311 0 0 1 1 0 0 0 1 0 1 1 0 0 0 1 0 0 0 0 1 0 0 0.0
50 22 8674 0 0 0 0 0 0 0 0 1 0 1 0 0 0 1 0 0 0 1 0 1 0 0.0
51 22 6364 0 0 0 0 0 0 0 1 1 0 1 0 1 0 1 0 0 0 0 0 1 0 0.0
52 22 7759 0 0 0 1 1 0 1 0 0 0 0 0 1 1 0 0 0 0 0 0 0 1 0.0
53 22 8849 1 1 1 0 1 0 0 1 1 0 1 0 0 0 1 0 0 0 0 0 0 0 0.0
54 22 8454 1 0 1 1 0 1 0 0 0 0 1 0 0 0 1 0 0 0 0 0 1 0 0.0
55 22 10251 0 1 0 0 1 1 0 0 0 0 1 0 0 0 0 1 0 0 1 0 0 0 0.0
56 22 9565 0 0 0 1 1 0 0 0 1 0 0 1 0 0 1 0 1 1 0 0 0 1 0.0
57 22 6997 0 1 0 0 0 0 1 1 0 1 1 0 0 0 0 0 0 1 0 1 0 0 0.0
58 22 9280 0 1 0 0 1 0 1 0 0 0 1 0 0 0 0 1 0 0 0 1 0 0 0.0
59 22 8774 0 0 0 0 1 0 0 0 0 1 0 0 1 0 1 1 0 0 0 0 0 0 0.0
60 22 7197 0 1 0 0 1 0 1 1 0 0 0 0 0 0 0 1 0 0 0 0 0 0 0.0
61 22 6697 0 0 0 0 1 0 1 0 0 1 0 0 0 0 1 0 0 0 0 0 1 0 0.0
62 22 7174 1 1 0 1 1 1 0 0 0 0 0 0 0 0 0 0 0 0 1 0 0 0 0.0
63 22 7326 1 1 0 0 1 1 0 1 0 0 0 0 0 1 0 0 0 0 0 0 0 0 0.0
64 22 5935 0 1 0 1 0 0 0 0 0 0 0 0 0 1 0 0 0 0 0 0 1 0 0.0
65 22 9106 0 0 1 1 0 0 0 0 0 0 1 0 0 0 0 0 0 0 1 1 1 0 0.0
66 22 6866 0 0 1 1 0 0 1 0 0 0 0 0 0 0 1 0 0 0 0 0 1 0 0.0
67 22 7503 0 0 0 0 1 0 1 0 0 0 0 1 0 1 0 0 0 0 1 0 1 1 0.0
68 22 9714 1 0 0 0 0 1 0 0 0 0 0 0 1 1 0 1 0 0 1 0 0 0 0.0
69 22 8867 0 0 1 0 1 0 1 0 0 1 1 0 0 0 0 1 0 1 0 0 0 0 0.0
70 22 9859 0 1 0 0 0 0 0 0 0 0 1 1 0 0 0 1 0 1 0 1 0 0 0.0
71 22 8077 0 0 0 0 0 1 0 1 0 1 1 0 0 0 0 0 1 0 0 0 0 1 0.0
72 22 9873 0 0 1 0 0 0 0 1 0 0 0 0 1 0 0 1 1 1 0 0 0 0 0.0
73 22 8706 1 0 0 1 0 0 1 0 0 1 0 0 0 0 0 0 0 0 1 1 0 0 0.0
74 22 6334 0 0 0 0 0 1 0 1 0 0 0 0 0 1 0 0 0 1 1 0 0 0 0.0
75 22 9017 0 0 0 0 1 0 1 0 1 1 0 1 0 0 1 0 1 0 0 0 0 0 0.0
76 22 5512 0 0 0 1 0 0 0 0 0 1 0 0 0 0 0 0 0 0 0 0 1 1 0.0
77 22 7874 0 0 0 0 1 0 0 0 1 1 0 1 0 1 0 0 0 1 1 0 0 1 0.0
78 22 11652 1 0 0 1 0 1 0 0 0 1 0 0 0 1 0 0 0 0 0 1 1 1 0.0
79 22 9198 0 0 1 1 0 1 0 0 0 0 0 0 0 1 0 0 0 1 0 0 0 1 0.0
80 22 7910 1 0 0 0 0 0 1 1 0 0 1 1 0 0 0 0 0 1 0 0 0 0 0.0
81 22 7287 0 0 0 0 0 0 0 0 1 1 1 0 0 1 0 0 0 0 0 0 0 1 0.0
82 22 5741 0 0 0 1 1 0 0 0 0 0 0 0 1 0 0 0 1 0 0 0 0 0 0.0
83 22 7678 0 0 0 0 1 1 0 0 0 0 0 0 1 1 0 0 1 0 0 0 1 0 0.0
84 22 9341 0 0 0 1 0 0 0 1 0 1 0 1 1 0 0 0 0 0 0 0 1 1 0.0
85 22 8117 0 0 1 0 1 1 0 0 0 1 1 0 1 0 0 0 0 0 0 0 0 0 0.0
86 22 9314 0 0 0 0 0 0 1 0 0 0 1 0 0 0 1 1 1 1 1 0 0 0 0.0
87 22 9930 0 1 0 0 0 0 1 0 0 0 1 0 1 0 1 1 1 0 0 1 0 0 0.0
88 22 7730 0 1 0 0 1 0 0 1 0 0 0 0 0 1 0 0 0 0 0 0 0 1 0.0
89 22 7328 1 1 1 0 0 0 0 0 0 0 0 1 0 0 0 0 0 0 0 0 1 1 0.0
90 22 6808 0 0 0 1 0 0 0 1 0 0 0 0 0 0 0 1 0 1 0 0 0 1 0.0
91 22 5884 0 0 0 1 0 0 1 0 0 0 0 1 0 0 0 0 1 0 1 0 0 1 0.0
92 22 6369 0 1 0 0 0 0 0 0 0 0 0 1 1 0 0 1 0 0 0 0 0 1 0.0
93 22 5719 0 1 0 0 0 0 0 1 0 0 0 1 0 0 0 1 1 0 0 0 0 1 0.0
94 22 8777 0 1 1 0 0 0 0 0 0 0 0 0 0 1 0 0 0 1 0 1 0 0 0.0
95 22 6804 0 1 1 0 0 0 0 0 0 0 0 0 1 0 1 1 0 0 0 1 0 0 0.0
96 22 8930 0 1 0 0 1 0 1 0 0 1 0 0 1 0 0 0 1 1 0 0 1 0 0.0
97 22 6817 0 1 0 0 0 0 0 0 0 0 0 0 1 0 0 0 1 0 0 1 1 0 0.0
98 22 9317 1 0 0 0 0 0 0 0 0 1 1 1 0 0 0 0 0 0 1 1 0 0 0.0
99 22 8377 1 0 0 0 0 0 1 0 1 1 0 1 1 0 1 0 0 0 0 0 0 0 0.0
100 22 8095 1 1 1 1 0 0 0 0 1 0 0 0 0 0 0 1 0 1 0 0 0 0 0.0
101 22 7233 0 0 0 0 0 0 0 1 0 0 1 1 0 0 0 0 1 0 1 1 0 0 0.0
102 22 7117 0 1 0 0 0 1 0 0 1 0 0 0 1 0 0 0 0 0 1 1 0 0 0.0
103 22 8178 0 0 0 1 0 1 0 0 0 0 0 0 0 0 1 1 1 0 1 0 1 0 0.0
104 22 6291 0 0 0 0 0 0 0 1 0 0 0 0 1 0 0 0 0 1 0 1 0 1 0.0
105 22 6587 1 0 1 1 0 0 0 0 0 0 0 0 0 0 0 0 0 1 0 0 0 0 0.0
106 22 6639 1 1 0 0 0 1 0 0 0 0 0 0 0 0 0 0 0 1 0 0 0 0 0.0
107 22 10530 1 1 0 1 1 0 0 0 1 0 0 0 0 0 1 0 0 0 0 1 0 0 0.0
108 22 8776 0 1 1 0 0 0 0 1 1 0 0 1 1 0 0 0 0 0 0 0 0 0 0.0
109 22 9936 1 0 0 0 1 0 1 0 0 0 0 0 1 1 0 0 0 1 0 0 0 0 0.0
110 22 9958 1 0 0 0 0 0 0 0 0 1 1 1 0 1 0 1 1 0 0 0 1 0 0.0
111 22 11297 0 1 0 0 0 0 0 0 1 0 1 1 1 0 0 1 0 0 1 0 0 1 0.0
112 22 9466 0 1 0 0 1 0 0 0 1 1 1 0 0 0 0 0 1 1 0 0 0 0 0.0
113 22 8050 1 0 1 0 0 0 0 1 0 0 0 0 0 1 0 0 0 1 0 0 1 0 0.0
114 22 6383 1 0 0 0 0 0 0 1 1 0 0 1 0 0 0 0 0 0 0 0 1 0 0.0
115 22 7376 0 0 0 0 0 1 1 0 0 1 0 0 0 1 0 1 0 1 0 0 1 0 0.0
116 22 9576 1 0 0 0 0 0 0 1 1 1 0 1 0 1 0 0 1 0 0 0 1 0 0.0
117 22 6520 0 1 0 0 0 0 0 0 0 0 0 0 0 1 1 0 0 1 0 0 0 1 0.0
118 22 8866 0 0 0 0 0 0 1 1 0 0 0 0 1 0 0 0 0 1 0 1 0 1 0.0
119 22 9041 0 0 0 1 0 0 0 0 0 0 1 0 0 0 0 0 1 1 0 0 1 1 0.0
120 22 8797 1 0 1 0 0 0 0 0 0 0 0 0 0 1 1 0 0 1 0 1 0 0 0.0
121 22 9870 0 0 1 0 1 0 0 0 0 1 0 1 1 0 0 0 0 1 0 0 0 1 0.0
122 22 9023 1 1 1 0 0 1 0 0 0 0 1 0 0 0 0 0 0 1 0 0 0 0 0.0
123 22 8521 0 0 0 0 1 1 0 0 1 0 0 0 1 1 0 1 1 0 0 0 0 0 0.0
124 22 9735 0 1 0 0 0 1 1 0 0 1 0 0 0 0 1 0 0 0 1 0 1 0 0.0
125 22 5661 0 1 0 0 0 0 1 0 1 0 1 0 0 0 0 0 0 0 0 0 0 0 0.0
126 22 7570 0 1 1 0 1 1 0 0 0 0 0 1 0 0 1 0 0 0 0 0 0 0 0.0
127 22 10454 1 1 0 1 0 1 0 1 0 0 1 0 0 0 0 0 0 0 1 0 0 0 0.0
128 22 6240 0 0 0 0 1 1 0 0 0 0 1 0 0 1 0 0 0 1 0 0 0 1 0.0
129 22 6155 0 0 0 0 1 0 0 0 0 0 0 0 0 1 0 0 0 0 0 1 0 1 0.0
130 22 8595 0 0 0 0 0 0 0 1 0 0 0 1 0 0 0 0 1 0 0 1 1 1 0.0
131 22 10968 1 1 1 0 0 1 0 0 1 0 0 0 0 0 1 0 0 0 1 0 0 1 0.0
132 22 9718 0 1 1 0 0 1 0 1 0 0 0 1 0 0 0 0 0 1 0 0 1 1 0.0
133 22 8446 0 1 1 0 0 0 0 0 1 0 0 1 0 0 1 0 1 0 0 0 0 0 0.0
134 22 7765 0 0 1 1 0 0 0 0 0 0 0 0 1 0 1 1 0 0 0 1 0 0 0.0
135 22 10361 0 0 0 0 1 0 0 0 0 0 0 0 0 1 0 0 1 1 1 1 0 1 0.0
136 22 8806 0 1 0 0 0 0 1 1 0 1 1 0 0 1 0 0 1 0 0 0 0 0 0.0
137 22 6447 0 0 0 0 1 0 1 0 0 1 0 0 0 0 0 0 1 0 0 0 0 1 0.0
138 22 9235 0 0 1 0 0 0 1 0 0 0 0 0 0 1 1 1 0 0 1 0 0 1 0.0
139 22 7787 0 1 0 0 0 0 0 0 0 0 1 0 1 0 0 0 0 1 0 1 0 0 0.0
140 22 7843 0 0 0 0 1 1 0 0 0 0 0 0 0 0 1 0 1 0 1 0 0 0 0.0
141 22 9061 1 1 0 0 0 1 0 0 1 0 1 0 1 0 0 0 0 0 0 0 0 0 0.0
142 22 10417 0 0 0 0 0 0 1 0 0 0 0 1 0 1 1 1 0 0 1 0 0 0 0.0
143 22 8225 1 0 0 0 0 0 0 0 0 1 0 1 1 0 0 1 0 0 0 0 1 0 0.0
144 22 8134 0 1 0 0 0 0 0 0 0 0 0 0 1 0 0 1 0 1 1 0 0 0 0.0
145 22 6264 0 0 0 0 1 1 0 0 0 1 0 0 0 0 0 0 0 0 0 1 0 1 0.0
146 22 5108 0 0 0 0 0 0 0 0 0 0 1 1 0 0 0 0 0 0 0 0 0 1 0.0
147 22 10821 0 0 1 0 0 0 1 0 0 0 0 0 0 0 1 0 0 0 1 0 1 1 0.0
148 22 10896 1 1 0 0 0 0 0 0 0 1 1 0 1 0 0 1 0 0 0 0 0 1 0.0
149 22 8692 0 0 0 1 0 1 0 0 0 0 1 1 0 0 1 0 0 0 1 0 1 0 0.0
150 22 7415 1 1 0 0 0 0 0 0 0 0 0 1 0 0 0 1 0 0 1 0 0 0 0.0
151 22 8134 0 0 0 0 0 0 0 0 1 0 0 0 0 0 0 1 0 1 1 0 1 1 0.0
152 22 8083 0 0 0 0 0 0 0 0 1 0 1 1 0 0 0 1 0 1 0 0 0 1 0.0
153 22 6070 0 0 0 0 0 0 0 0 1 0 0 1 0 1 0 0 1 0 1 1 0 0 0.0
154 22 5611 0 1 0 0 1 0 0 0 0 1 0 1 0 0 0 0 1 0 1 0 0 0 0.0
155 22 7615 1 1 1 1 0 0 0 0 0 0 1 0 0 0 0 0 1 0 0 0 0 0 0.0
156 22 7000 0 0 0 0 0 0 0 0 0 0 1 0 1 0 1 1 0 0 1 1 0 0 0.0
157 22 7527 0 1 0 1 0 0 1 0 0 0 1 0 0 1 0 0 0 0 0 1 0 0 0.0
158 22 5555 1 0 0 0 0 0 0 1 1 1 0 0 0 0 1 0 0 0 0 0 0 1 0.0
159 22 7123 0 0 0 0 1 1 0 0 0 0 0 0 1 0 0 1 0 0 0 1 1 0 0.0
160 22 5913 0 0 0 0 1 0 0 0 0 1 0 0 1 1 0 0 0 0 0 1 0 0 0.0
161 22 8612 0 0 0 0 1 0 1 1 0 0 1 1 0 0 0 0 1 0 0 0 0 0 0.0
162 22 7812 0 1 0 1 0 0 0 0 0 0 0 0 1 1 0 0 0 0 0 0 1 0 0.0
163 22 7361 1 0 1 0 0 0 0 0 0 1 0 0 0 0 0 1 0 0 0 0 1 0 0.0
164 22 10051 0 1 1 0 0 0 0 1 0 1 1 0 0 0 0 1 0 1 0 0 0 0 0.0
165 22 5714 0 0 0 1 0 0 0 0 0 1 0 0 1 0 0 0 0 1 0 0 0 1 0.0
166 22 7603 0 0 0 0 0 0 0 1 0 0 0 0 0 1 1 0 0 0 0 0 1 0 0.0
167 22 7238 0 0 0 1 0 1 0 0 0 0 0 0 0 0 0 1 0 1 0 1 1 0 0.0
168 22 10427 0 0 0 0 1 0 0 0 0 1 0 0 1 0 1 0 1 1 0 1 0 0 0.0
169 22 5018 1 1 0 1 0 0 0 0 0 0 0 0 0 0 0 0 0 0 0 0 0 0 0.0
170 22 11713 0 0 1 0 1 1 0 0 0 1 0 1 0 1 0 0 0 0 0 1 0 0 0.0
171 22 6712 0 1 0 0 0 0 1 1 0 0 0 0 0 0 0 0 1 0 0 0 0 0 0.0
172 22 8445 0 0 0 0 0 0 0 1 1 0 0 1 1 0 0 0 0 0 0 0 0 1 0.0
173 22 5835 1 0 0 0 0 0 0 1 0 0 0 1 0 0 0 0 0 1 1 1 0 0 0.0
174 22 7986 0 0 0 0 1 1 0 1 0 1 0 1 0 0 0 1 0 0 0 0 0 0 0.0
175 22 7878 0 0 0 1 0 1 0 1 0 0 0 1 0 0 0 0 0 0 1 1 0 0 0.0
176 22 8017 1 0 1 0 0 0 0 1 0 0 1 0 0 0 1 0 0 0 0 0 0 0 0.0
177 22 7680 0 1 0 1 0 1 1 0 0 0 0 1 0 0 0 1 0 0 0 1 0 0 0.0
178 22 8063 0 0 1 0 0 1 1 0 0 0 1 0 0 1 0 0 0 0 0 1 0 0 0.0
179 22 6317 0 0 0 1 0 0 1 0 0 0 1 1 0 0 1 0 1 1 0 0 0 0 0.0
180 22 8733 0 0 0 0 1 0 0 0 0 0 1 0 0 0 1 1 0 0 0 1 1 1 0.0
181 22 8848 1 0 0 0 1 0 0 1 1 1 0 0 0 1 0 0 0 0 0 0 0 0 0.0
182 22 10346 1 0 0 0 0 0 0 0 0 0 1 0 1 1 1 1 0 0 0 1 0 0 0.0
183 22 7886 0 1 0 0 0 0 0 0 1 1 0 1 0 0 1 0 0 0 0 0 0 0 0.0
184 22 6020 0 0 0 0 1 1 1 0 0 0 0 0 1 1 0 0 0 0 0 0 1 0 0.0
185 22 6243 1 0 0 0 0 0 1 1 0 0 0 0 0 0 0 0 0 0 0 0 0 1 0.0
186 22 6018 1 0 0 0 0 0 0 0 0 0 1 0 1 1 0 0 1 0 0 1 0 0 0.0
187 22 8764 0 1 0 0 0 0 0 0 0 1 0 1 0 0 1 0 0 1 0 0 0 0 0.0
188 22 7047 0 1 1 0 0 0 0 0 0 1 1 1 0 0 0 0 0 0 0 1 0 0 0.0
189 22 8844 0 1 0 0 0 0 0 1 1 0 0 1 0 0 0 1 0 0 0 0 0 1 0.0
190 22 6321 0 0 0 0 0 0 1 0 0 0 0 0 0 0 0 0 1 0 1 1 0 1 0.0
191 22 8972 1 0 1 0 0 0 0 1 0 1 0 0 0 0 0 1 0 0 0 0 1 0 0.0
192 22 11310 1 0 1 1 0 0 1 0 0 0 0 0 0 0 0 0 1 0 0 1 0 1 0.0
193 22 6526 0 0 0 0 0 0 0 0 0 1 1 0 1 0 1 0 1 1 0 0 0 0 0.0
194 22 8440 0 0 0 0 1 0 1 1 1 1 0 0 1 1 0 0 0 0 0 0 0 0 0.0
195 22 10532 0 0 0 0 1 1 0 0 0 1 1 0 0 0 1 0 0 0 0 0 1 0 0.0
196 22 6728 1 0 0 0 1 0 1 0 0 0 0 0 0 0 0 0 1 0 0 1 0 0 0.0
197 22 7241 0 0 1 0 0 0 1 1 0 1 0 1 0 0 0 1 0 0 0 0 0 0 0.0
198 22 6674 1 0 0 0 0 1 0 0 0 1 0 0 0 0 0 0 1 0 0 0 1 0 0.0
199 22 6054 0 1 0 0 0 0 1 0 0 0 0 1 0 0 0 1 0 0 0 0 0 0 0.0
200 22 6720 1 0 0 0 1 0 0 0 0 1 0 0 0 0 0 0 0 1 1 0 1 0 0.0
201 22 5721 0 0 0 1 0 0 0 0 0 0 0 0 0 0 0 1 0 0 1 0 1 1 0.0
202 22 8364 0 0 1 0 1 0 0 0 1 0 0 0 1 0 0 0 1 0 1 0 0 0 0.0
203 22 6915 0 0 0 1 1 0 0 0 0 0 0 0 0 0 0 0 1 1 1 1 0 0 0.0
204 22 4807 1 0 0 0 0 1 0 0 0 0 0 0 0 0 0 0 0 0 0 1 0 1 0.0
205 22 8390 0 1 0 0 1 0 0 1 0 0 0 0 1 0 0 1 0 0 0 0 1 0 0.0
206 22 6786 1 1 0 0 0 1 1 0 0 0 0 0 0 0 0 0 0 0 0 1 0 0 0.0
207 22 9113 0 0 0 0 0 1 0 0 0 0 0 0 1 1 0 0 1 1 0 0 0 0 0.0
208 22 8084 0 0 0 0 1 1 0 0 0 0 1 0 0 1 0 1 0 0 0 0 1 0 0.0
209 22 7585 0 0 0 0 0 1 0 0 0 0 0 0 1 0 0 1 0 1 0 0 1 0 0.0
210 22 5837 0 0 0 0 1 0 0 0 0 0 0 1 1 0 0 1 0 0 0 1 1 0 0.0
211 22 8288 1 1 0 1 1 0 0 0 0 0 0 0 1 1 0 0 0 0 0 0 0 0 0.0
212 22 7119 0 0 0 0 0 0 0 0 1 1 0 1 1 0 0 0 0 0 0 1 0 0 0.0
213 22 8641 0 1 0 0 0 0 0 0 0 0 0 1 1 0 0 0 0 1 0 0 1 1 0.0
214 22 9448 0 0 0 0 1 0 0 0 0 1 0 0 0 1 1 0 0 0 1 1 0 0 0.0
215 22 7608 0 0 0 0 0 1 0 1 1 1 0 0 0 0 1 1 0 0 0 0 0 0 0.0
216 22 7824 0 0 0 0 0 0 0 0 0 1 0 1 0 0 1 0 0 0 0 1 1 0 0.0
217 22 10887 0 1 0 0 0 0 0 1 0 0 1 1 1 0 1 0 0 0 0 0 0 1 0.0
218 22 8239 1 0 0 0 0 1 0 0 0 0 0 0 0 0 0 1 1 0 0 0 0 1 0.0
219 22 9568 1 0 0 1 0 0 0 0 0 1 0 0 0 1 0 1 0 0 0 0 1 1 0.0
220 22 6395 0 0 1 1 0 0 0 0 0 0 0 0 1 0 0 1 0 0 0 0 0 1 0.0
221 22 6710 0 0 0 1 0 0 0 0 0 0 1 1 0 0 1 0 0 0 0 0 0 0 0.0
222 22 8875 0 1 0 0 0 1 0 0 0 0 0 1 0 0 0 1 0 0 0 1 1 0 0.0
223 22 9341 1 0 0 0 0 0 1 0 1 1 0 1 0 0 0 0 0 1 1 0 0 0 0.0
224 22 8645 0 0 0 0 0 0 1 0 1 1 1 0 0 0 1 1 0 0 1 0 0 0 0.0
225 22 7143 0 0 0 1 1 0 0 1 0 0 0 0 0 1 0 0 0 0 0 1 1 0 0.0
226 22 6814 0 0 0 0 0 1 0 0 0 0 1 0 0 1 0 0 0 0 0 0 1 1 0.0
227 22 7447 0 0 0 0 0 0 0 0 0 0 0 1 1 0 0 0 1 1 0 0 0 1 0.0
228 22 8940 0 0 0 0 0 0 0 1 0 0 1 1 1 0 0 0 0 1 0 1 0 1 0.0
229 22 9652 0 0 0 0 0 0 0 0 0 1 0 0 0 1 1 0 1 0 1 0 1 0 0.0
230 22 10506 0 0 0 0 1 0 0 0 0 1 0 1 0 1 0 1 1 1 0 0 0 0 0.0
231 22 9141 1 1 1 1 0 1 1 0 0 0 0 0 0 0 0 0 0 0 0 0 0 0 0.0
232 22 8730 0 1 0 1 1 0 0 0 0 0 0 0 0 0 1 1 0 1 0 0 0 0 0.0
233 22 8121 0 0 0 0 0 0 1 0 1 0 1 0 0 0 1 1 0 0 0 1 0 1 0.0
234 22 7294 0 0 0 0 0 0 1 1 0 0 0 0 0 1 0 0 0 1 0 0 0 1 0.0
235 22 7049 1 0 0 0 1 0 0 0 1 0 0 0 0 0 1 1 0 0 0 0 1 0 0.0
236 22 9657 0 0 1 0 1 0 1 1 0 0 0 0 0 0 1 0 0 0 1 0 1 1 0.0
237 22 9503 0 0 0 1 0 0 1 0 1 0 0 0 1 1 1 0 0 0 0 1 0 0 0.0
238 22 6036 0 0 1 0 0 0 0 1 0 0 0 0 1 0 1 1 0 0 0 0 0 0 0.0
239 22 12092 0 0 1 0 0 0 0 0 0 0 0 0 1 1 1 1 0 0 1 1 0 1 0.0
240 22 10352 1 0 0 0 0 1 1 0 0 0 1 0 1 0 1 0 0 0 0 0 0 0 0.0
241 22 9175 1 0 1 0 1 0 0 0 0 0 0 1 0 0 0 0 1 1 0 0 0 0 0.0
242 22 9805 0 0 0 1 1 1 0 0 1 0 0 1 0 0 0 0 0 1 0 1 0 0 0.0
243 22 8268 0 0 0 0 1 0 1 0 0 1 1 0 0 0 0 0 0 1 1 0 0 0 0.0
244 22 8673 0 1 0 0 1 0 0 0 0 1 0 0 1 0 0 1 0 0 0 0 0 0 0.0
245 22 6779 0 0 0 1 0 1 0 0 0 0 0 0 0 1 0 0 0 1 0 1 0 1 0.0
246 22 8664 0 0 1 0 1 0 1 0 0 1 0 0 1 0 0 1 0 0 0 1 0 0 0.0
247 22 7977 1 0 1 0 0 0 0 0 1 1 0 0 0 0 1 0 0 0 0 0 0 1 0.0
248 22 8611 0 0 1 0 0 1 1 1 0 0 0 0 0 0 0 0 0 1 0 1 1 0 0.0
249 22 9472 0 0 0 0 0 0 0 0 0 0 0 1 0 0 0 1 1 0 1 1 1 1 0.0
250 22 8501 0 1 0 0 1 1 0 0 0 0 0 0 0 1 0 0 1 1 0 0 0 0 0.0
251 22 6949 0 0 0 0 0 0 0 0 1 1 0 1 0 0 0 0 0 0 1 0 0 1 0.0
252 22 8320 0 0 0 1 0 1 0 0 0 0 0 0 1 0 0 0 0 1 1 0 1 1 0.0
253 22 9627 0 0 0 0 1 1 1 0 0 1 0 0 0 1 0 0 0 1 1 0 0 1 0.0
254 22 8897 1 0 0 1 0 1 1 0 0 1 0 1 0 0 0 0 0 0 0 0 0 0 0.0
255 22 8649 0 0 0 0 0 0 0 1 0 1 0 1 1 0 0 0 0 1 0 0 0 0 0.0
256 22 11981 0 0 1 0 1 0 1 1 1 1 1 0 0 0 0 0 0 0 0 0 0 1 0.0
257 22 8971 0 1 0 0 0 1 1 0 0 0 0 1 0 1 0 1 0 0 0 0 0 0 0.0
258 22 8946 1 0 1 0 0 0 0 0 0 1 1 1 0 1 1 0 0 0 0 0 0 0 0.0
259 22 6958 1 0 0 1 1 1 0 0 0 0 0 0 0 0 0 0 0 0 0 0 1 0 0.0
260 22 7765 1 0 0 1 0 1 0 1 0 0 0 0 0 0 0 1 0 0 1 0 0 0 0.0
261 22 10472 0 0 1 1 1 0 0 0 0 1 0 1 0 1 0 0 0 0 0 0 1 0 0.0
262 22 8690 0 0 0 1 0 0 1 0 0 1 1 0 0 0 0 0 0 0 0 1 0 0 0.0
263 22 9540 0 0 1 0 0 0 0 0 0 0 1 1 0 0 0 0 0 0 1 0 1 1 0.0
264 22 5710 0 0 0 0 1 0 0 0 1 0 0 1 0 0 0 0 1 0 1 0 0 0 0.0
265 22 6299 0 0 0 0 0 0 1 0 1 0 0 0 0 1 0 0 1 0 0 0 1 0 0.0
266 22 10620 1 0 0 0 1 0 0 0 0 1 0 1 0 1 0 0 1 0 0 1 0 1 0.0
267 22 6648 0 0 0 1 0 0 0 1 0 0 0 0 0 0 0 0 0 0 1 0 0 1 0.0
268 22 9249 1 1 0 0 0 0 0 0 0 1 0 0 0 0 0 1 0 1 0 1 0 0 0.0
269 22 8217 0 0 0 1 0 0 1 0 0 0 1 0 1 1 0 0 0 1 0 0 0 0 0.0
270 22 6552 1 1 1 0 0 0 0 0 0 0 0 0 1 0 0 0 0 1 0 0 0 0 0.0
271 22 9647 0 1 0 0 0 1 1 0 0 0 0 1 0 0 0 0 1 0 1 0 0 1 0.0
272 22 8570 1 1 0 0 0 0 0 0 0 1 1 0 0 0 0 0 0 0 0 1 0 0 0.0
273 22 8261 0 0 1 1 0 0 0 1 1 1 0 0 0 0 0 0 0 1 0 0 1 0 0.0
274 22 9223 1 0 0 0 0 0 1 0 0 1 1 0 1 0 0 1 1 0 0 0 0 0 0.0
275 22 7495 0 0 0 0 0 0 0 0 0 0 0 0 1 0 1 0 0 1 0 1 0 1 0.0
276 22 8542 0 0 0 0 0 0 0 0 0 1 0 0 1 1 0 0 0 1 1 1 0 1 0.0
277 22 8693 1 0 0 0 0 1 0 0 1 1 0 0 0 1 0 0 0 0 0 0 0 0 0.0
278 22 8708 0 0 1 0 0 0 0 0 0 1 1 0 0 0 1 0 0 0 1 0 0 0 0.0
279 22 8767 0 0 0 0 1 1 0 0 1 0 0 1 0 0 1 0 1 0 0 0 0 0 0.0
280 22 8025 0 1 0 1 0 0 0 0 1 1 0 0 0 0 0 0 0 0 1 0 1 1 0.0
281 22 9989 1 0 0 1 0 0 0 0 0 0 0 1 0 1 0 1 0 1 1 0 0 0 0.0
282 22 11272 1 0 1 0 0 0 0 0 1 0 0 1 0 1 0 0 1 1 0 0 1 0 0.0
283 22 10174 1 0 0 0 0 1 1 0 0 0 0 0 1 0 0 1 0 0 1 0 0 0 0.0
284 22 8327 0 0 1 0 0 0 1 0 0 0 1 0 0 0 0 0 1 1 0 0 1 0 0.0
285 22 7369 1 0 1 1 1 0 0 1 0 0 0 0 0 0 1 0 1 0 0 1 0 0 0.0
286 22 9465 1 0 1 0 0 0 0 1 1 0 0 0 0 1 1 0 0 0 0 0 0 0 0.0
287 22 5167 0 0 1 1 0 0 0 0 0 0 0 0 0 0 0 1 0 0 0 0 0 1 0.0
288 22 7898 0 0 0 0 1 0 0 0 0 0 1 1 0 0 1 0 0 0 1 1 1 0 0.0
289 22 8703 0 0 0 0 1 0 0 1 0 0 0 0 0 0 0 0 1 0 1 1 1 1 0.0
290 22 7760 0 1 1 0 0 0 0 0 0 1 0 0 0 0 0 1 0 1 0 0 0 0 0.0
291 22 7437 0 0 0 0 0 1 1 1 0 0 0 1 0 0 0 0 1 0 0 0 0 0 0.0
292 22 7479 0 0 0 0 1 1 0 0 0 1 0 0 0 0 0 0 0 0 1 0 1 0 0.0
293 22 9700 1 0 0 0 0 0 0 0 0 0 0 1 1 1 0 1 1 0 0 0 1 0 0.0
294 22 7613 1 0 0 0 0 0 0 0 0 0 1 1 0 1 0 0 0 0 1 0 0 1 0.0
295 22 8951 0 0 1 0 0 0 0 0 1 0 0 0 1 0 1 0 0 1 0 0 0 1 0.0
296 22 8374 0 0 0 1 0 0 0 0 0 0 0 0 1 0 0 0 0 1 1 0 1 1 0.0
297 22 7802 0 1 0 0 0 0 1 0 0 0 0 0 0 0 1 0 0 1 1 0 0 1 0.0
298 22 8829 1 0 0 0 1 1 0 0 0 0 1 0 1 0 0 0 0 0 0 1 0 0 0.0
299 22 5909 0 0 0 0 1 0 0 0 0 1 1 0 0 0 0 0 0 0 0 1 1 1 0.0
300 22 8900 1 0 0 0 0 0 1 1 0 0 0 1 0 0 0 0 1 0 0 0 1 0 0.0
301 22 6982 0 0 0 0 1 0 0 0 1 0 0 0 0 0 0 0 1 1 0 0 0 1 0.0
302 22 6947 0 0 0 0 1 0 0 0 0 0 1 0 0 0 1 0 0 0 1 0 0 1 0.0
303 22 7291 1 0 0 0 0 0 1 0 0 0 0 1 0 0 0 0 0 1 1 1 0 0 0.0
304 22 8529 1 1 1 0 1 0 0 1 0 1 1 0 0 0 0 0 0 1 0 0 0 0 0.0
305 22 6433 1 0 0 0 0 0 0 0 1 0 0 0 1 0 0 1 1 0 0 1 0 0 0.0
306 22 6603 0 1 0 0 0 0 0 0 0 0 0 0 0 1 1 0 0 0 0 0 1 1 0.0
307 22 8112 0 0 1 0 0 0 0 0 0 0 0 1 0 1 1 0 0 0 0 0 0 1 0.0
308 22 8641 0 0 0 0 1 0 0 0 0 0 0 0 1 1 0 0 1 0 1 0 0 1 0.0
309 22 9644 1 1 0 1 0 0 1 1 0 0 0 0 1 0 0 0 0 0 0 1 1 0 0.0
310 22 8094 0 0 0 0 0 0 1 0 0 0 1 0 0 1 0 1 0 0 0 1 0 0 0.0
311 22 9621 0 1 1 1 0 1 0 0 0 0 0 0 0 0 0 0 0 1 0 0 0 1 0.0
312 22 8121 1 0 0 0 0 0 0 1 1 0 0 0 0 0 0 1 1 0 0 0 0 1 0.0
313 22 6495 0 0 1 0 0 0 0 0 0 1 1 0 0 0 0 1 0 0 0 1 0 0 0.0
314 22 7877 0 1 0 0 0 0 1 0 0 1 0 0 0 1 0 0 0 1 0 0 0 0 0.0
315 22 9363 0 1 0 1 0 0 0 0 1 0 1 1 0 0 0 1 0 0 0 0 1 0 0.0
316 22 8574 1 0 1 0 0 0 1 1 1 0 0 0 0 1 0 0 1 0 0 0 0 0 0.0
317 22 5512 0 0 0 0 1 0 0 1 0 0 1 0 1 0 0 0 0 0 0 0 0 1 0.0
318 22 6122 1 0 1 1 0 0 0 0 0 0 1 0 0 0 0 0 1 0 0 1 0 0 0.0
319 22 8862 0 0 0 0 0 1 0 1 0 1 0 0 1 0 0 0 1 1 0 0 0 0 0.0
320 22 6982 1 0 0 0 0 0 0 1 0 1 0 1 0 0 1 0 0 0 0 0 0 0 0.0
321 22 7353 0 0 0 0 0 1 0 1 0 0 1 0 0 1 1 0 0 0 0 0 1 0 0.0
322 22 7697 0 0 1 0 0 0 0 0 0 1 0 1 0 0 0 0 0 0 1 0 0 1 0.0
323 22 9846 1 0 0 0 0 1 0 0 0 0 0 1 0 0 0 1 1 1 0 0 1 0 0.0
324 22 11274 0 0 1 0 1 1 0 0 1 1 1 0 0 0 0 1 1 0 0 0 0 0 0.0
325 22 6463 1 0 0 0 0 1 0 0 0 0 0 0 1 0 0 0 1 0 0 0 0 0 0.0
326 22 7080 0 0 1 0 0 0 0 1 0 0 0 1 0 0 0 1 0 1 0 0 0 0 0.0
327 22 8505 0 0 0 0 0 0 0 0 1 1 1 0 1 0 0 1 0 1 0 0 0 0 0.0
328 22 10194 1 0 1 0 1 0 0 0 1 0 1 0 1 0 0 0 0 0 1 0 0 0 0.0
329 22 8116 1 0 1 0 0 1 1 0 1 0 0 0 0 0 0 0 0 0 1 0 0 0 0.0
330 22 7416 0 0 0 0 0 0 0 1 1 0 0 1 0 0 1 0 0 0 1 0 1 0 0.0
331 22 9251 0 0 0 0 0 0 0 0 1 0 1 0 0 0 0 0 0 1 1 0 1 1 0.0
332 22 6812 0 0 0 0 0 0 1 1 0 0 0 0 0 1 0 0 0 1 0 1 0 0 0.0
333 22 6653 1 0 1 0 0 0 0 0 0 0 0 0 0 1 0 0 0 1 0 0 0 1 0.0
334 22 6425 0 0 0 0 0 1 0 0 0 0 0 0 1 0 1 1 1 0 0 0 0 0 0.0
335 22 6734 0 0 0 0 1 0 0 0 1 1 1 0 0 0 0 0 0 0 0 1 0 0 0.0
336 22 7948 0 0 0 0 0 0 0 1 0 0 1 0 0 0 0 1 0 0 1 0 0 1 0.0
337 22 8422 1 0 0 0 0 0 0 0 0 0 1 0 1 0 1 0 0 0 1 0 0 0 0.0
338 22 7665 1 0 0 1 0 1 0 1 0 0 0 0 0 1 0 0 0 0 1 0 0 0 0.0
339 22 7890 1 1 0 0 1 0 0 1 1 1 0 0 1 0 0 0 0 0 0 0 0 0 0.0
340 22 7552 0 1 0 0 1 0 0 1 0 0 0 1 0 0 0 0 0 0 0 1 1 0 0.0
341 22 9442 0 1 0 0 0 0 1 0 0 1 1 0 0 0 1 1 0 0 0 1 0 0 0.0
342 22 7614 0 0 1 0 1 0 1 1 0 0 0 0 0 0 0 0 0 0 1 1 0 0 0.0
343 22 8686 0 1 1 0 0 0 0 0 1 1 1 0 0 1 0 0 0 0 0 0 0 0 0.0
344 22 9379 0 0 0 0 1 1 0 0 0 0 0 0 0 0 0 0 1 1 1 0 0 0 0.0
345 22 7795 1 0 0 0 0 1 0 0 0 0 0 0 0 0 0 1 0 1 1 0 0 0 0.0
346 22 8331 1 0 1 0 0 0 0 0 0 0 0 1 0 0 1 1 0 0 0 0 1 0 0.0
347 22 6818 0 0 0 0 0 0 0 1 0 0 0 1 1 0 0 0 1 0 0 1 0 0 0.0
348 22 5991 0 0 0 1 0 1 0 0 0 0 0 0 0 1 0 0 0 1 0 0 0 0 0.0
349 22 9126 0 0 1 0 1 0 0 0 1 0 1 0 0 0 1 0 0 1 0 0 0 0 0.0
350 22 8281 1 0 1 0 0 0 0 0 1 0 0 0 0 1 0 0 0 0 0 0 0 1 0.0
351 22 7792 1 0 0 1 0 0 1 0 0 0 0 0 1 0 0 0 1 1 0 0 0 0 0.0
352 22 7677 0 0 1 1 0 1 0 0 0 0 0 0 1 0 0 0 1 1 0 0 0 0 0.0
353 22 8852 0 0 1 0 1 1 0 0 0 0 0 0 0 0 0 0 0 0 1 1 0 1 0.0
354 22 9541 1 1 0 0 0 0 1 1 1 0 0 0 1 1 0 0 0 0 0 0 0 0 0.0
355 22 8941 0 1 0 0 0 0 0 0 0 1 0 0 0 1 0 0 1 0 1 1 0 0 0.0
356 22 8275 0 0 1 0 0 0 0 1 0 0 1 0 0 0 1 0 1 1 0 0 0 0 0.0
357 22 7862 1 1 0 0 0 0 0 0 0 0 0 1 0 0 0 0 0 0 1 0 0 1 0.0
358 22 6129 1 0 1 0 1 0 0 1 0 0 0 0 0 1 0 0 0 0 0 0 0 0 0.0
359 22 9955 1 0 1 0 1 1 0 0 1 0 0 0 1 0 0 0 0 0 0 0 0 1 0.0
360 22 8388 0 0 1 0 1 0 0 0 0 0 0 0 1 0 0 1 1 0 0 0 0 0 0.0
361 22 8374 1 0 1 0 0 1 0 0 1 0 0 0 1 0 0 0 0 1 0 0 0 0 0.0
362 22 6585 1 1 1 0 0 0 0 0 0 0 0 0 0 0 0 0 1 0 0 1 0 0 0.0
363 22 5723 0 1 0 0 0 0 0 1 0 0 0 0 0 0 1 0 1 1 0 0 0 0 0.0
364 22 6378 0 0 0 0 1 0 0 0 0 0 0 1 0 0 1 0 1 1 0 0 0 0 0.0
365 22 7804 0 1 0 0 1 0 0 0 1 0 0 1 0 0 0 0 1 0 0 0 0 0 0.0
366 22 8085 0 0 0 0 0 0 1 0 0 0 1 1 0 1 0 0 1 0 0 0 0 0 0.0
367 22 8780 0 0 1 0 1 1 0 0 1 0 0 0 1 0 0 0 0 0 0 1 1 1 0.0
368 22 10806 0 0 0 0 0 1 1 0 0 0 0 0 0 0 1 0 1 0 1 0 1 0 0.0
369 22 6146 0 0 0 1 1 0 0 1 0 0 0 0 1 0 0 1 0 1 1 0 0 0 0.0
370 22 7231 0 0 1 0 0 0 0 0 0 0 0 0 0 1 0 0 1 0 0 0 1 1 0.0
371 22 7412 1 0 0 0 0 0 0 0 0 1 1 0 0 0 0 0 0 1 0 1 1 0 0.0
372 22 8908 0 0 0 0 1 0 0 0 0 0 0 1 1 0 0 0 0 1 0 1 1 0 0.0
373 22 6367 0 0 0 0 1 0 0 0 0 1 0 0 1 0 0 1 0 0 0 0 1 0 0.0
374 22 9677 0 0 0 0 0 0 0 1 0 0 0 1 0 1 0 1 1 0 0 0 1 1 0.0
375 22 8102 0 0 1 0 0 0 1 1 0 0 1 1 0 0 0 0 0 0 1 1 0 0 0.0
376 22 9202 0 0 0 1 0 0 1 0 1 1 0 1 0 1 1 0 0 0 1 0 0 0 0.0
377 22 8426 0 0 1 0 0 1 0 0 1 0 0 0 0 0 0 0 0 1 0 1 0 0 0.0
378 22 9352 0 0 0 0 1 0 0 0 0 0 0 1 0 0 0 0 1 1 1 0 0 1 0.0
379 22 8122 0 0 0 0 0 0 0 1 0 1 0 1 0 0 0 1 1 0 1 0 0 0 0.0
380 22 7806 0 0 0 0 0 0 0 0 0 0 0 0 0 1 1 0 0 1 0 1 1 0 0.0
381 22 7936 0 0 0 0 0 0 0 1 0 1 0 0 0 0 1 0 1 0 1 1 0 0 0.0
382 22 9874 0 0 0 1 1 0 0 1 0 0 1 0 0 0 0 1 0 1 0 0 1 0 0.0
383 22 7721 0 0 0 0 0 0 1 0 1 0 0 0 0 1 0 0 1 1 0 0 0 1 0.0
384 22 8322 0 0 1 0 0 0 1 0 0 1 0 0 1 0 1 0 0 0 0 0 0 0 0.0
385 22 7692 1 0 0 1 0 0 1 0 0 0 1 0 0 0 1 0 0 0 0 0 0 0 0.0
386 22 8697 0 1 0 0 0 0 0 1 0 1 0 0 1 0 0 0 0 1 1 1 0 0 0.0
387 22 6361 0 1 0 1 0 0 0 0 0 0 0 0 0 1 0 0 1 0 1 0 0 0 0.0
388 22 6237 1 1 0 0 0 1 0 0 0 1 0 0 0 0 1 0 0 0 0 0 1 0 0.0
389 22 5389 1 0 0 0 1 1 0 0 0 0 0 0 0 1 1 0 0 0 0 0 0 0 0.0
390 22 6683 0 0 0 1 0 0 0 1 0 0 1 0 0 1 0 0 0 0 0 0 0 0 0.0
391 22 5241 1 0 0 0 0 0 0 0 0 1 0 1 0 1 1 0 0 0 0 0 0 0 0.0
392 22 6809 0 0 0 0 0 1 0 1 0 0 0 0 1 1 1 0 0 0 0 1 0 0 0.0
393 22 6037 1 0 1 0 0 1 1 0 0 0 0 0 0 0 0 1 0 0 0 0 0 0 0.0
394 22 7672 0 0 1 0 0 0 0 0 0 0 1 0 0 0 0 1 1 0 0 1 0 0 0.0
395 22 9848 0 0 1 0 0 0 0 1 0 0 0 1 1 0 1 1 0 0 0 0 0 0 0.0
396 22 8390 0 0 1 1 1 0 0 1 0 0 1 0 0 1 0 0 0 0 0 1 0 0 0.0
397 22 10060 1 0 0 0 0 0 0 0 0 0 0 1 0 0 0 1 0 1 1 1 0 0 0.0
398 22 7939 1 0 0 0 0 0 1 0 0 0 0 0 1 0 1 0 0 0 1 0 0 1 0.0
399 22 8959 1 0 0 0 0 0 1 0 0 0 0 0 0 1 1 0 0 0 1 0 1 0 0.0
400 22 9467 0 0 0 0 1 1 0 0 1 0 0 0 0 0 0 0 0 1 0 0 1 1 0.0
401 22 8859 0 0 0 0 1 0 0 0 0 0 1 1 0 0 0 0 0 1 1 0 1 0 0.0
402 22 8570 0 0 0 1 0 0 0 0 1 0 0 1 0 0 0 1 1 0 0 0 0 1 0.0
403 22 9952 1 1 0 0 0 0 0 0 0 0 0 1 0 0 0 0 0 0 1 1 0 1 0.0
404 22 8343 0 1 0 0 1 1 0 1 0 0 0 0 1 0 0 0 0 1 0 0 0 1 0.0
405 22 8601 0 0 0 1 0 0 0 0 0 1 1 0 0 1 0 1 0 1 0 0 0 0 0.0
406 22 6527 0 0 0 1 0 0 0 0 0 0 0 0 1 1 0 0 0 0 1 1 0 0 0.0
407 22 7730 0 1 0 0 1 0 0 0 0 0 1 1 1 0 0 1 0 0 0 0 0 0 0.0
408 22 9634 1 0 0 0 1 0 1 0 0 0 0 1 1 0 0 1 0 1 0 0 0 0 0.0
409 22 9020 0 1 0 0 0 1 1 1 0 0 0 0 0 0 1 0 0 0 0 0 1 0 0.0
410 22 8349 0 0 1 1 0 0 1 1 0 0 1 0 1 0 1 0 0 0 0 0 0 0 0.0
411 22 9033 0 0 0 0 1 0 1 0 1 0 1 0 0 1 0 1 0 1 1 0 0 0 0.0
412 22 8677 0 0 0 1 0 0 0 0 0 0 0 0 0 0 1 1 0 0 1 1 1 0 0.0
413 22 9046 0 0 1 1 1 1 1 0 0 0 0 0 0 0 0 1 0 0 0 0 0 1 0.0
414 22 7854 0 0 1 0 0 0 0 0 0 0 0 1 0 0 1 0 1 0 0 0 1 1 0.0
415 22 7033 1 0 0 0 1 0 0 0 1 0 1 0 0 0 0 0 0 0 0 1 0 0 0.0
416 22 9363 0 0 0 0 0 0 1 0 0 0 0 1 0 0 0 1 0 1 0 0 1 0 0.0
417 22 8584 0 0 0 1 0 0 0 1 0 0 1 1 0 0 0 0 0 0 0 0 0 1 0.0
418 22 9174 0 0 0 0 0 1 0 1 0 0 1 0 1 0 1 1 0 0 0 1 0 0 0.0
419 22 8511 0 0 0 0 1 0 0 1 1 0 1 0 0 0 0 1 0 1 0 0 0 0 0.0
420 22 6915 1 0 0 0 0 0 0 1 1 0 0 0 1 1 1 0 0 0 0 1 0 0 0.0
421 22 7438 0 0 1 0 0 1 0 0 0 0 0 0 0 1 1 1 1 0 0 0 0 0 0.0
422 22 7919 1 0 1 0 0 1 1 0 0 0 0 0 0 0 0 0 1 0 1 0 0 0 0.0
423 22 5878 0 0 1 0 0 0 0 0 0 0 1 0 0 0 0 1 1 0 0 0 0 0 0.0
424 22 7055 0 0 0 1 0 1 0 1 0 0 0 0 0 0 0 1 0 0 1 0 0 0 0.0
425 22 9204 0 0 0 0 0 1 0 1 0 0 1 1 0 0 0 1 1 0 0 0 0 0 0.0
426 22 8349 0 0 0 0 0 0 0 0 0 0 1 0 0 1 1 0 0 1 1 0 1 0 0.0
427 22 8649 0 1 0 0 0 0 1 1 0 0 0 1 0 0 0 0 0 0 1 1 0 0 0.0
428 22 7181 0 0 0 1 0 0 0 1 0 0 0 0 0 0 0 0 1 0 1 0 0 1 0.0
429 22 10334 0 1 1 0 0 0 0 0 0 0 0 0 0 1 1 0 0 1 1 0 0 0 0.0
430 22 8927 0 0 1 1 1 0 1 0 0 0 0 0 0 0 1 1 0 0 1 1 0 0 0.0
431 22 8966 0 0 0 0 1 1 0 1 1 1 0 0 0 0 1 0 0 0 0 0 0 0 0.0
432 22 8406 0 1 0 0 1 0 0 0 0 0 1 0 1 1 0 1 0 0 0 0 0 1 0.0
433 22 8481 0 1 0 0 0 0 0 0 0 0 1 1 1 0 0 0 1 0 1 0 0 0 0.0
434 22 9097 0 0 0 0 0 0 0 1 1 0 0 1 0 0 0 0 0 0 1 0 1 1 0.0
435 22 5836 0 0 0 0 0 0 1 0 0 0 0 0 0 0 0 0 0 1 1 1 0 1 0.0
436 22 6931 0 1 0 0 0 0 0 0 1 0 0 0 1 1 1 0 0 0 0 0 0 0 0.0
437 22 8688 1 0 1 1 0 0 1 1 0 0 0 1 0 0 0 0 0 0 0 0 0 0 0.0
438 22 8747 0 0 1 0 0 0 0 0 0 1 1 0 0 0 0 0 0 1 0 0 0 1 0.0
439 22 8939 0 1 1 0 0 0 1 0 0 0 1 0 0 0 0 0 1 0 0 0 1 0 0.0
440 22 7684 1 0 1 0 0 0 1 0 0 1 0 1 0 0 0 0 0 0 0 0 0 0 0.0
441 22 6484 0 1 1 0 0 0 1 0 1 0 0 0 0 0 0 0 1 0 0 1 0 0 0.0
442 22 6855 0 1 0 0 0 0 0 0 0 1 0 1 1 0 1 0 0 0 0 0 1 0 0.0
443 22 7121 0 0 1 0 0 0 0 1 1 0 1 1 0 0 0 0 0 0 0 1 0 0 0.0
444 22 8876 0 0 0 1 0 0 0 1 0 0 0 1 0 1 0 1 1 0 0 0 1 0 0.0
445 22 10031 0 0 1 0 1 1 0 0 1 1 0 0 0 0 0 0 1 0 1 0 0 0 0.0
446 22 7668 0 1 1 0 1 0 0 0 0 0 0 0 0 1 0 0 1 1 0 0 0 0 0.0
447 22 7937 1 0 0 0 1 0 0 0 0 1 0 0 1 0 0 0 0 0 0 1 0 1 0.0
448 22 6497 1 1 0 0 0 0 0 1 0 0 0 1 1 0 0 0 0 0 0 1 0 0 0.0
449 22 8284 1 0 0 0 1 0 0 1 0 0 0 1 0 1 0 0 0 0 0 0 0 0 0.0
450 22 4875 0 0 0 0 0 1 0 0 1 0 0 0 1 0 0 1 0 0 0 0 0 0 0.0
451 22 6482 0 0 1 0 0 0 0 0 0 0 0 0 1 1 0 0 0 0 1 1 0 0 0.0
452 22 6707 0 0 1 0 0 1 0 0 0 0 1 0 0 1 1 0 0 1 0 0 0 0 0.0
453 22 6164 1 0 0 0 0 0 0 1 1 0 0 0 0 0 0 1 0 0 1 0 0 1 0.0
454 22 6437 0 0 0 0 1 1 0 0 0 0 0 0 0 0 0 1 0 0 1 0 0 1 0.0
455 22 8191 0 0 0 1 1 0 0 1 1 0 0 1 1 0 0 0 0 0 0 0 0 0 0.0
456 22 8493 0 1 0 1 0 0 0 0 1 0 0 0 0 0 0 0 1 1 1 0 0 0 0.0
457 22 7610 0 0 1 0 0 0 0 1 0 0 0 0 0 0 0 1 0 0 1 0 1 0 0.0
458 22 6739 0 1 0 0 0 0 0 1 0 1 0 0 0 0 0 1 0 0 1 0 0 0 0.0
459 22 7491 1 0 1 0 0 0 0 1 0 0 0 1 1 0 1 0 0 0 0 0 0 0 0.0
460 22 6268 0 0 0 1 0 0 0 0 0 0 0 1 0 0 1 0 0 0 1 1 0 0 0.0
461 22 7737 1 0 0 0 0 0 0 1 0 1 0 0 1 1 1 0 0 0 0 0 0 0 0.0
462 22 7877 0 1 0 0 0 0 0 1 0 0 0 0 0 1 0 0 1 0 0 1 0 0 0.0
463 22 6668 0 1 0 0 0 1 0 1 0 0 0 0 1 0 0 0 0 0 0 0 0 0 0.0
464 22 6721 0 0 0 0 0 0 0 0 1 0 1 0 0 0 0 0 1 0 1 0 0 1 0.0
465 22 7097 0 0 1 0 0 0 0 1 0 0 1 0 0 1 0 1 0 0 0 0 0 0 0.0
466 22 8528 0 0 1 1 0 0 1 1 1 0 0 0 0 1 0 0 0 0 0 0 0 0 0.0
467 22 6969 1 1 1 0 0 0 0 0 0 0 0 1 1 0 0 0 0 0 0 0 0 0 0.0
468 22 10521 0 0 0 1 0 1 1 0 0 0 0 1 0 0 0 0 0 1 0 0 1 1 0.0
469 22 7713 0 0 0 0 1 0 0 0 0 1 0 1 0 1 0 0 0 0 0 1 0 0 0.0
470 22 8185 1 0 0 0 0 0 0 1 0 0 0 1 0 1 1 0 0 1 0 0 0 0 0.0
471 22 8787 0 1 0 0 1 0 0 0 1 1 0 0 0 0 1 0 1 0 0 0 1 0 0.0
472 22 7456 0 0 1 0 0 1 0 1 1 0 0 1 0 0 1 0 0 0 0 0 0 0 0.0
473 22 6803 0 0 0 0 1 0 0 0 1 0 0 0 0 0 0 0 0 0 0 1 1 0 0.0
474 22 6469 0 1 0 0 0 0 0 0 0 0 0 0 0 0 1 0 0 0 1 1 0 0 0.0
475 22 8639 0 1 0 1 1 0 1 0 0 0 1 0 0 1 0 1 0 1 0 0 1 0 0.0
476 22 6742 0 0 0 1 0 1 1 1 0 0 0 0 0 0 0 0 0 1 0 0 0 0 0.0
477 22 5791 0 0 1 0 0 0 1 0 0 0 0 0 0 1 1 0 0 0 0 0 0 0 0.0
478 22 10069 1 0 0 0 0 1 1 1 0 0 1 1 0 0 0 0 0 0 1 0 0 0 0.0
479 22 6519 0 0 0 0 0 1 1 0 1 0 0 0 1 0 0 1 0 0 0 0 0 0 0.0
480 22 7565 0 1 0 0 0 1 1 0 0 0 1 0 0 0 0 0 0 0 0 1 0 0 0.0
481 22 6690 0 0 1 0 0 1 0 0 0 1 0 1 0 1 0 0 0 0 0 0 0 0 0.0
482 22 7426 0 1 1 0 0 0 0 1 0 0 0 0 0 0 0 0 1 1 0 0 0 0 0.0
483 22 8707 0 0 1 1 0 0 0 0 1 0 1 1 0 0 1 0 0 0 0 0 0 0 0.0
484 22 6960 0 0 0 0 0 0 1 0 0 0 0 1 0 0 0 1 1 0 1 0 1 0 0.0
485 22 8620 0 1 0 0 0 0 0 1 0 0 0 0 0 1 0 1 0 0 0 1 1 0 0.0
486 22 7627 0 0 0 0 0 1 1 0 0 0 1 0 0 1 0 0 0 1 1 0 0 0 0.0
487 22 9977 0 0 1 0 1 0 0 1 0 0 1 0 0 0 0 1 0 0 1 1 1 0 0.0
488 22 8357 1 0 0 0 0 0 0 1 0 0 0 0 0 1 0 1 0 0 1 1 0 0 0.0
489 22 5917 0 1 0 0 1 1 0 0 0 0 0 0 0 1 0 0 0 0 0 0 0 0 0.0
490 22 6991 0 0 1 0 0 0 0 1 1 0 0 0 0 0 0 0 0 1 0 1 0 0 0.0
491 22 9158 0 0 0 0 0 1 1 0 0 1 0 0 1 0 0 1 1 0 0 0 0 0 0.0
492 22 8793 0 0 0 1 1 0 0 0 0 0 0 1 0 1 0 0 0 1 1 0 0 0 0.0
493 22 8282 0 0 0 0 0 1 1 0 0 0 0 0 1 0 0 0 0 1 0 1 0 1 0.0
494 22 8044 0 1 0 1 0 0 0 0 1 0 0 0 0 0 1 1 1 0 0 0 1 0 0.0
495 22 7656 0 0 0 1 1 0 0 0 0 1 0 0 0 0 0 0 1 0 1 0 0 1 0.0
496 22 9307 0 0 0 0 1 0 1 1 0 0 0 0 0 0 0 1 0 0 0 1 0 1 0.0
497 22 8003 0 1 0 0 1 0 0 0 0 0 1 1 0 0 1 1 0 0 0 0 0 0 0.0
498 22 7381 0 0 0 1 0 0 1 0 1 0 0 0 0 1 0 0 0 1 0 0 0 0 0.0
499 22 12058 0 0 1 0 1 1 0 1 0 0 0 0 1 0 0 0 0 1 0 0 1 1 0.0
500 22 12328 0 0 1 0 0 0 0 1 0 1 1 0 1 0 1 0 1 1 0 0 0 0 0.0
