15 1 0.028
15 1 0.029
15 1 0.025
15 1 0.017
15 1 0.030
15 1 0.017
15 1 0.033
15 1 0.018
15 1 0.018
15 1 0.018
15 1 0.030
15 1 0.049
15 1 0.033
15 1 0.043
15 1 0.029
15 1 0.017
15 1 0.026
15 1 0.017
15 1 0.022
15 1 0.030
15 1 0.024
15 1 0.027
15 1 0.025
15 1 0.023
15 1 0.034
15 1 0.012
15 1 0.029
15 1 0.023
15 1 0.022
15 1 0.035
15 1 0.024
15 1 0.023
15 1 0.035
15 1 0.029
15 1 0.023
15 1 0.021
15 1 0.040
15 1 0.020
15 1 0.021
15 1 0.024
15 1 0.031
15 1 0.026
15 1 0.033
15 1 0.037
15 1 0.034
15 1 0.010
15 1 0.020
15 1 0.026
15 1 0.030
15 1 0.027
15 1 0.027
15 1 0.027
15 1 0.055
15 1 0.021
15 1 0.020
15 1 0.036
15 1 0.020
15 1 0.055
15 1 0.026
15 1 0.025
15 1 0.031
15 1 0.029
15 1 0.037
15 1 0.036
15 1 0.034
15 1 0.036
15 1 0.038
15 1 0.026
15 1 0.015
15 1 0.021
15 1 0.023
15 1 0.031
15 1 0.050
15 1 0.039
15 1 0.044
15 1 0.048
15 1 0.020
15 1 0.021
15 1 0.032
15 1 0.039
15 1 0.041
15 1 0.015
15 1 0.025
15 1 0.027
15 1 0.013
15 1 0.028
15 1 0.025
15 1 0.016
15 1 0.024
15 1 0.025
15 1 0.014
15 1 0.044
15 1 0.037
15 1 0.040
15 1 0.046
15 1 0.039
15 1 0.030
15 1 0.027
15 1 0.035
15 1 0.020
15 1 0.027
15 1 0.032
15 1 0.035
15 1 0.048
15 1 0.019
15 1 0.018
15 1 0.025
15 1 0.017
15 1 0.042
15 1 0.046
15 1 0.021
15 1 0.030
15 1 0.034
15 1 0.038
15 1 0.028
15 1 0.029
15 1 0.017
15 1 0.039
15 1 0.033
15 1 0.026
15 1 0.024
15 1 0.034
15 1 0.035
15 1 0.020
15 1 0.027
15 1 0.015
15 1 0.038
15 1 0.018
15 1 0.022
15 1 0.009
15 1 0.030
15 1 0.024
15 1 0.057
15 1 0.019
15 1 0.066
15 1 0.019
15 1 0.053
15 1 0.031
15 1 0.014
15 1 0.050
15 1 0.043
15 1 0.046
15 1 0.048
15 1 0.047
15 1 0.053
15 1 0.068
15 1 0.049
15 1 0.042
15 1 0.067
15 1 0.068
15 1 0.031
15 1 0.035
15 1 0.027
15 1 0.024
15 1 0.028
15 1 0.023
15 1 0.044
15 1 0.013
15 1 0.042
15 1 0.032
15 1 0.019
15 1 0.028
15 1 0.014
15 1 0.038
15 1 0.023
15 1 0.041
15 1 0.039
15 1 0.030
15 1 0.040
15 1 0.019
15 1 0.031
15 1 0.026
15 1 0.036
15 1 0.028
15 1 0.023
15 1 0.021
15 1 0.025
