1 22 6192 0 1 0 0 1 0 0 0 0 0 0 1 0 0 0 0 1 0 0 1 0 0 0.0
2 22 7627 0 0 0 1 0 0 0 1 0 1 0 0 0 1 1 1 0 0 0 0 0 0 0.0
3 22 6844 0 0 0 1 0 0 1 1 0 0 1 0 0 0 1 0 0 0 0 0 1 0 0.0
4 22 8487 1 0 1 0 0 0 1 0 0 0 0 0 0 1 1 0 0 0 1 1 0 0 0.0
5 22 7569 0 0 0 1 1 1 1 0 0 0 1 0 0 0 0 0 0 0 0 0 0 1 0.0
6 22 5828 0 1 0 0 1 0 0 0 1 0 0 0 1 0 0 0 0 1 0 0 0 1 0.0
7 22 7924 1 0 1 0 1 0 1 0 0 1 0 0 0 0 0 0 1 0 0 0 0 0 0.0
8 22 7270 1 0 1 0 0 1 0 1 0 0 1 0 1 0 0 0 0 0 0 0 0 0 0.0
9 22 5394 1 1 0 0 0 0 0 0 0 0 0 1 1 0 0 0 0 0 0 0 1 0 0.0
10 22 7573 0 0 0 0 0 0 1 0 1 0 1 1 1 0 0 0 0 0 1 0 0 0 0.0
11 22 6663 0 0 0 0 0 0 1 0 0 0 0 1 0 1 0 0 0 1 0 1 1 0 0.0
12 22 7333 0 1 0 1 0 1 0 0 0 0 0 0 1 0 1 0 0 1 0 0 1 0 0.0
13 22 6599 0 0 0 0 1 0 1 1 0 0 0 0 1 0 1 0 0 0 0 0 0 0 0.0
14 22 5850 0 1 0 0 0 0 0 1 0 0 1 0 0 0 0 1 0 0 1 0 0 0 0.0
15 22 7168 0 1 0 1 0 0 0 0 0 0 0 0 0 0 0 0 0 1 1 0 0 1 0.0
16 22 5992 0 0 0 0 0 0 0 0 0 0 1 0 1 0 1 1 1 0 1 0 0 0 0.0
17 22 7690 0 0 0 1 0 0 0 0 0 1 1 1 0 1 1 0 0 0 0 0 1 0 0.0
18 22 7746 0 1 1 1 1 0 0 0 0 1 0 0 0 0 0 0 0 1 0 0 0 0 0.0
19 22 8202 0 0 0 0 0 1 0 0 1 0 0 0 1 0 1 0 0 1 1 0 0 1 0.0
20 22 9120 0 1 0 0 1 0 0 0 1 1 0 0 0 0 0 0 1 0 0 0 1 1 0.0
21 22 6900 0 0 1 1 0 0 0 1 1 1 0 0 0 0 0 1 0 0 1 0 1 0 0.0
22 22 6468 0 0 1 0 0 0 0 1 0 0 0 0 0 0 0 0 1 0 0 1 1 1 0.0
23 22 7463 0 0 0 1 0 0 0 1 0 0 1 1 0 0 0 1 0 0 1 0 0 0 0.0
24 22 8339 0 0 1 0 0 0 0 1 1 0 0 1 0 1 0 0 1 0 0 1 0 0 0.0
25 22 5057 0 0 0 0 0 0 0 0 0 1 1 1 1 1 0 0 0 0 0 0 0 0 0.0
26 22 7193 0 0 0 0 0 0 1 0 0 0 0 0 1 1 1 1 0 0 0 1 0 0 0.0
27 22 5679 0 0 0 0 1 1 0 0 0 0 0 0 0 0 1 0 0 0 0 1 0 1 0.0
28 22 6580 1 1 0 0 1 1 0 0 0 1 0 1 0 0 0 1 0 0 0 0 0 0 0.0
29 22 9335 0 0 0 0 1 1 1 1 1 0 1 0 0 0 0 0 1 0 0 0 0 0 0.0
30 22 7738 0 0 0 0 0 1 0 1 1 0 0 1 0 0 0 1 0 0 0 1 0 1 0.0
31 22 6736 0 0 0 0 1 1 0 0 0 1 1 0 0 0 0 1 0 0 0 1 0 0 0.0
32 22 8492 0 0 1 1 0 0 0 1 0 0 1 0 1 1 0 0 0 0 0 1 0 0 0.0
33 22 6237 0 1 0 0 0 0 0 0 0 0 1 1 0 0 0 0 0 0 1 1 1 0 0.0
34 22 9296 0 0 1 0 1 0 0 0 0 1 1 0 1 0 0 0 1 1 0 0 1 0 0.0
35 22 6130 0 0 0 0 0 1 0 0 0 0 0 1 1 1 0 0 0 1 0 0 0 1 0.0
36 22 6942 0 0 0 0 0 0 0 1 1 0 1 0 1 0 0 0 0 0 0 0 0 1 0.0
37 22 9237 0 0 1 0 1 0 1 0 0 0 0 1 0 0 0 1 1 0 1 0 0 0 0.0
38 22 9347 0 0 1 0 0 1 0 0 0 1 0 1 1 1 0 0 0 0 1 0 1 0 0.0
39 22 6973 1 1 0 0 0 0 0 0 0 1 0 0 0 0 0 0 1 1 0 1 0 1 0.0
40 22 7305 1 0 0 0 0 0 0 0 0 0 0 1 0 0 1 1 0 0 0 0 1 1 0.0
41 22 6407 1 0 1 1 0 0 1 0 0 0 0 0 0 0 0 0 0 0 1 0 1 0 0.0
42 22 6475 1 0 0 0 0 0 0 0 1 0 0 1 0 0 1 0 1 0 0 0 1 0 0.0
43 22 6663 0 0 0 0 0 0 0 1 1 0 0 1 0 1 0 0 1 1 0 0 0 0 0.0
44 22 9104 0 0 1 1 0 0 0 1 0 1 1 0 0 0 0 0 0 0 0 1 0 1 0.0
45 22 8238 1 0 1 1 0 1 0 0 0 0 0 0 0 0 0 1 1 0 0 0 0 0 0.0
46 22 6915 0 1 0 1 0 0 0 1 0 0 1 1 0 0 0 0 1 0 0 0 0 0 0.0
47 22 6850 0 0 0 0 1 0 0 0 0 1 0 1 0 1 0 0 0 1 0 1 0 0 0.0
48 22 6416 0 0 1 1 0 0 0 0 0 1 0 0 0 0 0 0 1 1 0 0 1 0 0.0
49 22 7027 0 0 0 0 0 0 0 0 0 0 0 1 1 0 0 0 1 0 1 1 0 1 0.0
50 22 7224 0 1 0 0 0 0 0 0 0 1 0 0 1 0 0 0 0 0 0 1 1 1 0.0
51 22 7055 0 0 0 0 1 1 1 0 1 0 0 1 1 0 0 0 0 0 0 0 0 1 0.0
52 22 8310 0 1 0 0 0 1 0 0 0 1 0 1 0 0 0 0 1 1 0 0 0 1 0.0
53 22 7728 0 0 1 0 0 0 1 1 0 1 0 1 0 1 1 0 0 1 0 0 0 0 0.0
54 22 7772 0 0 1 0 0 0 0 1 0 1 0 0 0 0 1 0 1 0 1 0 1 0 0.0
55 22 7161 0 1 1 0 0 0 1 0 0 0 0 0 1 0 1 0 0 0 0 0 1 0 0.0
56 22 6733 1 0 0 1 0 0 0 1 0 0 0 0 0 0 1 0 0 1 0 0 1 0 0.0
57 22 7609 0 0 0 1 0 0 0 0 0 1 0 0 0 0 1 0 1 1 0 1 0 0 0.0
58 22 8603 0 0 0 1 0 0 1 0 0 0 1 0 0 1 1 0 1 0 0 0 0 1 0.0
59 22 7828 0 0 1 0 1 0 0 1 0 0 0 1 1 0 0 1 0 0 1 0 0 0 0.0
60 22 7537 0 1 1 1 0 0 0 0 0 0 0 1 0 0 0 1 1 0 0 0 0 0 0.0
61 22 6996 0 0 1 0 0 0 0 1 0 1 0 0 1 0 0 0 1 0 1 0 0 1 0.0
62 22 8636 1 0 1 0 0 0 0 0 1 1 0 1 1 0 0 0 0 0 0 1 0 0 0.0
63 22 8534 1 0 0 1 0 0 1 0 1 0 0 1 0 1 0 0 1 0 0 0 0 0 0.0
64 22 6604 1 1 0 0 0 0 0 1 0 0 0 0 0 0 0 0 0 1 1 1 0 0 0.0
65 22 7796 1 1 0 0 0 0 1 0 1 0 0 0 0 0 0 1 1 0 0 0 0 0 0.0
66 22 6671 0 1 0 0 0 0 1 1 0 0 1 0 0 0 1 0 0 0 1 0 0 0 0.0
67 22 5772 0 0 0 0 0 1 0 0 0 0 0 0 0 0 1 1 0 1 1 0 0 0 0.0
68 22 5549 1 0 0 0 0 0 0 0 0 1 0 0 1 0 0 0 0 1 1 0 0 0 0.0
69 22 7119 0 1 0 0 0 0 0 0 0 1 1 0 0 0 1 0 0 0 1 1 0 1 0.0
70 22 7154 1 0 0 0 0 0 0 0 0 0 1 1 0 0 0 1 1 0 1 0 1 0 0.0
71 22 6690 0 0 0 0 0 0 1 1 0 1 0 0 0 1 0 0 0 0 0 1 1 0 0.0
72 22 8712 0 0 1 0 0 0 0 1 0 0 0 1 0 1 1 0 0 1 1 0 0 0 0.0
73 22 7966 0 1 0 1 0 1 0 0 0 0 0 1 0 0 0 1 0 1 1 0 0 0 0.0
74 22 7466 0 0 0 1 0 0 1 0 0 1 0 0 1 1 0 1 0 0 0 0 0 1 0.0
75 22 8539 0 0 0 1 0 1 0 0 1 0 1 0 0 0 1 0 0 1 0 0 0 1 0.0
76 22 5611 1 0 0 0 0 1 0 0 0 0 1 0 0 0 0 1 1 0 0 0 0 0 0.0
77 22 7397 1 0 0 1 1 1 0 0 0 0 0 0 0 0 1 0 0 0 0 1 0 0 0.0
78 22 5480 0 0 0 1 0 0 1 0 0 0 0 0 0 0 1 0 1 0 1 0 0 0 0.0
79 22 5910 0 0 0 1 0 0 1 0 1 0 0 0 0 0 0 1 0 0 1 0 0 0 0.0
80 22 8285 0 1 0 0 0 1 1 1 1 0 0 0 1 0 0 0 0 0 0 0 0 1 0.0
81 22 6598 0 0 0 1 0 1 0 0 1 0 0 1 1 1 0 0 0 0 0 0 0 0 0.0
82 22 5865 0 0 0 0 0 0 1 0 0 1 0 1 0 1 0 0 1 0 0 0 0 0 0.0
83 22 6507 1 0 0 0 0 1 0 0 0 0 0 0 0 1 0 1 1 0 0 0 0 1 0.0
84 22 6169 1 0 1 0 0 1 1 0 0 0 1 0 0 0 0 1 0 0 0 1 1 0 0.0
85 22 8953 0 1 1 0 0 0 0 0 1 0 0 1 0 0 0 1 0 1 0 1 1 0 0.0
86 22 7430 1 0 0 0 1 1 0 1 0 1 0 0 0 0 0 0 1 0 0 0 0 0 0.0
87 22 7041 0 1 0 0 0 0 0 0 0 1 0 1 0 0 0 0 0 0 1 1 1 0 0.0
88 22 7341 1 0 0 0 0 0 0 0 1 0 0 1 0 0 0 0 1 0 0 1 1 0 0.0
89 22 6542 0 1 1 0 0 0 1 0 0 0 0 0 1 0 0 0 0 0 0 0 0 1 0.0
90 22 6974 1 0 1 0 1 0 0 0 1 0 0 0 0 1 0 0 0 0 0 0 0 1 0.0
91 22 6048 1 0 0 0 0 1 0 0 0 1 0 0 0 0 0 0 1 0 0 1 0 1 0.0
92 22 6314 0 1 0 0 1 0 0 0 0 1 0 1 0 1 0 0 0 0 1 0 1 1 0.0
93 22 6103 0 0 0 0 1 0 0 1 0 0 1 0 0 0 1 1 0 0 0 0 1 0 0.0
94 22 6151 0 0 0 1 0 0 0 0 0 1 1 0 1 0 0 0 1 0 0 0 0 0 0.0
95 22 7207 0 1 1 0 1 1 1 1 0 0 0 0 0 1 0 0 0 0 0 0 0 1 0.0
96 22 6974 0 0 1 0 0 1 0 0 0 0 1 0 0 0 0 1 1 1 0 0 0 0 0.0
97 22 8894 1 1 0 0 0 1 1 1 0 0 0 0 0 1 1 0 0 0 0 0 1 0 0.0
98 22 8487 1 0 0 0 0 0 0 0 1 1 1 0 0 0 0 1 1 0 0 1 0 0 0.0
99 22 8547 1 0 0 0 0 1 0 0 0 1 1 1 0 1 0 0 0 0 1 0 0 0 0.0
100 22 8893 0 0 0 0 1 1 0 0 0 1 0 0 1 0 1 1 1 0 0 0 0 0 0.0
101 22 7526 1 0 1 1 0 0 0 0 1 0 0 0 1 0 1 1 0 0 0 0 0 0 0.0
102 22 6627 0 0 0 1 1 1 1 0 0 0 0 1 0 0 0 0 0 0 1 0 0 0 0.0
103 22 7531 0 0 0 0 1 0 0 0 0 0 0 1 0 1 0 1 0 1 1 0 0 1 0.0
104 22 6250 0 0 1 0 0 1 0 0 1 0 1 0 0 1 0 0 0 1 0 0 0 0 0.0
105 22 8119 0 0 0 0 0 0 0 1 0 0 1 1 0 0 1 1 1 0 1 0 0 0 0.0
106 22 7791 1 1 0 0 1 0 1 0 1 1 0 0 0 0 0 0 0 0 0 0 1 0 0.0
107 22 7334 1 0 1 1 0 0 0 0 0 1 0 0 0 0 0 0 1 0 0 1 0 1 0.0
108 22 9072 0 0 1 0 1 1 0 1 0 1 0 0 1 0 0 0 1 0 0 0 0 0 0.0
109 22 6693 0 0 0 0 0 1 0 0 1 1 1 0 1 0 0 1 0 0 0 0 0 0 0.0
110 22 7665 0 1 0 0 0 1 0 0 0 1 1 0 0 0 1 1 0 0 0 0 0 0 0.0
111 22 6758 0 1 0 1 0 0 0 0 0 0 1 1 0 0 1 1 0 0 0 0 0 0 0.0
112 22 10756 1 0 0 1 0 0 0 1 1 1 1 1 1 0 0 0 0 0 0 0 0 1 0.0
113 22 5804 0 0 1 0 0 1 0 1 0 0 0 0 0 0 0 0 1 1 0 0 0 0 0.0
114 22 6877 1 0 1 0 0 0 0 0 0 1 0 1 0 1 0 0 1 0 0 0 0 0 0.0
115 22 6226 0 1 1 1 0 1 1 0 1 0 0 0 0 0 0 0 0 0 0 0 0 0 0.0
116 22 7910 0 0 0 1 0 0 0 0 0 0 1 0 0 0 1 1 1 0 0 0 0 1 0.0
117 22 8442 0 0 1 1 1 0 0 1 0 0 0 1 0 1 0 1 0 0 0 0 0 0 0.0
118 22 6584 1 1 1 1 0 0 0 0 0 1 0 0 1 0 0 0 0 0 0 0 0 0 0.0
119 22 8405 0 0 0 1 0 1 0 0 0 0 0 0 1 1 1 1 0 0 0 0 0 1 0.0
120 22 8335 0 0 1 0 0 1 1 1 0 0 0 0 0 1 1 0 0 0 0 0 1 0 0.0
121 22 5869 0 0 0 0 0 1 0 1 0 1 0 0 1 0 0 1 0 0 0 0 1 0 0.0
122 22 7148 1 0 0 0 1 0 0 0 0 1 0 0 1 0 1 0 0 0 1 1 0 0 0.0
123 22 7313 1 1 1 0 0 0 0 0 0 0 1 1 0 0 1 1 0 0 1 0 0 0 0.0
124 22 7236 0 0 0 0 1 0 0 0 1 0 0 0 1 1 1 0 0 0 0 1 0 0 0.0
125 22 7449 0 0 1 0 0 1 0 0 1 0 1 0 0 0 0 0 0 0 0 1 1 0 0.0
126 22 6163 0 1 0 1 0 0 1 0 1 0 0 1 0 0 0 0 1 0 0 0 0 0 0.0
127 22 7448 0 0 0 0 0 0 1 0 0 0 0 0 0 1 1 0 0 0 1 0 1 1 0.0
128 22 9092 1 0 0 1 1 1 0 0 1 0 1 0 0 0 0 1 0 1 0 0 0 0 0.0
129 22 6298 0 0 0 0 1 0 0 1 1 0 0 0 0 0 0 0 0 1 1 0 1 0 0.0
130 22 7591 0 0 1 1 0 1 0 0 0 0 1 0 1 1 0 0 1 0 0 0 0 0 0.0
131 22 7031 0 0 0 0 0 1 1 0 0 0 0 1 1 0 1 0 0 0 0 1 0 0 0.0
132 22 7652 0 0 1 0 0 0 1 1 0 0 0 0 0 0 0 0 1 1 0 0 1 0 0.0
133 22 8586 1 0 0 0 0 0 0 0 0 1 0 0 0 1 1 0 1 0 0 1 0 1 0.0
134 22 6862 0 0 0 1 1 0 1 0 0 0 1 0 0 0 0 0 1 0 0 0 1 0 0.0
135 22 7613 0 0 1 0 1 0 0 0 1 1 0 0 0 0 0 0 0 1 0 0 0 1 0.0
136 22 6836 0 0 0 1 0 1 0 0 0 0 0 1 1 0 0 0 0 1 0 0 0 0 0.0
137 22 7135 1 0 0 0 1 0 1 0 0 0 0 0 1 0 0 0 1 0 0 0 1 0 0.0
138 22 7789 0 0 0 1 0 1 0 0 0 1 0 0 0 0 0 0 1 1 1 0 0 1 0.0
139 22 5096 0 0 0 0 0 0 0 1 0 0 0 0 0 1 0 0 0 1 0 1 0 0 0.0
140 22 7472 1 0 1 0 0 1 0 0 0 0 0 0 1 0 1 0 0 1 0 0 1 0 0.0
141 22 6308 1 0 0 1 0 0 0 0 0 0 0 1 0 0 0 0 0 1 0 1 0 1 0.0
142 22 7571 0 0 1 1 0 0 0 0 0 0 1 0 0 1 0 0 1 0 1 0 1 0 0.0
143 22 7475 0 1 0 1 1 1 0 1 0 1 0 0 0 0 0 1 0 0 0 0 0 0 0.0
144 22 7590 0 0 0 0 0 1 0 0 1 0 1 0 0 0 0 1 0 1 1 0 1 0 0.0
145 22 6309 0 0 1 0 1 0 1 1 0 0 1 0 0 0 0 0 0 0 0 0 1 0 0.0
146 22 7945 0 0 0 1 1 0 0 0 0 1 0 1 0 0 0 0 0 0 1 0 1 0 0.0
147 22 7098 0 1 0 0 0 0 1 0 1 0 0 0 0 0 0 0 0 1 0 1 1 0 0.0
148 22 6026 0 1 0 0 0 0 0 0 0 0 0 0 1 1 0 0 1 0 0 0 1 1 0.0
149 22 6284 0 1 0 0 1 0 0 1 0 0 0 0 0 0 1 0 0 0 1 0 0 0 0.0
150 22 6016 0 0 0 0 0 0 0 0 1 0 0 0 1 0 0 1 0 0 1 0 1 0 0.0
151 22 7056 0 0 0 0 0 1 1 1 0 1 0 0 0 0 0 0 0 1 0 0 0 1 0.0
152 22 6519 1 0 0 0 0 0 1 1 1 0 0 0 0 0 0 0 0 0 1 0 1 0 0.0
153 22 7702 1 0 0 0 1 0 1 0 0 0 0 0 0 0 1 0 0 1 0 0 1 0 0.0
154 22 7462 0 1 0 0 1 1 1 0 0 1 0 0 0 0 0 1 0 0 0 0 0 0 0.0
155 22 7342 1 0 0 0 0 0 0 0 0 1 0 1 0 0 1 0 0 0 1 0 1 0 0.0
156 22 6427 1 0 0 0 0 1 1 1 0 0 1 0 0 0 0 0 1 0 0 0 0 0 0.0
157 22 6821 0 0 0 1 0 0 1 0 0 0 1 1 0 0 1 0 0 0 0 1 0 0 0.0
158 22 7898 1 0 1 0 0 0 0 1 1 0 0 1 0 0 1 0 0 0 0 1 0 0 0.0
159 22 8253 0 1 1 0 0 0 1 0 0 0 0 0 0 0 1 1 0 1 0 1 0 0 0.0
160 22 7559 0 0 0 0 1 1 0 0 0 0 1 0 1 0 0 1 0 0 0 0 1 0 0.0
161 22 8298 1 0 0 0 0 1 1 0 0 0 0 0 1 0 0 1 0 1 0 1 0 0 0.0
162 22 6093 0 1 1 1 0 0 0 0 0 0 0 1 0 1 0 0 0 1 1 0 0 0 0.0
163 22 7538 1 0 0 0 0 1 0 0 0 1 0 1 0 0 0 0 0 1 1 0 0 0 0.0
164 22 6340 1 1 0 0 0 0 0 0 0 1 0 1 0 0 0 1 0 0 0 1 0 0 0.0
165 22 7867 0 0 0 1 1 0 0 1 0 0 0 1 0 0 0 0 1 0 0 0 0 1 0.0
166 22 6749 1 0 0 1 0 1 1 0 0 0 0 0 0 0 0 0 0 0 1 0 0 0 0.0
167 22 7795 0 1 0 1 0 1 0 0 0 0 0 0 1 0 0 0 1 0 1 0 0 0 0.0
168 22 7896 0 0 0 0 0 0 1 0 0 0 0 0 0 0 0 1 1 1 1 1 0 0 0.0
169 22 8299 0 1 0 0 0 0 0 0 1 1 0 0 1 0 0 0 0 1 0 1 1 0 0.0
170 22 5945 0 0 0 1 1 0 0 0 0 0 0 0 0 1 1 0 0 0 1 0 0 1 0.0
171 22 5518 0 1 0 1 0 0 1 1 0 0 0 0 0 0 0 0 1 1 0 0 0 0 0.0
172 22 6159 0 0 1 0 0 1 0 1 0 0 1 0 0 1 0 0 0 0 0 0 0 0 0.0
173 22 6788 1 0 0 0 0 0 1 0 1 0 1 0 0 0 0 0 0 0 0 1 1 0 0.0
174 22 7621 0 1 0 0 0 1 0 0 0 1 0 0 0 1 0 0 0 1 0 0 0 1 0.0
175 22 7907 0 0 0 0 1 0 0 0 1 0 0 1 1 0 0 0 0 0 0 1 1 0 0.0
176 22 5843 0 1 0 1 0 0 0 0 0 1 0 0 0 0 1 0 0 0 0 0 1 1 0.0
177 22 7053 0 0 0 1 1 0 0 0 1 1 0 0 0 0 0 1 0 0 0 0 1 0 0.0
178 22 8752 0 1 0 1 0 0 0 1 1 0 1 0 1 1 0 0 0 0 1 0 0 0 0.0
179 22 8568 1 0 0 0 0 1 1 1 0 0 0 0 1 0 0 0 0 0 1 1 0 0 0.0
180 22 5925 0 0 0 0 0 0 0 1 0 0 0 0 0 0 0 1 0 0 0 1 1 1 0.0
181 22 6833 0 0 1 0 1 0 1 0 0 1 1 0 0 0 0 0 0 0 1 0 0 1 0.0
182 22 6334 1 1 0 1 0 1 0 0 0 0 0 0 0 0 1 0 0 0 0 0 0 1 0.0
183 22 7182 0 1 1 0 0 1 0 0 0 0 0 0 0 1 0 0 0 1 1 0 0 0 0.0
184 22 6333 1 0 0 1 0 0 0 1 1 0 0 0 0 0 0 1 0 0 0 0 0 1 0.0
185 22 7937 0 1 0 1 1 0 0 0 0 0 0 1 1 1 0 0 0 1 0 0 0 0 0.0
186 22 6901 1 1 0 1 1 0 0 0 0 0 0 1 0 0 0 0 1 0 0 0 1 0 0.0
187 22 6088 0 0 0 0 0 0 0 0 0 1 1 1 0 1 0 0 0 1 0 1 0 0 0.0
188 22 5848 1 1 0 0 0 0 0 0 1 0 0 1 0 1 0 0 1 0 0 0 0 0 0.0
189 22 8108 1 0 1 0 0 0 0 1 0 1 0 1 0 1 0 1 0 0 0 0 0 0 0.0
190 22 7005 0 0 1 0 0 0 1 0 0 1 0 1 0 0 0 0 0 0 1 0 1 0 0.0
191 22 7546 0 0 1 0 1 0 0 1 1 0 0 0 0 1 1 0 0 0 0 0 0 0 0.0
192 22 7708 0 0 0 1 0 0 1 1 0 0 0 0 0 1 0 0 0 0 1 1 1 0 0.0
193 22 7580 0 1 0 0 0 0 0 0 0 0 0 1 0 1 1 0 1 0 0 0 1 0 0.0
194 22 8385 0 1 0 0 0 0 1 0 0 1 0 1 0 1 1 0 1 1 0 0 0 0 0.0
195 22 7911 0 0 0 0 0 0 0 1 1 1 1 0 1 0 1 0 0 1 0 0 0 0 0.0
196 22 7386 0 0 0 0 0 1 0 0 0 0 0 0 1 0 0 0 1 0 1 1 0 1 0.0
197 22 7689 0 0 0 0 0 0 1 1 0 0 0 0 0 0 0 1 1 1 0 0 0 1 0.0
198 22 7397 0 1 0 1 0 0 0 0 1 0 0 0 0 1 0 1 0 0 0 1 0 1 0.0
199 22 6865 0 0 0 1 0 1 1 0 0 0 0 0 0 0 0 0 0 1 1 0 1 0 0.0
200 22 7138 0 1 0 0 1 0 1 0 0 0 0 0 1 0 1 1 0 0 0 0 0 0 0.0
201 22 7255 1 0 0 0 1 0 0 0 0 0 0 1 1 0 1 0 0 1 0 0 0 0 0.0
202 22 8050 1 0 0 0 0 1 1 0 0 1 1 1 0 0 0 1 0 0 0 1 0 0 0.0
203 22 6614 1 0 0 1 1 0 1 0 1 1 1 0 0 0 0 0 0 0 0 0 0 0 0.0
204 22 6995 0 1 0 0 0 0 0 1 0 0 1 0 0 0 0 0 0 0 1 0 0 1 0.0
205 22 7305 0 0 0 0 0 0 0 0 1 0 1 0 1 0 1 0 0 1 0 0 1 0 0.0
206 22 6080 1 1 0 0 1 0 0 0 0 0 0 1 0 0 0 1 0 0 0 0 0 0 0.0
207 22 7658 0 0 0 0 0 0 0 0 1 1 1 0 1 0 0 0 0 1 0 1 0 0 0.0
208 22 5930 0 1 1 0 0 0 0 1 1 0 0 0 1 1 0 0 1 1 0 0 0 1 0.0
209 22 6554 0 0 1 0 1 0 0 1 1 0 0 0 0 1 0 0 0 0 0 0 0 1 0.0
210 22 7807 0 0 1 0 1 0 1 1 0 0 0 0 0 1 0 0 0 1 0 0 0 0 0.0
211 22 6702 1 0 0 0 0 1 0 0 0 0 0 0 1 0 0 1 0 1 0 0 1 0 0.0
212 22 7541 0 0 0 0 0 1 0 0 1 0 0 1 1 0 0 0 0 1 0 1 0 0 0.0
213 22 8204 0 0 0 1 0 0 1 1 0 1 1 1 0 1 0 0 0 0 1 0 0 0 0.0
214 22 5866 1 0 0 0 0 0 0 0 0 0 0 0 1 0 1 0 1 1 0 0 0 0 0.0
215 22 6908 0 1 0 0 0 0 1 0 0 0 0 1 0 0 1 1 0 0 0 1 0 0 0.0
216 22 6234 0 0 0 1 0 0 1 1 0 0 0 1 0 1 0 0 0 0 0 1 0 0 0.0
217 22 7925 0 1 1 0 1 0 0 0 0 0 0 1 0 1 1 1 0 0 1 0 0 0 0.0
218 22 6300 0 0 0 0 0 0 0 1 0 0 0 1 1 1 0 0 1 0 0 0 0 1 0.0
219 22 8013 0 1 0 1 1 0 0 0 0 0 0 1 1 0 0 0 0 0 0 1 1 0 0.0
220 22 6330 0 0 0 1 0 1 0 1 1 0 1 1 0 0 0 0 0 0 0 0 0 1 0.0
221 22 6996 1 0 0 0 0 1 0 0 0 0 0 1 1 1 0 0 0 1 0 0 0 1 0.0
222 22 6909 1 0 0 0 0 1 0 0 1 0 0 1 0 0 0 1 0 0 1 0 0 0 0.0
223 22 8117 1 1 0 1 0 1 1 0 0 1 0 0 0 0 0 1 1 0 0 0 0 0 0.0
224 22 7430 0 0 1 1 1 0 1 0 0 0 1 0 0 1 0 0 0 0 0 0 0 0 0.0
225 22 6534 0 0 0 1 0 1 1 0 1 1 0 0 0 0 0 1 0 1 0 0 0 0 0.0
226 22 8180 0 0 0 1 0 0 0 0 0 1 0 1 0 1 0 0 0 0 0 1 1 1 0.0
227 22 7203 1 0 0 0 0 0 1 0 1 1 0 0 0 1 0 0 0 0 0 0 0 1 0.0
228 22 7587 1 0 0 0 1 0 0 0 0 1 1 0 0 0 0 0 1 1 0 0 0 0 0.0
229 22 6144 1 0 0 0 1 0 0 0 0 0 0 0 0 0 1 0 1 0 0 0 0 1 0.0
230 22 7370 0 0 0 1 0 0 0 0 1 0 1 1 0 0 0 0 1 0 0 0 0 1 0.0
231 22 7645 1 0 1 0 0 0 0 0 0 1 0 0 0 1 0 0 0 0 1 0 1 1 0.0
232 22 7595 1 0 0 0 0 0 0 1 0 0 1 1 1 0 0 0 0 0 0 0 0 1 0.0
233 22 6313 0 0 1 0 0 1 0 0 0 0 0 0 1 0 0 1 0 0 0 1 0 0 0.0
234 22 6940 0 0 1 0 1 0 0 0 0 0 1 0 0 0 1 0 0 0 0 1 0 0 0.0
235 22 7425 1 0 1 0 0 0 1 0 1 0 0 0 1 1 0 0 0 0 0 0 0 0 0.0
236 22 6870 0 0 0 1 0 0 1 1 0 0 0 0 0 0 1 0 1 1 0 0 0 0 0.0
237 22 7028 1 0 1 0 1 1 1 0 0 0 0 0 0 0 0 1 0 0 0 0 0 0 0.0
238 22 7766 1 1 0 0 0 1 1 0 0 0 0 0 0 1 0 0 1 0 0 0 0 1 0.0
239 22 7930 0 0 1 0 0 0 0 0 0 0 1 1 0 0 0 0 1 0 1 0 1 0 0.0
240 22 6699 0 1 1 1 0 0 0 0 0 0 1 0 0 0 0 0 1 0 0 0 0 0 0.0
241 22 7978 0 1 1 0 1 0 0 0 0 0 0 0 0 1 0 0 0 0 0 1 0 1 0.0
242 22 8467 0 0 0 1 1 0 0 0 1 1 0 0 0 0 0 0 1 0 1 1 0 1 0.0
243 22 7304 1 0 0 0 0 0 1 0 1 0 0 0 0 1 0 0 0 1 1 0 0 0 0.0
244 22 7485 0 0 0 0 0 0 1 1 0 0 0 0 0 0 1 0 0 1 1 0 0 1 0.0
245 22 7019 0 0 0 1 0 0 0 1 1 0 1 0 1 0 0 0 0 0 0 0 1 0 0.0
246 22 8257 0 0 0 0 0 0 0 1 0 0 0 1 0 1 0 1 0 1 1 0 0 0 0.0
247 22 5944 0 0 0 1 1 1 0 0 0 0 0 0 1 0 0 0 1 0 0 0 0 1 0.0
248 22 7330 0 0 0 1 0 0 0 1 0 1 0 0 0 0 1 1 0 0 0 0 1 0 0.0
249 22 7442 0 0 0 0 0 1 0 1 0 0 1 1 0 0 1 0 0 1 0 0 0 0 0.0
250 22 7026 0 0 0 1 1 1 0 0 0 0 0 0 0 0 1 1 1 0 0 0 0 0 0.0
251 22 7930 0 0 0 1 1 0 0 0 0 1 0 0 0 0 0 0 1 1 0 1 0 0 0.0
252 22 6357 1 0 0 0 1 0 1 0 0 0 0 0 0 0 1 0 1 0 0 0 1 0 0.0
253 22 6173 0 1 0 0 0 1 0 0 0 0 0 0 0 0 1 1 0 1 0 0 0 0 0.0
254 22 6575 1 0 1 0 0 1 0 0 0 0 0 0 0 0 0 0 0 1 0 0 1 0 0.0
255 22 7236 0 0 1 0 0 0 1 0 0 0 1 1 0 0 0 0 1 0 1 0 0 0 0.0
256 22 8071 1 0 0 0 0 0 1 1 0 0 1 0 1 1 0 0 0 0 0 0 1 0 0.0
257 22 9356 0 1 1 0 0 0 0 0 1 0 0 0 1 0 0 1 1 0 0 0 0 1 0.0
258 22 4804 0 0 0 0 1 0 0 1 0 1 0 0 1 0 0 0 0 1 0 0 0 0 0.0
259 22 7151 1 0 0 0 0 0 0 1 0 0 1 1 0 0 0 1 0 0 0 1 0 0 0.0
260 22 8529 1 0 0 0 1 0 1 0 0 0 0 0 0 0 0 0 0 0 1 1 1 1 0.0
261 22 8165 0 0 1 1 0 0 1 0 0 0 0 0 1 0 1 0 0 0 0 1 0 1 0.0
262 22 7499 0 0 1 0 0 0 0 0 0 1 0 0 0 0 1 0 1 0 0 1 0 1 0.0
263 22 6537 1 0 0 0 0 1 0 0 0 0 0 0 1 0 0 0 0 0 0 1 1 0 0.0
264 22 5636 0 0 0 1 1 0 0 0 0 1 0 1 1 1 0 1 0 0 0 0 0 0 0.0
265 22 9069 0 0 0 0 1 0 0 1 0 0 0 0 1 1 1 0 0 0 0 1 0 1 0.0
266 22 6778 1 0 0 1 0 0 1 1 0 0 0 0 0 0 0 0 1 0 0 0 1 0 0.0
267 22 7728 1 0 0 0 0 0 0 1 1 0 0 0 0 1 1 0 0 1 0 0 0 0 0.0
268 22 7600 0 0 0 0 0 0 1 1 1 0 0 0 1 1 0 1 0 0 0 0 0 0 0.0
269 22 7285 1 0 1 0 1 0 0 0 0 0 0 0 1 1 1 0 1 0 0 0 0 1 0.0
270 22 6321 0 0 0 0 1 1 0 0 0 0 0 0 0 0 0 1 1 1 0 1 1 0 0.0
271 22 7784 1 0 0 0 0 0 0 0 0 0 0 0 1 1 0 0 1 1 0 1 0 0 0.0
272 22 6548 0 1 0 0 0 1 0 1 0 0 0 0 0 0 0 1 0 1 0 1 0 0 0.0
273 22 7327 0 0 0 0 1 0 1 1 0 0 0 1 0 0 0 0 0 1 1 0 0 0 0.0
274 22 8959 1 1 0 0 0 0 0 0 0 0 1 0 0 1 1 0 0 1 0 1 0 1 0.0
275 22 8602 1 0 1 1 0 1 0 0 0 0 0 1 0 0 0 0 1 0 1 0 0 0 0.0
276 22 7662 0 1 0 0 1 1 1 0 0 0 0 0 0 0 1 0 0 1 0 0 0 0 0.0
277 22 6771 0 1 1 0 0 0 0 0 0 1 1 0 0 0 1 0 0 0 0 1 0 0 0.0
278 22 6434 1 0 0 1 0 0 1 0 0 0 0 0 1 0 0 1 0 0 0 1 0 0 0.0
279 22 7434 0 1 0 1 0 0 0 1 0 0 0 0 0 1 1 0 0 0 1 0 0 0 0.0
280 22 6958 0 0 0 1 1 0 0 0 1 0 0 0 1 0 1 0 0 1 1 0 0 0 0.0
281 22 6655 1 1 0 1 1 0 0 0 0 0 0 0 1 1 0 0 0 0 0 0 0 0 0.0
282 22 6193 0 1 0 0 0 0 0 1 0 1 1 1 0 0 0 1 0 0 0 0 0 0 0.0
283 22 7767 0 0 1 0 1 0 0 0 0 0 0 0 1 0 0 0 1 1 0 0 1 0 0.0
284 22 6492 0 1 1 1 0 0 0 0 1 0 1 0 0 1 0 0 0 0 0 0 0 1 0.0
285 22 8040 0 1 0 0 1 1 1 0 1 0 0 0 0 0 0 0 1 0 0 0 0 0 0.0
286 22 7693 0 0 0 0 0 0 0 1 0 1 0 0 1 0 0 0 1 0 1 1 0 1 0.0
287 22 7422 0 0 0 0 0 1 0 1 0 0 1 1 0 1 0 0 0 0 1 0 0 0 0.0
288 22 9202 0 1 0 1 0 0 1 0 0 0 1 0 0 1 0 1 1 0 0 0 0 0 0.0
289 22 7712 0 1 0 1 0 1 0 0 0 1 0 0 0 0 1 0 0 1 1 0 0 0 0.0
290 22 6156 0 1 0 0 0 0 0 1 0 0 1 1 0 0 0 1 0 0 1 0 0 0 0.0
291 22 7090 0 0 0 1 0 1 1 0 0 0 0 1 0 0 0 0 0 0 1 0 0 1 0.0
292 22 8477 0 1 1 0 0 0 0 0 0 1 1 0 1 1 0 0 1 0 0 0 0 0 0.0
293 22 5948 0 0 0 0 0 1 0 0 0 0 1 0 1 0 1 0 0 0 0 0 0 1 0.0
294 22 6219 0 1 0 1 0 0 1 0 0 1 0 0 1 0 0 0 0 0 0 0 0 1 0.0
295 22 5922 1 0 0 0 0 0 1 1 0 0 0 0 0 0 0 1 0 0 0 1 0 0 0.0
296 22 6697 0 0 0 0 1 0 1 1 1 0 0 0 0 0 0 1 1 0 0 0 0 0 0.0
297 22 6358 1 0 0 1 1 0 1 0 0 1 0 0 0 0 0 0 0 0 0 0 0 0 0.0
298 22 7401 0 1 1 0 0 0 0 1 0 0 0 0 0 0 1 0 0 0 0 1 1 0 0.0
299 22 5910 0 0 1 0 0 1 1 0 0 0 0 1 1 0 0 0 0 0 0 0 1 0 0.0
300 22 7329 0 0 1 0 0 0 0 0 0 0 0 1 0 0 0 1 1 1 1 0 0 0 0.0
301 22 8312 0 0 0 1 0 1 0 0 1 0 0 0 1 0 0 1 0 1 0 0 1 0 0.0
302 22 7645 0 0 0 0 1 0 0 1 1 0 1 0 1 0 0 0 0 0 0 1 0 1 0.0
303 22 6297 1 0 0 0 0 0 0 0 0 0 0 1 1 0 0 1 1 0 0 1 0 1 0.0
304 22 7277 1 0 0 0 0 0 1 0 0 1 0 1 0 0 0 0 0 0 1 0 0 1 0.0
305 22 8087 1 0 0 0 0 1 0 1 1 1 0 0 0 1 0 0 1 0 0 0 0 0 0.0
306 22 8429 1 0 0 0 1 0 1 1 1 0 0 0 0 0 0 0 1 0 0 0 0 1 0.0
307 22 8205 1 0 1 1 0 0 0 1 0 0 1 1 0 0 0 0 0 0 0 0 0 1 0.0
308 22 4863 1 0 1 0 0 0 0 0 0 0 0 0 0 0 1 0 1 1 0 0 0 0 0.0
309 22 5752 1 0 0 1 0 0 1 0 1 0 0 0 0 0 0 0 0 0 0 0 1 0 0.0
310 22 5326 0 0 0 1 0 0 0 1 0 0 0 0 1 0 0 0 0 1 0 0 1 0 0.0
311 22 7319 0 0 0 1 0 0 0 0 1 1 0 0 0 1 0 1 0 0 1 1 0 0 0.0
312 22 7165 0 1 0 1 0 1 0 0 0 0 0 0 0 0 1 0 0 0 0 1 0 1 0.0
313 22 7211 0 0 0 0 0 0 0 0 0 0 0 0 1 1 0 1 0 1 1 0 0 1 0.0
314 22 9201 1 0 0 0 0 1 1 0 1 0 1 1 1 0 0 0 0 0 1 0 0 0 0.0
315 22 7264 0 0 0 1 0 0 0 0 0 0 0 0 1 0 0 1 1 1 1 0 0 0 0.0
316 22 6811 0 0 0 0 0 1 0 0 0 0 1 1 1 1 0 0 0 1 0 0 0 0 0.0
317 22 6909 0 0 0 0 1 1 0 0 0 0 0 0 1 0 0 1 0 0 1 0 0 1 0.0
318 22 8855 0 0 1 0 0 1 0 0 0 0 1 0 0 0 1 1 0 1 0 1 0 1 0.0
319 22 7011 0 0 1 0 0 0 0 0 0 0 1 0 0 0 0 1 0 0 1 1 0 1 0.0
320 22 7402 0 0 1 0 0 0 1 0 1 1 1 0 0 1 0 0 0 0 0 0 1 0 0.0
321 22 5761 0 0 0 1 0 0 1 0 0 0 0 1 0 0 1 0 1 0 0 0 1 0 0.0
322 22 7024 0 0 1 0 0 0 0 1 1 0 0 0 0 0 0 0 0 0 1 1 1 0 0.0
323 22 8313 1 0 1 1 0 1 0 0 0 1 0 0 0 0 0 1 0 0 1 0 0 0 0.0
324 22 6880 0 1 0 0 0 0 0 0 0 1 0 1 0 0 0 1 0 0 0 1 0 1 0.0
325 22 6768 0 1 0 0 0 0 0 1 1 0 0 0 0 0 0 0 0 0 1 1 0 0 0.0
326 22 8220 1 1 0 1 0 1 1 0 0 0 0 0 0 0 0 0 0 0 1 0 0 1 0.0
327 22 6021 1 0 0 1 1 0 0 0 0 0 0 0 0 0 0 0 0 1 1 0 0 0 0.0
328 22 5777 0 0 0 0 0 0 1 0 1 0 0 0 0 0 0 0 1 0 1 1 0 0 0.0
329 22 8101 0 1 1 1 1 0 0 0 0 1 1 0 0 0 0 0 0 1 0 0 0 1 0.0
330 22 6277 0 0 0 1 1 1 0 0 1 0 0 0 0 0 0 0 1 0 0 0 0 0 0.0
331 22 6895 1 0 0 0 0 1 0 0 0 0 1 0 0 0 1 0 1 0 0 1 1 0 0.0
332 22 6484 0 0 1 0 1 0 0 0 0 0 1 1 0 0 0 0 0 0 0 0 1 0 0.0
333 22 5911 0 0 1 0 0 0 0 1 0 0 0 0 0 1 0 0 0 0 1 1 0 1 0.0
334 22 6895 1 1 0 0 0 1 0 0 0 0 1 0 0 0 0 0 1 1 0 0 0 0 0.0
335 22 7750 0 1 0 0 1 0 0 0 1 1 0 1 0 0 0 0 0 0 0 0 1 0 0.0
336 22 7101 0 1 0 0 0 0 0 0 0 0 1 1 0 0 0 1 0 0 0 0 1 0 0.0
337 22 7410 0 0 0 1 0 1 0 1 0 0 0 1 0 0 0 1 0 0 0 0 0 1 0.0
338 22 6050 0 1 0 1 1 0 0 0 0 0 0 0 0 0 0 0 0 0 1 1 0 0 0.0
339 22 7435 0 1 0 1 0 1 0 0 1 0 0 1 0 0 0 0 0 0 0 0 0 1 0.0
340 22 6597 0 0 0 0 1 1 0 0 0 0 0 1 1 0 1 0 0 0 0 0 1 1 0.0
341 22 7023 0 1 1 1 0 0 1 0 0 0 0 1 0 0 0 1 0 0 0 0 0 0 0.0
342 22 7715 1 0 1 0 0 0 0 0 1 0 0 0 0 1 0 1 0 0 1 0 0 0 0.0
343 22 8638 0 0 0 1 1 0 1 0 0 0 1 1 0 0 0 0 0 0 1 0 0 1 0.0
344 22 7747 0 0 0 0 0 0 1 0 1 1 1 1 0 0 1 0 0 0 0 0 0 0 0.0
345 22 7178 1 1 0 0 0 0 0 0 1 1 0 0 0 1 0 1 0 0 0 0 0 0 0.0
346 22 7454 1 0 1 0 0 1 0 0 0 1 0 1 0 0 1 1 0 0 0 0 0 1 0.0
347 22 6578 0 0 0 1 0 1 0 1 0 0 0 0 0 0 0 0 0 1 0 0 0 1 0.0
348 22 6654 0 1 0 1 0 1 1 0 0 0 0 0 0 0 1 0 1 0 0 0 0 0 0.0
349 22 8877 0 1 0 0 0 0 1 0 1 0 0 1 0 1 0 0 0 1 0 0 0 1 0.0
350 22 6466 1 0 0 1 0 1 1 0 0 0 0 0 0 0 0 0 0 0 1 0 1 1 0.0
351 22 7527 1 0 1 0 0 0 0 0 0 0 0 0 0 1 1 0 1 0 0 1 0 0 0.0
352 22 9006 1 1 1 0 1 0 0 0 0 0 0 1 1 1 0 0 1 0 0 0 0 0 0.0
353 22 8603 0 1 1 0 0 0 0 0 0 0 0 1 0 0 0 0 1 1 1 0 0 1 0.0
354 22 5354 0 1 1 0 0 0 0 1 0 0 0 1 0 0 0 0 0 0 1 1 0 0 0.0
355 22 6721 0 0 0 0 1 0 1 0 1 0 1 0 0 0 0 1 0 0 0 1 0 0 0.0
356 22 5957 1 0 0 1 0 1 0 0 0 0 0 1 1 0 0 0 0 0 0 1 0 0 0.0
357 22 7394 1 0 1 0 0 0 0 1 0 0 0 0 0 0 1 0 1 0 0 0 1 0 0.0
358 22 6372 0 0 0 1 0 1 0 0 1 0 1 0 0 0 1 0 1 0 0 0 0 0 0.0
359 22 7369 0 0 1 0 0 0 0 0 0 0 0 1 1 1 0 0 0 0 1 1 0 0 0.0
360 22 7858 1 1 0 0 1 0 0 1 0 0 1 0 0 1 0 0 0 0 0 0 0 1 0.0
361 22 6789 1 1 0 0 0 0 0 0 0 0 1 0 0 0 1 0 0 0 0 0 0 1 0.0
362 22 6846 1 0 0 1 0 0 0 0 0 0 0 0 1 1 0 0 0 0 1 0 0 1 0.0
363 22 6373 0 0 0 0 0 1 0 0 0 0 0 0 1 0 1 1 1 0 0 0 0 0 0.0
364 22 8098 1 1 0 0 0 0 0 0 0 0 0 1 0 0 0 1 0 0 0 0 1 1 0.0
365 22 8853 1 1 0 0 0 0 0 0 0 1 0 0 0 1 1 1 0 0 0 0 1 0 0.0
366 22 7527 1 1 0 0 0 0 0 0 0 1 0 1 0 1 0 0 0 1 0 0 0 0 0.0
367 22 7529 0 1 1 1 0 0 0 1 0 0 1 0 1 0 0 0 0 1 0 0 0 0 0.0
368 22 8008 1 0 0 0 0 1 0 0 0 0 1 0 0 1 0 0 0 0 0 1 1 0 0.0
369 22 6775 0 1 0 1 0 0 1 0 0 1 0 0 0 0 0 0 0 0 1 0 1 0 0.0
370 22 7883 0 0 0 1 0 1 0 1 1 0 0 0 1 0 0 1 0 0 0 0 0 1 0.0
371 22 7626 0 0 1 1 0 0 0 1 1 0 0 0 0 0 0 1 1 0 0 0 0 0 0.0
372 22 7317 0 0 0 0 0 0 0 0 0 0 1 0 1 1 0 1 0 0 1 0 1 0 0.0
373 22 6900 0 0 0 1 0 0 1 1 0 1 0 0 0 0 1 1 0 0 0 1 0 0 0.0
374 22 8098 0 0 0 0 0 1 1 0 1 0 0 0 1 0 0 0 0 1 0 0 1 1 0.0
375 22 6322 1 0 0 1 1 0 1 0 0 1 0 0 0 0 1 0 0 0 0 0 0 0 0.0
376 22 7424 0 1 0 0 0 1 0 1 0 1 0 0 0 0 0 0 0 0 1 0 1 0 0.0
377 22 8806 0 1 1 0 0 0 0 0 0 0 0 1 0 1 1 0 0 1 0 0 0 1 0.0
378 22 9587 1 0 0 1 0 1 1 0 0 0 1 0 0 1 1 0 0 0 1 0 0 0 0.0
379 22 7319 0 0 0 0 0 1 0 1 0 0 1 0 0 0 1 1 0 0 0 0 0 1 0.0
380 22 7685 0 0 0 0 0 0 0 0 1 1 0 1 0 0 1 0 0 1 0 0 0 1 0.0
381 22 6288 0 1 0 0 0 1 0 0 0 0 0 0 0 0 0 1 1 0 0 0 1 1 0.0
382 22 7341 1 0 1 1 1 0 1 0 0 0 0 0 0 0 0 1 0 0 0 0 0 0 0.0
383 22 7641 0 0 0 0 0 0 0 1 1 1 1 0 0 0 0 0 1 0 0 0 0 1 0.0
384 22 7763 1 0 0 0 0 0 0 0 0 0 0 0 0 1 0 0 1 1 0 0 1 1 0.0
385 22 6105 0 0 0 0 0 0 0 0 1 1 0 0 0 1 0 0 1 0 1 0 0 0 0.0
386 22 8281 0 0 1 0 0 1 0 0 0 0 0 1 0 1 0 0 0 0 1 0 1 0 0.0
387 22 6546 0 0 0 0 0 0 0 1 0 0 0 1 1 0 1 0 0 0 1 1 0 0 0.0
388 22 6761 0 1 0 0 0 1 0 1 0 0 1 0 0 0 0 0 1 0 0 0 1 0 0.0
389 22 8413 0 0 0 1 1 0 0 0 0 0 0 1 1 0 1 1 0 0 0 0 0 0 0.0
390 22 7693 0 0 0 0 0 1 0 0 0 1 0 0 0 1 0 0 0 0 1 1 1 0 0.0
391 22 10487 0 0 1 0 1 0 0 0 0 0 0 1 1 1 0 0 1 0 0 0 1 1 0.0
392 22 6446 1 0 0 0 0 1 1 0 1 0 0 0 0 0 0 1 1 0 0 0 0 0 0.0
393 22 6956 0 0 0 0 0 0 0 1 0 0 0 0 1 0 0 0 0 1 0 1 1 0 0.0
394 22 7575 0 0 1 0 0 1 0 0 0 0 0 0 0 0 1 0 0 0 0 1 1 1 0.0
395 22 6208 0 0 1 1 0 0 1 0 0 0 1 0 0 0 0 0 0 0 0 0 0 1 0.0
396 22 7292 1 0 1 0 1 0 0 0 1 0 0 0 0 0 1 0 0 0 1 1 0 0 0.0
397 22 6221 0 1 0 0 0 1 0 0 1 0 0 1 1 0 0 0 0 0 0 0 0 0 0.0
398 22 7095 1 0 1 0 0 0 0 1 0 0 0 0 0 0 0 0 1 0 1 0 0 0 0.0
399 22 8098 0 1 0 0 0 0 0 0 0 0 0 0 1 1 1 0 1 1 0 0 1 0 0.0
400 22 6058 0 0 1 1 0 0 0 0 1 0 1 0 0 0 0 0 0 1 1 0 0 0 0.0
401 22 7282 0 0 0 0 0 0 0 1 1 1 0 0 0 1 1 0 1 0 0 0 0 0 0.0
402 22 7835 0 0 0 0 1 0 1 0 0 1 1 0 0 1 0 0 0 1 0 1 0 0 0.0
403 22 5677 1 0 0 0 0 1 0 0 0 0 0 1 0 0 0 0 0 1 0 0 1 1 0.0
404 22 8303 0 0 0 0 1 0 0 0 0 1 1 1 1 1 0 0 1 0 0 0 0 0 0.0
405 22 8275 1 0 0 0 1 0 0 0 1 1 0 1 0 0 0 0 1 0 0 0 0 1 0.0
406 22 6964 0 1 1 0 0 1 0 0 0 0 1 0 1 0 0 0 0 0 1 0 0 0 0.0
407 22 7020 0 0 1 0 0 0 0 1 0 0 0 1 0 0 0 0 0 1 0 1 1 1 0.0
408 22 7829 1 1 0 1 0 0 0 0 0 1 0 0 0 0 0 0 1 0 0 1 1 0 0.0
409 22 6752 0 0 0 0 1 0 0 1 1 0 0 0 0 1 0 0 0 0 1 0 0 0 0.0
410 22 6914 0 0 0 0 0 1 1 0 0 0 1 0 0 0 1 1 0 0 0 0 0 0 0.0
411 22 10142 0 0 0 1 0 0 1 0 1 0 0 1 0 1 1 0 1 0 1 0 0 0 0.0
412 22 8601 1 1 0 0 1 1 1 0 1 0 0 0 0 0 1 0 0 0 0 0 0 0 0.0
413 22 7486 0 0 0 0 1 0 1 0 1 0 0 1 0 0 0 1 1 0 0 0 0 0 0.0
414 22 7096 0 0 1 1 0 1 0 1 0 0 0 0 0 0 0 0 0 1 1 0 0 0 0.0
415 22 5902 0 0 1 0 1 0 0 0 0 0 1 0 0 1 0 0 0 0 0 0 1 1 0.0
416 22 8711 0 0 1 0 0 0 0 1 0 0 0 1 1 1 0 0 0 0 0 1 1 0 0.0
417 22 7280 1 0 1 1 1 0 1 1 0 0 0 0 1 1 0 0 0 0 0 0 0 0 0.0
418 22 6594 1 0 0 0 0 0 0 1 1 0 0 0 0 0 0 1 0 0 0 0 1 0 0.0
419 22 7826 1 0 0 0 0 0 1 0 0 0 1 0 0 0 1 0 0 0 0 1 0 1 0.0
420 22 8983 0 0 0 0 0 0 1 1 1 0 1 0 0 0 1 0 0 0 0 0 1 1 0.0
421 22 7704 0 0 1 1 0 0 1 0 0 0 1 0 0 0 1 0 1 0 0 0 0 1 0.0
422 22 5990 0 0 0 0 0 0 1 0 0 0 0 1 1 1 0 0 0 1 0 0 0 0 0.0
423 22 4570 0 1 0 0 1 0 1 0 0 0 0 0 0 1 0 0 0 1 0 0 0 0 0.0
424 22 6523 0 0 1 0 1 1 0 1 0 0 0 0 1 0 0 0 1 0 0 0 0 0 0.0
425 22 5452 0 0 0 0 0 0 0 0 0 0 1 1 1 0 0 1 0 0 0 0 0 0 0.0
426 22 7703 0 0 1 1 0 1 1 0 0 1 0 0 0 0 0 0 0 0 0 0 1 1 0.0
427 22 7430 0 1 1 0 0 1 0 0 1 0 0 0 1 0 0 0 1 0 0 0 0 0 0.0
428 22 8396 0 1 0 1 1 1 1 0 0 0 0 0 0 1 0 0 0 0 0 0 1 0 0.0
429 22 7485 0 0 0 0 0 0 0 1 0 0 0 0 0 1 0 0 1 0 1 0 1 1 0.0
430 22 8193 1 1 1 0 0 0 0 0 1 0 1 1 0 0 0 1 0 0 0 0 0 0 0.0
431 22 9763 1 0 0 0 0 0 0 0 1 1 0 0 0 0 1 1 1 0 1 0 0 1 0.0
432 22 6406 1 1 0 1 0 0 0 0 1 0 0 0 0 0 1 0 0 1 1 0 0 0 0.0
433 22 7665 0 0 0 0 1 0 0 0 1 0 1 1 0 0 0 1 0 0 1 0 1 0 0.0
434 22 6482 0 1 0 0 1 0 1 0 0 0 0 0 0 0 0 0 1 0 0 1 1 0 0.0
435 22 6862 0 0 0 0 0 0 0 0 1 0 0 0 1 1 1 1 0 0 0 0 0 1 0.0
436 22 9018 1 0 0 0 0 0 0 1 0 0 1 0 0 0 1 1 1 0 0 0 1 0 0.0
437 22 7521 0 0 0 0 0 0 0 1 0 1 0 0 0 1 0 1 1 0 1 0 0 0 0.0
438 22 5494 0 0 0 0 0 0 0 0 0 0 0 1 0 0 1 0 1 0 1 0 1 0 0.0
439 22 7323 0 0 1 0 0 0 0 1 0 1 1 1 1 0 0 0 0 0 0 0 0 0 0.0
440 22 8208 1 1 0 0 1 0 0 0 0 0 1 0 0 0 0 0 0 1 1 0 0 0 0.0
441 22 10307 1 0 1 0 1 0 0 0 0 0 0 1 0 1 1 0 0 1 0 0 0 1 0.0
442 22 7662 1 0 0 0 0 0 1 0 1 0 1 0 1 0 0 0 0 0 1 0 0 0 0.0
443 22 8193 0 1 1 1 0 0 0 1 0 0 0 1 0 0 1 0 0 0 0 1 0 0 0.0
444 22 5665 0 0 0 0 0 0 1 1 0 0 1 0 0 1 0 0 1 0 0 0 0 0 0.0
445 22 8842 1 0 0 0 0 0 1 0 0 0 1 1 1 0 1 0 1 0 0 0 0 0 0.0
446 22 6547 0 0 0 0 0 0 1 0 1 1 0 0 0 0 0 1 0 0 0 0 0 1 0.0
447 22 6402 0 0 0 0 0 1 0 1 0 0 0 0 0 0 1 0 1 1 1 0 0 1 0.0
448 22 7506 0 0 0 0 0 0 1 1 0 0 0 0 1 0 0 0 1 0 0 1 0 1 0.0
449 22 6451 0 0 0 0 0 0 0 1 0 0 1 1 0 1 0 1 0 0 0 0 0 0 0.0
450 22 8438 0 0 1 0 0 0 0 1 0 1 0 1 0 0 0 0 1 0 1 1 1 0 0.0
451 22 7381 0 1 0 0 0 1 0 0 0 1 0 0 1 1 0 1 0 0 0 0 0 0 0.0
452 22 7152 0 0 0 0 0 1 1 1 0 0 1 0 1 0 0 0 0 1 0 0 0 0 0.0
453 22 5917 0 0 0 0 1 0 0 1 0 0 0 1 1 0 0 0 0 0 0 1 0 1 0.0
454 22 6367 1 0 0 0 0 1 0 0 0 1 0 0 0 0 0 0 0 0 0 1 0 1 0.0
455 22 7148 1 0 0 1 0 0 0 0 0 1 0 1 1 0 0 0 0 1 0 0 0 0 0.0
456 22 6060 0 1 0 0 0 1 0 0 0 1 0 0 0 1 0 1 0 0 0 0 0 0 0.0
457 22 6667 0 1 0 0 1 0 0 0 0 1 0 1 0 0 0 0 0 0 1 0 1 0 0.0
458 22 6728 0 1 1 0 0 0 0 1 0 0 1 0 0 0 1 0 1 0 0 0 0 0 0.0
459 22 8670 1 1 0 1 0 1 0 0 1 0 0 0 1 0 0 0 1 1 0 0 0 0 0.0
460 22 8514 1 1 0 0 0 0 1 1 0 1 1 0 0 0 0 0 0 0 0 0 1 1 0.0
461 22 7598 0 1 1 0 0 1 1 0 1 0 0 1 0 0 1 0 0 0 0 0 0 0 0.0
462 22 5851 0 0 0 0 1 0 0 1 0 0 1 1 0 0 0 0 0 0 1 0 0 0 0.0
463 22 6877 1 0 1 0 0 1 1 0 0 0 0 0 0 0 0 0 1 0 0 0 0 0 0.0
464 22 7595 0 0 1 1 1 0 0 0 0 0 0 0 0 1 0 0 0 1 0 1 0 0 0.0
465 22 7808 1 0 0 0 1 0 1 0 0 0 0 0 1 0 1 1 0 0 0 0 0 0 0.0
466 22 7849 0 0 0 0 0 1 1 0 0 1 0 0 1 0 1 1 0 1 0 0 0 0 0.0
467 22 7411 1 0 0 0 0 0 1 1 0 0 0 0 0 0 0 0 1 1 0 1 0 0 0.0
468 22 7548 1 0 0 0 1 0 0 0 0 1 0 0 0 0 1 1 0 0 1 0 0 1 0.0
469 22 6248 0 0 1 1 0 0 0 1 0 1 1 1 0 0 0 0 1 0 0 0 0 0 0.0
470 22 5895 0 0 1 0 0 0 0 1 0 1 0 1 0 1 0 0 0 0 0 0 0 1 0.0
471 22 5554 1 0 0 1 1 0 0 0 0 0 0 1 1 0 0 0 0 0 0 0 0 1 0.0
472 22 8551 1 0 0 0 1 0 1 0 0 1 0 1 0 0 0 0 0 0 1 0 1 0 0.0
473 22 8300 0 1 0 0 0 1 0 0 1 1 1 0 0 0 0 0 1 0 0 0 1 0 0.0
474 22 6576 0 1 0 0 1 0 0 0 0 0 0 0 0 0 0 0 1 1 0 0 1 0 0.0
475 22 9154 0 0 0 0 1 0 0 0 1 0 1 1 0 0 0 0 1 0 1 0 1 1 0.0
476 22 8138 0 0 0 0 1 0 0 0 0 0 0 1 1 0 1 0 0 0 0 1 1 0 0.0
477 22 6160 1 0 0 0 0 0 0 0 1 0 0 1 1 0 0 1 0 0 0 0 0 0 0.0
478 22 7811 0 0 0 0 1 1 1 0 1 0 0 0 0 0 0 0 1 0 0 0 0 1 0.0
479 22 5309 1 0 0 1 0 0 1 0 1 0 0 1 0 0 0 0 0 0 0 1 0 0 0.0
480 22 7106 0 0 0 0 0 1 0 1 0 0 0 0 0 1 1 0 1 1 0 0 0 1 0.0
481 22 8280 0 0 0 1 0 0 1 0 0 1 1 0 1 0 0 0 1 0 0 0 1 0 0.0
482 22 8130 1 0 1 0 0 0 0 0 0 0 1 0 1 0 0 0 1 0 0 1 1 0 0.0
483 22 7675 0 0 1 0 0 0 0 1 1 1 0 0 0 0 0 0 0 0 1 0 1 0 0.0
484 22 7228 0 1 1 0 0 1 0 0 0 0 0 0 1 0 0 0 0 0 1 0 0 1 0.0
485 22 6584 1 1 1 0 0 0 0 0 0 1 0 0 0 0 1 0 1 0 1 0 0 1 0.0
486 22 5915 1 0 0 0 0 1 0 1 0 0 1 0 0 0 0 1 1 0 0 0 0 0 0.0
487 22 4796 0 1 1 1 0 0 0 0 0 0 0 1 0 0 0 0 1 0 0 0 0 0 0.0
488 22 8970 0 0 1 1 1 0 0 0 1 0 0 0 0 1 0 1 0 0 1 0 0 0 0.0
489 22 5445 1 0 0 1 0 0 0 0 1 1 0 0 1 0 0 0 0 0 0 0 0 0 0.0
490 22 7557 0 0 0 0 0 0 1 0 0 0 0 0 1 0 0 1 1 1 0 0 1 0 0.0
491 22 5127 0 0 0 1 0 0 0 0 0 0 1 0 0 1 1 0 1 0 1 0 0 0 0.0
492 22 7199 1 0 0 0 0 1 0 1 0 1 0 0 0 0 0 1 1 0 0 0 0 0 0.0
493 22 7502 0 0 0 0 1 0 0 1 0 1 0 0 0 1 1 0 0 0 0 1 0 0 0.0
494 22 7045 0 0 0 0 0 0 0 0 1 1 1 0 0 0 1 0 1 0 0 0 0 1 0.0
495 22 8748 0 0 1 0 0 0 0 1 0 0 0 0 1 0 1 1 1 1 0 0 0 0 0.0
496 22 7274 1 1 0 1 0 1 1 0 0 0 0 1 0 0 0 0 0 0 0 0 1 0 0.0
497 22 8454 0 0 0 0 1 0 1 1 1 1 0 0 0 1 0 0 0 0 1 0 0 0 0.0
498 22 7621 0 0 0 0 0 0 1 1 1 0 0 0 0 0 0 1 0 0 0 1 1 1 0.0
499 22 8054 0 0 0 1 0 1 0 0 0 0 1 0 1 0 1 1 0 0 0 0 0 0 0.0
500 22 7335 1 0 1 1 1 0 0 0 0 1 0 0 0 0 0 1 0 0 0 0 1 0 0.0
