1 10 2 1 8 1 952 2 571 1 7 1 1441 2 1299 1 170 1 596 1 518 1 882
2 10 2 1 1489 1 833 1 509 2 495 1 418 1 933 3 1027 1 35 1 1377 1 798
3 10 2 1 218 1 859 1 265 2 1090 1 1490 1 910 1 476 2 290 1 1353 1 410
4 10 2 2 711 1 381 1 115 1 1378 1 1050 1 1043 1 21 1 662 1 397 1 198
5 10 4 4 875 1 329 2 125 1 318 4 535 2 1415 1 603 3 1247 1 851 1 1467
6 10 4 1 187 1 831 1 530 2 441 2 537 1 923 4 481 1 215 3 731 4 692
7 10 2 1 1357 1 587 1 607 1 1308 1 706 2 436 1 454 1 1082 2 38 1 996
8 10 4 1 194 2 1175 3 1320 5 1474 3 174 1 1234 1 1073 1 861 2 222 1 637
9 10 2 1 67 1 1215 1 1432 2 496 2 1279 1 388 2 1122 1 793 1 360 1 1243
10 10 3 2 151 1 1135 1 1470 1 1276 1 168 1 669 4 1247 1 1393 1 62 3 1426
11 10 2 2 111 1 196 1 797 1 125 1 774 3 1223 1 827 1 1052 1 1357 1 82
12 10 2 1 736 2 678 1 644 2 1317 1 798 1 232 1 10 1 238 1 889 1 702
13 10 3 2 260 1 335 1 848 2 1274 2 927 3 1094 1 1200 1 465 1 1459 1 1089
14 10 3 2 1266 1 1440 1 987 1 1145 1 1157 2 561 4 1194 2 1101 1 832 3 231
15 10 3 1 1453 1 683 1 786 2 886 3 1132 2 1041 1 617 1 1407 3 1190 1 1158
16 10 2 1 66 1 1049 4 591 1 1422 1 80 1 224 1 1188 2 1297 1 1046 1 397
17 10 2 1 476 1 962 4 565 1 118 1 778 1 740 1 522 1 967 1 432 1 123
18 10 3 3 122 1 19 2 1256 1 284 2 1350 2 788 3 849 2 275 1 1470 1 688
19 10 3 1 44 2 810 1 668 1 44 2 669 1 381 1 917 2 1151 2 824 2 831
20 10 3 2 180 1 266 1 1466 2 20 1 651 2 584 2 1480 2 1324 1 1433 2 1142
21 10 4 1 1334 5 734 3 123 1 337 1 118 1 1219 5 835 3 928 1 54 1 662
22 10 3 1 275 1 111 2 4 1 1156 1 386 3 337 2 1462 3 1003 1 892 2 419
23 10 3 1 966 1 693 1 25 2 354 4 803 1 1258 2 1335 1 1414 1 1250 1 246
24 10 3 1 688 1 1264 2 621 1 842 1 100 1 1201 1 88 1 285 2 1394 4 249
25 10 3 1 658 1 1051 2 864 1 825 1 64 3 1030 1 785 3 270 4 471 1 1365
26 10 2 2 522 1 483 1 778 1 360 1 1000 1 1463 1 896 1 1258 1 1355 2 1332
27 10 2 1 1311 1 132 1 723 1 236 1 1105 1 423 1 1418 1 855 1 667 1 763
28 10 3 1 1006 2 639 1 638 1 636 1 55 2 1331 2 991 1 168 4 223 2 876
29 10 2 1 95 1 614 2 1311 2 1219 2 565 1 972 1 350 1 306 1 622 2 1235
30 10 3 2 305 1 1082 1 22 1 97 1 1154 3 1043 1 22 3 1176 1 1470 1 849
31 10 2 1 487 1 1489 1 1089 2 1239 1 120 1 101 1 277 1 772 1 232 2 623
32 10 2 1 337 1 1186 1 195 1 1335 1 1362 1 1366 2 1139 1 440 1 1481 1 356
33 10 3 5 1040 1 328 1 60 3 248 1 68 1 229 1 142 3 849 1 397 1 688
34 10 2 1 909 2 818 1 1343 1 571 1 1084 1 1020 1 732 2 1394 1 904 2 782
35 10 3 2 665 3 1013 1 2 1 1104 2 476 2 280 2 90 1 178 3 1487 1 1484
36 10 3 1 437 1 900 1 1394 3 1370 1 1349 1 891 2 731 3 1337 1 248 2 1126
37 10 4 8 1260 3 1332 1 568 1 567 1 752 1 599 2 1479 1 1282 1 1056 1 1164
38 10 4 1 546 1 588 1 268 2 165 1 356 1 1475 4 1244 4 1312 3 653 2 3
39 10 3 2 54 1 186 1 1290 1 456 2 1405 2 1013 2 1340 1 313 2 421 3 1134
40 10 3 1 1338 1 656 1 1343 3 1382 1 263 1 1444 1 674 1 581 5 194 1 1013
41 10 3 1 469 2 1349 1 960 1 396 5 1133 1 892 1 1466 1 80 2 631 1 1084
42 10 4 4 921 1 1327 3 762 4 776 1 1345 2 1108 1 334 2 211 1 1242 1 1222
43 10 3 1 554 2 898 1 503 1 289 2 194 2 1445 1 869 1 1472 2 685 3 21
44 10 3 1 1484 1 1028 2 976 2 837 1 257 1 884 1 600 4 382 2 500 3 155
45 10 4 1 630 1 1164 5 1498 4 907 3 195 2 104 1 478 1 740 1 388 3 646
46 10 4 3 194 1 661 2 686 2 690 3 449 4 919 1 1156 1 525 1 442 3 406
47 10 2 1 41 1 71 1 1163 1 517 2 432 2 1381 1 286 1 259 1 79 3 954
48 10 2 1 1067 1 321 2 1389 1 1354 1 837 1 891 1 439 1 688 1 1191 1 987
49 10 2 1 1408 2 564 1 180 1 1153 1 21 3 598 1 1343 1 1060 1 719 1 862
50 10 3 1 1248 3 1389 2 668 1 1468 2 121 1 715 2 271 1 381 1 846 1 527
51 10 3 2 1402 2 864 1 1243 1 1495 2 281 3 114 1 1453 2 307 1 704 2 989
52 10 4 1 990 1 313 1 1456 5 33 4 973 1 1142 1 572 1 654 2 643 3 53
53 10 3 2 1072 1 291 1 158 2 119 2 653 1 50 2 40 1 655 1 712 2 1318
54 10 2 1 1410 1 1060 2 1312 1 401 2 915 2 762 2 191 1 573 1 387 1 439
55 10 4 2 1172 6 213 1 352 1 210 3 438 1 339 3 1113 1 1263 2 1451 1 225
56 10 2 1 701 1 817 1 1256 1 1217 1 1341 1 930 1 281 1 927 1 719 1 1186
57 10 3 2 1199 2 1035 2 984 1 579 2 1342 1 1143 2 129 3 1092 1 547 1 156
58 10 3 1 256 3 75 1 273 2 1326 1 254 1 226 1 286 3 282 1 873 3 499
59 10 4 1 740 1 409 6 583 1 1317 1 545 1 112 2 997 4 690 2 1334 5 721
60 10 3 1 1236 1 473 2 286 3 387 1 450 1 1270 1 169 3 983 2 43 1 122
61 10 3 2 314 4 26 1 810 4 27 1 1265 1 1316 1 1274 1 1415 1 1148 3 230
62 10 3 4 928 1 1445 1 414 2 8 1 738 1 721 2 764 1 1472 3 1015 2 734
63 10 3 2 1404 1 561 4 933 2 1072 1 506 2 1040 1 439 1 494 1 894 2 559
64 10 3 1 987 2 641 2 433 1 1181 1 287 2 293 1 59 1 1072 3 143 1 198
65 10 3 1 975 7 638 1 1161 2 318 3 1192 1 139 1 1111 1 1246 1 208 1 473
66 10 2 1 271 2 747 1 874 1 1118 2 572 1 231 1 349 1 510 1 1231 1 843
67 10 3 1 316 3 504 1 106 1 1156 2 18 2 546 1 515 1 911 1 1025 2 1226
68 10 2 2 1205 1 1400 3 1356 1 52 1 1347 1 847 1 1148 1 1454 1 326 2 191
69 10 4 2 334 2 183 1 399 3 1038 1 1207 3 1275 4 1453 1 968 2 1476 1 171
70 10 3 1 144 5 709 1 627 1 461 3 1285 1 684 1 1361 2 1396 2 713 1 302
71 10 2 3 1020 1 115 2 1230 1 278 1 1432 1 876 1 916 1 26 1 379 1 700
72 10 3 1 837 1 290 1 1455 4 1001 1 1015 3 1299 2 37 1 649 1 375 1 1430
73 10 4 3 1141 1 1315 5 865 1 1136 2 1209 3 732 3 1012 1 985 1 982 2 645
74 10 4 1 172 5 799 1 978 1 655 2 1256 3 452 2 588 2 1230 1 96 2 105
75 10 2 1 1089 1 877 2 729 1 737 1 471 1 306 2 657 1 1139 1 1200 1 940
76 10 2 1 348 1 701 1 929 1 847 2 722 1 809 1 1045 2 757 1 93 1 1113
77 10 2 1 1257 1 1007 3 70 1 1248 1 1314 1 1292 1 365 1 1451 1 1137 1 1466
78 10 3 1 922 1 471 2 1308 1 738 1 947 2 1095 1 602 1 1419 8 1368 1 1456
79 10 3 1 1068 2 497 2 1423 2 375 2 1051 1 37 2 978 1 1178 1 505 3 41
80 10 3 1 1436 1 1480 1 261 1 1196 1 546 5 1240 1 651 2 448 1 1481 3 1477
81 10 4 4 755 3 1384 1 1257 3 283 2 1125 1 85 1 961 4 193 1 1126 1 1302
82 10 3 1 351 1 1377 3 131 2 759 2 409 2 1216 1 1289 2 295 1 554 2 1063
83 10 3 1 730 1 764 3 1009 4 1341 1 290 3 1047 2 113 1 495 1 61 1 655
84 10 4 1 600 2 5 1 223 2 937 5 1150 3 238 2 876 2 1381 1 1495 2 1256
85 10 2 2 1277 1 784 1 419 1 1164 3 1341 1 320 1 212 1 917 1 113 2 1406
86 10 3 1 253 2 423 2 1328 1 1107 3 291 1 796 1 1255 1 1376 1 573 2 216
87 10 2 1 610 1 1042 1 1399 1 1180 1 1488 1 251 1 852 1 1461 1 631 2 715
88 10 4 3 1350 1 679 1 302 2 1214 1 499 2 1078 1 289 1 597 5 604 3 28
89 10 3 1 524 1 205 2 1250 1 225 1 677 4 264 1 816 1 171 2 193 1 89
90 10 3 4 1286 1 599 1 830 1 824 1 416 1 991 1 685 2 807 1 871 3 18
91 10 3 2 222 2 729 2 869 1 1489 1 21 1 120 3 388 1 265 3 910 1 24
92 10 2 1 762 1 1031 2 799 1 656 1 1099 1 103 1 888 1 471 1 262 1 1480
93 10 3 2 449 1 1403 1 665 3 1436 2 1212 1 607 1 880 3 514 3 375 2 1422
94 10 3 1 817 2 283 2 1089 1 1066 2 106 1 1198 1 1154 2 677 1 507 2 1377
95 10 4 1 1447 2 1411 4 889 5 1361 3 550 2 734 1 1450 1 513 1 1404 1 50
96 10 2 1 125 1 1471 1 1408 3 89 1 1338 1 692 1 69 1 799 1 270 1 1124
97 10 3 2 636 1 24 2 285 1 348 1 1094 1 1143 1 1392 3 1155 1 985 3 505
98 10 3 3 1253 1 1139 3 19 1 1464 2 644 4 322 2 414 1 852 1 543 1 420
99 10 2 1 1167 1 1013 1 1397 1 363 1 633 1 61 1 324 1 1050 1 52 1 358
100 10 2 3 730 2 411 1 252 1 454 1 362 1 358 2 526 1 931 1 513 1 772
101 10 2 2 1499 1 1062 1 168 1 1399 1 655 1 1457 2 733 1 137 1 334 1 837
102 10 3 2 1318 2 436 1 1164 5 267 2 304 3 356 1 990 1 1274 1 156 1 728
103 10 2 1 1445 1 88 1 510 2 3 1 1149 1 363 2 1495 1 793 1 56 1 129
104 10 3 1 1290 2 52 1 995 1 937 2 1069 2 1151 1 1071 2 1171 2 1416 1 527
105 10 3 2 1155 2 133 1 133 3 709 2 969 2 785 1 47 2 555 1 696 1 899
106 10 2 1 1151 1 1058 2 488 2 1225 2 382 1 1100 1 632 1 1326 1 1314 2 40
107 10 2 1 1356 1 1330 1 1434 2 744 1 551 2 318 1 95 2 615 2 2 1 63
108 10 3 2 953 1 1160 4 1303 1 593 1 1204 2 68 1 823 1 483 2 1008 1 488
109 10 3 1 708 2 645 1 1086 1 1063 1 1277 1 1373 1 148 4 242 2 1037 1 121
110 10 2 2 214 1 807 1 1035 1 1142 1 681 1 885 1 10 1 329 1 1261 1 842
111 10 4 3 919 1 431 4 574 1 735 2 1033 3 1113 3 39 2 686 2 210 1 1083
112 10 2 1 805 1 1162 1 746 1 517 2 623 1 1017 1 309 3 807 1 484 1 1457
113 10 4 1 986 1 587 1 1063 3 381 1 760 3 295 6 1429 1 1335 1 1084 2 1062
114 10 3 1 1089 3 839 3 1055 1 1192 2 1195 1 1149 3 1022 3 1442 1 94 1 676
115 10 3 2 150 1 829 1 359 1 528 3 440 1 1197 3 643 1 1246 1 777 2 30
116 10 4 1 685 4 918 1 1326 3 16 1 365 3 1288 3 1366 1 448 3 816 3 1443
117 10 2 1 785 1 88 1 1 1 768 1 1093 2 146 1 798 1 780 4 173 1 129
118 10 3 1 294 2 404 1 1475 2 94 1 807 1 378 1 1117 2 76 1 1158 3 1040
119 10 2 2 387 1 1106 1 1001 1 392 2 314 1 514 1 1284 1 460 1 8 2 968
120 10 4 3 530 1 334 5 1381 2 1290 1 224 1 1374 2 444 1 442 5 706 3 853
121 10 2 2 530 1 273 1 1106 2 571 1 1332 1 835 1 737 2 723 1 867 1 230
122 10 4 2 290 1 1224 3 182 2 1394 1 364 2 237 3 1068 2 324 1 1435 3 794
123 10 3 1 912 1 80 1 102 2 1460 3 892 1 994 1 1023 1 1445 2 1314 2 893
124 10 3 1 567 1 434 1 884 1 508 1 1155 1 720 2 605 4 884 2 1108 1 1179
125 10 2 2 443 3 1053 1 1399 1 1215 2 1391 1 1216 1 584 1 1100 1 1012 1 50
126 10 3 1 1215 1 605 1 707 1 1161 1 596 2 578 1 1342 1 152 4 1190 3 813
127 10 3 1 164 1 1077 3 911 7 940 1 1470 1 1120 1 103 1 1312 2 780 1 904
128 10 2 1 1476 2 950 1 394 1 1121 1 557 1 739 1 719 1 1280 2 197 1 1129
129 10 3 1 583 1 333 1 403 1 1240 1 198 2 281 5 505 1 832 1 1199 2 983
130 10 3 1 1270 3 94 1 573 1 878 1 3 5 255 2 737 1 1066 1 315 1 1343
131 10 2 1 1120 1 444 1 61 1 337 1 367 1 676 1 841 3 54 1 1403 1 680
132 10 3 1 1179 1 707 1 104 1 1022 1 1323 1 343 1 391 2 273 3 1162 4 1027
133 10 3 1 239 3 42 1 1070 3 489 5 214 1 151 1 359 1 1105 2 570 1 826
134 10 3 4 167 1 447 1 76 1 1140 1 751 3 710 3 650 1 1015 1 40 1 857
135 10 4 1 639 1 983 2 1252 1 1043 2 1322 3 1049 7 1104 1 610 2 1423 1 1288
136 10 2 2 730 1 1186 1 1355 1 889 1 322 1 605 1 267 1 286 1 196 1 1227
137 10 4 1 225 2 389 4 804 1 578 5 1420 1 844 3 24 1 103 1 678 1 424
138 10 3 3 934 1 1458 3 899 2 1335 1 1431 1 335 1 1204 3 1365 1 527 1 1483
139 10 2 1 38 2 362 2 888 1 553 1 466 1 1324 1 1023 2 1392 1 879 2 102
140 10 2 1 166 1 1103 1 72 1 298 1 717 1 117 1 941 1 640 1 374 1 597
141 10 2 1 997 1 1066 1 1091 2 826 1 782 2 1301 1 1298 1 1356 2 495 1 712
142 10 3 1 201 1 1373 2 656 1 1311 3 23 1 1001 2 1025 1 745 2 800 1 468
143 10 2 1 1270 1 696 2 223 1 268 2 1225 2 98 1 1249 1 148 1 761 2 67
144 10 3 2 1328 1 1019 1 452 2 677 1 824 2 538 5 138 3 1211 1 1346 1 292
145 10 3 2 437 1 905 2 416 2 646 1 70 1 1383 3 884 1 530 1 556 1 23
146 10 2 3 993 1 278 1 1106 1 458 1 7 2 1433 1 790 2 1089 1 556 1 851
147 10 2 2 604 2 821 1 1358 1 944 1 162 1 1248 1 1116 2 521 1 277 1 544
148 10 2 1 1050 1 676 2 860 1 590 1 733 1 16 1 575 2 825 1 673 1 1107
149 10 2 2 437 1 1049 1 941 1 751 1 704 1 685 1 1000 1 1343 1 485 1 135
150 10 4 2 1449 2 681 1 1298 2 631 2 288 1 436 1 56 6 1327 2 1383 2 32
151 10 3 1 881 2 1320 2 798 1 478 1 792 3 836 2 854 3 1302 1 1003 1 1117
152 10 3 2 697 2 1233 1 1065 2 940 1 860 1 427 1 290 3 242 3 1198 2 980
153 10 3 1 464 2 626 3 179 1 937 1 1148 2 1022 2 948 2 1333 1 1403 1 977
154 10 3 1 995 4 939 1 834 1 57 1 801 1 53 3 1471 3 811 3 88 1 332
155 10 2 2 759 1 622 1 1487 1 1080 1 807 1 876 1 137 1 681 3 1250 1 815
156 10 2 1 456 1 13 1 304 3 104 2 185 1 108 1 1345 1 1087 1 740 1 34
157 10 3 1 862 1 1372 2 358 1 455 1 557 3 282 1 1164 3 924 2 457 2 617
158 10 3 1 789 1 1311 1 1047 2 321 1 267 1 1447 1 989 1 335 2 508 5 167
159 10 4 3 1189 1 1098 2 182 1 985 1 761 1 920 5 585 4 1422 1 87 1 227
160 10 2 1 1121 1 264 3 226 1 336 1 1435 1 217 1 1451 1 956 1 637 1 768
161 10 3 1 690 1 275 1 697 2 301 1 743 1 95 2 43 1 1325 4 303 1 36
162 10 4 1 489 9 72 1 881 1 1036 2 343 1 1385 1 450 1 6 2 1037 2 347
163 10 3 2 1131 2 151 1 750 2 244 1 56 1 1276 3 433 1 1276 2 386 1 256
164 10 3 2 1174 1 1303 2 675 3 221 1 41 1 1110 2 1480 1 317 1 875 2 261
165 10 2 1 95 1 1291 1 131 2 1027 1 410 1 155 1 1170 1 20 1 874 1 752
166 10 2 2 1345 2 1100 1 1379 1 3 2 220 1 24 1 210 1 1014 1 993 1 189
167 10 3 2 1159 1 790 2 580 2 484 2 1478 4 1442 1 511 1 1359 1 1349 1 1213
168 10 2 2 653 1 861 1 398 2 531 1 633 1 403 1 777 1 916 1 251 2 805
169 10 3 2 1476 2 331 1 480 1 1465 1 199 1 372 2 1189 3 1056 2 750 1 723
170 10 3 2 1464 1 1042 3 559 1 258 1 1287 2 12 1 336 1 81 1 115 2 328
171 10 2 1 254 1 777 1 561 1 1285 1 283 1 1089 1 408 1 208 1 249 1 381
172 10 2 1 736 2 649 1 919 2 1061 2 1291 1 1459 1 658 2 1464 1 704 1 105
173 10 3 2 1 1 211 4 960 1 112 2 481 1 883 1 568 2 329 1 1185 3 647
174 10 3 1 21 1 714 1 534 1 1181 1 941 1 429 6 9 1 1012 1 1030 1 1057
175 10 3 1 727 1 1378 2 826 2 1269 1 95 1 1453 1 100 4 639 2 396 2 1415
176 10 3 1 995 3 177 1 734 1 1174 1 691 2 515 1 1024 2 1263 1 1191 2 501
177 10 3 1 1371 2 1068 1 625 1 846 1 1253 1 913 1 792 3 1055 1 340 3 445
178 10 2 1 958 1 649 1 665 1 545 1 683 2 329 1 99 1 527 1 158 2 330
179 10 2 2 237 1 670 1 1013 1 498 1 1483 2 205 1 1103 1 863 1 740 1 1313
180 10 2 1 1190 2 303 1 189 1 773 1 705 1 280 2 1292 1 96 1 462 1 803
181 10 2 2 744 1 983 1 491 1 733 1 826 1 581 2 1119 1 739 1 584 1 1320
182 10 3 1 1115 1 953 6 435 3 516 1 767 1 732 1 992 1 80 1 683 1 141
183 10 4 1 1431 1 683 1 263 4 100 3 787 1 838 3 14 2 13 2 336 3 261
184 10 3 1 69 1 468 5 529 4 503 1 237 1 545 1 898 1 35 1 1125 1 1249
185 10 3 1 522 1 409 2 614 3 1482 1 265 1 508 1 971 3 228 1 787 1 1186
186 10 4 1 293 3 1228 4 798 3 1046 1 804 3 466 1 1341 3 1459 1 1421 1 856
187 10 3 1 1323 6 445 2 379 3 1106 1 678 1 1266 1 1380 1 38 1 1490 1 210
188 10 3 1 400 4 1029 2 984 1 613 1 472 2 238 1 892 2 676 2 1445 2 409
189 10 3 2 547 1 324 1 253 1 1161 1 515 3 301 1 750 1 466 3 40 1 187
190 10 3 1 167 2 782 1 1356 3 356 1 982 1 589 3 957 3 34 1 580 2 813
191 10 2 1 758 2 1431 1 1353 2 129 1 593 2 31 1 660 2 603 1 56 1 571
192 10 3 1 1021 1 354 1 766 1 1001 4 429 1 127 2 1236 1 120 1 1394 2 1492
193 10 2 1 1346 1 1205 1 551 2 1107 1 1093 1 1336 1 1150 2 1298 1 1016 1 619
194 10 3 3 1197 2 1100 1 357 1 738 1 206 1 1360 2 129 2 259 1 565 1 737
195 10 2 1 933 2 978 1 45 1 1316 1 646 1 956 1 742 1 1285 2 954 1 1154
196 10 2 2 876 1 798 1 1343 1 914 1 543 1 900 1 616 1 1038 3 1249 1 137
197 10 2 1 1207 1 919 1 448 2 392 1 607 2 1407 1 1198 1 957 1 1087 1 89
198 10 2 3 101 1 689 1 932 2 920 1 269 2 574 1 843 1 686 1 91 1 410
199 10 3 1 297 4 634 1 137 1 87 2 1454 1 459 1 107 1 745 6 259 1 987
200 10 3 1 116 1 1087 1 484 1 289 1 1191 3 977 1 290 4 848 1 247 1 668
201 10 4 2 593 3 195 1 639 4 795 1 546 5 1359 3 509 1 31 2 911 1 610
202 10 3 1 584 1 989 2 914 1 272 1 848 1 843 1 300 1 1022 3 115 3 333
203 10 2 1 1139 1 1094 2 1053 1 333 1 1000 2 1061 2 163 1 142 1 1131 1 987
204 10 3 2 214 1 531 3 756 1 465 1 732 1 869 4 625 2 1480 1 169 2 1481
205 10 2 1 1088 1 494 1 721 1 160 2 779 1 207 1 1492 1 1287 1 662 1 1026
206 10 2 2 324 3 858 1 1258 1 107 1 827 1 515 2 953 1 1021 1 542 1 1206
207 10 3 1 891 1 601 1 1041 1 532 3 1365 1 90 4 856 2 104 2 670 1 1216
208 10 4 2 654 3 1408 3 435 3 511 3 48 2 529 1 1178 1 765 2 104 1 758
209 10 3 3 1449 1 131 1 930 1 629 1 636 1 263 4 1158 1 1059 2 682 1 617
210 10 3 4 679 3 1055 2 907 1 997 1 1330 1 1214 1 824 1 359 2 609 1 695
211 10 2 1 1141 1 806 1 76 1 241 3 6 1 1316 1 1169 1 859 1 788 2 845
212 10 4 5 1132 4 448 1 1382 1 1220 2 724 4 249 1 405 2 1319 1 306 1 1001
213 10 3 1 1493 1 1323 3 793 2 1327 2 94 3 1452 1 777 1 147 2 964 1 1406
214 10 3 2 297 1 1354 1 1411 1 532 2 538 2 535 1 938 1 984 1 1046 3 478
215 10 3 3 699 2 355 1 963 1 363 4 956 1 879 1 1399 2 145 1 149 1 805
216 10 4 1 700 1 112 1 1185 3 633 4 1175 4 1164 1 1107 1 1127 1 1142 4 1406
217 10 3 1 544 2 10 2 988 1 129 1 1403 2 735 1 241 1 918 1 267 3 497
218 10 3 3 1189 1 505 1 1341 1 1458 2 1359 2 618 2 981 1 940 1 802 3 1177
219 10 3 4 1042 1 1303 1 1302 1 1304 1 34 1 424 2 111 2 126 3 1307 1 173
220 10 4 1 871 1 1091 1 1327 2 108 2 821 2 1066 3 1378 1 1136 6 800 2 133
221 10 3 1 52 1 631 2 1451 1 387 1 830 1 1044 2 882 3 880 4 392 1 451
222 10 3 5 1087 1 595 1 317 1 978 1 1154 1 1128 1 1153 1 107 2 587 2 1110
223 10 3 1 644 2 270 1 1130 2 343 2 869 2 781 3 1395 1 643 1 292 1 1084
224 10 2 1 1158 1 683 2 34 1 490 1 1275 3 368 1 270 1 818 2 246 1 1156
225 10 3 1 508 1 511 1 804 3 1412 3 1039 1 451 1 123 1 920 2 1259 1 1205
226 10 3 1 697 2 1011 1 1032 2 1074 1 946 1 861 3 605 3 782 1 1411 2 893
227 10 3 1 525 1 694 1 917 2 806 2 1467 1 975 2 968 1 1061 2 950 4 1299
228 10 3 2 1148 1 128 1 510 1 1021 1 661 5 444 1 350 3 965 1 355 3 226
229 10 3 1 428 2 790 3 189 1 1410 2 1198 2 428 1 1459 1 995 2 504 1 844
230 10 3 1 852 1 1178 4 512 1 1043 2 1093 2 1006 2 949 1 721 1 230 2 843
231 10 3 1 409 1 822 4 470 1 1323 1 1272 2 1221 1 312 1 68 1 529 4 621
232 10 4 1 200 3 963 2 1346 1 363 1 1088 3 706 4 712 1 1398 1 882 3 294
233 10 3 3 455 1 45 2 1240 1 1462 3 1418 1 136 3 793 1 674 2 410 1 83
234 10 3 1 903 1 833 3 47 1 553 1 1072 1 425 1 959 3 1135 1 652 2 304
235 10 3 1 1216 1 1486 2 1012 1 1430 1 1399 2 1037 1 1264 1 709 1 930 5 1150
236 10 3 1 1335 2 783 2 1340 1 373 1 1228 2 1091 2 1312 3 1470 2 907 1 653
237 10 3 1 742 1 503 1 139 2 1442 1 794 1 1296 2 1425 5 517 1 915 1 1281
238 10 3 3 629 1 1165 1 251 1 451 1 1072 2 174 2 75 3 1327 1 783 1 814
239 10 2 2 1415 1 384 1 1500 1 617 1 103 1 825 1 1050 1 552 1 163 1 49
240 10 2 1 1247 1 1288 1 1198 1 972 1 50 2 147 1 1298 1 1331 1 859 1 957
241 10 4 2 136 6 972 1 778 1 499 2 460 1 982 1 162 1 1116 1 306 4 161
242 10 2 2 538 2 723 1 304 1 1188 1 1497 1 918 1 491 1 978 1 997 1 484
243 10 3 2 920 1 775 2 581 1 752 1 643 1 1338 1 865 3 285 1 1333 2 103
244 10 2 1 353 1 917 1 1331 1 1001 1 1336 1 1392 1 895 3 1292 1 295 1 719
245 10 5 7 389 2 544 7 712 1 600 1 1213 2 282 1 1203 1 611 2 1361 1 1042
246 10 2 1 850 1 486 1 781 1 566 2 672 1 142 1 568 1 474 1 294 1 1246
247 10 3 2 1356 2 1318 2 735 2 1077 2 127 1 1029 2 398 1 115 2 545 3 98
248 10 2 1 474 1 787 2 515 1 1111 2 834 1 1165 2 19 1 731 1 1348 1 41
249 10 2 1 1463 1 526 3 339 2 518 2 1034 1 1439 1 994 1 512 1 130 1 739
250 10 3 1 277 1 1175 3 987 2 877 1 20 1 9 1 388 4 1149 3 969 1 174
251 10 2 2 983 2 310 2 1139 1 330 1 149 2 853 1 321 1 174 1 1100 1 907
252 10 3 1 776 5 250 2 1184 2 1456 1 1354 1 653 1 7 1 379 1 1285 1 1484
253 10 3 2 1475 1 1465 3 434 1 775 1 104 2 1237 1 1222 2 498 2 639 1 504
254 10 2 1 1102 1 1142 2 452 1 221 1 1211 1 912 1 295 2 1432 1 1374 1 702
255 10 4 4 1179 1 1337 1 555 5 118 1 305 1 141 4 70 1 744 2 961 1 1240
256 10 3 1 863 1 856 1 517 2 610 3 1341 1 830 4 861 1 996 1 819 1 468
257 10 3 1 385 1 4 1 522 1 342 4 421 2 724 2 968 2 1486 1 831 3 732
258 10 4 3 208 1 203 1 1330 1 115 1 866 3 790 2 145 1 395 4 1106 3 1103
259 10 3 1 1304 1 1389 1 1232 1 1368 1 119 1 428 2 1285 2 304 4 1012 1 916
260 10 3 2 260 2 922 1 1011 4 18 4 384 1 1367 1 1466 1 1482 1 487 1 800
261 10 3 2 416 1 97 1 873 1 1281 2 104 3 1241 3 294 2 1402 1 94 1 855
262 10 2 1 176 1 165 3 691 2 1021 1 833 1 717 1 1450 1 236 1 868 1 266
263 10 2 1 761 1 6 3 273 1 997 2 843 1 11 1 360 2 627 1 960 1 471
264 10 3 1 885 3 1469 2 1470 2 1373 1 982 3 1020 1 461 1 783 2 280 1 1113
265 10 2 3 706 1 1024 1 294 1 998 2 1284 1 811 2 456 1 1105 1 1041 1 717
266 10 3 1 403 1 698 1 431 1 618 3 53 3 1470 1 116 2 476 3 265 1 263
267 10 3 1 6 1 135 1 1028 1 867 6 199 3 925 1 1469 1 952 3 105 1 376
268 10 3 2 329 1 147 3 420 1 100 1 546 2 300 2 620 1 884 1 1163 1 823
269 10 3 4 1333 1 1372 1 14 2 1352 2 1056 1 1120 1 1199 1 1340 1 669 1 370
270 10 2 1 315 1 1042 2 229 2 303 1 237 1 1180 1 344 1 124 1 1381 2 921
271 10 3 2 855 3 402 1 1263 2 182 1 1128 2 617 1 739 3 1 1 851 2 498
272 10 3 2 346 2 93 1 1374 1 1123 2 1408 1 719 1 68 1 920 3 422 1 945
273 10 2 2 411 1 980 1 717 1 871 1 367 1 453 1 1308 3 673 1 165 1 331
274 10 2 1 1139 2 1262 1 399 2 966 1 706 1 247 1 998 1 904 1 760 1 354
275 10 3 2 944 1 843 4 778 1 97 1 1031 2 964 1 398 3 1289 1 233 1 423
276 10 3 3 446 2 365 1 1417 1 1231 2 1014 1 392 2 716 1 1187 1 775 1 1472
277 10 3 1 671 1 1110 5 662 2 1051 1 492 1 1198 1 875 2 880 1 39 1 1461
278 10 4 2 1416 3 94 2 1027 3 216 2 1002 1 1403 5 1111 1 941 3 1113 2 1222
279 10 3 4 43 1 692 2 343 1 638 1 49 2 124 1 1032 5 435 1 147 1 1151
280 10 3 1 47 2 553 2 11 2 337 2 839 3 1393 1 562 2 1361 1 1260 1 684
281 10 3 1 796 2 372 2 306 2 1316 2 729 1 939 1 897 2 1231 1 1087 3 102
282 10 2 1 645 1 301 2 1120 2 114 1 1418 1 582 1 657 1 1412 1 15 3 195
283 10 4 3 972 3 139 2 216 3 1219 1 241 4 1227 2 1332 1 545 2 723 2 1445
284 10 3 1 1005 1 801 3 730 2 380 3 540 1 657 1 1183 1 1484 2 1050 1 1446
285 10 2 1 216 2 395 1 339 1 1112 1 767 1 746 3 1019 1 421 1 78 1 1286
286 10 3 1 599 6 1349 3 55 1 945 1 1207 1 1090 2 850 1 488 2 1167 1 921
287 10 2 1 589 1 161 1 429 1 372 1 439 1 1328 1 1497 2 1452 2 416 1 1244
288 10 4 2 891 4 746 2 218 2 690 4 646 3 612 2 757 2 1418 1 1171 1 930
289 10 2 1 606 1 1397 1 1193 2 1226 1 1033 2 385 1 637 1 1375 1 888 1 1015
290 10 3 2 1409 3 1446 1 334 1 891 1 1172 2 1117 1 1459 2 119 2 871 2 851
291 10 2 1 217 1 1179 1 639 2 22 1 750 1 392 1 567 1 1037 4 769 1 320
292 10 2 1 85 1 565 1 1124 2 861 1 586 2 1016 1 768 1 1464 3 1314 1 1286
293 10 2 1 49 1 135 1 1224 1 1175 1 654 1 291 2 929 2 1490 2 859 1 510
294 10 3 2 1372 1 62 1 1023 2 1021 1 1006 2 1093 1 1441 1 422 3 509 1 748
295 10 2 1 1482 1 796 1 1260 1 116 2 862 1 439 1 247 1 81 1 1445 1 1259
296 10 2 1 530 1 320 2 780 1 1390 2 1352 1 773 1 1035 1 124 1 571 3 774
297 10 3 1 1090 3 1265 1 1351 3 543 2 353 1 494 2 122 1 59 1 1039 4 1248
298 10 3 2 417 1 238 1 392 2 1396 2 1304 3 1460 1 377 1 1030 1 734 3 726
299 10 3 1 872 1 107 1 380 2 1170 1 1291 2 768 1 870 1 677 2 1019 4 830
300 10 3 1 579 2 1047 2 130 4 1408 2 1418 1 61 1 948 1 692 1 1411 1 557
301 10 2 1 1211 2 679 1 526 1 657 2 359 2 132 1 182 2 1325 1 312 1 1394
302 10 3 1 735 1 18 2 620 2 66 2 83 1 83 2 1457 1 362 1 504 2 978
303 10 3 2 1170 1 889 3 940 1 308 3 425 1 864 1 204 1 776 1 1133 2 467
304 10 3 1 638 1 789 3 350 3 1118 1 855 2 235 1 1009 2 398 2 1306 1 1306
305 10 2 2 138 2 899 2 493 1 819 2 1154 1 415 1 719 1 463 1 651 1 735
306 10 3 2 503 1 168 2 365 2 98 1 401 1 437 2 787 1 353 1 1363 2 80
307 10 3 1 1354 3 964 3 321 1 162 1 261 1 1144 2 633 1 952 4 1301 1 1395
308 10 4 1 600 1 214 1 1051 1 1117 1 341 5 247 3 288 1 621 4 221 2 687
309 10 3 3 197 1 1175 2 1252 2 1190 1 937 2 1009 1 302 1 1256 2 1329 1 1253
310 10 2 1 782 1 305 1 1323 2 1045 1 1335 1 140 1 1132 1 1394 1 715 2 1022
311 10 3 1 79 1 1447 2 644 2 25 2 707 2 117 3 1045 1 645 2 1238 3 219
312 10 3 1 710 2 526 2 1090 4 1342 1 237 5 4 1 183 1 626 1 611 1 1012
313 10 5 3 809 2 112 2 1053 2 1377 2 22 1 719 7 1179 4 841 2 1255 1 528
314 10 2 1 246 1 1420 1 340 1 1320 1 724 1 334 1 1018 1 401 1 705 1 259
315 10 2 1 849 1 528 1 1400 1 368 1 1450 1 971 2 1424 1 589 1 770 2 1225
316 10 3 4 713 3 234 2 834 1 744 1 113 2 769 1 577 1 122 1 706 1 869
317 10 3 3 943 1 928 2 1417 1 650 1 1248 1 1429 3 1113 1 449 1 663 1 483
318 10 3 2 438 1 1482 1 475 1 857 2 1109 1 734 2 1065 3 90 1 1432 3 233
319 10 3 1 710 1 1236 3 305 1 1128 3 492 1 546 4 676 2 99 1 1158 1 970
320 10 2 1 722 2 292 1 148 1 411 1 24 1 175 1 290 2 216 1 1220 1 432
321 10 3 1 1119 1 912 1 919 1 322 1 633 3 397 1 538 1 657 1 270 6 1061
322 10 3 1 53 1 518 1 1380 1 1215 1 423 2 402 1 745 4 644 2 1424 1 264
323 10 3 1 1026 1 1215 1 489 4 865 1 1198 1 751 1 781 1 1357 1 516 3 144
324 10 2 3 739 1 227 1 353 1 1288 1 1188 1 377 1 431 1 1226 1 472 1 752
325 10 2 1 669 1 65 1 577 1 192 1 472 1 799 1 579 1 793 3 350 1 1003
326 10 2 1 678 1 969 2 669 1 258 1 1333 2 1354 2 915 1 1078 1 692 2 528
327 10 2 1 902 1 1173 1 393 1 480 1 432 1 308 1 79 3 825 1 156 1 962
328 10 4 1 1328 1 1474 1 1500 2 939 2 1408 3 1163 3 23 2 1235 7 1479 1 64
329 10 2 1 103 1 697 2 708 2 1303 1 430 1 1015 1 244 1 944 1 704 2 474
330 10 2 1 514 1 657 1 876 1 1078 1 880 2 1499 2 360 1 505 1 198 3 111
331 10 2 1 416 1 712 1 588 1 1432 2 895 1 1309 1 196 1 1014 1 1446 1 502
332 10 3 1 1029 1 1309 3 292 1 1416 1 114 2 1470 1 333 2 797 1 248 3 853
333 10 3 1 286 1 321 1 1412 1 32 1 174 1 1078 5 966 1 3 1 1041 2 1433
334 10 2 3 1083 1 1217 2 832 1 880 1 1026 1 1282 1 1334 1 851 1 254 1 1191
335 10 3 1 376 1 299 1 916 3 711 1 1412 2 603 1 1011 1 443 1 776 3 835
336 10 2 1 1197 1 1135 1 202 2 32 1 137 1 1003 2 322 1 348 2 458 2 482
337 10 3 1 1005 1 1275 3 1236 2 961 1 1133 1 524 3 1138 1 377 1 1243 1 978
338 10 2 1 358 1 1135 3 1426 2 738 1 706 2 465 1 695 1 1297 1 748 1 774
339 10 2 2 914 1 232 1 482 1 1247 1 500 1 687 3 743 1 692 2 424 1 1327
340 10 3 1 573 1 488 5 764 1 505 1 104 2 677 1 478 1 88 1 1211 3 503
341 10 3 1 1036 1 78 2 671 1 386 1 868 1 763 4 1446 1 6 1 1500 2 1381
342 10 2 1 901 1 53 1 165 1 716 1 1443 2 1114 1 385 2 793 1 768 1 69
343 10 4 3 1111 3 882 4 1453 2 16 1 787 2 1332 1 427 1 595 2 1316 3 1241
344 10 4 1 1113 2 804 5 506 1 473 2 492 1 1391 2 58 4 832 1 853 1 1419
345 10 3 2 121 4 1417 2 1306 2 490 1 916 1 398 1 127 2 85 1 599 2 170
346 10 2 1 1246 1 402 1 15 1 1167 1 1451 2 811 1 1448 1 434 1 999 1 601
347 10 3 1 610 1 265 1 170 2 452 2 1053 1 1245 1 1499 3 587 1 411 2 126
348 10 2 1 1267 1 795 1 843 1 445 2 298 1 1294 2 31 2 446 1 342 1 422
349 10 3 1 780 1 632 2 1397 1 596 2 315 1 777 1 1126 2 1100 1 1 5 1121
350 10 3 2 954 2 517 3 1431 1 1343 1 627 4 968 1 1120 1 391 1 1093 1 736
351 10 2 1 1180 1 1378 1 90 2 61 3 671 1 245 1 1111 1 543 1 696 1 480
352 10 5 6 566 6 523 1 59 4 629 1 267 1 317 3 1044 1 854 2 225 1 964
353 10 2 1 821 1 44 1 462 1 532 1 1009 1 916 2 661 1 535 2 339 2 524
354 10 2 2 1210 1 432 2 1359 1 255 1 1307 1 481 1 124 1 199 1 934 1 919
355 10 3 1 395 2 34 1 101 2 1000 2 250 1 1359 1 1436 1 161 4 897 2 1450
356 10 4 1 1278 2 1203 5 928 1 318 2 282 1 407 4 847 1 143 3 81 1 1018
357 10 2 1 932 1 396 1 367 2 900 1 1124 3 937 1 390 1 165 1 785 2 732
358 10 3 1 1065 2 596 2 1411 4 1227 1 1055 1 1225 1 382 1 655 1 1471 2 1160
359 10 2 1 260 1 1029 1 760 1 1483 2 148 1 428 1 130 1 395 1 1187 1 634
360 10 2 2 535 2 693 1 259 1 213 1 1446 1 497 1 279 1 1385 1 929 1 1500
361 10 2 1 1021 1 519 1 1202 1 594 2 1373 1 219 1 853 1 1213 4 173 1 307
362 10 3 1 1282 3 1018 1 1020 1 236 2 480 1 1091 1 1222 2 632 1 1368 2 1058
363 10 2 2 231 1 585 1 885 1 970 2 519 1 199 1 1370 3 766 1 660 1 573
364 10 3 1 1335 1 1421 3 674 1 1160 3 1444 1 19 1 816 2 1470 3 1126 3 844
365 10 2 1 816 1 995 1 300 1 1427 1 557 2 246 1 39 2 871 2 1058 1 369
366 10 2 1 1006 1 337 1 780 1 1475 1 1213 1 1147 1 1463 1 1171 4 506 1 405
367 10 3 1 55 1 919 2 108 2 781 3 1155 4 996 1 299 1 670 1 1452 1 1430
368 10 3 2 592 1 1420 4 1044 2 1182 1 130 1 199 1 971 1 421 1 1306 1 801
369 10 3 1 1459 5 1246 2 199 2 408 1 772 1 984 4 1108 1 640 1 608 1 686
370 10 2 1 479 1 74 1 373 1 1322 1 1098 1 272 2 193 1 593 1 737 2 1289
371 10 2 1 1032 1 416 2 950 1 1239 3 1460 1 907 2 103 1 421 1 698 1 651
372 10 3 1 468 1 88 2 1110 2 511 2 730 1 378 1 277 3 1402 2 689 1 1077
373 10 2 2 899 1 946 1 178 3 809 1 504 1 143 1 1206 1 102 1 128 1 1402
374 10 2 1 154 3 391 3 427 1 1020 1 22 1 1153 1 499 1 181 1 1454 1 359
375 10 2 1 1130 1 469 1 153 1 298 1 579 1 357 3 604 1 420 1 330 1 121
376 10 3 1 96 1 1257 1 47 1 28 2 1118 1 50 2 576 1 565 4 478 1 1280
377 10 3 2 323 2 1409 2 1468 2 1044 2 506 1 170 1 251 1 431 2 1065 2 99
378 10 3 1 1099 1 1119 3 497 1 1014 1 537 1 62 3 861 1 1360 4 281 1 480
379 10 3 2 535 2 111 1 1155 2 1083 1 368 2 1377 1 1377 1 691 3 63 1 187
380 10 2 2 487 1 935 1 448 1 1217 1 552 1 118 3 1266 1 1422 2 512 1 32
381 10 2 1 1398 1 750 1 433 1 1325 1 1136 1 992 4 1383 1 555 2 1050 1 881
382 10 2 1 1138 1 1488 1 755 2 627 1 367 1 919 1 612 1 927 1 777 2 122
383 10 3 1 734 1 372 3 905 2 986 1 1052 3 228 2 180 2 34 2 801 1 1073
384 10 2 1 41 1 317 2 1119 1 503 1 894 1 978 1 33 1 797 1 1479 1 824
385 10 2 2 196 1 599 1 1007 1 1083 1 715 1 685 2 59 1 61 1 637 1 1374
386 10 4 1 767 5 902 2 1121 1 1286 1 705 1 111 2 67 1 1189 4 957 2 979
387 10 4 6 656 2 191 1 1471 1 686 3 775 1 1474 2 113 1 880 1 1013 2 705
388 10 4 2 987 1 248 4 128 4 126 1 1060 1 206 1 676 3 598 2 224 3 34
389 10 3 2 1488 2 31 4 205 1 1267 1 1457 1 1456 1 219 1 127 1 352 5 682
390 10 3 1 21 1 465 2 702 4 922 2 869 1 1316 1 1040 1 525 1 478 1 17
391 10 2 1 568 1 147 1 456 2 1040 1 828 1 174 1 797 1 323 2 488 1 451
392 10 2 2 148 2 1374 1 568 1 872 1 573 1 708 1 159 1 1371 1 1433 1 1421
393 10 2 1 10 1 346 1 660 2 952 1 948 1 583 1 623 3 335 2 1005 1 963
394 10 4 2 468 2 414 2 1245 2 1190 3 236 2 673 1 166 1 887 3 840 3 248
395 10 3 1 1017 1 551 1 1321 1 6 1 1048 2 664 1 464 2 1209 1 57 5 111
396 10 3 2 1425 2 1207 1 974 1 74 1 547 1 571 3 471 1 880 2 519 1 893
397 10 3 1 636 1 1116 1 1151 4 891 3 27 1 1366 2 417 1 380 1 294 1 215
398 10 2 2 1187 1 938 1 170 1 278 1 1105 1 316 2 916 1 136 1 1128 1 1316
399 10 2 1 608 1 511 2 139 1 584 1 1405 1 1047 1 375 1 613 1 879 2 266
400 10 3 2 323 1 1129 1 695 1 392 2 520 2 343 3 97 1 594 2 997 1 1179
401 10 2 1 782 2 1326 1 327 2 1399 1 579 2 1441 1 1404 1 1038 1 167 1 855
402 10 3 1 127 1 1470 2 1046 4 1336 1 168 1 239 1 53 2 919 1 1269 1 744
403 10 4 4 1420 1 216 4 1228 1 1378 2 154 1 77 2 858 3 524 1 343 1 982
404 10 3 4 241 1 988 1 803 1 699 2 1429 3 1008 3 1040 2 514 1 537 1 782
405 10 3 3 302 3 459 2 612 1 14 1 51 1 999 2 853 1 529 1 252 1 1371
406 10 3 1 316 1 25 1 1388 1 604 3 748 3 533 2 449 1 561 2 277 1 488
407 10 2 1 225 1 713 1 826 2 1450 1 453 1 992 1 134 1 405 1 261 1 1158
408 10 3 1 949 2 469 3 216 1 1328 1 629 1 567 1 362 1 33 3 777 2 988
409 10 2 1 791 1 845 1 310 1 542 1 827 3 759 1 920 2 1448 2 1128 1 894
410 10 3 3 1333 1 246 2 1217 2 619 2 860 1 424 1 268 1 1256 3 435 1 1131
411 10 3 2 897 1 127 2 1413 1 1066 1 626 1 1062 5 1002 1 1193 1 669 1 1253
412 10 2 1 1147 1 496 1 978 3 1237 1 1033 2 227 1 137 1 444 1 1292 2 632
413 10 3 2 1325 1 782 2 1413 1 299 2 1455 2 216 1 1016 2 1158 2 812 1 410
414 10 3 1 1045 3 407 2 1141 2 951 1 1348 3 1226 1 1112 2 1253 3 1451 1 371
415 10 2 1 736 3 1364 1 1125 1 578 1 1349 1 147 2 272 1 1333 1 1285 1 663
416 10 3 1 771 1 830 1 413 1 203 1 1217 1 1237 2 1327 4 240 1 866 2 1276
417 10 3 2 1119 2 120 2 898 4 152 1 934 1 383 1 809 1 1060 1 1302 1 826
418 10 3 1 374 5 136 3 979 1 900 1 90 1 1311 1 42 1 327 4 1201 1 169
419 10 3 1 1100 1 1066 4 805 1 1353 1 230 1 333 1 853 1 876 2 84 2 1282
420 10 3 1 151 3 24 1 682 1 884 1 1385 1 162 1 1364 1 1033 4 825 1 1276
421 10 2 1 259 1 915 1 1169 1 94 1 947 2 410 1 565 2 318 3 880 1 1288
422 10 2 5 766 1 611 1 362 1 1498 1 353 1 1347 1 1009 1 62 1 706 1 979
423 10 5 2 503 6 627 4 410 2 757 3 414 2 483 1 706 1 376 3 1007 1 927
424 10 2 1 1200 1 1035 1 670 1 1112 1 752 1 1108 1 788 1 768 1 1103 2 1308
425 10 3 3 241 3 1322 1 778 1 903 1 617 2 647 1 872 1 448 1 1067 2 1196
426 10 3 2 1136 1 370 2 699 3 751 1 1446 2 1280 1 494 1 423 1 1153 1 763
427 10 3 3 322 1 1399 1 1268 3 1318 1 1053 2 1082 3 1028 1 164 1 911 1 760
428 10 3 1 107 1 1077 1 1111 3 660 1 694 1 240 2 995 2 442 1 43 2 280
429 10 3 1 1470 1 1483 1 985 2 830 1 955 1 1059 4 18 3 931 1 622 1 543
430 10 3 1 316 3 737 2 684 2 599 1 1116 2 180 2 1414 1 191 2 1289 1 1311
431 10 2 1 278 4 1264 1 1254 1 525 2 46 1 433 1 838 1 609 1 1267 1 911
432 10 2 1 41 1 709 1 1075 1 159 1 1448 1 786 2 634 1 205 1 13 3 1442
433 10 3 2 1476 3 443 1 554 2 1197 2 1384 1 647 2 1011 1 1134 1 1389 1 347
434 10 2 2 665 2 959 1 68 1 996 2 664 1 988 1 1261 1 131 1 1089 1 937
435 10 3 2 129 1 484 1 940 1 1461 4 1413 1 1108 1 1223 1 608 1 506 2 512
436 10 2 1 945 1 435 2 228 2 1334 2 575 1 346 1 842 1 1134 1 503 1 575
437 10 3 2 1032 2 1420 2 1048 2 1082 2 596 1 1248 1 1183 2 1082 1 1469 1 773
438 10 3 1 1164 1 882 1 1124 2 856 2 323 3 390 1 589 1 266 1 533 5 1023
439 10 3 2 893 2 423 2 1393 1 1291 4 16 1 474 1 590 1 700 1 1289 4 1187
440 10 4 4 367 1 887 2 683 1 309 1 154 2 1367 3 998 2 83 4 796 1 844
441 10 2 1 809 1 459 1 139 1 478 1 1338 1 215 1 1454 2 971 1 905 1 860
442 10 4 1 104 1 397 2 66 5 295 2 824 3 341 2 305 1 277 4 943 3 429
443 10 3 1 1235 2 265 1 1391 4 607 1 728 1 1081 2 846 1 261 1 1436 1 533
444 10 2 1 45 1 1308 1 1380 1 1100 1 216 1 362 1 1127 2 718 1 1040 1 493
445 10 2 1 1147 1 1351 1 1196 1 761 1 1437 2 59 2 244 2 1208 1 747 2 763
446 10 3 2 413 1 109 2 225 1 1173 2 802 1 1315 2 706 1 1118 2 872 1 1351
447 10 2 1 976 1 353 2 585 1 1176 2 1452 2 230 1 1172 1 1051 1 1448 2 45
448 10 2 1 1119 1 41 1 155 1 991 3 269 1 553 2 1171 1 1288 1 533 1 83
449 10 2 1 1151 1 809 1 592 1 629 1 725 1 704 1 449 2 1311 1 856 3 1358
450 10 2 1 363 1 935 2 1343 1 831 1 956 1 299 2 765 1 1434 1 1278 1 1432
451 10 3 1 1284 1 22 2 524 2 682 1 725 1 1131 3 529 1 1099 1 732 3 912
452 10 4 2 4 1 450 1 771 2 486 5 847 1 261 4 1352 1 331 1 354 4 916
453 10 4 3 1026 1 392 1 528 3 583 4 710 1 1275 1 1123 1 301 3 415 4 953
454 10 3 3 954 1 1172 1 901 1 1029 1 702 2 1014 1 1122 1 1182 1 198 3 632
455 10 3 1 1113 1 383 3 1091 1 926 1 463 1 825 1 783 4 377 1 214 2 1363
456 10 2 1 396 1 181 1 1123 2 411 1 1358 1 109 1 912 1 31 1 1313 1 1494
457 10 3 1 632 3 510 1 256 1 367 1 1387 4 44 1 426 1 87 1 1343 1 270
458 10 3 3 113 3 1379 1 366 1 904 3 34 1 1430 2 1428 1 157 1 49 1 553
459 10 3 2 941 1 66 3 111 2 1375 1 140 2 1163 1 1053 1 340 4 159 1 1140
460 10 3 1 844 1 142 3 530 1 785 2 1112 2 1290 1 194 1 1053 2 805 1 1179
461 10 3 2 882 2 1137 1 1015 1 1271 2 577 1 976 1 1106 1 1493 3 817 2 1378
462 10 2 2 854 1 1124 1 38 1 1368 1 5 1 504 2 660 1 348 1 389 1 336
463 10 3 2 739 1 627 5 895 2 971 1 606 1 1301 4 48 1 765 1 890 1 1358
464 10 4 1 293 2 695 1 1304 3 197 6 954 3 1195 2 65 1 1353 1 345 2 267
465 10 3 4 1310 1 961 1 151 2 176 2 1429 1 592 2 1206 1 491 3 333 1 898
466 10 2 1 1297 1 704 1 468 2 579 1 1329 1 630 1 1227 1 434 1 1140 1 1209
467 10 2 2 1081 1 48 1 330 1 226 1 276 1 1238 2 591 2 38 2 159 1 285
468 10 3 1 1038 1 1428 2 654 1 673 3 1319 1 110 1 704 4 305 1 480 2 1273
469 10 4 1 574 1 310 3 1043 1 1263 1 167 2 777 3 858 7 910 1 708 1 144
470 10 2 1 873 1 648 1 1154 1 736 1 161 3 716 2 938 1 1055 1 210 2 1368
471 10 3 1 522 1 564 4 108 1 186 1 1213 1 92 2 43 1 1113 4 1060 1 716
472 10 3 4 196 1 818 1 14 1 624 3 8 2 737 1 643 3 1432 1 1134 2 489
473 10 3 1 1044 1 1054 3 879 1 377 1 702 2 225 2 578 4 817 2 905 2 1159
474 10 3 1 452 1 309 2 142 1 473 1 301 1 843 5 1309 1 175 2 928 2 1285
475 10 3 1 966 1 1138 1 726 1 583 3 988 1 998 1 688 3 599 3 95 2 1093
476 10 3 1 1437 1 722 1 1231 1 1416 2 1470 1 435 2 223 2 393 2 560 4 1415
477 10 3 1 163 1 1248 1 1040 4 920 1 422 1 718 2 518 2 441 1 416 1 851
478 10 2 1 189 2 1076 2 719 1 628 1 226 1 1128 1 501 1 880 1 1340 2 308
479 10 3 1 620 1 599 1 1055 3 232 1 85 1 313 3 44 5 677 1 244 1 186
480 10 3 1 1028 1 42 3 1088 1 700 1 276 3 811 2 40 4 850 1 916 2 990
481 10 3 1 1357 2 1042 1 102 3 1208 3 178 1 1241 1 561 1 1436 2 993 1 363
482 10 3 1 118 1 79 1 687 3 944 2 961 2 372 1 1333 1 365 3 1071 1 297
483 10 2 1 561 2 1389 1 1168 1 295 1 591 1 1306 2 1296 1 880 1 1021 1 459
484 10 2 1 599 1 1195 3 929 1 566 1 966 2 986 2 1336 1 85 1 296 1 1195
485 10 3 2 266 1 970 1 453 1 1289 1 1214 2 1101 1 39 2 1353 3 902 4 298
486 10 4 5 591 2 469 1 675 1 565 1 381 4 711 1 132 6 1492 1 546 2 70
487 10 2 1 1242 1 1411 2 763 1 1454 2 313 1 697 2 1482 1 881 2 370 1 864
488 10 3 1 687 2 1079 1 773 1 338 1 360 2 1177 5 198 1 624 1 456 2 566
489 10 2 1 785 2 346 1 567 1 1163 1 523 1 1055 1 663 2 757 1 729 1 1039
490 10 3 2 1385 2 973 1 438 1 276 1 814 1 539 1 1071 3 1383 3 1303 3 79
491 10 3 1 293 4 413 1 297 2 421 1 1330 1 741 1 252 1 75 3 1095 2 810
492 10 3 1 463 1 1100 2 1020 1 817 3 671 3 1021 1 261 2 1342 2 1168 1 1392
493 10 4 1 240 1 983 1 1352 3 825 2 129 2 1205 3 1433 6 296 1 975 1 368
494 10 2 1 977 2 1432 1 1086 1 227 2 13 1 682 1 902 1 34 2 344 1 678
495 10 2 3 681 1 375 1 501 1 1462 1 1469 1 1180 1 632 2 1023 1 647 1 1040
496 10 3 2 148 1 724 2 62 1 1447 1 1112 2 531 2 450 2 459 1 567 1 697
497 10 3 1 1459 2 1105 2 72 2 1097 3 66 2 874 1 452 1 385 1 1402 1 91
498 10 4 2 257 2 835 2 444 1 82 4 1000 1 478 4 1430 4 579 2 759 1 1435
499 10 3 2 1117 1 331 2 983 1 282 3 1498 2 1040 4 1003 1 126 2 887 1 309
500 10 2 1 342 1 1388 3 1165 1 409 1 720 1 778 1 1246 1 716 1 1116 1 1347
