1 20 5 1 8 1 952 2 571 1 7 1 1441 2 1299 1 170 1 596 1 518 1 882 2 1002 1 1489 1 833 1 509 2 495 1 418 1 933 3 1027 1 35 1 1377
2 20 5 6 711 1 798 1 859 1 265 2 1090 1 1490 1 910 1 476 2 290 1 1353 1 410 1 1313 2 711 1 381 1 115 1 1378 1 1050 1 1043 1 21 1 662
3 20 6 2 1473 1 397 1 198 1 867 4 875 1 329 2 125 1 318 4 535 2 1415 1 603 3 1247 1 851 1 1467 1 227 1 187 1 831 1 530 2 441 2 537
4 20 7 2 1446 1 923 4 481 1 215 3 731 4 692 1 789 1 1357 1 587 1 607 1 1308 1 706 2 436 1 454 1 1082 2 38 1 996 2 1175 3 1320 5 1474
5 20 5 1 1234 1 1073 1 861 2 222 1 637 1 1215 1 1432 2 496 2 1279 1 388 2 1122 1 793 1 360 1 1243 1 1135 1 1470 1 1276 1 168 1 669 4 1247
6 20 5 1 897 1 1393 1 62 3 1426 1 11 2 111 1 196 1 797 1 125 1 774 3 1223 1 827 1 1052 1 1357 1 82 1 472 1 736 2 678 1 644 2 1317
7 20 5 1 232 1 10 1 238 1 889 1 702 3 844 2 260 1 335 1 848 2 1274 2 927 3 1094 1 1200 1 465 1 1459 1 1089 1 1252 2 1266 1 1440 1 987
8 20 7 3 1424 1 1145 1 1157 2 561 4 1194 2 1101 1 832 3 231 1 231 1 1453 1 683 1 786 2 886 3 1132 2 1041 1 617 1 1407 3 1190 1 1158 1 652
9 20 5 1 1049 4 591 1 1422 1 80 1 224 1 1188 2 1297 1 1046 1 397 2 1364 1 476 1 962 4 565 1 118 1 778 1 740 1 522 1 967 1 432 1 123
10 20 6 3 122 1 19 2 1256 1 284 2 1350 2 788 3 849 2 275 1 1470 1 688 1 370 1 44 2 810 1 668 1 44 2 669 1 381 1 917 2 1151 2 824
11 20 8 1 1066 2 831 2 414 2 180 1 266 1 1466 2 20 1 651 2 584 2 1480 2 1324 1 1433 2 1142 5 734 3 123 1 337 1 118 1 1219 5 835 3 928
12 20 6 1 1239 1 54 1 662 1 641 1 275 1 111 2 4 1 1156 1 386 3 337 2 1462 3 1003 1 892 2 419 1 693 1 25 2 354 4 803 1 1258 2 1335
13 20 6 1 1250 1 246 2 515 1 688 1 1264 2 621 1 842 1 100 1 1201 1 88 1 285 2 1394 4 249 3 1129 1 658 1 1051 2 864 1 825 1 64 3 1030
14 20 5 1 1138 1 785 3 270 4 471 1 1365 1 483 1 778 1 360 1 1000 1 1463 1 896 1 1258 1 1355 2 1332 1 132 1 723 1 236 1 1105 1 423 1 1418
15 20 6 1 667 1 763 1 587 1 1006 2 639 1 638 1 636 1 55 2 1331 2 991 1 168 4 223 2 876 1 614 2 1311 2 1219 2 565 1 972 1 350 1 306
16 20 5 2 1235 1 1082 1 22 1 97 1 1154 3 1043 1 22 3 1176 1 1470 1 849 1 1489 1 1089 2 1239 1 120 1 101 1 277 1 772 1 232 2 623 1 209
17 20 5 1 1454 1 337 1 1186 1 195 1 1335 1 1362 1 1366 2 1139 1 440 1 1481 1 356 1 328 1 60 3 248 1 68 1 229 1 142 3 849 1 397 1 688
18 20 6 1 909 2 818 1 1343 1 571 1 1084 1 1020 1 732 2 1394 1 904 2 782 1 400 2 665 3 1013 1 2 1 1104 2 476 2 280 2 90 1 178 3 1487
19 20 5 1 357 1 1484 1 900 1 1394 3 1370 1 1349 1 891 2 731 3 1337 1 248 2 1126 3 1332 1 568 1 567 1 752 1 599 2 1479 1 1282 1 1056 1 1164
20 20 7 1 546 1 588 1 268 2 165 1 356 1 1475 4 1244 4 1312 3 653 2 3 1 383 2 54 1 186 1 1290 1 456 2 1405 2 1013 2 1340 1 313 2 421
21 20 7 1 656 1 1343 3 1382 1 263 1 1444 1 674 1 581 5 194 1 1013 2 1349 1 960 1 396 5 1133 1 892 1 1466 1 80 2 631 1 1084 1 1195 4 921
22 20 6 3 762 4 776 1 1345 2 1108 1 334 2 211 1 1242 1 1222 2 898 1 503 1 289 2 194 2 1445 1 869 1 1472 2 685 3 21 1 212 1 1484 1 1028
23 20 8 2 837 1 257 1 884 1 600 4 382 2 500 3 155 1 1075 1 630 1 1164 5 1498 4 907 3 195 2 104 1 478 1 740 1 388 3 646 1 1146 3 194
24 20 6 1 839 1 661 2 686 2 690 3 449 4 919 1 1156 1 525 1 442 3 406 1 71 1 1163 1 517 2 432 2 1381 1 286 1 259 1 79 3 954 1 831
25 20 4 1 285 1 1067 1 321 2 1389 1 1354 1 837 1 891 1 439 1 688 1 1191 1 987 2 564 1 180 1 1153 1 21 3 598 1 1343 1 1060 1 719 1 862
26 20 6 1 1248 3 1389 2 668 1 1468 2 121 1 715 2 271 1 381 1 846 1 527 1 360 2 1402 2 864 1 1243 1 1495 2 281 3 114 1 1453 2 307 1 704
27 20 7 2 969 2 989 1 313 1 1456 5 33 4 973 1 1142 1 572 1 654 2 643 3 53 1 291 1 158 2 119 2 653 1 50 2 40 1 655 1 712 2 1318
28 20 7 1 1410 1 1060 2 1312 1 401 2 915 2 762 2 191 1 573 1 387 1 439 2 946 2 1172 6 213 1 352 1 210 3 438 1 339 3 1113 1 1263 2 1451
29 20 4 1 1154 1 225 1 166 1 701 1 817 1 1256 1 1217 1 1341 1 930 1 281 1 927 1 719 1 1186 1 194 2 1199 2 1035 2 984 1 579 2 1342 1 1143
30 20 7 1 1394 2 129 3 1092 1 547 1 156 1 608 1 256 3 75 1 273 2 1326 1 254 1 226 1 286 3 282 1 873 3 499 1 995 1 740 1 409 6 583
31 20 7 1 1062 1 1317 1 545 1 112 2 997 4 690 2 1334 5 721 1 473 2 286 3 387 1 450 1 1270 1 169 3 983 2 43 1 122 1 228 2 314 4 26
32 20 7 4 27 1 1265 1 1316 1 1274 1 1415 1 1148 3 230 1 1445 1 414 2 8 1 738 1 721 2 764 1 1472 3 1015 2 734 3 265 2 1404 1 561 4 933
33 20 5 2 289 2 1072 1 506 2 1040 1 439 1 494 1 894 2 559 1 1468 1 987 2 641 2 433 1 1181 1 287 2 293 1 59 1 1072 3 143 1 198 1 877
34 20 6 1 835 1 975 7 638 1 1161 2 318 3 1192 1 139 1 1111 1 1246 1 208 1 473 2 747 1 874 1 1118 2 572 1 231 1 349 1 510 1 1231 1 843
35 20 6 1 316 3 504 1 106 1 1156 2 18 2 546 1 515 1 911 1 1025 2 1226 4 961 2 1205 1 1400 3 1356 1 52 1 1347 1 847 1 1148 1 1454 1 326
36 20 8 2 517 2 191 2 183 1 399 3 1038 1 1207 3 1275 4 1453 1 968 2 1476 1 171 3 87 1 144 5 709 1 627 1 461 3 1285 1 684 1 1361 2 1396
37 20 5 1 302 1 115 2 1230 1 278 1 1432 1 876 1 916 1 26 1 379 1 700 1 290 1 1455 4 1001 1 1015 3 1299 2 37 1 649 1 375 1 1430 1 1315
38 20 7 1 1136 2 1209 3 732 3 1012 1 985 1 982 2 645 5 799 1 978 1 655 2 1256 3 452 2 588 2 1230 1 96 2 105 1 877 2 729 1 737 1 471
39 20 5 1 729 1 306 2 657 1 1139 1 1200 1 940 1 24 1 348 1 701 1 929 1 847 2 722 1 809 1 1045 2 757 1 93 1 1113 1 1007 3 70 1 1248
40 20 6 2 711 1 1314 1 1292 1 365 1 1451 1 1137 1 1466 1 1081 1 922 1 471 2 1308 1 738 1 947 2 1095 1 602 1 1419 8 1368 1 1456 2 789 1 1068
41 20 7 2 1423 2 375 2 1051 1 37 2 978 1 1178 1 505 3 41 1 483 1 1436 1 1480 1 261 1 1196 1 546 5 1240 1 651 2 448 1 1481 3 1477 3 1384
42 20 7 3 283 2 1125 1 85 1 961 4 193 1 1126 1 1302 1 1377 3 131 2 759 2 409 2 1216 1 1289 2 295 1 554 2 1063 1 31 1 730 1 764 3 1009
43 20 7 1 290 3 1047 2 113 1 495 1 61 1 655 2 5 1 223 2 937 5 1150 3 238 2 876 2 1381 1 1495 2 1256 1 784 1 419 1 1164 3 1341 1 320
44 20 5 1 1351 1 212 1 917 1 113 2 1406 2 1000 1 253 2 423 2 1328 1 1107 3 291 1 796 1 1255 1 1376 1 573 2 216 2 58 1 610 1 1042 1 1399
45 20 6 1 1488 1 251 1 852 1 1461 1 631 2 715 1 679 1 302 2 1214 1 499 2 1078 1 289 1 597 5 604 3 28 1 323 1 524 1 205 2 1250 1 225
46 20 6 1 1039 1 677 4 264 1 816 1 171 2 193 1 89 1 326 4 1286 1 599 1 830 1 824 1 416 1 991 1 685 2 807 1 871 3 18 1 912 2 222
47 20 5 2 869 1 1489 1 21 1 120 3 388 1 265 3 910 1 24 1 500 1 762 1 1031 2 799 1 656 1 1099 1 103 1 888 1 471 1 262 1 1480 1 1403
48 20 7 3 1436 2 1212 1 607 1 880 3 514 3 375 2 1422 1 1410 1 817 2 283 2 1089 1 1066 2 106 1 1198 1 1154 2 677 1 507 2 1377 2 1411 4 889
49 20 5 1 456 5 1361 3 550 2 734 1 1450 1 513 1 1404 1 50 1 1486 1 125 1 1471 1 1408 3 89 1 1338 1 692 1 69 1 799 1 270 1 1124 1 24
50 20 6 1 348 1 1094 1 1143 1 1392 3 1155 1 985 3 505 1 224 3 1253 1 1139 3 19 1 1464 2 644 4 322 2 414 1 852 1 543 1 420 1 1013 1 1397
51 20 4 1 633 1 61 1 324 1 1050 1 52 1 358 2 411 1 252 1 454 1 362 1 358 2 526 1 931 1 513 1 772 2 1475 2 1499 1 1062 1 168 1 1399
52 20 6 1 1123 1 655 1 1457 2 733 1 137 1 334 1 837 2 436 1 1164 5 267 2 304 3 356 1 990 1 1274 1 156 1 728 1 88 1 510 2 3 1 1149
53 20 6 3 197 1 363 2 1495 1 793 1 56 1 129 2 52 1 995 1 937 2 1069 2 1151 1 1071 2 1171 2 1416 1 527 1 638 2 1155 2 133 1 133 3 709
54 20 6 3 1379 2 969 2 785 1 47 2 555 1 696 1 899 1 1058 2 488 2 1225 2 382 1 1100 1 632 1 1326 1 1314 2 40 1 1330 1 1434 2 744 1 551
55 20 6 1 95 2 615 2 2 1 63 1 1160 4 1303 1 593 1 1204 2 68 1 823 1 483 2 1008 1 488 2 645 1 1086 1 1063 1 1277 1 1373 1 148 4 242
56 20 6 1 1121 2 1037 1 121 1 807 1 1035 1 1142 1 681 1 885 1 10 1 329 1 1261 1 842 1 431 4 574 1 735 2 1033 3 1113 3 39 2 686 2 210
57 20 7 1 1162 1 746 1 517 2 623 1 1017 1 309 3 807 1 484 1 1457 1 587 1 1063 3 381 1 760 3 295 6 1429 1 1335 1 1084 2 1062 3 839 3 1055
58 20 7 2 1195 1 1149 3 1022 3 1442 1 94 1 676 1 829 1 359 1 528 3 440 1 1197 3 643 1 1246 1 777 2 30 4 918 1 1326 3 16 1 365 3 1288
59 20 6 3 503 3 1366 1 448 3 816 3 1443 1 1324 1 785 1 88 1 1 1 768 1 1093 2 146 1 798 1 780 4 173 1 129 2 404 1 1475 2 94 1 807
60 20 6 1 1117 2 76 1 1158 3 1040 1 1106 1 1001 1 392 2 314 1 514 1 1284 1 460 1 8 2 968 1 334 5 1381 2 1290 1 224 1 1374 2 444 1 442
61 20 6 3 853 1 273 1 1106 2 571 1 1332 1 835 1 737 2 723 1 867 1 230 1 474 2 290 1 1224 3 182 2 1394 1 364 2 237 3 1068 2 324 1 1435
62 20 6 2 1211 1 912 1 80 1 102 2 1460 3 892 1 994 1 1023 1 1445 2 1314 2 893 1 434 1 884 1 508 1 1155 1 720 2 605 4 884 2 1108 1 1179
63 20 6 2 443 3 1053 1 1399 1 1215 2 1391 1 1216 1 584 1 1100 1 1012 1 50 1 605 1 707 1 1161 1 596 2 578 1 1342 1 152 4 1190 3 813 1 1077
64 20 6 2 166 3 911 7 940 1 1470 1 1120 1 103 1 1312 2 780 1 904 2 950 1 394 1 1121 1 557 1 739 1 719 1 1280 2 197 1 1129 1 333 1 403
65 20 6 1 198 2 281 5 505 1 832 1 1199 2 983 1 123 1 1270 3 94 1 573 1 878 1 3 5 255 2 737 1 1066 1 315 1 1343 1 1326 1 1120 1 444
66 20 7 1 337 1 367 1 676 1 841 3 54 1 1403 1 680 1 707 1 104 1 1022 1 1323 1 343 1 391 2 273 3 1162 4 1027 3 42 1 1070 3 489 5 214
67 20 5 1 1019 1 151 1 359 1 1105 2 570 1 826 1 447 1 76 1 1140 1 751 3 710 3 650 1 1015 1 40 1 857 3 1347 1 639 1 983 2 1252 1 1043
68 20 7 3 1049 7 1104 1 610 2 1423 1 1288 1 1490 2 730 1 1186 1 1355 1 889 1 322 1 605 1 267 1 286 1 196 1 1227 2 389 4 804 1 578 5 1420
69 20 5 1 612 1 844 3 24 1 103 1 678 1 424 1 1458 3 899 2 1335 1 1431 1 335 1 1204 3 1365 1 527 1 1483 1 318 1 38 2 362 2 888 1 553
70 20 5 1 1324 1 1023 2 1392 1 879 2 102 1 534 1 166 1 1103 1 72 1 298 1 717 1 117 1 941 1 640 1 374 1 597 7 141 1 997 1 1066 1 1091
71 20 6 4 1011 2 826 1 782 2 1301 1 1298 1 1356 2 495 1 712 3 104 1 201 1 1373 2 656 1 1311 3 23 1 1001 2 1025 1 745 2 800 1 468 1 1188
72 20 6 1 696 2 223 1 268 2 1225 2 98 1 1249 1 148 1 761 2 67 1 410 2 1328 1 1019 1 452 2 677 1 824 2 538 5 138 3 1211 1 1346 1 292
73 20 5 2 437 1 905 2 416 2 646 1 70 1 1383 3 884 1 530 1 556 1 23 1 278 1 1106 1 458 1 7 2 1433 1 790 2 1089 1 556 1 851 2 821
74 20 5 1 944 1 162 1 1248 1 1116 2 521 1 277 1 544 1 676 2 860 1 590 1 733 1 16 1 575 2 825 1 673 1 1107 2 1469 2 437 1 1049 1 941
75 20 6 1 654 1 751 1 704 1 685 1 1000 1 1343 1 485 1 135 2 681 1 1298 2 631 2 288 1 436 1 56 6 1327 2 1383 2 32 1 963 1 881 2 1320
76 20 7 1 478 1 792 3 836 2 854 3 1302 1 1003 1 1117 2 1233 1 1065 2 940 1 860 1 427 1 290 3 242 3 1198 2 980 1 511 1 464 2 626 3 179
77 20 6 1 302 1 937 1 1148 2 1022 2 948 2 1333 1 1403 1 977 1 668 1 995 4 939 1 834 1 57 1 801 1 53 3 1471 3 811 3 88 1 332 1 622
78 20 5 1 1080 1 807 1 876 1 137 1 681 3 1250 1 815 1 13 1 304 3 104 2 185 1 108 1 1345 1 1087 1 740 1 34 1 1372 2 358 1 455 1 557
79 20 6 1 1164 3 924 2 457 2 617 1 1382 1 789 1 1311 1 1047 2 321 1 267 1 1447 1 989 1 335 2 508 5 167 2 533 3 1189 1 1098 2 182 1 985
80 20 6 1 1070 1 761 1 920 5 585 4 1422 1 87 1 227 2 317 1 1121 1 264 3 226 1 336 1 1435 1 217 1 1451 1 956 1 637 1 768 2 299 1 690
81 20 7 1 167 1 275 1 697 2 301 1 743 1 95 2 43 1 1325 4 303 1 36 1 1346 1 489 9 72 1 881 1 1036 2 343 1 1385 1 450 1 6 2 1037
82 20 6 2 151 1 750 2 244 1 56 1 1276 3 433 1 1276 2 386 1 256 1 1408 2 1174 1 1303 2 675 3 221 1 41 1 1110 2 1480 1 317 1 875 2 261
83 20 4 1 95 1 1291 1 131 2 1027 1 410 1 155 1 1170 1 20 1 874 1 752 2 1100 1 1379 1 3 2 220 1 24 1 210 1 1014 1 993 1 189 1 790
84 20 6 4 1332 2 580 2 484 2 1478 4 1442 1 511 1 1359 1 1349 1 1213 2 924 2 653 1 861 1 398 2 531 1 633 1 403 1 777 1 916 1 251 2 805
85 20 6 2 1476 2 331 1 480 1 1465 1 199 1 372 2 1189 3 1056 2 750 1 723 1 1042 3 559 1 258 1 1287 2 12 1 336 1 81 1 115 2 328 1 583
86 20 4 1 777 1 561 1 1285 1 283 1 1089 1 408 1 208 1 249 1 381 1 306 1 736 2 649 1 919 2 1061 2 1291 1 1459 1 658 2 1464 1 704 1 105
87 20 6 2 1 1 211 4 960 1 112 2 481 1 883 1 568 2 329 1 1185 3 647 2 724 1 21 1 714 1 534 1 1181 1 941 1 429 6 9 1 1012 1 1030
88 20 6 1 749 1 1057 1 1378 2 826 2 1269 1 95 1 1453 1 100 4 639 2 396 2 1415 3 1414 1 995 3 177 1 734 1 1174 1 691 2 515 1 1024 2 1263
89 20 5 2 501 1 591 1 1371 2 1068 1 625 1 846 1 1253 1 913 1 792 3 1055 1 340 3 445 1 649 1 665 1 545 1 683 2 329 1 99 1 527 1 158
90 20 4 1 953 2 237 1 670 1 1013 1 498 1 1483 2 205 1 1103 1 863 1 740 1 1313 2 303 1 189 1 773 1 705 1 280 2 1292 1 96 1 462 1 803
91 20 5 2 744 1 983 1 491 1 733 1 826 1 581 2 1119 1 739 1 584 1 1320 1 6 1 1115 1 953 6 435 3 516 1 767 1 732 1 992 1 80 1 683
92 20 7 1 1211 1 141 1 148 1 1431 1 683 1 263 4 100 3 787 1 838 3 14 2 13 2 336 3 261 1 468 5 529 4 503 1 237 1 545 1 898 1 35
93 20 7 1 530 1 1125 1 1249 1 409 2 614 3 1482 1 265 1 508 1 971 3 228 1 787 1 1186 3 1228 4 798 3 1046 1 804 3 466 1 1341 3 1459 1 1421
94 20 6 1 957 1 856 6 445 2 379 3 1106 1 678 1 1266 1 1380 1 38 1 1490 1 210 1 1165 1 400 4 1029 2 984 1 613 1 472 2 238 1 892 2 676
95 20 6 1 152 2 1445 2 409 1 324 1 253 1 1161 1 515 3 301 1 750 1 466 3 40 1 187 2 782 1 1356 3 356 1 982 1 589 3 957 3 34 1 580
96 20 6 2 410 2 813 1 150 1 758 2 1431 1 1353 2 129 1 593 2 31 1 660 2 603 1 56 1 571 2 611 1 1021 1 354 1 766 1 1001 4 429 1 127
97 20 5 1 120 1 1394 2 1492 1 160 1 1346 1 1205 1 551 2 1107 1 1093 1 1336 1 1150 2 1298 1 1016 1 619 1 1380 3 1197 2 1100 1 357 1 738 1 206
98 20 5 2 129 2 259 1 565 1 737 1 837 1 933 2 978 1 45 1 1316 1 646 1 956 1 742 1 1285 2 954 1 1154 3 1406 2 876 1 798 1 1343 1 914
99 20 5 1 265 1 543 1 900 1 616 1 1038 3 1249 1 137 1 919 1 448 2 392 1 607 2 1407 1 1198 1 957 1 1087 1 89 1 554 3 101 1 689 1 932
100 20 6 2 510 2 920 1 269 2 574 1 843 1 686 1 91 1 410 4 634 1 137 1 87 2 1454 1 459 1 107 1 745 6 259 1 987 3 1295 1 116 1 1087
101 20 8 1 289 1 1191 3 977 1 290 4 848 1 247 1 668 3 195 1 639 4 795 1 546 5 1359 3 509 1 31 2 911 1 610 4 788 1 584 1 989 2 914
102 20 5 1 1099 1 272 1 848 1 843 1 300 1 1022 3 115 3 333 1 1094 2 1053 1 333 1 1000 2 1061 2 163 1 142 1 1131 1 987 1 531 3 756 1 465
103 20 5 1 317 1 732 1 869 4 625 2 1480 1 169 2 1481 1 8 1 1088 1 494 1 721 1 160 2 779 1 207 1 1492 1 1287 1 662 1 1026 1 189 2 324
104 20 6 1 544 3 858 1 1258 1 107 1 827 1 515 2 953 1 1021 1 542 1 1206 2 382 1 891 1 601 1 1041 1 532 3 1365 1 90 4 856 2 104 2 670
105 20 6 1 1394 1 1216 1 30 2 654 3 1408 3 435 3 511 3 48 2 529 1 1178 1 765 2 104 1 758 1 1444 3 1449 1 131 1 930 1 629 1 636 1 263
106 20 5 1 1059 2 682 1 617 3 1055 2 907 1 997 1 1330 1 1214 1 824 1 359 2 609 1 695 2 1209 1 1141 1 806 1 76 1 241 3 6 1 1316 1 1169
107 20 8 1 788 2 845 2 761 5 1132 4 448 1 1382 1 1220 2 724 4 249 1 405 2 1319 1 306 1 1001 3 294 1 1493 1 1323 3 793 2 1327 2 94 3 1452
108 20 6 1 147 2 964 1 1406 1 1354 1 1411 1 532 2 538 2 535 1 938 1 984 1 1046 3 478 2 355 1 963 1 363 4 956 1 879 1 1399 2 145 1 149
109 20 7 1 112 1 1185 3 633 4 1175 4 1164 1 1107 1 1127 1 1142 4 1406 1 1184 1 544 2 10 2 988 1 129 1 1403 2 735 1 241 1 918 1 267 3 497
110 20 6 3 1189 1 505 1 1341 1 1458 2 1359 2 618 2 981 1 940 1 802 3 1177 1 1245 4 1042 1 1303 1 1302 1 1304 1 34 1 424 2 111 2 126 3 1307
111 20 7 1 647 1 173 1 1091 1 1327 2 108 2 821 2 1066 3 1378 1 1136 6 800 2 133 1 631 2 1451 1 387 1 830 1 1044 2 882 3 880 4 392 1 451
112 20 6 5 1087 1 595 1 317 1 978 1 1154 1 1128 1 1153 1 107 2 587 2 1110 2 270 1 1130 2 343 2 869 2 781 3 1395 1 643 1 292 1 1084 1 683
113 20 6 4 576 2 34 1 490 1 1275 3 368 1 270 1 818 2 246 1 1156 1 511 1 804 3 1412 3 1039 1 451 1 123 1 920 2 1259 1 1205 2 1011 1 1032
114 20 6 1 750 2 1074 1 946 1 861 3 605 3 782 1 1411 2 893 2 1484 1 525 1 694 1 917 2 806 2 1467 1 975 2 968 1 1061 2 950 4 1299 1 792
115 20 7 1 673 2 1148 1 128 1 510 1 1021 1 661 5 444 1 350 3 965 1 355 3 226 2 1160 1 428 2 790 3 189 1 1410 2 1198 2 428 1 1459 1 995
116 20 6 1 844 1 1182 1 852 1 1178 4 512 1 1043 2 1093 2 1006 2 949 1 721 1 230 2 843 1 1275 1 409 1 822 4 470 1 1323 1 1272 2 1221 1 312
117 20 7 3 789 1 68 1 529 4 621 1 500 1 200 3 963 2 1346 1 363 1 1088 3 706 4 712 1 1398 1 882 3 294 1 207 3 455 1 45 2 1240 1 1462
118 20 6 1 136 3 793 1 674 2 410 1 83 1 833 3 47 1 553 1 1072 1 425 1 959 3 1135 1 652 2 304 1 1486 2 1012 1 1430 1 1399 2 1037 1 1264
119 20 7 1 930 5 1150 3 738 1 1335 2 783 2 1340 1 373 1 1228 2 1091 2 1312 3 1470 2 907 1 653 1 503 1 139 2 1442 1 794 1 1296 2 1425 5 517
120 20 5 1 474 1 915 1 1281 1 964 3 629 1 1165 1 251 1 451 1 1072 2 174 2 75 3 1327 1 783 1 814 1 384 1 1500 1 617 1 103 1 825 1 1050
121 20 5 1 801 1 552 1 163 1 49 1 1288 1 1198 1 972 1 50 2 147 1 1298 1 1331 1 859 1 957 6 972 1 778 1 499 2 460 1 982 1 162 1 1116
122 20 6 3 764 1 306 4 161 2 782 2 538 2 723 1 304 1 1188 1 1497 1 918 1 491 1 978 1 997 1 484 4 1316 2 920 1 775 2 581 1 752 1 643
123 20 7 1 1434 1 1338 1 865 3 285 1 1333 2 103 4 424 1 353 1 917 1 1331 1 1001 1 1336 1 1392 1 895 3 1292 1 295 1 719 3 1193 7 389 2 544
124 20 6 2 119 7 712 1 600 1 1213 2 282 1 1203 1 611 2 1361 1 1042 1 460 1 850 1 486 1 781 1 566 2 672 1 142 1 568 1 474 1 294 1 1246
125 20 6 2 1356 2 1318 2 735 2 1077 2 127 1 1029 2 398 1 115 2 545 3 98 3 563 1 474 1 787 2 515 1 1111 2 834 1 1165 2 19 1 731 1 1348
126 20 6 2 1287 1 41 1 526 3 339 2 518 2 1034 1 1439 1 994 1 512 1 130 1 739 1 1367 1 277 1 1175 3 987 2 877 1 20 1 9 1 388 4 1149
127 20 5 1 174 2 310 2 1139 1 330 1 149 2 853 1 321 1 174 1 1100 1 907 1 1098 1 776 5 250 2 1184 2 1456 1 1354 1 653 1 7 1 379 1 1285
128 20 5 1 571 1 1484 1 1465 3 434 1 775 1 104 2 1237 1 1222 2 498 2 639 1 504 1 1026 1 1102 1 1142 2 452 1 221 1 1211 1 912 1 295 2 1432
129 20 7 1 702 1 1250 4 1179 1 1337 1 555 5 118 1 305 1 141 4 70 1 744 2 961 1 1240 1 1298 1 863 1 856 1 517 2 610 3 1341 1 830 4 861
130 20 6 1 1020 1 996 1 819 1 468 1 1331 1 385 1 4 1 522 1 342 4 421 2 724 2 968 2 1486 1 831 3 732 1 590 3 208 1 203 1 1330 1 115
131 20 7 2 1184 1 866 3 790 2 145 1 395 4 1106 3 1103 1 351 1 1304 1 1389 1 1232 1 1368 1 119 1 428 2 1285 2 304 4 1012 1 916 2 922 1 1011
132 20 6 4 384 1 1367 1 1466 1 1482 1 487 1 800 1 77 2 416 1 97 1 873 1 1281 2 104 3 1241 3 294 2 1402 1 94 1 855 2 991 1 176 1 165
133 20 6 2 1021 1 833 1 717 1 1450 1 236 1 868 1 266 3 891 1 761 1 6 3 273 1 997 2 843 1 11 1 360 2 627 1 960 1 471 3 1469 2 1470
134 20 5 1 982 3 1020 1 461 1 783 2 280 1 1113 1 119 3 706 1 1024 1 294 1 998 2 1284 1 811 2 456 1 1105 1 1041 1 717 3 1016 1 403 1 698
135 20 7 1 618 3 53 3 1470 1 116 2 476 3 265 1 263 1 135 1 1028 1 867 6 199 3 925 1 1469 1 952 3 105 1 376 1 1250 2 329 1 147 3 420
136 20 5 1 546 2 300 2 620 1 884 1 1163 1 823 2 138 4 1333 1 1372 1 14 2 1352 2 1056 1 1120 1 1199 1 1340 1 669 1 370 2 1180 1 315 1 1042
137 20 6 1 598 2 229 2 303 1 237 1 1180 1 344 1 124 1 1381 2 921 3 402 1 1263 2 182 1 1128 2 617 1 739 3 1 1 851 2 498 1 1031 2 346
138 20 5 1 1374 1 1123 2 1408 1 719 1 68 1 920 3 422 1 945 1 557 2 411 1 980 1 717 1 871 1 367 1 453 1 1308 3 673 1 165 1 331 2 1176
139 20 6 3 1107 1 1139 2 1262 1 399 2 966 1 706 1 247 1 998 1 904 1 760 1 354 1 843 4 778 1 97 1 1031 2 964 1 398 3 1289 1 233 1 423
140 20 6 3 446 2 365 1 1417 1 1231 2 1014 1 392 2 716 1 1187 1 775 1 1472 1 1110 5 662 2 1051 1 492 1 1198 1 875 2 880 1 39 1 1461 1 457
141 20 8 3 94 2 1027 3 216 2 1002 1 1403 5 1111 1 941 3 1113 2 1222 2 747 4 43 1 692 2 343 1 638 1 49 2 124 1 1032 5 435 1 147 1 1151
142 20 6 1 47 2 553 2 11 2 337 2 839 3 1393 1 562 2 1361 1 1260 1 684 2 442 1 796 2 372 2 306 2 1316 2 729 1 939 1 897 2 1231 1 1087
143 20 7 1 301 2 1120 2 114 1 1418 1 582 1 657 1 1412 1 15 3 195 1 1181 3 972 3 139 2 216 3 1219 1 241 4 1227 2 1332 1 545 2 723 2 1445
144 20 6 1 1005 1 801 3 730 2 380 3 540 1 657 1 1183 1 1484 2 1050 1 1446 2 1189 1 216 2 395 1 339 1 1112 1 767 1 746 3 1019 1 421 1 78
145 20 6 6 1349 3 55 1 945 1 1207 1 1090 2 850 1 488 2 1167 1 921 1 161 1 429 1 372 1 439 1 1328 1 1497 2 1452 2 416 1 1244 1 937 2 891
146 20 6 2 218 2 690 4 646 3 612 2 757 2 1418 1 1171 1 930 1 122 1 606 1 1397 1 1193 2 1226 1 1033 2 385 1 637 1 1375 1 888 1 1015 1 270
147 20 6 3 1446 1 334 1 891 1 1172 2 1117 1 1459 2 119 2 871 2 851 1 1179 1 639 2 22 1 750 1 392 1 567 1 1037 4 769 1 320 1 565 1 1124
148 20 5 1 136 2 861 1 586 2 1016 1 768 1 1464 3 1314 1 1286 1 695 1 49 1 135 1 1224 1 1175 1 654 1 291 2 929 2 1490 2 859 1 510 1 62
149 20 5 1 70 1 1023 2 1021 1 1006 2 1093 1 1441 1 422 3 509 1 748 1 793 1 1482 1 796 1 1260 1 116 2 862 1 439 1 247 1 81 1 1445 1 1259
150 20 6 1 530 1 320 2 780 1 1390 2 1352 1 773 1 1035 1 124 1 571 3 774 1 90 1 1090 3 1265 1 1351 3 543 2 353 1 494 2 122 1 59 1 1039
151 20 6 1 238 1 392 2 1396 2 1304 3 1460 1 377 1 1030 1 734 3 726 1 107 1 380 2 1170 1 1291 2 768 1 870 1 677 2 1019 4 830 1 1366 1 579
152 20 6 2 1366 2 1047 2 130 4 1408 2 1418 1 61 1 948 1 692 1 1411 1 557 3 549 1 1211 2 679 1 526 1 657 2 359 2 132 1 182 2 1325 1 312
153 20 6 3 971 1 1394 1 18 2 620 2 66 2 83 1 83 2 1457 1 362 1 504 2 978 2 1356 2 1170 1 889 3 940 1 308 3 425 1 864 1 204 1 776
154 20 7 3 548 1 1133 2 467 3 184 1 638 1 789 3 350 3 1118 1 855 2 235 1 1009 2 398 2 1306 1 1306 2 899 2 493 1 819 2 1154 1 415 1 719
155 20 6 1 651 1 735 1 168 2 365 2 98 1 401 1 437 2 787 1 353 1 1363 2 80 3 964 3 321 1 162 1 261 1 1144 2 633 1 952 4 1301 1 1395
156 20 6 1 600 1 214 1 1051 1 1117 1 341 5 247 3 288 1 621 4 221 2 687 1 1175 2 1252 2 1190 1 937 2 1009 1 302 1 1256 2 1329 1 1253 1 484
157 20 5 1 938 1 782 1 305 1 1323 2 1045 1 1335 1 140 1 1132 1 1394 1 715 2 1022 1 807 1 79 1 1447 2 644 2 25 2 707 2 117 3 1045 1 645
158 20 9 3 219 2 526 2 1090 4 1342 1 237 5 4 1 183 1 626 1 611 1 1012 2 112 2 1053 2 1377 2 22 1 719 7 1179 4 841 2 1255 1 528 1 1420
159 20 4 1 207 1 340 1 1320 1 724 1 334 1 1018 1 401 1 705 1 259 2 863 1 849 1 528 1 1400 1 368 1 1450 1 971 2 1424 1 589 1 770 2 1225
160 20 6 4 713 3 234 2 834 1 744 1 113 2 769 1 577 1 122 1 706 1 869 3 360 3 943 1 928 2 1417 1 650 1 1248 1 1429 3 1113 1 449 1 663
161 20 7 1 1118 2 438 1 1482 1 475 1 857 2 1109 1 734 2 1065 3 90 1 1432 3 233 1 1236 3 305 1 1128 3 492 1 546 4 676 2 99 1 1158 1 970
162 20 4 1 722 2 292 1 148 1 411 1 24 1 175 1 290 2 216 1 1220 1 432 1 1055 1 1119 1 912 1 919 1 322 1 633 3 397 1 538 1 657 1 270
163 20 5 1 461 1 53 1 518 1 1380 1 1215 1 423 2 402 1 745 4 644 2 1424 1 264 1 741 1 1026 1 1215 1 489 4 865 1 1198 1 751 1 781 1 1357
164 20 4 3 144 1 1059 3 739 1 227 1 353 1 1288 1 1188 1 377 1 431 1 1226 1 472 1 752 1 21 1 669 1 65 1 577 1 192 1 472 1 799 1 579
165 20 5 3 350 1 1003 1 969 2 669 1 258 1 1333 2 1354 2 915 1 1078 1 692 2 528 1 1429 1 902 1 1173 1 393 1 480 1 432 1 308 1 79 3 825
166 20 7 1 697 1 156 1 962 1 1474 1 1500 2 939 2 1408 3 1163 3 23 2 1235 7 1479 1 64 1 454 1 103 1 697 2 708 2 1303 1 430 1 1015 1 244
167 20 5 1 242 1 944 1 704 2 474 2 205 1 514 1 657 1 876 1 1078 1 880 2 1499 2 360 1 505 1 198 3 111 3 1475 1 416 1 712 1 588 1 1432
168 20 5 1 699 2 895 1 1309 1 196 1 1014 1 1446 1 502 2 1118 1 1029 1 1309 3 292 1 1416 1 114 2 1470 1 333 2 797 1 248 3 853 1 321 1 1412
169 20 5 1 174 1 1078 5 966 1 3 1 1041 2 1433 1 1436 3 1083 1 1217 2 832 1 880 1 1026 1 1282 1 1334 1 851 1 254 1 1191 2 1136 1 376 1 299
170 20 5 3 711 1 1412 2 603 1 1011 1 443 1 776 3 835 1 802 1 1197 1 1135 1 202 2 32 1 137 1 1003 2 322 1 348 2 458 2 482 1 1421 1 1005
171 20 5 3 1236 2 961 1 1133 1 524 3 1138 1 377 1 1243 1 978 1 1135 3 1426 2 738 1 706 2 465 1 695 1 1297 1 748 1 774 1 232 1 482 1 1247
172 20 6 1 687 3 743 1 692 2 424 1 1327 1 531 1 573 1 488 5 764 1 505 1 104 2 677 1 478 1 88 1 1211 3 503 1 194 1 1036 1 78 2 671
173 20 6 1 868 1 763 4 1446 1 6 1 1500 2 1381 1 53 1 165 1 716 1 1443 2 1114 1 385 2 793 1 768 1 69 3 882 4 1453 2 16 1 787 2 1332
174 20 8 1 595 2 1316 3 1241 3 725 1 1113 2 804 5 506 1 473 2 492 1 1391 2 58 4 832 1 853 1 1419 4 1417 2 1306 2 490 1 916 1 398 1 127
175 20 5 1 599 2 170 1 402 1 15 1 1167 1 1451 2 811 1 1448 1 434 1 999 1 601 4 1446 1 610 1 265 1 170 2 452 2 1053 1 1245 1 1499 3 587
176 20 5 1 1014 1 411 2 126 3 899 1 1267 1 795 1 843 1 445 2 298 1 1294 2 31 2 446 1 342 1 422 1 1411 1 780 1 632 2 1397 1 596 2 315
177 20 6 1 1126 2 1100 1 1 5 1121 2 517 3 1431 1 1343 1 627 4 968 1 1120 1 391 1 1093 1 736 1 1378 1 90 2 61 3 671 1 245 1 1111 1 543
178 20 6 1 480 6 523 1 59 4 629 1 267 1 317 3 1044 1 854 2 225 1 964 1 44 1 462 1 532 1 1009 1 916 2 661 1 535 2 339 2 524 1 432
179 20 5 1 750 2 1359 1 255 1 1307 1 481 1 124 1 199 1 934 1 919 1 1192 1 395 2 34 1 101 2 1000 2 250 1 1359 1 1436 1 161 4 897 2 1450
180 20 7 1 1278 2 1203 5 928 1 318 2 282 1 407 4 847 1 143 3 81 1 1018 2 952 1 932 1 396 1 367 2 900 1 1124 3 937 1 390 1 165 1 785
181 20 5 2 596 2 1411 4 1227 1 1055 1 1225 1 382 1 655 1 1471 2 1160 1 1029 1 760 1 1483 2 148 1 428 1 130 1 395 1 1187 1 634 2 693 1 259
182 20 4 1 170 1 213 1 1446 1 497 1 279 1 1385 1 929 1 1500 1 1278 1 1021 1 519 1 1202 1 594 2 1373 1 219 1 853 1 1213 4 173 1 307 1 400
183 20 5 1 990 1 1282 3 1018 1 1020 1 236 2 480 1 1091 1 1222 2 632 1 1368 2 1058 1 1254 2 231 1 585 1 885 1 970 2 519 1 199 1 1370 3 766
184 20 6 1 573 1 1421 3 674 1 1160 3 1444 1 19 1 816 2 1470 3 1126 3 844 1 995 1 300 1 1427 1 557 2 246 1 39 2 871 2 1058 1 369 1 337
185 20 6 1 1475 1 1213 1 1147 1 1463 1 1171 4 506 1 405 1 1249 1 55 1 919 2 108 2 781 3 1155 4 996 1 299 1 670 1 1452 1 1430 2 1084 2 592
186 20 6 4 1044 2 1182 1 130 1 199 1 971 1 421 1 1306 1 801 1 118 1 1459 5 1246 2 199 2 408 1 772 1 984 4 1108 1 640 1 608 1 686 1 529
187 20 5 1 74 1 373 1 1322 1 1098 1 272 2 193 1 593 1 737 2 1289 1 428 1 1032 1 416 2 950 1 1239 3 1460 1 907 2 103 1 421 1 698 1 651
188 20 6 1 468 1 88 2 1110 2 511 2 730 1 378 1 277 3 1402 2 689 1 1077 1 946 1 178 3 809 1 504 1 143 1 1206 1 102 1 128 1 1402 3 391
189 20 5 3 898 3 427 1 1020 1 22 1 1153 1 499 1 181 1 1454 1 359 1 761 1 1130 1 469 1 153 1 298 1 579 1 357 3 604 1 420 1 330 1 121
190 20 6 1 96 1 1257 1 47 1 28 2 1118 1 50 2 576 1 565 4 478 1 1280 2 1409 2 1468 2 1044 2 506 1 170 1 251 1 431 2 1065 2 99 1 276
191 20 7 4 1293 1 1099 1 1119 3 497 1 1014 1 537 1 62 3 861 1 1360 4 281 1 480 2 111 1 1155 2 1083 1 368 2 1377 1 1377 1 691 3 63 1 187
192 20 6 2 487 1 935 1 448 1 1217 1 552 1 118 3 1266 1 1422 2 512 1 32 3 914 1 1398 1 750 1 433 1 1325 1 1136 1 992 4 1383 1 555 2 1050
193 20 6 1 467 1 1138 1 1488 1 755 2 627 1 367 1 919 1 612 1 927 1 777 2 122 1 372 3 905 2 986 1 1052 3 228 2 180 2 34 2 801 1 1073
194 20 4 1 41 1 317 2 1119 1 503 1 894 1 978 1 33 1 797 1 1479 1 824 1 92 2 196 1 599 1 1007 1 1083 1 715 1 685 2 59 1 61 1 637
195 20 7 1 279 1 767 5 902 2 1121 1 1286 1 705 1 111 2 67 1 1189 4 957 2 979 1 125 6 656 2 191 1 1471 1 686 3 775 1 1474 2 113 1 880
196 20 8 2 705 1 248 4 128 4 126 1 1060 1 206 1 676 3 598 2 224 3 34 2 31 4 205 1 1267 1 1457 1 1456 1 219 1 127 1 352 5 682 1 823
197 20 5 1 465 2 702 4 922 2 869 1 1316 1 1040 1 525 1 478 1 17 3 1113 1 568 1 147 1 456 2 1040 1 828 1 174 1 797 1 323 2 488 1 451
198 20 5 2 148 2 1374 1 568 1 872 1 573 1 708 1 159 1 1371 1 1433 1 1421 2 1242 1 10 1 346 1 660 2 952 1 948 1 583 1 623 3 335 2 1005
199 20 6 1 1429 2 468 2 414 2 1245 2 1190 3 236 2 673 1 166 1 887 3 840 3 248 1 1323 1 1017 1 551 1 1321 1 6 1 1048 2 664 1 464 2 1209
200 20 6 1 1130 1 57 5 111 1 329 2 1425 2 1207 1 974 1 74 1 547 1 571 3 471 1 880 2 519 1 893 1 364 1 636 1 1116 1 1151 4 891 3 27
201 20 4 2 417 1 380 1 294 1 215 1 938 1 170 1 278 1 1105 1 316 2 916 1 136 1 1128 1 1316 1 511 2 139 1 584 1 1405 1 1047 1 375 1 613
202 20 6 2 266 1 107 2 323 1 1129 1 695 1 392 2 520 2 343 3 97 1 594 2 997 1 1179 2 1326 1 327 2 1399 1 579 2 1441 1 1404 1 1038 1 167
203 20 7 1 871 1 855 1 1470 2 1046 4 1336 1 168 1 239 1 53 2 919 1 1269 1 744 1 1183 4 1420 1 216 4 1228 1 1378 2 154 1 77 2 858 3 524
204 20 6 1 982 1 976 4 241 1 988 1 803 1 699 2 1429 3 1008 3 1040 2 514 1 537 1 782 3 459 2 612 1 14 1 51 1 999 2 853 1 529 1 252
205 20 5 1 25 1 1388 1 604 3 748 3 533 2 449 1 561 2 277 1 488 3 459 1 225 1 713 1 826 2 1450 1 453 1 992 1 134 1 405 1 261 1 1158
206 20 6 1 949 2 469 3 216 1 1328 1 629 1 567 1 362 1 33 3 777 2 988 1 845 1 310 1 542 1 827 3 759 1 920 2 1448 2 1128 1 894 1 246
207 20 6 1 35 2 1217 2 619 2 860 1 424 1 268 1 1256 3 435 1 1131 1 1026 2 897 1 127 2 1413 1 1066 1 626 1 1062 5 1002 1 1193 1 669 1 1253
208 20 6 1 1147 1 496 1 978 3 1237 1 1033 2 227 1 137 1 444 1 1292 2 632 2 520 2 1325 1 782 2 1413 1 299 2 1455 2 216 1 1016 2 1158 2 812
209 20 6 3 407 2 1141 2 951 1 1348 3 1226 1 1112 2 1253 3 1451 1 371 3 1364 1 1125 1 578 1 1349 1 147 2 272 1 1333 1 1285 1 663 1 830 1 413
210 20 7 1 1217 1 1237 2 1327 4 240 1 866 2 1276 2 540 2 1119 2 120 2 898 4 152 1 934 1 383 1 809 1 1060 1 1302 1 826 5 136 3 979 1 900
211 20 6 1 1311 1 42 1 327 4 1201 1 169 1 935 1 1100 1 1066 4 805 1 1353 1 230 1 333 1 853 1 876 2 84 2 1282 3 24 1 682 1 884 1 1385
212 20 6 1 1364 1 1033 4 825 1 1276 3 667 1 259 1 915 1 1169 1 94 1 947 2 410 1 565 2 318 3 880 1 1288 2 566 5 766 1 611 1 362 1 1498
213 20 7 1 1347 1 1009 1 62 1 706 1 979 1 322 2 503 6 627 4 410 2 757 3 414 2 483 1 706 1 376 3 1007 1 927 1 1426 1 1200 1 1035 1 670
214 20 5 1 752 1 1108 1 788 1 768 1 1103 2 1308 1 708 3 241 3 1322 1 778 1 903 1 617 2 647 1 872 1 448 1 1067 2 1196 1 248 2 1136 1 370
215 20 6 2 297 2 699 3 751 1 1446 2 1280 1 494 1 423 1 1153 1 763 1 1399 1 1268 3 1318 1 1053 2 1082 3 1028 1 164 1 911 1 760 2 1064 1 107
216 20 6 1 556 1 1077 1 1111 3 660 1 694 1 240 2 995 2 442 1 43 2 280 1 1489 1 1470 1 1483 1 985 2 830 1 955 1 1059 4 18 3 931 1 622
217 20 6 1 264 1 543 1 989 1 316 3 737 2 684 2 599 1 1116 2 180 2 1414 1 191 2 1289 1 1311 4 1264 1 1254 1 525 2 46 1 433 1 838 1 609
218 20 5 1 911 1 426 1 41 1 709 1 1075 1 159 1 1448 1 786 2 634 1 205 1 13 3 1442 3 443 1 554 2 1197 2 1384 1 647 2 1011 1 1134 1 1389
219 20 5 1 556 1 347 1 1033 2 665 2 959 1 68 1 996 2 664 1 988 1 1261 1 131 1 1089 1 937 1 600 2 129 1 484 1 940 1 1461 4 1413 1 1108
220 20 5 2 1481 1 1223 1 608 1 506 2 512 1 435 2 228 2 1334 2 575 1 346 1 842 1 1134 1 503 1 575 2 1420 2 1048 2 1082 2 596 1 1248 1 1183
221 20 6 1 1469 1 773 1 882 1 1124 2 856 2 323 3 390 1 589 1 266 1 533 5 1023 1 477 2 893 2 423 2 1393 1 1291 4 16 1 474 1 590 1 700
222 20 8 1 794 1 1289 4 1187 8 685 4 367 1 887 2 683 1 309 1 154 2 1367 3 998 2 83 4 796 1 844 1 459 1 139 1 478 1 1338 1 215 1 1454
223 20 7 1 115 2 971 1 905 1 860 1 735 1 104 1 397 2 66 5 295 2 824 3 341 2 305 1 277 4 943 3 429 2 265 1 1391 4 607 1 728 1 1081
224 20 4 1 588 2 846 1 261 1 1436 1 533 1 1308 1 1380 1 1100 1 216 1 362 1 1127 2 718 1 1040 1 493 1 1351 1 1196 1 761 1 1437 2 59 2 244
225 20 5 1 747 2 763 1 109 2 225 1 1173 2 802 1 1315 2 706 1 1118 2 872 1 1351 1 353 2 585 1 1176 2 1452 2 230 1 1172 1 1051 1 1448 2 45
226 20 5 1 1119 1 41 1 155 1 991 3 269 1 553 2 1171 1 1288 1 533 1 83 3 1432 1 1151 1 809 1 592 1 629 1 725 1 704 1 449 2 1311 1 856
227 20 5 1 935 2 1343 1 831 1 956 1 299 2 765 1 1434 1 1278 1 1432 1 916 1 1284 1 22 2 524 2 682 1 725 1 1131 3 529 1 1099 1 732 3 912
228 20 8 2 4 1 450 1 771 2 486 5 847 1 261 4 1352 1 331 1 354 4 916 1 130 3 1026 1 392 1 528 3 583 4 710 1 1275 1 1123 1 301 3 415
229 20 6 1 801 4 953 1 706 3 954 1 1172 1 901 1 1029 1 702 2 1014 1 1122 1 1182 1 198 3 632 1 383 3 1091 1 926 1 463 1 825 1 783 4 377
230 20 5 1 1287 1 214 2 1363 1 181 1 1123 2 411 1 1358 1 109 1 912 1 31 1 1313 1 1494 2 753 1 632 3 510 1 256 1 367 1 1387 4 44 1 426
231 20 6 1 1298 1 87 1 1343 1 270 3 1379 1 366 1 904 3 34 1 1430 2 1428 1 157 1 49 1 553 1 1450 2 941 1 66 3 111 2 1375 1 140 2 1163
232 20 6 1 1418 1 1053 1 340 4 159 1 1140 1 713 1 844 1 142 3 530 1 785 2 1112 2 1290 1 194 1 1053 2 805 1 1179 2 1137 1 1015 1 1271 2 577
233 20 6 1 1106 1 1493 3 817 2 1378 2 1399 2 854 1 1124 1 38 1 1368 1 5 1 504 2 660 1 348 1 389 1 336 1 627 5 895 2 971 1 606 1 1301
234 20 7 1 765 1 890 1 1358 2 695 1 1304 3 197 6 954 3 1195 2 65 1 1353 1 345 2 267 2 803 4 1310 1 961 1 151 2 176 2 1429 1 592 2 1206
235 20 5 3 333 1 898 1 704 1 468 2 579 1 1329 1 630 1 1227 1 434 1 1140 1 1209 1 48 1 330 1 226 1 276 1 1238 2 591 2 38 2 159 1 285
236 20 7 1 1038 1 1428 2 654 1 673 3 1319 1 110 1 704 4 305 1 480 2 1273 1 1002 1 574 1 310 3 1043 1 1263 1 167 2 777 3 858 7 910 1 708
237 20 6 4 1289 1 144 1 648 1 1154 1 736 1 161 3 716 2 938 1 1055 1 210 2 1368 2 1325 1 522 1 564 4 108 1 186 1 1213 1 92 2 43 1 1113
238 20 6 1 716 1 1250 4 196 1 818 1 14 1 624 3 8 2 737 1 643 3 1432 1 1134 2 489 1 1207 1 1044 1 1054 3 879 1 377 1 702 2 225 2 578
239 20 6 2 905 2 1159 1 12 1 452 1 309 2 142 1 473 1 301 1 843 5 1309 1 175 2 928 2 1285 1 1138 1 726 1 583 3 988 1 998 1 688 3 599
240 20 7 2 1198 3 95 2 1093 1 1310 1 1437 1 722 1 1231 1 1416 2 1470 1 435 2 223 2 393 2 560 4 1415 1 1248 1 1040 4 920 1 422 1 718 2 518
241 20 5 2 740 2 441 1 416 1 851 1 790 1 189 2 1076 2 719 1 628 1 226 1 1128 1 501 1 880 1 1340 2 308 1 599 1 1055 3 232 1 85 1 313
242 20 7 5 677 1 244 1 186 1 42 3 1088 1 700 1 276 3 811 2 40 4 850 1 916 2 990 2 1042 1 102 3 1208 3 178 1 1241 1 561 1 1436 2 993
243 20 5 1 271 1 363 1 79 1 687 3 944 2 961 2 372 1 1333 1 365 3 1071 1 297 2 1389 1 1168 1 295 1 591 1 1306 2 1296 1 880 1 1021 1 459
244 20 5 1 599 1 1195 3 929 1 566 1 966 2 986 2 1336 1 85 1 296 1 1195 1 856 2 266 1 970 1 453 1 1289 1 1214 2 1101 1 39 2 1353 3 902
245 20 8 1 1013 4 298 3 414 5 591 2 469 1 675 1 565 1 381 4 711 1 132 6 1492 1 546 2 70 1 1222 1 1242 1 1411 2 763 1 1454 2 313 1 697
246 20 5 1 881 2 370 1 864 1 1220 1 687 2 1079 1 773 1 338 1 360 2 1177 5 198 1 624 1 456 2 566 2 346 1 567 1 1163 1 523 1 1055 1 663
247 20 6 1 729 1 1039 2 569 2 1385 2 973 1 438 1 276 1 814 1 539 1 1071 3 1383 3 1303 3 79 2 665 1 293 4 413 1 297 2 421 1 1330 1 741
248 20 6 1 1143 1 252 1 75 3 1095 2 810 1 1206 1 463 1 1100 2 1020 1 817 3 671 3 1021 1 261 2 1342 2 1168 1 1392 1 983 1 1352 3 825 2 129
249 20 7 2 296 2 1205 3 1433 6 296 1 975 1 368 2 1432 1 1086 1 227 2 13 1 682 1 902 1 34 2 344 1 678 2 296 3 681 1 375 1 501 1 1462
250 20 5 1 1180 1 632 2 1023 1 647 1 1040 1 856 2 148 1 724 2 62 1 1447 1 1112 2 531 2 450 2 459 1 567 1 697 1 1349 1 1459 2 1105 2 72
251 20 7 1 372 2 1097 3 66 2 874 1 452 1 385 1 1402 1 91 2 835 2 444 1 82 4 1000 1 478 4 1430 4 579 2 759 1 1435 2 401 2 1117 1 331
252 20 6 1 1452 2 983 1 282 3 1498 2 1040 4 1003 1 126 2 887 1 309 1 1388 3 1165 1 409 1 720 1 778 1 1246 1 716 1 1116 1 1347 1 771 2 1496
253 20 7 3 746 1 1280 2 1316 2 853 1 969 2 1053 1 993 2 77 1 900 1 569 1 326 2 198 1 197 3 1324 6 1256 1 695 1 350 1 650 2 1025 1 1384
254 20 6 1 605 1 146 1 52 1 485 2 972 1 797 3 860 1 1420 1 1158 1 205 2 404 1 98 5 880 2 520 1 117 1 1225 1 250 2 298 1 1498 1 1324
255 20 6 1 478 2 1136 1 467 1 812 2 578 2 1087 2 718 2 1468 1 1470 4 373 1 696 2 131 1 1058 3 832 2 778 1 1391 1 785 1 823 1 468 1 495
256 20 5 1 977 1 826 1 999 1 1236 1 289 1 900 1 1143 1 716 2 1260 1 855 1 1485 1 16 2 609 5 924 1 21 2 1029 1 1490 1 224 1 1271 2 1251
257 20 5 3 505 2 660 2 987 1 1482 1 802 2 276 1 1191 1 1286 1 988 1 1174 1 903 1 1027 1 1411 1 224 1 704 3 206 1 1375 1 822 1 1146 1 248
258 20 6 3 109 1 1193 1 1032 1 1350 2 1178 2 199 1 805 1 1314 1 1047 1 597 1 994 2 1414 1 873 2 137 1 952 2 380 2 890 1 846 1 549 3 302
259 20 5 1 1086 1 610 2 218 1 1114 1 1141 2 1057 2 908 2 912 2 1354 1 721 1 695 1 1473 1 766 1 946 1 1110 1 528 1 671 2 1270 1 824 1 899
260 20 6 4 106 1 988 4 589 1 964 1 300 1 888 1 1440 1 1295 1 500 1 92 2 1147 1 212 2 204 1 362 3 1147 1 770 1 1453 1 195 2 1459 2 168
261 20 6 3 1175 1 766 1 28 2 1019 4 853 1 1004 1 805 1 266 2 689 3 1227 1 1426 1 870 2 1279 2 796 2 312 1 22 2 1461 2 128 1 1360 1 474
262 20 6 1 1383 1 136 3 760 2 624 2 47 1 918 1 341 1 1491 3 1309 1 453 6 26 1 887 1 349 1 647 1 600 1 1355 1 1275 2 1417 1 971 1 742
263 20 4 4 547 1 398 1 1367 1 187 1 1203 1 44 1 1239 2 602 1 1414 1 1259 1 1440 1 69 1 747 1 304 1 945 1 1242 1 277 1 1291 1 568 1 1227
264 20 5 1 855 3 971 1 1295 2 199 1 739 1 1038 2 1188 2 654 1 1336 2 344 1 1257 1 1434 1 1010 1 1212 1 447 1 735 2 1033 1 586 1 841 1 661
265 20 5 1 1190 1 1375 1 763 3 1090 1 42 1 340 1 87 1 1230 1 772 1 1470 1 497 6 481 1 864 1 1213 1 144 1 211 2 1417 1 910 1 1177 1 411
266 20 6 1 1322 3 176 5 149 1 570 1 719 4 859 1 880 3 816 1 1135 1 1044 1 733 1 1244 1 806 1 1065 2 325 1 178 3 1444 1 969 1 113 1 1450
267 20 5 1 1052 2 843 1 1319 2 967 1 220 1 771 2 1450 1 1339 2 642 2 846 1 439 1 1117 1 1014 1 611 1 217 4 249 2 242 1 1016 1 5 1 218
268 20 6 3 688 1 391 1 1093 1 1338 1 373 1 111 3 927 1 676 1 178 5 929 1 1202 1 314 2 1209 1 1491 1 1262 1 252 1 897 1 1099 1 825 2 1096
269 20 5 1 1264 1 1295 2 78 1 812 1 339 1 1133 1 1010 2 963 1 1336 1 7 1 868 2 948 2 820 2 914 3 192 1 465 2 115 2 1496 1 1377 1 489
270 20 5 1 503 1 440 2 916 1 225 1 692 1 627 1 622 1 1398 3 35 2 1209 1 393 1 1371 1 240 1 1488 5 449 1 1445 1 269 1 1299 1 1256 1 917
271 20 6 1 1187 1 117 1 890 2 1199 2 385 2 1385 1 626 1 994 1 453 1 448 1 393 5 753 1 568 3 954 1 677 2 655 1 89 1 82 1 814 3 334
272 20 6 2 1007 2 482 3 203 1 222 1 1448 1 55 2 808 3 540 1 978 1 1176 4 295 2 988 1 420 1 1174 1 684 1 1288 1 423 1 273 1 608 1 990
273 20 5 1 1458 1 1155 1 1037 2 387 3 1409 1 934 1 202 1 1500 2 1378 2 1309 1 688 1 826 1 880 1 226 2 1139 1 1046 1 912 1 1424 1 566 2 1037
274 20 5 1 1201 1 547 2 1224 1 1271 2 1488 2 139 1 1292 3 990 2 1449 2 223 1 54 1 137 2 815 1 1456 1 1271 1 784 1 684 1 535 1 323 1 745
275 20 7 1 376 2 816 3 550 1 974 1 1362 1 1179 5 1105 1 4 1 436 2 970 1 256 1 512 4 716 2 647 2 549 1 1305 1 1424 1 348 1 51 4 952
276 20 5 1 1401 1 690 1 715 1 846 1 737 2 875 1 550 1 1138 1 1381 1 899 1 1281 1 726 2 1155 1 957 1 889 1 103 2 406 2 793 1 757 2 13
277 20 6 1 34 2 202 2 259 3 371 1 130 2 149 1 246 1 1367 1 185 1 1286 3 295 6 1190 2 203 1 718 1 711 1 1194 1 2 1 467 1 1044 1 1332
278 20 6 2 1429 2 821 1 576 1 29 1 222 1 776 1 247 1 1048 1 1269 4 1210 1 1330 1 912 1 776 1 180 2 1285 1 1115 2 1350 3 405 1 1028 3 1069
279 20 6 1 1408 3 1314 1 19 1 422 1 413 3 1314 1 573 2 69 1 466 1 16 2 555 1 553 2 1379 1 583 2 1157 1 1410 2 84 2 264 1 1169 1 118
280 20 5 1 1133 3 576 2 1031 1 1078 3 627 4 1059 1 299 1 1251 1 1190 1 504 1 999 1 204 1 250 1 1193 1 932 1 1355 2 313 1 708 1 423 1 737
281 20 6 3 1323 1 449 3 327 1 669 2 241 1 1350 1 1268 2 223 1 499 1 748 1 420 1 972 1 1484 3 815 1 538 2 1340 4 467 2 951 1 178 1 889
282 20 5 1 444 2 205 1 142 2 304 1 1287 1 1431 1 814 1 592 2 647 1 881 2 1198 1 1065 1 1057 2 415 2 681 1 1497 1 671 4 1110 1 1394 1 1352
283 20 5 2 451 3 1335 3 962 1 1330 1 37 1 282 2 293 1 988 1 315 1 467 1 708 1 563 1 1017 1 623 1 99 1 1011 1 577 1 458 1 323 1 455
284 20 6 1 803 1 1080 3 1197 1 470 3 934 3 453 1 1313 1 1351 1 327 1 506 4 858 1 983 1 52 3 208 1 1269 2 835 2 220 1 1125 1 1350 1 8
285 20 7 2 719 1 1039 2 364 1 252 2 764 1 1017 1 337 1 559 1 563 6 891 4 134 1 1062 1 353 1 1321 1 961 2 1463 2 691 2 1019 2 1487 1 982
286 20 6 1 969 1 323 1 674 1 731 1 1117 1 1224 1 1415 1 1091 2 769 1 1050 1 1265 2 600 4 1477 1 1173 2 1179 1 370 2 789 1 670 5 1272 1 1135
287 20 5 1 967 4 306 1 938 1 779 1 841 3 348 1 235 1 1416 1 767 1 1188 1 501 1 1494 1 259 2 1155 2 1112 1 427 2 851 2 439 1 867 1 717
288 20 5 2 992 4 712 1 1236 1 737 1 1480 1 852 2 1446 1 1053 3 126 1 1369 1 23 1 982 1 91 1 293 1 138 1 479 1 1475 1 525 1 666 2 787
289 20 5 1 1100 4 922 1 203 1 724 1 1392 1 394 1 502 2 434 3 405 1 109 1 294 1 1396 1 1292 1 397 1 437 3 1283 1 444 1 507 1 907 1 750
290 20 7 3 761 2 693 2 1007 1 714 4 87 1 617 1 819 1 994 2 584 1 835 3 717 1 461 2 957 1 101 2 312 1 138 2 1227 1 340 3 1103 1 1455
291 20 6 1 188 3 185 2 733 1 1272 2 5 1 997 2 178 1 85 1 1468 1 1291 1 1122 2 1375 2 714 5 1401 2 655 1 1130 1 418 1 1331 1 89 1 991
292 20 7 1 607 1 931 3 996 4 242 2 1446 1 1328 1 650 2 356 1 539 1 196 1 750 4 594 1 467 3 1254 1 1214 2 172 2 841 1 330 1 868 2 779
293 20 5 1 1344 1 837 2 683 1 116 1 423 1 736 2 1160 1 1471 1 1196 1 478 1 523 1 371 2 12 1 1370 1 1371 1 858 2 857 1 976 2 728 2 902
294 20 5 1 771 1 357 1 901 2 114 2 1354 1 418 1 601 2 7 1 1200 1 1041 1 1441 2 751 2 1387 1 883 1 1144 1 1360 1 648 1 1414 1 830 1 989
295 20 7 2 446 2 575 3 390 1 836 1 1167 1 171 1 777 3 1109 1 955 1 379 2 100 6 878 2 256 2 890 1 574 1 145 1 736 1 575 1 930 2 657
296 20 8 3 825 1 833 2 1180 5 949 1 544 5 789 1 1312 1 1180 4 528 3 613 2 785 1 204 1 739 1 1230 1 564 2 798 2 1019 1 225 1 263 3 697
297 20 6 2 225 2 721 2 1310 1 116 1 638 1 704 1 1039 2 485 1 1214 1 757 5 1400 1 842 1 1462 2 651 1 207 1 100 2 1350 2 932 2 709 1 19
298 20 6 1 799 2 329 1 1068 1 1300 1 1334 1 310 1 1139 1 1249 1 1180 2 224 1 1259 2 492 1 4 1 756 2 550 2 244 4 741 3 1408 1 521 1 1477
299 20 7 1 256 1 34 2 715 1 1 3 649 4 573 1 1331 3 1277 1 879 1 352 1 697 1 286 3 446 5 1117 1 169 2 556 1 425 1 726 1 1170 1 116
300 20 5 1 1492 1 1104 1 1306 1 575 1 174 1 282 1 1210 2 770 2 643 2 152 2 1369 3 1198 1 1197 1 1340 2 130 1 1076 1 85 1 1216 1 1213 1 1209
301 20 7 1 160 2 125 2 1324 2 514 7 669 2 1289 1 896 1 336 3 267 1 1244 4 56 2 950 1 908 1 1051 3 1299 1 591 1 947 2 885 1 1404 1 438
302 20 6 1 762 1 983 2 663 1 771 1 996 1 173 1 1480 5 1335 2 1087 1 199 3 149 3 878 1 1329 1 110 2 482 1 177 3 1208 1 1431 1 291 1 1276
303 20 6 2 1092 2 72 1 297 2 1005 1 1005 1 522 2 1482 1 1344 1 1294 1 1317 1 56 1 238 1 295 5 41 1 847 1 707 2 176 1 1435 1 647 2 1319
304 20 7 2 1458 1 695 1 83 2 1395 1 931 1 790 2 616 2 664 4 647 2 1155 2 125 2 244 1 1408 1 972 2 821 1 26 2 826 1 1171 1 140 4 1080
305 20 6 1 1021 1 413 1 119 2 1499 1 679 2 214 1 1311 1 1160 2 1142 1 390 1 1264 3 1303 2 1355 1 714 1 317 1 204 3 700 3 1090 2 1022 1 1165
306 20 6 1 419 2 1455 2 331 2 663 1 503 1 676 2 1359 3 764 1 421 1 21 1 1318 2 637 1 1170 2 536 1 985 1 924 1 1229 2 645 2 1360 1 295
307 20 6 1 637 1 1041 5 342 1 1311 1 1322 1 778 1 993 2 386 1 1084 1 481 2 51 2 1438 1 628 1 86 1 471 3 536 1 868 1 725 1 481 4 1173
308 20 6 1 1140 2 1041 2 1282 1 572 1 811 2 121 1 1417 1 80 4 883 1 1399 1 598 1 188 1 174 3 514 1 1467 2 710 1 931 1 1495 3 1064 1 92
309 20 7 1 762 5 1478 1 230 4 269 1 136 2 388 2 1017 1 825 3 681 2 225 1 724 1 288 1 114 1 8 1 179 1 22 2 39 2 576 1 1203 2 621
310 20 7 1 518 1 640 3 126 1 637 2 1318 1 737 2 509 1 1233 1 712 1 810 3 1497 1 248 2 742 2 1498 1 506 1 242 4 727 3 1063 2 421 2 88
311 20 5 1 825 1 369 1 1314 1 573 1 1479 1 6 1 390 3 600 2 1488 4 209 1 9 1 1 1 1469 1 363 1 396 1 88 1 1354 1 1178 2 843 1 953
312 20 6 2 69 1 761 2 1171 1 843 1 1185 1 890 1 40 3 178 2 1329 1 127 1 816 1 131 1 969 1 545 2 1342 1 655 2 511 3 521 2 1107 3 1181
313 20 5 2 1301 2 1087 2 370 1 494 1 1134 1 1430 1 353 3 1227 1 1437 1 1366 1 1278 1 1077 1 1332 1 791 1 169 2 993 1 1026 2 808 1 760 2 730
314 20 8 2 969 1 1197 4 1107 1 648 3 261 1 1162 1 1030 1 1384 2 215 1 614 2 1108 4 619 4 375 4 1475 2 775 1 1202 2 718 2 1382 2 1167 2 987
315 20 6 3 996 1 66 2 308 1 1463 3 719 1 905 1 1272 1 102 1 797 1 798 1 575 1 67 2 1252 1 243 2 367 1 1102 5 954 1 1433 1 215 2 887
316 20 5 1 1186 1 1249 1 1370 2 1438 1 1088 4 34 1 569 1 805 1 895 1 1180 1 1021 1 274 1 443 1 1292 2 209 1 1452 2 8 1 876 1 1449 1 862
317 20 6 4 12 1 1198 2 85 2 529 1 1324 1 620 1 1048 1 1439 2 836 2 1338 2 939 3 1252 1 76 1 797 3 1350 1 970 1 111 1 1333 3 1274 1 665
318 20 6 1 1247 2 1095 3 158 1 687 2 33 1 1028 2 1099 4 1222 1 882 1 1455 1 529 1 52 2 257 1 537 1 333 1 1385 1 274 1 479 1 440 2 1240
319 20 6 1 1294 3 882 1 1291 1 141 1 119 1 973 1 882 1 180 1 100 1 339 1 1039 4 640 1 97 1 586 2 1301 1 18 3 125 2 826 2 1016 1 898
320 20 6 1 455 2 311 1 1178 1 1272 1 330 3 260 2 809 2 716 1 839 3 1238 2 361 2 468 1 521 1 493 1 438 1 1431 2 1276 1 6 1 1472 1 1231
321 20 6 1 1372 1 1129 2 550 3 832 1 682 2 126 2 1221 1 942 1 1309 1 1218 1 377 1 1052 1 1364 3 100 1 755 1 1174 1 344 1 965 2 373 4 828
322 20 5 1 790 2 1313 2 26 1 130 2 1460 1 767 1 1270 2 134 1 593 1 256 1 781 1 1165 1 839 1 1131 1 642 1 1436 2 424 1 433 2 1164 2 377
323 20 6 2 1289 1 946 1 920 2 1318 1 1007 6 728 1 1403 2 1108 1 80 1 781 1 198 2 756 1 1122 1 552 1 420 1 572 1 185 2 700 2 1273 2 359
324 20 5 1 342 4 851 2 1260 2 1334 1 468 3 414 1 131 2 1380 1 3 1 1330 1 926 1 92 1 249 2 730 1 400 1 156 1 669 1 405 1 1326 1 225
325 20 5 1 296 1 1016 1 875 1 612 3 303 2 946 2 1065 1 930 1 878 1 1022 1 809 1 1083 1 1149 1 1098 2 781 1 605 1 68 2 1268 3 810 1 383
326 20 7 1 1357 1 1264 1 1081 1 825 2 1487 3 483 2 993 3 771 2 1406 2 1371 2 698 2 633 2 1430 1 1488 1 487 1 1015 2 1322 4 197 1 1054 1 703
327 20 6 3 134 3 489 2 127 1 490 1 48 2 1339 3 1225 2 854 1 96 2 879 1 274 2 814 1 1248 1 956 1 1342 1 1083 1 616 2 951 1 668 1 459
328 20 6 1 964 1 456 2 206 1 27 2 544 2 942 1 1232 1 636 2 509 1 369 4 1045 1 1367 1 1365 4 289 1 141 2 1427 1 88 1 936 1 305 1 252
329 20 6 1 357 1 947 1 803 1 105 1 533 1 501 4 103 1 685 1 1385 1 479 2 1214 3 426 2 1485 2 1342 2 902 2 607 1 1154 1 151 1 618 1 1487
330 20 5 1 1349 3 736 1 636 1 183 1 196 1 695 1 31 1 198 2 888 1 1464 2 1475 1 205 4 946 1 1042 1 996 1 1126 1 1214 1 965 1 421 1 288
331 20 8 1 481 5 164 2 985 1 1173 2 58 1 1143 1 435 1 490 1 1237 2 1036 1 492 8 855 2 1397 2 379 2 776 1 1160 2 687 1 1264 2 3 2 1121
332 20 6 2 887 1 670 2 1078 6 447 1 1273 3 874 1 569 1 744 1 991 1 645 1 885 2 109 1 780 1 457 2 29 1 239 1 679 3 1238 1 5 1 1496
333 20 6 1 1476 1 438 1 100 4 781 4 348 1 492 1 26 1 201 2 925 2 142 2 900 1 576 1 798 3 1400 2 664 1 611 1 823 3 229 1 249 1 1281
334 20 6 1 711 1 580 2 981 1 211 1 438 1 189 1 1461 2 626 2 938 1 1467 4 273 2 1279 1 322 1 590 2 843 2 1041 4 902 1 615 1 753 1 44
335 20 8 1 917 3 1245 2 180 3 1123 1 572 1 1004 1 58 3 1437 1 1042 1 1082 3 621 3 41 2 50 1 1273 4 1222 1 113 1 1465 2 650 5 1310 2 138
336 20 7 3 1226 2 698 2 478 1 608 1 1063 3 1152 1 1388 1 1449 1 937 1 877 2 323 4 832 6 394 1 448 1 836 1 89 1 1126 1 642 1 523 3 895
337 20 6 1 44 1 81 1 972 3 1251 1 1186 1 1136 3 356 3 446 2 157 1 1459 1 708 2 327 1 971 1 902 1 427 1 694 4 1368 1 855 2 1410 1 175
338 20 5 1 288 2 20 2 452 3 729 1 1302 1 398 1 771 1 25 1 783 1 654 1 18 1 193 2 703 1 744 1 193 1 451 1 33 2 210 3 95 2 1217
339 20 4 1 53 1 1310 1 1171 1 118 2 456 1 708 1 718 1 580 1 822 1 682 1 765 1 1417 1 199 2 1155 1 1497 1 753 1 1210 1 422 1 755 2 943
340 20 5 2 1266 1 766 1 660 1 710 1 716 2 396 3 385 1 806 1 370 1 721 1 334 1 201 1 80 1 666 1 164 1 98 2 628 1 799 3 958 2 1408
341 20 7 1 506 3 793 1 488 1 1260 2 231 3 1146 1 359 1 31 1 1171 1 428 2 1190 2 1430 2 514 2 1202 2 1155 3 1384 3 757 1 1331 2 26 4 949
342 20 5 1 1037 2 383 3 549 1 1175 1 1181 2 404 1 622 1 60 1 963 2 1032 1 646 1 182 3 492 1 893 1 1130 1 243 2 1378 1 733 1 808 1 1043
343 20 5 1 1005 2 118 1 1200 3 915 1 1244 1 258 1 861 1 784 1 812 1 768 1 727 2 1492 1 198 1 1104 2 991 1 941 2 713 3 525 1 1490 1 1041
344 20 5 1 825 1 1084 1 857 3 395 2 991 2 470 2 166 1 358 1 721 1 101 2 1310 1 580 2 738 1 305 2 1362 1 1362 1 1166 2 1264 1 846 1 398
345 20 7 1 919 1 503 2 736 1 1447 1 1127 1 1206 2 1342 2 1365 3 51 2 1237 1 947 1 860 2 1241 1 1427 2 169 1 963 1 1288 1 1386 5 1454 4 892
346 20 5 2 414 1 316 2 196 2 591 1 1124 2 1392 2 450 1 702 2 89 1 1013 1 1199 1 723 1 1055 1 685 2 1346 1 245 1 38 1 906 1 637 1 1088
347 20 6 1 989 1 1144 1 1389 1 1121 1 1323 1 216 1 546 4 78 1 813 2 492 2 776 1 179 1 1053 2 570 1 592 4 1206 2 1254 1 1216 1 1182 1 1122
348 20 5 1 72 1 1283 1 113 2 437 1 411 1 955 3 1033 1 863 2 1201 1 58 1 872 1 654 2 1148 1 218 1 450 1 1242 1 1157 3 7 1 624 1 648
349 20 7 3 1037 2 919 1 987 2 1199 2 82 1 1399 1 819 1 670 1 1282 1 374 3 1268 1 842 1 1485 3 742 3 1476 1 979 3 272 3 973 1 1277 2 1449
350 20 7 2 614 3 1245 1 1184 2 1201 1 765 3 489 1 866 1 1158 2 287 1 1159 2 430 1 1218 3 960 1 1014 1 2 2 382 1 414 2 1492 1 229 4 444
351 20 6 1 414 3 1280 2 513 2 774 1 895 1 744 1 274 5 406 1 135 1 932 3 1241 2 304 1 1204 1 1212 1 736 1 1276 1 347 1 431 2 159 1 1234
352 20 7 2 174 2 603 2 1063 3 171 1 720 1 977 1 1143 2 109 3 41 1 1361 2 659 1 506 3 570 3 1486 4 1218 1 472 1 904 2 883 1 670 2 267
353 20 5 1 609 1 466 1 801 1 795 3 334 2 1455 1 57 1 929 2 942 2 1111 1 1065 1 553 1 834 3 1095 1 651 1 684 1 814 1 605 2 493 2 107
354 20 6 1 1170 2 223 3 489 1 1001 1 324 1 1062 1 1307 1 1037 1 676 1 763 1 989 1 761 1 719 4 1360 2 641 2 331 1 1043 1 1284 1 1158 4 279
355 20 7 1 997 4 994 1 1101 2 1324 1 286 1 1329 2 1089 1 469 2 626 1 1228 1 259 2 899 3 891 3 664 5 483 1 1020 2 309 3 978 1 1314 1 249
356 20 6 2 1240 1 1479 1 709 1 1092 2 295 1 461 2 323 3 15 1 79 2 1123 2 783 1 1404 2 337 1 1238 2 118 1 125 1 211 1 1230 1 147 2 1072
357 20 5 1 1158 1 632 1 758 1 1305 2 565 1 1415 2 1317 1 45 1 514 1 1046 2 307 1 1474 1 1171 1 763 3 1290 1 947 2 1156 1 762 1 80 2 1391
358 20 6 2 1459 1 195 1 978 1 1367 1 1341 1 407 1 775 4 1226 1 825 1 1097 3 37 1 831 3 557 1 1150 1 1495 2 1418 2 1057 2 1262 1 579 1 775
359 20 7 3 446 2 1287 2 345 3 811 4 465 1 758 2 1113 1 1454 1 306 3 1141 1 1368 2 78 1 270 1 1496 1 1045 1 384 2 883 1 53 2 419 3 67
360 20 6 2 831 2 228 1 37 2 691 2 1394 2 746 2 198 1 537 1 1123 1 960 1 337 2 511 1 485 2 584 2 569 2 555 3 255 1 21 1 911 3 1023
361 20 6 2 476 1 507 2 340 1 206 2 24 1 339 1 373 1 1018 1 477 2 1464 1 1474 1 149 1 906 1 1390 1 1440 1 1161 1 1402 2 855 3 1431 5 7
362 20 6 1 574 1 950 2 590 1 87 2 881 2 26 2 389 2 113 1 860 1 242 3 200 5 248 1 324 1 627 1 885 1 1064 1 1415 1 1147 1 938 1 463
363 20 5 1 109 2 166 1 727 1 808 1 154 1 944 1 560 1 1415 2 975 2 622 1 545 2 1286 1 684 1 144 2 761 2 679 1 346 1 948 3 189 1 360
364 20 6 2 1142 1 1341 2 1358 2 419 4 450 1 888 3 38 1 1247 1 133 2 868 1 902 1 923 2 1308 1 827 1 1213 1 488 1 1455 1 982 1 952 2 1105
365 20 5 2 1102 1 659 1 516 1 1196 1 1265 1 245 3 979 1 570 1 1119 2 517 1 912 1 1119 2 1486 1 1355 1 241 2 1194 1 848 1 116 2 1240 2 434
366 20 6 1 863 2 472 2 513 3 1225 3 629 2 403 1 917 1 271 1 296 2 901 2 783 1 796 1 998 3 618 2 1489 1 895 1 694 1 754 3 5 1 850
367 20 7 1 51 1 494 1 696 1 1436 4 783 2 663 2 1114 2 892 1 139 2 1496 1 1097 3 283 2 1045 1 161 1 721 2 804 2 487 1 1407 1 117 4 1445
368 20 5 1 423 1 1222 1 533 2 1243 1 585 1 1261 1 1395 2 751 1 1475 1 309 3 770 2 873 2 1201 1 455 1 989 2 940 2 1170 1 990 1 36 1 166
369 20 5 1 514 2 295 1 1476 1 1043 1 170 1 1266 1 281 2 684 1 534 2 1282 2 967 1 1400 1 1372 1 607 1 530 1 971 1 1485 1 425 1 190 2 70
370 20 5 2 1156 1 1000 1 1368 1 163 1 1325 1 602 1 584 2 1040 1 1440 2 1291 1 1206 1 176 1 1430 2 413 1 115 1 747 1 754 2 442 1 255 1 527
371 20 6 2 1196 2 1478 1 174 2 1418 2 1085 1 1332 2 1456 1 539 1 1295 1 1101 3 1004 3 992 1 8 1 286 1 372 1 159 1 72 2 1229 2 490 1 134
372 20 5 2 1001 1 760 1 1067 1 1131 1 139 1 639 1 210 1 8 1 1151 1 1084 1 1195 2 175 1 1315 1 775 1 895 1 1271 2 790 4 385 1 1149 2 79
373 20 6 3 916 3 254 1 881 2 1057 1 159 1 464 1 259 1 1354 1 511 2 518 3 1046 3 938 1 142 1 517 1 1380 1 366 1 471 2 502 2 113 2 497
374 20 6 1 227 1 1444 1 826 1 512 1 548 1 129 4 699 1 371 1 467 3 1066 1 1181 1 701 2 7 2 666 1 986 1 1232 1 850 1 209 3 549 2 1238
375 20 6 2 984 2 936 1 219 1 1500 2 482 2 248 2 605 1 1217 1 511 5 42 1 270 1 13 1 131 2 1033 2 958 1 1083 1 687 1 1438 1 360 2 608
376 20 6 1 827 3 75 1 1460 1 271 1 644 1 921 2 166 1 1406 1 993 1 1159 2 549 2 1277 1 1169 3 113 3 694 1 1017 2 1074 1 754 1 918 1 1203
377 20 7 2 475 2 522 1 1038 1 345 1 124 7 700 1 1343 1 1425 4 914 1 447 2 431 2 578 1 180 1 374 1 1466 1 585 1 789 1 1245 3 419 2 458
378 20 6 1 939 1 271 5 1073 4 128 1 1067 1 108 1 1446 1 1382 1 1261 1 1386 1 434 1 653 1 1205 2 859 1 369 2 694 1 900 1 442 2 922 1 347
379 20 6 1 1466 1 1321 2 381 4 438 1 801 3 659 1 15 2 55 1 1163 1 992 3 681 1 196 1 875 1 909 2 905 1 1327 1 426 1 702 1 345 1 182
380 20 7 2 1214 1 604 2 974 1 573 1 862 2 172 1 601 7 665 2 112 1 975 3 1180 2 1083 1 98 1 1144 2 999 1 800 3 934 1 513 1 895 1 1116
381 20 5 3 875 1 560 2 1000 2 716 1 1061 1 118 1 478 1 165 2 1288 1 1295 1 29 1 1229 1 679 1 1475 1 855 1 1034 2 502 2 1381 2 1427 2 861
382 20 5 1 297 1 669 1 1407 1 74 1 557 3 1066 1 1172 1 1 2 715 1 1170 4 1141 1 744 2 1255 1 984 1 1402 1 687 2 919 1 204 1 211 2 1328
383 20 6 3 378 1 1372 3 864 1 982 2 478 1 673 1 636 1 360 1 371 1 1219 2 1196 2 924 2 464 2 798 1 656 1 73 2 1215 1 143 3 585 1 1482
384 20 7 3 298 3 57 1 1393 4 877 1 273 3 1416 1 1448 3 22 1 233 1 336 1 1464 2 1015 1 1009 2 1049 2 1037 1 1003 3 718 1 707 1 625 1 563
385 20 7 1 327 1 75 2 1132 1 291 3 1476 2 667 2 201 1 179 3 402 2 456 2 344 1 829 4 914 1 1402 1 891 1 197 1 1409 3 496 2 527 1 345
386 20 5 1 419 1 612 1 297 1 653 1 753 2 1286 1 1146 1 932 3 29 1 1294 1 417 2 527 1 1334 3 738 2 1251 2 114 1 1244 1 1454 1 979 1 393
387 20 8 1 92 1 1277 1 99 2 1278 2 943 3 1334 3 1136 1 377 1 1030 1 1165 1 936 1 723 1 681 1 921 1 572 7 1220 1 460 2 429 6 967 3 1445
388 20 6 2 255 2 881 1 1004 1 1377 1 394 2 221 1 314 1 900 2 987 1 297 1 378 6 291 1 1397 1 139 2 681 3 236 3 1110 1 1382 1 937 1 1176
389 20 8 3 356 1 144 1 785 1 1330 1 601 3 1368 2 292 3 958 1 13 4 1433 1 836 1 502 3 951 1 313 1 786 4 1043 2 465 1 191 5 835 1 317
390 20 5 1 489 2 92 1 1046 1 717 1 50 1 345 1 678 1 502 4 224 1 1186 1 41 1 1043 4 1206 1 1039 2 842 1 1485 2 790 1 329 1 162 1 593
391 20 5 2 359 1 829 1 142 1 96 1 482 1 1139 1 53 3 59 2 823 1 537 1 1241 1 171 1 901 1 470 1 779 3 1419 1 148 3 4 1 919 1 1035
392 20 5 2 1369 1 264 1 457 2 908 2 1186 1 857 2 625 1 24 1 517 1 1100 1 301 2 424 1 432 2 166 1 1242 1 636 1 173 2 188 1 572 2 324
393 20 6 2 1312 6 326 1 1318 1 385 1 1398 1 1067 1 430 1 653 1 1085 1 292 2 946 2 1468 1 1000 3 66 1 1467 3 119 2 1254 1 1338 2 1345 1 832
394 20 5 1 392 2 699 1 697 1 584 1 879 3 1042 1 856 1 693 1 290 1 142 1 814 2 519 1 432 2 404 1 930 1 1446 2 523 1 65 1 502 2 1432
395 20 5 2 549 2 105 2 1258 1 1275 1 1190 1 1043 1 528 1 589 1 478 1 280 1 1402 1 1013 2 259 1 601 1 802 1 1353 1 1260 2 594 2 52 2 1360
396 20 7 3 385 1 616 3 622 1 620 2 885 3 379 1 914 4 684 1 211 1 1132 3 237 2 270 2 168 2 822 2 1351 3 76 1 351 1 1219 1 934 1 1283
397 20 5 1 1137 1 1290 1 1225 3 523 1 861 1 1229 1 1102 1 744 1 711 1 1220 1 1410 1 784 4 847 1 1133 1 1491 1 679 1 1083 1 227 3 1040 1 817
398 20 6 6 554 1 516 1 1315 2 903 4 1237 1 1344 1 865 2 1013 3 768 1 381 1 427 1 403 1 436 1 476 1 1244 1 873 1 608 1 524 1 7 1 505
399 20 5 2 849 1 1175 1 753 2 1312 1 1345 2 1384 1 747 1 423 2 206 4 1065 1 298 1 1418 1 895 2 1119 1 219 1 605 1 86 1 651 1 1491 2 1344
400 20 6 1 1167 1 1129 1 358 1 204 1 229 1 881 1 606 1 1193 1 564 6 474 2 1182 2 922 2 507 1 428 2 1022 2 659 2 633 1 1354 1 304 1 671
401 20 4 1 1392 1 409 1 794 1 588 1 638 1 1384 1 1468 2 228 1 1148 1 1333 1 930 1 780 2 674 1 589 1 200 1 164 1 740 1 1309 1 665 3 453
402 20 7 1 1400 1 626 1 1061 1 1297 1 1450 9 915 3 1316 2 1322 1 715 1 1255 2 652 1 1184 3 328 2 1319 1 527 2 280 1 739 3 816 1 129 1 1270
403 20 6 1 1352 2 108 1 1246 1 871 2 885 1 833 1 1018 1 742 1 918 1 501 1 717 1 104 2 112 1 1186 1 931 1 698 2 345 5 952 3 1238 1 803
404 20 5 1 216 3 478 1 237 1 1319 3 720 1 1166 1 512 2 147 1 71 1 624 1 1426 1 398 2 341 2 117 2 189 2 882 1 2 1 561 1 152 1 1210
405 20 6 1 230 4 740 2 1153 1 1446 3 966 2 1444 1 1355 1 1161 3 386 1 299 1 913 3 881 1 1259 1 1336 1 904 1 677 1 19 1 1185 1 343 1 1218
406 20 6 1 630 1 862 3 870 1 248 1 1322 2 1010 1 13 1 511 2 1037 1 682 1 406 3 1056 1 14 1 1411 1 556 1 777 5 1043 2 798 2 1472 1 873
407 20 6 1 686 5 303 1 833 2 202 1 1447 1 789 2 577 2 1239 2 23 1 1050 1 7 3 72 1 1449 1 717 2 895 1 227 2 492 1 154 1 1442 1 130
408 20 6 1 1419 3 233 1 576 1 956 1 1385 1 1241 1 260 2 59 1 554 2 429 2 155 3 1270 1 1233 1 1373 1 436 2 513 2 447 1 162 2 286 1 352
409 20 5 1 462 2 1142 4 151 1 630 1 79 1 107 2 914 2 331 1 181 1 1391 1 190 1 1178 1 854 2 848 1 1371 1 474 2 1127 1 1291 1 785 1 1232
410 20 6 2 480 1 651 3 406 1 560 1 1039 2 1476 2 1063 1 850 1 856 3 1245 1 1055 3 69 1 253 2 1112 3 985 1 1392 1 898 1 591 2 899 2 955
411 20 6 1 699 2 642 5 305 3 1194 3 1254 1 714 1 877 1 1407 1 846 1 991 1 620 2 803 2 95 1 1119 1 728 1 666 2 251 1 272 1 1444 1 683
412 20 7 1 1120 1 1140 1 1084 1 410 3 806 3 1429 1 977 1 1311 3 1222 2 1387 1 3 2 694 2 1381 3 606 2 1016 3 1363 2 759 1 856 2 1058 3 8
413 20 5 2 850 1 152 1 315 1 29 2 962 2 618 1 1137 2 528 1 214 2 947 2 1456 1 574 1 1384 1 525 1 1000 3 1036 1 597 2 1188 1 136 1 371
414 20 7 4 1065 4 478 1 1355 2 946 1 1092 2 437 1 789 1 143 1 1250 1 1120 3 651 5 955 1 683 3 318 1 468 2 514 1 519 2 1095 1 1104 1 304
415 20 5 1 1013 1 1495 1 1486 2 495 1 613 1 1323 1 183 2 497 2 377 1 1028 3 1379 2 311 1 760 2 209 1 1471 1 1194 2 455 2 1239 1 7 1 1102
416 20 7 1 46 2 535 3 1082 1 1298 1 1047 2 40 2 187 1 342 1 1391 3 1071 3 1308 5 1305 1 309 2 713 1 578 1 359 1 1423 2 145 1 1054 3 1220
417 20 5 1 1014 1 901 4 908 2 299 1 1330 1 1291 1 912 1 282 1 193 1 843 2 284 1 1207 1 1127 2 406 2 400 1 884 1 1002 2 911 1 108 1 1249
418 20 7 2 500 1 1373 3 678 1 1283 2 338 3 491 1 1310 1 603 1 705 1 1341 2 380 1 291 1 722 1 1129 1 782 1 40 3 945 5 819 1 1317 4 151
419 20 5 2 83 1 251 2 484 1 217 2 526 2 246 2 871 1 585 2 1375 3 1269 1 259 1 464 1 1105 2 1124 1 313 1 1165 1 1008 1 1086 1 130 1 1479
420 20 6 3 154 2 25 1 155 1 108 1 351 1 629 3 522 1 1214 2 1439 1 427 2 1276 1 469 4 1458 1 160 1 766 2 1158 1 19 2 1324 1 809 1 118
421 20 5 1 507 1 813 1 706 1 1449 1 1020 1 1446 1 1467 2 1020 1 234 1 795 1 470 1 316 1 1436 3 1020 2 631 2 762 4 1112 1 823 1 242 2 1160
422 20 5 1 360 1 276 1 356 1 821 1 185 2 1156 1 500 1 909 1 78 2 557 4 947 1 1247 2 1448 1 387 1 1390 1 1389 2 411 2 545 1 1101 1 1347
423 20 4 1 497 1 1067 1 144 1 197 1 870 1 778 2 187 1 254 1 1439 1 1229 1 247 2 1350 2 1020 1 1145 1 250 2 735 1 1179 1 777 1 1113 1 953
424 20 5 2 851 1 494 2 897 1 316 1 990 1 1183 1 1311 1 587 1 82 1 1403 2 1493 3 807 1 1084 2 1272 1 953 1 1416 2 875 1 1437 1 620 1 3
425 20 6 1 1135 2 994 1 958 1 1318 1 375 1 1396 4 226 2 578 1 15 1 461 2 1030 1 198 1 466 1 1325 2 411 3 531 2 945 1 1249 1 1170 3 770
426 20 5 1 856 1 958 1 677 1 246 2 257 1 1132 1 712 1 2 1 701 1 1074 3 13 1 728 1 388 1 1438 1 418 1 1031 2 871 2 1377 1 1308 2 879
427 20 4 1 137 1 368 2 1332 1 1057 1 426 1 821 1 824 1 853 1 844 2 1332 1 628 1 1345 1 1424 1 305 1 1007 1 1292 1 552 1 785 1 825 1 1393
428 20 6 1 715 1 1401 1 1391 2 825 3 596 2 1321 1 704 2 989 2 266 1 932 1 388 1 620 2 769 2 435 2 256 1 1218 1 140 1 465 4 992 1 1450
429 20 7 2 1186 1 408 1 363 2 153 1 1069 1 819 2 1373 2 742 1 595 1 1294 1 1444 1 1218 1 136 2 568 1 1429 2 948 1 1363 10 341 1 1119 1 340
430 20 5 1 992 3 1250 2 1018 2 806 1 1191 1 1449 1 1259 3 617 2 760 1 1198 1 994 2 152 1 30 1 1336 1 1262 2 408 1 498 1 88 1 376 1 1143
431 20 6 1 953 1 1057 2 1332 1 793 3 1486 2 1367 1 731 2 1437 2 86 1 140 1 1321 1 770 1 259 3 1447 1 474 1 284 1 527 1 497 3 992 1 324
432 20 4 1 26 1 70 2 720 1 1198 1 380 1 560 1 1399 1 91 1 349 2 1268 1 1269 1 1384 1 119 1 889 1 710 2 542 1 1317 1 901 1 1390 1 1466
433 20 5 2 779 1 1064 1 265 1 708 1 1382 2 572 1 484 1 644 1 1011 1 860 1 282 1 963 1 1025 1 1155 3 553 2 448 2 294 2 607 1 1368 1 1343
434 20 5 1 1086 1 1263 2 193 1 554 1 272 1 1243 1 1255 1 34 1 813 1 1185 1 697 2 19 1 565 1 1337 1 468 2 251 1 119 2 149 2 7 1 1153
435 20 6 1 1391 3 588 2 287 1 822 1 1042 1 1188 2 1118 1 721 1 527 1 1113 3 313 1 90 2 1012 1 1497 1 576 3 243 2 165 3 434 1 205 1 1306
436 20 5 1 543 2 1145 1 189 1 149 1 812 1 964 3 76 2 649 1 1317 3 1268 2 1427 1 254 1 1064 1 794 1 214 1 1218 1 392 1 1053 1 1463 1 1159
437 20 5 2 268 1 840 1 924 2 1441 1 754 2 950 1 975 1 364 1 704 1 1430 1 32 1 1451 1 732 1 1328 1 466 1 289 1 1390 1 392 1 729 4 83
438 20 4 1 347 1 491 1 590 1 649 1 729 2 617 1 1329 2 1458 1 1495 1 1018 1 488 1 1021 1 1372 2 1199 2 1254 1 433 1 610 1 55 1 284 1 335
439 20 7 3 1239 4 879 1 1327 1 892 1 1463 3 118 1 1037 1 984 2 286 4 1110 1 1023 1 481 1 1319 2 624 2 75 1 762 1 1013 2 1406 2 455 1 284
440 20 6 1 795 2 1445 1 1154 1 54 1 1273 1 757 1 557 2 778 2 1073 2 895 2 1432 1 1081 1 775 1 415 1 308 1 473 4 47 3 855 2 527 1 1064
441 20 5 3 196 1 70 1 118 4 1059 1 558 1 1130 1 1300 1 1235 3 635 1 166 1 663 1 1158 1 1223 1 281 1 1236 1 261 2 1338 1 1069 1 173 2 1212
442 20 6 1 352 1 17 1 92 1 662 1 1308 3 803 1 973 1 376 4 565 1 1188 1 850 2 1061 2 214 1 1169 2 1028 1 470 2 1269 1 1330 3 216 1 1017
443 20 6 1 387 3 1493 1 662 1 1256 1 875 1 683 1 248 2 679 1 38 1 808 1 522 2 1046 2 1278 1 49 4 424 1 1316 1 257 1 166 3 1377 1 246
444 20 6 4 63 2 897 1 746 1 159 2 52 1 795 1 1137 2 515 2 1032 1 197 1 1205 1 499 2 193 1 491 4 1376 1 1299 1 1136 1 1181 1 1469 1 882
445 20 6 1 1194 1 314 1 266 1 1131 2 1348 3 417 2 938 3 975 1 846 2 1389 1 1094 2 676 1 734 2 216 1 1406 1 261 2 328 2 338 1 1348 1 1419
446 20 6 1 1404 2 268 2 1337 1 395 4 934 1 777 1 521 2 638 1 518 2 500 1 827 1 20 1 670 1 1102 1 1106 4 1465 2 806 1 1128 1 5 2 900
447 20 6 3 971 2 1085 1 564 1 1251 1 484 1 1024 2 1147 2 886 1 585 1 900 3 1310 1 1353 1 458 1 43 1 507 2 1287 1 1420 2 1435 2 695 4 581
448 20 5 1 846 1 580 1 899 3 628 3 285 1 117 1 763 1 200 1 657 1 31 2 631 1 461 1 1039 2 1423 1 1177 1 762 1 960 2 1276 2 479 1 839
449 20 7 2 513 2 1095 1 472 2 915 1 940 3 130 1 122 1 410 4 463 4 1496 1 797 1 931 2 1143 2 44 1 1439 1 1012 4 640 2 7 1 1076 1 1167
450 20 5 2 1262 1 1362 1 1087 1 609 1 1288 1 1308 1 70 2 1245 1 340 1 1182 1 1382 1 1203 1 551 1 590 2 1487 1 1412 1 539 2 1168 1 737 2 750
451 20 5 2 689 1 1141 1 584 1 959 3 515 1 56 1 1462 1 1257 1 185 1 868 1 836 1 1436 2 375 2 773 3 1267 1 1345 1 1414 1 1076 1 860 1 474
452 20 6 1 1088 1 885 2 923 4 1309 1 1473 1 104 1 628 1 1179 2 886 1 1365 4 1314 1 608 1 1460 7 1006 1 966 1 1404 1 340 1 1068 1 466 1 1227
453 20 6 1 1104 4 1069 1 323 4 204 1 1182 1 43 1 384 1 1328 1 1367 1 979 3 113 1 1172 3 691 1 884 2 1281 1 38 2 528 1 1100 2 416 1 636
454 20 7 2 1311 2 1152 1 908 4 356 4 159 2 282 2 1072 1 490 2 269 1 1320 1 406 1 1461 1 689 1 1366 2 905 2 1481 1 1392 1 85 3 1444 4 1141
455 20 7 1 1130 1 779 1 483 2 1436 2 1494 2 1399 3 1193 2 1452 1 1162 2 814 1 1155 2 767 1 797 2 559 2 260 1 705 1 85 2 974 1 288 6 1196
456 20 6 2 1156 1 1495 1 1035 2 198 3 1471 1 604 3 176 1 1022 2 362 1 938 2 1208 2 680 1 319 1 417 1 89 1 747 1 360 2 1204 1 873 2 1195
457 20 6 1 695 2 1105 2 1196 2 1157 1 384 1 488 1 1080 1 1242 2 796 1 1172 4 1101 3 1120 1 801 5 230 1 1001 1 471 1 681 1 904 1 1421 1 1301
458 20 6 2 112 1 1485 1 286 1 612 1 395 1 690 2 658 1 1041 1 1290 3 1261 1 498 1 837 1 29 1 699 1 882 1 1323 3 1215 1 438 2 1359 4 704
459 20 7 1 396 4 241 1 634 1 1108 2 438 2 12 3 1004 1 152 4 648 2 944 1 28 7 1313 1 765 1 1222 1 207 2 1445 1 680 1 1151 1 361 1 1052
460 20 5 1 1483 1 231 3 969 1 746 2 458 1 1193 3 885 1 1254 1 774 1 32 1 943 1 992 1 1409 1 1040 1 628 1 1258 4 777 1 833 1 473 1 695
461 20 5 1 1477 4 426 2 875 2 1044 1 1183 1 1010 1 746 1 837 1 1301 1 257 1 1110 2 610 1 182 1 1447 1 586 1 1160 2 916 1 595 1 538 2 438
462 20 6 2 352 2 97 2 872 3 1227 1 1082 1 1377 1 1239 1 718 1 1422 3 1118 2 468 2 1128 1 1147 2 481 3 99 1 406 2 676 2 652 1 1426 1 1290
463 20 6 2 1450 2 431 1 973 1 1015 1 327 1 475 1 1213 3 791 2 151 3 964 1 1025 1 437 1 859 2 200 1 1064 2 331 1 1293 1 244 4 1154 1 631
464 20 6 1 1121 1 54 2 797 1 482 2 208 2 1055 1 900 2 1346 2 498 1 294 3 281 2 1433 2 1442 1 1155 2 35 4 220 1 441 1 1060 2 1273 1 569
465 20 5 2 622 2 689 1 397 1 1207 1 733 1 590 1 849 1 431 1 851 3 830 2 244 1 428 1 147 2 424 1 301 1 896 2 555 2 1317 1 377 1 767
466 20 5 1 1145 2 750 1 253 1 535 1 482 2 1451 1 796 1 200 1 1225 3 18 1 960 1 891 1 366 1 1090 1 122 1 362 1 782 2 932 1 930 2 959
467 20 6 2 1132 1 773 1 210 1 1427 3 623 1 519 3 647 4 1340 2 606 1 1124 1 196 1 103 2 1353 1 272 1 807 1 61 1 793 1 981 1 523 1 541
468 20 4 2 787 1 1353 1 1489 1 1417 1 954 1 927 1 1193 2 1130 1 1035 1 11 1 866 1 1003 1 164 1 729 1 824 1 804 1 443 1 1328 1 1050 2 1078
469 20 6 2 1219 2 805 1 1214 3 1099 3 1419 2 187 3 451 2 478 2 423 1 407 1 782 1 790 2 1462 1 990 1 1493 1 1417 2 606 1 1317 1 1410 2 1057
470 20 5 1 1167 1 496 2 1120 1 1102 2 1138 1 554 1 2 1 1019 3 834 1 630 2 400 1 1415 2 1259 1 250 2 817 1 194 1 288 1 836 2 235 1 1475
471 20 6 1 319 3 171 1 1449 1 1099 1 935 1 1005 1 423 1 277 1 452 1 811 3 554 1 597 1 1092 3 607 4 1303 3 62 2 211 1 670 1 17 1 1341
472 20 6 1 752 2 507 1 1458 1 101 1 658 1 123 1 1066 1 1066 1 19 5 222 1 1393 4 943 2 260 2 1092 1 229 1 937 1 1336 1 59 3 474 1 1319
473 20 6 2 743 1 297 1 1119 1 789 1 1102 1 1216 1 1285 1 1325 3 1354 1 102 1 726 3 1083 3 374 1 1256 2 1019 1 984 1 1190 1 120 1 164 3 128
474 20 7 1 921 1 1309 3 815 2 1079 1 530 2 1322 4 1098 2 174 1 843 4 260 1 743 2 339 2 1461 1 541 2 833 1 1291 1 1232 1 550 1 157 5 592
475 20 7 1 1339 1 892 1 1465 1 96 1 1336 2 928 7 1283 1 1070 1 770 2 1222 1 724 2 886 1 254 1 142 4 1312 1 656 3 736 1 16 2 1266 4 880
476 20 5 1 22 1 10 1 1104 2 456 2 823 1 1005 1 654 1 421 2 474 1 355 2 841 1 158 2 1280 1 1205 1 270 1 692 1 386 1 1349 3 1221 1 1185
477 20 6 2 1165 2 621 4 1059 1 878 3 1103 1 757 1 1013 4 1423 1 1131 2 1115 1 989 2 590 2 645 1 1074 1 231 1 834 1 570 1 727 2 25 1 746
478 20 7 2 396 1 553 3 1477 3 914 1 1249 3 1011 1 448 1 1430 1 906 1 694 1 811 2 1400 1 518 3 259 4 256 2 675 1 297 1 1366 2 382 1 138
479 20 7 1 1083 1 1192 1 1226 1 965 2 2 1 903 1 927 1 118 3 1108 1 1030 5 369 1 1478 1 895 3 1130 1 438 7 175 1 848 1 193 1 1272 1 293
480 20 5 1 1036 1 823 2 1131 2 1200 1 1310 1 1383 1 1489 2 1177 1 595 1 171 1 1050 2 724 2 94 2 1079 2 445 2 94 1 820 2 1184 1 59 1 268
481 20 5 2 477 1 1055 1 964 2 466 2 24 1 1341 1 56 1 1494 1 1137 2 623 1 1481 1 395 1 856 2 878 1 618 2 510 1 477 1 526 1 243 3 173
482 20 5 1 386 1 893 1 807 1 894 1 577 1 734 1 1035 5 1270 1 1428 1 341 1 965 1 197 1 1172 1 67 1 545 1 983 1 114 3 471 2 73 3 813
483 20 6 1 762 1 1396 4 1498 2 1393 1 1455 1 1439 1 657 1 131 2 651 2 600 2 1164 2 287 1 187 2 104 2 673 2 529 1 775 1 1334 1 1287 1 631
484 20 6 1 1222 1 1008 2 758 2 964 2 484 1 64 1 1499 1 418 4 345 1 1148 2 129 2 173 2 525 1 1411 1 1455 2 825 1 95 1 342 2 1255 1 1414
485 20 7 1 795 1 344 1 1474 6 515 1 761 1 195 2 450 1 194 1 181 1 1089 3 1359 1 1306 1 1324 2 146 4 264 1 1443 4 437 3 1200 2 1195 1 1116
486 20 6 1 1494 1 48 1 494 1 745 3 119 1 27 1 1264 1 529 1 1309 1 264 1 1056 3 1131 1 1213 3 407 3 873 1 936 2 620 1 331 1 1326 2 1033
487 20 6 1 816 2 459 1 352 1 1275 5 121 1 1350 1 1329 1 1374 1 112 2 700 1 264 1 930 1 487 7 1027 1 363 1 703 1 427 2 1297 1 1128 2 547
488 20 4 1 707 2 994 1 64 1 48 1 1379 1 227 2 1430 1 170 1 773 1 266 1 255 1 95 1 947 1 1118 1 255 1 27 1 1175 1 774 1 452 1 1171
489 20 5 1 603 2 80 1 33 1 1254 1 507 1 912 1 540 1 617 2 109 1 825 1 493 2 106 1 419 1 820 1 1274 3 325 1 402 1 228 1 1258 1 1023
490 20 6 1 40 1 1026 1 712 1 1336 6 151 2 1260 2 763 2 271 3 1022 1 341 1 83 1 822 1 843 1 414 1 674 1 77 1 1418 1 438 1 1234 1 1358
491 20 6 1 801 2 914 3 1019 1 1131 1 1305 1 952 2 839 1 153 2 96 1 601 1 1232 2 1042 2 929 3 653 1 125 1 928 1 239 1 735 1 210 2 755
492 20 6 4 180 3 518 1 437 1 1417 2 961 1 1271 1 660 1 502 1 429 3 1385 1 889 1 503 1 205 1 963 1 749 1 1063 1 1081 1 1146 1 877 3 1126
493 20 5 1 753 1 1062 1 680 1 1074 2 132 5 236 1 976 1 1373 1 765 1 24 1 1439 2 579 1 1393 1 1162 1 239 1 1131 1 253 2 383 2 1434 1 1418
494 20 5 1 449 1 1204 1 1319 2 1213 1 1254 1 790 1 1256 2 438 2 389 1 665 2 75 1 985 1 493 1 774 1 994 1 555 5 580 2 862 1 265 1 1207
495 20 7 3 1213 1 725 1 841 2 330 1 1297 3 1334 1 220 9 718 2 1351 1 874 2 911 1 870 1 1453 1 902 1 695 1 1053 2 1179 2 1219 1 300 1 1449
496 20 6 1 922 2 698 1 1318 2 330 2 1474 1 1446 1 1101 1 89 1 1014 2 735 1 236 1 503 2 838 2 851 1 446 2 531 3 664 2 572 3 1187 1 1467
497 20 5 1 1421 1 465 3 584 1 1445 2 531 1 1321 1 518 1 49 1 152 1 22 1 711 1 557 1 428 1 433 1 488 1 83 1 41 4 1164 1 1316 1 285
498 20 5 1 339 1 617 1 805 2 567 2 1054 1 744 1 820 1 898 1 636 1 793 2 1393 2 762 1 653 1 248 1 1142 3 294 1 936 1 1346 1 1102 2 84
499 20 5 2 261 1 54 1 799 2 214 1 1467 1 54 2 244 2 509 1 1209 1 487 2 619 1 502 1 911 1 986 1 57 1 1000 1 532 1 412 1 1239 1 58
500 20 5 1 496 1 1350 1 689 1 834 1 1120 2 823 2 1376 2 360 1 221 1 187 1 1027 1 600 1 1484 1 946 2 479 1 699 1 560 1 765 1 1389 2 1045
