1 25 11400 0 0 0 0 0 1 0 1 1 0 1 1 1 1 0 1 0 0 0 1 0 0 1 1 0 0.0
2 25 10856 0 0 0 1 0 0 0 0 1 1 1 1 0 1 0 1 1 0 0 1 1 1 0 1 0 0.0
3 25 10748 0 0 0 1 0 1 0 1 1 1 1 0 1 1 0 0 1 0 0 0 1 1 0 1 0 0.0
4 25 12436 0 0 1 0 1 1 1 0 1 1 0 0 0 1 1 0 1 1 0 1 1 0 1 0 0 0.0
5 25 12065 0 1 1 1 0 0 1 0 0 0 1 0 1 1 1 1 0 1 0 0 1 0 0 0 1 0.0
6 25 9082 1 0 1 0 0 0 1 0 0 0 0 0 1 0 0 0 1 1 1 0 1 0 1 0 0 0.0
7 25 10720 1 1 0 1 1 1 0 1 0 0 0 0 1 1 1 0 0 1 0 0 0 0 0 0 1 0.0
8 25 7067 1 1 0 1 0 0 1 0 0 0 1 0 1 0 0 0 0 1 0 0 0 0 0 1 0 0.0
9 25 10067 0 0 1 1 1 1 0 0 1 1 1 1 1 0 0 0 0 0 0 0 1 1 0 1 0 0.0
10 25 8423 0 0 1 0 0 1 1 0 0 1 1 0 0 0 1 0 1 0 0 0 1 0 1 0 0 0.0
11 25 10850 1 1 1 1 0 1 0 0 0 0 1 0 0 0 0 0 1 1 0 1 0 0 1 1 1 0.0
12 25 10073 0 1 0 0 1 0 0 1 0 1 0 1 0 1 0 1 1 1 0 1 0 0 0 1 1 0.0
13 25 10650 1 0 1 0 0 0 1 1 0 0 0 0 0 0 1 0 0 1 1 1 1 1 0 0 0 0.0
14 25 11383 1 0 0 0 0 1 0 1 1 0 0 1 1 1 1 1 0 0 0 0 1 1 1 0 1 0.0
15 25 9265 1 0 0 0 1 0 0 0 0 0 1 0 0 1 1 0 1 0 1 0 0 0 1 1 0 0.0
16 25 11092 1 1 1 1 0 0 1 1 0 1 0 1 0 1 1 0 0 1 0 0 0 0 0 0 0 0.0
17 25 12450 1 1 1 1 1 1 0 1 1 1 0 1 0 0 0 0 0 0 1 1 1 1 0 1 0 0.0
18 25 11054 1 1 1 1 0 0 0 0 1 0 1 0 1 1 0 0 0 0 1 0 1 1 0 1 0 0.0
19 25 9948 0 0 0 0 0 1 0 1 1 1 1 0 1 1 1 1 1 0 0 0 0 1 0 1 0 0.0
20 25 13044 1 1 1 1 0 1 1 1 0 1 1 0 1 0 0 1 1 0 0 0 0 0 1 0 1 0.0
21 25 9879 0 0 0 1 0 0 0 1 0 0 1 1 1 0 1 0 0 0 0 1 1 1 1 0 1 0.0
22 25 10983 0 1 0 0 1 1 1 1 1 1 0 0 0 0 0 0 1 1 0 1 0 1 1 1 0 0.0
23 25 11752 1 0 1 0 1 1 0 1 0 1 1 0 0 1 1 0 1 0 1 0 0 1 1 0 1 0.0
24 25 14639 0 1 1 1 1 1 1 0 0 0 1 0 1 1 1 1 0 1 0 0 1 0 1 0 1 0.0
25 25 8747 1 0 0 0 1 0 0 1 0 1 1 0 0 0 0 0 0 0 1 1 0 1 0 1 1 0.0
26 25 7920 1 0 1 0 1 1 0 1 0 0 1 0 0 1 0 0 0 0 1 1 0 0 0 1 1 0.0
27 25 11591 1 1 0 1 1 0 1 0 1 1 0 0 1 0 1 0 1 0 1 1 1 0 0 0 0 0.0
28 25 12930 0 1 1 1 0 1 0 1 1 1 0 0 0 0 0 1 1 0 1 0 1 1 1 0 0 0.0
29 25 12156 0 0 1 1 1 1 0 0 1 1 0 0 1 1 1 1 0 1 1 0 0 1 0 0 0 0.0
30 25 10477 0 0 0 0 0 1 0 1 1 1 0 1 1 0 1 0 1 1 1 0 0 1 0 1 1 0.0
31 25 10664 0 1 0 1 0 1 1 0 1 0 1 0 0 1 1 0 0 0 0 1 0 0 1 1 0 0.0
32 25 9991 0 1 0 1 1 0 0 1 1 1 1 0 0 1 0 0 0 0 0 1 0 0 1 0 0 0.0
33 25 11715 1 1 1 1 1 1 1 0 0 0 0 1 1 0 0 1 0 0 0 1 0 1 0 1 0 0.0
34 25 12716 0 1 1 1 0 0 0 0 1 0 0 1 1 1 1 1 1 0 0 1 0 1 1 0 0 0.0
35 25 10617 0 0 0 0 1 1 0 0 0 1 1 0 0 1 1 1 1 0 0 1 1 0 0 1 1 0.0
36 25 11069 0 0 0 1 0 1 1 1 0 0 0 0 0 0 1 1 0 1 0 1 1 0 1 0 1 0.0
37 25 11346 1 1 0 1 1 0 0 0 0 0 1 0 1 1 1 0 0 1 0 0 0 1 0 1 0 0.0
38 25 9164 1 1 0 1 0 1 1 0 0 1 0 0 0 0 0 1 0 0 0 1 0 0 1 1 1 0.0
39 25 10080 1 1 1 0 0 0 1 0 0 0 0 0 1 1 0 1 1 0 0 1 1 0 1 0 0 0.0
40 25 11911 0 0 1 1 1 1 1 0 0 1 0 0 0 0 1 1 1 0 1 0 1 1 1 0 0 0.0
41 25 10527 0 0 1 1 0 0 1 0 0 1 1 0 1 0 0 0 1 0 0 1 0 0 1 0 1 0.0
42 25 10000 1 0 1 0 1 0 1 1 0 1 0 0 1 0 1 0 0 0 1 1 1 0 0 0 0 0.0
43 25 10184 1 1 0 1 0 0 1 1 0 0 0 0 1 1 0 0 1 0 1 1 0 0 1 0 1 0.0
44 25 10844 1 1 1 1 0 0 1 0 0 1 0 0 1 1 1 0 0 0 0 1 1 0 0 0 1 0.0
45 25 8661 0 0 0 1 0 1 1 0 1 0 0 1 0 1 0 0 0 0 0 0 0 1 1 0 1 0.0
46 25 10884 0 0 1 0 1 0 0 1 0 0 1 0 0 0 1 1 1 1 1 0 0 0 0 1 1 0.0
47 25 11627 0 0 0 0 0 0 0 1 1 1 1 0 1 1 0 0 0 0 0 0 1 1 0 1 1 0.0
48 25 12564 0 1 1 1 0 1 0 0 1 0 1 0 0 1 0 1 0 1 0 0 0 0 1 0 1 0.0
49 25 12391 0 1 1 1 0 0 1 1 0 1 1 0 1 0 0 1 1 0 0 0 0 0 1 1 0 0.0
50 25 10641 1 1 0 1 0 1 1 0 1 0 0 0 0 1 0 1 1 1 0 0 0 1 0 0 0 0.0
51 25 7605 0 1 0 0 1 1 0 0 0 0 0 0 0 1 1 1 1 1 0 0 1 1 0 0 0 0.0
52 25 9039 0 1 1 0 0 1 1 0 0 1 0 1 0 1 0 1 1 0 0 0 0 1 0 1 0 0.0
53 25 13096 0 0 0 0 1 1 1 0 1 1 0 0 1 0 0 1 1 1 0 0 1 0 0 0 1 0.0
54 25 10902 1 1 0 0 1 1 0 0 0 1 1 0 1 1 0 1 0 0 0 0 1 0 0 1 1 0.0
55 25 11080 0 0 1 0 1 1 1 0 0 1 0 1 1 0 1 0 1 1 0 0 1 0 1 0 0 0.0
56 25 10410 1 0 0 1 1 1 0 0 1 0 0 0 0 1 0 1 0 1 0 0 0 1 1 0 1 0.0
57 25 14532 1 1 0 1 1 0 0 0 1 0 0 1 0 0 1 1 0 1 1 1 0 1 1 0 0 0.0
58 25 11258 0 1 0 1 0 0 1 0 1 0 1 0 0 1 1 1 1 0 1 1 0 0 0 0 0 0.0
59 25 7882 0 0 0 0 1 1 0 1 0 1 1 1 0 0 1 1 1 0 0 0 0 0 0 1 0 0.0
60 25 11300 1 1 0 1 0 1 1 1 0 0 0 0 0 1 0 1 0 0 1 1 0 1 1 1 0 0.0
61 25 11668 0 1 0 1 1 0 0 0 1 1 0 0 0 0 1 1 1 1 1 0 0 1 0 0 1 0.0
62 25 12029 0 1 0 0 1 0 1 1 1 0 0 0 0 0 0 0 0 1 1 1 1 1 0 1 0 0.0
63 25 9010 0 0 0 1 0 0 1 1 0 1 1 0 0 0 1 0 1 0 0 0 0 0 1 0 1 0.0
64 25 11639 0 0 0 1 1 0 0 0 0 0 0 1 1 0 0 0 1 1 1 1 1 0 1 0 0 0.0
65 25 9771 1 0 0 1 1 1 0 1 0 0 0 1 1 0 0 1 0 0 1 1 1 0 0 0 0 0.0
66 25 10710 1 1 1 1 0 1 0 1 0 0 1 1 1 1 0 0 0 0 0 0 1 0 1 0 0 0.0
67 25 10708 0 1 1 1 0 0 0 1 1 0 0 1 0 1 0 0 0 0 0 1 1 1 0 0 1 0.0
68 25 9267 1 1 0 0 0 0 0 1 1 0 0 1 0 1 1 0 1 1 1 1 0 0 0 0 0 0.0
69 25 10545 1 0 1 1 1 0 1 0 0 0 0 0 1 1 1 0 0 0 1 1 0 1 0 1 0 0.0
70 25 15787 1 0 1 1 0 1 1 0 0 1 0 0 1 0 1 1 1 1 0 1 0 1 0 1 1 0.0
71 25 10765 1 0 1 0 0 1 1 1 0 0 1 0 1 1 0 0 1 0 0 0 0 1 1 0 1 0.0
72 25 12046 1 0 0 0 1 0 0 1 1 0 0 0 0 0 0 0 1 1 1 0 1 0 0 1 1 0.0
73 25 13066 0 0 0 1 1 1 0 1 0 1 1 1 1 0 0 0 1 0 1 1 0 1 0 0 0 0.0
74 25 14796 1 1 1 0 1 1 0 0 1 1 0 1 0 0 1 0 0 1 0 1 0 0 1 0 0 0.0
75 25 9151 0 0 1 0 1 0 0 1 0 1 1 0 0 0 0 0 0 1 1 0 1 1 0 1 0 0.0
76 25 9819 0 0 0 0 0 1 0 0 1 1 1 1 1 0 1 1 0 1 0 0 0 0 1 0 1 0.0
77 25 11602 1 0 0 0 0 1 1 1 0 1 1 0 1 1 1 0 1 1 0 0 0 0 0 1 1 0.0
78 25 11377 0 0 0 1 0 1 1 0 1 0 0 1 0 0 1 1 1 1 0 0 0 0 1 0 0 0.0
79 25 8974 0 0 0 1 1 1 1 0 1 1 1 1 0 0 1 0 0 1 0 0 0 0 0 1 0 0.0
80 25 10333 1 0 0 0 0 1 1 0 0 0 1 0 1 1 0 0 0 0 0 1 1 1 0 1 1 0.0
81 25 8539 0 0 1 0 0 1 0 1 0 0 0 1 0 0 1 0 1 1 0 0 0 0 1 1 1 0.0
82 25 8363 0 0 0 1 0 1 0 0 0 0 1 1 0 1 1 1 1 1 0 0 1 0 0 0 1 0.0
83 25 13591 0 1 1 1 1 0 1 0 1 1 0 0 1 1 0 0 0 0 1 0 0 1 1 1 1 0.0
84 25 10327 1 0 0 0 1 0 1 0 1 1 1 1 0 1 0 0 0 1 1 0 1 0 0 0 1 0.0
85 25 11618 0 0 1 0 0 1 1 0 1 0 0 1 1 0 1 1 0 0 0 0 1 0 1 0 0 0.0
86 25 13548 1 1 1 0 0 0 1 1 0 1 0 1 0 0 1 1 1 0 0 1 0 0 0 0 1 0.0
87 25 9737 1 1 0 0 1 0 0 0 1 1 1 0 0 1 0 0 0 1 1 1 0 0 0 1 0 0.0
88 25 10331 0 1 0 0 0 0 1 1 0 0 0 0 1 0 0 1 1 1 1 1 1 0 0 1 1 0.0
89 25 7903 0 0 1 1 1 1 0 0 0 1 1 0 0 0 1 0 0 0 0 0 0 0 0 1 1 0.0
90 25 8672 1 1 0 0 0 0 1 1 1 1 1 1 0 0 0 0 1 0 0 0 0 1 0 0 0 0.0
91 25 9185 0 0 1 1 1 1 0 0 1 1 1 0 1 0 1 0 0 0 1 1 0 0 0 0 0 0.0
92 25 10472 0 1 0 0 1 1 0 1 1 1 1 0 0 1 0 0 0 1 1 0 0 0 0 1 0 0.0
93 25 11694 1 0 1 1 1 0 1 1 0 0 0 0 1 1 0 1 0 0 0 1 0 0 1 0 1 0.0
94 25 7500 0 1 0 0 0 0 0 1 0 1 0 0 1 0 0 0 1 0 0 0 1 1 0 0 1 0.0
95 25 10874 1 1 0 0 1 0 0 0 0 0 1 0 0 1 0 1 0 0 1 0 1 0 1 0 1 0.0
96 25 10398 0 0 0 0 0 1 1 1 0 1 1 1 0 1 0 0 1 1 0 0 0 0 1 1 0 0.0
97 25 10168 0 1 0 0 1 1 1 0 0 1 1 1 1 0 0 0 1 0 0 0 0 0 0 1 0 0.0
98 25 10896 1 0 0 0 1 0 0 0 0 1 0 1 0 1 0 1 0 1 1 1 0 0 1 0 1 0.0
99 25 12002 1 1 0 1 1 1 0 0 1 1 0 1 0 1 0 1 0 0 0 0 1 1 0 0 1 0.0
100 25 11055 1 1 0 0 0 1 1 0 0 0 1 0 1 0 0 1 0 1 1 0 0 1 1 0 1 0.0
101 25 8856 0 1 1 0 1 0 0 0 1 0 1 0 0 1 1 1 0 1 0 0 1 0 0 0 0 0.0
102 25 9569 0 1 1 0 0 1 1 0 0 1 0 1 0 0 1 0 0 0 0 0 0 0 1 1 1 0.0
103 25 11796 0 0 0 0 0 0 1 1 0 0 0 1 0 0 1 1 0 1 1 1 0 1 1 1 1 0.0
104 25 10219 0 0 0 0 1 0 1 1 1 0 1 0 0 1 1 0 1 0 1 1 0 1 0 1 0 0.0
105 25 12088 0 1 1 0 0 0 0 0 1 1 0 0 0 1 1 0 1 1 1 0 0 0 1 0 1 0.0
106 25 14306 1 1 0 0 1 0 1 0 0 1 0 1 1 1 1 1 0 0 1 1 0 1 0 0 0 0.0
107 25 9066 0 0 0 0 0 0 1 0 1 0 0 0 0 1 1 0 1 1 1 0 0 1 0 0 1 0.0
108 25 10163 0 0 1 1 0 0 0 1 0 1 0 1 1 1 1 0 1 0 1 1 0 1 0 1 0 0.0
109 25 9458 0 0 0 1 1 1 1 1 0 0 0 0 0 1 1 0 0 0 0 0 1 1 0 0 1 0.0
110 25 11078 1 0 0 0 0 0 0 1 0 0 0 1 0 1 0 1 1 0 0 1 1 0 1 1 1 0.0
111 25 10566 1 1 1 1 0 1 1 1 1 0 1 0 0 1 1 0 0 0 1 1 0 1 0 0 1 0.0
112 25 9319 1 1 1 1 0 0 1 0 0 1 0 1 0 0 0 1 0 1 0 0 0 0 1 0 0 0.0
113 25 9325 1 0 1 1 0 0 1 1 0 0 0 0 0 1 1 0 1 0 0 0 1 0 0 1 1 0.0
114 25 13153 1 0 0 0 0 1 1 1 1 1 0 0 0 0 0 1 1 0 1 0 1 0 1 0 1 0.0
115 25 11567 0 0 0 1 1 1 1 1 0 0 1 0 1 0 1 1 1 1 0 1 0 1 0 0 0 0.0
116 25 11449 0 1 1 0 0 1 0 1 1 0 0 1 1 0 0 1 0 1 1 0 0 1 1 1 0 0.0
117 25 10884 0 0 0 0 0 1 0 0 1 1 0 0 0 1 1 0 0 1 1 1 1 0 0 0 1 0.0
118 25 13773 0 0 0 1 1 0 1 1 0 1 1 0 0 0 1 1 1 0 0 0 1 1 1 0 1 0.0
119 25 11993 0 1 1 1 0 0 0 0 1 0 0 1 1 0 1 0 1 1 1 1 0 1 0 1 1 0.0
120 25 8744 1 0 0 0 1 1 0 0 0 0 1 1 0 0 1 0 1 1 1 0 0 0 0 0 1 0.0
121 25 8922 0 0 1 1 0 0 0 1 0 0 0 0 0 0 1 1 0 1 1 1 0 1 0 1 1 0.0
122 25 11461 1 1 0 0 0 0 1 1 0 0 0 0 1 0 0 0 0 0 1 1 1 1 1 1 1 0.0
123 25 10900 0 0 0 0 0 0 0 1 0 0 1 1 0 1 0 0 0 1 0 1 1 1 1 0 1 0.0
124 25 10032 1 0 0 0 0 1 1 1 0 0 1 0 0 1 1 1 1 0 0 1 1 0 1 1 1 0.0
125 25 11623 0 1 0 0 0 0 0 0 0 1 1 1 0 1 1 0 1 0 1 0 0 1 1 1 0 0.0
126 25 8850 0 0 0 1 0 0 1 1 0 0 1 1 0 0 0 0 1 0 0 0 1 1 1 0 1 0.0
127 25 8745 0 1 0 0 1 0 0 0 1 1 0 1 1 0 0 0 0 0 1 0 1 0 0 0 1 0.0
128 25 11659 1 0 0 0 0 0 1 1 0 0 0 1 0 0 1 0 1 1 1 0 1 0 1 1 1 0.0
129 25 11003 0 0 0 0 1 1 1 0 0 1 0 1 1 1 0 0 1 0 1 0 0 1 0 1 0 0.0
130 25 11475 0 0 1 0 1 0 0 1 1 0 0 0 0 1 0 1 1 0 1 0 0 1 1 0 0 0.0
131 25 9180 1 1 1 0 0 1 1 1 0 0 1 0 1 1 0 0 1 1 1 0 0 0 0 0 0 0.0
132 25 10749 1 1 0 0 0 1 0 0 0 0 1 1 1 0 0 0 1 1 0 1 1 0 0 0 0 0.0
133 25 11549 0 1 0 1 1 1 1 0 0 1 0 1 1 0 0 1 0 0 1 0 0 1 0 0 0 0.0
134 25 12065 0 0 1 0 1 1 1 0 1 0 1 1 0 1 1 0 0 1 1 0 0 0 1 0 0 0.0
135 25 13546 0 1 1 1 1 0 1 0 1 1 0 0 0 1 0 0 1 1 1 0 1 0 1 1 1 0.0
136 25 10503 1 1 0 1 0 1 0 0 1 0 1 1 0 1 0 0 1 0 0 0 1 1 0 0 1 0.0
137 25 12901 1 0 0 0 1 0 1 1 1 1 0 0 1 1 1 1 0 0 0 0 1 0 1 0 0 0.0
138 25 10208 0 1 1 1 1 0 1 1 0 0 0 0 1 0 0 1 1 0 1 0 0 0 0 0 0 0.0
139 25 9951 0 1 0 0 1 1 1 0 0 0 0 1 0 0 1 1 1 0 0 0 1 1 1 0 0 0.0
140 25 14561 1 1 1 1 1 1 1 1 0 1 1 0 1 1 0 0 0 0 1 0 0 1 0 0 0 0.0
141 25 8455 0 0 1 0 0 1 0 0 0 0 0 1 1 0 0 1 0 1 1 1 1 0 1 1 1 0.0
142 25 9301 1 1 0 0 0 0 0 0 1 0 1 1 1 0 0 1 0 1 0 0 0 0 0 1 0 0.0
143 25 10611 0 1 0 1 1 1 0 0 0 1 0 1 1 1 0 0 1 0 0 0 1 0 1 0 0 0.0
144 25 11145 0 1 1 1 1 1 0 1 1 0 0 1 1 0 0 1 1 0 0 0 0 1 0 0 0 0.0
145 25 9255 0 1 0 1 0 1 1 0 0 1 0 0 1 1 1 0 0 0 0 0 0 0 0 1 1 0.0
146 25 11908 1 0 0 1 0 1 0 0 1 1 1 1 1 0 1 1 1 1 0 0 0 0 1 1 0 0.0
147 25 11910 1 1 0 0 0 0 1 1 0 1 1 0 0 0 1 0 1 1 1 1 0 0 0 1 1 0.0
148 25 10599 1 0 0 1 0 0 0 1 0 0 0 1 0 1 1 0 1 1 1 0 0 0 0 0 0 0.0
149 25 9786 1 1 0 0 1 1 0 1 0 0 0 0 1 0 1 1 0 0 1 0 1 1 1 0 0 0.0
150 25 9841 0 0 1 1 1 0 1 0 0 1 0 1 0 0 1 0 0 0 1 0 0 0 1 0 0 0.0
151 25 8509 1 1 0 0 1 0 0 0 0 0 1 0 1 0 0 1 1 0 1 0 1 1 1 1 0 0.0
152 25 10509 0 0 0 0 0 1 1 0 1 1 1 1 1 1 1 0 0 1 1 0 1 0 0 0 0 0.0
153 25 11530 0 0 0 1 1 0 0 0 1 1 0 1 1 1 0 1 0 0 0 1 0 0 0 1 1 0.0
154 25 11337 0 0 0 0 1 1 0 1 0 0 0 1 1 1 1 0 0 0 1 0 1 1 0 0 1 0.0
155 25 9925 0 1 0 0 1 0 0 0 0 0 1 0 1 1 1 0 1 1 0 1 0 1 1 0 0 0.0
156 25 10823 1 1 1 0 0 0 1 0 1 0 1 1 0 1 0 1 1 0 0 1 0 0 1 0 0 0.0
157 25 11265 0 1 1 0 0 0 0 1 1 1 0 1 0 1 1 1 0 0 0 0 0 0 0 1 1 0.0
158 25 12346 0 1 0 0 1 0 1 0 1 1 1 1 1 0 1 0 0 0 1 0 0 0 1 1 0 0.0
159 25 9872 1 0 1 0 0 0 1 0 1 1 1 1 1 0 1 1 0 0 0 0 1 1 1 1 0 0.0
160 25 8074 0 0 0 0 1 1 0 0 1 1 0 1 0 0 0 0 0 0 0 1 0 1 0 1 0 0.0
161 25 14030 0 0 1 1 0 1 1 1 0 0 1 1 0 1 0 1 0 0 1 1 1 0 0 1 1 0.0
162 25 8664 1 1 1 0 1 1 0 0 0 0 1 1 1 0 1 0 1 0 0 1 0 0 0 0 0 0.0
163 25 9222 1 0 1 0 0 0 1 1 0 1 0 0 0 0 0 1 0 1 1 0 1 1 1 0 0 0.0
164 25 10146 0 1 0 0 0 1 1 0 0 1 0 1 1 0 1 0 1 0 1 0 0 1 1 0 0 0.0
165 25 9660 1 1 0 0 0 1 1 0 0 1 0 1 0 1 0 0 1 1 0 1 1 0 0 0 1 0.0
166 25 9912 0 0 0 0 0 1 1 1 0 0 0 1 1 1 0 0 0 1 1 0 0 0 1 0 1 0.0
167 25 11648 0 0 1 1 0 1 0 0 1 0 1 0 1 0 0 1 1 0 0 1 0 1 1 0 0 0.0
168 25 9017 1 0 0 0 1 0 0 0 0 0 1 1 1 0 1 0 0 0 1 1 0 0 0 1 0 0.0
169 25 11417 1 0 1 1 0 0 0 1 1 0 0 0 0 1 1 0 0 0 0 0 1 0 1 0 1 0.0
170 25 11041 1 0 0 0 0 0 1 1 0 1 1 1 0 0 0 1 1 1 1 0 0 0 1 1 0 0.0
171 25 10346 1 1 0 0 0 1 1 0 0 0 0 0 1 1 1 1 0 0 0 1 1 0 0 0 0 0.0
172 25 8331 0 1 0 1 0 1 1 0 0 1 0 0 1 1 1 0 1 1 0 1 0 0 1 0 1 0.0
173 25 10602 0 1 1 1 1 1 0 0 1 0 0 0 1 1 1 0 1 1 0 0 0 0 1 0 0 0.0
174 25 11169 0 1 0 0 0 0 0 1 0 0 1 1 0 0 0 1 0 0 1 0 1 1 1 0 0 0.0
175 25 13317 1 0 0 0 0 1 0 0 0 1 0 1 0 1 1 0 1 1 0 1 0 1 1 1 1 0.0
176 25 9340 1 0 0 0 1 1 1 0 0 0 1 0 1 1 1 0 0 1 0 0 0 0 0 0 0 0.0
177 25 9178 0 1 1 0 0 0 0 1 1 0 1 0 0 1 1 1 0 0 0 1 1 0 0 0 0 0.0
178 25 9771 0 0 1 0 0 1 0 1 0 0 1 1 0 1 1 1 0 0 1 0 1 1 0 0 0 0.0
179 25 12140 1 0 0 0 1 1 1 1 0 0 0 1 0 0 0 1 1 0 1 1 1 0 0 1 0 0.0
180 25 12129 0 0 1 0 0 1 1 0 0 1 0 1 1 1 0 0 0 0 1 1 1 0 1 0 0 0.0
181 25 12435 1 0 0 0 0 1 1 1 0 0 1 0 1 1 0 1 0 0 0 0 1 1 1 0 0 0.0
182 25 10785 1 0 0 1 1 1 1 0 0 0 0 1 0 1 0 0 1 0 0 0 1 0 0 1 0 0.0
183 25 10620 0 1 0 0 1 0 0 1 0 0 1 0 1 1 0 0 0 0 1 1 1 1 1 1 0 0.0
184 25 11252 1 1 0 1 1 1 1 1 1 0 0 1 0 1 0 0 0 0 0 0 0 1 0 1 1 0.0
185 25 13670 0 1 0 1 1 0 0 0 0 1 1 0 0 0 1 1 1 1 1 0 0 1 1 0 0 0.0
186 25 10610 1 0 1 0 0 0 0 1 1 0 0 1 0 1 1 1 0 1 0 0 1 1 0 1 0 0.0
187 25 11466 0 1 0 0 0 1 0 1 1 1 1 0 1 1 0 0 0 0 1 0 1 0 1 0 1 0.0
188 25 10478 0 1 0 1 1 1 0 0 0 1 1 1 0 1 1 1 0 0 0 1 0 1 0 0 0 0.0
189 25 10414 1 1 0 0 0 1 1 0 1 0 0 0 1 0 0 1 1 1 0 0 0 0 0 1 0 0.0
190 25 11798 1 1 1 0 1 0 0 1 1 0 0 0 0 0 0 0 1 1 1 1 1 1 0 1 0 0.0
191 25 13300 0 0 1 1 1 0 1 0 0 1 1 1 1 1 1 1 0 0 0 0 1 1 0 0 0 0.0
192 25 9497 1 0 0 0 0 0 1 0 0 1 1 1 0 0 1 0 1 0 1 0 0 0 0 0 1 0.0
193 25 10782 0 1 1 1 1 0 0 0 0 0 0 1 0 0 1 1 0 1 1 0 1 1 0 0 0 0.0
194 25 13642 0 1 1 1 0 0 1 1 0 1 1 1 0 1 0 0 1 0 0 1 0 1 1 0 1 0.0
195 25 11876 0 1 1 0 1 1 0 1 0 1 0 0 1 1 1 1 0 1 0 0 0 0 0 1 0 0.0
196 25 12471 0 1 1 0 1 1 1 0 0 0 0 1 1 0 0 1 0 0 1 1 0 1 0 1 0 0.0
197 25 10500 1 1 0 0 0 0 0 0 1 1 0 1 0 1 1 1 1 1 0 0 0 0 0 0 1 0.0
198 25 9392 0 0 1 1 0 0 0 1 1 0 1 0 1 0 0 1 1 1 0 0 0 0 0 1 1 0.0
199 25 10054 0 0 1 0 0 1 0 0 1 1 0 0 0 0 0 0 0 1 1 1 1 0 1 1 0 0.0
200 25 9183 1 0 1 1 0 0 0 0 0 0 1 0 1 0 1 1 1 0 0 1 0 0 0 1 0 0.0
201 25 8307 0 0 1 0 0 0 1 0 0 1 0 1 1 0 0 0 0 0 0 1 1 0 1 1 1 0.0
202 25 9031 1 1 1 0 1 1 0 0 1 0 0 0 0 0 1 0 0 1 0 1 0 0 0 0 0 0.0
203 25 13247 1 1 1 1 0 0 0 0 1 0 1 1 0 0 0 0 0 1 0 0 1 1 0 1 0 0.0
204 25 10078 1 0 1 1 1 1 0 0 1 0 0 1 0 1 0 1 0 1 1 0 1 0 0 0 0 0.0
205 25 13543 1 0 1 1 0 1 0 0 1 0 0 1 0 1 0 1 1 1 0 1 1 1 1 1 0 0.0
206 25 10663 0 1 0 0 0 0 1 0 0 0 1 1 1 1 1 1 0 0 1 0 1 0 0 0 1 0.0
207 25 9316 0 0 1 0 1 1 0 0 0 0 1 0 1 0 0 1 1 0 0 1 0 0 0 1 1 0.0
208 25 11713 1 0 1 1 1 0 0 1 1 0 1 1 0 0 0 1 1 1 1 0 1 1 1 0 0 0.0
209 25 10926 0 1 0 0 1 0 0 0 1 1 1 0 0 1 1 0 0 1 0 1 0 0 1 0 0 0.0
210 25 10782 0 0 1 0 1 0 1 0 1 0 0 1 0 0 1 0 1 1 1 0 0 1 1 0 0 0.0
211 25 10673 1 1 0 0 1 0 1 1 0 1 1 0 0 0 1 0 1 0 0 1 0 0 1 0 0 0.0
212 25 7583 0 1 0 0 0 1 0 0 1 0 0 1 0 1 0 1 0 0 1 0 0 1 0 0 1 0.0
213 25 10569 0 1 1 0 0 1 1 1 0 1 0 1 0 0 0 0 1 1 0 1 0 0 1 1 1 0.0
214 25 9981 1 0 1 1 0 0 1 0 0 1 1 0 1 1 1 1 0 0 0 0 0 0 0 1 0 0.0
215 25 9757 0 1 0 0 0 0 1 0 0 0 0 1 0 0 1 1 0 1 1 1 1 0 1 0 1 0.0
216 25 12012 1 0 1 1 0 0 0 1 0 1 1 1 1 0 0 0 1 0 0 0 0 1 0 1 1 0.0
217 25 10020 0 1 1 1 0 1 1 0 0 1 0 1 1 1 0 0 0 0 0 1 0 1 0 0 1 0.0
218 25 10263 1 0 1 1 1 0 1 1 1 0 0 0 0 0 0 0 0 0 1 0 1 1 1 1 0 0.0
219 25 13079 1 1 1 0 1 1 0 1 0 1 1 0 1 1 1 1 0 1 0 0 0 1 0 0 0 0.0
220 25 12603 1 0 0 1 0 0 1 1 0 1 1 0 0 1 1 1 0 1 0 0 1 0 0 1 1 0.0
221 25 10634 1 0 1 0 0 0 0 0 0 1 1 1 0 1 0 1 1 0 0 0 1 1 0 1 0 0.0
222 25 10333 0 0 1 0 0 1 0 0 1 1 1 0 0 1 1 1 0 1 0 1 0 0 1 1 0 0.0
223 25 11158 1 1 1 0 1 1 1 1 0 1 0 0 0 1 1 0 0 0 1 0 0 1 0 0 0 0.0
224 25 8669 1 1 1 1 1 0 0 1 0 0 0 0 0 0 1 0 1 0 1 0 1 0 0 0 1 0.0
225 25 12197 1 0 1 0 1 1 0 1 1 0 0 1 0 1 0 1 1 1 0 1 0 0 1 1 0 0.0
226 25 15054 1 1 0 1 1 1 1 0 0 1 0 1 0 0 0 1 1 0 1 1 0 0 1 1 0 0.0
227 25 11756 0 0 0 1 0 1 1 0 1 0 1 1 1 1 0 0 1 1 0 0 1 0 0 1 0 0.0
228 25 7914 1 0 1 0 1 1 1 0 1 0 0 0 0 0 1 0 0 0 0 0 0 0 0 0 1 0.0
229 25 9968 0 1 1 1 0 1 0 1 0 0 0 0 0 1 0 1 0 0 1 0 1 0 0 1 1 0.0
230 25 10215 1 0 0 1 1 0 1 1 1 1 1 1 0 1 0 0 0 0 1 0 0 1 0 0 1 0.0
231 25 15571 0 1 1 0 0 1 1 1 0 0 0 0 0 1 1 1 0 1 1 0 0 1 1 0 1 0.0
232 25 10415 0 1 1 0 0 1 1 0 1 1 1 1 0 0 1 1 0 0 0 0 0 0 0 1 0 0.0
233 25 9630 0 1 0 0 1 1 0 1 1 0 1 0 0 0 0 0 1 0 0 1 0 0 1 0 0 0.0
234 25 12739 0 1 0 1 1 1 0 0 0 1 0 0 1 1 1 0 0 0 1 1 1 1 0 0 0 0.0
235 25 9826 1 0 1 1 0 0 1 0 0 0 0 1 0 1 0 1 0 1 0 1 1 1 0 1 0 0.0
236 25 11978 1 0 1 0 1 1 0 1 0 0 0 1 0 1 1 0 0 1 1 1 0 0 1 0 1 0.0
237 25 8861 1 0 0 1 1 0 1 0 1 0 0 1 0 0 0 1 1 1 0 1 0 0 1 1 1 0.0
238 25 10739 1 0 0 1 1 1 1 0 1 0 0 0 0 0 1 1 0 1 0 0 1 0 0 0 0 0.0
239 25 9786 0 1 1 0 0 0 0 1 1 1 1 0 0 1 0 0 1 0 0 0 0 0 1 1 1 0.0
240 25 10426 0 1 1 0 1 1 1 0 0 0 0 0 0 1 0 1 0 0 0 0 1 0 1 0 1 0.0
241 25 12007 0 1 0 1 0 0 1 1 1 0 1 1 0 0 0 0 1 1 0 0 1 0 1 1 0 0.0
242 25 9880 1 1 0 1 1 1 0 0 0 0 0 1 0 1 0 0 0 0 1 1 1 1 0 0 0 0.0
243 25 13176 1 1 0 1 1 0 0 1 0 0 1 1 1 1 0 1 0 1 0 0 0 1 0 0 1 0.0
244 25 8445 1 0 0 1 0 1 0 1 0 0 0 1 0 1 0 0 1 0 0 1 0 1 0 0 0 0.0
245 25 12675 0 1 1 0 0 1 0 0 0 1 1 1 0 1 0 0 1 0 1 1 1 1 0 0 0 0.0
246 25 9673 1 1 0 0 0 0 1 0 1 1 0 0 1 0 1 0 1 1 1 0 1 0 0 1 0 0.0
247 25 9584 0 0 0 1 1 0 0 1 0 0 1 1 0 0 0 0 1 1 0 0 0 1 1 1 1 0.0
248 25 9785 1 1 0 1 0 1 1 1 0 0 0 1 0 0 0 0 0 0 1 1 0 0 1 1 1 0.0
249 25 10830 0 0 0 1 1 1 0 1 0 0 1 0 0 0 1 0 1 0 1 1 0 1 1 0 0 0.0
250 25 11199 0 1 1 1 1 1 1 1 1 0 0 1 0 0 0 0 1 0 0 0 0 0 1 0 1 0.0
251 25 10182 1 1 1 0 1 0 1 0 0 0 0 1 0 0 0 0 1 0 1 1 1 1 0 0 1 0.0
252 25 9933 1 0 0 1 0 1 0 1 1 1 0 0 0 1 0 1 0 0 1 1 0 1 0 0 0 0.0
253 25 11820 0 0 1 1 0 0 1 1 1 0 1 1 1 0 1 0 0 0 0 1 1 0 1 0 0 0.0
254 25 11101 1 1 0 0 1 1 1 1 1 0 0 1 0 0 0 1 0 0 0 0 0 0 1 0 1 0.0
255 25 13165 0 0 0 0 1 1 0 0 1 1 0 1 0 1 0 0 1 1 1 0 1 0 1 1 1 0.0
256 25 9932 0 1 1 1 1 0 0 0 1 0 0 1 0 1 1 0 0 0 1 0 0 0 1 1 0 0.0
257 25 9851 1 0 0 0 1 0 1 0 0 1 0 1 1 1 1 0 1 0 1 0 0 0 0 0 1 0.0
258 25 12001 0 0 1 0 1 1 0 1 1 0 0 1 0 1 1 1 0 1 0 0 0 1 1 0 0 0.0
259 25 11095 1 1 1 1 0 0 0 0 0 0 0 1 1 1 0 0 0 1 0 1 0 0 1 1 1 0.0
260 25 12430 0 1 1 0 0 1 0 0 1 0 0 0 1 0 0 0 1 1 0 1 0 1 1 0 0 0.0
261 25 10065 1 0 0 1 0 0 1 1 0 1 0 1 0 0 0 1 0 0 0 1 0 0 0 1 1 0.0
262 25 13214 1 1 1 1 1 0 1 0 0 1 0 0 1 0 1 1 0 1 0 0 1 0 0 1 1 0.0
263 25 10375 1 0 1 0 1 1 0 0 0 1 1 1 0 1 1 1 0 0 0 1 0 0 1 0 0 0.0
264 25 9222 0 0 1 0 0 0 1 0 1 0 0 1 1 0 1 0 0 0 1 1 1 0 0 0 1 0.0
265 25 11337 0 1 0 1 0 0 0 1 0 1 0 0 0 1 1 1 1 1 0 1 0 0 1 1 0 0.0
266 25 10503 1 0 1 0 0 0 0 0 1 1 0 0 1 0 1 1 0 0 0 1 0 1 0 1 1 0.0
267 25 14613 0 1 0 1 1 0 1 1 0 0 0 0 0 1 1 1 1 0 0 0 1 0 1 0 1 0.0
268 25 7851 1 1 1 0 1 0 0 0 0 0 0 0 0 0 0 0 0 1 1 0 0 1 1 0 0 0.0
269 25 10561 0 0 1 1 0 1 0 1 0 0 0 1 1 0 1 1 0 1 0 1 0 1 0 0 1 0.0
270 25 10544 0 1 1 0 1 1 1 0 0 0 1 0 1 0 1 0 0 0 1 1 0 1 1 0 0 0.0
271 25 9021 0 0 0 1 1 0 1 0 1 1 0 0 0 0 0 0 0 1 0 1 1 1 1 0 1 0.0
272 25 11768 0 1 0 0 1 0 1 0 0 1 0 0 1 0 1 0 1 1 0 0 1 0 1 1 0 0.0
273 25 10878 1 0 1 1 0 0 1 1 1 1 1 0 1 0 1 1 1 0 1 0 0 0 0 0 0 0.0
274 25 9905 0 1 0 1 0 1 1 1 1 1 0 0 0 1 0 1 1 0 0 1 0 0 0 1 0 0.0
275 25 8177 1 0 0 1 1 1 0 0 0 1 0 1 1 0 0 1 0 0 0 0 0 1 1 0 0 0.0
276 25 10918 0 0 0 0 1 0 0 0 1 0 0 1 1 0 1 0 0 1 1 1 0 0 1 1 1 0.0
277 25 10062 0 0 0 1 1 0 1 0 0 0 1 1 0 1 0 1 0 0 1 0 1 0 1 1 0 0.0
278 25 13285 0 0 1 1 0 1 0 1 0 0 0 0 1 1 1 0 1 0 1 1 1 0 1 0 0 0.0
279 25 9894 0 0 0 0 1 1 0 1 1 0 1 1 0 0 1 0 1 1 0 0 1 0 1 0 1 0.0
280 25 12392 0 1 1 1 1 1 0 1 0 1 0 1 0 0 0 1 1 1 1 0 1 0 0 1 0 0.0
281 25 11891 1 1 1 1 1 0 1 1 0 0 0 0 1 0 0 0 1 0 1 1 1 1 0 0 0 0.0
282 25 12300 0 0 0 0 1 0 0 0 1 0 1 0 1 1 0 0 0 0 1 0 1 1 1 1 1 0.0
283 25 9569 0 1 0 0 0 0 1 0 1 0 1 0 1 1 0 0 1 1 1 0 1 0 1 0 0 0.0
284 25 11364 0 1 0 1 0 1 0 1 0 0 1 1 0 0 1 1 1 1 1 0 0 0 1 0 0 0.0
285 25 11157 0 1 1 1 0 0 1 1 0 0 1 0 1 0 0 0 1 1 0 1 0 0 1 0 0 0.0
286 25 10395 1 0 0 1 1 1 1 0 0 0 0 1 0 1 0 0 1 1 0 0 1 0 1 0 1 0.0
287 25 11814 0 1 1 1 1 1 0 0 1 0 1 0 0 0 0 1 0 1 0 0 0 1 1 0 1 0.0
288 25 11688 1 0 1 1 1 0 0 0 0 1 0 0 0 1 1 1 1 0 1 0 1 0 1 0 0 0.0
289 25 12663 1 1 1 0 0 1 1 0 0 0 1 1 0 1 1 1 0 1 1 0 0 0 1 0 1 0.0
290 25 9682 1 1 1 0 0 0 1 0 0 0 0 0 0 1 0 0 1 1 1 1 1 0 0 1 0 0.0
291 25 13132 1 0 0 1 0 0 0 0 1 1 1 1 1 0 0 1 1 0 0 1 1 1 1 1 0 0.0
292 25 9587 1 1 0 0 0 1 1 1 1 1 0 0 1 0 0 0 1 0 1 0 0 0 1 1 0 0.0
293 25 9738 1 0 1 1 1 1 0 0 0 0 0 0 1 1 1 0 0 1 1 0 1 0 0 0 0 0.0
294 25 12656 1 0 1 0 1 1 1 0 0 1 1 0 1 0 1 0 0 1 1 1 0 1 0 0 1 0.0
295 25 11888 1 1 1 0 1 0 0 0 0 0 1 1 0 1 1 1 1 0 1 0 1 1 0 0 0 0.0
296 25 12872 1 1 0 0 0 0 0 0 0 1 0 0 1 1 1 0 0 0 1 1 1 0 0 0 1 0.0
297 25 11573 0 0 1 0 1 1 1 0 1 0 0 0 0 1 1 1 0 0 0 0 1 1 1 0 1 0.0
298 25 11585 0 0 0 0 1 1 1 1 0 0 0 1 0 0 0 1 0 1 1 1 0 0 1 0 1 0.0
299 25 12073 0 1 0 0 0 0 1 0 1 1 1 0 1 1 1 0 0 0 1 0 0 1 0 1 0 0.0
300 25 12633 1 1 1 0 0 1 1 1 0 0 1 1 0 0 0 0 1 0 0 1 1 1 1 0 0 0.0
301 25 10025 1 0 0 0 0 0 1 0 1 1 0 0 1 1 1 0 0 0 1 0 0 1 0 0 1 0.0
302 25 14050 1 0 0 0 0 0 0 1 1 1 1 1 0 1 1 0 1 0 0 1 1 0 0 1 0 0.0
303 25 10474 1 1 0 0 0 1 0 0 0 0 0 1 0 1 1 1 1 0 1 0 1 1 0 1 0 0.0
304 25 10281 1 0 0 1 0 0 0 0 0 0 0 0 1 1 0 1 1 1 1 0 1 1 0 0 0 0.0
305 25 11024 0 1 1 0 1 1 0 1 1 0 0 0 1 1 1 1 1 0 0 1 0 0 1 1 0 0.0
306 25 11985 0 1 0 1 1 0 0 1 0 0 0 0 1 1 1 0 0 1 1 1 0 1 0 1 0 0.0
307 25 13486 1 0 1 1 0 0 0 1 1 1 1 0 1 1 0 0 1 1 1 0 0 1 1 0 0 0.0
308 25 11111 0 1 0 1 1 1 1 0 1 0 1 0 1 1 0 0 1 1 1 0 0 1 1 0 1 0.0
309 25 10535 0 1 1 1 0 1 0 1 1 1 0 0 1 0 0 0 1 0 1 0 1 1 0 0 0 0.0
310 25 10529 0 0 1 1 0 0 0 0 1 0 0 1 1 1 0 1 1 0 1 1 0 0 0 1 0 0.0
311 25 11949 0 1 1 0 1 1 0 1 1 0 1 0 0 0 1 0 0 1 0 1 1 0 1 0 1 0.0
312 25 11037 0 0 0 1 1 0 1 0 1 0 0 0 1 0 1 1 1 1 1 1 0 0 1 1 0 0.0
313 25 9739 0 0 0 0 1 0 0 1 1 0 1 1 0 1 0 0 1 1 1 0 0 1 0 1 0 0.0
314 25 11479 1 1 0 0 1 1 0 1 0 0 0 0 0 0 1 1 1 1 0 1 0 0 1 1 0 0.0
315 25 7950 0 0 1 1 0 0 0 0 0 1 1 1 1 1 0 0 0 0 0 1 0 0 0 1 0 0.0
316 25 8614 0 0 0 1 1 0 1 0 0 1 1 1 1 0 1 0 0 0 0 0 0 0 1 1 0 0.0
317 25 9171 0 0 0 1 1 0 0 1 1 0 0 0 1 1 1 1 0 1 0 0 0 0 1 1 0 0.0
318 25 9846 1 0 1 1 0 0 0 1 0 1 1 1 0 1 1 1 0 1 0 1 0 1 0 1 0 0.0
319 25 10371 0 0 0 0 1 0 1 1 0 0 0 1 0 0 0 1 0 0 1 0 1 1 0 1 1 0.0
320 25 12635 0 1 0 1 0 1 1 0 0 0 1 0 1 1 0 1 0 0 1 0 0 0 1 1 1 0.0
321 25 8773 1 1 0 0 0 0 0 0 1 0 1 1 0 1 0 0 0 1 0 1 1 1 0 1 0 0.0
322 25 9975 1 0 1 0 1 0 0 1 0 1 0 1 1 1 0 1 1 0 0 0 0 0 0 0 1 0.0
323 25 11501 1 1 0 0 1 0 1 1 1 0 0 1 0 1 0 0 1 1 0 0 0 0 0 1 1 0.0
324 25 10920 1 1 0 1 1 0 0 0 1 1 1 0 0 0 0 0 0 1 0 0 0 1 1 1 1 0.0
325 25 8284 0 0 0 1 0 0 0 1 0 1 0 0 1 1 1 0 1 1 0 1 1 1 0 1 0 0.0
326 25 11508 0 1 1 0 1 0 1 0 0 1 0 1 1 0 0 1 1 0 0 0 1 0 1 1 1 0.0
327 25 9485 0 0 0 0 0 0 0 0 0 1 0 0 1 1 0 1 1 0 0 0 1 1 1 1 0 0.0
328 25 10281 1 0 0 0 0 0 1 1 1 0 0 0 1 1 0 1 0 1 0 1 1 1 1 0 0 0.0
329 25 10212 1 0 0 0 1 0 1 0 0 0 1 1 0 1 1 0 1 0 0 1 1 0 0 0 0 0.0
330 25 12126 0 1 1 0 1 1 0 0 0 1 1 0 0 1 1 0 1 1 1 0 0 1 0 1 0 0.0
331 25 9992 0 1 1 0 1 0 0 1 0 0 1 1 0 1 0 1 1 0 0 0 1 0 1 1 0 0.0
332 25 11307 0 0 0 1 0 1 0 0 1 0 1 0 0 1 0 0 0 0 1 1 1 0 0 1 1 0.0
333 25 9286 0 1 0 1 0 1 1 1 1 1 0 1 1 0 0 0 1 0 1 0 1 0 1 0 0 0.0
334 25 13082 0 0 0 0 1 1 1 1 1 1 0 0 0 1 1 0 0 1 0 1 1 1 0 0 1 0.0
335 25 13736 0 0 0 0 1 0 1 1 0 1 0 1 1 1 0 1 1 0 0 1 1 1 0 1 0 0.0
336 25 11696 1 1 1 1 1 1 1 0 1 0 1 0 1 0 0 0 0 1 0 0 0 1 0 1 0 0.0
337 25 11377 1 0 1 1 1 1 0 0 1 0 1 0 0 1 1 0 0 1 1 1 0 0 0 0 1 0.0
338 25 8013 0 0 0 0 0 0 0 0 1 0 0 1 1 0 0 0 1 1 1 0 1 0 0 0 1 0.0
339 25 10816 1 1 1 0 0 1 1 0 1 1 0 0 0 1 0 1 0 0 0 1 1 0 0 0 1 0.0
340 25 10714 1 0 1 0 1 1 1 0 0 0 1 0 0 0 1 1 1 0 1 0 1 0 1 0 1 0.0
341 25 9909 0 0 0 0 1 0 0 1 0 1 0 0 0 1 1 1 0 0 0 1 0 0 1 1 0 0.0
342 25 11660 1 0 0 1 1 0 0 0 1 0 1 0 0 0 0 0 1 0 1 0 0 1 1 0 1 0.0
343 25 8991 0 0 0 0 0 0 1 1 0 0 1 1 1 0 0 1 0 1 1 1 0 0 1 0 1 0.0
344 25 9461 0 0 0 1 0 0 0 1 0 1 0 1 0 1 0 1 1 1 0 0 1 0 0 1 0 0.0
345 25 11636 0 0 0 1 1 1 0 0 0 1 1 0 0 0 1 0 1 0 1 0 1 0 1 0 1 0.0
346 25 12183 1 0 1 0 1 1 0 1 0 1 0 1 0 0 1 1 0 1 0 0 0 1 1 0 1 0.0
347 25 9627 0 1 0 1 1 1 0 0 0 0 1 1 1 0 0 1 0 1 1 0 1 0 0 0 0 0.0
348 25 9906 0 0 0 0 1 1 1 0 0 1 1 0 1 0 0 0 1 0 0 0 1 1 0 1 0 0.0
349 25 10791 0 0 1 1 1 0 0 0 1 0 1 1 0 0 0 0 1 1 1 0 1 0 1 1 0 0.0
350 25 11203 1 1 0 1 0 0 0 1 1 0 1 0 0 0 1 1 1 1 0 1 0 0 0 1 0 0.0
351 25 12674 1 0 1 1 1 0 0 1 0 0 1 1 1 0 1 0 0 1 1 1 1 1 0 0 1 0.0
352 25 10767 1 1 0 0 0 0 0 1 0 1 1 1 0 0 1 1 0 1 1 0 0 0 1 1 1 0.0
353 25 8411 0 1 0 1 1 0 1 0 0 0 0 1 0 0 0 1 0 0 0 0 1 1 1 0 0 0.0
354 25 10222 0 1 1 0 0 1 1 1 0 0 0 1 1 0 0 0 1 0 1 0 0 0 1 0 0 0.0
355 25 10450 0 0 0 0 1 1 0 1 0 1 1 1 0 1 0 0 1 0 1 0 0 0 1 0 1 0.0
356 25 10990 0 0 1 0 1 1 0 1 1 0 1 1 1 0 1 0 0 0 1 0 0 0 1 0 0 0.0
357 25 8761 0 1 1 1 1 0 0 0 1 0 1 1 1 0 1 0 1 0 0 1 0 0 0 0 0 0.0
358 25 12080 0 1 1 0 1 0 1 1 0 0 1 0 1 1 0 0 1 0 1 0 1 0 0 0 1 0.0
359 25 11194 1 1 0 1 0 0 0 0 0 1 1 1 1 0 0 0 0 0 1 1 0 1 0 0 0 0.0
360 25 8513 0 1 1 0 1 0 0 0 0 0 1 0 1 1 1 1 0 1 0 1 0 0 1 1 1 0.0
361 25 11962 0 0 1 1 0 0 0 1 1 1 0 1 1 1 0 0 1 0 0 0 0 0 1 1 1 0.0
362 25 9978 0 0 0 0 1 1 0 0 1 0 0 1 1 1 1 0 1 0 1 0 1 0 1 1 1 0.0
363 25 10613 0 0 1 1 0 0 0 0 1 1 1 1 1 0 1 0 0 0 1 0 0 0 0 1 0 0.0
364 25 11397 0 1 1 0 0 0 0 1 0 1 0 0 0 1 1 0 0 0 1 1 0 1 1 0 1 0.0
365 25 12164 0 0 1 0 0 0 0 1 1 1 1 0 0 0 0 1 1 0 1 1 0 1 1 0 0 0.0
366 25 12872 1 1 0 0 0 1 0 0 1 0 0 1 1 0 0 1 0 1 1 1 1 1 0 1 0 0.0
367 25 13189 0 1 0 0 1 0 1 0 0 1 0 1 1 0 0 1 1 1 1 0 1 0 0 0 1 0.0
368 25 10853 0 1 0 1 1 0 1 1 0 0 1 0 0 1 1 1 0 0 1 0 0 0 1 0 0 0.0
369 25 11086 1 0 0 1 1 1 0 0 0 0 0 1 1 1 1 1 0 1 0 0 0 0 1 1 0 0.0
370 25 8727 1 1 1 0 1 0 0 0 0 0 0 0 1 1 0 1 1 1 0 0 0 1 0 1 1 0.0
371 25 9689 1 1 0 1 0 0 0 1 0 1 0 0 1 0 0 0 1 1 1 0 0 1 1 0 1 0.0
372 25 10950 0 1 0 0 0 0 0 0 1 0 1 1 0 0 1 1 0 1 1 1 0 1 1 0 0 0.0
373 25 11897 0 0 1 1 0 1 0 0 0 0 0 0 0 1 1 0 1 1 1 1 1 0 0 0 0 0.0
374 25 7688 1 1 0 1 1 1 0 0 0 0 0 0 1 0 0 0 0 0 0 1 0 0 0 1 1 0.0
375 25 10388 1 1 1 0 1 1 1 0 1 1 1 0 0 0 0 0 1 0 0 0 0 1 1 1 0 0.0
376 25 11204 1 1 1 1 1 1 0 0 1 0 0 0 0 1 1 0 1 1 0 0 0 1 0 1 0 0.0
377 25 8341 0 0 1 1 1 0 0 0 1 1 0 0 0 0 0 1 0 0 0 0 1 0 1 1 1 0.0
378 25 11005 1 0 0 1 0 1 1 1 0 1 0 1 1 1 0 0 0 1 0 0 0 1 1 1 1 0.0
379 25 12642 0 1 0 1 0 0 1 0 1 1 0 1 0 1 0 0 0 1 0 1 1 1 1 0 1 0.0
380 25 7869 1 1 0 0 0 1 0 0 0 0 1 1 0 0 0 0 0 1 0 1 1 0 0 0 1 0.0
381 25 8282 0 0 0 0 0 1 1 0 0 1 0 1 0 0 0 1 0 1 0 1 0 1 0 1 1 0.0
382 25 9904 1 1 0 1 0 1 0 0 1 0 0 1 0 0 1 0 1 0 0 1 1 0 0 1 1 0.0
383 25 10090 1 0 0 1 1 0 1 0 1 1 0 1 1 0 0 1 1 0 0 1 0 0 0 0 1 0.0
384 25 11682 0 0 1 0 1 1 1 1 0 0 0 0 1 1 0 1 0 1 0 1 1 0 1 0 0 0.0
385 25 8985 0 1 1 1 1 1 0 1 1 0 1 0 0 0 0 1 1 0 0 0 1 0 0 0 0 0.0
386 25 11998 0 1 0 1 1 0 1 1 1 0 0 1 0 1 0 0 1 0 0 1 1 1 1 1 0 0.0
387 25 10620 1 1 0 1 0 0 1 1 1 0 0 0 0 1 1 0 0 0 1 0 0 1 1 0 0 0.0
388 25 10867 1 0 0 1 1 1 0 0 0 0 0 1 1 1 0 0 1 1 0 1 0 1 1 1 1 0.0
389 25 12050 0 1 0 0 0 0 0 0 1 1 1 0 0 0 1 1 1 0 0 1 1 1 0 1 1 0.0
390 25 9297 0 1 0 0 0 1 1 1 0 1 1 0 0 0 1 0 1 0 1 1 0 1 0 0 1 0.0
391 25 10593 1 1 1 0 0 0 1 0 0 0 1 0 1 1 0 0 1 1 1 0 1 1 0 0 0 0.0
392 25 12024 0 0 0 1 0 1 1 1 1 0 0 0 0 0 0 1 1 1 0 1 1 0 1 0 1 0.0
393 25 10363 0 1 1 1 1 1 0 0 0 0 1 0 1 1 0 0 0 1 0 1 1 0 1 0 0 0.0
394 25 10893 1 0 0 0 1 0 0 0 0 0 1 1 0 1 0 1 1 0 1 0 0 1 1 0 0 0.0
395 25 11010 0 0 1 0 1 0 1 0 1 0 1 1 0 0 1 1 0 1 0 1 0 1 0 0 0 0.0
396 25 10117 0 1 0 0 1 0 0 1 0 0 0 0 0 0 0 0 1 1 1 0 1 0 1 1 1 0.0
397 25 10716 0 0 0 0 1 0 0 0 1 1 1 1 1 0 0 1 1 0 0 0 0 1 1 1 1 0.0
398 25 10320 1 0 0 0 1 0 1 0 1 1 0 0 1 1 1 0 1 0 0 1 0 0 1 0 1 0.0
399 25 12142 1 1 0 0 1 1 0 1 1 1 1 0 0 0 0 0 0 0 1 1 0 0 0 1 1 0.0
400 25 8455 0 0 0 0 1 1 1 0 1 1 0 1 0 0 1 1 0 1 0 0 0 0 0 1 1 0.0
401 25 9924 1 1 0 0 0 0 0 1 0 0 0 1 0 0 1 0 0 1 0 0 1 1 1 1 1 0.0
402 25 12171 1 0 1 0 1 1 0 0 0 0 1 1 0 1 1 1 1 0 0 1 0 1 1 0 0 0.0
403 25 9306 1 0 0 1 1 0 1 0 1 1 0 0 0 1 0 0 0 0 1 0 1 0 0 1 1 0.0
404 25 12778 0 0 0 1 1 0 0 0 1 0 1 0 1 0 1 1 1 1 0 0 1 1 0 0 1 0.0
405 25 13092 0 0 1 1 0 0 0 1 1 1 0 0 1 0 1 1 0 1 1 1 0 0 0 0 1 0.0
406 25 10258 1 1 0 1 1 0 0 0 1 0 1 1 0 0 1 0 0 1 0 0 0 1 1 1 1 0.0
407 25 9952 0 0 0 1 1 0 1 1 0 1 0 0 1 1 0 0 1 0 0 1 1 0 0 0 1 0.0
408 25 11241 0 0 0 0 0 1 1 0 1 0 0 0 1 0 0 1 1 1 0 1 1 0 1 0 1 0.0
409 25 10387 1 0 0 1 0 1 1 1 1 1 0 0 0 0 0 1 1 0 0 0 0 0 1 1 1 0.0
410 25 12229 0 1 1 0 0 0 0 1 0 0 0 0 0 0 0 1 0 1 1 1 1 0 1 1 0 0.0
411 25 11147 1 0 0 0 1 1 0 0 1 0 0 0 1 1 1 1 0 1 1 0 1 1 0 0 1 0.0
412 25 10611 1 0 1 1 0 0 1 0 0 1 0 0 0 0 1 1 0 0 1 0 0 0 0 1 0 0.0
413 25 10871 0 1 0 1 0 1 0 1 1 0 1 1 0 0 1 1 1 0 0 0 1 1 1 0 0 0.0
414 25 11633 0 0 1 0 1 0 1 0 0 1 0 0 1 0 1 1 0 0 1 0 0 1 0 1 1 0.0
415 25 10012 0 0 0 0 1 1 1 1 0 1 0 1 0 1 1 0 0 0 0 0 0 1 1 0 1 0.0
416 25 7480 1 0 0 1 1 0 0 0 0 1 0 1 0 0 1 0 0 0 0 1 0 0 0 1 0 0.0
417 25 10768 1 0 1 1 1 0 0 1 1 0 1 1 0 1 0 0 0 0 0 1 0 0 1 1 0 0.0
418 25 11398 0 1 1 1 0 0 1 1 0 1 0 1 0 1 1 1 0 1 0 0 0 1 1 0 1 0.0
419 25 8923 0 0 0 1 0 0 0 0 1 0 0 0 1 0 0 0 1 1 0 1 1 1 0 0 1 0.0
420 25 11333 0 1 1 0 0 0 1 0 1 1 0 1 1 1 0 0 1 0 1 0 1 0 1 1 0 0.0
421 25 8918 1 1 1 0 1 0 1 0 0 0 1 1 1 0 1 0 0 0 1 0 1 0 1 0 0 0.0
422 25 12806 0 0 0 1 1 1 0 1 0 0 0 0 1 0 1 0 1 1 0 1 1 1 0 0 1 0.0
423 25 8799 0 1 0 0 1 0 0 0 1 0 1 1 1 0 0 0 0 1 1 1 1 0 0 0 1 0.0
424 25 12702 1 1 1 1 0 1 0 0 1 0 0 0 1 0 1 0 1 0 0 0 1 1 1 0 1 0.0
425 25 13064 1 1 1 1 1 1 1 0 0 1 0 0 0 1 1 0 0 1 0 1 0 1 0 0 1 0.0
426 25 13850 0 0 1 0 1 1 0 0 0 1 1 1 1 1 1 0 0 1 0 1 1 0 0 1 0 0.0
427 25 11488 0 0 0 0 0 0 0 1 1 0 1 0 1 1 0 1 1 1 1 0 0 0 0 0 1 0.0
428 25 10847 1 0 0 0 1 1 0 1 0 1 0 0 0 0 1 1 1 0 1 0 0 1 0 1 1 0.0
429 25 9403 0 1 0 1 0 1 0 1 0 1 0 0 0 0 0 1 0 0 1 1 0 1 1 1 0 0.0
430 25 9924 0 0 1 0 0 1 0 0 0 0 1 0 0 0 1 0 0 1 1 1 0 1 1 1 0 0.0
431 25 13431 1 0 1 1 0 1 0 1 1 0 1 0 0 1 0 0 1 1 1 0 0 1 1 0 1 0.0
432 25 9516 0 0 1 0 1 0 1 0 1 0 1 0 0 1 0 1 0 1 0 0 1 0 0 1 0 0.0
433 25 10426 0 0 1 1 0 0 0 1 0 0 1 0 1 1 0 1 0 0 0 1 1 1 0 1 0 0.0
434 25 10865 1 0 0 0 0 0 1 1 0 0 0 1 1 0 0 1 1 0 0 1 0 1 0 1 0 0.0
435 25 11973 1 0 0 1 0 1 0 0 0 1 1 0 1 1 1 1 1 0 1 0 1 0 1 1 0 0.0
436 25 11665 1 1 0 1 0 1 0 1 1 0 1 0 0 1 0 1 0 0 0 1 0 0 1 1 1 0.0
437 25 12579 1 0 0 0 1 0 0 1 0 0 0 1 0 0 1 1 1 0 1 0 0 1 0 1 1 0.0
438 25 13775 0 1 1 0 0 0 1 0 0 1 0 0 0 1 1 1 1 0 1 1 1 0 0 1 1 0.0
439 25 10042 1 0 0 0 1 0 1 0 1 0 1 0 1 0 0 1 0 0 0 1 1 0 0 0 1 0.0
440 25 11851 1 1 1 0 0 1 1 0 1 1 0 1 1 0 1 0 0 1 0 0 0 0 1 0 0 0.0
441 25 11453 0 1 0 0 1 1 1 0 1 1 0 1 1 0 0 0 1 0 0 1 0 0 1 0 1 0.0
442 25 8992 0 0 0 0 1 0 1 1 1 0 0 1 0 1 0 0 0 1 0 0 0 0 1 1 0 0.0
443 25 12294 1 1 0 1 0 1 0 1 1 0 1 0 0 1 1 0 0 0 1 0 1 0 0 1 0 0.0
444 25 8982 0 0 0 0 0 1 1 0 1 1 1 0 1 1 0 1 0 0 0 1 1 0 1 0 0 0.0
445 25 11179 0 0 1 1 1 1 0 0 1 0 1 1 1 0 1 0 0 1 1 1 0 0 0 0 0 0.0
446 25 11577 0 0 1 1 0 0 0 0 1 0 1 0 0 1 0 1 0 0 1 1 0 1 1 0 1 0.0
447 25 8272 1 1 0 0 0 0 0 0 1 1 0 1 0 1 0 0 0 0 1 1 0 1 0 1 0 0.0
448 25 9559 1 0 1 0 0 0 0 0 1 1 1 1 1 0 0 1 0 1 0 0 0 1 0 0 0 0.0
449 25 10335 0 1 1 0 0 1 0 0 0 1 0 0 0 1 0 1 1 0 1 1 0 1 0 0 1 0.0
450 25 9519 0 0 1 1 1 0 0 0 0 1 1 0 1 0 1 0 1 0 1 0 0 0 0 1 1 0.0
451 25 11015 1 0 1 1 0 0 1 0 1 1 1 1 0 0 0 1 1 1 1 1 0 0 1 1 0 0.0
452 25 15098 0 1 1 1 1 1 1 0 0 0 1 0 0 1 0 0 1 1 0 1 0 1 1 1 1 0.0
453 25 13591 1 1 0 1 0 1 0 0 1 0 0 0 1 1 1 1 0 0 0 0 1 1 0 1 1 0.0
454 25 10146 1 0 0 0 1 0 1 0 0 1 0 0 1 0 0 0 1 1 1 1 1 0 0 0 0 0.0
455 25 10604 1 1 1 1 0 1 1 0 0 1 1 1 0 0 1 0 1 0 0 0 0 1 1 0 0 0.0
456 25 10443 1 1 1 0 0 1 0 1 1 1 1 1 0 0 0 0 0 0 1 1 1 0 0 0 0 0.0
457 25 11058 0 1 0 1 1 0 0 1 1 0 1 0 0 0 1 1 1 0 0 1 0 0 1 0 1 0.0
458 25 13319 0 0 1 1 0 0 1 1 1 1 0 0 1 1 1 1 0 0 0 1 0 0 1 0 1 0.0
459 25 11162 1 1 1 1 0 1 0 1 0 0 1 0 0 0 1 0 0 0 1 0 0 1 1 1 1 0.0
460 25 11435 0 0 1 0 0 0 1 1 0 1 1 0 0 1 0 0 1 0 1 0 1 0 1 1 0 0.0
461 25 10035 0 0 0 0 0 1 1 1 0 0 1 1 0 0 0 1 1 1 0 0 1 1 1 1 0 0.0
462 25 9175 0 1 1 0 1 0 1 1 0 0 0 1 1 1 1 0 1 0 0 0 0 0 0 1 0 0.0
463 25 9351 1 1 0 1 1 1 0 0 0 1 0 0 0 0 0 1 0 1 1 0 0 0 1 0 0 0.0
464 25 10667 1 0 1 0 0 0 0 0 1 1 1 0 0 0 0 0 0 0 1 0 0 1 1 1 1 0.0
465 25 8809 1 1 1 0 0 0 0 0 0 1 0 0 0 1 0 0 0 1 0 0 0 1 0 1 1 0.0
466 25 7339 0 0 1 0 1 0 0 1 1 0 0 0 0 0 0 1 1 0 0 1 0 0 1 1 0 0.0
467 25 9245 1 1 1 0 1 1 1 1 0 0 0 1 1 1 0 0 0 1 1 0 0 0 0 0 0 0.0
468 25 12072 1 1 0 0 1 0 1 0 0 0 1 0 1 0 1 0 0 1 1 0 1 0 0 0 1 0.0
469 25 11284 0 0 0 1 1 0 0 1 1 0 1 0 1 0 0 1 0 1 1 1 0 1 0 0 1 0.0
470 25 9707 0 0 1 0 0 0 0 1 1 1 0 0 1 0 0 0 0 1 1 0 1 1 1 0 0 0.0
471 25 11681 0 1 1 1 0 0 0 1 0 0 0 1 0 1 1 1 0 0 1 1 1 1 0 0 0 0.0
472 25 12715 1 0 0 1 1 1 1 1 0 0 1 0 0 0 1 0 1 0 1 0 0 0 1 0 1 0.0
473 25 12757 0 0 1 1 0 0 0 1 0 1 1 0 0 1 1 0 1 0 0 1 1 1 0 0 0 0.0
474 25 10725 0 0 0 0 1 1 0 1 1 1 1 0 0 1 1 0 1 0 0 1 0 0 0 1 1 0.0
475 25 11600 0 0 0 0 1 0 1 1 1 0 1 0 0 1 1 1 1 0 0 1 0 1 0 0 0 0.0
476 25 11454 1 1 1 0 1 1 1 0 1 1 0 1 1 0 1 1 0 1 1 0 0 0 0 0 1 0.0
477 25 11057 0 1 0 0 0 1 0 1 0 1 0 1 1 0 1 1 0 1 0 0 1 0 0 1 1 0.0
478 25 9613 1 1 1 1 0 0 0 0 0 1 1 0 1 1 1 0 1 0 1 0 0 0 1 0 0 0.0
479 25 8299 1 0 0 0 1 1 0 0 1 1 1 0 1 1 1 0 0 0 0 0 0 0 0 0 0 0.0
480 25 12906 1 1 1 0 1 1 0 0 1 1 0 0 0 0 0 0 1 0 1 0 1 0 1 1 0 0.0
481 25 14435 1 1 0 1 0 1 0 1 0 0 1 0 1 0 0 1 1 1 1 0 1 0 1 1 0 0.0
482 25 10453 1 0 0 1 1 0 1 0 0 1 1 0 0 0 0 1 0 0 1 1 1 0 1 1 1 0.0
483 25 8445 0 0 1 0 0 0 1 1 0 1 1 0 1 0 0 0 0 0 1 0 0 1 0 0 1 0.0
484 25 11700 0 0 0 0 1 1 1 1 0 0 1 0 0 0 1 0 1 1 0 1 0 1 0 0 0 0.0
485 25 10191 1 0 1 0 0 1 0 0 1 0 0 0 1 0 1 0 1 1 0 0 1 0 0 1 1 0.0
486 25 11068 1 0 1 0 0 0 0 1 1 1 1 1 1 0 1 0 1 1 0 0 0 0 1 0 0 0.0
487 25 10337 1 0 0 0 0 1 0 1 1 0 0 0 1 0 1 0 0 1 0 0 0 1 0 1 1 0.0
488 25 9096 0 0 1 1 1 1 0 1 1 0 0 0 0 1 0 0 0 0 1 0 0 0 0 0 1 0.0
489 25 10116 0 0 1 1 0 0 1 0 1 1 0 1 1 0 0 1 1 1 0 1 0 0 1 0 1 0.0
490 25 11146 1 1 0 1 1 1 0 1 1 1 0 0 1 1 0 1 0 0 0 0 1 0 1 0 0 0.0
491 25 8684 1 0 0 1 0 0 0 1 0 0 1 0 1 0 1 0 1 0 0 0 1 1 0 1 1 0.0
492 25 11829 1 1 0 0 1 0 0 0 1 0 0 1 0 1 1 0 0 1 0 1 0 0 1 0 1 0.0
493 25 12006 0 0 0 1 1 1 1 0 1 1 0 0 1 1 0 0 1 1 0 0 0 1 1 1 0 0.0
494 25 8595 0 0 1 0 1 0 1 1 0 1 0 0 1 1 1 0 0 0 1 0 0 1 0 1 0 0.0
495 25 9043 1 1 0 1 0 1 0 0 0 0 0 1 0 1 1 0 1 0 0 0 1 1 0 0 1 0.0
496 25 10603 1 0 0 0 1 1 0 1 1 0 1 1 0 1 0 1 1 0 0 1 1 0 0 0 1 0.0
497 25 10730 1 0 0 0 0 0 1 1 0 1 0 1 0 1 0 1 1 0 0 0 1 0 1 0 1 0.0
498 25 10230 0 1 0 0 0 0 0 0 1 1 0 1 0 1 1 1 0 1 1 0 0 0 0 0 0 0.0
499 25 7747 1 0 0 1 0 0 0 0 0 0 0 1 0 1 0 1 0 1 1 0 0 0 0 1 0 0.0
500 25 9933 1 1 1 0 0 0 0 0 0 0 1 0 1 0 1 0 0 0 0 1 0 0 0 0 1 0.0
