16401.43060684204 0.16233036379422458  1.0  0.5
28988.505840301514 0.12713720861822297  2.0  0.5
47919.9800491333 0.08465718742800103  4.0  0.5
73205.38854598999 0.07439659915499845  1.0  0.9
151900.71392059326 0.05119659811621116  2.0  0.9
285826.4899253845 0.03098986556110746  4.0  0.9
157723.2403755188 0.04498446671599624  1.0  0.95
296512.78162002563 0.028156777506317822  2.0  0.95
606218.6460494995 0.01612530307115605  4.0  0.95
1551450.6211280823 0.006835214647095286  1.0  0.995
3485493.7105178833 0.0037308910062790507  2.0  0.995
6032065.408229828 0.0013890880576668918  4.0  0.995
6114318.671226501 0.0017411736214771067  4.0  0.995
6119153.714179993 0.0017728625229050277  4.0  0.995
6102424.600124359 0.0017633475656380659  4.0  0.995
5948744.497299194 0.001446368943618792  4.0  0.995
