14139.093399047852 0.17913376276746507  1.0  0.5
25890.751361846924 0.125178825018267  2.0  0.5
45815.92035293579 0.08581548694184771  4.0  0.5
76545.43876647949 0.06970033831064348  1.0  0.9
140040.40908813477 0.04999609798946544  2.0  0.9
281337.3336791992 0.027137125113617867  4.0  0.9
147893.4350013733 0.04708836246923304  1.0  0.95
296144.4778442383 0.02865567461469232  2.0  0.95
578796.2999343872 0.017539877565079128  4.0  0.95
1512700.7837295532 0.007656733744507632  1.0  0.995
2927276.433467865 0.004014216990283699  2.0  0.995
8124457.175254822 0.0017590199599474743  4.0  0.995
