11299.0140914917 0.16027760219490428  1.0  0.5
22599.091053009033 0.10826234401873984  2.0  0.5
44839.9338722229 0.08022508913459632  4.0  0.5
71124.12452697754 0.06232877007140979  1.0  0.9
141003.84140014648 0.039306124800351214  2.0  0.9
285892.3034667969 0.02277323339504819  4.0  0.9
146069.4169998169 0.04074920326663143  1.0  0.95
292875.9045600891 0.023584568558857627  2.0  0.95
587018.9981460571 0.013050201548932501  4.0  0.95
1496210.9684944153 0.006197611557567781  1.0  0.995
3536380.7678222656 0.0029636429308548488  2.0  0.995
