0  0.46396346041524705
1  0.4520699076265636
2  0.4403336185753002
3  0.43222320101942713
4  0.4224367793203115
5  0.4163713522210838
6  0.4089063684075621
7  0.4024883387955606
8  0.3954826636581194
9  0.3890380908937013
10  0.38081195904210385
11  0.3738245331646133
12  0.36810449154542585
13  0.36154729096186317
14  0.35715706132613056
15  0.35299048848962095
16  0.3497627553902107
17  0.3455784579043594
18  0.3401113971902169
19  0.33674726211572986
20  0.3323814023120766
21  0.32997592954058
22  0.32707587863694576
23  0.32253890350447684
24  0.32011803358457314
25  0.3178419553730838
26  0.31487673970976104
27  0.31141554100323277
28  0.3085739077044847
29  0.3072217888187202
30  0.3032797671514908
31  0.30146213249760656
32  0.298481922253804
33  0.29564914352579436
34  0.29269501473382753
35  0.29130612121821076
36  0.2884884977359857
37  0.2861969958911971
38  0.2838086184057736
39  0.28214977652556095
40  0.2806433999140317
41  0.2783109905643552
42  0.2754003613942721
43  0.27294186665226433
44  0.2713613428945657
45  0.2698084749182429
46  0.2689689083353414
47  0.26687242240979236
48  0.2661295301418149
49  0.263100861775044
50  0.26078037495062356
51  0.2584768151286467
52  0.2575636239310558
53  0.2563863434184339
54  0.2556416909549343
55  0.25415163886532166
56  0.2534458330287485
57  0.25265665229372714
58  0.2510133283190052
59  0.2511021279051685
60  0.24879284631702073
61  0.24689050469714857
62  0.24509718094227784
63  0.2444769780795433
64  0.24204061068134142
65  0.24012882391154333
66  0.23908816192802965
67  0.2380805362163568
68  0.23747511313944747
69  0.23586730613429077
70  0.23564894495789626
71  0.2345355154360852
72  0.23117012668379638
73  0.2310375538444465
74  0.22938433259923788
75  0.22803922454033937
76  0.2279742841318699
77  0.2272861484339783
78  0.22567741418505416
79  0.22492761277639756
80  0.22403702959717853
81  0.22396063849452738
82  0.22331737071728772
83  0.22048399640922306
84  0.21928932582272742
85  0.21843049816827637
86  0.21801421672212568
87  0.2157776906295218
88  0.21522966847776034
89  0.21398471088685073
90  0.21413210186033452
91  0.21353090960973115
92  0.21292311237649555
93  0.2118501803199431
94  0.21062892366986408
95  0.20916672423072563
96  0.20833228680566623
97  0.20760415898972812
98  0.20706801110944303
99  0.20576213075907024
100  0.2056989782882444
101  0.20570308492755032
102  0.20388827957158068
103  0.20277589986185543
104  0.20181069744488092
105  0.20095404578066495
106  0.20025202629506814
107  0.19963157743993912
108  0.1983584941490465
109  0.19805812793712013
110  0.19786064632944964
111  0.19773854676137675
112  0.19631472056813032
113  0.19678645161156938
114  0.19639096352477106
115  0.19578900734274385
116  0.19529854095599916
117  0.19457302301102505
118  0.19358732982568763
119  0.19232361160235772
120  0.19246101419727504
121  0.1910343302246883
122  0.19086929698580635
123  0.1904258299079548
124  0.1893975072636657
125  0.18835378092469218
126  0.1865180400287906
127  0.18586449096856503
128  0.1834462377862077
129  0.1822173765186327
130  0.1810684465354312
131  0.18037400720165248
132  0.17942542262720768
133  0.17624365886671095
134  0.17545590597757282
135  0.17470932593526498
136  0.17439112505096957
137  0.173497339347255
138  0.17278634410868637
139  0.17181532258360266
140  0.17117037614910394
141  0.1708866007646072
142  0.17049207852511078
143  0.16960495673484338
144  0.16896168662489483
145  0.1686824419865192
146  0.16818760989806014
147  0.16805719539797834
148  0.1679189426258187
149  0.16734752629539942
150  0.16701124287135646
151  0.1669249867986195
152  0.16645271300867673
153  0.16595428540942225
154  0.16526152217646736
155  0.16490579264578856
156  0.1639666023804975
157  0.16369062308261736
158  0.16350019175808356
159  0.1633155207638273
160  0.16263198777362112
161  0.1623481373988611
162  0.1622871195838784
163  0.1622866599564169
164  0.16190379370158398
165  0.1612751656109713
166  0.16128617995942318
167  0.16079902595909212
168  0.1604422612645633
169  0.16018685973616828
170  0.15990386367751472
171  0.159892467680417
172  0.15968315838031036
173  0.15898462477945394
174  0.15884249750073795
175  0.15857279674836652
176  0.15796518755169453
177  0.1574847139906437
178  0.15748563914542799
179  0.15733561787151387
180  0.15727146322344296
181  0.15705085969622848
182  0.15674127353964465
183  0.15628468677045068
184  0.15603052528779027
185  0.15574069051304518
186  0.15545612560079122
187  0.15517820310957892
188  0.15474973454552313
189  0.15450979954227792
190  0.15435005743477354
191  0.154393763885021
192  0.1542332402544623
193  0.15385928006770516
194  0.15379656340055678
195  0.15369120615242401
196  0.1535564746430196
197  0.15325039221682465
198  0.1532063357749619
199  0.15276799793495785
200  0.15289098142296803
201  0.1523090973734473
202  0.1514516939902278
203  0.15143864815211683
204  0.1512084799692199
205  0.1509261750700462
206  0.15038954908777463
207  0.14979130000957236
208  0.14989398853575525
209  0.1499002622316876
210  0.1496747106185536
211  0.14958351742820575
212  0.14925554194005822
213  0.1488621989722894
214  0.14871050180166026
215  0.14886926420155885
216  0.14879656275269088
217  0.1489282617857741
218  0.14883892687740732
219  0.1489076875107598
220  0.14840903513459697
221  0.14841605426248464
222  0.14827454777193716
223  0.14812103778538668
224  0.14755978415884294
225  0.14771786509234985
226  0.14765644518853288
227  0.14737087126614923
228  0.14720189491236987
229  0.14719636320421028
230  0.1470528501231984
231  0.147089644053563
232  0.14709309571575283
233  0.14728923527608676
234  0.14704638434825867
235  0.1471136753044601
236  0.14708932546566647
237  0.14711937623308272
238  0.14672813806613072
239  0.14656794617286895
240  0.1464008955582343
241  0.14651162278883173
242  0.14650240286467334
243  0.1464972681117599
244  0.14625475802457288
245  0.14601933279003146
246  0.14556262679540063
247  0.14552488223707413
248  0.14527351459155638
249  0.14502149213314394
250  0.14466126847325184
251  0.14443241183654884
252  0.14423488367775641
253  0.14400000696866297
254  0.1441407304800188
255  0.14418645288534823
256  0.14391268360756962
257  0.1436052570091613
258  0.14346005450769928
259  0.14321704090776585
260  0.1430663314643708
261  0.14293397982842576
262  0.1427616850887136
263  0.14257146315259447
264  0.14265601436493489
265  0.14237361609724408
266  0.14225118652428104
267  0.14214429602795473
268  0.14218873440439095
269  0.14203983636136022
270  0.1418892919490563
271  0.14165825688241102
272  0.14144227120337696
273  0.14113289766425294
274  0.1410673646865987
275  0.14104371100057939
276  0.14089879877973022
277  0.14075492014796415
278  0.1405557395651706
279  0.14055582128076247
280  0.140450458303651
281  0.1402336948083478
282  0.14027447838242685
283  0.14030679785042774
284  0.14034950649026903
285  0.14030428946942072
286  0.14016188678221506
287  0.14012518689062847
288  0.14007609666200518
289  0.14008838458656694
290  0.1400004289967366
291  0.14002831823276368
292  0.1399224268462976
293  0.13969390173236784
294  0.13967078882430525
295  0.1396594292885871
296  0.1394876237426786
297  0.1392505452027739
298  0.1391664451651344
299  0.13916569009890306
300  0.1390175660907915
301  0.13897752669944696
302  0.13890316284703977
303  0.1388452432631111
304  0.13872136400150306
305  0.1386402080824055
306  0.13856740360523395
307  0.13855303816979045
308  0.13855050027279103
309  0.1385512186558727
310  0.1385029850773348
311  0.13853803638353393
312  0.13853207697882736
313  0.1384326682191519
314  0.1383535623980869
315  0.1383769148099968
316  0.13836049349801394
317  0.13835160871938512
318  0.1383864886106383
319  0.13839998004734436
320  0.1383829237859567
321  0.13833638637839762
322  0.13832455648269334
323  0.13836526245554792
324  0.1381560420392285
325  0.13822059154793562
326  0.13818290431956026
327  0.1381269078745738
328  0.13807581716563105
329  0.13806449068022486
330  0.1380495356332931
331  0.1380496930833407
332  0.13791731638505145
333  0.13793545639750157
334  0.13798812332267635
335  0.13800254193232103
336  0.1379805204237279
337  0.13799842072172405
338  0.13801120238124212
339  0.13782569373295256
340  0.13774574783781213
341  0.1377684998412946
342  0.137679700090228
343  0.13768502448117007
344  0.13772551874859018
345  0.1377743723254618
346  0.13783853699947185
347  0.1375493368080926
348  0.13759746715469656
349  0.13742448758827297
350  0.13742935925104777
351  0.1373993283389425
352  0.1372606502338546
353  0.1372485015547335
354  0.13721154197079483
355  0.13718281428534315
356  0.13716741595906828
357  0.13706531828011928
358  0.13702916641048293
359  0.13704207086331477
360  0.13700157942909028
361  0.13694712996173794
362  0.1368564343234607
363  0.1368176132785657
364  0.13675423889518878
365  0.13666135521517092
366  0.13666278717133284
367  0.13666369007006332
368  0.13666341161525597
369  0.13668174455996332
370  0.13668641343230067
371  0.13666469237613504
372  0.13669245066632474
373  0.1366658645366502
374  0.1366600806761234
375  0.13661772405580094
376  0.13660407404861138
377  0.1365019482405531
378  0.13652881093654531
379  0.13644373926199796
380  0.13646293907878396
381  0.1364049775930419
382  0.13637385397722065
383  0.136332285319405
384  0.1362834594998575
385  0.13626040025954722
386  0.1361888756229897
387  0.13618384975278694
388  0.13616237463477437
389  0.1361622806448053
390  0.13614417083883684
391  0.13611238477986834
392  0.1360701030765992
393  0.1360024693020371
394  0.135998060681153
395  0.13599672650512604
396  0.13601850940367327
397  0.13602228301922686
398  0.1359584083059466
399  0.13589597029106135
400  0.13589868398864374
401  0.13591985997890174
402  0.1358954397544789
403  0.13585353415605594
404  0.13585536293460565
405  0.13583051822273381
406  0.13582483747004387
407  0.13582811449508478
408  0.13580939643471665
409  0.13578503342262951
410  0.1357887818753445
411  0.13579305550497323
412  0.13579811406328413
413  0.1357942363313622
414  0.13578734742553533
415  0.135792473574099
416  0.13572474364640646
417  0.1356852627352621
418  0.1356898225135471
419  0.13570055575502854
420  0.1356758759994522
421  0.13565565040662256
422  0.13564949934290804
423  0.13567676794198552
424  0.13567676794198552
425  0.13565822776406344
426  0.1356298485368844
427  0.13564356751902443
428  0.13563784832559064
429  0.13561728553740124
430  0.13561020002310015
431  0.1355810852640076
432  0.13556302546737828
433  0.1355766587924233
434  0.13556061900170707
435  0.135542884547787
436  0.1355391853626341
437  0.1355484543662727
438  0.13556275600945775
439  0.13557282183286032
440  0.13556087305524556
441  0.1355773926223851
442  0.13557694439091125
443  0.13556984929948032
444  0.13558408365572922
445  0.13558703520284626
446  0.13558150154546936
447  0.13557950826780318
448  0.13557434316539216
449  0.13557002459239886
450  0.13557587292155013
451  0.13556677562940905
452  0.1355674605609159
453  0.13555507341665127
454  0.13556282780038914
455  0.13556294282812026
456  0.13558498999561958
457  0.13554846590261196
458  0.13553876034396548
459  0.13552638861215785
460  0.13550822782337008
461  0.1354960498673632
462  0.13549671151490444
463  0.1354829925327644
464  0.13548971456044687
465  0.1354802529862993
466  0.13547355024771202
467  0.13547544738768116
468  0.1354600071237273
469  0.13544756893324578
470  0.13544773551302414
471  0.13544345751927014
472  0.13545252460733187
473  0.1354723265875299
474  0.13548184517217907
475  0.1354754544801257
476  0.13547619745935932
477  0.13547398035178815
478  0.13548400779307154
479  0.13547674335066995
480  0.1354739339073431
481  0.1354679692684483
482  0.13543445426514625
483  0.13544426042527855
484  0.13541976882645407
485  0.1353568025506676
486  0.13536930910481104
487  0.13535775466749592
488  0.1353599703947322
489  0.1353599703947322
490  0.1353813827645368
491  0.13538712943976106
492  0.1352312254186885
493  0.13525247767896895
494  0.13524781297626903
495  0.13522473652581596
496  0.13520326062708593
497  0.1351861793122385
498  0.13520395419274614
499  0.13523633547194253
500  0.1352385846742313
501  0.13524911715410837
502  0.13525251149981
503  0.13525444293001118
504  0.1352583499937319
505  0.13524653997261088
506  0.1352283690940769
507  0.13522440430676422
508  0.13522440430676422
509  0.13523718220491365
510  0.13523936573092793
511  0.13523378362158836
512  0.135231299759633
513  0.13523379528396437
514  0.1352339983193433
515  0.13522526750169953
516  0.13521194094724925
517  0.13521194094724925
518  0.13521109683129284
519  0.13521021704009664
520  0.13520750802678683
521  0.1351745040195777
522  0.13517006000999518
523  0.13516987663731314
524  0.13515442173141012
525  0.1351559489875031
526  0.13515912640199673
527  0.13515923596402254
528  0.13515645563469975
529  0.13515660085337486
530  0.1351564921488609
531  0.1351312029894139
532  0.13513121131572164
533  0.13513212084339377
534  0.1351333560444284
535  0.13513308135688548
536  0.1351381508813175
537  0.13513737148694527
538  0.13513294424154074
539  0.13513294424154074
540  0.135138210022401
541  0.13514131421513279
542  0.13514329513229742
543  0.1351368757909052
544  0.13511634411997386
545  0.13510970579775608
546  0.13510882600655985
547  0.13509650736458576
548  0.13509305908872368
549  0.13509553724599138
550  0.1350956305796358
551  0.1350974552880429
552  0.1350974552880429
553  0.1351039739972625
554  0.1351039739972625
555  0.13509663184403503
556  0.13510343123147764
557  0.13510346796937642
558  0.13510148705221178
559  0.13509043199570087
560  0.13508979687343983
561  0.13508979687343983
562  0.13508968816892591
563  0.13509066599859218
564  0.135084611611492
565  0.135084611611492
566  0.1350851261471236
567  0.13508491715342824
568  0.13508491715342824
569  0.13508938069665188
570  0.13508559058981418
571  0.1350990722477192
572  0.1350990722477192
573  0.13509925562040126
574  0.13510235329980647
575  0.13510235329980647
576  0.13509987428502693
577  0.1350931922754103
578  0.13508078361395057
579  0.13508150577363282
580  0.13508150577363282
581  0.13508139706911884
582  0.13508342888304747
583  0.1350836547086297
584  0.13508350948995457
585  0.1350863714538714
586  0.13508644633918399
587  0.13508644633918399
588  0.1350876976189019
589  0.1350876976189019
590  0.1350876976189019
591  0.1350919419299271
592  0.1350882004772113
593  0.1350882004772113
594  0.1350732801941522
595  0.1350732801941522
596  0.1350732801941522
597  0.13507734107581637
598  0.1350757146628985
599  0.1350757146628985
600  0.1350420193686973
601  0.1350461522319965
602  0.1350426445697671
603  0.1350426445697671
604  0.13504336746133339
605  0.13503371164952493
606  0.13503224950089754
607  0.13502917646786308
608  0.13503066067892813
609  0.13503066067892813
610  0.13503014614329656
611  0.13502496518438487
612  0.13502432672597173
613  0.1350295639898981
614  0.13503119121235432
615  0.13503119121235432
616  0.13502226377228996
617  0.13502300845657683
618  0.1350184402680806
619  0.1350340193767513
620  0.1350340193767513
621  0.1350340193767513
622  0.13503433117520477
623  0.13503433117520477
624  0.13503405648766184
625  0.1350339477831479
626  0.13502378327774675
627  0.135024381662109
628  0.13502378327774675
629  0.13502611123595704
630  0.13502611123595704
631  0.13502662577158864
632  0.13503603982102652
633  0.13503371186281624
634  0.13502684426895686
635  0.13502651558287945
636  0.13502779889874852
637  0.13502161495424664
638  0.1350261519019547
639  0.1350261519019547
640  0.1350261519019547
641  0.13502480023293728
642  0.13502337064037115
643  0.13500779153170045
644  0.1350055175036506
645  0.1350071194545291
646  0.13500661789570428
647  0.13500661789570428
648  0.13500652456205986
649  0.1350037458551877
650  0.13500363715067373
651  0.1350035832205133
652  0.1350035832205133
653  0.13500339984783127
654  0.13500339984783127
655  0.13500427884796862
656  0.13499659026047583
657  0.1349966989649898
658  0.1349966989649898
659  0.13499684418366492
660  0.13499612202398267
661  0.13499601331946876
662  0.13499601331946876
663  0.13500009178456976
664  0.13500009178456976
665  0.1349964042620144
666  0.13499888241928207
667  0.1349995741372887
668  0.1349995741372887
669  0.13498819428572592
670  0.13498819428572592
671  0.1349875959013637
672  0.1349875959013637
673  0.1349875959013637
674  0.1349873928659848
675  0.1349875959013637
676  0.13498908011242874
677  0.13498792563368964
678  0.1349877225983107
679  0.1349877225983107
680  0.1349877225983107
681  0.1349877225983107
682  0.13498783130282466
683  0.13498783130282466
684  0.13498783130282466
685  0.13498525981191253
686  0.13498525981191253
687  0.13498525981191253
688  0.13498525981191253
689  0.13498525981191253
690  0.13498525981191253
691  0.13498525981191253
692  0.13498525981191253
693  0.13498553449945544
694  0.13498553449945544
695  0.13498553449945544
696  0.1349862409252128
697  0.1349862409252128
698  0.1349862409252128
699  0.1349862409252128
700  0.1349862409252128
701  0.1349851529313801
702  0.1349848411329266
703  0.13498505012662199
704  0.13498505012662199
705  0.134985987734522
706  0.13498571304697907
707  0.13498507544199792
708  0.13498507544199792
709  0.13498507544199792
710  0.13498507544199792
711  0.13498507544199792
712  0.13498220465114405
713  0.13498220465114405
714  0.13498220465114405
715  0.1349814982253867
716  0.1349814982253867
717  0.1349814982253867
718  0.1349814982253867
719  0.1349814982253867
720  0.1349814982253867
721  0.1349814982253867
722  0.1349814982253867
723  0.1349814982253867
724  0.13498138952087274
725  0.13498138952087274
726  0.13498106083479533
727  0.13498106083479533
728  0.13498106083479533
729  0.13498176726055272
730  0.13498245219205957
731  0.13498259741073468
732  0.1349836899909156
733  0.13498708999993692
734  0.13498708999993692
735  0.13498621020874071
736  0.13498621020874071
737  0.1349831388857968
738  0.1349831388857968
739  0.1349831388857968
740  0.1349831388857968
741  0.1349831388857968
742  0.13498326195514637
743  0.13498326195514637
744  0.13498326195514637
745  0.1349835366426893
746  0.13498425880237153
747  0.13498485718673375
748  0.13498485718673375
749  0.1349841350270515
750  0.1349841350270515
751  0.13498477014931254
752  0.13498477014931254
753  0.13498477014931254
754  0.13498455818237548
755  0.1349854379735717
756  0.1349854379735717
757  0.13498576665964912
758  0.13498492850200916
759  0.13498478328333402
760  0.134983997963578
761  0.134983997963578
762  0.134983997963578
763  0.134983997963578
764  0.13498410666809196
765  0.13498410666809196
766  0.13498410666809196
767  0.13498429004077403
768  0.13498429004077403
769  0.13498408104707865
770  0.13498408104707865
771  0.13498439284553215
772  0.13498439284553215
773  0.13498439284553215
774  0.13498439284553215
775  0.13498439284553215
776  0.13498439284553215
777  0.13498296325296602
778  0.13498296325296602
779  0.13498274498642623
780  0.13498274498642623
781  0.13498214660206403
782  0.13498214660206403
783  0.13498214660206403
784  0.134981963229382
785  0.134981963229382
786  0.134981963229382
787  0.13498197746245574
788  0.1349811921426997
789  0.1349811921426997
790  0.1349811921426997
791  0.13498130170472553
792  0.13498097301864811
793  0.13498097301864811
794  0.13498097301864811
795  0.13498097301864811
796  0.13498097301864811
797  0.13498097301864811
798  0.13498097301864811
799  0.13498097301864811
800  0.13498014987375037
801  0.13498013450288088
802  0.13498013450288088
803  0.13498013450288088
804  0.13498013450288088
805  0.13498064903851248
806  0.13498064903851248
807  0.13498064903851248
808  0.13497996410700563
809  0.13498007281151955
810  0.13497997947787513
811  0.13497997947787513
812  0.13497997947787513
813  0.13498085926907136
814  0.1349816445888274
815  0.13498153588431344
816  0.1349822423100708
817  0.1349822423100708
818  0.1349822423100708
819  0.1349822423100708
820  0.13498218837991036
821  0.13498218837991036
822  0.13498218837991036
823  0.13498349721359476
824  0.1349833312305658
825  0.13498296181719363
826  0.13498296181719363
827  0.13498296181719363
828  0.13498296181719363
829  0.13498301574735405
830  0.13498301574735405
831  0.13498301574735405
832  0.13498301574735405
833  0.13498301574735405
834  0.13498301574735405
835  0.13498301574735405
836  0.13498301574735405
837  0.13498296181719363
838  0.13498329050327104
839  0.13498228399692644
840  0.13498194698454122
841  0.13498194698454122
842  0.13498194698454122
843  0.13498194698454122
844  0.13498083297870778
845  0.13498083297870778
846  0.13498083297870778
847  0.13498072427419383
848  0.13498218642282123
849  0.13498218642282123
850  0.13498218642282123
851  0.13498092730957273
852  0.13498193381591733
853  0.13498193381591733
854  0.13498193381591733
855  0.13498193381591733
856  0.13498193381591733
857  0.13498193381591733
858  0.13498160771118883
859  0.13498160771118883
860  0.13498160771118883
861  0.1349818823987318
862  0.13498199110324574
863  0.13498219413862467
864  0.13498252282470208
865  0.13498252282470208
866  0.13498252282470208
867  0.1349814340398105
868  0.1349814340398105
869  0.1349814340398105
870  0.1349814340398105
871  0.1349814340398105
872  0.1349814340398105
873  0.13498164303350585
874  0.13498164303350585
875  0.13498164303350585
876  0.13498164303350585
877  0.13498164303350585
878  0.1349813851652128
879  0.13498217048496883
880  0.13498217048496883
881  0.13498196744958993
882  0.1349822792480434
883  0.134981950561966
884  0.134981950561966
885  0.134981950561966
886  0.134981950561966
887  0.134981950561966
888  0.13498163876351252
889  0.13498163876351252
890  0.13498163876351252
891  0.13498154542986804
892  0.13498154542986804
893  0.13498188244225326
894  0.13498200551160283
895  0.13498200551160283
896  0.13498235376565687
897  0.13498235376565687
898  0.13498235376565687
899  0.13498235376565687
900  0.13498235376565687
901  0.13498235376565687
902  0.13498235376565687
903  0.13498244709930132
904  0.13498193256366972
905  0.13498193256366972
906  0.13498193256366972
907  0.13498180949432015
908  0.13498153480677721
909  0.13498119779439202
910  0.13498119779439202
911  0.13498153480677721
912  0.13498153480677721
913  0.13498153480677721
914  0.13498153480677721
915  0.13498153480677721
916  0.13498153480677721
917  0.1349814808766168
918  0.13498153480677721
919  0.13498153480677721
920  0.13498153480677721
921  0.1349816578761268
922  0.1349816578761268
923  0.1349816578761268
924  0.1349816578761268
925  0.1349816578761268
926  0.1349816578761268
927  0.13498087255637073
928  0.13498074948702118
929  0.13498074948702118
930  0.13498074948702118
931  0.13498074948702118
932  0.13498074948702118
933  0.13498074948702118
934  0.13498087255637073
935  0.13498087255637073
936  0.13498087255637073
937  0.1349807792227263
938  0.13498072529256588
939  0.13498072529256588
940  0.13498058007389077
941  0.13498024801084585
942  0.13498024801084585
943  0.13498024801084585
944  0.13498024801084585
945  0.13498024801084585
946  0.13498024801084585
947  0.13498024801084585
948  0.13498024801084585
949  0.13498024801084585
950  0.13498037108019542
951  0.13498037108019542
952  0.1349806828786489
953  0.1349806828786489
954  0.1349806828786489
955  0.1349806828786489
956  0.1349806250619451
957  0.1349806250619451
958  0.1349806250619451
959  0.1349806250619451
960  0.1349806250619451
961  0.1349806250619451
962  0.1349806250619451
963  0.13497961855560053
964  0.13497961855560053
965  0.13497961855560053
966  0.13497982159097943
967  0.13497982159097943
968  0.13497982159097943
969  0.13497982159097943
970  0.13497982159097943
971  0.13497982159097943
972  0.13497982159097943
973  0.13497969852162986
974  0.13497969852162986
975  0.13497969852162986
976  0.1349799075153252
977  0.1349799075153252
978  0.1349799075153252
979  0.13497959571687174
980  0.13497959571687174
981  0.13497959571687174
982  0.13497959571687174
983  0.13497959571687174
984  0.13497959571687174
985  0.13497959571687174
986  0.13497959571687174
987  0.13497959571687174
988  0.13497968905051616
989  0.13497968905051616
990  0.13497968905051616
991  0.13497968905051616
992  0.13497968905051616
993  0.13497948601513723
994  0.13497948601513723
995  0.13497948601513723
996  0.13497948601513723
997  0.13497948601513723
998  0.13497948601513723
999  0.13497948601513723
1000  0.13497968905051616
1001  0.13497968905051616
1002  0.13497968905051616
1003  0.13497968905051616
1004  0.1349795803460022
1005  0.1349795803460022
1006  0.1349795803460022
1007  0.13497968905051616
1008  0.13497968905051616
1009  0.13497968905051616
1010  0.13497968905051616
1011  0.1349793926814928
1012  0.1349793926814928
1013  0.1349793926814928
1014  0.13497928397697884
1015  0.13497928397697884
1016  0.13497928397697884
1017  0.13497928397697884
1018  0.13497928397697884
1019  0.13497928397697884
1020  0.13497928397697884
1021  0.13497928397697884
1022  0.13497928397697884
1023  0.13497928397697884
1024  0.13497933790713929
1025  0.13497933790713929
1026  0.13497933790713929
1027  0.13497933790713929
1028  0.13497933790713929
1029  0.13497933790713929
1030  0.13497933790713929
1031  0.13497933790713929
1032  0.13497933790713929
1033  0.13497933790713929
1034  0.13497933790713929
1035  0.13497933790713929
1036  0.13497933790713929
1037  0.13497933790713929
1038  0.13497933790713929
1039  0.13497912891344396
1040  0.13497879190105874
1041  0.13497879190105874
1042  0.13497899493643767
1043  0.13497899493643767
1044  0.13497899493643767
1045  0.1349791036409516
1046  0.1349791036409516
1047  0.1349791036409516
1048  0.13497931263464694
1049  0.13497931263464694
1050  0.13497931263464694
1051  0.13497931263464694
1052  0.13497931263464694
1053  0.13497931263464694
1054  0.13497931263464694
1055  0.13497931263464694
1056  0.13497931263464694
1057  0.13497931263464694
1058  0.13497931263464694
1059  0.13497931263464694
1060  0.13497931263464694
1061  0.1349794059682914
1062  0.13497908827008212
1063  0.13497908827008212
1064  0.13497908827008212
1065  0.13497908827008212
1066  0.13497908827008212
1067  0.13497908827008212
1068  0.13497908827008212
1069  0.13497908827008212
1070  0.13497908827008212
1071  0.13497908827008212
1072  0.13497908827008212
1073  0.13497908827008212
1074  0.13497908827008212
1075  0.13497908827008212
1076  0.13497908827008212
1077  0.13497908827008212
1078  0.13497908827008212
1079  0.13497903433992167
1080  0.13497903433992167
1081  0.13497903433992167
1082  0.13497937135230687
1083  0.13497937135230687
1084  0.13497937135230687
1085  0.13497937135230687
1086  0.13497937135230687
1087  0.13497937135230687
1088  0.13497937135230687
1089  0.13497937135230687
1090  0.13497916831692794
1091  0.13497916831692794
1092  0.13497916831692794
1093  0.13497916831692794
1094  0.13497907498328351
1095  0.13497907498328351
1096  0.13497907498328351
1097  0.1349787379708983
1098  0.1349787379708983
1099  0.1349787379708983
1100  0.1349787379708983
1101  0.1349787379708983
1102  0.1349787379708983
1103  0.1349787379708983
1104  0.1349787379708983
1105  0.1349787379708983
1106  0.1349787379708983
1107  0.1349787379708983
1108  0.13497871582157275
1109  0.13497871582157275
1110  0.13497871582157275
1111  0.13497871582157275
1112  0.13497871582157275
1113  0.13497871582157275
1114  0.13497871582157275
1115  0.13497871582157275
1116  0.13497871582157275
1117  0.13497871582157275
1118  0.13497871582157275
1119  0.13497871582157275
1120  0.13497871582157275
1121  0.13497871582157275
1122  0.13497871582157275
1123  0.13497871582157275
1124  0.13497871582157275
1125  0.13497871582157275
1126  0.13497871582157275
1127  0.13497871582157275
1128  0.13497871582157275
1129  0.13497871582157275
1130  0.13497871582157275
1131  0.13497871582157275
1132  0.13497871582157275
1133  0.13497871582157275
1134  0.13497871582157275
1135  0.13497871582157275
1136  0.13497871582157275
1137  0.13497871582157275
1138  0.13497871582157275
1139  0.13497871582157275
1140  0.13497871582157275
1141  0.13497871582157275
1142  0.13497905283395795
1143  0.13497905283395795
1144  0.13497905283395795
1145  0.13497905283395795
1146  0.13497905283395795
1147  0.13497905283395795
1148  0.13497905283395795
1149  0.13497905283395795
1150  0.13497905283395795
1151  0.13497905283395795
1152  0.13497905283395795
1153  0.13497892976460837
1154  0.13497892976460837
1155  0.13497892976460837
1156  0.13497892976460837
1157  0.13497892976460837
1158  0.13497892976460837
1159  0.13497892976460837
1160  0.13497892976460837
1161  0.13497892976460837
1162  0.13497892976460837
1163  0.13497892976460837
1164  0.13497892976460837
1165  0.13497892976460837
1166  0.13497892976460837
1167  0.13497892976460837
1168  0.13497892976460837
1169  0.13497892976460837
1170  0.13497892976460837
1171  0.13497892976460837
1172  0.13497892976460837
1173  0.13497859275222315
1174  0.13497859275222315
1175  0.13497859275222315
1176  0.13497859275222315
1177  0.13497859275222315
1178  0.13497859275222315
1179  0.13497859275222315
1180  0.13497859275222315
1181  0.13497859275222315
1182  0.13497859275222315
1183  0.13497859275222315
1184  0.13497859275222315
1185  0.13497859275222315
1186  0.13497859275222315
1187  0.13497859275222315
1188  0.13497859275222315
1189  0.13497859275222315
1190  0.13497859275222315
1191  0.13497859275222315
1192  0.13497859275222315
1193  0.13497859275222315
1194  0.13497859275222315
1195  0.13497859275222315
1196  0.13497859275222315
1197  0.13497859275222315
1198  0.13497859275222315
1199  0.13497859275222315
1200  0.13497859275222315
1201  0.13497859275222315
1202  0.13497859275222315
1203  0.13497859275222315
1204  0.13497859275222315
1205  0.13497859275222315
1206  0.13497859275222315
1207  0.13497859275222315
1208  0.13497859275222315
1209  0.13497859275222315
1210  0.13497859275222315
1211  0.13497859275222315
1212  0.13497859275222315
1213  0.13497859275222315
1214  0.13497859275222315
1215  0.13497859275222315
1216  0.13497859275222315
1217  0.13497859275222315
1218  0.13497859275222315
1219  0.13497859275222315
1220  0.13497859275222315
1221  0.13497859275222315
1222  0.13497859275222315
1223  0.13497859275222315
1224  0.13497859275222315
1225  0.13497859275222315
1226  0.13497859275222315
1227  0.13497859275222315
1228  0.13497859275222315
1229  0.13497859275222315
1230  0.13497859275222315
1231  0.13497859275222315
1232  0.13497859275222315
1233  0.13497859275222315
1234  0.13497859275222315
1235  0.13497859275222315
1236  0.13497859275222315
1237  0.13497859275222315
1238  0.13497859275222315
1239  0.13497859275222315
1240  0.13497859275222315
1241  0.13497859275222315
1242  0.13497859275222315
1243  0.13497859275222315
1244  0.13497859275222315
1245  0.13497859275222315
1246  0.13497859275222315
1247  0.13497859275222315
1248  0.13497859275222315
1249  0.13497859275222315
1250  0.13497859275222315
1251  0.13497859275222315
1252  0.13497859275222315
1253  0.13497859275222315
1254  0.13497859275222315
1255  0.13497859275222315
1256  0.13497859275222315
1257  0.13497859275222315
1258  0.13497859275222315
1259  0.13497859275222315
1260  0.13497859275222315
1261  0.13497859275222315
1262  0.13497859275222315
1263  0.13497859275222315
1264  0.13497859275222315
1265  0.13497859275222315
1266  0.13497859275222315
1267  0.13497859275222315
1268  0.13497859275222315
1269  0.13497859275222315
1270  0.13497859275222315
1271  0.13497859275222315
1272  0.13497859275222315
1273  0.13497859275222315
1274  0.13497859275222315
1275  0.13497859275222315
1276  0.13497859275222315
1277  0.13497859275222315
1278  0.13497859275222315
1279  0.13497859275222315
1280  0.13497859275222315
1281  0.13497859275222315
1282  0.13497859275222315
1283  0.13497859275222315
1284  0.13497859275222315
1285  0.13497859275222315
1286  0.13497859275222315
1287  0.13497859275222315
1288  0.13497859275222315
1289  0.13497859275222315
1290  0.13497859275222315
1291  0.13497859275222315
1292  0.13497859275222315
1293  0.13497859275222315
1294  0.13497859275222315
1295  0.13497859275222315
1296  0.13497859275222315
1297  0.13497859275222315
1298  0.13497859275222315
1299  0.13497859275222315
1300  0.13497859275222315
1301  0.13497859275222315
1302  0.13497859275222315
1303  0.13497859275222315
1304  0.13497859275222315
1305  0.13497859275222315
1306  0.13497859275222315
1307  0.13497859275222315
1308  0.13497859275222315
1309  0.13497859275222315
1310  0.13497859275222315
1311  0.13497859275222315
1312  0.13497859275222315
1313  0.13497859275222315
1314  0.13497859275222315
1315  0.13497859275222315
1316  0.13497859275222315
1317  0.13497859275222315
1318  0.13497859275222315
1319  0.13497859275222315
1320  0.13497859275222315
1321  0.13497859275222315
1322  0.13497859275222315
1323  0.13497859275222315
1324  0.13497859275222315
1325  0.13497859275222315
1326  0.13497859275222315
1327  0.13497859275222315
1328  0.13497859275222315
1329  0.13497859275222315
1330  0.13497859275222315
1331  0.13497859275222315
1332  0.13497859275222315
1333  0.13497859275222315
1334  0.13497859275222315
1335  0.13497859275222315
1336  0.13497859275222315
1337  0.13497859275222315
1338  0.13497859275222315
1339  0.13497859275222315
1340  0.13497859275222315
1341  0.13497859275222315
1342  0.13497859275222315
1343  0.13497859275222315
1344  0.13497859275222315
1345  0.13497859275222315
1346  0.13497859275222315
1347  0.13497859275222315
1348  0.13497859275222315
1349  0.13497859275222315
1350  0.13497859275222315
1351  0.13497859275222315
1352  0.13497859275222315
1353  0.13497859275222315
1354  0.13497859275222315
1355  0.13497859275222315
1356  0.13497859275222315
1357  0.13497859275222315
1358  0.13497859275222315
1359  0.13497859275222315
1360  0.13497859275222315
1361  0.13497859275222315
1362  0.13497859275222315
1363  0.13497859275222315
1364  0.1349786466823836
1365  0.1349786466823836
1366  0.1349786466823836
1367  0.1349786466823836
1368  0.1349786466823836
1369  0.1349786466823836
1370  0.1349786466823836
1371  0.1349786466823836
1372  0.1349786466823836
1373  0.1349786466823836
1374  0.1349786466823836
1375  0.1349786466823836
1376  0.1349786466823836
1377  0.1349786466823836
1378  0.1349786466823836
1379  0.1349786466823836
1380  0.13497859275222315
1381  0.13497859275222315
1382  0.13497859275222315
1383  0.13497859275222315
1384  0.13497859275222315
1385  0.13497859275222315
1386  0.13497859275222315
1387  0.13497859275222315
1388  0.13497859275222315
1389  0.13497859275222315
1390  0.13497859275222315
1391  0.13497859275222315
1392  0.13497859275222315
1393  0.13497859275222315
1394  0.13497859275222315
1395  0.13497859275222315
1396  0.13497859275222315
1397  0.13497859275222315
1398  0.13497859275222315
1399  0.13497859275222315
1400  0.13497859275222315
1401  0.13497859275222315
1402  0.13497859275222315
1403  0.13497859275222315
1404  0.13497859275222315
1405  0.13497859275222315
1406  0.13497859275222315
1407  0.13497859275222315
1408  0.13497859275222315
1409  0.13497859275222315
1410  0.13497859275222315
1411  0.13497859275222315
1412  0.13497859275222315
1413  0.13497859275222315
1414  0.13497859275222315
1415  0.13497859275222315
1416  0.13497859275222315
1417  0.13497859275222315
1418  0.13497859275222315
1419  0.13497859275222315
1420  0.13497859275222315
1421  0.13497859275222315
1422  0.13497859275222315
1423  0.13497859275222315
1424  0.13497859275222315
1425  0.13497859275222315
1426  0.13497859275222315
1427  0.13497859275222315
1428  0.13497859275222315
1429  0.13497859275222315
1430  0.13497859275222315
1431  0.13497859275222315
1432  0.13497859275222315
1433  0.13497859275222315
1434  0.13497859275222315
1435  0.13497859275222315
1436  0.13497859275222315
1437  0.13497859275222315
1438  0.13497859275222315
1439  0.13497859275222315
1440  0.13497859275222315
1441  0.13497859275222315
1442  0.13497859275222315
1443  0.13497859275222315
1444  0.13497859275222315
1445  0.13497859275222315
1446  0.13497859275222315
1447  0.13497859275222315
1448  0.13497859275222315
1449  0.13497859275222315
1450  0.13497859275222315
1451  0.13497859275222315
1452  0.13497859275222315
1453  0.13497859275222315
1454  0.13497859275222315
1455  0.13497859275222315
1456  0.13497859275222315
1457  0.13497859275222315
1458  0.13497859275222315
1459  0.13497859275222315
1460  0.13497859275222315
1461  0.13497859275222315
1462  0.13497859275222315
1463  0.13497859275222315
1464  0.13497859275222315
1465  0.13497859275222315
1466  0.13497859275222315
1467  0.13497859275222315
1468  0.13497859275222315
1469  0.13497859275222315
1470  0.13497859275222315
1471  0.13497859275222315
1472  0.13497859275222315
1473  0.13497859275222315
1474  0.13497859275222315
1475  0.13497859275222315
1476  0.13497859275222315
1477  0.13497859275222315
1478  0.13497859275222315
1479  0.13497859275222315
1480  0.13497859275222315
1481  0.13497859275222315
1482  0.13497859275222315
1483  0.13497859275222315
1484  0.13497859275222315
1485  0.13497859275222315
1486  0.13497859275222315
1487  0.13497859275222315
1488  0.13497859275222315
1489  0.13497859275222315
1490  0.13497859275222315
1491  0.13497859275222315
1492  0.13497859275222315
1493  0.13497859275222315
1494  0.13497859275222315
1495  0.13497859275222315
1496  0.13497859275222315
1497  0.13497859275222315
1498  0.13497859275222315
1499  0.13497859275222315
1500  0.13497859275222315
1501  0.13497859275222315
1502  0.13497859275222315
1503  0.13497859275222315
1504  0.13497859275222315
1505  0.13497859275222315
1506  0.13497859275222315
1507  0.13497859275222315
1508  0.13497859275222315
1509  0.13497859275222315
1510  0.13497859275222315
1511  0.13497859275222315
1512  0.13497859275222315
1513  0.13497859275222315
1514  0.13497859275222315
1515  0.13497859275222315
1516  0.13497859275222315
1517  0.13497859275222315
1518  0.13497859275222315
1519  0.13497859275222315
1520  0.13497859275222315
1521  0.13497859275222315
1522  0.13497859275222315
1523  0.13497859275222315
1524  0.13497859275222315
1525  0.13497859275222315
1526  0.13497859275222315
1527  0.13497859275222315
1528  0.13497859275222315
1529  0.13497859275222315
1530  0.13497859275222315
1531  0.13497859275222315
1532  0.13497859275222315
1533  0.13497859275222315
1534  0.13497859275222315
1535  0.13497859275222315
1536  0.13497859275222315
1537  0.13497859275222315
1538  0.13497859275222315
1539  0.13497859275222315
1540  0.13497859275222315
1541  0.13497859275222315
1542  0.13497859275222315
1543  0.13497859275222315
1544  0.13497859275222315
1545  0.13497859275222315
1546  0.13497859275222315
1547  0.13497859275222315
1548  0.13497859275222315
1549  0.13497859275222315
1550  0.13497859275222315
1551  0.13497859275222315
1552  0.13497859275222315
1553  0.13497859275222315
1554  0.13497859275222315
1555  0.13497859275222315
1556  0.13497859275222315
1557  0.13497859275222315
1558  0.13497859275222315
1559  0.13497859275222315
1560  0.13497859275222315
1561  0.13497859275222315
1562  0.13497859275222315
1563  0.13497859275222315
1564  0.13497859275222315
1565  0.13497859275222315
1566  0.13497859275222315
1567  0.13497859275222315
1568  0.13497859275222315
1569  0.13497859275222315
1570  0.13497859275222315
1571  0.13497859275222315
1572  0.13497859275222315
1573  0.13497859275222315
1574  0.13497859275222315
1575  0.13497859275222315
1576  0.13497859275222315
1577  0.13497859275222315
1578  0.13497859275222315
1579  0.13497859275222315
1580  0.13497859275222315
1581  0.13497859275222315
1582  0.13497859275222315
1583  0.13497859275222315
1584  0.13497859275222315
1585  0.13497859275222315
1586  0.13497859275222315
1587  0.13497859275222315
1588  0.13497859275222315
1589  0.13497859275222315
1590  0.13497859275222315
1591  0.13497859275222315
1592  0.13497859275222315
1593  0.13497859275222315
1594  0.13497859275222315
1595  0.13497859275222315
1596  0.13497859275222315
1597  0.13497859275222315
1598  0.13497859275222315
1599  0.13497859275222315
1600  0.13497859275222315
1601  0.13497859275222315
1602  0.13497859275222315
1603  0.13497859275222315
1604  0.13497859275222315
1605  0.13497859275222315
1606  0.13497859275222315
1607  0.13497859275222315
1608  0.13497859275222315
1609  0.13497859275222315
1610  0.13497859275222315
1611  0.13497859275222315
1612  0.13497859275222315
1613  0.13497859275222315
1614  0.13497859275222315
1615  0.13497859275222315
1616  0.13497859275222315
1617  0.13497859275222315
1618  0.13497859275222315
1619  0.13497859275222315
1620  0.13497859275222315
1621  0.13497859275222315
1622  0.13497859275222315
1623  0.13497859275222315
1624  0.13497859275222315
1625  0.13497859275222315
1626  0.13497859275222315
1627  0.13497859275222315
1628  0.13497859275222315
1629  0.13497859275222315
1630  0.13497859275222315
1631  0.13497859275222315
1632  0.13497859275222315
1633  0.13497859275222315
1634  0.13497859275222315
1635  0.13497859275222315
1636  0.13497859275222315
1637  0.13497859275222315
1638  0.13497859275222315
1639  0.13497859275222315
1640  0.13497859275222315
1641  0.13497859275222315
1642  0.13497859275222315
1643  0.13497859275222315
1644  0.13497859275222315
1645  0.13497859275222315
1646  0.13497859275222315
1647  0.13497859275222315
1648  0.13497859275222315
1649  0.13497859275222315
1650  0.13497859275222315
1651  0.13497859275222315
1652  0.13497859275222315
1653  0.13497859275222315
1654  0.13497859275222315
1655  0.13497859275222315
1656  0.13497859275222315
1657  0.13497859275222315
1658  0.13497859275222315
1659  0.13497859275222315
1660  0.13497859275222315
1661  0.13497859275222315
1662  0.13497859275222315
1663  0.13497859275222315
1664  0.13497859275222315
1665  0.13497859275222315
1666  0.13497859275222315
1667  0.13497859275222315
1668  0.13497859275222315
1669  0.13497859275222315
1670  0.13497859275222315
1671  0.13497859275222315
1672  0.13497859275222315
1673  0.13497859275222315
1674  0.13497859275222315
1675  0.13497859275222315
1676  0.13497859275222315
1677  0.13497859275222315
1678  0.13497859275222315
1679  0.13497859275222315
1680  0.13497859275222315
1681  0.13497859275222315
1682  0.13497859275222315
1683  0.13497859275222315
1684  0.13497859275222315
1685  0.13497859275222315
1686  0.13497859275222315
1687  0.13497859275222315
1688  0.13497859275222315
1689  0.13497859275222315
1690  0.13497859275222315
1691  0.13497859275222315
1692  0.13497859275222315
1693  0.13497859275222315
1694  0.13497859275222315
1695  0.13497859275222315
1696  0.13497859275222315
1697  0.13497859275222315
1698  0.13497859275222315
1699  0.13497859275222315
1700  0.13497859275222315
1701  0.13497859275222315
1702  0.13497859275222315
1703  0.13497859275222315
1704  0.13497859275222315
1705  0.13497859275222315
1706  0.13497859275222315
1707  0.13497859275222315
1708  0.13497859275222315
1709  0.13497859275222315
1710  0.13497859275222315
1711  0.13497859275222315
1712  0.13497859275222315
1713  0.13497859275222315
1714  0.13497859275222315
1715  0.13497859275222315
1716  0.13497859275222315
1717  0.13497859275222315
1718  0.13497859275222315
1719  0.13497859275222315
1720  0.13497859275222315
1721  0.13497859275222315
1722  0.13497859275222315
1723  0.13497859275222315
1724  0.13497859275222315
1725  0.13497859275222315
1726  0.13497859275222315
1727  0.13497859275222315
1728  0.13497859275222315
1729  0.13497859275222315
1730  0.13497859275222315
1731  0.13497859275222315
1732  0.13497859275222315
1733  0.13497859275222315
1734  0.13497859275222315
1735  0.13497859275222315
1736  0.13497859275222315
1737  0.13497859275222315
1738  0.13497859275222315
1739  0.13497859275222315
1740  0.13497859275222315
1741  0.13497859275222315
1742  0.13497859275222315
1743  0.13497859275222315
1744  0.13497859275222315
1745  0.13497859275222315
1746  0.13497859275222315
1747  0.13497859275222315
1748  0.13497859275222315
1749  0.13497859275222315
1750  0.13497859275222315
1751  0.13497859275222315
1752  0.13497859275222315
1753  0.13497859275222315
1754  0.13497859275222315
1755  0.13497859275222315
1756  0.13497859275222315
1757  0.13497859275222315
1758  0.13497859275222315
1759  0.13497859275222315
1760  0.13497859275222315
1761  0.13497859275222315
1762  0.13497859275222315
1763  0.13497859275222315
1764  0.13497859275222315
1765  0.13497859275222315
1766  0.13497859275222315
1767  0.13497859275222315
1768  0.13497859275222315
1769  0.13497859275222315
1770  0.13497859275222315
1771  0.13497859275222315
1772  0.13497859275222315
1773  0.13497859275222315
1774  0.13497859275222315
1775  0.13497859275222315
1776  0.13497859275222315
1777  0.13497859275222315
1778  0.13497859275222315
1779  0.13497859275222315
1780  0.13497859275222315
1781  0.13497859275222315
1782  0.13497859275222315
1783  0.13497859275222315
1784  0.13497859275222315
1785  0.13497859275222315
1786  0.13497859275222315
1787  0.13497859275222315
1788  0.13497859275222315
1789  0.13497859275222315
1790  0.13497859275222315
1791  0.13497859275222315
