0  0.46653405448184154
1  0.45442083133690364
2  0.4446171306937256
3  0.43299936744636497
4  0.423284680848649
5  0.4146895302722184
6  0.40772421613431775
7  0.40252183766529154
8  0.39564139822018046
9  0.38991537615076566
10  0.3851074990896687
11  0.37917255226648977
12  0.37314255333656143
13  0.3681901120802923
14  0.3634339036507314
15  0.35854092393409187
16  0.3539979601034908
17  0.3489996959383347
18  0.3452211559164132
19  0.3402570488435963
20  0.33743414364530294
21  0.3345773440831747
22  0.3305904457907192
23  0.328078529002978
24  0.3239433832409334
25  0.3211971499275015
26  0.3186598060482383
27  0.3147511736712102
28  0.31313150316247035
29  0.3095692492213333
30  0.30775427388436466
31  0.30530833332527046
32  0.30165385027690333
33  0.29985876066909956
34  0.29739971357871553
35  0.29536811388485923
36  0.29330955347143306
37  0.29029835546242044
38  0.2875691275978728
39  0.28481463875831226
40  0.28206794067471425
41  0.28132292687439514
42  0.2795039517283907
43  0.2779693198906012
44  0.2733207090870118
45  0.2708200815800209
46  0.27000085974332394
47  0.2667484557489698
48  0.2648754335314901
49  0.2622629906036781
50  0.26118503621958494
51  0.25942668624719184
52  0.2582043681913991
53  0.25708538691794874
54  0.2564260017108827
55  0.25419553003168943
56  0.2523268585769841
57  0.25025261408923594
58  0.24822586111879766
59  0.24713034239478696
60  0.24566578840611436
61  0.24499712109683605
62  0.24406355284747888
63  0.24279877932419408
64  0.2414677259432701
65  0.23982115653826125
66  0.23807972857201715
67  0.23663096107754442
68  0.2354409822853336
69  0.23268103908806306
70  0.23055817767595707
71  0.22932655139828467
72  0.2290576529419754
73  0.22691188324723507
74  0.2255328449773482
75  0.2240782799091191
76  0.22310858789720206
77  0.2222048503880352
78  0.22021671343839858
79  0.21935476609549426
80  0.21763519668909664
81  0.21686061734709286
82  0.21621182496615055
83  0.21503299741701468
84  0.21430296734449475
85  0.21297874076102136
86  0.21183573433404781
87  0.2110314441868309
88  0.21047948863394744
89  0.2093164683627151
90  0.20865075280590428
91  0.20815167515086724
92  0.2078808593258212
93  0.20728526066932593
94  0.20676214508950252
95  0.20601846582469097
96  0.20558893491044528
97  0.20526977971415783
98  0.20448684345221124
99  0.20360609430666393
100  0.20339830310700743
101  0.20302333351093688
102  0.2030053657643796
103  0.2024552212119877
104  0.20208704077803546
105  0.2018279084617816
106  0.2007721947966939
107  0.200285651007573
108  0.1981351704243967
109  0.19778121583364341
110  0.1969806880671288
111  0.19667685993826217
112  0.19616954200757938
113  0.19575779804599594
114  0.19605943919433505
115  0.19529114724055474
116  0.19508607121761076
117  0.19469645037526398
118  0.194048316090795
119  0.1933527725529475
120  0.19297367311793961
121  0.19205488978708585
122  0.19186906157086106
123  0.19126053354439093
124  0.19096179164094057
125  0.1901644206330805
126  0.18959774091742285
127  0.189125731761164
128  0.18851106178604152
129  0.1879505526610523
130  0.18747887356847942
131  0.18705591703549063
132  0.1866248111765575
133  0.18610100678479186
134  0.18589402553971107
135  0.18577408187319158
136  0.18530631401567918
137  0.1847501627130025
138  0.18422098233618134
139  0.18402070368683004
140  0.183683294242565
141  0.18309695620468547
142  0.18292309165625004
143  0.18269725740644696
144  0.18240360120767202
145  0.18217804475054547
146  0.182118170920785
147  0.18150542114073714
148  0.18124773906547978
149  0.18128614213926808
150  0.18109669558444869
151  0.18105183823065396
152  0.1808320710683199
153  0.18068553279474994
154  0.18050502598110388
155  0.18035674586038056
156  0.18017053433450833
157  0.17985527905801918
158  0.17980194688219178
159  0.1790015377800103
160  0.17883687888548833
161  0.1788303473320911
162  0.1785485367373956
163  0.178239230375956
164  0.17788238673583837
165  0.1777028761534623
166  0.17746972170400893
167  0.17730938437061564
168  0.17731715322163485
169  0.17726998513852912
170  0.17726348767707117
171  0.1772501458216013
172  0.1770589044272813
173  0.17702375174933604
174  0.17673508302150193
175  0.17631883448943858
176  0.1763058375645742
177  0.1763010596176771
178  0.17618710055397407
179  0.1757335126558149
180  0.17546506979770982
181  0.17544470918175753
182  0.1754686685975358
183  0.17525300480703762
184  0.17513324877951691
185  0.17508255709195722
186  0.17485629925477314
187  0.17468877151629325
188  0.1747719169483849
189  0.17461372788584206
190  0.17443385713685033
191  0.17429629496484522
192  0.17327216102997128
193  0.17325292165670936
194  0.17324558880609914
195  0.17322778588174778
196  0.17299630310412542
197  0.17293673169066964
198  0.17292252370532915
199  0.17295385250019157
200  0.1729138841158369
201  0.1729233946644853
202  0.17289435175040213
203  0.17282616353090666
204  0.17274576294425842
205  0.1727600920685936
206  0.17268549245953513
207  0.17263402797643732
208  0.1726369270294934
209  0.17244370414699695
210  0.17243464109331655
211  0.17243599276233393
212  0.17243427875211936
213  0.1723378509129207
214  0.1722511983105884
215  0.17223278621641297
216  0.17224300498527137
217  0.17213937642230975
218  0.17211246138435402
219  0.17211170653231816
220  0.17210687798326815
221  0.1720998962571436
222  0.17196258274608203
223  0.17193061743415813
224  0.17185659758467198
225  0.1718032467779305
226  0.1717281878965793
227  0.17160510608561821
228  0.17159524112354757
229  0.1716003560498798
230  0.17163755955755572
231  0.17156248277231476
232  0.17153353077692418
233  0.1713647246166856
234  0.17135391942306025
235  0.171375664196998
236  0.17137124380544613
237  0.17135335977802568
238  0.17131459233065452
239  0.1710944010179127
240  0.17105828275288976
241  0.17100848185871903
242  0.17095286541344504
243  0.17083032543311547
244  0.17083913069226522
245  0.17081228451564356
246  0.17069141696063422
247  0.17070200280875622
248  0.1707028999748052
249  0.17069456820583595
250  0.17071371712641947
251  0.17070123338462204
252  0.17066890338499305
253  0.17063704809136718
254  0.17063397681436826
255  0.17061245560467744
256  0.17039116660939793
257  0.17037119439382362
258  0.17023876105351232
259  0.1702370638454427
260  0.17021623579848688
261  0.17019297965667898
262  0.16962622844705652
263  0.169618621818423
264  0.16961873052293697
265  0.16959762196597933
266  0.16949482505964397
267  0.16949178328175582
268  0.16949178328175582
269  0.1694815181406489
270  0.16934540682351204
271  0.1693519478700795
272  0.16934718168523388
273  0.16925539140336673
274  0.1691771283904781
275  0.16894647145617153
276  0.16894647145617153
277  0.16892656374616968
278  0.16892645504165574
279  0.16892497820946079
280  0.16892497820946079
281  0.16892188613899412
282  0.16891097202842922
283  0.16890110548580953
284  0.16890652551448648
285  0.16890658783932874
286  0.16889169895560985
287  0.16889151558292778
288  0.16884635925890742
289  0.16884635925890742
290  0.16883648979069912
291  0.16883321312396965
292  0.16883519168721575
293  0.16883750132067196
294  0.16883048917650084
295  0.16883121128505782
296  0.16883121128505782
297  0.16883204640399
298  0.16883015740739515
299  0.16882984560894168
300  0.16882984560894168
301  0.1688288309523095
302  0.1688291596383869
303  0.16881316612018707
304  0.16859563653491583
305  0.1685962324961325
306  0.16855557688538403
307  0.16855557688538403
308  0.168556834863547
309  0.16855589023371426
310  0.1685601629817911
311  0.16855997960910904
312  0.16853343049721334
313  0.16853586630861192
314  0.16853586630861192
315  0.16853514414892967
316  0.16853514414892967
317  0.16854418365274093
318  0.16854330465260361
319  0.1683485861518942
320  0.16834298091213262
321  0.1683430938713826
322  0.1683430938713826
323  0.16831615838751166
324  0.16831846914571155
325  0.16831846914571155
326  0.1683185787077374
327  0.1683198436298656
328  0.1683195216769203
329  0.1683195216769203
330  0.16831338626302142
331  0.1683113441443233
332  0.1683113441443233
333  0.16830890833292467
334  0.16830831237170799
335  0.16830831237170799
336  0.16830831237170799
337  0.16830831237170799
338  0.16830831237170799
339  0.1683102361259832
340  0.16830897120385502
341  0.16829062075085588
342  0.16829059553692413
343  0.16829059553692413
344  0.16829059553692413
345  0.16829059553692413
346  0.16829059553692413
347  0.16829138085668022
348  0.16829138085668022
349  0.16829119834162273
350  0.1682928853097936
351  0.1682928853097936
352  0.16829119834162273
353  0.16829119834162273
354  0.16829119834162273
355  0.16829119834162273
356  0.16828933835017082
357  0.16828933835017082
358  0.16828973177265036
359  0.16828954964540416
360  0.16828882675383786
361  0.16828882675383786
362  0.16828882675383786
363  0.16828972840225273
364  0.16828972840225273
365  0.16828972840225273
366  0.16828972840225273
367  0.16828972840225273
368  0.16828775501397783
369  0.16828788893242355
370  0.1682888954387681
371  0.1682888954387681
372  0.16828612548063118
373  0.16828612548063118
374  0.16828612548063118
375  0.16828612548063118
376  0.16828856129202976
377  0.16828701754514797
378  0.16828690884063402
379  0.16828718352817693
380  0.16828718352817693
381  0.16828718352817693
382  0.16828843480789485
383  0.16828684651579173
384  0.16825652314940093
385  0.16825737865000243
386  0.16825569168183158
387  0.16825569168183158
388  0.16825569168183158
389  0.16825569168183158
390  0.16825365986790294
391  0.16825365986790294
392  0.16825365986790294
393  0.16825365986790294
394  0.16825365986790294
395  0.16825365986790294
396  0.16825365986790294
397  0.16825355030587716
398  0.16825387899195457
399  0.16825406150701203
400  0.16825417446626195
401  0.16825417446626195
402  0.16825389977871905
403  0.16825389977871905
404  0.16825389977871905
405  0.16825389977871905
406  0.16825389977871905
407  0.1682541087724144
408  0.1682289502447373
409  0.16822958870315047
410  0.16822958870315047
411  0.16822958870315047
412  0.16822958870315047
413  0.16822958870315047
414  0.1682301559048343
415  0.1682301559048343
416  0.1682301559048343
417  0.1682282310284809
418  0.1682282310284809
419  0.1682282310284809
420  0.1682282310284809
421  0.1682282310284809
422  0.1682282310284809
423  0.1682282310284809
424  0.1682282310284809
425  0.16822575775687526
426  0.16822575775687526
427  0.16822575775687526
428  0.16822575775687526
429  0.16822575775687526
430  0.16822575775687526
431  0.16822575775687526
432  0.16822575775687526
433  0.16822575775687526
434  0.16822575775687526
435  0.16822646418263262
436  0.16822646418263262
437  0.16822558518249528
438  0.16822537618879993
439  0.16822537618879993
440  0.16822537618879993
441  0.16822537618879993
442  0.16822537618879993
443  0.16822537618879993
444  0.16822473773038676
445  0.16822473773038676
446  0.1682245543577047
447  0.1682245543577047
448  0.1682245543577047
449  0.16822466391973048
450  0.16822466391973048
451  0.16822466391973048
452  0.16822466391973048
453  0.16822466391973048
454  0.16822466391973048
455  0.16822466391973048
456  0.16822466391973048
457  0.16822466391973048
458  0.16822466391973048
459  0.16822466391973048
460  0.16822466391973048
461  0.1682245543577047
462  0.1682245543577047
463  0.1682245543577047
464  0.1682245543577047
465  0.1682245543577047
466  0.1682245543577047
467  0.1682245543577047
468  0.1682245543577047
469  0.1682245543577047
470  0.1682245543577047
471  0.1682245543577047
472  0.1682245543577047
473  0.1682245543577047
474  0.1682245543577047
475  0.1682245543577047
476  0.1682245543577047
477  0.1682245543577047
478  0.1682245543577047
479  0.1682245543577047
480  0.1682245543577047
481  0.1682245543577047
482  0.1682245543577047
483  0.1682245543577047
484  0.1682245543577047
485  0.1682245543577047
486  0.1682245543577047
487  0.1682245543577047
488  0.1682245543577047
489  0.1682245543577047
490  0.1682245543577047
491  0.1682245543577047
492  0.1682245543577047
493  0.1682245543577047
494  0.1682245543577047
495  0.16822384793194733
496  0.16822384793194733
497  0.16822384793194733
498  0.16822415973040084
499  0.16822418494433256
500  0.16822418494433256
501  0.16822418494433256
502  0.16822418494433256
503  0.16822418494433256
504  0.16822418494433256
505  0.16822418494433256
506  0.16822418494433256
507  0.16822418494433256
508  0.16822418494433256
509  0.16822418494433256
510  0.16822418494433256
511  0.16822418494433256
512  0.16822384793194733
513  0.16822384793194733
514  0.16822405692564268
515  0.16822405692564268
516  0.16822423944070017
517  0.16822405692564268
518  0.16822405692564268
519  0.16822405692564268
520  0.16822405692564268
521  0.16822405692564268
522  0.16822405692564268
523  0.16822405692564268
524  0.16822405692564268
525  0.16822405692564268
526  0.16822405692564268
527  0.16822405692564268
528  0.16822405692564268
529  0.16822405692564268
530  0.16822405692564268
531  0.16822405692564268
532  0.16822405692564268
533  0.16822384793194733
534  0.16822384793194733
535  0.16822384793194733
536  0.16822384793194733
537  0.16822384793194733
538  0.16822384793194733
539  0.16822384793194733
540  0.16822384793194733
541  0.16822384793194733
542  0.16822403044700482
543  0.16822403044700482
544  0.16822403044700482
545  0.16822403044700482
546  0.16822403044700482
547  0.16822403044700482
548  0.16822403044700482
549  0.16822403044700482
550  0.16822403044700482
551  0.16822403044700482
552  0.16822403044700482
553  0.16822403044700482
554  0.16822430513454772
555  0.16822430513454772
556  0.16822430513454772
557  0.16822430513454772
558  0.16822430513454772
559  0.16822430513454772
560  0.16822430513454772
561  0.16822430513454772
562  0.16822430513454772
563  0.16822430513454772
564  0.16822430513454772
565  0.16822430513454772
566  0.16822430513454772
567  0.16822430513454772
568  0.16822430513454772
569  0.16822430513454772
570  0.16822412261949027
571  0.16822412261949027
572  0.16822412261949027
573  0.16822412261949027
574  0.16822412261949027
575  0.16822412261949027
576  0.16822412261949027
577  0.16822412261949027
578  0.16822412261949027
579  0.16822412261949027
580  0.16822412261949027
581  0.16822412261949027
582  0.16822412261949027
583  0.16822412261949027
584  0.16822412261949027
585  0.16822412261949027
586  0.16822412261949027
587  0.16822412261949027
588  0.16822412261949027
589  0.16822412261949027
590  0.16822412261949027
591  0.16822412261949027
592  0.16822412261949027
593  0.16822412261949027
594  0.16822412261949027
595  0.16822412261949027
596  0.16822412261949027
597  0.16822412261949027
598  0.16822412261949027
599  0.16822412261949027
600  0.16822412261949027
601  0.16822412261949027
602  0.16822412261949027
603  0.16822412261949027
604  0.16822412261949027
605  0.16822412261949027
606  0.16822412261949027
607  0.16822412261949027
608  0.16822412261949027
609  0.16822412261949027
610  0.16822412261949027
611  0.16822412261949027
612  0.16822412261949027
613  0.16822412261949027
614  0.16822412261949027
615  0.16822412261949027
616  0.16822412261949027
617  0.16822412261949027
618  0.16822412261949027
619  0.16822412261949027
620  0.16822412261949027
621  0.16822412261949027
622  0.16822412261949027
623  0.16822412261949027
624  0.16822412261949027
625  0.16822412261949027
626  0.16822412261949027
627  0.16822412261949027
628  0.16822412261949027
629  0.16822412261949027
630  0.16822412261949027
631  0.16822412261949027
632  0.16822412261949027
633  0.16822412261949027
634  0.16822412261949027
635  0.16822412261949027
636  0.16822412261949027
637  0.16822412261949027
638  0.16822412261949027
639  0.16822412261949027
640  0.16822430513454772
641  0.16822412261949027
642  0.16822412261949027
643  0.16822412261949027
644  0.16822412261949027
645  0.16822412261949027
646  0.16822412261949027
647  0.16822412261949027
648  0.16822412261949027
649  0.16822412261949027
650  0.16822412261949027
651  0.16822384793194733
652  0.16822384793194733
653  0.16822384793194733
654  0.16822384793194733
655  0.16822384793194733
656  0.16822384793194733
657  0.16822384793194733
658  0.16822384793194733
659  0.16822384793194733
660  0.16822384793194733
661  0.16822384793194733
662  0.16822384793194733
663  0.16822384793194733
664  0.16822384793194733
665  0.16822384793194733
666  0.16822384793194733
667  0.16822384793194733
668  0.16822384793194733
669  0.16822384793194733
670  0.16822384793194733
671  0.16822384793194733
672  0.16822384793194733
673  0.16822384793194733
674  0.16822384793194733
675  0.16822384793194733
676  0.16822384793194733
677  0.16822384793194733
678  0.16822384793194733
679  0.16822384793194733
680  0.16822384793194733
681  0.16822384793194733
682  0.16822384793194733
683  0.16822384793194733
684  0.16822384793194733
685  0.16822384793194733
686  0.16822384793194733
687  0.16822384793194733
688  0.16822384793194733
689  0.16822384793194733
690  0.16822384793194733
691  0.16822384793194733
692  0.16822384793194733
693  0.16822384793194733
694  0.16822384793194733
695  0.16822384793194733
696  0.16822384793194733
697  0.16822384793194733
698  0.16822384793194733
699  0.16822384793194733
700  0.16822384793194733
701  0.16822384793194733
702  0.16822384793194733
703  0.16822384793194733
704  0.16822384793194733
705  0.16822384793194733
706  0.16822384793194733
707  0.16822384793194733
708  0.16822384793194733
709  0.16822384793194733
710  0.16822384793194733
711  0.16822384793194733
712  0.16822384793194733
713  0.16822384793194733
714  0.16822384793194733
715  0.16822384793194733
716  0.16822384793194733
717  0.16822384793194733
718  0.16822384793194733
719  0.16822384793194733
720  0.16822384793194733
721  0.16822384793194733
722  0.16822384793194733
723  0.16822384793194733
724  0.16822384793194733
725  0.16822384793194733
726  0.16822384793194733
727  0.16822384793194733
728  0.16822384793194733
729  0.16822384793194733
730  0.16822384793194733
731  0.16822384793194733
732  0.16822384793194733
733  0.16822384793194733
734  0.16822384793194733
735  0.16822384793194733
736  0.16822384793194733
737  0.16822384793194733
738  0.16822384793194733
739  0.16822384793194733
740  0.16822384793194733
741  0.16822384793194733
742  0.16822384793194733
743  0.16822384793194733
744  0.16822384793194733
745  0.16822384793194733
746  0.16822384793194733
747  0.16822384793194733
748  0.16822384793194733
749  0.16822384793194733
750  0.16822384793194733
751  0.16822384793194733
752  0.16822384793194733
753  0.16822384793194733
754  0.16822384793194733
755  0.16822384793194733
756  0.16822384793194733
757  0.16822384793194733
758  0.16822384793194733
759  0.16822384793194733
760  0.16822384793194733
761  0.16822384793194733
762  0.16822384793194733
763  0.16822384793194733
764  0.16822384793194733
765  0.16822384793194733
766  0.16822384793194733
767  0.16822384793194733
768  0.16822384793194733
769  0.16822384793194733
770  0.16822384793194733
771  0.16822384793194733
772  0.16822384793194733
773  0.16822384793194733
774  0.16822384793194733
775  0.16822384793194733
776  0.16822384793194733
777  0.16822384793194733
778  0.16822384793194733
779  0.16822384793194733
780  0.16822384793194733
781  0.16822384793194733
782  0.16822384793194733
783  0.16822384793194733
784  0.16822384793194733
785  0.16822384793194733
786  0.16822384793194733
787  0.16822384793194733
788  0.16822384793194733
789  0.16822384793194733
790  0.16822384793194733
791  0.16822384793194733
792  0.16822384793194733
793  0.16822384793194733
794  0.16822384793194733
795  0.16822384793194733
796  0.16822384793194733
797  0.16822384793194733
798  0.16822384793194733
799  0.16822384793194733
800  0.16822384793194733
801  0.16822384793194733
802  0.16822384793194733
803  0.16822384793194733
804  0.16822384793194733
805  0.16822384793194733
806  0.16822384793194733
807  0.16822384793194733
808  0.16822384793194733
809  0.16822384793194733
810  0.16822384793194733
811  0.16822384793194733
812  0.16822384793194733
813  0.16822384793194733
814  0.16822384793194733
815  0.16822384793194733
816  0.16822384793194733
817  0.16822384793194733
818  0.16822384793194733
819  0.16822384793194733
820  0.16822384793194733
821  0.16822384793194733
822  0.16822384793194733
823  0.16822384793194733
824  0.16822384793194733
825  0.16822384793194733
826  0.16822384793194733
827  0.16822384793194733
828  0.16822384793194733
829  0.16822384793194733
830  0.16822384793194733
831  0.16822384793194733
832  0.16822384793194733
833  0.16822384793194733
834  0.16822384793194733
835  0.16822384793194733
836  0.16822384793194733
837  0.16822384793194733
838  0.16822384793194733
839  0.16822384793194733
840  0.16822384793194733
841  0.16822384793194733
842  0.16822384793194733
843  0.16822384793194733
844  0.16822384793194733
845  0.16822384793194733
846  0.16822384793194733
847  0.16822384793194733
848  0.16822384793194733
849  0.16822384793194733
850  0.16822384793194733
851  0.16822384793194733
852  0.16822384793194733
853  0.16822384793194733
854  0.16822384793194733
855  0.16822384793194733
856  0.16822384793194733
857  0.16822384793194733
858  0.16822384793194733
859  0.16822384793194733
860  0.16822384793194733
861  0.16822384793194733
862  0.16822384793194733
863  0.16822384793194733
864  0.16822384793194733
865  0.16822384793194733
866  0.16822384793194733
867  0.16822384793194733
868  0.16822384793194733
869  0.16822384793194733
870  0.16822384793194733
871  0.16822384793194733
872  0.16822384793194733
873  0.16822384793194733
874  0.16822384793194733
875  0.16822384793194733
876  0.16822384793194733
877  0.16822384793194733
878  0.16822384793194733
879  0.16822384793194733
880  0.16822384793194733
881  0.16822384793194733
882  0.16822384793194733
883  0.16822384793194733
884  0.16822384793194733
885  0.16822384793194733
886  0.16822384793194733
887  0.16822384793194733
888  0.16822384793194733
889  0.16822384793194733
890  0.16822384793194733
891  0.16822384793194733
892  0.16822384793194733
893  0.16822384793194733
894  0.16822384793194733
895  0.16822384793194733
