1 15 4831 1 0 0 0 0 0 0 1 0 1 1 0 0 0 1 0.0
2 15 4280 0 0 1 0 0 1 0 1 1 0 0 1 0 0 0 0.0
3 15 4127 0 0 1 0 0 0 0 1 1 1 0 0 0 1 0 0.0
4 15 2832 0 0 1 0 0 0 0 1 0 1 0 0 0 1 0 0.0
5 15 3856 0 0 0 0 0 0 1 0 0 0 1 0 0 1 0 0.0
6 15 3323 1 0 0 0 1 0 0 0 0 0 0 0 1 0 0 0.0
7 15 5687 0 0 1 0 0 0 0 0 0 1 0 0 0 1 1 0.0
8 15 2384 0 0 1 0 0 0 0 0 1 0 1 0 1 0 0 0.0
9 15 4606 0 0 1 1 0 0 1 0 0 0 0 1 0 1 0 0.0
10 15 5544 1 0 1 0 1 0 0 1 1 0 0 0 0 0 0 0.0
11 15 2521 0 0 1 0 0 0 0 0 0 1 1 0 0 0 0 0.0
12 15 5204 0 0 0 1 1 0 0 0 0 0 1 0 0 1 0 0.0
13 15 4463 1 0 0 1 1 0 0 0 1 0 0 1 0 0 0 0.0
14 15 4967 0 0 0 1 0 1 0 1 1 0 0 0 0 0 0 0.0
15 15 3014 0 1 0 1 0 0 0 1 0 0 1 0 0 0 0 0.0
16 15 4036 0 0 1 1 0 0 0 0 0 0 0 0 1 0 0 0.0
17 15 4825 0 1 0 0 1 1 0 0 0 0 0 1 0 0 0 0.0
18 15 3177 0 0 1 0 0 0 0 1 0 0 0 0 1 0 0 0.0
19 15 4267 0 1 0 0 1 0 0 1 1 0 0 0 0 0 0 0.0
20 15 4210 1 0 0 0 0 1 0 1 1 0 0 0 0 0 0 0.0
21 15 5000 0 0 1 1 0 0 1 0 0 0 1 0 1 0 0 0.0
22 15 3519 0 0 1 0 0 0 0 1 0 1 0 0 1 0 0 0.0
23 15 5316 0 0 0 0 1 1 0 0 0 0 0 1 1 0 0 0.0
24 15 3215 0 1 1 0 1 0 0 0 1 0 0 0 0 0 0 0.0
25 15 4429 0 1 0 0 0 1 0 1 0 0 0 0 1 0 0 0.0
26 15 4981 0 0 0 1 1 0 0 0 0 0 1 1 0 0 1 0.0
27 15 2503 0 0 0 1 0 0 1 0 0 0 0 1 0 0 0 0.0
28 15 3211 1 0 1 0 0 1 1 0 0 0 0 0 0 0 0 0.0
29 15 2502 0 1 0 1 0 1 0 0 0 0 0 0 0 0 0 0.0
30 15 3969 0 0 0 0 0 0 0 0 0 0 0 1 1 1 1 0.0
31 15 3095 0 1 0 1 0 0 0 0 0 0 0 1 0 0 0 0.0
32 15 4800 0 0 0 1 0 1 1 0 0 0 0 0 1 0 1 0.0
33 15 5158 1 0 1 0 0 0 0 0 0 0 1 1 1 0 0 0.0
34 15 3580 0 1 0 0 0 1 1 0 0 0 0 0 1 0 0 0.0
35 15 5203 1 1 0 0 0 0 1 0 0 1 0 0 0 0 0 0.0
36 15 2148 0 0 0 0 0 0 0 0 0 0 1 1 0 0 0 0.0
37 15 4358 1 0 0 0 1 0 1 1 0 0 0 0 0 0 0 0.0
38 15 4132 0 1 0 1 0 0 1 1 0 1 0 1 1 0 0 0.0
39 15 4789 0 1 0 0 0 1 1 0 1 0 0 0 0 1 0 0.0
40 15 4101 0 0 0 0 1 0 1 0 0 0 1 0 0 0 0 0.0
41 15 3641 0 0 0 0 1 0 1 1 0 0 0 0 0 0 0 0.0
42 15 3965 0 1 0 0 1 0 0 0 0 0 0 0 0 1 1 0.0
43 15 3498 0 0 1 0 0 0 1 0 0 0 0 0 1 0 0 0.0
44 15 4277 1 1 1 0 0 0 0 0 0 0 0 0 1 0 0 0.0
45 15 3684 1 1 1 0 0 0 0 0 0 0 0 1 0 0 0 0.0
46 15 5790 0 0 0 1 1 0 0 0 1 0 1 1 0 0 0 0.0
47 15 2652 0 1 1 0 0 1 0 0 0 0 0 1 0 0 0 0.0
48 15 3229 0 0 0 0 0 1 0 0 0 0 0 1 0 0 1 0.0
49 15 5831 0 1 1 0 0 1 0 0 1 0 0 0 0 1 0 0.0
50 15 2596 1 0 0 0 0 1 0 0 1 0 0 0 0 0 0 0.0
51 15 5384 0 1 1 0 0 1 0 0 0 0 0 1 0 0 1 0.0
52 15 3299 0 1 0 1 0 0 0 0 1 0 1 0 0 1 0 0.0
53 15 4447 1 0 0 0 1 0 0 0 0 1 0 0 1 0 1 0.0
54 15 3310 0 0 1 0 0 0 0 1 0 0 0 0 1 1 0 0.0
55 15 3631 0 0 0 0 0 1 1 0 0 0 0 0 1 0 0 0.0
56 15 3649 0 1 1 0 0 0 0 0 0 0 1 0 0 0 0 0.0
57 15 3615 0 0 1 0 0 0 0 1 0 0 1 0 0 0 0 0.0
58 15 2681 0 0 0 0 0 0 0 0 0 0 1 0 1 0 0 0.0
59 15 2601 1 0 0 1 0 0 0 0 0 0 0 0 0 0 1 0.0
60 15 3787 0 0 0 0 0 1 0 0 0 0 1 1 1 0 0 0.0
61 15 3738 0 0 1 0 0 0 0 1 0 0 0 1 0 0 0 0.0
62 15 5165 0 1 0 0 0 0 1 0 0 0 1 0 1 1 0 0.0
63 15 5303 1 0 1 0 1 0 0 0 1 1 0 0 0 1 0 0.0
64 15 6387 1 0 0 0 1 0 1 0 0 1 0 0 0 0 1 0.0
65 15 4046 0 0 1 1 0 0 0 1 0 0 0 0 1 0 0 0.0
66 15 5177 0 0 0 1 0 0 0 1 0 0 0 1 0 1 0 0.0
67 15 3577 0 0 0 0 0 0 0 0 0 0 1 1 0 0 1 0.0
68 15 4736 0 0 1 0 0 0 0 1 1 0 0 1 0 0 0 0.0
69 15 3665 0 1 0 0 0 0 1 1 0 0 0 0 0 0 0 0.0
70 15 3148 0 1 0 0 1 0 0 0 0 0 0 1 0 1 0 0.0
71 15 3722 0 1 0 0 0 0 0 0 0 0 0 1 1 0 0 0.0
72 15 3179 0 0 1 1 0 1 0 0 0 1 0 0 0 0 0 0.0
73 15 3341 0 1 0 0 0 1 0 0 1 0 0 0 1 0 0 0.0
74 15 4683 1 0 0 0 0 0 1 0 0 0 1 1 0 0 0 0.0
75 15 3086 0 1 0 0 0 0 0 0 1 1 0 0 0 0 1 0.0
76 15 5613 1 0 1 0 0 1 0 0 1 0 0 0 0 0 1 0.0
77 15 4464 0 0 1 1 0 0 0 0 0 1 1 0 0 0 0 0.0
78 15 2611 0 1 0 0 0 0 1 1 0 0 0 0 0 0 0 0.0
79 15 3856 1 0 0 1 0 1 0 0 0 0 0 0 0 0 0 0.0
80 15 3329 1 0 1 0 1 0 0 0 0 0 0 0 0 0 0 0.0
81 15 3558 0 0 0 0 0 0 0 1 0 0 0 0 1 0 1 0.0
82 15 4367 0 0 0 1 0 0 0 0 1 0 0 1 0 0 1 0.0
83 15 2666 0 0 0 0 0 0 0 0 0 1 0 0 0 0 1 0.0
84 15 3192 0 0 0 1 0 1 1 1 0 0 0 0 0 0 0 0.0
85 15 6968 0 1 1 1 0 0 0 1 0 0 0 0 1 0 0 0.0
86 15 3795 1 1 0 0 0 0 1 0 0 1 0 0 0 0 0 0.0
87 15 3498 1 0 0 0 0 1 0 0 0 0 1 1 0 0 0 0.0
88 15 3850 0 0 0 0 1 1 1 0 0 1 0 0 1 0 0 0.0
89 15 4614 1 1 0 0 0 1 0 0 0 1 1 0 0 0 0 0.0
90 15 3072 0 0 0 0 0 1 0 0 0 0 0 0 1 0 1 0.0
91 15 3876 0 0 0 0 0 1 1 0 0 1 0 0 0 0 1 0.0
92 15 3987 0 0 0 1 0 0 0 0 0 0 1 1 0 1 0 0.0
93 15 3279 0 1 0 1 0 1 0 0 0 0 0 0 0 0 0 0.0
94 15 3563 0 0 1 0 0 0 1 0 1 0 1 0 1 0 0 0.0
95 15 5267 0 0 0 1 0 0 1 0 1 0 1 1 0 0 0 0.0
96 15 3479 1 0 0 0 0 1 0 0 0 0 1 0 0 0 0 0.0
97 15 3931 1 0 0 0 1 0 0 1 0 0 0 0 1 0 0 0.0
98 15 4508 0 0 0 0 0 1 1 1 0 0 0 1 0 1 0 0.0
99 15 3451 1 1 0 0 0 0 0 0 0 0 0 0 0 1 1 0.0
100 15 3048 0 0 1 0 0 0 1 0 0 1 0 0 0 0 0 0.0
101 15 3809 0 1 0 0 0 0 1 0 0 0 0 0 1 1 0 0.0
102 15 3123 1 0 1 1 0 1 1 0 0 0 1 0 0 0 0 0.0
103 15 5660 1 0 0 0 1 1 0 1 0 0 1 0 1 0 0 0.0
104 15 5130 0 1 0 0 1 0 0 0 1 0 0 0 1 0 0 0.0
105 15 4352 0 1 1 0 1 0 0 0 0 0 0 1 0 0 0 0.0
106 15 4722 1 1 0 0 1 0 0 0 0 1 0 0 0 0 0 0.0
107 15 6393 0 1 0 0 1 1 0 0 0 0 0 0 1 1 0 0.0
108 15 4677 1 0 0 0 0 1 0 0 1 0 1 0 0 0 0 0.0
109 15 4723 1 1 0 0 0 1 0 1 1 0 1 0 0 0 0 0.0
110 15 4233 1 0 1 0 0 0 1 1 0 0 0 0 1 1 0 0.0
111 15 3511 1 1 1 0 0 0 0 0 0 0 0 0 1 1 0 0.0
112 15 3677 0 1 0 0 0 0 1 0 0 1 0 0 0 1 0 0.0
113 15 4936 0 1 0 0 1 0 0 1 1 0 0 0 0 0 1 0.0
114 15 3370 0 0 1 1 0 0 0 0 1 0 0 1 0 0 0 0.0
115 15 5238 1 1 0 0 0 0 0 1 0 0 0 1 0 0 1 0.0
116 15 3843 0 0 0 1 1 0 0 0 0 0 0 1 0 0 0 0.0
117 15 4853 0 1 0 0 1 0 1 0 0 1 1 0 0 0 0 0.0
118 15 2357 0 1 1 0 0 0 0 1 0 0 1 0 0 0 0 0.0
119 15 3279 0 0 0 0 1 0 1 0 0 0 0 0 0 0 1 0.0
120 15 4085 0 1 0 0 0 0 1 1 0 0 0 0 1 1 0 0.0
121 15 3374 0 0 0 0 0 0 0 0 1 0 0 1 0 1 0 0.0
122 15 4009 0 0 1 1 0 0 1 1 0 1 0 0 0 0 0 0.0
123 15 2458 0 1 0 0 0 0 0 0 1 1 0 0 0 0 0 0.0
124 15 2959 0 0 1 0 1 0 0 0 0 1 0 0 0 0 0 0.0
125 15 3926 0 0 0 0 0 0 0 1 0 1 0 0 1 1 0 0.0
126 15 4572 0 0 0 0 1 1 1 0 0 0 0 0 0 1 0 0.0
127 15 5909 1 1 1 0 0 0 0 0 0 0 0 1 1 0 0 0.0
128 15 1609 0 0 0 0 0 0 0 1 0 0 0 0 0 0 1 0.0
129 15 4790 0 1 0 1 0 1 0 0 1 0 0 0 0 0 0 0.0
130 15 4368 0 0 0 0 0 1 0 0 0 0 1 1 0 0 1 0.0
131 15 4174 0 0 0 0 1 1 0 1 0 1 0 0 0 0 0 0.0
132 15 4331 1 0 0 1 0 0 1 0 0 0 0 1 0 1 0 0.0
133 15 4229 1 0 1 0 0 0 0 0 0 0 0 1 0 0 0 0.0
134 15 4683 0 0 1 0 1 1 1 0 0 0 0 0 0 1 0 0.0
135 15 5392 0 1 0 1 0 0 0 0 1 0 1 0 1 0 0 0.0
136 15 5224 1 1 0 0 0 0 1 0 1 0 1 0 0 0 0 0.0
137 15 2430 0 0 1 0 1 0 0 0 0 0 0 1 0 0 0 0.0
138 15 4553 0 1 1 0 0 0 0 0 1 0 0 0 0 0 1 0.0
139 15 4896 0 1 0 0 1 0 1 0 1 0 0 0 0 1 0 0.0
140 15 4133 0 0 0 0 1 0 0 0 0 1 1 0 0 1 0 0.0
141 15 4675 1 0 0 0 1 1 0 0 0 0 0 0 1 0 0 0.0
142 15 3684 0 0 0 0 1 1 0 1 0 0 0 0 0 0 1 0.0
143 15 2462 1 1 1 0 0 0 0 0 0 0 0 0 0 0 0 0.0
144 15 4189 1 0 1 0 0 1 0 0 0 0 1 0 0 0 0 0.0
145 15 3437 0 0 0 0 1 0 0 1 0 1 0 0 0 0 0 0.0
146 15 3331 1 0 0 0 0 1 0 0 1 0 0 0 0 0 0 0.0
147 15 1885 0 0 0 1 0 1 0 0 0 0 0 0 0 0 0 0.0
148 15 2645 0 1 1 0 0 1 0 0 0 0 0 0 0 0 1 0.0
149 15 4811 1 0 0 1 0 0 0 0 0 1 0 1 0 1 0 0.0
150 15 4145 0 0 0 1 0 0 0 0 1 1 0 0 0 0 1 0.0
151 15 6811 1 0 1 0 0 0 1 0 0 1 0 0 1 1 1 0.0
152 15 3185 0 0 0 0 1 0 0 1 0 0 0 0 0 1 0 0.0
153 15 4004 0 0 1 0 0 0 1 1 0 0 0 1 0 0 0 0.0
154 15 3583 0 0 0 0 1 1 0 0 0 0 0 0 0 1 1 0.0
155 15 4550 0 0 1 0 0 1 0 0 1 0 0 0 1 0 0 0.0
156 15 3068 0 0 0 0 0 0 0 0 1 0 1 1 0 0 1 0.0
157 15 4278 0 1 0 0 0 0 0 1 1 1 0 0 0 0 0 0.0
158 15 4885 0 0 1 1 0 0 1 1 0 0 0 0 0 0 0 0.0
159 15 3611 0 0 0 0 0 0 0 1 0 1 1 1 1 0 0 0.0
160 15 2775 0 0 0 0 1 0 0 0 1 0 0 1 0 0 1 0.0
161 15 4172 0 1 0 0 1 0 0 0 1 0 0 0 1 0 0 0.0
162 15 5221 0 1 0 0 1 0 0 1 0 0 1 0 1 0 0 0.0
163 15 4013 1 0 0 0 0 0 0 0 0 1 0 0 0 0 1 0.0
164 15 5918 0 0 0 1 1 1 0 0 0 1 0 0 1 0 0 0.0
165 15 3425 1 0 0 0 0 0 1 1 0 0 0 0 0 0 0 0.0
166 15 2860 1 0 0 0 1 1 0 0 0 0 0 0 0 0 1 0.0
167 15 5853 0 0 1 0 0 1 1 1 0 0 0 0 0 1 0 0.0
168 15 4030 0 0 1 1 0 0 0 0 0 0 0 0 1 0 1 0.0
169 15 4819 1 0 0 0 0 0 1 0 0 0 0 1 0 0 1 0.0
170 15 3519 1 1 0 0 1 0 0 0 0 0 1 0 0 0 0 0.0
171 15 3214 0 0 0 0 0 0 1 1 1 1 0 0 0 0 0 0.0
172 15 2802 1 0 0 0 0 1 0 0 0 1 0 0 0 0 0 0.0
173 15 4466 0 1 0 0 1 0 0 0 0 0 1 0 1 1 0 0.0
174 15 4236 0 0 0 0 1 0 1 1 0 0 0 0 0 0 1 0.0
175 15 2538 1 0 0 0 0 1 0 0 0 0 0 0 0 0 0 0.0
176 15 4130 0 0 0 0 0 0 0 0 0 1 0 1 1 0 1 0.0
177 15 2504 0 0 0 0 0 0 1 0 0 0 1 0 0 0 1 0.0
178 15 4220 0 1 0 0 0 0 1 0 0 0 0 0 1 1 0 0.0
179 15 3319 0 0 0 1 0 0 0 0 0 0 0 0 0 1 1 0.0
180 15 2267 0 1 0 0 0 1 0 1 1 0 0 0 0 0 0 0.0
181 15 5044 1 1 0 1 0 0 0 1 0 0 0 0 0 0 0 0.0
182 15 6098 1 0 0 0 1 1 0 0 1 0 0 0 1 0 1 0.0
183 15 3987 0 0 0 1 0 1 1 0 0 0 0 1 0 0 0 0.0
184 15 3054 0 0 0 0 1 0 1 1 0 0 0 0 0 1 0 0.0
185 15 2940 1 0 0 1 0 0 1 0 0 0 0 0 0 0 0 0.0
186 15 3636 1 0 1 0 0 0 0 1 0 0 0 0 1 0 0 0.0
187 15 3799 0 0 0 1 0 0 0 0 0 0 0 1 1 0 0 0.0
188 15 4752 0 1 0 0 0 0 0 0 1 0 0 0 1 1 1 0.0
189 15 3428 0 0 1 0 0 0 0 1 0 0 1 0 0 0 0 0.0
190 15 5356 1 0 0 1 1 0 0 0 0 0 1 1 1 0 0 0.0
191 15 4841 1 0 0 0 0 0 0 0 1 0 1 1 0 0 1 0.0
192 15 5413 1 0 1 0 0 0 0 1 0 1 0 0 1 0 0 0.0
193 15 3065 0 0 1 0 1 0 0 0 0 0 1 0 0 0 0 0.0
194 15 2836 1 0 1 1 0 0 0 0 0 0 0 0 0 1 0 0.0
195 15 5187 0 0 1 1 0 0 1 1 0 0 0 1 1 0 0 0.0
196 15 3576 0 0 1 0 1 0 0 1 0 0 0 0 0 1 1 0.0
197 15 3942 1 1 0 0 0 1 1 0 0 0 0 0 0 0 0 0.0
198 15 3656 0 1 0 1 0 0 1 0 0 1 1 0 0 0 0 0.0
199 15 4248 0 1 0 0 1 0 1 0 0 0 0 1 1 0 0 0.0
200 15 1937 0 0 1 0 0 0 0 0 0 0 1 0 0 0 1 0.0
201 15 4870 0 0 1 0 1 0 0 0 0 0 0 0 1 0 1 0.0
202 15 3271 1 0 1 1 0 0 1 0 0 0 0 0 0 0 0 0.0
203 15 4869 0 0 0 0 0 1 1 1 0 0 0 0 1 0 1 0.0
204 15 4978 0 0 1 0 0 0 0 1 0 1 1 0 1 0 0 0.0
205 15 4189 0 0 0 0 0 0 1 0 1 0 0 0 0 0 1 0.0
206 15 6419 0 1 0 1 0 1 1 0 0 0 1 0 0 0 0 0.0
207 15 4089 0 0 1 1 1 0 0 0 0 0 0 0 0 0 1 0.0
208 15 4057 0 0 0 0 1 0 0 1 1 0 1 0 0 0 0 0.0
209 15 3760 0 0 1 0 1 0 1 0 0 0 0 0 0 0 0 0.0
210 15 3250 0 0 0 0 1 0 1 0 1 0 0 0 1 0 0 0.0
211 15 3943 1 0 0 1 0 0 0 1 0 0 0 1 0 0 0 0.0
212 15 3043 1 0 0 1 0 0 0 0 0 0 0 0 1 0 1 0.0
213 15 6447 1 0 1 0 1 1 0 0 1 0 0 1 0 0 0 0.0
214 15 4358 0 1 1 1 0 0 0 0 0 1 0 0 0 0 0 0.0
215 15 5464 1 0 1 1 0 0 0 0 0 1 0 0 1 0 0 0.0
216 15 3626 0 1 1 1 0 0 0 0 0 1 0 0 0 0 0 0.0
217 15 6069 0 0 0 1 1 1 0 0 0 0 0 1 1 0 0 0.0
218 15 2628 1 1 0 1 0 0 0 0 0 0 0 0 0 0 0 0.0
219 15 3435 0 1 0 0 1 1 0 0 0 1 0 0 1 0 0 0.0
220 15 3957 1 1 0 0 0 0 0 0 1 1 0 0 0 0 1 0.0
221 15 2160 0 0 0 0 1 1 0 0 0 1 0 0 0 0 0 0.0
222 15 5157 0 1 1 1 0 0 0 0 0 1 1 0 0 0 0 0.0
223 15 4262 1 1 0 0 0 0 0 1 0 1 0 0 0 0 1 0.0
224 15 6042 0 0 1 1 0 0 0 0 0 0 1 1 0 1 1 0.0
225 15 3398 0 1 1 0 0 1 0 0 0 0 0 1 0 0 0 0.0
226 15 2265 1 0 0 0 0 0 0 1 0 0 0 0 0 0 0 0.0
227 15 3475 0 1 0 0 0 0 0 1 0 0 1 1 0 0 0 0.0
228 15 4601 1 0 0 0 0 1 1 1 0 0 0 1 0 0 0 0.0
229 15 5278 0 0 0 0 0 1 1 0 0 0 1 0 0 1 0 0.0
230 15 3311 0 0 0 0 0 1 0 1 1 0 1 0 0 0 0 0.0
231 15 5592 1 1 0 0 0 0 1 0 0 1 0 1 0 0 0 0.0
232 15 3806 0 0 0 0 0 0 0 0 0 1 1 0 1 0 0 0.0
233 15 3907 0 0 0 0 1 0 0 0 1 1 0 0 0 0 1 0.0
234 15 3275 0 0 0 0 0 0 0 1 0 1 0 0 1 0 0 0.0
235 15 4864 0 0 0 0 0 0 0 0 0 1 0 1 1 1 0 0.0
236 15 3167 0 0 1 1 0 0 0 0 0 0 0 1 1 0 0 0.0
237 15 3358 0 0 0 0 0 0 1 0 0 0 1 1 0 0 0 0.0
238 15 5434 0 0 1 1 0 0 1 0 0 0 0 1 1 1 0 0.0
239 15 4134 0 1 0 0 0 0 1 0 0 0 1 0 1 0 0 0.0
240 15 4413 1 1 0 0 1 1 0 0 1 0 0 0 0 1 0 0.0
241 15 3749 1 1 0 0 0 0 1 0 0 1 0 0 0 0 0 0.0
242 15 3147 0 0 0 1 0 0 0 0 1 0 0 0 0 1 1 0.0
243 15 3857 1 0 0 0 0 0 0 0 0 1 0 0 0 0 1 0.0
244 15 4532 0 1 1 1 1 0 0 1 0 0 0 0 0 0 0 0.0
245 15 3120 1 0 0 1 0 0 1 0 0 0 0 0 1 0 0 0.0
246 15 5129 0 1 0 1 0 1 0 0 1 0 0 1 0 0 0 0.0
247 15 2510 0 1 0 0 0 0 0 0 0 0 1 0 1 1 0 0.0
248 15 4729 0 0 0 1 1 0 0 0 0 1 0 1 0 0 1 0.0
249 15 3464 0 0 0 0 0 0 1 0 1 0 0 0 1 1 0 0.0
250 15 4874 1 0 1 1 0 0 0 0 0 0 0 1 0 0 1 0.0
251 15 3627 0 0 0 0 0 0 0 1 1 1 0 1 0 0 0 0.0
252 15 4530 1 0 1 0 0 1 0 0 0 0 0 0 0 0 1 0.0
253 15 3797 0 0 1 0 0 1 1 0 0 0 0 1 0 0 0 0.0
254 15 4453 1 1 0 0 0 1 0 0 0 0 0 0 1 0 0 0.0
255 15 4934 0 1 0 1 0 0 0 1 0 0 1 1 1 0 0 0.0
256 15 2670 0 0 1 1 0 0 0 0 0 0 1 0 0 0 0 0.0
257 15 3981 1 1 1 0 0 0 0 0 1 0 0 0 0 0 0 0.0
258 15 3960 0 1 0 1 0 0 1 0 0 0 0 1 0 0 0 0.0
259 15 3171 0 1 1 0 0 0 0 0 0 1 0 0 0 0 0 0.0
260 15 4705 0 0 0 0 1 0 1 0 1 0 0 1 0 0 0 0.0
261 15 2282 0 0 0 0 1 0 1 0 1 0 0 1 0 0 0 0.0
262 15 4829 0 1 0 0 1 1 0 0 0 1 0 0 0 0 0 0.0
263 15 4865 0 1 1 0 0 0 0 0 1 0 0 0 0 0 1 0.0
264 15 2606 0 0 1 1 0 0 0 0 0 0 0 0 0 0 1 0.0
265 15 3083 0 1 0 1 0 1 0 0 0 0 0 0 0 0 0 0.0
266 15 4354 0 1 0 0 0 0 0 1 0 0 1 0 1 0 0 0.0
267 15 5030 0 0 0 1 0 0 0 0 1 1 1 0 0 1 0 0.0
268 15 3370 0 0 1 1 0 1 0 0 1 0 0 0 0 0 0 0.0
269 15 6734 0 0 0 1 0 0 1 0 0 1 0 1 1 0 0 0.0
270 15 5068 1 1 1 1 0 0 0 0 0 0 0 1 0 0 0 0.0
271 15 3977 1 0 1 0 0 0 1 0 0 0 0 0 0 1 1 0.0
272 15 4966 0 1 0 1 0 1 0 0 0 1 1 0 0 0 0 0.0
273 15 4654 1 0 1 1 0 0 0 0 0 0 0 0 0 0 1 0.0
274 15 3075 1 0 0 0 0 0 0 0 0 0 1 0 0 1 1 0.0
275 15 4881 0 0 0 0 0 1 0 0 1 0 1 0 0 0 1 0.0
276 15 5388 0 1 1 0 0 0 0 1 0 1 0 0 0 0 0 0.0
277 15 4850 0 1 0 0 0 1 0 0 1 0 0 1 0 0 0 0.0
278 15 3895 1 0 0 0 1 1 0 1 0 1 0 0 0 0 0 0.0
279 15 4296 0 0 0 0 0 1 0 0 1 0 1 1 0 0 1 0.0
280 15 5088 0 0 1 0 1 1 0 0 0 0 0 0 0 0 1 0.0
281 15 2720 0 1 0 0 0 0 0 0 0 1 0 0 0 1 0 0.0
282 15 2270 0 0 0 1 0 0 0 0 0 0 0 1 0 0 1 0.0
283 15 3283 0 1 0 0 1 0 0 0 1 0 0 0 0 0 0 0.0
284 15 4811 0 1 1 0 0 0 1 1 0 0 0 0 0 0 0 0.0
285 15 6075 1 0 0 0 1 0 0 0 0 0 1 1 0 0 1 0.0
286 15 7794 1 1 1 0 1 0 0 0 0 0 0 0 1 0 1 0.0
287 15 4853 0 0 0 0 1 1 1 1 0 0 1 0 0 0 0 0.0
288 15 4266 1 0 0 0 0 0 1 0 0 0 0 1 0 1 0 0.0
289 15 4342 0 0 1 0 0 0 1 1 0 1 0 0 1 0 1 0.0
290 15 4595 0 0 1 0 0 0 0 1 1 0 0 1 0 0 0 0.0
291 15 3202 0 0 0 0 0 0 0 1 0 0 1 0 1 0 0 0.0
292 15 4718 1 0 1 1 0 0 0 0 0 0 1 1 0 0 0 0.0
293 15 2631 0 0 1 0 1 0 0 0 0 0 0 0 0 1 0 0.0
294 15 4186 1 1 0 1 0 0 1 1 0 0 0 0 0 0 0 0.0
295 15 5164 0 1 0 0 0 0 1 0 0 1 1 0 0 0 1 0.0
296 15 3071 0 0 0 0 0 1 0 1 0 0 0 1 0 0 1 0.0
297 15 3726 0 0 0 1 0 0 0 0 1 1 0 0 0 0 1 0.0
298 15 2888 0 0 1 0 0 0 1 0 0 0 0 0 0 0 1 0.0
299 15 5472 0 0 0 0 0 1 0 1 0 1 0 1 1 0 1 0.0
300 15 3746 0 0 0 0 0 0 0 0 1 0 0 0 1 0 1 0.0
301 15 2916 1 0 0 0 1 0 0 0 0 0 0 0 0 0 1 0.0
302 15 3567 0 0 0 0 0 0 0 1 1 0 1 0 0 0 1 0.0
303 15 4279 0 1 1 0 0 1 0 1 0 1 0 0 0 1 0 0.0
304 15 3842 0 0 0 1 1 0 0 1 0 0 0 0 0 1 0 0.0
305 15 1964 0 1 0 0 0 0 0 0 0 0 1 1 0 0 0 0.0
306 15 3473 0 1 0 1 0 0 1 0 0 1 0 0 0 1 0 0.0
307 15 2376 0 0 0 0 0 0 0 1 0 1 0 0 0 0 1 0.0
308 15 4129 0 0 0 1 1 0 0 1 1 0 0 1 0 0 1 0.0
309 15 2758 0 0 0 1 0 0 0 0 0 0 1 0 1 0 0 0.0
310 15 4559 0 1 1 0 0 0 0 1 1 0 0 0 0 0 1 0.0
311 15 5027 0 0 0 0 0 0 0 0 1 0 1 1 0 0 1 0.0
312 15 5012 1 1 1 0 0 1 0 0 1 0 0 0 0 0 0 0.0
313 15 4044 0 0 1 0 0 0 0 0 0 0 0 1 1 0 0 0.0
314 15 4560 0 0 0 1 0 1 0 1 0 0 1 1 0 0 0 0.0
315 15 3428 0 1 0 0 0 0 0 0 0 1 0 1 0 0 0 0.0
316 15 6551 1 0 0 0 1 1 0 0 0 0 1 0 1 1 0 0.0
317 15 3353 0 1 0 0 0 1 0 1 1 1 0 0 0 0 0 0.0
318 15 2708 0 0 0 0 0 1 0 0 0 0 0 1 0 0 0 0.0
319 15 3143 0 1 0 0 1 0 0 0 0 0 0 1 0 0 0 0.0
320 15 3258 0 1 0 1 0 0 0 0 1 0 0 0 0 0 0 0.0
321 15 6158 1 1 0 0 0 1 0 0 0 1 1 0 0 0 0 0.0
322 15 3287 0 0 0 1 0 0 0 1 1 0 0 0 0 0 1 0.0
323 15 5844 0 1 0 1 0 1 0 1 0 1 0 0 0 0 0 0.0
324 15 3868 0 1 0 1 1 0 0 0 0 0 0 0 1 0 0 0.0
325 15 4931 0 1 0 0 0 1 0 1 1 0 0 0 0 0 0 0.0
326 15 4019 1 1 0 0 0 0 0 0 0 0 1 0 1 0 0 0.0
327 15 2336 0 0 0 0 0 1 1 0 0 1 0 0 0 0 1 0.0
328 15 5424 0 0 0 1 1 0 0 0 0 0 0 1 1 0 1 0.0
329 15 5037 0 0 1 0 0 1 0 0 1 0 0 0 1 0 0 0.0
330 15 4777 0 1 0 0 0 1 0 1 1 0 0 0 0 0 0 0.0
331 15 3382 0 0 0 0 0 0 0 1 0 0 1 1 0 1 0 0.0
332 15 5132 0 0 0 0 0 0 0 0 1 1 0 0 0 1 1 0.0
333 15 3480 0 0 0 0 0 0 1 1 0 0 1 0 0 0 0 0.0
334 15 3524 0 0 0 0 0 1 1 0 0 0 1 1 0 0 0 0.0
335 15 4691 1 0 0 1 0 1 0 1 0 0 1 0 0 0 0 0.0
336 15 4215 0 1 0 0 1 0 1 0 0 0 0 0 0 0 1 0.0
337 15 4592 0 1 0 0 0 0 0 1 0 0 0 0 0 1 1 0.0
338 15 3096 0 1 1 0 0 0 0 0 0 0 0 1 0 1 0 0.0
339 15 4536 0 0 0 0 1 0 0 1 0 0 0 1 1 0 0 0.0
340 15 3641 1 0 1 0 0 0 0 1 0 0 0 0 0 0 0 0.0
341 15 3948 0 1 0 0 0 0 0 1 0 0 0 1 0 1 0 0.0
342 15 3475 0 0 0 0 1 1 0 0 0 0 0 0 1 1 0 0.0
343 15 3902 0 0 1 1 0 0 0 0 0 0 1 0 0 0 0 0.0
344 15 2412 1 0 1 0 0 0 0 0 0 0 1 0 0 0 1 0.0
345 15 3787 1 0 0 1 0 0 1 0 1 0 0 1 0 0 0 0.0
346 15 2787 0 1 0 0 1 0 0 0 0 1 0 0 0 0 0 0.0
347 15 5185 0 0 0 1 1 0 0 0 0 0 1 0 1 1 0 0.0
348 15 2483 0 0 0 0 1 0 0 1 0 0 1 0 0 0 0 0.0
349 15 5930 0 0 0 1 1 1 0 0 0 0 0 0 0 1 1 0.0
350 15 2447 0 1 0 0 0 0 0 0 0 0 1 0 0 0 0 0.0
351 15 6992 1 0 0 1 0 0 0 0 0 1 0 1 1 1 1 0.0
352 15 4219 0 0 1 0 1 0 0 1 0 0 0 0 0 0 0 0.0
353 15 4660 0 0 0 0 1 1 0 0 1 0 1 0 1 0 0 0.0
354 15 2832 0 0 0 0 1 0 1 0 0 0 1 0 0 0 0 0.0
355 15 3421 0 0 0 1 0 0 0 0 0 0 0 1 0 1 0 0.0
356 15 3166 1 0 0 0 0 0 0 1 0 0 0 0 1 0 1 0.0
357 15 3339 1 0 1 1 0 0 0 0 0 0 0 0 0 0 0 0.0
358 15 3539 1 0 0 1 1 1 0 0 0 0 0 0 0 0 0 0.0
359 15 3357 0 1 0 0 1 0 0 1 0 1 0 0 1 0 0 0.0
360 15 3756 0 0 0 1 0 1 0 0 0 0 0 1 0 0 0 0.0
361 15 5590 0 1 0 0 1 1 0 1 1 0 0 0 1 0 0 0.0
362 15 3894 0 0 1 1 0 0 0 0 0 0 1 0 1 0 0 0.0
363 15 4976 1 0 0 0 0 0 1 1 0 1 0 1 0 0 0 0.0
364 15 4291 1 0 1 0 0 0 0 1 0 0 0 1 0 0 0 0.0
365 15 4515 1 0 0 1 0 0 0 0 1 0 0 0 0 1 0 0.0
366 15 3897 0 1 1 1 0 0 0 0 0 1 0 0 0 0 0 0.0
367 15 3784 1 0 0 1 0 0 0 0 0 0 1 1 1 0 0 0.0
368 15 4058 0 0 0 0 1 0 1 0 1 0 0 0 1 1 0 0.0
369 15 4939 0 0 0 0 0 1 0 1 1 1 0 0 0 1 0 0.0
370 15 4944 0 0 1 0 1 0 0 1 0 1 0 0 1 0 0 0.0
371 15 4956 0 1 0 1 0 0 0 0 0 0 0 1 0 0 1 0.0
372 15 2800 0 0 0 0 0 0 0 0 0 0 1 1 1 0 1 0.0
373 15 2774 1 0 1 0 0 0 0 0 0 0 0 0 0 0 1 0.0
374 15 3531 0 0 0 1 1 0 1 0 0 0 0 0 0 0 0 0.0
375 15 5400 0 0 0 1 0 1 1 1 0 0 0 0 0 0 1 0.0
376 15 6244 1 1 0 0 1 0 1 0 0 1 0 0 0 0 0 0.0
377 15 3589 0 0 1 1 0 0 0 0 1 0 0 0 0 1 0 0.0
378 15 2902 0 1 0 0 0 0 0 0 0 0 0 1 0 0 1 0.0
379 15 3587 1 1 0 0 0 0 0 0 0 0 0 0 1 0 0 0.0
380 15 4457 0 0 1 1 0 1 0 1 0 0 0 0 0 1 0 0.0
381 15 3535 0 0 1 0 0 0 0 0 0 0 1 0 1 0 1 0.0
382 15 2888 1 0 0 0 0 0 0 1 0 0 0 1 0 0 0 0.0
383 15 4876 1 1 0 0 0 1 0 0 0 0 1 0 0 0 0 0.0
384 15 2569 0 0 0 0 0 1 0 0 0 1 0 0 0 1 0 0.0
385 15 2466 0 0 0 0 1 0 0 0 1 0 0 0 0 0 0 0.0
386 15 3955 1 1 0 0 0 0 0 0 0 1 0 0 0 1 0 0.0
387 15 2173 0 0 0 0 0 0 0 1 0 0 0 0 0 0 1 0.0
388 15 4465 0 0 0 1 0 1 0 0 0 1 0 0 0 1 0 0.0
389 15 3146 0 0 0 1 0 1 0 0 1 0 0 0 0 0 0 0.0
390 15 3040 0 1 1 0 1 0 0 0 0 0 0 1 0 0 0 0.0
391 15 3159 1 0 1 0 1 0 0 0 0 0 0 0 0 0 0 0.0
392 15 3426 0 0 0 0 0 1 0 0 1 0 0 0 1 0 0 0.0
393 15 3940 0 0 0 1 0 0 0 0 0 1 1 0 1 0 0 0.0
394 15 3389 0 0 0 0 0 1 0 0 1 0 0 0 0 1 0 0.0
395 15 6063 1 0 0 0 0 0 1 0 0 0 1 0 1 1 0 0.0
396 15 4988 0 0 1 1 0 1 1 0 0 0 1 0 0 0 0 0.0
397 15 1773 0 0 0 0 0 0 0 0 0 0 1 1 0 1 0 0.0
398 15 2926 1 0 0 0 0 0 0 0 0 0 0 0 0 1 1 0.0
399 15 3586 0 0 0 1 1 0 0 0 1 0 0 0 0 0 1 0.0
400 15 4398 1 0 1 0 0 1 0 0 1 0 0 0 0 0 0 0.0
401 15 3634 0 0 1 0 0 0 0 1 0 0 1 0 1 0 0 0.0
402 15 4837 0 1 0 0 0 1 0 0 1 0 0 0 0 1 0 0.0
403 15 4417 0 0 1 0 0 0 1 0 0 1 0 0 0 1 0 0.0
404 15 4547 0 0 0 0 1 0 0 0 0 0 1 1 1 0 0 0.0
405 15 1848 0 0 0 1 0 0 0 0 0 0 0 0 1 0 1 0.0
406 15 3860 0 0 0 0 1 1 0 1 1 0 0 0 0 0 0 0.0
407 15 3770 0 0 0 1 1 1 0 0 1 0 0 0 0 0 0 0.0
408 15 2791 0 0 0 1 0 0 0 0 0 0 0 1 0 0 1 0.0
409 15 4134 0 0 1 1 0 0 0 0 0 0 1 0 0 0 0 0.0
410 15 3775 1 0 0 0 1 1 1 1 0 0 0 0 1 0 0 0.0
411 15 3584 0 0 1 0 0 0 0 1 0 0 0 1 1 0 0 0.0
412 15 3301 0 1 0 0 1 0 0 0 0 0 1 0 0 0 0 0.0
413 15 4597 0 1 0 0 0 1 1 0 0 0 0 0 1 0 0 0.0
414 15 2918 0 1 0 1 0 0 0 0 1 0 0 0 0 0 0 0.0
415 15 2713 0 0 0 0 0 1 0 0 0 0 1 0 1 0 0 0.0
416 15 5400 0 0 1 0 0 0 0 1 0 1 0 0 1 1 0 0.0
417 15 5651 0 1 0 0 0 0 0 1 0 1 0 1 0 0 1 0.0
418 15 4235 0 1 1 0 1 0 0 0 0 0 0 1 0 0 0 0.0
419 15 4020 1 0 0 0 0 0 0 0 0 1 0 1 0 0 1 0.0
420 15 5164 0 0 0 0 0 0 0 0 1 0 1 1 0 0 1 0.0
421 15 3579 0 0 0 1 0 0 0 0 0 0 1 1 0 0 0 0.0
422 15 5081 0 0 0 0 1 1 0 1 1 0 1 0 0 1 0 0.0
423 15 3923 0 0 1 0 0 0 0 1 0 1 0 0 1 0 1 0.0
424 15 2903 0 0 1 0 0 0 0 0 0 1 0 0 1 0 0 0.0
425 15 3322 0 0 0 0 0 0 0 1 0 1 0 1 0 0 0 0.0
426 15 4103 0 1 0 1 0 0 0 0 0 0 0 0 1 0 1 0.0
427 15 5138 0 0 1 0 0 0 0 1 0 0 0 0 0 1 1 0.0
428 15 5807 1 0 0 1 1 0 1 1 0 0 0 0 0 0 1 0.0
429 15 3736 0 0 0 0 1 0 1 1 0 0 1 1 0 0 0 0.0
430 15 4277 0 0 0 1 0 0 0 1 1 0 0 0 0 0 1 0.0
431 15 3406 0 0 0 0 0 0 0 0 1 0 0 1 0 1 0 0.0
432 15 4444 1 1 1 0 0 1 0 0 0 0 0 0 1 0 0 0.0
433 15 4093 1 1 0 0 0 0 0 0 0 0 1 1 0 1 0 0.0
434 15 2189 0 0 0 0 0 1 1 0 0 0 0 0 0 0 0 0.0
435 15 3459 1 0 1 0 0 0 0 0 0 0 1 0 0 0 0 0.0
436 15 3489 1 0 0 0 0 0 0 1 1 0 0 0 1 0 0 0.0
437 15 3178 0 0 0 0 1 0 1 0 0 0 0 1 0 0 0 0.0
438 15 4294 0 0 1 0 0 0 0 1 0 0 1 1 0 0 0 0.0
439 15 2217 0 1 0 0 0 0 0 0 0 0 0 1 0 0 1 0.0
440 15 5937 0 0 0 1 1 1 0 0 0 0 1 0 1 0 1 0.0
441 15 4292 0 0 0 1 0 0 0 0 0 1 0 1 0 1 0 0.0
442 15 4030 1 0 1 0 0 0 0 0 1 0 0 0 0 0 0 0.0
443 15 6652 0 0 0 0 0 0 0 0 1 0 1 1 1 0 1 0.0
444 15 4202 0 0 0 1 0 1 1 1 0 0 0 0 0 0 0 0.0
445 15 3451 0 0 1 1 0 1 0 0 0 0 0 0 0 0 1 0.0
446 15 2705 0 0 1 1 0 0 1 0 0 0 0 1 0 0 0 0.0
447 15 4346 0 0 0 1 1 0 1 0 0 0 0 0 0 1 0 0.0
448 15 4400 1 1 0 0 0 1 0 0 0 0 1 0 0 0 0 0.0
449 15 3915 0 0 0 1 0 0 0 0 1 1 0 1 0 0 0 0.0
450 15 3878 0 0 1 0 0 0 0 1 1 0 1 0 0 0 0 0.0
451 15 4535 0 0 0 0 0 0 1 0 1 0 0 1 0 0 1 0.0
452 15 4712 0 0 0 0 1 0 0 1 1 0 0 0 0 1 1 0.0
453 15 3564 0 1 0 0 0 0 1 1 0 0 0 1 0 1 0 0.0
454 15 4305 0 1 0 1 1 0 0 0 0 0 0 1 1 0 0 0.0
455 15 4719 0 0 0 1 1 0 0 1 0 0 0 0 1 0 0 0.0
456 15 3750 0 0 0 0 1 0 0 0 1 0 0 1 0 1 1 0.0
457 15 3639 0 0 0 0 0 1 0 0 0 0 0 1 0 1 0 0.0
458 15 5638 0 0 1 0 1 0 0 0 0 0 1 1 0 1 1 0.0
459 15 4605 1 0 0 0 1 0 0 0 1 0 0 1 1 0 0 0.0
460 15 4489 0 0 0 0 0 0 0 0 0 0 0 1 1 1 1 0.0
461 15 5061 0 0 1 1 0 0 0 1 0 1 0 0 0 0 0 0.0
462 15 5581 1 1 0 0 0 0 0 1 0 1 0 0 0 0 0 0.0
463 15 4313 1 1 0 0 0 0 0 0 0 0 0 0 1 0 1 0.0
464 15 4885 0 0 0 0 0 1 1 1 0 0 0 0 0 0 1 0.0
465 15 4993 0 0 0 0 1 1 0 0 1 1 1 0 1 0 0 0.0
466 15 4463 0 0 1 1 0 0 0 1 1 0 0 0 0 0 0 0.0
467 15 6153 1 0 0 0 1 0 1 0 0 1 1 0 1 0 0 0.0
468 15 3939 0 1 0 0 1 1 0 0 0 0 0 0 1 0 0 0.0
469 15 4307 0 0 0 0 1 0 1 0 1 1 0 0 0 0 0 0.0
470 15 3419 0 1 0 0 0 0 0 0 0 1 0 0 0 1 0 0.0
471 15 2001 0 0 0 0 0 0 0 0 0 0 1 0 0 1 0 0.0
472 15 3705 0 1 0 0 0 1 0 1 0 1 0 0 0 1 0 0.0
473 15 3415 0 0 0 0 0 1 1 0 1 0 0 0 0 0 1 0.0
474 15 2466 0 0 0 0 1 0 1 0 0 1 0 0 0 0 0 0.0
475 15 3379 0 0 0 0 0 1 0 1 0 0 0 0 1 0 0 0.0
476 15 3664 0 0 1 0 0 1 0 1 1 1 0 0 0 0 0 0.0
477 15 4418 1 0 0 1 0 0 0 0 0 0 1 0 0 0 1 0.0
478 15 3613 0 1 0 1 1 0 0 0 0 0 0 1 0 0 0 0.0
479 15 5057 1 0 0 0 1 0 0 1 0 0 0 1 1 0 0 0.0
480 15 4636 1 1 0 1 0 0 0 1 0 0 1 0 0 0 0 0.0
481 15 4760 0 0 1 0 1 1 0 0 0 0 0 1 0 0 0 0.0
482 15 2329 0 1 0 0 0 0 0 0 0 0 0 0 1 0 1 0.0
483 15 4986 1 0 0 1 0 0 0 1 0 0 0 0 1 0 0 0.0
484 15 3306 1 0 1 0 1 0 1 0 0 0 0 0 0 0 0 0.0
485 15 5559 0 0 1 0 0 0 1 1 0 0 0 0 0 0 1 0.0
486 15 5350 0 0 0 1 0 0 0 1 0 0 0 1 0 1 1 0.0
487 15 4675 0 0 0 1 0 0 1 0 0 1 0 0 1 0 0 0.0
488 15 3315 1 0 0 1 0 0 0 0 0 0 0 1 0 1 0 0.0
489 15 5665 0 0 1 0 0 0 0 1 0 1 0 1 1 0 0 0.0
490 15 4161 1 0 0 1 0 1 0 0 0 0 0 0 0 0 0 0.0
491 15 4984 0 0 0 0 0 1 0 1 0 0 1 1 1 0 0 0.0
492 15 2968 1 0 0 1 0 0 0 0 1 0 0 0 1 0 0 0.0
493 15 4468 0 0 0 1 1 0 1 0 1 1 0 0 0 1 1 0.0
494 15 5183 0 0 0 1 0 0 0 1 0 1 0 1 0 0 0 0.0
495 15 4736 0 0 0 0 0 1 0 0 0 1 0 0 0 1 1 0.0
496 15 3644 1 0 1 0 0 0 0 0 0 1 0 1 0 0 0 0.0
497 15 3788 1 0 1 0 1 1 0 0 0 0 0 0 0 0 0 0.0
498 15 3116 0 0 0 0 0 0 0 0 0 0 1 1 0 0 1 0.0
499 15 3739 0 0 0 0 1 0 1 1 0 0 0 0 0 1 0 0.0
500 15 4355 0 0 1 0 0 1 0 1 0 1 0 0 0 0 0 0.0
