1 20 6073 1 0 0 0 0 0 0 1 0 1 1 0 0 0 1 0 0 0 1 0 0.0
2 20 5951 1 0 0 0 1 1 0 0 1 0 0 1 0 0 0 0 0 0 0 1 0.0
3 20 4464 0 0 0 1 0 1 0 0 1 0 0 0 1 1 0 1 0 0 0 1 0.0
4 20 6353 1 0 0 0 0 0 0 1 0 0 0 0 1 0 1 0 0 0 0 1 0.0
5 20 5816 0 0 0 0 0 0 1 1 0 0 0 0 1 0 0 0 1 0 0 1 0.0
6 20 5942 0 0 1 1 0 1 0 0 0 0 0 0 0 1 0 1 0 0 0 1 0.0
7 20 7147 0 0 1 0 0 0 0 1 0 0 0 0 1 0 1 0 0 1 1 0 0.0
8 20 4094 0 0 0 0 0 0 0 1 1 0 0 0 0 0 1 1 0 0 0 1 0.0
9 20 7020 0 0 0 1 0 0 1 0 0 0 1 0 0 1 0 0 1 0 0 1 0.0
10 20 6367 0 0 0 1 0 0 1 0 0 0 1 0 0 0 1 1 0 0 1 1 0.0
11 20 4911 1 0 0 0 0 0 0 1 0 1 0 0 0 1 0 0 1 1 0 1 0.0
12 20 6818 0 1 0 1 0 1 1 0 0 0 0 0 0 0 0 1 0 0 1 0 0.0
13 20 5725 1 0 0 1 0 0 0 0 0 1 0 0 0 0 1 0 0 1 0 1 0.0
14 20 6294 0 0 0 0 0 1 0 0 0 0 1 0 0 1 1 0 1 1 0 0 0.0
15 20 6067 0 1 0 0 0 0 0 1 0 1 1 0 0 1 0 0 0 0 1 1 0.0
16 20 5716 1 0 0 1 1 1 0 1 0 1 0 0 0 0 0 0 0 0 0 0 0.0
17 20 6901 0 1 0 1 0 0 1 0 0 1 0 0 0 0 1 1 0 0 0 0 0.0
18 20 5669 1 1 1 0 1 0 0 0 0 0 0 0 0 1 0 0 0 0 0 0 0.0
19 20 6383 0 1 0 1 0 1 0 1 0 0 0 0 1 0 0 0 0 1 0 0 0.0
20 20 4920 1 0 0 1 1 0 0 1 0 0 0 0 0 1 0 0 0 0 1 0 0.0
21 20 4327 0 0 0 1 1 0 1 0 0 0 0 0 0 0 0 0 0 0 0 1 0.0
22 20 4824 1 1 1 0 1 0 1 0 0 0 1 0 0 0 0 0 0 0 0 1 0.0
23 20 4217 0 0 0 0 1 0 0 1 0 1 0 0 0 0 0 0 0 1 0 0 0.0
24 20 7418 0 0 0 0 1 0 0 1 0 0 0 0 0 1 0 1 0 1 0 1 0.0
25 20 5744 0 1 0 0 1 1 0 0 1 0 0 1 0 0 0 0 0 0 0 0 0.0
26 20 5291 0 0 0 1 0 0 0 1 1 0 0 0 0 1 0 0 1 0 0 0 0.0
27 20 3957 0 0 0 1 0 0 0 0 0 0 0 0 1 1 0 1 0 0 0 0 0.0
28 20 6285 0 1 1 0 0 0 1 0 0 0 0 0 1 0 0 1 1 0 1 0 0.0
29 20 5343 0 1 1 0 0 1 0 0 0 1 1 0 1 0 0 0 0 1 0 0 0.0
30 20 6158 0 1 0 0 0 1 0 1 0 0 0 1 0 0 0 0 0 0 0 1 0.0
31 20 4689 1 1 0 0 0 0 0 0 0 1 0 0 1 0 0 0 0 1 0 0 0.0
32 20 6306 1 1 0 0 0 0 0 0 0 0 0 0 0 1 0 0 0 1 1 1 0.0
33 20 4646 0 0 1 1 0 0 0 0 0 0 1 0 0 0 1 0 0 0 0 0 0.0
34 20 6124 0 1 0 0 0 0 1 0 0 0 0 0 0 0 1 1 0 0 0 1 0.0
35 20 4881 1 1 1 0 0 0 0 1 1 0 0 0 0 0 0 0 0 1 0 0 0.0
36 20 4652 1 0 0 0 0 0 0 0 0 0 0 0 1 0 0 1 1 0 0 0 0.0
37 20 4455 1 0 1 0 0 1 0 1 0 0 0 0 0 1 0 0 0 0 0 0 0.0
38 20 6682 0 0 0 0 1 1 1 0 1 0 0 0 0 0 1 0 0 1 1 0 0.0
39 20 4511 0 0 0 0 0 0 1 0 1 0 0 1 0 0 0 0 1 0 1 0 0.0
40 20 5271 0 0 1 0 0 1 0 0 1 1 0 0 0 0 1 0 0 0 0 1 0.0
41 20 5231 0 1 0 0 0 0 0 1 0 0 0 0 0 0 1 0 1 1 0 0 0.0
42 20 5370 0 0 1 0 0 1 0 0 0 0 1 0 0 1 0 0 0 0 1 0 0.0
43 20 4359 1 0 1 0 0 0 0 0 0 0 1 1 0 0 0 0 0 0 1 0 0.0
44 20 4296 0 0 1 1 0 1 1 0 0 0 0 0 0 0 0 0 0 1 0 0 0.0
45 20 5132 1 0 0 0 0 0 0 0 0 1 1 0 0 0 0 0 1 0 0 0 0.0
46 20 6597 0 0 1 0 0 0 1 0 0 0 1 0 1 0 0 0 0 1 0 0 0.0
47 20 7957 1 0 0 0 1 1 0 0 1 0 1 0 1 0 0 0 1 1 0 0 0.0
48 20 8839 0 0 0 0 1 1 0 0 0 1 0 1 0 0 1 0 0 0 1 1 0.0
49 20 5459 0 0 1 1 0 0 0 1 0 0 0 0 1 0 0 0 0 1 0 0 0.0
50 20 5669 0 0 1 0 0 0 1 0 1 0 0 0 1 0 0 0 0 1 0 0 0.0
51 20 6118 0 0 0 1 0 0 0 0 1 0 0 0 0 1 1 0 0 1 1 0 0.0
52 20 4306 0 1 0 0 1 0 0 0 0 1 1 0 0 0 0 0 0 0 0 0 0.0
53 20 5324 1 0 1 0 0 0 0 0 0 1 0 1 0 1 0 0 0 0 0 0 0.0
54 20 4857 1 0 0 0 1 0 0 0 0 1 0 0 1 0 0 0 1 0 0 0 0.0
55 20 4822 0 0 0 1 0 0 0 1 0 0 1 0 0 0 1 0 0 0 1 0 0.0
56 20 5971 1 0 0 1 0 1 0 1 1 0 0 0 1 0 0 0 0 0 0 0 0.0
57 20 6134 0 0 0 0 1 1 1 0 0 1 0 0 0 0 0 0 0 0 1 0 0.0
58 20 5210 0 0 0 1 1 1 0 0 0 1 1 1 0 0 0 0 0 0 0 0 0.0
59 20 5301 1 0 1 0 0 1 0 0 0 0 0 0 0 0 1 1 0 1 0 0 0.0
60 20 4987 0 0 0 0 0 0 0 0 0 1 1 1 0 1 0 0 0 1 0 0 0.0
61 20 4495 0 0 1 1 0 0 0 0 0 0 0 0 0 0 0 0 1 0 1 0 0.0
62 20 5797 0 1 0 0 1 0 0 0 0 1 0 0 1 0 0 1 0 0 0 0 0.0
63 20 4681 0 0 0 1 0 0 1 0 1 0 0 0 0 1 1 0 0 0 0 0 0.0
64 20 9949 1 0 0 0 1 1 1 0 0 1 1 0 0 0 0 1 0 0 0 1 0.0
65 20 4798 0 0 0 0 1 0 0 1 0 0 0 0 0 1 0 1 0 1 1 0 0.0
66 20 5004 0 1 1 0 0 0 1 0 0 1 1 0 0 0 1 0 0 1 0 0 0.0
67 20 5412 1 1 0 0 0 1 0 0 0 1 1 0 0 0 0 0 0 0 0 1 0.0
68 20 5389 1 0 0 0 0 1 0 1 0 1 0 0 0 0 0 0 0 1 0 0 0.0
69 20 6284 1 0 0 0 1 1 0 0 0 1 0 0 0 0 0 0 1 1 0 0 0.0
70 20 4670 0 0 1 0 1 0 0 1 1 0 0 0 1 0 0 0 0 0 0 1 0.0
71 20 6134 0 0 1 0 1 0 1 0 1 0 0 0 0 0 0 1 0 0 1 0 0.0
72 20 5963 0 1 1 0 0 0 0 1 0 0 0 0 1 0 0 0 1 1 0 0 0.0
73 20 4695 0 0 1 0 0 0 1 0 1 1 0 0 0 0 0 0 0 0 0 0 0.0
74 20 5664 0 0 1 1 1 0 0 0 1 0 0 0 1 0 0 0 0 0 0 0 0.0
75 20 4833 1 0 0 0 0 1 1 0 0 0 1 0 0 0 1 1 1 0 0 0 0.0
76 20 4891 0 0 0 0 0 0 1 0 0 0 1 1 1 0 0 0 0 1 1 0 0.0
77 20 4811 1 0 1 1 0 0 1 0 0 0 0 0 0 0 0 0 0 0 1 1 0.0
78 20 7381 1 0 0 0 0 1 1 1 0 0 0 0 1 0 0 1 0 0 0 1 0.0
79 20 5986 0 0 0 0 1 0 0 0 0 1 1 0 1 0 0 0 0 1 0 1 0.0
80 20 6554 1 0 0 1 1 0 0 1 0 0 0 0 1 0 0 0 0 0 1 0 0.0
81 20 6731 1 0 1 1 0 0 0 0 0 0 1 1 0 0 0 0 0 1 0 0 0.0
82 20 6408 0 1 0 0 0 1 0 1 1 0 0 0 1 0 0 1 0 1 0 0 0.0
83 20 6090 0 0 0 1 0 0 0 0 1 1 0 0 0 1 1 1 0 0 1 0 0.0
84 20 4528 0 0 0 0 0 0 0 1 0 1 1 0 1 0 1 0 0 1 0 0 0.0
85 20 4500 0 0 1 1 0 0 0 0 0 0 1 0 0 1 1 0 0 0 0 0 0.0
86 20 5457 1 1 0 0 0 0 0 0 0 0 1 1 0 0 0 0 0 0 0 1 0.0
87 20 7106 0 0 1 0 1 1 0 0 0 1 0 0 1 0 0 0 0 1 1 0 0.0
88 20 5981 0 0 0 0 1 0 0 0 1 0 0 1 0 1 0 0 1 1 0 0 0.0
89 20 3687 0 1 0 0 1 0 0 0 0 1 0 0 0 0 0 0 0 1 0 0 0.0
90 20 4611 0 1 0 1 0 0 0 0 0 0 0 1 0 0 1 0 0 0 0 0 0.0
91 20 5598 1 0 0 0 1 1 1 0 0 0 0 0 1 0 0 0 1 0 0 0 0.0
92 20 4569 0 0 1 0 0 1 1 0 0 1 1 0 1 0 0 0 0 0 0 0 0.0
93 20 4427 0 1 0 0 1 0 1 0 0 0 0 0 0 0 1 0 1 0 0 1 0.0
94 20 4545 0 0 0 0 0 0 0 0 0 1 0 0 0 0 0 0 1 1 0 1 0.0
95 20 6286 1 1 0 0 0 0 1 0 1 0 0 0 0 0 0 0 0 0 1 1 0.0
96 20 5484 1 1 0 0 0 0 0 0 0 0 1 1 0 0 1 0 0 0 0 0 0.0
97 20 4929 0 0 0 0 0 0 0 1 0 0 0 0 0 1 0 1 0 1 0 0 0.0
98 20 6094 0 0 0 1 0 0 0 0 1 0 1 0 0 0 0 1 1 0 0 1 0.0
99 20 6005 0 0 0 0 1 1 0 1 0 1 0 0 0 0 0 0 1 0 0 1 0.0
100 20 6707 0 0 0 1 0 0 0 0 1 0 1 0 1 1 0 1 0 0 0 0 0.0
101 20 5335 0 0 0 1 1 0 0 0 0 0 1 0 0 1 1 0 0 0 0 0 0.0
102 20 6364 1 0 0 0 1 0 1 0 0 0 0 1 0 1 0 1 0 0 1 0 0.0
103 20 7446 0 1 0 0 1 0 1 1 1 0 1 0 0 0 0 0 1 0 0 0 0.0
104 20 5389 0 0 0 0 1 0 0 0 1 0 1 1 0 0 0 0 0 1 0 0 0.0
105 20 6363 0 1 1 1 0 0 0 0 1 0 0 0 0 0 0 1 0 0 0 1 0.0
106 20 6814 1 0 1 1 0 0 0 0 0 1 0 0 1 0 0 1 0 0 0 0 0.0
107 20 4408 0 0 1 0 0 0 1 0 0 0 0 0 0 0 1 1 0 0 0 0 0.0
108 20 4091 0 1 0 1 0 1 1 1 0 0 0 0 0 0 0 0 0 0 0 0 0.0
109 20 5775 1 0 0 0 0 1 0 0 0 1 1 0 0 0 0 0 0 0 1 0 0.0
110 20 5816 0 1 1 0 1 0 1 1 0 0 0 0 0 0 0 0 0 0 0 0 0.0
111 20 3106 0 0 0 1 0 1 0 0 0 1 0 0 0 0 0 0 0 0 0 0 0.0
112 20 4658 0 0 1 0 0 0 0 0 0 0 1 1 0 0 1 1 0 0 0 1 0.0
113 20 5416 1 1 1 1 0 1 0 0 0 0 0 1 0 0 0 0 0 1 0 0 0.0
114 20 8513 0 1 0 0 0 1 0 0 0 1 0 0 1 0 0 1 1 1 1 0 0.0
115 20 4315 0 0 0 1 1 1 0 1 0 0 0 0 0 0 0 0 1 0 0 0 0.0
116 20 4800 1 0 0 0 1 0 0 0 0 0 0 0 1 1 1 1 0 0 0 0 0.0
117 20 5883 0 0 0 1 1 0 0 0 1 0 0 0 0 0 1 0 0 0 1 0 0.0
118 20 5092 0 0 0 0 0 0 0 0 0 1 1 0 0 1 0 0 1 0 0 1 0.0
119 20 5942 0 0 0 1 1 0 1 0 0 0 0 0 1 1 0 0 1 0 0 0 0.0
120 20 4813 0 0 0 0 0 0 0 0 0 0 1 0 1 0 1 1 0 0 0 1 0.0
121 20 4724 1 0 0 0 0 0 0 0 0 1 0 0 0 0 1 1 0 0 1 0 0.0
122 20 6257 0 1 0 0 0 1 0 0 0 0 1 0 0 1 0 0 1 0 0 1 0.0
123 20 6278 1 0 0 0 0 0 0 0 0 0 0 1 0 0 0 1 1 0 0 1 0.0
124 20 5277 0 0 0 0 1 0 0 1 0 1 0 1 0 0 0 0 0 0 1 0 0.0
125 20 4379 0 0 0 0 0 0 1 0 1 1 0 0 0 1 0 1 0 0 1 0 0.0
126 20 8179 0 1 0 0 1 1 1 0 0 0 0 0 1 0 0 0 0 1 1 0 0.0
127 20 5952 0 0 0 1 0 0 0 0 1 0 0 0 1 0 1 0 0 0 1 1 0.0
128 20 6104 0 1 0 0 1 0 0 1 0 0 1 0 0 1 0 0 0 0 0 1 0.0
129 20 4234 0 0 0 0 0 0 0 0 0 0 1 1 1 0 0 0 0 0 0 1 0.0
130 20 4810 0 0 1 0 0 0 1 0 0 0 0 0 0 1 1 0 0 1 0 0 0.0
131 20 6057 0 0 0 0 1 0 1 1 0 0 0 0 1 1 1 1 0 0 1 0 0.0
132 20 4570 0 1 1 0 0 0 0 0 1 0 0 1 0 0 0 0 1 0 0 0 0.0
133 20 6288 0 0 0 0 1 0 0 1 0 1 1 1 1 1 0 0 0 0 0 0 0.0
134 20 4590 0 0 0 0 0 0 0 0 1 1 1 0 1 0 0 0 0 1 0 0 0.0
135 20 4302 0 0 0 1 0 0 0 1 0 0 0 0 0 0 0 0 0 1 0 1 0.0
136 20 4954 0 0 0 0 0 0 1 0 0 1 0 0 0 0 0 0 1 1 1 0 0.0
137 20 5998 0 0 1 1 0 0 1 0 0 1 0 0 0 0 0 0 1 1 0 0 0.0
138 20 6141 0 0 0 1 0 1 0 0 1 0 1 1 0 0 0 0 0 0 0 0 0.0
139 20 4542 0 1 0 0 1 0 1 1 1 0 0 0 0 1 0 1 0 0 0 0 0.0
140 20 4865 0 1 0 0 0 0 0 0 0 0 1 1 1 1 0 0 0 0 0 0 0.0
141 20 4530 1 0 0 1 1 0 0 1 0 0 0 1 0 0 0 0 0 0 0 1 0.0
142 20 6267 0 0 1 0 0 0 0 0 0 1 0 0 0 1 1 1 0 1 0 1 0.0
143 20 6338 1 0 0 1 0 0 1 0 0 0 0 0 0 1 1 0 0 0 0 1 0.0
144 20 5586 1 1 0 0 0 0 0 0 0 0 0 1 0 1 0 0 0 1 0 0 0.0
145 20 6443 0 0 0 0 0 1 0 1 0 0 1 0 0 0 1 0 1 1 0 0 0.0
146 20 4813 1 0 1 1 0 0 0 0 0 1 1 0 0 0 0 0 0 0 0 0 0.0
147 20 7377 0 1 0 1 1 1 0 0 1 1 0 0 0 1 1 0 0 0 1 0 0.0
148 20 4997 0 0 0 0 0 0 0 0 0 0 0 1 1 1 0 0 0 1 0 0 0.0
149 20 5003 0 0 0 0 0 1 0 0 0 1 0 1 0 0 1 0 0 1 1 0 0.0
150 20 5767 1 0 0 0 1 0 1 0 0 0 0 0 0 0 0 0 1 1 0 0 0.0
151 20 3626 1 0 1 0 0 0 0 0 0 0 1 0 0 0 0 1 0 0 1 0 0.0
152 20 7776 0 1 0 0 0 0 0 1 0 1 0 1 0 1 1 0 0 1 0 0 0.0
153 20 4990 0 0 0 0 0 0 0 0 0 0 0 1 1 1 1 1 0 0 1 0 0.0
154 20 7211 1 1 0 0 0 1 0 0 0 0 1 0 1 0 0 1 0 0 1 0 0.0
155 20 7164 0 0 0 0 0 0 1 0 0 1 0 0 1 1 0 1 0 1 0 0 0.0
156 20 5686 1 0 0 1 0 0 0 0 0 1 1 1 0 1 0 0 0 0 0 0 0.0
157 20 6158 1 1 0 0 0 0 1 0 0 1 0 0 1 0 0 0 0 0 0 0 0.0
158 20 4405 0 1 0 0 0 0 0 0 0 0 0 0 0 0 0 1 0 1 0 1 0.0
159 20 5277 0 0 0 0 0 0 1 1 0 1 0 0 1 1 0 0 0 1 0 0 0.0
160 20 5401 0 0 0 1 1 0 0 0 0 0 0 0 0 0 0 1 0 1 0 1 0.0
161 20 7635 1 0 1 0 1 0 0 1 0 0 0 1 1 0 0 0 0 0 0 1 0.0
162 20 6811 0 0 0 0 0 1 1 0 0 1 0 0 1 0 0 1 1 0 0 0 0.0
163 20 6894 0 1 0 1 1 0 0 0 0 1 0 0 0 0 0 1 0 0 0 1 0.0
164 20 6053 0 1 1 0 0 0 0 0 1 1 0 0 0 0 1 0 1 0 0 0 0.0
165 20 3704 0 0 0 1 0 0 0 0 0 0 1 1 0 0 0 1 0 0 1 0 0.0
166 20 4775 1 0 0 0 0 0 0 1 1 0 0 0 0 1 0 0 0 1 1 0 0.0
167 20 5428 0 1 0 0 0 0 0 0 0 1 1 1 0 0 0 0 0 1 1 0 0.0
168 20 6453 1 0 0 0 1 0 1 0 1 0 1 0 1 0 1 0 0 1 0 1 0.0
169 20 7276 0 1 0 0 1 0 0 0 1 1 0 0 1 0 0 0 1 0 0 1 0.0
170 20 5144 1 0 0 0 0 0 1 0 0 0 1 0 0 1 0 0 0 0 0 0 0.0
171 20 4536 0 1 0 0 0 0 0 1 1 0 0 0 0 1 0 0 1 1 0 0 0.0
172 20 5827 1 0 0 1 0 0 0 0 1 1 1 0 0 0 1 0 0 0 0 0 0.0
173 20 6950 0 1 1 0 1 0 1 0 0 1 0 0 0 0 0 1 0 0 0 0 0.0
174 20 6730 1 0 0 0 0 1 1 0 0 0 0 1 0 0 1 0 1 0 0 0 0.0
175 20 5497 0 0 1 0 1 0 0 0 0 1 0 0 1 0 0 0 0 0 1 0 0.0
176 20 5221 0 0 0 1 1 0 0 0 1 1 0 0 0 0 0 0 0 0 1 0 0.0
177 20 6180 0 0 0 0 0 0 0 0 0 0 1 0 0 1 0 1 1 1 0 0 0.0
178 20 4208 0 1 0 1 0 0 0 0 0 0 1 1 0 0 1 0 0 0 0 0 0.0
179 20 5488 0 0 0 0 1 1 1 0 0 0 1 1 0 0 1 0 0 0 0 1 0.0
180 20 5822 0 1 1 0 1 0 0 0 0 0 0 0 0 1 0 1 0 0 0 1 0.0
181 20 5853 0 1 0 0 1 1 0 0 1 0 0 0 0 1 0 0 1 1 1 0 0.0
182 20 6361 0 0 0 0 1 0 0 0 0 0 1 0 1 0 1 0 0 0 1 1 0.0
183 20 3823 0 0 0 0 1 0 1 0 0 0 0 0 0 0 0 1 1 0 0 0 0.0
184 20 6432 0 1 0 1 1 0 0 0 1 0 0 0 0 0 0 0 1 0 1 0 0.0
185 20 6583 0 0 1 0 0 0 0 0 1 0 0 1 0 1 1 1 0 0 1 0 0.0
186 20 3727 1 0 1 0 0 0 1 0 1 0 0 0 0 0 0 0 0 0 0 1 0.0
187 20 5791 0 0 0 0 0 1 1 0 1 0 0 1 0 1 0 0 1 0 0 0 0.0
188 20 5010 0 0 0 0 0 1 0 1 0 0 0 0 0 0 0 1 1 0 1 0 0.0
189 20 6285 0 0 0 1 0 0 1 0 0 0 0 0 0 0 1 1 0 1 0 1 0.0
190 20 5690 0 1 0 0 0 1 0 1 0 0 1 0 0 0 0 1 0 0 0 0 0.0
191 20 6458 0 0 1 0 0 1 1 0 0 0 0 1 1 1 0 1 0 0 0 0 0.0
192 20 5137 1 0 0 0 0 1 0 0 0 0 1 0 1 0 0 0 1 0 0 1 0.0
193 20 4771 0 1 1 0 0 1 1 0 0 0 0 1 0 0 1 0 0 0 0 0 0.0
194 20 6577 1 1 1 0 0 0 0 0 0 1 0 0 0 0 0 0 1 0 1 0 0.0
195 20 4353 1 0 0 0 0 0 0 0 0 1 1 0 0 0 0 0 0 1 0 0 0.0
196 20 6864 0 0 1 0 1 0 0 1 0 1 0 1 0 0 1 0 0 0 0 0 0.0
197 20 5605 0 0 0 0 1 0 0 0 0 1 0 1 0 1 0 0 1 1 0 1 0.0
198 20 6620 1 0 1 1 0 0 0 0 1 1 0 0 0 0 0 0 0 1 0 0 0.0
199 20 4003 0 0 1 0 0 1 0 0 0 0 0 0 0 0 0 0 1 1 0 0 0.0
200 20 5738 1 0 0 1 0 0 0 0 0 0 0 0 1 0 0 0 1 1 1 0 0.0
201 20 6137 0 0 0 1 0 0 0 1 0 0 0 0 1 1 1 0 0 1 0 0 0.0
202 20 5379 0 1 0 0 1 0 0 1 0 0 1 0 1 0 0 0 0 0 1 0 0.0
203 20 7629 1 0 0 0 0 1 1 0 1 0 0 1 1 1 0 0 0 0 0 0 0.0
204 20 5380 1 1 0 0 0 0 0 0 0 1 1 0 0 0 0 0 1 1 0 0 0.0
205 20 5925 0 1 0 1 0 0 0 1 1 0 0 1 0 0 0 1 0 0 0 0 0.0
206 20 4044 0 1 0 1 0 0 1 1 0 0 0 0 0 0 0 0 0 1 0 0 0.0
207 20 7560 0 0 0 0 0 0 0 1 0 0 1 0 1 0 0 0 1 1 1 0 0.0
208 20 6270 0 0 1 0 1 0 0 0 0 0 0 0 1 0 0 0 1 0 0 1 0.0
209 20 5847 0 0 0 1 0 0 1 0 1 0 0 0 1 1 0 1 0 0 0 0 0.0
210 20 5834 0 0 0 0 1 0 0 0 0 0 1 0 0 1 0 1 1 1 0 1 0.0
211 20 5811 0 0 1 0 1 1 0 0 0 0 0 0 0 0 1 1 0 0 0 0 0.0
212 20 4242 1 0 0 0 0 0 0 0 0 0 1 0 0 0 1 0 1 1 0 0 0.0
213 20 4538 0 1 0 0 0 1 0 1 0 0 1 0 0 0 1 0 0 0 0 0 0.0
214 20 6318 1 1 0 1 1 1 0 0 0 1 0 0 0 0 0 0 0 0 0 1 0.0
215 20 8857 0 0 0 0 1 0 0 0 0 0 0 1 0 0 1 1 1 1 1 0 0.0
216 20 8633 1 1 0 0 0 0 0 0 0 1 0 1 0 0 0 1 1 1 1 0 0.0
217 20 5615 0 0 1 0 0 0 0 0 1 0 0 0 1 0 0 0 0 1 0 1 0.0
218 20 5923 0 0 0 0 0 0 0 1 1 0 1 0 0 1 1 1 0 0 0 1 0.0
219 20 5408 0 0 0 1 1 0 0 0 0 0 0 0 1 0 0 0 0 1 0 1 0.0
220 20 5720 0 1 0 1 0 0 0 1 0 0 1 0 0 0 0 0 0 1 1 0 0.0
221 20 4115 0 0 0 0 1 0 0 0 0 0 0 0 1 1 1 1 0 0 0 0 0.0
222 20 6444 1 0 0 0 0 0 0 0 0 0 1 1 0 0 1 1 0 0 1 1 0.0
223 20 4922 0 0 0 0 1 0 0 0 0 1 0 0 0 0 0 1 0 0 1 1 0.0
224 20 6018 1 0 1 0 0 0 0 1 1 0 0 0 0 1 1 0 0 1 0 0 0.0
225 20 5695 1 1 0 0 0 0 0 0 1 0 1 0 0 0 0 1 0 1 0 1 0.0
226 20 5390 0 0 0 1 0 0 1 0 0 0 0 0 0 1 0 1 0 0 0 1 0.0
227 20 4875 1 0 1 0 0 0 1 1 0 0 0 0 0 0 0 0 1 0 0 0 0.0
228 20 5579 0 0 1 0 0 0 0 0 0 0 1 0 1 1 0 0 1 0 1 0 0.0
229 20 4817 0 0 0 1 0 0 0 1 1 0 0 1 0 0 1 0 0 1 0 0 0.0
230 20 3071 0 0 0 0 0 1 0 1 1 0 0 0 0 0 0 0 0 0 0 1 0.0
231 20 4434 0 1 0 0 0 1 0 0 1 0 0 0 1 1 0 1 0 0 0 1 0.0
232 20 5481 0 1 0 0 0 0 0 0 1 1 0 0 1 0 0 1 0 0 1 0 0.0
233 20 5520 0 0 0 0 0 0 0 0 0 1 0 1 1 0 0 0 0 1 1 0 0.0
234 20 6268 0 0 0 0 0 0 0 0 0 0 1 0 0 1 0 1 1 0 0 1 0.0
235 20 6224 1 1 1 0 0 1 0 0 1 0 0 0 0 0 0 0 0 0 1 0 0.0
236 20 6060 1 0 0 0 0 0 1 1 0 0 0 0 0 0 1 0 1 0 1 0 0.0
237 20 5543 1 0 1 0 0 0 0 0 0 1 0 0 0 0 0 0 0 1 0 1 0.0
238 20 6527 0 0 0 0 0 1 1 0 0 0 0 1 1 1 1 0 1 0 0 0 0.0
239 20 3684 0 1 1 1 0 0 1 0 0 0 1 0 0 0 0 1 0 0 0 0 0.0
240 20 4747 1 0 0 1 1 0 0 0 0 0 0 0 0 0 1 0 1 0 0 0 0.0
241 20 6137 0 1 0 1 0 0 0 0 1 0 0 0 0 0 0 0 1 1 0 0 0.0
242 20 6931 1 1 0 0 1 1 1 0 0 0 1 0 0 0 1 0 0 0 0 1 0.0
243 20 6290 0 0 0 0 0 0 0 1 0 1 0 1 0 1 0 0 0 1 0 1 0.0
244 20 5717 0 0 0 0 1 0 1 1 0 0 0 1 0 0 0 1 0 0 1 0 0.0
245 20 7157 0 0 0 1 0 1 1 1 1 0 0 0 0 1 0 0 0 0 0 0 0.0
246 20 3773 0 0 0 1 1 0 0 0 0 0 0 0 1 0 0 0 0 0 0 0 0.0
247 20 7799 0 1 0 0 0 1 1 0 0 0 0 0 0 0 1 0 1 0 1 0 0.0
248 20 7109 1 0 0 1 0 0 0 1 1 0 0 0 1 0 0 0 0 0 0 1 0.0
249 20 4468 0 0 0 1 0 0 0 0 0 0 1 0 0 0 1 1 0 1 1 1 0.0
250 20 6286 0 0 0 0 1 0 0 1 1 0 0 0 1 1 0 0 0 0 0 0 0.0
251 20 4890 1 1 0 1 1 0 0 0 0 0 0 0 0 0 0 1 0 0 0 0 0.0
252 20 6336 1 1 1 0 0 0 0 0 1 0 1 0 1 1 0 1 0 0 1 0 0.0
253 20 6227 0 1 1 0 1 0 0 0 0 0 0 1 0 0 1 0 0 0 0 0 0.0
254 20 5500 0 0 1 0 1 1 0 0 1 1 0 0 1 1 0 0 0 0 0 0 0.0
255 20 6648 0 0 0 1 0 0 0 1 0 1 0 0 1 0 0 1 1 0 0 1 0.0
256 20 4854 0 0 0 1 0 0 0 0 1 0 0 0 0 1 0 0 1 0 0 0 0.0
257 20 4937 0 0 0 0 0 0 0 1 0 1 0 0 0 0 1 1 0 0 0 1 0.0
258 20 5936 0 0 0 0 0 0 0 1 1 0 0 0 1 0 0 1 0 0 0 1 0.0
259 20 3005 1 0 1 1 0 0 0 0 0 0 1 0 0 0 1 0 0 0 0 0 0.0
260 20 3997 0 1 0 1 0 0 0 0 1 0 0 0 1 0 0 0 0 0 0 0 0.0
261 20 7861 0 1 0 0 0 0 0 0 0 1 1 0 0 1 0 0 1 0 1 1 0.0
262 20 5424 1 1 0 0 1 0 0 0 1 0 0 1 0 0 0 0 0 0 1 1 0.0
263 20 6415 0 0 0 0 0 0 0 1 1 0 0 1 0 0 0 1 0 0 1 0 0.0
264 20 8097 0 1 1 1 0 0 0 0 1 0 0 0 0 0 1 0 1 1 1 1 0.0
265 20 6859 0 0 1 0 1 0 0 1 0 0 0 0 0 0 0 0 0 0 1 1 0.0
266 20 3871 0 0 0 0 1 1 0 1 0 0 0 0 0 0 0 0 0 0 0 1 0.0
267 20 4699 1 0 0 0 0 1 0 0 0 1 1 0 1 0 0 0 0 1 0 1 0.0
268 20 4126 0 1 0 0 0 0 0 0 0 0 0 0 1 1 0 1 0 0 0 1 0.0
269 20 4161 0 0 0 0 0 0 0 0 0 0 1 0 0 0 0 1 1 1 1 0 0.0
270 20 3677 0 0 0 0 0 0 0 0 0 0 1 0 0 1 1 0 0 1 1 0 0.0
271 20 5887 1 0 0 0 0 0 1 1 0 0 0 0 0 0 0 1 0 0 0 1 0.0
272 20 6518 0 0 1 0 0 1 1 0 1 1 0 0 0 1 1 0 0 0 0 1 0.0
273 20 4808 0 1 0 0 0 0 0 0 1 1 1 0 0 0 1 0 0 0 1 0 0.0
274 20 6909 0 1 1 0 1 0 0 0 0 1 0 0 0 0 1 0 0 0 1 0 0.0
275 20 6218 0 0 0 0 0 1 0 0 0 0 1 0 0 1 0 1 0 1 0 1 0.0
276 20 4284 1 0 0 0 1 0 1 1 0 0 0 0 0 0 1 0 0 0 0 0 0.0
277 20 6158 0 0 0 1 0 0 0 0 1 0 1 0 1 0 1 0 0 0 1 1 0.0
278 20 6564 0 0 0 0 0 0 1 0 1 1 1 0 0 0 1 0 0 1 0 1 0.0
279 20 7125 0 1 0 1 0 0 1 0 0 1 0 1 0 0 0 0 0 0 0 1 0.0
280 20 4920 0 1 0 0 0 0 1 0 0 0 0 0 0 1 1 1 0 0 0 1 0.0
281 20 5545 1 0 0 0 0 0 0 0 0 0 0 0 1 0 0 1 1 0 1 0 0.0
282 20 5456 0 0 1 1 0 0 0 0 0 0 0 0 1 0 1 1 0 0 0 0 0.0
283 20 8177 0 1 0 1 1 1 0 0 1 0 0 0 0 1 0 0 0 0 0 1 0.0
284 20 4934 0 0 0 0 0 1 0 0 0 0 1 0 1 0 1 0 1 0 0 0 0.0
285 20 5131 0 0 0 0 1 1 0 0 1 0 1 1 0 0 0 0 0 0 0 0 0.0
286 20 5881 0 0 0 0 0 1 1 0 1 0 1 0 0 0 0 0 1 0 0 1 0.0
287 20 3766 0 0 0 0 0 0 0 0 1 0 1 1 1 0 1 0 0 0 0 0 0.0
288 20 5922 1 0 0 0 1 0 1 0 1 0 0 0 0 0 0 0 0 1 0 0 0.0
289 20 3473 0 0 0 0 0 1 0 0 0 0 0 0 0 1 0 0 0 1 0 0 0.0
290 20 4734 1 0 0 0 1 0 0 0 0 1 0 0 0 0 0 0 0 1 1 0 0.0
291 20 3682 0 0 0 0 1 1 0 0 0 1 0 0 0 0 0 0 0 1 0 0 0.0
292 20 5080 0 0 0 1 0 1 0 0 0 0 1 0 1 0 0 0 1 0 0 0 0.0
293 20 5469 0 1 0 0 0 1 0 0 0 0 1 0 0 0 0 0 0 1 1 0 0.0
294 20 3930 0 1 0 0 0 0 1 0 0 0 0 0 0 1 1 1 1 0 0 0 0.0
295 20 3684 0 0 0 0 0 0 1 0 0 0 0 0 0 0 1 0 1 0 1 0 0.0
296 20 5346 0 0 1 0 0 0 1 0 0 0 0 0 1 1 0 1 0 0 1 0 0.0
297 20 5112 0 1 0 0 1 0 0 1 0 1 0 0 0 0 0 0 1 0 0 0 0.0
298 20 7901 0 1 1 0 0 0 0 0 1 1 1 1 0 0 0 1 0 0 0 0 0.0
299 20 2667 0 0 0 0 0 1 0 0 0 0 1 0 0 1 0 0 0 0 0 0 0.0
300 20 3754 0 0 0 0 0 0 1 0 1 0 0 0 1 0 0 0 0 0 0 1 0.0
301 20 7571 0 0 1 1 0 0 1 0 0 1 0 0 1 0 0 0 0 0 0 1 0.0
302 20 5837 0 0 0 0 1 0 0 1 0 1 0 1 0 0 1 0 0 0 0 1 0.0
303 20 6072 0 0 1 0 0 0 0 1 0 0 1 0 0 0 1 0 1 1 0 0 0.0
304 20 6831 1 0 1 0 0 0 0 0 0 1 0 0 0 0 0 1 1 1 0 0 0.0
305 20 2592 0 0 0 0 0 0 0 0 0 0 0 0 1 0 1 0 0 1 1 0 0.0
306 20 5303 1 0 1 1 0 0 0 1 0 0 0 0 0 1 0 0 0 0 0 0 0.0
307 20 4023 0 0 0 0 0 0 0 0 0 1 0 1 0 0 0 1 1 1 0 1 0.0
308 20 5430 0 1 0 1 1 0 0 0 0 0 0 1 0 0 0 0 0 0 0 1 0.0
309 20 5695 1 1 0 1 0 0 0 0 0 0 0 0 0 0 1 0 0 0 0 1 0.0
310 20 4826 0 0 0 0 1 1 0 0 1 0 1 0 0 0 0 0 0 0 0 1 0.0
311 20 6246 0 0 0 1 0 1 0 0 0 1 1 0 0 0 0 0 1 0 0 1 0.0
312 20 5421 1 0 1 1 1 0 0 0 0 1 0 0 1 0 0 0 0 0 0 0 0.0
313 20 5053 0 0 0 0 0 0 1 0 1 0 0 0 0 0 1 0 1 0 0 1 0.0
314 20 7099 0 0 0 0 0 1 1 0 1 0 0 0 0 0 1 0 1 0 1 0 0.0
315 20 6498 0 0 1 1 1 0 1 0 0 0 0 0 0 1 0 0 0 0 1 0 0.0
316 20 4850 1 0 0 0 0 0 1 0 1 0 0 0 0 1 1 0 0 0 0 0 0.0
317 20 5988 0 0 1 0 0 1 0 0 1 0 1 0 1 1 0 0 0 0 0 0 0.0
318 20 6380 1 0 0 0 0 0 0 1 1 0 1 1 0 1 0 0 0 0 1 0 0.0
319 20 5081 0 0 0 0 0 1 0 1 0 0 1 0 1 0 1 0 0 0 0 0 0.0
320 20 4622 1 0 1 1 0 0 0 0 0 0 0 0 0 0 1 0 0 0 1 0 0.0
321 20 6559 1 0 0 0 1 1 0 0 1 0 0 0 0 0 0 0 1 0 1 0 0.0
322 20 6247 0 0 0 1 0 0 0 0 1 0 0 0 0 0 1 1 0 0 0 1 0.0
323 20 6575 0 1 1 1 0 0 0 0 0 0 1 0 0 0 1 0 1 1 0 0 0.0
324 20 5381 1 1 0 0 0 1 1 0 0 0 1 0 0 0 0 0 0 1 0 0 0.0
325 20 6059 0 0 0 0 0 0 0 0 0 1 1 1 0 1 0 0 1 0 0 1 0.0
326 20 6097 0 0 0 0 1 1 0 0 1 0 0 0 0 0 0 0 1 1 1 1 0.0
327 20 2945 0 0 0 1 0 0 0 1 0 0 0 0 0 0 0 0 0 0 1 0 0.0
328 20 5177 0 0 0 0 0 1 1 0 0 1 0 1 0 0 0 0 0 0 1 1 0.0
329 20 3822 0 0 1 0 0 0 0 0 1 0 1 1 0 0 0 1 0 0 0 0 0.0
330 20 6908 1 1 0 0 0 0 1 1 0 1 0 0 0 0 1 0 0 0 0 0 0.0
331 20 5677 0 0 0 0 0 0 0 0 0 0 0 1 1 1 1 0 0 0 1 0 0.0
332 20 6709 0 1 0 0 0 1 1 0 0 0 0 0 1 0 0 0 1 0 0 1 0.0
333 20 5762 1 0 0 0 0 0 1 1 0 0 0 0 0 1 0 0 0 0 1 0 0.0
334 20 8007 0 0 0 1 0 1 1 1 0 1 0 0 0 0 1 0 0 0 0 0 0.0
335 20 4720 1 0 0 0 0 0 0 0 0 1 0 1 0 1 0 0 0 1 0 0 0.0
336 20 5252 0 1 0 1 1 0 0 0 0 0 0 0 0 0 0 0 0 0 1 1 0.0
337 20 5745 0 0 1 0 0 0 0 0 1 1 0 0 1 1 0 0 0 1 0 0 0.0
338 20 5763 0 1 0 0 0 1 0 1 0 0 1 0 0 0 0 1 1 0 1 0 0.0
339 20 5067 0 0 0 0 1 0 0 0 0 1 1 0 1 0 0 0 0 1 0 0 0.0
340 20 6970 0 0 0 1 0 1 0 0 1 0 0 1 1 1 0 0 0 1 0 0 0.0
341 20 5769 1 0 0 0 0 0 1 1 0 0 0 0 1 0 0 0 0 1 0 1 0.0
342 20 7025 1 0 1 0 1 1 0 0 0 0 0 0 1 0 0 0 0 1 1 1 0.0
343 20 5748 0 0 1 1 0 0 1 0 1 1 0 0 0 0 1 0 0 0 1 0 0.0
344 20 5352 0 0 0 1 1 0 0 0 1 0 0 0 0 0 0 0 1 0 0 0 0.0
345 20 7013 0 0 1 0 1 0 0 0 0 0 1 1 0 1 1 1 1 1 0 0 0.0
346 20 5449 0 1 0 0 1 1 0 0 1 0 0 0 0 0 0 0 0 0 1 0 0.0
347 20 7080 0 0 1 1 1 0 0 1 0 0 0 1 0 1 0 0 0 0 0 0 0.0
348 20 6315 0 1 1 0 0 0 0 0 1 0 1 0 0 0 0 0 0 0 1 0 0.0
349 20 5585 1 0 0 0 0 0 0 0 0 0 1 1 1 1 0 0 0 0 0 1 0.0
350 20 6258 0 1 1 0 0 0 0 0 0 1 1 0 0 0 0 0 1 0 0 0 0.0
351 20 6941 0 1 0 0 1 0 0 1 0 0 1 0 0 0 0 1 1 0 0 0 0.0
352 20 6302 1 0 0 0 0 0 0 1 0 1 0 0 1 1 1 1 0 0 1 0 0.0
353 20 5692 0 1 0 0 0 0 0 0 1 0 0 0 0 0 0 1 1 0 1 0 0.0
354 20 5337 1 1 1 1 0 0 0 0 0 0 0 0 0 0 1 0 0 0 0 0 0.0
355 20 3138 0 0 0 0 0 0 0 0 0 0 1 0 0 1 0 0 0 0 1 0 0.0
356 20 6077 1 0 1 0 1 0 1 0 0 0 1 0 1 0 0 0 0 0 1 0 0.0
357 20 4522 0 0 1 0 0 1 0 0 1 0 0 0 1 0 1 0 0 1 0 1 0.0
358 20 5410 0 1 0 0 0 0 0 0 1 0 1 1 0 1 0 1 0 0 0 0 0.0
359 20 5167 0 0 0 1 0 1 1 0 0 1 0 0 0 0 0 1 0 0 0 0 0.0
360 20 5476 0 1 0 1 0 0 0 1 1 0 0 1 0 0 0 1 0 0 0 0 0.0
361 20 7028 0 0 0 0 0 0 1 0 0 1 0 0 0 1 1 0 0 1 0 1 0.0
362 20 5212 0 0 0 0 1 0 0 1 0 1 0 0 0 0 0 1 0 0 1 0 0.0
363 20 4216 0 0 0 0 0 1 1 0 1 0 0 1 0 0 1 0 1 0 0 0 0.0
364 20 5507 0 0 0 1 1 0 1 0 0 0 0 0 0 0 0 1 0 0 0 1 0.0
365 20 3616 0 0 1 0 1 0 0 0 0 0 0 0 1 0 0 1 1 0 0 0 0.0
366 20 7661 1 0 0 1 0 0 0 1 1 1 0 0 1 0 0 0 1 0 0 0 0.0
367 20 6130 0 0 0 1 1 0 0 0 0 1 0 0 1 0 0 1 0 0 1 0 0.0
368 20 3997 0 0 1 0 0 0 0 0 0 0 1 0 1 1 0 1 0 0 0 0 0.0
369 20 5883 0 1 0 1 1 0 0 0 0 1 0 0 0 0 0 0 1 0 0 0 0.0
370 20 8195 0 0 1 0 0 0 1 0 0 0 1 1 1 1 1 0 0 0 0 0 0.0
371 20 4151 0 0 0 0 1 0 0 0 0 0 0 1 0 1 1 0 1 0 0 1 0.0
372 20 7264 0 0 1 1 0 0 1 0 0 0 1 0 1 0 1 0 0 0 0 0 0.0
373 20 5827 1 0 0 1 0 0 0 0 0 0 0 1 1 0 1 0 0 0 1 0 0.0
374 20 5352 1 0 1 0 0 0 0 1 0 1 1 0 0 0 0 0 0 0 0 1 0.0
375 20 4980 0 0 0 0 0 0 0 0 1 0 1 1 0 0 1 0 0 0 1 0 0.0
376 20 6151 0 0 0 0 0 0 0 0 0 1 1 0 1 0 1 0 1 1 0 0 0.0
377 20 8152 1 1 1 0 1 0 0 0 1 1 0 1 0 0 0 1 0 0 0 0 0.0
378 20 6823 0 0 0 0 1 0 0 0 0 1 0 0 1 0 0 1 0 1 0 0 0.0
379 20 4718 1 0 0 1 0 0 0 1 1 0 0 1 0 0 0 0 1 0 0 0 0.0
380 20 8109 0 1 1 1 1 0 0 0 1 0 0 0 0 1 0 1 0 0 1 0 0.0
381 20 4677 0 0 0 0 0 1 0 0 0 1 0 0 1 0 0 1 0 0 0 1 0.0
382 20 4724 1 0 0 0 0 0 0 1 0 0 0 0 0 1 0 1 1 0 0 0 0.0
383 20 5472 0 0 1 0 1 0 0 0 0 1 1 0 0 0 0 0 0 0 0 1 0.0
384 20 7460 1 0 0 0 0 1 0 1 0 0 0 1 0 0 1 0 1 1 0 1 0.0
385 20 5021 0 0 0 0 0 1 1 0 0 1 0 0 0 0 0 1 0 1 0 0 0.0
386 20 4311 0 0 0 0 0 0 0 0 0 0 0 1 0 0 1 0 1 1 0 0 0.0
387 20 6616 0 0 1 0 0 0 0 0 1 0 1 0 1 0 1 0 1 0 0 0 0.0
388 20 5129 0 1 0 0 1 0 0 0 1 0 0 1 0 0 0 0 0 1 0 0 0.0
389 20 7127 1 1 0 0 0 0 0 1 0 0 0 1 0 0 1 1 0 1 0 0 0.0
390 20 5610 0 0 0 0 0 0 0 1 0 0 1 0 0 0 1 1 1 0 0 0 0.0
391 20 5513 1 1 0 0 1 0 0 0 1 0 0 0 1 0 0 1 0 0 0 0 0.0
392 20 6830 0 1 0 0 0 0 1 1 0 0 0 0 1 0 0 1 1 1 0 1 0.0
393 20 5129 0 1 0 0 0 0 0 0 1 1 0 0 0 0 0 0 1 0 1 0 0.0
394 20 5296 0 1 1 0 0 0 1 0 1 0 0 0 0 0 0 0 1 0 0 1 0.0
395 20 8202 0 0 0 0 0 0 0 1 0 0 1 1 1 1 0 0 0 1 1 0 0.0
396 20 4844 0 0 0 0 0 0 0 0 0 0 0 1 0 1 1 1 0 0 1 0 0.0
397 20 5622 0 0 0 0 0 0 0 0 1 0 1 0 0 1 0 1 0 1 0 0 0.0
398 20 5470 0 0 1 0 0 0 0 1 0 0 0 0 0 1 1 1 0 0 0 1 0.0
399 20 6937 1 0 0 0 1 0 1 1 0 0 0 1 0 0 1 1 0 1 0 0 0.0
400 20 4943 0 1 0 0 1 0 0 0 1 0 1 0 0 1 0 0 0 0 0 0 0.0
401 20 5297 1 0 0 0 0 0 1 0 0 0 0 0 0 0 0 1 0 0 0 1 0.0
402 20 6555 0 0 1 0 0 0 0 1 1 0 0 0 0 1 0 0 0 0 1 0 0.0
403 20 4756 0 0 1 1 0 0 0 0 0 0 1 0 0 0 0 0 0 0 1 0 0.0
404 20 6943 1 0 0 0 1 0 0 1 0 0 1 0 0 0 0 0 1 0 1 1 0.0
405 20 7037 1 0 0 1 0 0 0 0 0 0 0 1 0 1 0 0 0 0 1 1 0.0
406 20 6150 0 1 0 0 0 0 1 0 0 0 0 0 1 0 1 1 0 1 0 0 0.0
407 20 6881 0 0 0 0 0 1 0 0 1 0 1 0 0 1 0 1 1 0 0 0 0.0
408 20 6437 0 0 0 1 0 0 1 0 0 1 0 0 0 0 0 0 1 0 0 1 0.0
409 20 6605 1 0 1 0 0 0 1 0 0 0 0 0 0 0 0 1 1 0 0 1 0.0
410 20 5751 1 1 1 0 0 1 1 1 0 0 1 0 0 0 0 0 0 1 0 0 0.0
411 20 7458 1 0 0 0 0 0 0 0 1 1 0 1 0 0 1 0 1 1 0 0 0.0
412 20 5101 0 1 1 0 1 0 0 0 0 0 0 0 1 0 0 0 0 1 0 1 0.0
413 20 4751 0 1 1 0 0 0 0 1 0 0 0 0 0 1 0 1 0 0 0 1 0.0
414 20 4162 0 1 1 0 0 0 0 0 1 0 0 0 0 0 0 1 0 0 1 1 0.0
415 20 5176 0 0 0 1 0 0 0 1 1 0 0 0 1 0 0 0 1 0 0 0 0.0
416 20 5007 1 0 0 0 1 0 0 1 0 0 0 0 0 0 1 1 0 0 0 1 0.0
417 20 6262 0 1 1 1 0 0 0 0 0 0 1 0 1 0 0 0 0 0 0 0 0.0
418 20 4859 0 0 0 1 0 0 0 0 1 0 0 0 0 1 0 1 1 0 1 0 0.0
419 20 4976 0 1 0 1 0 0 0 0 0 0 0 0 1 1 0 0 1 0 0 1 0.0
420 20 5477 0 0 1 1 0 1 0 1 0 0 0 0 0 0 0 0 0 0 0 1 0.0
421 20 5977 1 0 0 1 0 1 0 0 0 0 1 0 0 0 0 0 1 0 0 1 0.0
422 20 6582 0 0 0 0 0 0 1 1 1 0 0 1 0 0 0 1 0 0 1 0 0.0
423 20 3922 1 0 0 0 0 0 0 0 0 0 1 0 1 0 0 1 0 0 0 1 0.0
424 20 5423 0 1 1 1 0 1 0 0 0 0 1 1 0 0 0 0 0 0 0 0 0.0
425 20 5563 0 0 0 0 1 0 0 1 0 0 0 1 1 1 0 0 0 0 0 0 0.0
426 20 6392 1 1 0 0 0 0 0 0 0 0 1 0 1 0 0 0 0 1 1 0 0.0
427 20 5533 1 1 0 0 0 1 0 0 1 0 0 0 0 0 0 0 1 0 0 0 0.0
428 20 6837 1 1 0 0 1 0 1 0 0 0 0 0 1 1 0 1 0 1 0 0 0.0
429 20 5358 0 1 0 0 0 0 0 0 0 1 0 0 1 0 1 1 0 0 0 0 0.0
430 20 5240 1 0 1 0 1 0 0 0 0 0 0 0 0 0 0 0 1 1 1 0 0.0
431 20 2696 0 0 0 0 0 0 0 0 0 0 1 0 0 0 0 1 0 0 0 1 0.0
432 20 6609 0 0 1 1 1 0 1 1 0 0 0 0 0 0 0 0 0 0 1 1 0.0
433 20 6021 0 1 1 0 0 0 0 0 0 0 1 0 0 0 0 0 1 0 0 1 0.0
434 20 4458 1 0 0 0 0 0 0 1 1 0 0 0 1 0 0 0 0 0 0 0 0.0
435 20 4381 0 0 1 1 0 0 0 0 0 1 0 0 0 0 0 0 1 0 0 0 0.0
436 20 5724 0 0 0 1 0 0 0 0 0 0 1 1 0 1 1 0 0 0 1 0 0.0
437 20 6927 0 0 1 0 0 1 1 1 0 0 1 1 0 0 0 0 1 0 0 0 0.0
438 20 6037 0 0 0 1 1 0 0 0 0 1 0 0 0 1 0 1 0 0 0 1 0.0
439 20 4525 1 1 0 0 0 0 0 1 0 0 0 0 0 0 1 0 0 1 0 0 0.0
440 20 5124 1 0 0 0 1 0 0 0 0 1 1 0 0 1 0 0 0 0 0 0 0.0
441 20 4927 1 0 0 0 0 0 1 1 0 0 0 0 0 1 0 0 0 1 0 0 0.0
442 20 4737 1 0 0 0 0 0 1 0 0 1 0 0 0 0 1 0 0 0 1 1 0.0
443 20 5972 0 0 0 0 0 1 0 1 1 0 0 0 1 0 0 0 0 1 0 0 0.0
444 20 5082 0 0 1 0 1 1 0 0 0 0 0 0 0 0 1 0 0 0 0 0 0.0
445 20 7128 0 1 0 0 0 1 0 1 0 0 0 1 1 1 0 1 0 0 1 1 0.0
446 20 5145 0 0 0 1 0 0 0 0 1 0 1 0 1 1 1 0 0 0 0 0 0.0
447 20 4665 0 0 0 0 0 1 1 0 1 0 0 1 0 0 0 1 0 0 1 0 0.0
448 20 5241 0 1 0 0 0 0 1 1 1 0 0 0 1 0 0 0 0 0 0 0 0.0
449 20 4881 0 0 1 1 0 0 0 1 1 0 0 0 0 0 0 0 0 0 0 0 0.0
450 20 4928 1 0 0 1 0 0 0 1 0 0 0 0 1 0 0 0 0 1 1 0 0.0
451 20 4906 0 0 1 0 0 0 0 0 0 1 1 1 0 0 0 0 0 1 0 0 0.0
452 20 6603 1 1 0 0 1 0 0 0 0 0 0 1 0 0 0 0 1 0 0 0 0.0
453 20 4869 1 0 0 0 1 0 0 0 0 0 0 1 0 0 0 0 0 0 0 1 0.0
454 20 6744 0 0 0 0 0 1 0 1 0 1 1 0 0 0 1 0 1 0 0 0 0.0
455 20 6112 1 0 1 0 0 0 0 1 0 1 0 0 0 0 1 1 0 0 0 0 0.0
456 20 3843 0 0 0 1 0 0 0 0 0 0 1 0 0 1 0 0 0 0 0 0 0.0
457 20 4208 0 0 0 0 0 0 0 0 1 0 1 0 0 0 0 0 1 0 0 1 0.0
458 20 4233 1 1 0 0 0 1 1 1 0 0 0 0 0 0 0 0 0 0 0 0 0.0
459 20 5541 0 1 0 1 0 0 0 1 0 0 0 0 0 0 0 0 0 1 0 1 0.0
460 20 4913 0 0 1 0 1 1 0 0 0 0 0 0 1 0 0 1 0 0 0 0 0.0
461 20 5163 1 0 1 1 1 0 0 1 0 0 0 0 0 1 1 0 0 0 0 0 0.0
462 20 5042 1 0 0 0 0 0 0 1 0 0 0 0 1 0 0 1 0 0 0 0 0.0
463 20 5502 0 1 1 0 0 0 0 0 0 1 0 1 0 0 1 1 0 0 0 1 0.0
464 20 4998 1 0 0 0 0 0 0 1 0 0 0 0 1 1 1 0 0 0 0 0 0.0
465 20 4895 0 0 1 0 1 0 0 0 1 0 0 0 0 1 1 0 0 0 0 0 0.0
466 20 9106 1 0 0 0 0 0 1 0 0 0 0 1 0 0 1 0 1 1 1 0 0.0
467 20 8590 0 0 0 0 1 0 1 0 0 1 0 1 1 0 1 0 1 0 0 0 0.0
468 20 6107 1 1 1 0 0 0 0 1 1 0 0 0 0 0 0 1 0 0 0 0 0.0
469 20 4580 0 1 0 0 1 0 0 1 0 1 1 1 1 0 0 0 0 0 0 0 0.0
470 20 5582 0 0 0 1 1 0 0 0 0 1 0 0 0 0 0 1 0 1 0 1 0.0
471 20 5659 1 0 0 0 0 1 0 0 0 1 0 1 0 0 0 0 0 1 1 0 0.0
472 20 6506 0 1 0 0 1 0 0 0 1 0 0 0 0 1 1 0 0 0 1 0 0.0
473 20 6491 0 1 0 1 0 0 0 0 0 1 0 1 1 1 0 0 0 0 0 0 0.0
474 20 6045 1 0 0 0 0 0 0 0 1 1 0 0 0 0 0 0 1 1 0 1 0.0
475 20 3911 1 1 0 0 0 0 0 1 0 0 1 0 0 0 0 1 0 0 0 0 0.0
476 20 5575 0 1 0 1 0 0 0 1 0 0 1 0 1 0 0 0 0 0 0 1 0.0
477 20 4475 1 1 1 1 0 0 0 0 0 0 0 0 0 1 0 0 0 0 1 0 0.0
478 20 5935 1 0 0 0 0 0 1 1 0 1 1 1 0 0 0 0 0 0 0 0 0.0
479 20 5641 1 1 0 0 0 0 0 0 0 0 0 0 1 1 1 0 1 0 0 0 0.0
480 20 3709 0 0 0 0 0 0 0 1 0 1 1 0 0 0 0 0 1 1 0 0 0.0
481 20 4175 0 1 0 0 0 0 1 1 0 0 1 0 0 1 0 0 0 0 0 0 0.0
482 20 3825 0 1 0 0 0 0 1 0 1 0 1 1 0 1 0 0 0 0 0 0 0.0
483 20 5579 0 0 0 0 1 0 1 0 0 0 1 1 1 0 0 0 0 0 0 0 0.0
484 20 5790 1 0 1 0 0 0 0 0 0 0 0 1 0 0 1 0 0 0 1 0 0.0
485 20 5715 0 0 1 0 0 1 1 0 1 0 1 0 0 0 0 0 0 0 0 0 0.0
486 20 5716 0 1 0 1 0 1 0 1 0 0 0 0 0 0 0 1 0 0 0 0 0.0
487 20 5155 0 1 0 1 0 0 0 0 0 0 1 0 1 0 0 0 0 0 0 0 0.0
488 20 4609 0 0 0 0 0 0 0 0 1 0 0 0 0 0 1 1 1 0 0 1 0.0
489 20 4523 0 0 0 0 0 0 1 0 0 0 1 1 0 0 0 0 0 1 1 0 0.0
490 20 4847 0 0 0 1 0 1 0 0 0 0 0 0 1 1 0 0 0 1 0 1 0.0
491 20 5394 0 0 0 1 0 0 0 0 0 0 0 0 1 1 0 1 0 1 1 0 0.0
492 20 4328 0 0 0 1 1 0 0 0 0 0 0 0 0 0 0 0 0 1 1 0 0.0
493 20 5574 0 1 0 1 0 0 0 0 0 0 0 0 0 0 1 1 0 1 1 0 0.0
494 20 8656 0 0 0 0 1 0 1 1 0 0 0 1 0 0 0 1 0 1 1 1 0.0
495 20 5442 0 0 0 1 0 0 1 0 1 0 0 0 0 1 0 0 1 0 0 0 0.0
496 20 4372 1 0 0 0 0 1 0 0 0 0 0 1 0 0 0 1 0 0 0 0 0.0
497 20 6395 0 0 0 1 1 1 0 0 0 0 0 1 0 0 1 0 1 0 0 0 0.0
498 20 5018 1 0 0 0 0 0 1 0 0 0 0 1 0 0 0 0 1 1 0 0 0.0
499 20 3843 0 0 0 1 0 1 1 0 0 0 0 0 0 1 0 0 0 0 0 1 0.0
500 20 4315 1 0 0 0 0 0 1 0 0 1 0 0 1 0 0 0 0 1 0 0 0.0
