1 22 9217 1 1 0 0 1 0 1 1 1 0 0 0 0 1 1 0 0 0 0 0 1 0 0.0
2 22 9753 0 1 0 0 0 1 1 0 1 1 0 0 1 0 1 0 1 1 0 1 0 0 0.0
3 22 10147 0 0 1 0 1 1 0 0 1 1 1 0 0 1 1 1 0 0 0 1 0 1 0.0
4 22 10001 0 0 1 0 1 0 0 1 1 0 0 1 1 0 0 1 0 0 1 0 1 0 0.0
5 22 8572 1 1 1 0 1 0 1 0 0 0 0 1 0 0 0 0 0 0 0 0 1 1 0.0
6 22 11440 0 1 0 0 1 0 0 1 0 0 1 1 0 0 0 1 1 1 0 1 1 1 0.0
7 22 7419 1 0 0 0 0 0 0 1 1 1 0 0 1 0 0 0 1 0 0 0 1 0 0.0
8 22 11475 0 1 1 1 0 1 1 0 0 0 1 0 1 0 0 1 0 1 1 0 1 1 0.0
9 22 7043 0 0 0 0 0 0 0 0 1 1 1 0 0 0 0 1 0 1 1 1 1 1 0.0
10 22 10544 0 1 1 1 1 0 0 1 1 1 0 0 1 1 0 0 0 0 0 1 0 0 0.0
11 22 8499 0 1 0 0 1 1 0 1 1 0 0 0 0 0 1 0 1 1 0 0 0 1 0.0
12 22 9404 0 0 0 0 1 0 0 1 1 1 0 1 0 0 1 0 1 0 1 0 1 1 0.0
13 22 9369 0 0 1 1 0 0 1 0 1 1 1 1 0 0 0 0 0 1 1 0 0 0 0.0
14 22 11657 1 1 0 0 1 1 0 1 0 1 1 0 0 0 0 0 1 0 0 0 0 1 0.0
15 22 11152 1 0 1 0 1 1 1 1 0 0 0 1 1 0 0 0 0 0 1 1 0 0 0.0
16 22 9118 1 1 1 0 0 1 0 1 0 0 0 1 1 0 0 1 1 1 0 0 1 0 0.0
17 22 9537 1 1 1 0 1 1 1 0 0 1 0 1 1 0 0 0 0 0 1 1 0 1 0.0
18 22 9079 0 1 1 1 1 1 1 1 0 1 0 0 1 0 0 0 0 0 0 0 1 0 0.0
19 22 11473 0 1 1 0 1 0 0 1 0 1 1 0 0 0 0 0 0 0 1 0 1 1 0.0
20 22 9349 0 1 1 1 1 1 1 0 0 0 0 0 1 1 0 0 0 1 0 0 0 1 0.0
21 22 8633 0 0 0 1 0 0 0 0 1 1 0 1 0 1 0 1 1 1 0 0 1 1 0.0
22 22 10264 1 1 0 0 0 1 0 0 1 0 1 1 0 0 1 1 0 0 0 1 0 1 0.0
23 22 6584 1 0 1 1 1 0 0 0 1 0 0 0 0 0 0 1 0 0 1 1 1 0 0.0
24 22 8256 0 1 1 1 0 0 1 1 0 0 0 0 1 1 0 0 0 0 1 0 1 1 0.0
25 22 9017 1 0 0 1 0 0 1 1 1 0 1 0 0 0 0 1 1 1 0 0 0 1 0.0
26 22 7344 0 0 0 0 0 0 0 0 1 1 1 1 1 1 1 1 0 0 0 0 1 0 0.0
27 22 9531 1 1 0 0 1 0 0 1 1 1 1 0 1 1 0 0 0 0 0 0 1 0 0.0
28 22 9993 1 1 0 0 0 1 0 0 1 1 1 0 1 1 0 1 1 0 1 0 1 0 0.0
29 22 7067 0 1 1 1 0 0 0 0 0 1 0 0 1 0 0 0 0 1 0 0 0 0 0.0
30 22 7983 1 1 1 0 0 0 1 1 0 0 0 0 1 0 1 0 0 0 1 0 0 0 0.0
31 22 8252 1 1 1 1 0 1 1 0 0 0 0 0 1 1 0 0 0 1 0 0 0 0 0.0
32 22 9034 1 0 1 0 0 1 1 1 0 0 1 0 0 0 0 0 1 0 1 1 1 1 0.0
33 22 10978 0 1 0 1 1 0 1 0 1 0 0 0 0 1 1 0 1 1 1 0 1 0 0.0
34 22 10568 0 1 0 0 0 1 0 0 0 1 0 0 1 0 1 0 0 1 1 0 1 1 0.0
35 22 9282 1 1 0 1 0 0 0 1 0 0 0 0 0 1 1 1 1 1 0 0 0 1 0.0
36 22 9745 0 0 0 0 0 1 1 1 0 1 0 1 1 1 1 0 0 1 0 1 0 0 0.0
37 22 9702 1 1 0 1 1 0 0 0 1 1 0 1 0 1 0 0 0 0 1 1 0 0 0.0
38 22 9530 0 1 1 1 0 0 0 1 0 0 1 0 1 1 1 0 0 0 0 0 0 1 0.0
39 22 7625 1 1 0 1 1 0 0 0 1 1 0 0 0 0 0 1 1 0 0 0 0 0 0.0
40 22 7189 0 0 0 0 1 0 0 0 1 1 1 1 1 0 1 0 1 1 0 0 0 1 0.0
41 22 11963 1 1 0 1 1 1 1 0 0 1 1 0 0 0 0 0 1 0 0 1 0 1 0.0
42 22 6818 1 0 0 1 0 0 1 0 0 1 0 0 0 0 0 0 0 0 1 1 1 1 0.0
43 22 6965 0 1 1 0 0 1 0 1 1 0 0 0 1 1 0 0 1 0 1 0 1 0 0.0
44 22 8950 0 0 1 1 0 1 1 0 0 1 0 1 0 0 1 0 0 1 0 1 1 1 0.0
45 22 9620 0 0 0 1 1 1 0 0 1 1 0 0 1 0 0 1 1 1 1 1 1 0 0.0
46 22 8604 0 1 0 1 1 1 0 1 0 0 1 0 0 1 0 0 0 0 1 0 0 1 0.0
47 22 9546 0 0 0 1 0 1 0 1 1 0 0 1 0 0 0 1 1 0 1 0 0 0 0.0
48 22 8039 0 0 0 0 0 0 0 0 0 1 0 1 1 1 1 0 0 0 1 1 0 1 0.0
49 22 5807 0 0 0 0 0 0 0 0 1 0 0 1 1 0 1 1 0 1 0 0 1 0 0.0
50 22 9418 0 1 1 1 0 1 0 0 1 0 0 0 0 1 0 0 1 0 1 0 1 0 0.0
51 22 7451 0 1 1 1 0 1 0 0 0 0 0 0 0 1 1 0 0 1 1 0 0 0 0.0
52 22 10002 1 0 1 0 0 0 0 0 1 1 0 1 1 0 0 1 1 0 0 1 0 0 0.0
53 22 11317 0 1 0 1 1 1 0 0 1 0 1 0 1 0 0 0 1 1 1 0 0 1 0.0
54 22 9626 1 1 1 0 0 0 0 1 1 0 0 0 0 1 1 1 1 1 1 0 0 0 0.0
55 22 9141 0 1 0 0 0 0 0 1 0 1 1 1 0 0 0 0 1 1 1 0 0 1 0.0
56 22 9793 0 0 0 1 0 1 1 0 0 1 0 0 0 1 1 1 0 0 0 0 1 1 0.0
57 22 10219 0 0 0 1 0 0 0 1 1 1 1 1 0 0 0 1 0 0 1 1 1 1 0.0
58 22 8766 1 1 0 1 0 0 1 0 0 1 0 0 0 1 0 0 0 0 1 0 1 0 0.0
59 22 10482 0 0 0 1 0 0 1 0 0 1 0 1 0 1 1 0 1 0 1 1 1 1 0.0
60 22 6736 0 0 1 0 0 0 1 1 1 0 0 0 0 0 0 0 1 0 0 1 0 1 0.0
61 22 8964 0 0 1 0 0 0 1 0 0 1 0 0 0 1 1 1 1 0 0 0 0 1 0.0
62 22 9178 1 0 0 0 1 0 0 0 1 1 0 0 0 1 0 0 0 1 0 1 1 1 0.0
63 22 8704 1 0 0 0 1 1 1 0 1 0 0 1 1 0 0 0 1 0 1 0 1 0 0.0
64 22 7739 0 1 1 1 0 0 1 0 0 0 1 0 0 1 0 0 1 0 0 0 1 0 0.0
65 22 6990 0 0 0 1 0 1 0 1 0 1 0 0 0 1 0 0 0 0 1 0 1 1 0.0
66 22 8383 0 1 0 0 0 1 1 1 0 1 1 1 1 0 0 0 1 0 0 0 0 0 0.0
67 22 10910 0 0 0 1 0 0 1 1 1 0 1 0 0 1 1 1 0 0 1 1 0 1 0.0
68 22 7923 0 0 0 1 1 1 1 0 0 0 0 0 1 0 0 1 0 1 0 0 1 0 0.0
69 22 9774 1 1 0 1 0 0 0 1 0 0 0 1 1 0 0 0 1 0 1 1 1 0 0.0
70 22 10139 0 1 0 0 1 1 1 0 0 1 0 1 0 0 1 1 0 0 0 0 0 1 0.0
71 22 7025 1 1 1 1 0 1 1 0 0 0 1 1 0 0 0 0 0 0 0 0 1 1 0.0
72 22 10657 1 1 1 0 0 0 1 0 1 0 0 0 1 1 0 0 1 1 1 0 1 0 0.0
73 22 8382 1 0 0 1 0 0 0 1 0 1 1 1 0 0 1 0 1 1 0 1 0 0 0.0
74 22 8946 1 0 0 0 0 1 0 1 0 1 1 0 0 0 0 0 1 1 0 0 1 1 0.0
75 22 10280 1 0 1 1 1 0 0 1 0 1 0 1 0 0 1 0 0 0 1 1 0 0 0.0
76 22 9106 0 0 0 0 1 0 1 1 0 0 1 1 1 0 1 0 1 0 0 1 0 0 0.0
77 22 8244 0 1 0 1 1 0 0 0 0 1 1 0 1 0 1 0 1 0 0 1 0 1 0.0
78 22 10372 1 0 0 0 0 1 1 1 0 1 1 0 1 0 0 1 0 0 1 1 1 0 0.0
79 22 8190 0 1 1 0 0 1 1 0 0 1 0 0 1 0 1 0 0 0 1 0 1 1 0.0
80 22 7335 0 0 0 0 0 0 1 1 0 0 1 0 0 0 0 1 1 1 1 1 0 0 0.0
81 22 8652 0 0 1 1 1 0 0 0 1 1 1 0 0 0 1 0 0 1 0 0 0 0 0.0
82 22 8174 0 0 1 1 0 0 0 1 1 0 1 0 0 1 1 1 1 0 0 0 0 0 0.0
83 22 7597 0 1 1 0 0 0 1 1 0 0 0 0 1 1 1 0 1 0 1 1 0 0 0.0
84 22 8875 0 0 0 0 0 0 1 1 0 0 1 1 0 0 0 1 1 1 1 0 0 1 0.0
85 22 9255 1 0 0 0 0 1 1 0 0 1 1 0 1 0 1 0 0 0 1 1 0 0 0.0
86 22 8701 0 0 1 1 1 1 0 0 0 1 0 1 1 0 1 0 1 1 0 1 0 0 0.0
87 22 9818 0 0 1 0 0 1 0 1 0 0 0 1 1 0 0 0 1 1 1 1 1 0 0.0
88 22 9854 1 0 0 0 0 1 1 0 0 1 1 1 1 0 0 0 1 1 0 1 0 0 0.0
89 22 10067 0 0 1 1 1 1 0 0 0 1 0 1 0 0 1 1 1 0 0 0 1 0 0.0
90 22 8624 1 1 0 1 1 1 0 1 0 0 0 1 1 0 0 0 0 0 0 1 1 0 0.0
91 22 7619 1 1 1 0 0 0 1 0 0 0 0 0 1 1 1 1 1 1 0 0 0 0 0.0
92 22 8384 1 1 0 0 0 0 1 1 1 0 0 0 0 0 0 1 0 0 1 1 0 0 0.0
93 22 8013 1 0 1 0 0 0 1 0 0 0 0 0 1 1 0 0 0 1 1 1 0 1 0.0
94 22 9417 0 0 1 1 0 1 1 0 1 1 0 1 1 0 0 0 1 0 0 1 1 0 0.0
95 22 10065 1 1 1 0 0 0 0 0 0 0 1 0 0 1 0 0 1 1 1 0 0 0 0.0
96 22 9135 1 0 1 1 0 0 1 0 0 0 1 0 1 1 0 0 0 0 1 0 1 0 0.0
97 22 6691 1 0 0 0 0 0 0 1 0 0 0 1 1 0 1 0 0 1 0 0 0 1 0.0
98 22 8300 1 1 0 0 0 0 0 0 1 1 0 1 0 1 0 1 1 0 0 1 0 0 0.0
99 22 9435 0 0 1 0 0 0 1 0 1 1 0 1 0 0 1 1 0 1 0 0 1 1 0.0
100 22 7535 1 1 0 0 0 0 0 0 1 0 1 1 1 0 0 1 0 1 0 0 1 0 0.0
101 22 7861 1 0 1 0 1 0 0 0 0 1 0 0 1 1 0 0 0 1 0 0 1 1 0.0
102 22 9529 0 1 0 0 1 0 1 1 0 0 1 1 0 1 1 0 1 1 0 1 0 0 0.0
103 22 8025 1 0 1 0 1 0 0 0 0 1 0 1 1 1 0 1 1 0 0 0 0 1 0.0
104 22 7499 1 0 0 0 0 0 0 0 1 1 0 1 0 1 0 1 0 0 1 0 1 1 0.0
105 22 9520 0 0 1 0 0 1 0 1 0 1 1 0 1 0 1 0 1 0 0 1 0 1 0.0
106 22 9818 1 0 0 0 1 1 1 0 1 1 0 0 0 1 0 1 0 0 0 0 1 1 0.0
107 22 9756 0 1 0 1 0 0 0 0 1 0 1 1 1 0 0 1 0 0 1 1 0 1 0.0
108 22 8677 0 1 0 0 1 0 1 0 1 1 1 0 0 0 1 0 0 0 0 0 1 1 0.0
109 22 9816 0 1 1 1 0 0 1 0 1 0 0 1 1 1 0 0 0 0 1 1 0 0 0.0
110 22 9803 1 0 0 1 1 0 0 0 1 0 1 1 0 0 0 1 1 1 0 0 0 1 0.0
111 22 10502 1 0 0 0 0 0 0 1 0 0 1 0 1 1 0 1 1 0 1 1 0 0 0.0
112 22 9210 0 1 0 1 0 1 0 0 1 0 0 0 1 0 1 0 1 1 0 0 1 0 0.0
113 22 6976 0 0 1 0 0 0 0 1 1 1 0 0 1 0 0 0 1 0 1 0 1 0 0.0
114 22 11220 0 0 0 0 1 0 1 0 1 0 1 1 0 0 0 0 1 1 0 1 1 1 0.0
115 22 8871 0 0 1 0 1 0 0 0 1 1 0 0 1 1 1 0 1 0 0 0 0 1 0.0
116 22 9898 1 1 1 1 1 0 0 0 0 1 0 1 1 0 0 0 0 1 0 0 1 1 0.0
117 22 7291 0 0 1 0 1 0 0 0 0 0 1 0 1 0 1 0 0 1 0 0 0 1 0.0
118 22 9716 0 1 0 1 0 0 0 1 1 1 0 0 0 1 1 0 1 0 1 0 1 1 0.0
119 22 7931 0 1 1 1 0 0 0 0 1 0 1 1 1 0 0 1 0 0 0 0 0 0 0.0
120 22 7138 1 0 1 1 1 0 1 1 0 0 0 0 1 0 0 0 0 0 1 0 0 0 0.0
121 22 8749 1 0 0 0 0 1 1 1 0 1 1 0 0 1 1 1 1 1 0 1 0 0 0.0
122 22 8535 0 0 1 1 1 0 1 1 1 0 0 0 0 1 0 0 0 1 1 0 0 1 0.0
123 22 9756 0 1 1 0 1 0 1 0 1 0 0 1 0 1 1 0 0 0 0 1 0 0 0.0
124 22 8160 1 0 1 0 0 0 1 1 1 0 0 0 1 1 0 0 0 0 1 0 0 1 0.0
125 22 10151 0 0 1 1 0 0 1 0 1 1 0 1 1 0 0 1 0 0 1 0 0 1 0.0
126 22 7988 0 0 1 1 0 1 1 0 0 0 0 0 0 1 1 1 1 0 0 1 0 0 0.0
127 22 8317 1 0 0 0 1 0 1 0 1 0 0 0 0 0 1 1 0 1 0 1 0 0 0.0
128 22 11004 1 1 1 0 0 1 0 0 1 0 1 1 0 0 0 0 1 0 0 1 0 1 0.0
129 22 9819 1 1 1 0 0 0 0 0 1 1 0 1 1 1 1 0 1 0 1 1 0 0 0.0
130 22 9706 0 0 1 0 0 0 0 1 1 0 1 0 1 0 1 1 0 0 1 1 0 0 0.0
131 22 8555 1 0 1 0 0 0 1 1 0 0 0 1 1 0 0 0 1 0 0 1 1 0 0.0
132 22 9117 0 1 0 0 0 1 1 1 0 1 0 1 0 0 1 0 1 0 1 0 0 1 0.0
133 22 10981 1 0 1 1 0 1 0 1 0 0 1 0 1 1 1 1 0 1 0 0 0 0 0.0
134 22 12219 0 0 0 0 1 0 1 1 1 1 1 0 1 1 1 1 0 0 1 0 0 1 0.0
135 22 8822 1 0 1 0 1 0 0 1 0 1 1 1 1 0 0 0 0 0 1 0 1 0 0.0
136 22 10383 0 1 1 0 0 0 0 0 1 0 1 1 0 0 1 1 0 0 1 1 1 0 0.0
137 22 11030 0 1 0 1 1 0 0 1 1 1 0 0 0 0 0 1 1 0 1 0 1 1 0.0
138 22 9062 0 1 1 1 0 1 0 1 1 1 0 0 0 1 0 0 0 1 0 1 0 0 0.0
139 22 10197 0 1 1 0 1 1 1 0 1 1 0 0 1 0 0 0 1 0 1 0 0 0 0.0
140 22 9012 0 0 0 0 0 0 1 0 0 1 1 1 1 1 1 0 0 0 1 0 1 0 0.0
141 22 8822 1 0 0 1 0 0 0 1 0 1 1 1 0 0 0 1 0 0 1 1 0 0 0.0
142 22 7533 0 0 0 0 0 1 0 1 1 0 0 0 0 1 1 1 1 0 1 1 0 1 0.0
143 22 8003 0 0 1 1 1 0 0 1 0 1 0 0 0 0 0 1 0 0 0 1 0 0 0.0
144 22 8902 0 0 1 0 0 1 0 0 1 0 1 1 0 0 1 1 1 0 0 0 0 1 0.0
145 22 7174 0 0 1 0 0 0 1 0 0 0 0 1 1 1 0 1 1 1 0 1 0 0 0.0
146 22 6918 0 1 0 0 0 0 1 0 1 0 0 1 0 0 0 0 1 1 0 1 1 0 0.0
147 22 9025 0 1 0 1 0 1 0 1 0 1 0 1 1 0 0 0 0 0 0 1 1 1 0.0
148 22 11148 1 1 0 1 1 1 0 1 0 1 1 0 1 1 0 0 0 1 0 0 0 1 0.0
149 22 12368 1 1 0 1 0 0 0 1 1 0 1 0 1 0 0 0 1 1 1 1 0 1 0.0
150 22 7380 1 1 0 0 0 0 0 0 1 0 1 0 0 0 0 1 1 0 0 1 1 1 0.0
151 22 9770 0 0 1 0 1 0 1 0 0 1 0 1 1 0 0 1 0 1 1 1 1 1 0.0
152 22 8238 0 0 1 0 0 0 0 0 0 0 1 1 1 1 0 0 0 1 1 0 0 1 0.0
153 22 8691 0 1 1 0 0 1 0 0 1 1 0 0 0 1 1 1 0 0 0 0 0 0 0.0
154 22 10899 1 1 1 0 0 0 1 0 0 0 0 0 1 1 0 0 0 1 0 1 0 1 0.0
155 22 8586 0 1 0 1 1 0 0 1 1 0 0 1 1 0 0 0 1 0 1 0 0 0 0.0
156 22 9605 0 0 0 1 1 1 1 0 0 0 0 0 0 0 0 1 1 1 1 0 1 1 0.0
157 22 10820 1 1 1 0 0 0 1 0 0 1 0 1 0 1 0 1 1 0 0 1 1 1 0.0
158 22 7468 1 0 1 0 1 0 1 1 0 0 0 1 0 1 0 1 1 0 0 0 0 0 0.0
159 22 8067 1 0 0 0 1 0 1 0 0 0 0 1 1 1 1 1 1 1 0 0 0 0 0.0
160 22 10341 0 0 0 1 0 1 0 1 0 0 1 0 1 1 0 0 1 1 1 1 1 1 0.0
161 22 7915 0 1 0 1 1 0 0 1 0 0 1 0 0 0 0 1 0 0 1 1 0 0 0.0
162 22 7848 1 0 0 0 0 1 0 1 0 0 1 1 0 1 1 0 1 1 1 0 0 0 0.0
163 22 7005 0 1 0 0 0 0 0 0 1 0 0 0 1 1 0 1 1 0 1 0 0 1 0.0
164 22 10984 0 0 0 0 0 1 1 0 0 1 0 1 1 1 1 1 0 1 0 1 1 0 0.0
165 22 8331 1 1 1 0 1 1 1 0 1 1 0 0 1 0 0 0 0 0 0 0 0 0 0.0
166 22 9411 1 0 0 0 0 0 1 1 1 1 0 1 0 1 0 1 0 0 1 1 0 0 0.0
167 22 9305 1 1 1 1 0 1 1 0 1 0 0 1 0 0 0 0 1 0 0 1 0 1 0.0
168 22 11251 0 0 0 1 0 0 0 0 1 1 1 0 1 1 0 1 0 1 1 0 1 0 0.0
169 22 6825 1 0 1 0 0 0 0 0 1 1 1 0 1 0 0 0 0 0 1 1 0 0 0.0
170 22 9753 1 1 1 0 0 1 0 0 1 0 0 1 0 1 1 1 1 0 0 1 0 1 0.0
171 22 8445 0 0 1 0 1 0 1 0 1 0 1 0 1 0 0 1 0 1 0 0 0 0 0.0
172 22 8808 1 1 0 0 0 1 0 1 0 0 0 0 1 0 0 1 1 0 1 0 0 1 0.0
173 22 6696 1 0 0 1 1 1 0 0 0 0 0 0 0 1 1 1 0 0 0 1 1 0 0.0
174 22 10466 0 1 1 0 0 0 1 1 1 0 0 0 0 1 0 0 0 1 1 1 0 1 0.0
175 22 10689 1 1 1 0 1 0 1 0 1 1 0 0 0 0 1 1 0 1 0 1 0 0 0.0
176 22 10350 0 0 1 1 1 0 1 1 1 1 1 0 0 0 1 1 0 0 0 0 0 1 0.0
177 22 9744 0 1 1 1 0 0 1 1 1 1 1 1 1 1 0 0 0 0 0 0 0 0 0.0
178 22 12252 1 0 0 0 1 1 0 1 0 0 0 0 1 1 0 0 1 1 1 1 1 0 0.0
179 22 6049 0 0 0 1 1 0 0 0 0 1 0 1 1 0 0 0 1 0 0 0 1 1 0.0
180 22 7688 1 0 1 1 1 0 1 0 0 0 0 0 1 0 0 1 0 0 1 0 1 0 0.0
181 22 8369 0 0 1 1 1 0 0 1 1 1 1 1 0 0 0 1 0 0 0 0 0 0 0.0
182 22 9679 1 1 1 0 1 0 1 1 0 0 0 0 1 1 0 1 0 0 0 0 0 0 0.0
183 22 7459 0 1 1 1 0 1 0 1 0 0 1 0 0 0 0 1 0 0 1 0 1 0 0.0
184 22 10424 1 0 0 1 0 0 1 1 1 1 1 0 0 0 0 1 0 1 1 1 1 0 0.0
185 22 8214 0 0 0 0 0 1 0 0 0 1 1 0 1 0 0 0 0 1 1 1 0 1 0.0
186 22 7363 0 0 1 1 0 0 0 0 1 1 1 0 0 0 1 0 0 0 1 0 0 0 0.0
187 22 9642 1 0 1 1 0 0 1 1 0 0 1 1 0 0 1 1 1 0 1 0 0 0 0.0
188 22 10518 0 0 0 0 1 0 1 1 0 1 0 1 0 1 0 1 1 0 1 0 0 0 0.0
189 22 9163 0 0 0 1 0 1 1 1 1 1 1 0 0 0 0 0 1 1 0 0 1 1 0.0
190 22 11223 0 0 1 0 0 1 0 0 1 0 1 0 0 0 0 1 1 1 0 1 1 0 0.0
191 22 9100 1 1 0 1 1 1 0 0 0 0 0 0 1 1 0 0 1 0 0 0 0 0 0.0
192 22 9061 0 1 0 0 1 1 0 0 0 0 0 1 1 0 1 0 1 1 1 0 1 0 0.0
193 22 9125 1 0 1 0 0 0 0 1 1 1 0 0 0 0 1 0 1 0 0 0 1 1 0.0
194 22 9148 1 0 1 1 1 0 1 1 1 1 0 0 0 0 1 0 0 0 1 1 0 0 0.0
195 22 7873 0 1 0 0 1 1 0 0 1 0 0 1 1 1 0 0 0 0 1 1 1 0 0.0
196 22 10828 0 1 0 1 0 1 1 0 1 1 1 0 0 0 1 0 0 1 0 0 0 1 0.0
197 22 8247 1 0 0 0 1 0 0 1 1 0 1 0 1 0 0 0 1 0 1 0 1 1 0.0
198 22 10001 1 0 1 0 0 1 1 0 1 0 1 0 1 0 0 1 1 1 1 0 0 0 0.0
199 22 9701 1 0 0 1 0 0 0 0 0 0 1 0 0 1 1 1 1 1 1 0 0 0 0.0
200 22 7616 0 0 0 1 0 0 0 1 1 1 1 0 1 0 0 0 1 0 1 1 1 0 0.0
201 22 9600 0 1 1 0 1 1 1 0 0 1 0 0 0 0 0 0 0 1 1 1 0 1 0.0
202 22 9367 1 0 0 0 1 1 0 0 1 1 0 0 0 0 1 0 1 0 1 1 1 1 0.0
203 22 7022 1 0 0 1 0 0 1 1 0 1 0 1 1 0 0 0 1 0 0 0 1 0 0.0
204 22 8339 0 1 0 1 0 0 1 1 0 1 0 1 1 0 1 0 0 1 0 0 0 0 0.0
205 22 9445 0 1 1 0 1 0 1 0 0 0 1 0 1 1 0 0 1 0 0 1 0 1 0.0
206 22 8152 1 0 1 0 1 0 0 0 1 0 0 0 0 0 1 1 1 1 1 1 1 0 0.0
207 22 9459 1 0 0 1 0 0 1 1 1 0 1 0 0 1 0 0 0 0 1 1 0 0 0.0
208 22 10636 1 0 0 1 0 1 0 0 1 1 1 0 0 0 0 1 0 0 0 1 1 0 0.0
209 22 7950 1 1 0 1 1 0 0 1 0 0 1 0 0 0 1 0 0 1 0 0 0 0 0.0
210 22 10293 1 0 1 1 0 1 1 1 0 0 0 1 1 0 0 0 1 0 1 0 0 0 0.0
211 22 8104 1 0 0 0 1 0 0 0 1 0 1 0 1 0 1 0 1 1 0 0 1 0 0.0
212 22 9011 1 0 0 0 0 0 1 0 1 0 0 1 0 1 0 0 1 0 0 1 1 1 0.0
213 22 7250 0 0 0 0 1 0 0 1 0 1 0 0 0 1 0 0 0 1 0 1 0 1 0.0
214 22 12218 0 1 1 1 0 1 0 1 1 0 1 1 1 0 0 0 0 1 0 1 0 0 0.0
215 22 7915 0 1 0 0 1 0 1 0 1 0 0 0 0 1 1 1 0 1 0 1 1 0 0.0
216 22 12586 0 1 1 0 1 1 1 0 1 0 0 1 0 1 0 1 0 0 1 1 0 0 0.0
217 22 9266 0 0 0 1 0 1 0 0 1 1 0 0 1 1 1 1 1 1 1 0 0 0 0.0
218 22 8367 0 0 0 0 1 0 0 1 0 1 0 1 1 1 1 0 0 0 0 1 0 0 0.0
219 22 10897 0 0 0 0 1 1 0 1 0 1 1 0 1 0 0 1 0 1 0 1 0 0 0.0
220 22 10531 1 0 1 1 0 1 0 0 0 1 0 0 0 1 0 0 0 1 1 0 1 1 0.0
221 22 10736 1 0 0 1 0 0 1 1 0 0 1 1 0 1 1 1 1 0 0 0 1 0 0.0
222 22 10042 1 1 0 0 0 0 0 0 0 0 0 1 0 1 1 0 1 1 1 1 0 1 0.0
223 22 9314 0 1 1 1 0 1 1 1 1 0 0 1 1 1 0 0 0 1 1 0 0 0 0.0
224 22 8747 0 0 1 0 1 0 1 0 0 1 0 0 0 0 1 1 0 0 1 0 1 1 0.0
225 22 9774 1 0 1 1 1 0 0 1 0 0 1 1 0 0 0 0 0 1 1 0 1 0 0.0
226 22 7624 1 1 0 0 0 1 1 0 0 0 0 0 0 1 0 0 1 0 0 1 1 1 0.0
227 22 13156 1 0 1 1 0 0 1 0 1 0 0 0 1 1 1 1 0 1 0 1 1 1 0.0
228 22 9523 0 0 1 0 1 1 0 0 1 1 0 0 1 0 1 0 0 0 1 0 1 0 0.0
229 22 9638 1 0 0 0 1 1 0 0 1 0 1 0 0 0 1 0 1 1 0 1 0 0 0.0
230 22 8426 0 0 0 0 0 1 1 0 0 0 0 0 1 1 1 1 0 1 1 1 0 1 0.0
231 22 10223 0 1 0 0 1 0 1 1 0 1 0 0 1 0 0 0 0 0 1 1 0 1 0.0
232 22 5291 0 0 1 1 0 0 0 1 0 1 1 1 1 0 0 0 0 1 1 0 0 0 0.0
233 22 7460 0 0 0 1 0 1 1 0 1 0 0 1 0 0 0 1 0 1 1 0 0 0 0.0
234 22 9593 0 1 0 1 1 1 0 0 0 0 0 0 1 1 1 0 0 0 1 0 1 1 0.0
235 22 8789 1 0 0 0 1 0 1 1 0 0 1 1 0 0 0 0 0 0 0 1 1 1 0.0
236 22 12804 0 1 0 1 0 0 1 0 0 0 0 1 1 0 0 1 0 1 1 1 1 1 0.0
237 22 11089 1 0 1 0 0 1 0 1 0 0 1 0 0 0 1 0 1 1 1 1 0 0 0.0
238 22 8642 0 0 1 0 1 0 0 1 0 1 1 1 0 0 0 0 0 1 1 0 1 0 0.0
239 22 9729 0 1 0 1 0 0 1 0 0 0 0 1 0 1 0 1 1 1 1 1 0 0 0.0
240 22 9532 1 1 0 1 0 1 0 0 1 1 0 0 1 0 0 0 0 1 0 1 0 1 0.0
241 22 9990 1 0 1 0 0 0 1 0 0 0 1 1 1 0 1 1 0 0 0 0 1 1 0.0
242 22 6672 0 1 1 1 1 0 0 1 0 0 0 1 0 0 0 0 0 1 0 1 0 0 0.0
243 22 8247 0 0 1 1 1 0 0 1 0 0 0 1 0 0 1 1 0 0 0 0 1 0 0.0
244 22 9505 0 0 1 0 1 1 0 0 1 1 0 0 1 0 0 0 1 1 1 1 0 1 0.0
245 22 8744 0 1 0 1 1 1 0 1 0 0 0 1 0 0 1 1 0 1 0 1 0 0 0.0
246 22 8897 0 1 0 1 1 0 0 0 0 1 1 1 1 1 0 0 1 1 1 0 0 0 0.0
247 22 9907 0 0 0 0 1 1 1 0 1 0 0 0 0 1 1 0 1 0 1 1 1 1 0.0
248 22 11970 0 1 0 1 1 0 1 0 0 0 1 1 0 0 0 1 0 1 0 1 0 1 0.0
249 22 7401 0 0 1 1 0 1 1 0 0 0 1 0 0 0 1 0 0 0 0 0 1 1 0.0
250 22 8887 0 1 0 1 0 0 0 0 0 1 0 1 1 0 1 1 0 0 1 1 1 0 0.0
251 22 7861 0 1 0 0 0 1 0 0 0 1 0 0 1 1 1 0 0 1 0 0 1 1 0.0
252 22 7805 1 0 0 1 1 0 0 0 0 1 0 0 0 1 0 0 0 1 0 0 1 1 0.0
253 22 7134 0 1 0 0 1 1 0 1 1 0 1 1 0 1 0 0 0 1 0 0 1 0 0.0
254 22 6330 1 0 1 1 0 0 1 1 0 0 0 0 0 1 0 0 0 1 1 0 0 0 0.0
255 22 9122 1 0 0 1 0 1 1 1 0 0 0 1 0 1 0 0 0 0 1 0 1 1 0.0
256 22 8195 1 1 1 0 0 0 1 1 0 1 0 1 0 1 1 0 0 0 0 0 0 0 0.0
257 22 11451 0 0 1 0 1 1 0 1 1 1 1 0 0 0 1 1 1 0 0 0 0 1 0.0
258 22 7976 1 0 0 1 0 0 1 0 0 0 0 0 1 0 1 1 0 0 0 0 1 1 0.0
259 22 9843 1 1 0 1 1 0 0 0 1 1 0 0 0 0 1 1 0 0 0 1 0 0 0.0
260 22 9063 0 1 1 0 1 0 1 1 0 0 0 1 0 0 1 0 0 0 0 1 1 0 0.0
261 22 9554 1 1 0 0 0 1 0 0 1 1 0 1 0 1 0 1 1 0 1 1 0 0 0.0
262 22 7845 0 0 0 0 0 1 1 0 0 1 1 0 1 0 0 0 1 0 1 0 0 1 0.0
263 22 7926 1 0 1 1 1 0 0 0 0 0 1 1 0 1 1 0 1 0 0 1 1 1 0.0
264 22 12175 1 1 0 1 0 1 0 0 1 0 0 1 0 1 1 0 0 0 0 0 1 1 0.0
265 22 9460 0 1 1 1 0 0 0 0 0 1 1 1 0 0 0 1 0 1 0 0 0 1 0.0
266 22 9212 0 0 1 0 0 0 0 1 1 0 1 0 1 0 1 0 1 0 1 0 0 1 0.0
267 22 8807 0 0 0 0 1 1 1 1 0 0 1 0 0 0 1 0 0 0 0 1 1 1 0.0
268 22 10856 0 0 1 0 1 1 1 0 0 1 0 0 0 1 1 1 0 0 1 0 0 0 0.0
269 22 5354 0 1 1 0 0 0 0 1 0 1 0 0 0 0 0 1 0 0 0 0 1 0 0.0
270 22 9770 0 0 0 1 1 0 0 0 1 1 1 1 0 0 0 0 0 0 0 1 1 1 0.0
271 22 10324 0 1 1 0 1 1 0 1 0 0 1 0 1 0 1 1 0 0 0 1 0 0 0.0
272 22 7833 1 0 1 0 0 1 0 0 0 1 0 0 1 0 1 0 0 0 0 1 1 0 0.0
273 22 8023 1 0 1 1 0 0 0 0 1 1 0 1 1 0 0 0 0 0 1 1 1 0 0.0
274 22 11310 0 1 1 0 0 1 1 1 0 0 0 1 0 0 0 1 0 0 0 0 1 1 0.0
275 22 6568 1 1 0 1 1 0 0 0 0 0 0 1 0 1 0 0 1 0 0 0 0 1 0.0
276 22 8667 1 0 0 1 1 0 0 1 0 0 1 0 1 0 1 0 1 0 1 0 1 0 0.0
277 22 9078 1 0 1 0 0 1 1 1 1 0 1 0 1 1 0 0 0 1 0 1 1 0 0.0
278 22 9388 1 0 1 0 0 0 1 0 1 1 1 1 0 0 1 1 0 1 1 0 0 0 0.0
279 22 9946 0 0 0 1 0 0 0 1 0 1 1 1 0 1 0 0 1 1 1 0 0 0 0.0
280 22 9476 1 0 1 1 0 0 0 0 0 0 0 1 0 1 0 1 1 0 1 0 1 0 0.0
281 22 8812 0 0 1 0 1 1 0 0 0 0 0 0 1 1 0 0 1 1 0 1 0 1 0.0
282 22 8025 0 1 0 1 0 0 0 0 0 0 1 0 0 1 1 1 1 1 1 0 0 1 0.0
283 22 8092 1 1 0 0 1 0 0 0 1 0 1 1 0 0 0 0 1 0 1 0 0 0 0.0
284 22 8007 0 1 0 0 1 0 1 1 1 1 0 0 0 0 0 0 1 0 0 1 1 0 0.0
285 22 7910 0 1 1 1 0 1 1 1 0 1 0 0 0 1 0 0 0 0 1 1 0 1 0.0
286 22 9861 0 1 0 0 1 0 1 0 0 1 0 1 1 0 1 1 0 0 1 1 0 1 0.0
287 22 11219 0 0 1 0 0 0 0 1 1 1 1 1 0 0 0 0 0 1 0 1 1 1 0.0
288 22 8350 0 0 1 0 1 0 0 0 1 0 1 0 0 1 0 0 0 1 1 0 0 0 0.0
289 22 11223 1 0 1 1 0 0 1 0 0 1 0 1 0 1 1 1 1 1 0 0 1 0 0.0
290 22 10152 0 1 0 0 1 0 1 1 0 0 0 1 0 0 0 1 1 0 1 1 0 0 0.0
291 22 6822 1 1 1 1 0 0 0 0 0 1 1 0 1 0 0 0 0 0 1 0 0 0 0.0
292 22 7797 0 0 0 0 1 0 0 0 1 1 0 1 1 1 1 0 1 0 1 0 0 1 0.0
293 22 8759 1 0 0 0 1 0 0 0 0 1 0 1 0 1 1 0 1 0 1 0 1 1 0.0
294 22 8790 0 0 1 0 0 0 1 0 0 0 1 1 1 0 0 0 1 0 1 1 0 1 0.0
295 22 7850 0 0 1 0 0 1 0 0 0 1 1 1 0 0 1 0 0 0 1 1 0 1 0.0
296 22 8492 0 0 0 0 0 1 0 0 1 1 1 0 1 0 0 0 0 0 1 0 1 0 0.0
297 22 11384 0 1 0 0 0 1 0 0 1 1 0 1 0 1 1 1 0 0 1 1 1 1 0.0
298 22 6978 0 0 0 1 1 0 1 0 1 0 0 0 1 1 1 0 0 0 0 1 1 0 0.0
299 22 10584 1 1 1 1 1 1 1 1 0 0 0 0 1 0 0 0 0 0 1 1 0 0 0.0
300 22 6704 1 0 0 1 1 0 0 1 0 0 0 0 1 0 1 0 0 1 0 1 0 0 0.0
301 22 9237 0 1 0 1 1 1 1 1 0 1 0 1 0 1 0 1 1 0 0 0 0 0 0.0
302 22 9629 1 0 0 0 0 0 0 0 0 1 1 1 0 0 0 1 0 1 1 1 1 1 0.0
303 22 9880 0 1 1 1 0 0 0 0 1 1 0 1 0 1 1 0 0 1 0 1 1 0 0.0
304 22 10113 1 1 0 1 1 0 1 0 0 0 1 0 1 1 1 1 1 1 0 0 0 0 0.0
305 22 9490 1 0 1 1 0 1 0 0 1 0 1 0 0 0 0 0 1 0 0 0 1 0 0.0
306 22 8518 1 1 1 0 0 1 0 1 0 1 1 1 0 1 1 0 0 0 0 0 0 0 0.0
307 22 8477 0 1 0 0 0 0 1 0 0 0 1 1 1 0 0 0 1 1 1 0 1 1 0.0
308 22 12521 0 0 1 0 0 0 1 1 1 1 1 0 0 0 1 0 1 1 1 0 0 1 0.0
309 22 10294 1 0 1 0 0 0 0 1 1 0 1 0 0 1 1 1 0 0 0 0 1 1 0.0
310 22 11537 1 0 0 1 1 0 0 0 1 0 1 0 1 1 1 0 1 0 0 1 1 0 0.0
311 22 8511 0 0 0 0 1 1 0 0 1 1 1 1 0 1 1 0 0 0 1 0 0 0 0.0
312 22 9480 0 1 0 0 0 0 0 1 1 0 1 1 1 0 0 1 0 1 1 0 1 0 0.0
313 22 8127 0 1 1 1 0 0 0 0 0 0 1 0 1 0 1 1 1 0 0 0 1 0 0.0
314 22 9320 0 1 0 0 0 0 1 1 0 0 1 0 1 1 0 0 1 0 0 0 1 0 0.0
315 22 8163 0 1 1 0 0 0 0 0 0 1 1 0 0 0 0 0 0 1 1 0 0 1 0.0
316 22 8818 1 1 1 0 0 0 0 1 1 1 1 0 0 0 1 1 0 0 0 0 0 0 0.0
317 22 8651 1 1 1 1 0 0 0 0 0 0 1 1 0 1 0 1 1 0 0 0 1 0 0.0
318 22 6827 1 0 1 0 1 0 1 0 0 0 0 1 1 1 0 0 0 1 1 0 1 0 0.0
319 22 10619 0 1 0 1 0 0 0 1 1 0 1 1 0 0 0 1 0 1 1 1 0 0 0.0
320 22 7723 0 1 0 0 0 1 0 1 0 1 1 1 0 0 0 1 0 0 1 1 1 0 0.0
321 22 7045 1 1 0 0 0 1 1 1 1 1 0 0 0 0 0 0 0 0 0 0 1 0 0.0
322 22 8363 0 0 1 0 1 0 1 1 1 1 0 0 0 0 1 0 0 0 1 0 0 1 0.0
323 22 8967 0 0 0 0 0 1 1 0 1 1 0 1 0 1 0 1 0 0 0 1 1 1 0.0
324 22 10730 1 1 1 0 1 1 1 0 0 0 0 1 0 1 0 0 0 1 0 1 1 1 0.0
325 22 7146 0 0 1 1 1 0 1 0 0 0 0 1 1 0 0 0 1 0 0 1 0 0 0.0
326 22 7018 0 0 1 1 0 1 1 0 1 0 0 0 0 1 0 0 0 1 1 0 0 0 0.0
327 22 7796 0 0 0 1 1 1 0 0 0 1 1 0 0 0 0 0 1 0 1 0 1 1 0.0
328 22 10704 1 0 0 0 1 1 1 1 0 0 1 0 0 0 1 0 0 0 0 0 1 1 0.0
329 22 9718 0 0 0 1 1 0 0 0 1 0 0 0 1 0 0 1 1 1 1 1 0 1 0.0
330 22 7440 1 1 0 0 1 1 0 0 0 0 0 0 0 0 1 0 0 1 0 0 0 1 0.0
331 22 9102 1 0 1 1 0 0 1 0 0 1 0 1 0 1 1 0 1 0 0 0 0 1 0.0
332 22 5661 0 0 0 0 1 1 1 0 0 0 0 1 1 0 1 0 0 0 0 0 0 1 0.0
333 22 10033 0 0 0 0 0 1 0 0 0 1 0 0 1 1 1 1 1 1 0 1 1 0 0.0
334 22 6596 0 0 0 1 1 1 0 0 1 1 0 0 1 0 0 0 1 0 0 0 0 0 0.0
335 22 8607 0 1 0 0 0 0 0 1 1 1 0 1 0 0 1 1 0 1 0 0 0 1 0.0
336 22 7850 0 1 0 1 0 1 0 0 1 0 1 0 1 0 1 0 0 0 0 1 0 0 0.0
337 22 8682 1 1 0 1 0 0 1 0 1 0 0 1 0 1 0 1 0 0 0 1 1 0 0.0
338 22 6488 0 0 1 0 0 0 1 0 1 0 1 0 0 0 0 0 1 0 1 1 0 0 0.0
339 22 10278 0 0 0 1 1 1 0 0 0 1 1 0 0 1 0 0 0 1 1 0 1 1 0.0
340 22 8917 1 1 1 1 1 0 1 0 0 0 0 1 1 0 1 0 0 1 0 0 0 0 0.0
341 22 7255 0 0 0 0 1 1 1 0 1 0 1 0 1 1 0 0 0 0 0 0 1 1 0.0
342 22 11299 0 1 1 0 1 0 1 1 0 1 1 0 1 0 1 1 0 0 0 1 1 0 0.0
343 22 10778 0 0 1 1 1 0 1 1 1 0 1 0 0 0 0 0 0 1 1 0 0 1 0.0
344 22 8770 1 0 1 1 0 0 0 0 0 0 1 0 1 0 1 0 1 1 1 0 0 0 0.0
345 22 9354 0 0 0 0 1 1 1 0 0 0 0 1 0 0 1 0 1 1 1 1 0 0 0.0
346 22 9946 1 0 0 0 0 1 1 1 1 0 0 0 0 0 0 1 1 0 1 1 0 0 0.0
347 22 6899 1 0 0 1 1 0 0 1 1 0 0 0 0 0 0 0 0 1 0 0 1 0 0.0
348 22 8618 0 0 1 0 0 1 0 1 0 1 0 1 0 0 0 0 0 1 1 0 1 0 0.0
349 22 9815 0 1 0 0 0 1 0 0 0 1 1 0 0 1 0 1 0 1 0 1 0 0 0.0
350 22 11646 1 0 0 0 1 1 1 0 1 0 1 0 0 0 0 1 0 1 1 1 0 0 0.0
351 22 11186 0 0 1 0 0 1 0 0 0 1 1 1 0 0 1 1 1 0 0 0 1 1 0.0
352 22 8942 1 1 1 0 0 1 0 0 0 1 0 1 1 0 1 0 0 1 1 0 0 1 0.0
353 22 9085 1 0 0 1 0 1 1 0 0 0 0 0 1 1 0 1 0 1 1 0 1 1 0.0
354 22 8659 0 0 0 1 0 1 0 0 0 0 0 0 1 0 0 1 0 1 1 1 1 0 0.0
355 22 10485 0 1 0 0 1 1 1 1 1 0 0 0 0 0 0 1 1 1 1 1 0 0 0.0
356 22 9276 1 0 0 0 0 0 0 1 0 0 1 1 1 1 1 0 0 0 1 0 1 1 0.0
357 22 6920 0 0 0 1 0 0 1 0 0 0 0 1 1 1 0 1 1 0 0 0 1 1 0.0
358 22 7637 0 1 0 1 0 0 1 0 1 1 0 1 0 0 1 1 0 1 0 0 0 0 0.0
359 22 9599 1 0 1 1 1 0 1 1 0 0 0 1 1 0 0 0 0 1 1 0 0 0 0.0
360 22 9567 1 1 0 1 1 1 1 0 1 0 1 0 0 1 0 0 0 0 0 0 1 0 0.0
361 22 6893 0 0 1 0 0 0 0 1 0 1 0 0 1 0 1 1 0 0 0 0 0 1 0.0
362 22 10310 0 0 0 0 1 0 0 0 1 1 1 1 0 0 1 0 0 1 1 0 0 1 0.0
363 22 10776 1 0 1 1 1 0 0 1 0 1 0 0 0 1 1 0 0 0 0 0 1 0 0.0
364 22 11619 1 1 1 1 0 1 0 1 1 0 1 1 1 0 0 0 0 0 0 1 0 0 0.0
365 22 7978 0 0 1 0 1 1 0 1 0 1 0 1 0 1 0 0 1 0 1 0 1 0 0.0
366 22 9825 1 0 0 0 1 0 0 1 0 1 1 0 0 0 1 0 1 1 0 1 0 0 0.0
367 22 10185 0 1 0 0 1 0 1 0 1 1 1 0 0 1 0 1 0 0 1 1 0 0 0.0
368 22 7850 0 1 0 0 1 0 0 0 0 1 1 0 0 1 1 0 1 0 0 1 1 0 0.0
369 22 10053 0 1 1 1 0 0 0 1 1 1 0 1 1 1 0 0 1 1 0 0 1 0 0.0
370 22 10469 1 1 1 0 0 1 1 0 1 1 0 0 0 1 0 0 1 1 0 0 0 1 0.0
371 22 12183 0 0 1 1 1 1 1 1 1 1 1 0 1 0 1 0 0 0 0 1 0 1 0.0
372 22 9414 1 0 1 0 0 1 1 1 0 0 0 0 1 0 1 1 1 0 0 1 1 0 0.0
373 22 8886 1 0 0 0 1 1 0 0 1 1 1 0 1 1 0 0 0 1 1 0 0 0 0.0
374 22 9350 0 0 1 0 0 0 0 0 1 0 1 1 1 1 1 0 1 0 0 1 0 0 0.0
375 22 9863 0 1 0 1 0 0 0 0 1 0 1 1 0 0 0 1 1 1 0 1 0 1 0.0
376 22 8702 1 1 1 0 0 0 0 0 1 1 1 0 0 1 0 0 1 0 1 0 1 0 0.0
377 22 9673 1 1 0 0 1 1 1 1 1 0 0 0 0 1 0 1 0 0 0 0 0 0 0.0
378 22 10383 0 0 1 0 0 0 1 0 0 1 1 1 1 0 1 0 0 0 0 0 0 1 0.0
379 22 9054 0 1 1 0 0 0 1 0 0 0 0 0 0 1 1 1 1 0 0 1 0 0 0.0
380 22 11807 0 0 1 1 1 0 1 0 1 0 0 1 1 1 0 0 1 0 0 0 1 0 0.0
381 22 10886 0 0 1 1 1 1 1 0 0 1 0 1 0 1 1 1 1 0 0 1 0 1 0.0
382 22 8996 1 0 1 1 1 1 0 0 0 1 1 0 0 0 0 0 0 1 0 1 0 0 0.0
383 22 10184 0 1 0 1 0 0 1 1 1 0 0 1 0 0 1 1 1 0 1 1 0 0 0.0
384 22 11044 0 0 0 1 0 0 1 0 0 0 1 1 1 1 0 1 1 1 1 1 0 0 0.0
385 22 6608 1 1 0 0 0 0 0 0 0 1 0 0 1 1 0 0 0 0 0 1 0 0 0.0
386 22 7684 0 0 0 1 0 1 1 0 0 0 1 1 0 0 1 1 0 0 1 0 1 1 0.0
387 22 9918 1 1 1 1 0 1 0 0 0 1 1 0 1 1 1 0 0 0 1 0 0 1 0.0
388 22 5656 0 0 0 1 0 0 1 1 0 1 0 0 1 1 0 1 0 0 0 0 0 1 0.0
389 22 9987 0 1 0 1 1 1 1 1 1 1 0 0 0 0 0 0 0 1 0 1 0 1 0.0
390 22 9636 1 1 1 0 1 0 0 0 1 0 1 0 1 1 0 0 1 1 0 1 0 0 0.0
391 22 10286 1 0 1 1 1 1 0 1 1 0 1 0 0 0 1 0 1 0 0 0 1 1 0.0
392 22 10361 1 0 0 1 1 1 0 0 1 0 0 1 0 0 1 0 0 0 0 0 1 1 0.0
393 22 9148 0 1 0 1 0 1 0 0 1 0 0 1 0 1 1 0 1 0 1 0 0 0 0.0
394 22 7986 1 1 1 0 0 1 0 0 0 0 1 0 0 0 1 1 0 1 0 1 1 0 0.0
395 22 8949 0 0 0 0 1 0 0 0 1 0 0 0 0 0 1 0 1 1 1 0 0 1 0.0
396 22 7350 0 0 0 0 0 1 0 1 1 1 0 0 0 1 1 0 1 0 0 0 1 0 0.0
397 22 8717 0 1 1 0 0 0 0 1 1 1 0 0 1 1 0 0 1 1 0 0 0 1 0.0
398 22 10885 1 0 1 1 1 1 1 1 0 0 0 0 1 1 0 0 0 0 1 1 1 0 0.0
399 22 10417 0 1 0 1 1 1 1 0 0 1 0 0 1 0 0 1 1 0 0 1 0 0 0.0
400 22 6868 1 0 1 0 0 1 0 0 1 0 1 0 0 1 1 0 1 0 0 0 1 1 0.0
401 22 9847 1 1 0 1 1 0 0 0 0 1 0 1 0 1 1 0 0 0 1 0 0 1 0.0
402 22 12767 0 0 1 0 0 0 1 0 1 1 1 1 1 1 1 1 0 0 1 0 0 0 0.0
403 22 7895 1 0 0 1 0 0 0 0 0 0 0 1 0 1 0 1 1 1 1 0 1 0 0.0
404 22 9811 0 1 1 0 1 0 1 1 0 1 0 0 1 0 0 1 0 0 1 0 0 1 0.0
405 22 9248 0 0 0 0 1 0 0 1 1 0 0 1 0 0 1 0 1 0 1 0 0 1 0.0
406 22 9785 0 0 1 0 1 0 0 0 1 1 1 1 0 1 1 1 0 0 1 0 0 0 0.0
407 22 8044 0 0 1 0 0 1 0 0 1 0 1 0 1 0 1 0 1 1 1 0 1 0 0.0
408 22 9104 0 1 1 1 1 0 0 0 0 0 1 0 0 1 0 1 0 1 1 1 0 0 0.0
409 22 12148 0 1 0 1 0 0 0 1 0 0 1 0 1 0 1 1 1 0 1 1 1 0 0.0
410 22 9095 0 0 1 0 1 0 1 0 1 0 0 0 1 0 0 1 0 0 1 0 1 0 0.0
411 22 10799 0 1 0 0 1 0 0 1 1 0 1 1 0 1 1 0 0 0 0 0 1 0 0.0
412 22 9016 1 0 0 0 1 1 1 1 0 0 1 0 0 1 0 0 0 1 0 1 0 1 0.0
413 22 10466 1 0 1 0 1 1 0 1 0 0 0 1 1 0 0 1 1 1 1 0 0 1 0.0
414 22 8100 0 0 0 0 0 0 1 0 0 0 1 0 0 1 1 1 1 0 0 0 1 1 0.0
415 22 9485 1 0 0 0 1 0 0 0 0 0 1 1 0 1 0 0 1 0 1 0 1 1 0.0
416 22 8241 0 1 1 0 0 1 0 0 0 0 1 0 0 1 1 1 1 1 0 0 0 0 0.0
417 22 10922 1 1 0 0 0 0 0 1 0 1 0 0 1 0 1 0 1 0 1 0 0 1 0.0
418 22 9342 0 1 0 0 0 1 0 1 1 1 0 0 0 0 0 0 1 0 1 1 0 0 0.0
419 22 8896 1 0 0 0 0 1 1 0 0 1 0 1 0 0 1 0 1 0 1 1 1 0 0.0
420 22 7959 0 1 0 0 1 0 0 1 0 0 1 0 1 1 0 0 0 1 0 0 0 1 0.0
421 22 10693 1 0 1 0 1 0 0 1 1 0 1 0 0 1 0 0 1 1 1 0 0 1 0.0
422 22 8662 0 0 1 1 0 1 0 0 1 0 0 1 1 0 1 0 1 0 0 0 0 1 0.0
423 22 7520 0 0 1 0 0 1 1 0 1 1 0 0 0 0 0 1 0 1 0 0 0 0 0.0
424 22 10500 1 1 1 0 1 0 0 0 1 1 1 0 1 0 0 1 1 1 1 0 0 1 0.0
425 22 8606 0 0 1 0 1 1 0 0 1 0 1 1 0 0 0 1 1 0 0 0 0 0 0.0
426 22 9747 0 0 1 1 0 0 0 0 1 0 1 1 0 1 0 1 1 0 1 0 0 0 0.0
427 22 8962 1 0 0 0 0 1 1 1 0 0 1 0 0 1 0 0 1 0 1 0 0 1 0.0
428 22 8996 1 1 1 1 0 0 0 1 1 1 0 0 1 0 0 0 0 1 0 0 0 0 0.0
429 22 10734 1 1 1 0 1 0 0 1 1 0 0 0 0 1 0 0 1 1 1 1 0 0 0.0
430 22 7351 1 0 1 1 1 0 0 0 0 0 0 1 1 1 0 0 0 1 0 0 0 1 0.0
431 22 9677 1 0 1 1 1 0 0 1 0 1 0 0 0 1 0 1 0 1 1 0 1 0 0.0
432 22 8898 0 1 0 0 1 0 1 0 1 0 1 0 1 1 0 0 0 0 1 0 0 0 0.0
433 22 8266 1 0 1 0 1 0 0 0 0 1 0 0 1 0 0 0 1 0 1 1 1 1 0.0
434 22 10283 0 1 0 1 1 0 1 0 1 0 0 1 1 0 1 1 0 1 0 1 0 0 0.0
435 22 9075 1 0 0 0 0 0 1 1 1 1 1 0 1 0 1 1 1 0 0 0 0 1 0.0
436 22 8983 1 0 1 0 0 1 0 1 0 0 1 0 0 0 1 0 0 0 1 0 1 0 0.0
437 22 10000 0 0 0 1 0 1 0 0 1 0 1 1 1 0 0 0 1 0 0 0 1 1 0.0
438 22 8825 1 1 0 0 1 0 1 0 1 1 0 1 0 1 0 0 1 0 0 1 1 1 0.0
439 22 8633 0 1 1 0 0 1 1 0 0 1 0 1 0 1 0 0 1 0 0 1 0 1 0.0
440 22 11216 1 0 0 0 1 1 1 1 0 1 1 0 0 0 0 1 0 0 1 0 0 1 0.0
441 22 7937 0 0 1 1 1 1 0 0 1 1 0 0 1 1 0 0 0 0 0 1 0 1 0.0
442 22 9462 0 0 0 1 0 1 1 0 1 0 0 0 0 0 1 1 0 1 0 1 1 1 0.0
443 22 9819 0 1 0 0 1 0 1 0 0 0 0 1 1 0 0 1 0 0 1 0 1 1 0.0
444 22 9765 0 0 0 0 0 0 1 1 0 1 0 1 0 1 0 0 1 1 1 1 0 0 0.0
445 22 8739 0 0 0 1 1 0 0 0 0 1 1 1 1 0 0 0 1 1 1 0 0 1 0.0
446 22 9361 1 1 0 0 1 1 0 0 0 1 1 1 0 0 0 0 0 1 1 0 0 0 0.0
447 22 11593 0 1 0 0 1 1 0 1 0 0 1 0 0 1 1 1 0 1 0 1 1 1 0.0
448 22 9528 0 1 1 0 1 0 0 0 1 1 1 0 0 0 0 0 1 1 0 0 1 1 0.0
449 22 7376 0 1 1 0 1 0 0 1 1 0 0 0 0 0 0 1 0 1 0 1 0 1 0.0
450 22 6166 0 0 0 1 1 1 1 0 0 1 1 0 0 0 0 1 0 0 1 0 1 1 0.0
451 22 8459 1 1 0 1 0 0 0 0 0 1 1 1 0 0 1 0 0 1 1 0 1 0 0.0
452 22 6489 0 0 1 0 1 0 0 1 0 0 0 0 0 1 1 1 0 1 0 0 1 0 0.0
453 22 11296 1 0 1 0 0 1 0 1 1 0 1 0 1 0 0 1 1 1 1 0 0 0 0.0
454 22 10944 1 1 1 0 1 1 1 1 0 0 0 0 0 1 1 0 0 0 0 0 0 1 0.0
455 22 10465 0 0 0 1 0 0 0 0 1 1 1 1 1 1 1 1 0 0 0 1 1 1 0.0
456 22 7388 1 0 0 0 1 0 1 0 0 1 1 0 0 1 0 1 0 0 0 0 1 1 0.0
457 22 9335 0 1 1 1 0 0 1 0 0 0 0 1 1 0 0 0 0 0 0 0 1 1 0.0
458 22 7961 1 0 1 0 0 0 1 1 0 0 0 0 1 1 0 1 1 0 0 1 0 0 0.0
459 22 10065 0 1 0 0 0 0 0 1 1 0 0 1 0 1 1 1 1 0 0 0 1 1 0.0
460 22 8617 0 1 1 0 1 0 0 1 1 1 0 0 0 0 0 1 0 1 0 1 0 0 0.0
461 22 9068 1 0 0 1 0 0 1 1 1 0 0 0 1 0 0 0 0 1 0 0 1 0 0.0
462 22 10955 0 0 0 0 0 0 1 1 0 1 0 1 1 1 1 0 0 0 1 1 1 0 0.0
463 22 9526 0 0 0 0 1 0 1 1 0 0 0 0 0 0 1 0 1 0 1 1 1 1 0.0
464 22 9300 1 1 0 0 1 0 0 1 1 1 1 0 1 0 0 0 0 1 0 0 1 0 0.0
465 22 10699 1 0 0 0 0 0 0 0 1 0 1 0 1 1 1 0 1 1 0 1 0 1 0.0
466 22 10419 0 0 0 1 0 1 1 1 1 1 1 0 0 0 1 0 0 0 1 1 0 0 0.0
467 22 8911 0 0 1 0 0 0 0 0 0 1 1 1 1 0 1 0 0 0 1 1 1 0 0.0
468 22 8644 1 0 1 0 0 0 1 0 0 1 0 1 0 1 0 0 0 0 1 0 1 1 0.0
469 22 6042 0 1 0 0 0 0 1 0 0 1 1 0 1 1 0 1 0 0 0 1 0 1 0.0
470 22 9967 0 1 1 1 1 1 0 1 1 0 1 0 1 0 0 0 0 0 0 0 1 1 0.0
471 22 9754 0 0 1 1 1 1 1 0 0 1 0 0 0 0 1 0 0 1 0 0 0 0 0.0
472 22 8987 0 1 0 1 0 1 0 1 0 1 0 1 0 0 0 1 1 0 0 0 0 1 0.0
473 22 8016 0 0 0 0 1 0 0 0 0 1 0 0 0 0 1 1 1 0 1 0 0 1 0.0
474 22 7166 0 0 1 0 0 1 1 0 0 0 1 1 0 0 1 0 0 1 0 0 0 0 0.0
475 22 11986 0 1 0 1 1 0 1 1 1 0 0 0 0 0 0 0 1 1 0 1 1 1 0.0
476 22 11071 1 1 1 0 1 0 0 1 0 0 0 1 0 0 0 1 1 1 1 0 0 1 0.0
477 22 10274 0 0 0 0 1 0 1 1 1 0 1 0 1 0 1 1 0 0 1 0 0 1 0.0
478 22 8520 1 0 1 0 0 0 1 0 0 1 0 0 0 0 0 1 1 0 1 0 1 0 0.0
479 22 5465 0 0 0 0 1 0 0 0 1 0 1 0 1 0 1 0 1 0 0 1 0 0 0.0
480 22 5726 1 0 0 0 0 0 1 0 0 0 0 1 1 0 0 0 0 1 1 0 1 0 0.0
481 22 8041 1 0 1 0 0 0 1 1 0 0 1 0 1 0 1 1 1 0 1 0 0 1 0.0
482 22 8736 1 0 1 0 1 1 0 1 0 1 0 0 0 1 1 0 0 0 0 0 0 0 0.0
483 22 9948 0 1 0 0 1 1 0 1 0 0 0 1 0 0 1 1 1 1 1 0 0 0 0.0
484 22 8504 0 0 1 0 0 1 1 0 1 1 0 0 1 1 1 0 0 1 0 1 1 0 0.0
485 22 8411 0 0 1 0 1 0 0 1 1 0 0 1 0 1 0 1 1 1 1 0 0 0 0.0
486 22 6548 0 1 1 0 0 0 0 0 0 1 0 1 1 0 1 0 0 1 0 1 0 0 0.0
487 22 9072 0 0 1 0 0 0 1 0 0 0 1 0 0 1 0 1 1 1 0 1 0 1 0.0
488 22 8821 0 1 0 0 0 1 1 1 0 0 0 1 1 1 0 0 1 1 0 0 0 0 0.0
489 22 7071 0 0 0 1 0 0 0 1 0 1 0 1 1 1 0 0 0 0 1 0 0 1 0.0
490 22 7417 1 0 0 0 1 0 0 1 0 1 1 0 1 1 0 0 1 0 0 0 0 0 0.0
491 22 7974 1 1 1 0 0 1 0 1 0 0 1 1 1 1 0 0 0 0 0 1 0 0 0.0
492 22 9744 0 1 1 1 0 0 1 0 0 1 0 1 0 0 1 1 1 0 0 0 1 1 0.0
493 22 8841 0 1 1 0 1 0 0 1 1 1 1 0 0 1 0 0 0 0 0 1 1 1 0.0
494 22 9792 1 1 0 1 0 1 1 0 1 0 1 0 1 0 1 0 0 1 0 1 0 0 0.0
495 22 8462 1 0 0 1 0 0 0 0 1 1 0 0 1 0 1 1 1 0 0 0 1 1 0.0
496 22 6438 1 0 0 0 1 0 0 0 0 1 1 1 0 0 0 1 0 0 1 0 1 0 0.0
497 22 9379 1 0 1 0 1 0 1 0 1 0 0 0 0 0 1 0 1 1 0 1 1 0 0.0
498 22 8842 1 1 1 1 1 1 0 0 0 0 0 0 0 1 0 1 0 1 1 1 0 0 0.0
499 22 8367 1 1 1 0 0 0 0 0 0 1 0 0 1 1 0 0 0 1 1 1 0 0 0.0
500 22 11536 1 0 1 0 1 0 1 0 1 1 0 1 0 1 1 0 0 0 0 0 1 0 0.0
