1 15 26 6 1193 3 1367 1 8 44 310 2 355 10 979 7 1164 3 456 9 1255 6 685 15 79 11 532 8 1016 3 1260 3 1014
2 15 24 10 1377 8 563 25 829 7 1148 1 1153 3 313 9 1259 9 1330 2 1242 4 213 16 86 8 103 8 1468 2 942 10 835
3 15 18 14 933 1 596 1 618 9 381 16 285 1 882 9 618 3 1224 9 798 3 484 3 1396 5 443 2 901 3 85 11 544
4 15 19 19 770 8 236 3 1162 10 496 2 1160 1 661 8 1089 18 950 4 1276 1 613 4 1098 7 1102 6 55 4 1249 1 833
5 15 19 22 521 3 514 7 1109 2 293 1 220 3 1072 25 1299 1 509 2 495 13 1484 4 1196 1 418 8 913 3 893 2 343
6 15 21 5 1402 5 1369 12 924 16 1471 2 1089 5 1490 7 365 6 995 4 1390 35 153 4 633 3 1224 1 35 2 726 2 322
7 15 16 5 930 1 1377 3 1205 8 790 2 568 4 561 2 1242 2 40 8 932 11 845 6 361 8 1448 9 1232 11 28 4 1
8 15 17 7 1101 12 1227 3 599 6 356 2 958 1 844 5 1328 6 1159 4 233 3 994 7 227 13 1266 2 1448 8 174 9 1027
9 15 19 4 1394 1 170 3 1095 7 1433 13 631 15 962 3 1032 1 1471 1 798 13 1240 3 336 1 1369 2 1399 15 1382 17 362
10 15 19 3 739 5 354 6 52 12 878 1 62 5 1000 8 1388 5 1399 2 323 28 1264 1 265 4 585 7 569 10 62 2 1057
11 15 13 8 513 4 259 3 147 12 1180 4 1029 7 990 1 1113 1 910 3 790 3 455 2 1059 2 755 4 285 2 290 12 413
12 15 17 7 1188 1 1175 7 1377 1 349 9 1434 2 216 1 1353 21 1252 1 1122 2 411 9 496 2 1052 3 1386 13 882 9 859
13 15 22 2 1264 6 727 11 620 14 700 4 549 9 1181 8 6 14 386 3 1202 2 711 1 221 14 714 7 972 8 646 11 130
14 15 12 3 74 3 938 1 381 8 1281 6 1476 1 115 3 862 1 1167 5 1008 2 730 11 781 9 1258 6 1037 2 1417 3 1188
15 15 25 12 226 15 962 15 414 7 1010 1 712 7 4 3 142 21 1346 14 1344 10 695 2 1413 6 803 6 978 2 1296 5 610
16 15 18 5 224 1 862 9 1365 3 632 1 1043 7 1387 3 96 3 1249 1 507 12 1100 2 123 1 21 20 1020 20 717 2 896
17 15 20 6 852 10 442 7 1144 2 768 9 1255 7 753 4 200 2 643 17 692 11 1365 11 624 1 1432 4 557 5 327 7 1450
18 15 21 14 1474 2 1020 2 770 5 457 5 1192 7 1308 34 206 4 724 5 273 1 397 8 238 1 867 13 873 4 677 4 875
19 15 10 2 125 6 1347 2 1421 1 318 5 976 4 917 2 634 6 1187 1 681 3 1212 3 1366 2 1415 5 286 1 252 7 838
20 15 18 1 603 6 1014 15 181 3 1247 4 1075 6 371 19 920 3 153 2 1255 5 81 10 762 1 1467 4 1217 6 1496 5 1418
21 15 19 13 254 5 461 4 1479 1 1463 7 1084 16 288 4 834 9 476 4 402 1 477 10 1465 8 71 5 836 8 687 3 1406
22 15 14 1 831 10 693 1 870 2 562 3 1383 1 530 3 1327 3 1468 18 341 5 1500 9 928 3 1381 2 878 8 969 2 441
23 15 20 8 771 6 1177 3 1335 1 1149 8 446 6 763 7 638 2 1149 2 405 1 802 37 892 8 541 2 782 9 379 1 923
24 15 17 6 326 7 815 6 1344 3 731 7 932 9 1068 2 605 4 896 4 692 8 861 12 75 1 789 11 102 5 455 4 969
25 15 25 1 655 5 704 4 543 1 501 6 1136 4 357 19 650 3 470 31 920 4 1110 3 569 18 1157 8 1050 13 516 7 993
26 15 10 5 935 12 272 1 1357 1 587 3 40 1 193 2 956 4 941 1 607 2 977 1 540 3 1406 1 1029 14 415 2 1420
27 15 17 3 1140 7 1202 7 641 3 893 1 73 4 643 2 657 5 441 7 1047 12 366 10 1261 1 310 9 1283 4 1306 10 565
28 15 17 6 777 6 1417 3 1275 3 364 1 1246 5 883 8 972 2 1400 2 365 4 1325 4 1231 19 1445 8 345 11 1215 4 442
29 15 14 5 706 8 1291 4 940 14 1221 2 1228 1 1411 4 1051 10 943 7 1442 3 81 1 23 1 1308 3 1369 1 944 6 57
30 15 23 9 492 7 372 9 620 2 1223 1 706 11 1107 11 898 7 636 3 1067 12 207 11 690 10 1461 3 1186 2 436 20 97
31 15 16 8 22 4 1042 2 344 7 147 2 64 9 229 7 981 6 1223 18 1017 1 629 6 434 1 1176 9 1386 1 685 1 454
32 15 18 8 1328 8 947 1 365 1 996 5 225 5 1171 2 504 2 56 4 484 22 722 2 1175 11 292 11 263 4 711 8 380
33 15 15 17 1004 1 1269 2 805 3 174 4 444 2 953 1 1470 1 161 9 1175 16 1128 3 1233 9 1146 2 973 1 1073 4 1245
34 15 12 1 861 2 449 1 118 15 215 2 258 9 924 1 637 5 421 1 67 3 52 12 1466 3 187 4 69 1 1215 2 31
35 15 11 2 305 8 378 4 486 2 476 4 1097 9 198 1 564 1 475 1 1432 9 403 6 549 1 299 2 383 6 774 2 104
36 15 26 16 41 7 1368 8 1134 7 254 6 521 5 45 27 66 3 1322 14 769 1 882 1 397 12 242 3 843 18 269 2 30
37 15 18 6 637 12 256 2 1200 1 361 3 718 16 691 4 1497 14 394 11 1142 9 588 2 164 3 1478 5 1141 2 209 3 28
38 15 21 5 906 4 193 27 265 5 1032 4 139 5 367 6 179 12 1330 1 86 12 1404 3 366 8 465 9 838 3 981 2 1122
39 15 13 2 1023 1 793 2 463 3 1153 4 754 2 88 12 228 8 1231 3 358 2 212 11 799 3 167 5 1226 3 1149 6 271
40 15 15 6 81 11 994 1 360 6 667 4 69 3 882 4 767 1 1243 3 696 2 151 2 1452 3 937 8 10 17 1403 6 639
41 15 23 9 721 18 948 6 1063 8 411 1 819 12 456 1 1135 4 1001 1 1391 18 771 16 584 16 438 3 1378 3 282 3 320
42 15 17 6 612 2 326 10 925 1 820 1 183 7 577 3 1098 1 168 8 619 1 1060 18 999 2 466 18 1453 4 1247 4 1185
43 15 21 2 15 24 423 3 460 14 1447 10 86 7 1433 1 88 4 349 6 907 3 222 9 80 15 827 6 595 2 1103 2 241
44 15 21 4 1306 2 273 15 640 1 62 3 1426 4 1286 3 753 1 1350 11 1213 15 821 15 968 5 806 7 1360 11 1330 12 1165
45 15 14 9 813 3 586 6 23 2 520 4 356 4 499 2 24 7 1322 10 20 12 875 4 707 2 315 1 774 3 1374 2 190
46 15 17 5 964 3 1223 4 862 4 376 10 323 12 656 11 744 6 585 3 1445 1 1052 2 198 14 665 9 790 1 496 1 148
47 15 25 10 531 6 700 9 1467 2 286 10 1041 1 266 13 297 28 1296 1 1357 4 938 3 703 6 293 10 913 3 731 22 174
48 15 22 9 184 25 867 9 729 1 82 6 393 5 894 11 104 2 709 3 494 5 815 7 880 1 736 17 1383 1 1483 9 38
49 15 20 5 1446 5 88 3 1347 10 219 3 1299 36 613 2 76 10 1286 9 957 1 698 3 415 4 513 2 678 4 875 4 946
50 15 23 8 1243 12 1483 2 1317 10 1313 2 1400 4 535 9 1031 4 101 2 1384 6 356 14 915 5 430 7 1393 8 875 25 326
51 15 20 8 172 7 1244 8 744 5 893 10 97 17 1152 2 270 6 1200 23 142 4 1405 2 1379 4 718 3 1192 1 1070 3 252
52 15 17 4 1339 2 946 5 1075 11 632 4 354 3 395 5 846 9 706 4 423 20 1301 12 571 2 1390 3 1121 4 1287 1 702
53 15 14 2 260 8 54 9 936 1 335 7 1303 5 962 5 280 15 761 1 848 2 1274 1 599 3 378 2 927 5 1229 4 1011
54 15 14 4 1112 3 501 7 24 7 361 3 920 10 1477 1 1459 10 138 11 119 3 668 1 1028 1 694 11 1044 1 1089 1 1252
55 15 15 10 1402 7 671 2 734 4 1464 9 494 1 355 3 498 6 1499 3 140 9 318 8 860 4 768 2 1303 1 284 7 156
56 15 17 1 1145 2 728 2 561 5 509 13 1363 9 1169 4 1220 5 50 16 442 4 1194 10 338 3 1250 6 1455 6 626 3 403
57 15 17 20 1249 6 318 18 116 4 65 1 1351 6 1294 5 288 2 930 4 1471 7 1041 6 308 1 134 1 1453 1 683 4 523
58 15 27 6 749 10 749 3 26 3 777 1 786 11 36 5 430 4 430 4 266 16 180 30 117 7 971 6 991 14 1089 15 1240
59 15 11 4 367 1 659 9 900 10 164 5 432 2 1090 1 351 1 76 1 146 2 886 7 237 2 1049 5 620 4 941 5 1021
60 15 9 9 1247 6 127 4 739 3 105 3 970 1 1407 5 1404 3 1473 1 773 1 1382 3 1190 4 230 2 549 1 1158 2 808
61 15 20 7 933 14 186 6 642 7 1010 20 88 5 1227 1 652 1 66 15 930 4 1054 5 193 2 1449 6 351 5 1402 2 84
62 15 15 6 203 11 1221 3 613 7 271 6 381 1 492 4 263 4 591 2 705 8 1135 8 873 7 481 1 84 6 61 4 407
63 15 19 9 685 5 80 7 456 3 1279 2 1474 2 563 2 290 1 1188 10 82 7 662 2 259 19 611 16 911 1 1046 12 349
64 15 25 1 489 7 847 1 397 18 1296 20 921 18 1163 4 994 7 817 10 805 5 165 5 1097 13 570 3 370 12 503 1 476
65 15 22 20 195 1 962 4 565 5 111 3 1225 5 611 11 1453 10 644 3 1444 7 171 3 778 14 434 8 1041 1 740 16 1441
66 15 19 1 522 12 1177 1 715 14 1191 1 38 5 1145 3 727 4 773 25 15 14 673 4 345 1 123 1 19 4 767 7 686
67 15 15 2 1290 2 1170 9 843 11 121 2 513 15 469 6 647 1 1220 3 1204 2 828 2 919 2 615 4 952 14 172 3 985
68 15 14 2 1038 3 449 1 284 2 1350 3 1132 4 278 2 788 6 1167 19 823 3 849 10 52 9 112 2 1167 3 541 2 288
69 15 18 5 1060 1 1102 4 276 2 463 3 894 2 216 6 905 7 1392 9 680 2 1358 10 1459 7 1440 3 1363 18 762 12 459
70 15 22 8 574 7 654 11 383 4 721 5 1100 6 877 1 684 4 324 21 1309 2 298 8 554 11 487 1 44 17 1036 7 239
71 15 19 11 869 5 104 9 154 4 173 5 1302 8 736 4 1273 5 1021 3 1379 3 127 13 549 12 1081 7 10 2 1265 5 1242
72 15 19 2 513 2 79 1 430 1 442 2 127 9 746 11 415 11 1003 4 557 4 257 16 253 11 1143 6 1277 8 102 7 575
73 15 19 8 726 1 381 9 1343 5 441 5 761 5 1120 24 452 1 132 2 100 20 1264 6 793 3 224 3 1136 3 1453 1 1066
74 15 16 4 1023 6 1367 6 1126 1 767 9 167 5 530 20 1074 4 488 3 407 2 180 4 14 1 1280 9 1352 3 1057 4 49
75 15 12 1 231 2 1229 4 77 3 1186 5 22 2 605 1 266 2 1145 3 376 1 1466 3 144 7 850 10 1107 14 536 6 86
76 15 29 4 661 3 293 18 141 4 625 4 729 10 1459 6 124 6 1247 9 1368 3 204 21 1086 8 1338 2 584 2 1480 48 969
77 15 21 1 498 15 711 16 390 8 259 7 194 10 1343 3 576 5 193 1 1119 11 1273 18 1233 3 390 2 1447 1 862 8 576
78 15 16 3 793 17 19 7 171 7 574 9 932 2 801 7 412 1 1481 2 1177 3 872 4 628 11 1125 2 1324 7 382 1 1108
79 15 21 16 854 16 285 5 1310 6 957 17 1423 7 528 2 741 3 971 2 1345 13 351 5 816 2 187 1 1334 1 572 12 727
80 15 16 3 123 7 81 3 921 2 1163 6 548 7 892 28 1451 7 847 1 977 1 337 2 664 5 1295 4 649 1 1413 3 146
81 15 24 5 642 9 1008 13 610 3 1214 23 432 11 228 23 160 6 216 1 118 3 1331 2 96 1 1219 4 735 4 718 14 687
82 15 19 4 683 15 506 7 1208 1 582 5 835 17 914 5 750 8 1299 8 1323 8 505 4 871 6 930 4 1034 1 1328 5 702
83 15 16 3 913 8 32 12 255 2 251 4 1215 3 928 3 1347 6 339 2 152 15 196 6 460 1 1239 1 918 6 509 8 324
84 15 19 1 54 6 1190 6 726 4 920 1 680 4 1345 1 641 2 666 5 120 9 585 26 830 2 1480 14 784 11 379 4 723
85 15 9 12 500 1 347 2 981 2 1204 3 1095 3 1093 3 1014 2 636 3 976 2 4 4 889 1 590 4 1021 6 1245 1 1156
86 15 19 9 592 8 1012 4 1144 4 421 8 583 1 71 4 240 3 1331 3 337 2 1462 17 120 12 873 10 88 3 845 10 755
87 15 22 16 1446 21 146 4 775 15 105 4 530 3 1198 6 1460 2 1284 10 1009 1 892 5 1062 10 522 4 963 12 406 1 966
88 15 12 3 893 1 693 5 468 3 800 9 1017 1 609 1 25 8 112 6 147 4 1400 2 404 5 1323 7 52 5 283 3 13
89 15 13 8 359 2 317 7 613 1 1003 4 803 2 197 1 649 8 627 4 1348 5 765 2 1335 9 1220 5 641 6 998 2 1481
90 15 13 11 83 1 666 6 225 1 3 2 221 5 1319 3 1388 4 1403 1 979 8 1328 9 1093 3 118 6 57 2 393 4 353
91 15 16 5 798 1 715 14 1205 20 1399 1 36 2 1295 2 1037 5 927 7 526 5 513 3 848 1 246 5 1385 7 582 2 694
92 15 20 10 774 6 504 2 1277 2 1064 4 1227 4 272 3 1479 11 178 22 1491 13 1110 1 383 5 763 6 1166 8 394 3 467
93 15 16 11 280 9 1435 1 1264 1 74 2 20 3 405 4 1104 16 1287 1 462 23 185 2 181 5 248 1 284 1 1374 1 1201
94 15 13 2 365 3 391 8 1495 6 1483 9 1095 7 805 8 928 4 1023 1 53 4 159 1 429 3 156 3 536 1 1052 7 1078
95 15 18 4 513 5 893 19 1363 1 27 11 852 6 812 10 873 4 738 1 285 3 977 6 32 2 1394 4 249 16 538 2 170
96 15 18 26 1338 3 610 4 316 2 89 2 187 11 1410 2 402 17 1440 2 1263 2 794 2 1408 8 798 1 658 4 622 7 1377
97 15 15 2 864 2 248 3 854 5 801 2 1240 4 1372 2 925 5 1459 9 1441 14 1277 4 68 3 763 7 277 7 1345 7 904
98 15 19 1 64 15 87 6 1384 16 1465 7 974 3 1030 5 216 8 993 1 785 4 290 2 1098 9 187 1 1430 3 270 14 284
99 15 21 23 1130 1 700 3 899 3 1058 7 22 28 1470 2 1472 7 1348 11 694 1 800 4 403 11 340 3 1395 1 560 3 1170
100 15 16 3 373 4 193 4 386 10 618 9 607 3 1182 3 341 4 316 1 483 3 149 3 1484 8 521 7 395 5 734 13 595
101 15 19 2 754 4 1035 2 73 2 595 10 892 8 503 9 1031 2 1129 19 1466 10 166 4 207 1 1463 1 1463 7 821 14 1180
102 15 14 1 1258 6 893 4 359 5 879 5 839 11 849 1 1311 4 260 11 176 3 1101 1 723 3 357 7 587 5 294 5 1405
103 15 15 1 1474 4 635 3 1356 6 1344 7 711 1 1359 5 1422 8 294 9 702 6 976 11 1335 9 736 1 1105 1 423 3 706
104 15 13 8 574 8 1257 7 520 1 855 2 427 1 20 5 258 2 290 1 667 2 871 5 876 1 60 5 116 8 120 11 957
105 15 20 5 823 1 255 12 1202 4 844 1 587 1 1006 2 639 5 1488 7 244 10 452 7 50 1 638 21 1412 4 173 19 531
106 15 32 1 980 48 891 9 539 5 636 3 1278 7 267 10 557 4 1319 1 1258 3 1393 8 419 10 921 25 1460 14 719 15 458
107 15 14 8 1162 1 55 8 534 2 238 9 265 1 577 11 1009 6 985 2 1331 4 1317 3 170 7 435 2 567 4 582 5 1151
108 15 24 30 532 4 1412 4 219 8 504 31 275 2 798 10 1204 3 192 13 198 2 139 3 1401 2 129 2 1143 6 1251 2 1131
109 15 19 2 132 4 223 8 416 14 1025 14 485 2 1078 2 1147 7 223 4 488 3 774 1 95 23 339 3 351 7 1414 2 877
110 15 23 9 553 20 1205 11 1374 5 869 5 526 4 1343 2 66 2 1073 16 555 10 1383 5 791 14 8 8 413 2 121 2 1311
111 15 16 10 208 26 1036 2 809 2 163 6 216 7 814 5 1352 2 1219 3 393 1 923 3 492 9 1398 2 101 3 1488 1 576
112 15 12 8 875 1 868 6 734 3 1347 3 388 1 734 4 887 10 155 3 1459 13 307 3 399 3 721 4 126 1 972 1 350
113 15 21 6 1054 9 312 21 83 7 1349 3 1156 9 1276 2 805 10 168 1 457 3 493 2 795 10 1227 18 1286 5 1201 3 376
114 15 21 10 1147 1 438 4 291 3 1473 17 1387 15 272 22 341 5 101 1 1448 3 1064 1 489 16 596 1 622 2 1235 8 712
115 15 18 7 1268 6 1258 5 366 16 26 3 1046 2 204 7 774 2 442 5 624 3 671 10 1146 2 305 9 1362 12 1155 5 22
116 15 20 1 1082 11 597 12 953 1 22 22 679 8 992 1 97 6 871 1 1212 9 1020 8 67 9 1123 3 1036 3 135 7 1252
117 15 28 7 815 2 1195 3 426 7 408 21 22 9 44 4 488 24 577 8 526 9 814 11 1024 5 56 12 186 4 1029 15 1018
118 15 10 11 264 3 150 3 1176 1 1072 1 397 1 1470 2 353 6 468 4 123 6 1037 1 849 1 1489 7 1382 4 975 2 15
119 15 17 3 658 1 80 5 1481 3 1236 5 1258 9 1496 14 1065 3 358 2 301 9 755 15 804 1 656 1 120 6 640 10 1144
120 15 18 11 279 7 284 6 727 1 614 1 752 7 558 4 285 9 1251 1 899 8 1433 15 523 2 1001 11 659 7 465 1 845
121 15 21 1 425 1 101 5 1225 7 1304 6 741 7 1031 22 575 1 37 6 781 5 508 28 684 2 1013 5 1048 9 961 4 561
122 15 11 12 1014 2 269 2 1072 2 813 9 263 4 2 5 766 4 22 1 277 3 1447 1 228 2 203 3 899 7 220 1 323
123 15 25 9 672 1 169 1 1023 16 1353 10 933 7 385 14 436 7 499 13 1233 10 1477 4 859 19 226 2 2 10 1021 2 902
124 15 21 12 651 2 412 9 770 21 471 1 730 4 1359 4 997 1 195 16 1261 12 947 1 1335 2 263 1 587 5 201 14 180
125 15 18 13 489 1 1362 4 1064 3 214 11 101 4 1380 2 1076 12 1186 3 385 1 49 1 1366 10 872 16 445 7 25 6 1306
126 15 17 1 308 5 729 4 436 10 1249 4 285 1 1481 1 356 2 250 2 1391 12 1429 8 602 11 364 4 1339 16 256 5 1040
127 15 13 8 222 1 328 4 51 2 1124 7 684 1 350 1 68 8 74 3 974 7 1124 8 326 1 1482 10 265 6 205 2 993
128 15 21 1 142 10 733 3 258 5 1482 7 87 1 1273 5 266 5 54 6 84 9 1262 5 696 32 727 6 775 13 103 1 397
129 15 14 1 1393 1 1317 2 368 17 243 2 130 11 1475 2 576 8 534 2 1465 1 736 6 866 6 1199 3 1197 6 1264 3 853
130 15 19 1 144 12 984 10 3 2 726 1 1236 7 1017 1 821 30 1315 3 164 12 412 10 655 2 312 1 1162 2 562 1 1005
131 15 26 13 637 13 129 8 29 2 1042 6 839 1 1343 10 939 6 464 1 571 13 1466 1 732 12 496 20 881 18 944 7 1275
132 15 15 7 1035 8 931 1 1020 3 930 1 411 3 520 4 634 3 236 4 331 16 386 2 922 1 732 11 20 14 60 1 93
133 15 18 2 411 6 100 1 1428 1 428 11 1270 1 400 1 609 11 454 10 1088 4 747 4 1158 5 571 17 603 13 952 5 953
134 15 9 4 673 3 597 1 707 3 1013 4 1275 1 576 3 742 1 357 10 514 1 303 2 304 6 578 1 1310 4 873 4 313
135 15 16 10 1019 14 225 6 569 5 1470 2 476 2 529 4 812 3 594 7 1348 1 206 2 208 13 1284 2 1026 4 338 7 92
136 15 25 6 715 1 1174 4 1295 2 280 5 819 12 1297 3 672 16 1092 11 386 6 819 6 1171 21 1374 12 279 5 522 18 320
137 15 20 3 984 1 178 4 368 14 428 10 1366 2 789 2 1232 7 1043 8 373 3 976 5 531 29 339 9 117 2 338 5 621
138 15 21 3 1487 3 855 14 1108 7 840 1 357 11 1100 4 1138 1 1484 6 788 9 360 22 1077 1 437 12 926 11 603 3 975
139 15 19 13 765 15 1232 7 1363 1 1394 4 1321 5 642 5 284 6 983 6 121 6 666 6 717 4 1128 6 1488 9 721 2 97
140 15 18 2 268 3 1446 19 488 14 1445 1 1078 4 1434 1 541 16 1449 9 695 7 1160 2 262 1 1032 1 756 6 719 7 342
141 15 17 6 870 7 622 5 267 3 1160 8 578 1 203 1 891 10 1445 8 188 6 941 7 188 3 1091 14 1181 4 1211 2 532
142 15 11 3 761 3 480 3 92 4 924 2 270 7 1195 8 906 3 905 5 263 6 432 6 33 1 248 3 1313 2 272 2 1126
143 15 16 2 355 3 1177 3 453 3 523 8 1260 4 1161 1 840 7 577 11 315 11 475 5 194 7 442 8 901 8 1150 1 568
144 15 17 3 1165 14 981 3 877 9 1299 1 1019 1 599 12 1249 1 44 2 959 10 809 9 565 3 265 5 174 14 343 1 377
145 15 16 1 1256 5 164 2 241 7 324 2 1479 9 332 5 1127 5 1335 2 304 2 560 10 625 10 312 3 720 1 637 20 310
146 15 25 7 760 6 1157 1 617 3 1301 7 1064 2 734 5 617 17 1306 23 80 23 837 7 718 12 784 4 245 4 1029 6 73
147 15 18 13 572 3 936 3 121 5 950 1 19 6 599 2 1401 2 28 4 823 10 722 12 1221 7 924 19 1132 5 585 2 1127
148 15 19 7 777 6 483 1 588 7 561 8 1111 11 278 2 165 1 356 7 494 15 326 2 899 4 1244 7 898 10 561 7 656
149 15 26 5 508 2 346 4 1312 5 1467 14 1456 6 34 1 77 13 1334 26 821 4 1014 13 890 3 1426 1 441 14 85 19 968
150 15 17 3 1366 4 310 1 948 1 952 2 54 5 496 7 1464 4 176 2 745 11 1081 12 1193 6 441 5 370 19 859 7 957
151 15 25 9 427 12 836 12 566 1 186 16 1164 3 1482 1 1290 7 983 11 505 3 209 5 261 10 600 8 54 18 57 11 419
152 15 21 2 1405 4 558 13 676 3 169 7 374 9 478 9 92 5 145 20 451 1 226 4 530 16 1425 5 1462 5 39 3 432
153 15 20 3 364 2 409 2 1472 7 212 5 479 3 901 17 1112 4 1488 3 430 8 407 14 435 11 1163 5 1200 12 897 7 1048
154 15 17 9 659 2 1322 10 746 1 1273 6 498 5 1064 2 421 7 1462 1 762 9 1415 5 1139 14 37 1 592 4 544 12 153
155 15 12 6 111 3 613 6 615 3 1134 2 680 1 973 5 529 8 1442 15 699 3 1128 1 1141 1 1338 2 349 5 1351 2 916
156 15 17 14 1282 4 840 3 212 12 317 3 648 8 1342 1 656 9 560 4 354 8 166 7 1099 3 1142 1 525 2 1033 7 1159
157 15 18 3 67 7 1237 5 538 7 244 4 1210 6 256 2 1064 2 340 4 1269 3 204 19 1033 1 767 20 605 5 1019 3 1382
158 15 15 2 11 1 1007 5 1317 8 546 5 227 1 263 14 173 1 1410 9 511 1 749 2 842 6 1409 13 1010 2 671 9 316
159 15 13 1 247 6 560 1 47 6 451 8 912 3 1432 1 581 2 805 1 564 4 1254 16 423 4 380 1 1013 10 266 1 469
160 15 17 14 723 2 1349 4 1274 3 915 13 804 7 532 4 1111 2 557 1 960 5 1213 6 1366 4 932 9 307 4 425 7 1049
161 15 13 5 1133 1 892 9 681 3 456 8 398 1 1293 8 233 1 549 2 527 5 289 4 365 14 403 1 1325 2 504 2 1260
162 15 19 18 477 14 759 13 1369 6 239 1 965 7 1158 9 1184 10 465 2 389 1 80 2 350 1 1084 4 381 4 511 3 1259
163 15 17 1 1280 3 1169 7 205 3 1393 1 1327 2 334 1 1183 3 762 17 852 8 693 4 776 20 1202 1 144 11 1155 6 1317
164 15 27 14 1186 6 797 10 1411 4 202 15 361 4 843 8 729 14 438 29 1243 5 969 8 265 4 831 13 1127 1 1345 2 1262
165 15 16 1 1460 10 1047 5 577 7 1088 19 39 2 18 2 1108 4 191 2 156 10 34 6 863 1 334 3 838 1 1411 7 780
166 15 19 4 552 15 1492 7 878 4 245 6 733 3 243 3 521 8 608 2 975 10 960 4 911 10 475 11 784 7 153 5 650
167 15 24 1 282 46 963 11 1413 4 1388 5 416 7 1394 8 162 4 1417 7 188 3 1268 2 1287 6 140 4 518 6 1152 7 60
168 15 21 15 219 2 898 1 503 13 1500 2 194 2 1445 4 1426 1 48 5 1318 14 1042 1 869 23 78 14 1038 6 514 3 853
169 15 13 6 99 7 40 2 685 2 436 4 673 10 95 4 1481 3 109 9 270 8 829 3 613 4 1084 3 846 3 742 1 758
170 15 23 10 649 1 1484 7 840 1 605 4 226 14 642 17 401 6 514 2 792 7 379 2 837 5 1378 17 1046 14 1321 9 195
171 15 14 2 890 16 841 5 14 2 688 1 884 4 1267 2 114 7 865 2 675 7 280 6 1114 3 487 5 499 8 357 4 382
172 15 19 6 1487 4 86 4 1421 5 378 1 435 13 955 13 1351 1 1075 6 1007 5 1074 2 23 3 1084 3 1258 22 185 9 1167
173 15 13 1 630 3 61 22 1109 6 489 1 527 3 264 1 937 5 357 9 1007 6 178 1 664 2 1336 1 236 1 1164 6 317
174 15 17 6 755 3 1354 2 1298 4 28 9 1368 1 197 2 837 2 598 6 20 14 1006 9 862 9 1492 5 1498 10 642 4 1430
175 15 13 1 993 3 483 6 367 3 939 3 315 6 811 4 185 4 907 3 195 9 204 6 588 4 1260 6 841 4 821 5 515
176 15 26 6 1255 4 147 5 551 2 104 9 383 3 657 12 1286 6 399 12 1201 7 27 6 803 1 616 26 957 17 640 16 225
177 15 20 3 62 6 12 9 1101 15 437 8 406 2 528 1 530 4 734 16 95 4 1222 6 1284 11 512 16 1372 1 85 1 478
178 15 14 1 550 1 810 2 1196 1 740 7 91 1 1080 10 1010 11 1083 13 333 5 349 11 861 2 697 1 388 6 500 2 63
179 15 27 4 1196 2 973 9 503 39 119 14 1041 20 301 5 591 7 327 17 514 5 241 1 1279 3 646 2 293 6 29 1 1146
180 15 22 13 713 4 522 8 1262 10 289 4 792 14 569 2 1478 15 289 6 1189 14 879 5 563 7 1304 2 228 2 937 4 1433
181 15 29 24 180 10 1155 17 1193 13 1125 11 310 1 839 19 1417 9 1169 1 661 2 716 16 444 2 1245 9 512 3 484 9 1064
182 15 13 1 947 2 420 14 1462 3 449 4 482 2 1304 4 919 2 138 4 446 11 442 4 374 3 934 6 753 4 917 4 989
183 15 24 3 261 7 843 3 958 6 1443 15 140 35 448 4 1347 8 299 1 468 1 1156 18 399 3 786 5 1248 8 243 3 258
184 15 17 12 916 8 1480 4 957 10 359 2 150 2 366 18 777 2 629 1 525 1 442 3 626 3 615 8 1053 10 501 3 521
185 15 15 7 1056 10 647 3 406 3 3 4 1085 2 1247 3 1369 2 729 7 713 12 615 1 1163 3 105 3 376 7 1489 10 235
186 15 16 1 1334 4 308 4 1099 7 850 2 770 11 1461 9 357 3 384 4 135 10 260 1 191 4 1410 4 475 6 1429 10 547
187 15 18 2 432 5 1180 10 497 9 1346 1 785 2 1124 8 1046 8 206 1 727 5 616 6 542 2 1381 22 361 3 1243 7 1088
188 15 18 4 311 9 1489 15 130 1 1303 18 80 4 401 5 1089 19 1432 7 1102 1 1430 1 744 2 723 1 286 2 297 1 79
189 15 16 7 1130 21 923 2 1203 2 1448 1 92 3 954 1 831 3 1403 1 285 8 774 1 303 6 423 4 766 5 873 18 262
190 15 26 16 1184 9 1491 5 729 6 730 30 995 2 1344 4 852 9 1455 8 655 9 470 7 1420 1 535 14 1300 1 1125 10 1459
191 15 20 2 22 1 814 4 1115 13 487 3 510 3 739 5 1224 6 1191 9 1120 3 315 9 1221 14 513 1 321 9 844 19 648
192 15 16 2 974 5 310 5 1263 4 825 2 127 5 127 10 1327 3 1340 1 1354 20 247 3 149 4 161 2 930 10 934 6 974
193 15 15 8 1467 1 837 3 464 9 1201 1 891 11 1251 10 1379 8 1422 2 1246 4 1340 1 677 9 120 3 1198 5 1045 3 988
194 15 16 10 227 1 202 3 349 1 947 3 603 4 940 12 734 3 545 1 688 5 384 2 1404 3 188 6 1377 1 1191 26 842
195 15 25 18 809 3 247 12 1021 11 407 1 987 7 540 7 1457 4 1168 3 963 2 564 13 494 2 577 4 36 8 1140 31 685
196 15 23 6 1171 7 1142 1 180 12 566 14 443 7 728 26 450 1 1153 12 1474 3 798 3 517 4 1214 1 1493 5 959 15 102
197 15 17 1 1485 3 991 3 167 9 1228 6 528 1 959 11 887 10 923 3 1473 21 893 2 679 2 26 1 853 10 887 5 640
198 15 19 5 713 2 488 1 21 4 882 4 1259 1 449 5 1375 20 1487 9 400 12 360 6 1216 6 879 1 81 16 1078 4 1286
199 15 16 2 925 1 439 9 1473 10 902 5 1216 14 606 10 1167 2 626 3 13 5 1385 2 689 12 1291 3 294 2 1328 3 1329
200 15 18 4 262 4 704 6 823 1 1259 1 1343 1 1060 9 882 16 1297 9 1164 4 767 13 1432 1 862 2 726 13 1295 8 815
201 15 27 3 1389 1 937 15 701 33 374 9 660 14 18 13 1491 2 668 4 416 24 784 1 1468 6 730 5 1220 7 1122 1 729
202 15 13 16 1207 3 697 3 975 5 710 1 1194 2 121 6 1300 2 884 1 715 2 271 9 731 2 350 2 810 9 603 6 1208
203 15 15 1 1377 19 1325 1 381 16 1062 7 519 1 846 5 1362 5 584 4 1216 1 360 2 1402 9 711 1 44 2 864 3 614
204 15 21 8 209 2 258 1 1243 9 343 21 476 6 270 2 1492 5 1244 2 1368 11 918 7 1155 3 114 3 205 24 540 3 141
205 15 17 15 662 10 1048 3 70 5 892 8 751 11 71 1 1453 4 1307 1 921 3 1403 1 583 2 307 7 510 11 842 4 660
206 15 20 19 265 4 1216 10 11 5 930 3 405 7 1151 10 450 5 1090 9 77 8 1373 9 669 2 1248 2 267 8 1397 2 724
207 15 19 1 807 3 796 2 342 5 873 30 392 4 1088 14 814 17 1234 2 731 1 990 4 163 3 267 1 1045 6 592 6 638
208 15 23 4 218 24 267 7 986 12 593 1 795 6 518 1 218 10 1322 15 638 15 1248 11 893 6 131 1 1142 1 572 1 654
209 15 12 7 807 7 1191 1 287 2 15 2 381 5 395 2 1469 2 1076 4 1213 4 258 9 410 7 1382 4 36 3 1325 5 772
210 15 17 7 645 8 768 7 1299 4 1145 4 609 2 63 11 389 1 393 13 1069 9 319 6 1203 2 188 3 53 8 1168 2 374
211 15 21 2 790 6 450 7 529 2 1349 10 1290 1 1226 2 1397 25 344 3 228 3 483 1 158 2 885 6 205 21 441 17 1098
212 15 27 9 1446 12 265 5 217 6 64 2 445 7 651 3 215 2 119 7 1406 38 1455 20 567 8 47 9 1026 5 804 2 653
213 15 17 9 560 2 803 4 408 6 1088 9 660 2 686 11 165 8 519 1 1449 9 8 6 821 1 50 11 595 2 377 4 788
214 15 15 7 1228 10 1180 2 475 4 256 6 441 8 1136 7 959 1 319 5 1465 9 1047 3 816 4 837 1 276 2 1332 9 941
215 15 11 4 1155 3 958 5 1346 1 405 3 68 2 800 5 1101 1 655 12 308 2 686 1 521 2 86 6 157 4 759 6 320
216 15 12 7 895 3 1431 1 1029 2 1318 5 201 1 1410 3 818 10 768 2 878 2 1287 3 1107 11 1331 3 1191 10 1040 1 1060
217 15 26 12 779 1 182 14 691 4 1326 3 942 16 1324 8 744 11 1438 2 546 16 1357 12 269 20 225 1 401 7 1273 4 1331
218 15 22 1 965 2 915 18 1435 3 919 6 354 22 676 10 252 1 401 4 987 15 1155 1 1402 6 92 1 1418 12 919 10 190
219 15 15 6 1223 1 8 3 1016 2 1271 7 88 3 1477 1 573 5 1048 7 1465 17 711 1 228 8 842 3 655 5 1233 6 609
220 15 13 4 1394 1 387 6 831 6 600 6 330 5 677 1 439 5 1443 7 148 2 162 1 935 2 946 2 827 20 660 1 1001
221 15 20 2 1172 15 359 3 1438 10 1070 1 165 6 213 12 1427 1 734 5 300 1 274 3 433 9 381 17 425 5 1318 13 607
222 15 18 2 643 4 672 2 1189 4 1448 6 987 7 584 4 633 5 1145 8 628 7 684 3 14 8 1445 16 441 3 356 13 1303
223 15 20 2 498 6 1360 1 728 15 331 14 1014 8 92 3 710 7 1263 13 1179 3 280 5 1444 4 1080 2 1320 12 648 9 238
224 15 23 6 1477 4 934 7 182 1 155 3 1330 10 1427 12 996 9 1037 9 151 4 655 3 618 4 1327 10 391 13 1356 20 215
225 15 26 11 248 11 1355 11 746 6 430 16 415 3 988 5 1484 6 1338 19 737 20 1299 13 710 1 1263 2 262 1 48 9 785
226 15 12 7 1171 13 611 3 577 5 1426 1 912 4 413 4 166 11 327 1 1154 1 225 2 1198 4 582 1 1136 5 1194 2 379
227 15 23 3 1380 3 818 6 901 5 419 9 587 5 1460 2 902 34 546 6 181 3 386 3 567 9 403 16 897 11 418 1 1217
228 15 17 8 411 10 813 4 1141 4 320 12 613 4 278 10 47 11 640 7 1154 1 193 1 366 2 1379 1 930 4 1384 6 1278
229 15 13 4 53 6 1161 5 513 7 136 4 338 7 58 1 65 8 1234 1 927 6 1306 1 1164 1 719 13 443 1 244 1 1186
230 15 31 1 1038 5 673 2 1199 29 1396 10 740 17 52 2 193 22 644 10 916 3 1148 6 435 2 1044 21 1170 2 446 24 429
231 15 19 2 984 4 816 10 1337 10 433 19 786 1 780 2 1342 6 804 11 904 5 1089 11 950 3 632 3 406 7 1396 2 129
232 15 23 2 430 14 728 9 347 5 729 1 249 11 868 2 683 12 891 1 487 4 1410 3 341 12 72 11 697 6 334 22 1335
233 15 18 4 623 11 44 9 1040 16 1298 1 608 1 100 7 918 1 256 15 77 9 694 7 11 2 634 1 874 1 928 5 940
234 15 32 5 1405 1 529 14 1357 6 473 31 93 1 125 2 1326 11 1246 25 151 5 444 1 1300 26 890 5 1054 26 433 5 1158
235 15 15 7 321 2 742 12 551 3 526 6 1006 14 1066 6 918 1 254 1 226 1 286 2 1123 3 1236 4 1430 3 36 11 176
236 15 26 6 289 1 524 1 1208 7 639 12 1414 12 1475 12 1416 23 1000 6 1200 6 349 15 711 15 1456 6 402 5 1347 6 752
237 15 20 6 1293 1 493 3 240 21 1016 13 1385 7 750 9 97 5 626 3 499 6 711 2 856 6 294 17 1281 1 901 1 740
238 15 17 3 681 3 428 7 1277 1 409 6 1267 2 1401 9 467 7 186 2 114 10 742 2 181 4 1219 15 1299 10 684 8 149
239 15 18 8 1002 10 459 7 496 8 1125 1 1062 8 404 9 1066 7 153 1 294 8 1273 8 925 5 856 1 545 4 565 5 1310
240 15 21 6 769 10 782 6 254 3 446 21 1008 17 211 9 556 3 398 2 747 1 112 4 267 12 43 5 1332 6 718 4 1443
241 15 16 3 645 2 1334 3 1273 3 916 2 706 13 189 1 1415 8 382 3 1217 2 489 20 808 4 690 1 696 11 1424 4 948
242 15 14 2 1396 5 1182 3 1353 6 54 2 1250 1 1341 3 241 8 102 1 325 9 1000 9 630 6 1081 7 1031 9 1013 2 257
243 15 18 5 410 10 683 6 343 5 721 3 2 9 324 2 114 10 1144 29 200 1 1236 1 473 3 998 3 665 2 286 5 837
244 15 12 3 387 3 345 1 1332 17 333 1 830 4 272 3 390 1 450 1 1270 8 891 5 304 2 431 5 1086 2 828 4 124
245 15 30 3 983 15 777 2 864 8 916 39 761 3 997 23 721 6 256 9 1042 2 43 5 1411 12 586 5 384 3 454 16 1015
246 15 15 7 119 1 228 7 552 6 184 4 534 4 506 13 550 5 581 8 81 1 1417 2 314 2 1338 14 1321 1 1403 2 1118
247 15 21 8 1303 14 848 2 1143 4 1242 12 353 1 1439 16 725 7 918 6 1355 14 912 8 56 3 442 3 103 6 800 1 918
248 15 16 1 828 10 405 2 461 7 944 11 1129 6 715 13 316 7 233 7 1414 4 901 6 1049 2 265 2 1438 2 1205 3 1069
249 15 18 16 297 4 410 17 648 2 92 1 1274 10 1111 6 206 2 1093 4 149 9 939 2 542 13 1488 1 1148 3 507 3 272
250 15 25 3 65 42 987 3 693 7 204 3 1171 10 964 2 915 8 1252 1 1408 10 962 5 1437 19 1347 2 148 6 1037 4 899
251 15 19 6 1341 11 1132 13 122 4 928 11 1149 5 1369 7 1366 2 122 9 1403 3 125 2 672 15 144 2 8 6 431 3 1500
252 15 23 8 924 11 79 1 796 6 300 12 715 11 98 3 282 11 1117 7 394 23 704 2 1295 3 711 4 552 3 1015 10 1114
253 15 22 3 1345 11 9 4 1288 3 265 14 367 1 247 3 623 1 561 14 640 22 867 3 134 5 486 13 1067 9 741 5 171
254 15 29 5 186 2 1072 11 1170 6 592 17 622 23 1339 8 273 2 172 4 1243 18 679 2 607 25 382 4 1483 4 1311 18 1381
255 15 13 3 295 4 617 6 1461 3 794 1 1117 2 1040 2 230 15 129 10 196 1 61 1 439 7 777 7 1179 3 36 3 1121
256 15 16 1 894 2 559 1 1468 16 1203 1 956 1 463 2 641 21 361 7 1083 9 1287 1 1397 8 1023 6 1058 1 1269 4 415
257 15 28 3 1052 9 749 30 596 6 83 4 688 1 1463 19 988 3 986 7 825 5 685 4 405 18 670 20 253 1 551 11 1018
258 15 20 8 101 4 438 15 1417 4 687 6 1151 4 1181 1 1305 1 1243 14 1198 9 742 12 318 1 287 2 1290 18 436 5 243
259 15 16 2 106 14 1181 4 1199 1 59 1 1072 3 1238 12 950 22 417 5 900 2 1213 1 198 3 1380 3 724 4 908 4 906
260 15 27 2 52 5 452 12 359 22 714 15 134 17 581 13 32 4 709 7 596 2 1290 18 194 14 888 5 15 1 1452 1 975
261 15 18 1 1477 20 1327 5 1410 7 638 3 390 5 349 7 300 3 1368 1 1161 18 994 8 1269 4 1230 5 559 2 318 3 1192
262 15 20 1 1049 3 1297 16 1266 9 1480 5 342 1 139 13 8 3 596 3 851 16 888 4 400 9 485 11 597 4 512 3 113
263 15 25 10 1145 14 602 23 1311 11 364 6 1068 3 243 17 638 8 420 3 721 2 760 5 184 2 81 8 1369 1 600 15 1079
264 15 21 4 454 11 1340 21 185 8 89 11 292 1 690 4 428 2 5 6 1061 16 1346 6 471 5 910 3 9 1 670 8 746
265 15 16 13 806 14 1362 3 348 1 1246 4 1402 3 81 4 84 6 1381 1 389 1 473 6 856 2 976 17 180 1 271 5 535
266 15 20 6 1290 4 1298 4 34 12 1442 10 469 10 1179 10 949 11 1184 1 165 4 1436 2 992 1 874 12 53 6 1496 9 858
267 15 20 2 773 4 623 3 1329 11 647 7 494 3 412 10 612 1 737 1 1118 10 234 8 1074 4 101 6 482 15 218 17 860
268 15 16 3 1443 9 1102 8 756 1 558 8 1352 2 572 11 858 2 1025 5 465 2 858 7 599 12 1000 5 852 1 349 5 328
269 15 18 5 107 3 218 16 742 2 476 16 681 3 172 1 510 6 458 1 1256 5 251 8 1093 1 1231 10 1450 8 746 5 1347
270 15 26 7 837 24 1375 8 115 6 973 1 843 1 846 1 316 3 814 24 227 25 24 11 1131 3 504 1 591 13 804 5 742
271 15 15 1 106 3 1366 10 711 11 600 5 891 12 1412 4 29 1 937 2 193 5 573 9 521 1 1461 4 1365 2 71 5 1458
272 15 19 6 67 1 79 2 18 6 584 19 970 3 900 4 1351 2 196 5 399 2 546 14 49 6 1258 6 1196 2 135 18 779
273 15 14 7 800 15 273 14 790 3 1024 1 515 7 1480 3 7 4 558 2 87 1 979 2 190 5 294 2 561 1 911 5 112
274 15 26 4 340 9 295 8 866 6 1150 2 424 3 98 4 961 3 350 24 221 14 325 5 1232 1 822 31 191 15 361 1 1164
275 15 26 2 819 2 1122 10 172 3 19 1 229 1 1069 16 1076 8 319 5 1193 15 51 14 345 29 897 6 1087 11 60 8 1499
276 15 11 4 663 4 1399 3 4 1 1180 1 1400 4 1294 1 965 15 1375 2 1229 6 958 1 52 5 532 5 1462 2 1469 5 1384
277 15 18 9 1393 4 1362 5 755 5 1262 9 552 7 1224 8 1066 12 252 10 1473 2 707 10 844 1 457 3 1300 4 677 1 847
278 15 18 4 1107 7 360 16 210 2 239 7 1046 11 1185 1 747 1 326 4 632 14 602 2 1070 1 787 7 806 4 1347 9 1015
279 15 14 1 1203 15 457 11 847 3 1407 7 731 1 1125 2 334 2 183 3 1074 12 854 2 862 3 1432 2 1017 3 753 4 1430
280 15 20 1 399 4 1400 8 660 8 1487 7 369 3 1300 3 1299 2 648 9 677 14 768 11 17 9 1476 11 716 9 947 1 698
281 15 25 6 1090 5 645 5 1235 8 239 8 550 13 1481 8 1090 10 763 4 696 20 552 8 907 3 874 1 1125 7 871 22 137
282 15 20 2 820 9 670 7 1015 7 640 4 886 4 713 11 192 5 647 13 933 3 633 8 1396 2 1138 20 973 1 953 6 620
283 15 18 2 1496 17 1455 4 1184 5 942 9 82 6 896 6 543 2 340 1 680 1 620 12 1196 11 1373 8 1426 5 973 4 915
284 15 13 3 1316 3 585 3 625 19 1115 7 1315 2 1259 4 25 1 253 3 2 1 968 1 1165 2 1472 10 145 6 1300 1 895
285 15 24 3 679 20 468 10 1176 4 413 7 451 1 144 16 789 8 926 6 92 3 941 1 909 3 82 5 352 9 607 26 179
286 15 12 7 90 1 784 4 376 5 325 3 585 1 74 8 1108 2 203 3 1484 12 836 5 709 3 460 2 1247 1 627 7 1016
287 15 20 1 461 7 99 6 378 5 158 1 684 1 578 8 1350 10 530 9 1497 8 1068 5 851 26 1068 3 1179 2 1371 9 656
288 15 19 1 1351 1 930 27 1377 2 188 3 197 2 713 7 648 15 1135 1 1081 6 54 1 302 4 285 3 1020 7 878 18 852
289 15 17 4 1222 1 115 2 1230 5 642 5 283 4 1083 1 1171 8 1135 1 231 18 645 1 285 14 1157 10 1204 8 1018 4 1153
290 15 21 1 427 12 677 3 158 7 1226 6 1130 3 1375 21 989 1 876 8 552 8 563 1 916 7 1023 7 408 10 1279 13 1259
291 15 19 10 374 3 1496 18 1029 1 26 12 780 7 92 2 877 1 1054 1 379 1 700 24 1066 4 692 4 282 4 963 3 717
292 15 15 8 1461 1 1455 10 491 2 304 4 378 14 303 4 566 5 453 2 1208 10 201 2 40 1 1497 4 644 3 956 5 1233
293 15 16 8 772 1 1015 4 976 8 475 12 369 4 161 5 101 2 296 14 334 1 139 3 1299 2 37 5 705 10 814 3 1284
294 15 14 8 521 1 184 1 649 4 1195 3 409 2 510 7 424 2 143 14 1221 1 375 11 414 3 1353 1 537 1 230 11 874
295 15 15 8 860 6 1160 1 1430 3 678 3 1141 1 1315 1 262 13 1473 6 739 1 1136 6 326 5 313 9 805 6 984 10 146
296 15 20 12 776 1 570 1 462 7 1384 10 482 2 740 14 1244 20 485 10 748 8 1335 1 906 3 155 7 430 2 391 3 650
297 15 17 14 971 7 1158 1 23 3 625 11 221 1 931 14 81 1 1445 2 445 1 862 2 355 1 59 1 982 18 1293 10 200
298 15 19 5 109 3 909 3 357 8 882 2 260 1 172 7 635 3 1002 9 1214 8 1126 5 799 3 375 7 108 22 1080 9 1223
299 15 25 23 1373 6 416 9 771 19 88 3 549 23 50 2 786 1 173 6 1252 14 204 7 558 1 978 1 655 9 509 4 1062
300 15 16 4 510 2 1256 8 867 1 642 2 33 2 300 2 1198 9 142 10 461 5 157 9 499 2 910 20 1101 5 753 2 537
301 15 17 3 1376 5 607 2 830 6 737 7 219 8 1357 2 992 10 1113 2 670 2 588 16 1074 17 335 2 1230 1 96 4 166
302 15 20 9 159 3 991 7 271 4 577 2 105 2 1311 6 607 21 329 8 716 5 738 11 1358 6 422 8 1052 8 337 4 546
303 15 24 2 729 1 737 1 471 2 1338 4 559 2 1081 33 907 9 493 5 1380 5 555 11 1272 7 942 32 469 7 189 3 620
304 15 23 4 1443 8 433 2 1254 12 1291 7 264 2 1013 4 519 8 313 27 692 9 403 1 600 7 1019 7 721 16 686 3 820
305 15 8 2 236 5 1479 1 1200 6 1069 1 1420 4 8 3 125 1 940 1 1309 3 635 1 24 5 1427 8 1257 1 348 2 1023
306 15 19 11 77 2 133 4 1490 1 1475 7 1294 2 476 5 884 3 1244 21 1429 3 751 1 701 4 535 16 1488 8 1225 8 734
307 15 26 3 1199 20 505 4 132 6 777 11 1447 11 110 11 1061 2 499 13 1318 8 701 8 504 11 334 18 801 3 1094 1 1076
308 15 26 7 1379 10 174 3 923 2 722 1 809 9 33 19 282 7 870 3 1236 4 1288 8 63 28 1414 7 143 12 1465 12 990
309 15 23 6 515 3 4 5 188 6 228 8 1250 10 65 6 1033 10 56 15 24 9 584 2 773 25 526 2 757 7 260 3 695
310 15 16 1 848 6 941 6 1217 1 93 4 213 3 201 2 1332 4 475 3 165 6 12 14 976 11 1283 7 360 2 1448 11 749
311 15 15 9 1328 3 116 2 1182 4 582 7 1393 7 820 8 575 3 470 10 590 4 241 5 722 2 829 1 1113 4 991 8 486
312 15 15 4 1003 6 182 2 355 3 123 2 670 5 805 2 334 3 986 8 1233 4 1229 8 616 13 253 4 639 3 719 12 1221
313 15 17 7 75 1 1360 3 70 2 799 7 609 6 1487 1 1406 7 1403 3 1152 16 945 1 843 1 189 2 520 1 1304 28 1170
314 15 31 14 981 4 761 4 1399 2 711 9 798 6 1078 16 4 20 872 12 1405 9 331 1 1314 24 698 13 1332 8 1429 16 923
315 15 19 6 1041 8 457 2 532 12 327 1 245 10 716 1 923 13 503 5 447 11 866 8 856 4 900 8 1459 2 392 6 325
316 15 13 5 662 1 1292 19 1146 1 494 3 249 9 258 1 636 1 1451 5 973 2 838 3 1024 2 1450 8 265 1 605 8 773
317 15 20 4 1410 7 565 1 1137 6 798 6 1488 9 692 3 51 1 1466 1 1081 4 278 27 650 7 607 9 709 3 839 13 1374
318 15 18 29 170 6 474 2 608 1 430 12 160 3 264 1 1204 6 1112 4 912 1 956 5 383 3 1264 3 928 3 128 11 1088
319 15 18 21 1367 4 9 14 516 2 1317 4 445 5 343 7 1427 7 85 1 738 9 467 1 1073 4 1105 4 814 5 1031 6 510
320 15 25 14 363 11 345 6 393 11 1287 4 862 4 586 16 10 8 266 6 1233 10 22 13 1050 6 147 6 1434 3 1422 8 361
321 15 23 14 1093 8 1440 13 1117 4 1246 1 44 5 115 3 1233 14 1214 7 599 6 1395 7 627 1 1217 25 730 2 1466 9 1344
322 15 27 9 459 15 1212 1 332 4 1020 16 37 3 484 4 1383 22 6 1 1210 5 206 11 278 6 416 4 1211 24 138 10 1472
323 15 18 4 446 5 528 9 1450 3 459 19 605 7 438 2 1214 1 212 4 594 3 1033 2 1314 2 789 1 1068 23 90 7 807
324 15 13 11 1115 3 65 1 674 1 131 8 149 2 164 2 1423 1 1228 7 697 7 1130 4 1460 4 1386 2 1337 6 270 6 684
325 15 23 5 299 24 915 2 281 11 43 4 576 3 445 3 313 9 806 10 200 9 252 14 514 7 1208 5 552 12 23 1 1475
326 15 11 8 1317 6 1490 18 978 1 1461 1 988 1 331 2 1051 5 328 2 978 1 1178 1 505 1 971 1 39 6 438 1 435
327 15 20 5 107 4 1103 3 875 3 41 7 274 2 934 1 483 1 1436 15 595 24 1354 11 1135 2 469 3 487 2 64 18 799
328 15 21 14 35 2 807 2 484 6 1268 2 130 5 770 7 188 13 12 1 1196 31 1104 7 356 5 516 6 970 1 546 3 980
329 15 14 4 667 1 1172 8 658 2 994 5 1014 2 1249 5 1240 3 237 2 606 1 651 1 900 11 280 14 1048 2 650 10 891
330 15 21 3 1270 6 1121 4 1131 1 1481 17 565 16 1381 3 601 3 87 4 497 4 1084 5 1149 14 1280 3 882 15 885 8 1286
331 15 22 1 772 7 125 8 157 15 220 9 1232 3 1384 11 1079 9 623 11 358 19 931 6 383 4 171 1 469 3 283 3 113
332 15 12 8 581 1 447 4 682 13 1154 4 967 3 1378 2 203 10 983 2 567 1 1334 4 85 5 813 1 961 5 448 1 1460
333 15 20 26 258 3 93 5 870 2 812 1 1126 1 1302 17 1011 3 732 16 961 1 1221 1 1377 2 347 14 1232 3 131 8 1360
334 15 11 2 446 1 1215 7 1423 3 1494 2 572 7 195 3 405 3 1324 2 759 8 777 7 735 2 779 3 247 3 1154 6 719
335 15 17 12 199 4 991 13 606 1 1235 7 538 15 1498 2 1172 7 540 8 255 3 148 6 1273 1 1289 2 295 5 591 1 703
336 15 13 1 949 4 693 13 277 7 1109 1 1346 4 399 3 1216 1 554 5 729 1 1136 6 702 1 40 4 244 3 421 13 117
337 15 17 6 1144 1 937 2 38 1 31 11 252 8 885 19 35 2 625 7 778 5 670 3 927 16 612 1 387 1 1328 3 601
338 15 22 24 565 15 48 2 1029 4 73 7 345 4 1101 21 717 6 1363 1 1243 6 539 1 922 1 1439 10 46 3 807 7 1002
339 15 19 22 1202 3 420 5 1163 9 525 4 353 5 193 8 427 10 651 4 1484 1 723 3 234 4 1341 2 613 6 331 12 474
340 15 22 6 656 4 168 19 1104 9 866 1 169 15 918 2 984 3 607 1 116 3 884 6 618 11 272 10 83 12 25 9 971
341 15 10 3 80 6 365 3 83 5 314 4 217 2 815 6 926 2 773 3 977 2 315 5 1343 7 1461 1 61 1 655 3 77
342 15 14 5 1243 6 1226 4 562 1 600 2 5 2 1169 5 1128 17 1011 11 1257 8 1363 2 1177 5 1193 1 498 1 223 2 937
343 15 18 6 1452 6 353 11 1003 10 928 17 1137 7 1018 5 778 3 1061 1 423 5 1446 3 141 6 831 5 809 2 1059 7 61
344 15 28 1 1363 9 425 9 925 16 792 5 1492 6 59 1 1239 5 1150 15 425 14 1042 1 81 7 1070 28 1291 11 658 15 95
345 15 21 9 798 8 726 3 60 7 1199 2 1208 3 326 8 1241 20 1035 1 1425 3 489 6 401 2 832 19 308 9 554 9 202
346 15 11 3 930 1 1131 5 318 6 858 1 944 10 572 2 1381 2 956 1 1213 1 1495 2 1256 10 1130 2 1277 4 816 5 1127
347 15 13 2 488 4 1383 10 41 5 1292 10 875 12 1260 2 1396 7 1072 2 212 4 793 3 932 4 356 1 1315 1 784 1 419
348 15 21 10 610 1 1164 12 1400 6 1126 3 1171 6 554 14 725 4 1161 16 112 2 928 13 1462 9 477 2 607 8 1133 2 188
349 15 19 4 378 7 1225 5 1487 15 1042 11 1058 4 502 12 1304 10 517 5 1375 2 999 5 317 1 672 5 408 1 1351 8 137
350 15 20 15 737 4 514 1 113 3 273 16 529 15 1036 8 187 1 961 17 1157 3 1233 3 468 10 1268 2 1294 3 1147 1 504
351 15 21 10 493 9 655 3 1183 4 1075 8 1269 12 1206 1 908 20 1493 1 769 4 38 14 985 2 1328 1 1107 6 795 10 299
352 15 26 28 1336 6 377 4 151 7 343 1 781 12 1173 3 223 6 322 6 820 2 991 8 1438 22 631 3 1415 5 173 19 1211
353 15 15 1 796 5 1011 8 1140 2 130 2 251 1 318 1 1376 10 1472 3 1209 2 955 7 829 7 489 15 403 9 239 3 933
354 15 20 4 101 7 279 2 570 5 1157 1 605 1 573 8 961 8 197 9 1485 8 449 17 549 15 1098 1 735 6 431 9 133
355 15 21 18 151 15 1059 2 216 2 58 10 1331 1 148 8 437 3 63 4 968 2 898 8 1411 20 856 3 472 1 1042 9 1393
356 15 18 1 1399 15 419 7 449 4 863 10 1214 8 775 1 846 1 825 4 414 7 1084 4 604 4 186 6 1394 13 1255 8 642
357 15 15 2 204 1 1373 2 1142 9 522 14 252 1 165 1 712 3 19 8 727 5 937 10 962 9 521 10 652 1 739 1 1488
358 15 24 1 517 1 251 9 1350 20 345 1 852 3 644 10 81 5 1430 7 1022 5 1497 9 249 1 115 23 452 8 682 17 52
359 15 18 6 589 6 366 1 631 2 1114 2 34 2 715 6 174 2 748 18 1390 13 268 4 487 8 406 4 1089 3 949 17 1288
360 15 17 13 400 7 454 2 940 1 499 4 754 5 1267 2 1078 5 282 17 289 1 289 4 1213 1 332 11 27 9 249 7 384
361 15 22 12 736 12 1325 4 208 2 490 1 597 4 1190 3 1054 12 409 3 549 5 604 8 575 8 267 36 906 1 323 3 743
362 15 18 3 1260 5 459 1 524 1 1351 10 1447 2 869 2 1250 4 190 2 854 1 1058 8 347 4 1456 6 790 8 1079 37 416
363 15 15 6 524 5 1475 1 677 8 194 7 902 4 264 3 1407 10 1123 3 1298 7 629 2 1341 14 1425 5 1154 1 89 1 326
364 15 19 9 751 4 1025 4 812 4 636 1 125 7 889 3 694 12 842 1 122 2 248 3 1113 4 646 8 271 18 555 15 421
365 15 19 5 954 1 1198 3 636 15 1465 4 1001 9 1247 10 1442 11 578 12 176 7 339 1 904 10 983 3 732 6 1478 2 82
366 15 23 1 824 14 817 8 1276 2 833 6 1233 1 416 13 614 23 795 12 420 1 1078 5 458 5 367 4 583 1 298 21 1152
367 15 20 18 1034 5 296 24 111 3 1299 11 643 5 563 8 1222 2 788 1 991 4 185 8 666 1 685 6 201 3 83 3 677
368 15 24 16 455 6 823 19 1287 17 922 7 1473 2 1378 10 850 3 237 3 18 9 1497 2 222 10 1495 8 802 6 350 6 1145
369 15 14 4 759 5 240 2 869 4 8 8 917 3 858 3 989 7 1204 6 212 2 113 1 21 1 120 18 452 4 707 3 343
370 15 23 8 693 7 271 2 585 6 1204 12 686 2 1152 13 1050 10 414 12 577 1 909 11 56 9 989 4 889 11 1465 11 166
371 15 21 1 74 5 806 11 1375 4 1121 5 884 7 561 14 180 21 160 12 604 1 24 4 990 6 357 10 1443 3 188 1 500
372 15 20 11 536 9 574 7 1056 1 1020 2 628 17 1404 5 60 1 762 18 504 5 687 1 1031 2 593 7 115 12 139 4 650
373 15 14 3 323 3 1050 9 170 4 1231 8 453 6 280 10 593 5 285 2 968 9 1416 3 740 4 1432 6 475 1 1099 1 667
374 15 16 10 332 4 1064 8 985 6 697 4 140 3 1078 1 1244 13 937 4 1195 6 834 5 812 6 211 1 471 3 565 9 1313
375 15 18 7 249 10 1473 9 667 3 294 2 108 8 300 9 377 4 194 10 1174 7 284 1 1480 5 1154 1 820 2 1290 16 625
376 15 13 2 449 2 887 4 861 1 1403 1 1164 2 28 6 1258 17 1218 3 1367 4 742 1 983 7 1358 6 495 2 15 9 801
377 15 13 3 874 1 454 11 57 2 637 8 270 4 668 2 1212 2 273 7 245 1 607 5 862 5 63 3 362 6 214 8 255
378 15 12 4 379 2 1422 1 1410 6 540 4 511 2 397 19 693 4 963 4 892 1 1224 5 625 2 958 4 1386 1 439 3 377
379 15 19 3 1374 9 474 1 741 3 1198 18 878 3 801 12 658 21 311 2 752 3 1279 5 973 4 627 6 635 5 1295 2 283
380 15 14 4 58 3 783 7 1476 3 671 8 1321 1 1060 9 1363 2 1089 4 1035 6 272 6 576 2 106 5 1150 7 1204 7 460
381 15 19 1 1198 2 1371 16 665 13 1307 2 325 3 243 1 513 2 698 28 477 1 114 1 1249 1 1154 6 1217 11 459 7 380
382 15 12 2 920 1 344 14 1030 2 76 3 616 3 1351 8 1466 1 474 11 791 1 507 6 180 3 1331 1 456 4 42 2 671
383 15 16 2 794 6 1401 17 865 10 967 1 101 2 30 5 113 4 574 4 889 2 1254 6 997 11 404 2 532 3 729 7 799
384 15 25 9 1404 3 232 19 1010 5 1361 10 751 6 1353 16 139 12 910 2 273 7 1464 3 1048 21 880 6 857 1 387 7 1143
385 15 23 15 1139 7 278 22 625 11 455 3 550 2 734 3 118 2 742 3 452 22 1340 2 205 17 1339 6 533 2 200 2 1095
386 15 10 7 941 1 513 2 699 2 1259 3 1017 1 470 3 1270 3 182 1 1486 1 125 9 404 2 933 7 1030 7 1186 2 752
387 15 14 1 1471 1 1408 3 245 16 783 10 83 6 324 5 678 1 1249 2 1330 4 769 3 89 1 1338 1 692 6 1254 10 641
388 15 25 7 1101 15 1449 13 354 6 1371 6 995 1 555 26 1185 13 1495 9 98 1 1062 3 97 4 889 7 876 10 723 8 295
389 15 14 2 636 12 644 4 503 4 1025 5 895 6 40 4 306 9 369 2 285 4 1230 5 711 1 1480 4 94 1 1379 8 1346
390 15 16 5 583 1 878 3 263 2 883 10 502 2 1224 12 859 1 99 3 828 17 799 6 205 7 231 7 367 1 58 3 627
391 15 19 8 992 1 1433 3 1283 5 1271 6 305 5 384 2 821 7 32 7 700 6 519 1 1094 20 1270 10 1249 8 893 7 824
392 15 12 6 771 2 1028 4 249 3 1001 2 288 1 1143 7 203 1 1368 1 1392 3 1155 4 745 8 797 3 1166 13 1180 4 1064
393 15 18 4 990 4 570 3 1059 3 1114 2 1278 8 926 15 1163 5 1181 4 527 3 505 13 222 5 725 3 453 13 1021 9 1054
394 15 23 7 1115 11 1296 21 1131 8 1373 2 107 6 720 7 22 9 717 7 594 3 281 6 141 3 1070 1 156 15 872 11 951
395 15 15 19 80 6 400 8 1013 7 203 4 194 3 292 3 869 1 1233 6 992 4 1003 8 631 1 1104 1 1139 2 579 2 717
396 15 14 3 954 15 189 5 160 6 1372 3 667 3 463 8 440 1 322 2 1438 4 1270 1 1421 1 265 3 561 12 647 5 1008
397 15 22 18 606 2 1405 13 794 2 390 3 1448 9 119 10 1408 4 81 1 985 2 747 8 137 15 1098 3 161 2 1357 18 1076
398 15 22 2 435 2 644 11 569 3 1344 14 75 7 1238 8 1360 4 318 20 1017 4 123 4 1209 2 414 17 567 6 1212 8 480
399 15 17 4 1177 5 843 7 549 10 1073 12 367 7 362 2 439 3 782 12 158 6 547 1 852 6 752 4 817 1 543 8 343
400 15 17 9 739 8 1216 3 591 3 1205 2 487 1 528 3 942 19 814 5 536 6 40 17 7 5 157 2 522 3 1154 2 869
401 15 15 2 1389 1 1013 8 1321 2 283 2 685 3 1333 1 1397 7 509 4 456 6 1355 2 1354 14 74 12 954 7 59 4 1247
402 15 17 7 1488 2 36 5 628 3 1418 3 1474 2 849 5 710 4 1349 2 1157 10 1077 12 809 6 592 9 206 11 100 7 508
403 15 20 5 253 6 895 10 554 13 1188 7 807 6 239 10 492 4 184 8 323 1 61 6 1223 3 613 12 48 10 306 3 1291
404 15 30 3 17 1 949 18 1061 20 94 3 429 18 307 8 608 11 1120 18 1307 1 695 6 299 10 1075 17 677 3 742 13 99
405 15 18 20 535 1 1050 17 1340 5 855 1 757 24 916 1 52 1 358 4 802 2 1480 3 1321 3 14 1 1175 8 551 2 719
406 15 21 15 1015 8 1125 11 1353 1 362 14 1189 3 1410 1 277 3 128 1 841 2 526 17 226 3 929 12 176 7 158 9 867
407 15 22 13 1137 6 1475 3 306 1 513 1 111 34 5 9 124 1 1372 2 816 3 88 6 727 1 1169 1 44 6 621 23 997
408 15 22 13 87 10 1303 7 167 2 744 3 446 8 1002 4 168 4 706 13 154 2 1019 7 1414 3 864 7 8 2 1148 25 837
409 15 17 7 1500 1 23 4 1426 7 1402 2 1223 22 1495 11 828 8 892 5 496 1 1123 1 655 3 471 5 661 7 281 2 733
410 15 13 2 363 3 519 3 1437 10 939 1 213 1 137 4 1347 2 1287 6 627 3 1151 18 1198 1 864 4 61 8 1188 3 1293
411 15 19 9 133 7 1434 5 1023 1 837 2 436 6 562 4 612 4 346 5 871 6 149 1 508 3 1076 22 769 19 151 4 975
412 15 24 11 710 2 1065 9 1064 4 1182 4 537 1 853 7 559 2 125 8 1010 8 36 4 1128 11 129 12 826 11 365 29 994
413 15 15 4 554 9 678 5 267 2 304 12 348 18 25 1 448 1 429 4 858 4 718 2 1300 2 1328 3 356 5 525 3 502
414 15 14 5 1460 1 990 8 643 5 524 1 1274 7 382 7 854 1 156 3 1044 7 564 1 728 2 593 4 670 13 350 7 641
415 15 17 4 334 1 88 3 752 6 531 6 1251 3 332 21 1421 2 3 2 423 13 767 1 185 4 111 12 897 1 363 9 314
416 15 18 5 874 5 1145 2 1495 4 691 1 698 11 1028 13 728 6 602 4 624 2 82 15 458 4 1068 11 356 9 705 2 1104
417 15 22 8 102 5 247 7 241 3 736 1 56 1 129 28 572 7 1100 2 406 5 466 9 246 1 1290 3 160 22 1346 11 500
418 15 22 11 675 9 379 12 1121 24 1365 7 872 3 663 10 975 1 995 1 937 5 216 3 83 4 1386 13 622 1 1071 9 1155
419 15 14 2 1171 11 1013 1 612 1 1470 13 315 1 691 4 1278 2 11 18 357 1 254 3 690 4 325 3 301 1 638 5 236
420 15 15 1 523 8 1148 2 1155 5 234 5 657 4 524 5 269 5 857 4 869 1 1154 1 1279 2 1182 10 452 7 163 16 696
421 15 20 25 1226 4 950 9 466 1 1338 2 977 3 1458 9 918 4 1478 10 16 4 1416 13 1267 8 62 4 197 3 1201 2 648
422 15 14 1 133 6 191 4 1421 2 400 7 779 3 1094 2 969 2 785 1 47 2 555 9 1307 6 503 6 679 1 899 18 828
423 15 26 8 851 13 743 16 293 3 950 13 1118 1 760 26 77 1 914 1 1058 2 1440 2 1225 10 1122 16 1341 19 1168 1 629
424 15 18 8 1180 7 272 1 1297 13 473 3 1435 16 305 3 398 5 1487 15 406 2 382 6 1485 4 432 3 301 3 611 4 1078
425 15 15 7 116 9 713 3 102 7 1421 1 1326 1 1314 21 957 1 900 3 745 9 337 1 323 4 870 2 566 4 575 2 1131
426 15 20 12 441 3 668 5 188 8 194 12 589 11 1018 5 136 6 1050 7 1411 3 7 1 117 7 552 11 137 3 49 9 1038
427 15 22 1 1434 8 953 3 1304 10 354 27 1024 5 442 15 1485 11 360 7 490 1 360 10 360 3 6 7 745 3 1265 1 551
428 15 15 1 95 5 1153 3 532 6 1272 13 1081 3 1321 2 2 1 835 13 1290 7 47 3 413 5 75 1 594 4 43 11 740
429 15 13 3 640 1 63 4 800 12 1186 7 491 2 953 11 1296 3 1130 6 1284 1 484 2 1026 2 577 1 593 8 170 2 706
430 15 18 3 1429 1 1204 5 798 11 247 2 68 3 1145 17 965 19 984 8 673 5 1489 4 743 6 466 4 943 3 1095 2 704
431 15 16 2 565 7 1203 2 186 1 1024 15 429 1 823 1 483 3 108 5 1138 10 424 5 664 6 490 11 143 6 894 6 834
432 15 16 2 292 6 898 3 751 2 1008 13 1200 8 821 1 772 1 37 15 594 2 268 5 1149 4 1003 13 775 1 711 4 941
433 15 15 8 647 10 344 2 598 7 1278 5 1302 4 374 14 150 2 645 3 1475 2 1436 6 774 2 1074 5 575 2 42 4 737
434 15 21 2 1219 5 290 4 14 2 1246 5 780 4 1314 7 522 1 724 12 1222 1 1242 15 463 13 698 27 717 1 1063 9 580
435 15 16 1 1277 10 340 3 1194 1 1373 14 1376 1 775 10 782 7 1089 2 1140 5 1290 15 1421 4 242 2 1037 1 121 4 823
436 15 13 4 1163 2 214 9 682 13 869 1 807 1 1052 4 713 5 845 4 586 3 1108 13 564 2 267 3 372 2 287 1 1142
437 15 12 16 1103 1 681 5 712 3 353 5 7 1 10 1 329 3 727 9 804 3 846 1 711 2 991 2 856 1 1261 7 1335
438 15 20 7 921 1 1128 2 896 1 456 7 659 20 385 3 63 15 344 2 1280 6 24 4 327 6 225 11 92 13 46 3 377
439 15 20 23 576 5 88 10 937 2 236 9 1409 2 1091 4 574 6 250 3 392 6 426 12 799 6 117 4 229 1 931 7 1038
440 15 18 4 378 12 1171 4 941 4 429 2 331 11 357 13 384 2 910 16 184 1 703 12 1013 2 760 4 1177 1 1465 2 663
441 15 16 3 39 2 686 8 1267 6 1051 6 805 4 835 7 1037 1 1083 5 905 3 618 1 196 10 371 9 413 7 662 10 812
442 15 23 5 1371 1 775 16 56 4 268 11 1029 3 411 7 1119 14 260 8 684 10 893 4 953 1 746 5 1172 4 187 23 582
443 15 13 3 745 7 1025 4 1354 5 493 1 778 3 1443 1 517 5 666 1 1225 11 309 7 28 2 623 2 1229 1 309 13 896
444 15 17 6 1076 14 1431 10 332 8 1486 4 733 1 1030 4 141 2 1408 8 1441 1 624 4 1008 3 495 17 972 1 955 6 1284
445 15 21 4 527 5 1219 2 742 12 684 16 1177 1 127 1 883 6 9 3 807 1 484 6 741 1 1378 12 738 9 759 26 309
446 15 14 1 1457 4 1374 5 67 3 1009 1 140 3 1382 3 1293 2 968 1 268 6 402 21 855 7 638 9 1268 2 118 4 1478
447 15 20 8 48 10 925 6 1129 1 587 9 599 1 1456 8 346 8 414 1 1063 5 561 3 1090 17 825 12 1494 7 395 6 417
448 15 18 6 1379 11 524 15 105 4 446 7 1308 4 298 10 18 2 842 2 381 1 1110 9 736 6 93 3 1138 11 1076 1 171
449 15 17 1 760 5 1273 1 585 4 831 4 1126 1 1132 7 353 10 1199 6 744 7 500 5 122 4 243 9 697 7 1156 14 1193
450 15 20 1 147 4 487 13 205 6 1144 6 1429 8 195 12 1442 4 93 2 1329 2 533 1 1084 12 385 17 342 13 747 1 396
451 15 17 1 473 5 131 2 522 2 493 4 148 4 208 19 740 3 1180 8 778 20 748 4 286 1 1274 11 1422 2 1385 3 1262
452 15 21 12 858 1 287 8 453 7 348 5 901 3 1055 14 953 2 1120 1 1192 2 1195 23 848 10 169 1 1149 14 1285 5 1492
453 15 19 4 919 15 344 13 968 2 1444 4 1064 9 1463 1 135 16 720 9 689 3 1022 3 1442 1 94 6 146 11 16 2 150
454 15 16 5 1140 6 1139 6 1063 13 495 2 1224 4 1491 11 1133 3 392 4 141 3 1149 12 982 1 829 10 883 3 1425 1 359
455 15 14 9 1152 1 928 5 395 1 528 25 1006 6 265 4 1377 3 1213 1 258 3 324 3 440 1 357 1 498 1 1197 9 968
456 15 17 3 643 4 697 1 777 4 951 3 1362 3 1003 13 1247 4 1297 1 473 7 99 19 890 6 1288 4 953 14 64 2 127
457 15 20 15 725 6 29 3 928 13 960 14 785 9 401 16 1077 10 767 2 1202 1 451 4 401 3 674 1 609 1 1326 3 16
458 15 16 1 358 1 365 6 879 9 635 3 1288 4 1010 14 445 1 1113 3 489 5 1323 5 1222 2 523 7 160 9 494 11 1488
459 15 15 3 503 3 686 5 664 3 291 3 1293 12 1121 1 448 17 1455 1 371 4 1388 2 1292 6 1178 7 164 9 350 1 267
460 15 15 3 935 7 823 5 972 4 585 9 184 3 1374 6 1446 8 388 2 553 3 1247 6 226 3 816 3 716 4 433 12 630
461 15 22 3 1443 1 1324 9 264 6 1292 10 200 5 1462 17 824 13 1207 4 542 5 1298 3 1161 1 88 22 536 6 373 7 624
462 15 13 8 737 3 1290 3 893 10 1230 3 536 1 386 1 1 8 1262 8 626 1 768 4 1338 6 423 4 108 4 1415 5 887
463 15 29 6 14 6 967 13 886 21 804 4 822 3 644 6 1402 6 1253 18 148 8 910 36 477 1 139 2 1064 9 475 8 763
464 15 15 13 1221 3 514 3 110 2 146 3 1299 2 874 1 798 1 780 7 896 5 328 2 42 15 756 8 281 13 661 1 385
465 15 19 17 167 2 945 7 607 4 767 21 500 4 1432 5 967 6 449 5 955 1 129 2 404 10 249 2 94 5 972 4 176
466 15 16 5 699 3 920 3 54 3 348 20 206 2 193 2 23 4 190 1 378 5 589 2 1253 11 641 1 34 17 123 3 340
467 15 19 35 518 2 331 9 567 2 1168 4 519 2 1352 7 316 16 464 4 1038 1 929 3 965 8 787 1 985 1 1016 3 228
468 15 14 5 827 9 982 2 29 2 1009 5 810 1 1158 5 1237 1 800 2 861 10 481 2 1337 6 689 7 343 11 1475 3 1040
469 15 14 4 544 6 463 2 670 12 285 1 67 1 1106 1 1001 10 484 7 187 7 41 1 458 7 1297 6 199 5 889 4 763
470 15 11 4 90 2 475 4 85 8 179 2 314 2 669 1 813 1 514 1 1284 1 469 3 148 3 435 5 174 6 748 14 548
471 15 12 1 8 3 289 3 105 3 530 5 1461 6 204 13 1068 3 799 3 165 5 1381 4 363 2 455 2 1290 8 825 1 178
472 15 27 6 838 26 331 2 47 12 1152 3 169 1 872 13 972 14 166 9 532 5 1189 11 834 4 422 1 1374 17 244 11 541
473 15 17 6 517 5 1032 2 624 4 137 1 1243 2 444 10 1164 7 1280 16 501 3 872 11 192 2 534 9 784 5 706 5 934
474 15 13 3 853 5 1017 1 1106 5 561 6 536 2 391 2 300 1 1215 11 1042 8 28 4 382 6 174 6 1333 6 269 1 1332
475 15 22 28 1094 5 156 2 1467 29 334 1 1315 1 835 5 602 9 376 11 31 5 305 1 737 2 855 4 1500 8 361 2 942
476 15 19 5 684 11 831 8 239 7 585 10 504 2 480 6 1029 8 329 4 325 13 1439 3 395 2 290 4 345 6 1208 7 539
477 15 16 4 629 11 285 5 876 1 1016 8 1381 6 689 5 1244 2 314 13 1318 1 215 3 14 6 1021 10 560 6 563 1 903
478 15 20 6 343 16 1109 7 929 6 707 5 1214 4 731 4 121 8 47 4 165 6 280 19 36 3 790 3 742 1 1017 9 1140
479 15 24 14 369 2 681 5 1141 19 780 5 534 11 139 13 179 7 626 6 1194 8 104 2 324 5 157 6 1266 3 641 16 24
480 15 22 12 205 1 1435 3 904 6 1439 2 1445 4 480 32 1078 4 1500 3 68 4 491 2 549 6 1136 11 844 13 846 10 529
481 15 21 7 785 3 1202 2 895 10 1026 8 819 9 794 7 423 5 1404 3 208 15 956 8 7 7 675 3 892 13 1003 9 1140
482 15 22 4 1499 33 196 5 826 4 863 1 720 5 847 2 842 7 1216 17 1451 2 1227 7 1458 5 932 5 1028 8 645 6 402
483 15 15 3 1029 9 873 7 458 6 335 3 345 8 1011 12 258 6 933 1 143 1 1308 6 1312 6 206 2 783 2 264 4 261
484 15 23 3 1081 8 398 2 432 1 1445 15 1365 22 276 3 717 16 1360 12 1286 3 1108 12 1023 3 571 10 532 2 557 5 750
485 15 20 1 680 4 410 2 1314 20 736 6 264 19 686 6 109 6 1139 3 1218 10 766 4 155 7 436 9 443 3 557 3 504
486 15 27 16 40 6 769 18 511 4 408 7 175 7 178 6 875 9 1140 13 1184 1 884 5 409 3 367 10 25 10 1146 23 271
487 15 26 5 932 5 1272 14 372 7 205 9 567 20 416 18 1073 2 973 8 922 11 397 6 750 2 540 5 612 18 458 2 1239
488 15 11 1 1223 1 1155 4 763 1 746 1 720 7 1466 4 659 6 974 3 1457 2 91 5 277 4 123 14 1475 2 713 2 1225
489 15 26 8 552 1 148 3 1030 5 144 5 27 5 1052 11 810 11 138 18 1121 5 953 10 753 30 682 14 862 5 140 3 82
490 15 16 13 854 1 194 6 1120 2 326 16 226 6 814 4 41 4 1086 3 800 3 1428 3 115 1 189 8 184 10 1212 4 1347
491 15 14 2 1441 2 1311 6 1351 4 1195 4 232 4 983 14 510 1 1057 3 1382 4 106 3 373 11 542 4 1230 7 88 3 157
492 15 19 5 206 9 1263 19 852 3 286 1 127 1 1215 2 14 1 1308 7 218 14 141 5 488 11 795 3 793 14 571 4 381
493 15 16 1 216 5 902 10 157 2 344 2 67 12 769 2 1391 10 1258 2 893 2 232 10 1126 3 1314 6 876 6 931 7 905
494 15 21 6 1228 1 942 23 171 8 1180 13 155 2 618 3 1131 5 278 7 95 3 769 8 21 12 788 7 305 1 470 9 578
495 15 22 1 584 2 1018 14 136 11 1477 7 993 11 1219 17 490 8 275 5 141 3 187 8 714 8 1277 5 1290 5 668 8 582
496 15 20 7 684 12 1206 10 1053 2 481 5 1405 1 1215 12 159 14 1288 9 598 1 1109 3 1327 10 331 4 449 3 1103 7 1303
497 15 18 14 193 2 429 7 154 3 489 2 946 7 515 4 1035 1 1168 42 1478 1 1302 3 1198 1 1050 1 605 1 707 5 1083
498 15 15 21 308 2 704 18 873 2 249 8 930 2 436 1 1161 2 1016 3 849 1 596 4 1164 6 336 2 578 5 632 1 157
499 15 12 5 1389 2 1384 2 61 6 1101 7 1128 4 451 1 152 4 1190 3 813 7 409 1 164 14 1282 2 631 4 167 2 892
500 15 20 12 79 3 872 8 1466 1 22 6 1017 6 4 14 322 9 403 1 1310 4 1231 3 1143 15 1235 5 1216 1 1077 13 1131
