1 25 41 6 1193 3 1367 1 8 44 310 2 355 10 979 7 1164 3 456 9 1255 6 685 15 79 11 532 8 1016 3 1260 3 1014 1 7 10 1377 8 563 25 829 7 1148 1 1153 3 313 9 1259 9 1330 2 1242
2 25 29 2 1072 4 213 16 86 8 103 8 1468 2 942 10 835 1 596 1 618 9 381 16 285 1 882 9 618 3 1224 9 798 3 484 3 1396 5 443 2 901 3 85 11 544 8 236 3 1162 10 496 2 1160
3 25 28 8 1089 18 950 4 1276 1 613 4 1098 7 1102 6 55 4 1249 1 833 3 514 7 1109 2 293 1 220 3 1072 25 1299 1 509 2 495 13 1484 4 1196 1 418 8 913 3 893 2 343 11 545 5 1402
4 25 31 4 1124 5 1369 12 924 16 1471 2 1089 5 1490 7 365 6 995 4 1390 35 153 4 633 3 1224 1 35 2 726 2 322 1 1377 3 1205 8 790 2 568 4 561 2 1242 2 40 8 932 11 845 6 361
5 25 31 7 361 8 1448 9 1232 11 28 4 1 5 656 7 1101 12 1227 3 599 6 356 2 958 1 844 5 1328 6 1159 4 233 3 994 7 227 13 1266 2 1448 8 174 9 1027 1 170 3 1095 7 1433 13 631
6 25 34 7 555 15 962 3 1032 1 1471 1 798 13 1240 3 336 1 1369 2 1399 15 1382 17 362 5 354 6 52 12 878 1 62 5 1000 8 1388 5 1399 2 323 28 1264 1 265 4 585 7 569 10 62 2 1057
7 25 24 8 513 4 259 3 147 12 1180 4 1029 7 990 1 1113 1 910 3 790 3 455 2 1059 2 755 4 285 2 290 12 413 1 1175 7 1377 1 349 9 1434 2 216 1 1353 21 1252 1 1122 2 411 9 496
8 25 33 3 1386 13 882 9 859 6 727 11 620 14 700 4 549 9 1181 8 6 14 386 3 1202 2 711 1 221 14 714 7 972 8 646 11 130 3 718 3 74 3 938 1 381 8 1281 6 1476 1 115 3 862
9 25 33 5 1008 2 730 11 781 9 1258 6 1037 2 1417 3 1188 15 962 15 414 7 1010 1 712 7 4 3 142 21 1346 14 1344 10 695 2 1413 6 803 6 978 2 1296 5 610 1 862 9 1365 3 632 1 1043
10 25 33 3 96 3 1249 1 507 12 1100 2 123 1 21 20 1020 20 717 2 896 10 442 7 1144 2 768 9 1255 7 753 4 200 2 643 17 692 11 1365 11 624 1 1432 4 557 5 327 7 1450 2 1020 2 770
11 25 26 3 1051 5 457 5 1192 7 1308 34 206 4 724 5 273 1 397 8 238 1 867 13 873 4 677 4 875 1 329 2 125 6 1347 2 1421 1 318 5 976 4 917 2 634 6 1187 1 681 3 1212 3 1366
12 25 28 2 968 2 1415 5 286 1 252 7 838 6 1014 15 181 3 1247 4 1075 6 371 19 920 3 153 2 1255 5 81 10 762 1 1467 4 1217 6 1496 5 1418 5 461 4 1479 1 1463 7 1084 16 288 4 834
13 25 24 4 1068 9 476 4 402 1 477 10 1465 8 71 5 836 8 687 3 1406 1 187 1 831 10 693 1 870 2 562 3 1383 1 530 3 1327 3 1468 18 341 5 1500 9 928 3 1381 2 878 8 969 2 441
14 25 30 8 771 6 1177 3 1335 1 1149 8 446 6 763 7 638 2 1149 2 405 1 802 37 892 8 541 2 782 9 379 1 923 4 481 6 326 7 815 6 1344 3 731 7 932 9 1068 2 605 4 896 4 692
15 25 37 4 883 8 861 12 75 1 789 11 102 5 455 4 969 1 1447 1 655 5 704 4 543 1 501 6 1136 4 357 19 650 3 470 31 920 4 1110 3 569 18 1157 8 1050 13 516 7 993 12 272 1 1357
16 25 22 7 139 1 587 3 40 1 193 2 956 4 941 1 607 2 977 1 540 3 1406 1 1029 14 415 2 1420 7 1202 7 641 3 893 1 73 4 643 2 657 5 441 7 1047 12 366 10 1261 1 310 9 1283
17 25 31 10 565 6 1417 3 1275 3 364 1 1246 5 883 8 972 2 1400 2 365 4 1325 4 1231 19 1445 8 345 11 1215 4 442 11 284 5 706 8 1291 4 940 14 1221 2 1228 1 1411 4 1051 10 943 7 1442
18 25 29 3 452 3 81 1 23 1 1308 3 1369 1 944 6 57 7 119 9 492 7 372 9 620 2 1223 1 706 11 1107 11 898 7 636 3 1067 12 207 11 690 10 1461 3 1186 2 436 20 97 4 1042 2 344
19 25 26 3 1059 7 147 2 64 9 229 7 981 6 1223 18 1017 1 629 6 434 1 1176 9 1386 1 685 1 454 1 1082 8 1328 8 947 1 365 1 996 5 225 5 1171 2 504 2 56 4 484 22 722 2 1175
20 25 24 11 263 4 711 8 380 1 1269 2 805 3 174 4 444 2 953 1 1470 1 161 9 1175 16 1128 3 1233 9 1146 2 973 1 1073 4 1245 11 543 1 861 2 449 1 118 15 215 2 258 9 924 1 637
21 25 23 1 67 3 52 12 1466 3 187 4 69 1 1215 2 31 8 378 4 486 2 476 4 1097 9 198 1 564 1 475 1 1432 9 403 6 549 1 299 2 383 6 774 2 104 5 600 16 41 7 1368 8 1134
22 25 36 2 1279 7 254 6 521 5 45 27 66 3 1322 14 769 1 882 1 397 12 242 3 843 18 269 2 30 1 538 6 637 12 256 2 1200 1 361 3 718 16 691 4 1497 14 394 11 1142 9 588 2 164
23 25 26 3 1066 3 1478 5 1141 2 209 3 28 4 193 27 265 5 1032 4 139 5 367 6 179 12 1330 1 86 12 1404 3 366 8 465 9 838 3 981 2 1122 3 843 2 1023 1 793 2 463 3 1153 4 754
24 25 29 12 228 8 1231 3 358 2 212 11 799 3 167 5 1226 3 1149 6 271 11 994 1 360 6 667 4 69 3 882 4 767 1 1243 3 696 2 151 2 1452 3 937 8 10 17 1403 6 639 18 948 6 1063
25 25 32 1 819 12 456 1 1135 4 1001 1 1391 18 771 16 584 16 438 3 1378 3 282 3 320 4 1490 6 612 2 326 10 925 1 820 1 183 7 577 3 1098 1 168 8 619 1 1060 18 999 2 466 18 1453
26 25 30 2 343 4 1247 4 1185 5 1192 2 15 24 423 3 460 14 1447 10 86 7 1433 1 88 4 349 6 907 3 222 9 80 15 827 6 595 2 1103 2 241 2 273 15 640 1 62 3 1426 4 1286 3 753
27 25 33 11 1213 15 821 15 968 5 806 7 1360 11 1330 12 1165 15 40 9 813 3 586 6 23 2 520 4 356 4 499 2 24 7 1322 10 20 12 875 4 707 2 315 1 774 3 1374 2 190 3 1223 4 862
28 25 33 1 827 4 376 10 323 12 656 11 744 6 585 3 1445 1 1052 2 198 14 665 9 790 1 496 1 148 6 700 9 1467 2 286 10 1041 1 266 13 297 28 1296 1 1357 4 938 3 703 6 293 10 913
29 25 40 9 1284 3 731 22 174 25 867 9 729 1 82 6 393 5 894 11 104 2 709 3 494 5 815 7 880 1 736 17 1383 1 1483 9 38 2 474 5 1446 5 88 3 1347 10 219 3 1299 36 613 2 76
30 25 33 5 1274 10 1286 9 957 1 698 3 415 4 513 2 678 4 875 4 946 12 1483 2 1317 10 1313 2 1400 4 535 9 1031 4 101 2 1384 6 356 14 915 5 430 7 1393 8 875 25 326 7 1244 8 744
31 25 32 3 464 5 893 10 97 17 1152 2 270 6 1200 23 142 4 1405 2 1379 4 718 3 1192 1 1070 3 252 2 946 5 1075 11 632 4 354 3 395 5 846 9 706 4 423 20 1301 12 571 2 1390 3 1121
32 25 22 1 702 3 844 2 260 8 54 9 936 1 335 7 1303 5 962 5 280 15 761 1 848 2 1274 1 599 3 378 2 927 5 1229 4 1011 3 1094 4 1112 3 501 7 24 7 361 3 920 10 1477 1 1459
33 25 29 21 788 10 138 11 119 3 668 1 1028 1 694 11 1044 1 1089 1 1252 9 1281 10 1402 7 671 2 734 4 1464 9 494 1 355 3 498 6 1499 3 140 9 318 8 860 4 768 2 1303 1 284 7 156
34 25 32 1 1145 2 728 2 561 5 509 13 1363 9 1169 4 1220 5 50 16 442 4 1194 10 338 3 1250 6 1455 6 626 3 403 9 519 20 1249 6 318 18 116 4 65 1 1351 6 1294 5 288 2 930 4 1471
35 25 35 6 308 1 134 1 1453 1 683 4 523 5 867 6 749 10 749 3 26 3 777 1 786 11 36 5 430 4 430 4 266 16 180 30 117 7 971 6 991 14 1089 15 1240 1 659 9 900 10 164 5 432
36 25 17 1 351 1 76 1 146 2 886 7 237 2 1049 5 620 4 941 5 1021 6 127 4 739 3 105 3 970 1 1407 5 1404 3 1473 1 773 1 1382 3 1190 4 230 2 549 1 1158 2 808 14 186 6 642
37 25 28 9 1089 7 1010 20 88 5 1227 1 652 1 66 15 930 4 1054 5 193 2 1449 6 351 5 1402 2 84 11 1221 3 613 7 271 6 381 1 492 4 263 4 591 2 705 8 1135 8 873 7 481 1 84
38 25 38 6 1166 6 61 4 407 5 80 7 456 3 1279 2 1474 2 563 2 290 1 1188 10 82 7 662 2 259 19 611 16 911 1 1046 12 349 7 847 1 397 18 1296 20 921 18 1163 4 994 7 817 10 805
39 25 35 5 1097 13 570 3 370 12 503 1 476 4 144 20 195 1 962 4 565 5 111 3 1225 5 611 11 1453 10 644 3 1444 7 171 3 778 14 434 8 1041 1 740 16 1441 12 1177 1 715 14 1191 1 38
40 25 27 4 247 5 1145 3 727 4 773 25 15 14 673 4 345 1 123 1 19 4 767 7 686 4 120 2 1290 2 1170 9 843 11 121 2 513 15 469 6 647 1 1220 3 1204 2 828 2 919 2 615 4 952
41 25 24 4 364 14 172 3 985 7 505 2 1038 3 449 1 284 2 1350 3 1132 4 278 2 788 6 1167 19 823 3 849 10 52 9 112 2 1167 3 541 2 288 6 677 5 1060 1 1102 4 276 2 463 3 894
42 25 35 11 491 2 216 6 905 7 1392 9 680 2 1358 10 1459 7 1440 3 1363 18 762 12 459 1 1488 8 574 7 654 11 383 4 721 5 1100 6 877 1 684 4 324 21 1309 2 298 8 554 11 487 1 44
43 25 31 5 437 17 1036 7 239 6 683 11 869 5 104 9 154 4 173 5 1302 8 736 4 1273 5 1021 3 1379 3 127 13 549 12 1081 7 10 2 1265 5 1242 2 79 1 430 1 442 2 127 9 746 11 415
44 25 33 3 1176 11 1003 4 557 4 257 16 253 11 1143 6 1277 8 102 7 575 1 381 9 1343 5 441 5 761 5 1120 24 452 1 132 2 100 20 1264 6 793 3 224 3 1136 3 1453 1 1066 5 456 4 1023
45 25 22 6 1126 1 767 9 167 5 530 20 1074 4 488 3 407 2 180 4 14 1 1280 9 1352 3 1057 4 49 2 1229 4 77 3 1186 5 22 2 605 1 266 2 1145 3 376 1 1466 3 144 7 850 10 1107
46 25 44 6 86 3 293 18 141 4 625 4 729 10 1459 6 124 6 1247 9 1368 3 204 21 1086 8 1338 2 584 2 1480 48 969 7 1109 1 498 15 711 16 390 8 259 7 194 10 1343 3 576 5 193 1 1119
47 25 33 9 147 11 1273 18 1233 3 390 2 1447 1 862 8 576 11 593 3 793 17 19 7 171 7 574 9 932 2 801 7 412 1 1481 2 1177 3 872 4 628 11 1125 2 1324 7 382 1 1108 16 285 5 1310
48 25 34 20 699 6 957 17 1423 7 528 2 741 3 971 2 1345 13 351 5 816 2 187 1 1334 1 572 12 727 12 713 3 123 7 81 3 921 2 1163 6 548 7 892 28 1451 7 847 1 977 1 337 2 664
49 25 36 6 755 5 1295 4 649 1 1413 3 146 2 103 5 642 9 1008 13 610 3 1214 23 432 11 228 23 160 6 216 1 118 3 1331 2 96 1 1219 4 735 4 718 14 687 12 470 4 683 15 506 7 1208
50 25 29 6 431 1 582 5 835 17 914 5 750 8 1299 8 1323 8 505 4 871 6 930 4 1034 1 1328 5 702 7 954 3 913 8 32 12 255 2 251 4 1215 3 928 3 1347 6 339 2 152 15 196 6 460
51 25 25 1 918 6 509 8 324 1 1232 1 54 6 1190 6 726 4 920 1 680 4 1345 1 641 2 666 5 120 9 585 26 830 2 1480 14 784 11 379 4 723 1 347 2 981 2 1204 3 1095 3 1093 3 1014
52 25 28 9 986 2 636 3 976 2 4 4 889 1 590 4 1021 6 1245 1 1156 10 62 9 592 8 1012 4 1144 4 421 8 583 1 71 4 240 3 1331 3 337 2 1462 17 120 12 873 10 88 3 845 10 755
53 25 30 16 1446 21 146 4 775 15 105 4 530 3 1198 6 1460 2 1284 10 1009 1 892 5 1062 10 522 4 963 12 406 1 966 3 911 3 893 1 693 5 468 3 800 9 1017 1 609 1 25 8 112 6 147
54 25 22 2 404 5 1323 7 52 5 283 3 13 2 354 8 359 2 317 7 613 1 1003 4 803 2 197 1 649 8 627 4 1348 5 765 2 1335 9 1220 5 641 6 998 2 1481 4 675 11 83 1 666 6 225
55 25 24 2 221 5 1319 3 1388 4 1403 1 979 8 1328 9 1093 3 118 6 57 2 393 4 353 4 939 5 798 1 715 14 1205 20 1399 1 36 2 1295 2 1037 5 927 7 526 5 513 3 848 1 246 5 1385
56 25 31 2 515 7 582 2 694 6 504 2 1277 2 1064 4 1227 4 272 3 1479 11 178 22 1491 13 1110 1 383 5 763 6 1166 8 394 3 467 25 1106 11 280 9 1435 1 1264 1 74 2 20 3 405 4 1104
57 25 26 1 462 23 185 2 181 5 248 1 284 1 1374 1 1201 3 391 8 1495 6 1483 9 1095 7 805 8 928 4 1023 1 53 4 159 1 429 3 156 3 536 1 1052 7 1078 7 614 4 513 5 893 19 1363
58 25 26 9 1038 1 27 11 852 6 812 10 873 4 738 1 285 3 977 6 32 2 1394 4 249 16 538 2 170 3 610 4 316 2 89 2 187 11 1410 2 402 17 1440 2 1263 2 794 2 1408 8 798 1 658
59 25 30 7 1377 7 239 2 864 2 248 3 854 5 801 2 1240 4 1372 2 925 5 1459 9 1441 14 1277 4 68 3 763 7 277 7 1345 7 904 15 87 6 1384 16 1465 7 974 3 1030 5 216 8 993 1 785
60 25 27 3 1493 4 290 2 1098 9 187 1 1430 3 270 14 284 1 700 3 899 3 1058 7 22 28 1470 2 1472 7 1348 11 694 1 800 4 403 11 340 3 1395 1 560 3 1170 3 915 3 373 4 193 4 386
61 25 26 9 607 3 1182 3 341 4 316 1 483 3 149 3 1484 8 521 7 395 5 734 13 595 1 778 2 754 4 1035 2 73 2 595 10 892 8 503 9 1031 2 1129 19 1466 10 166 4 207 1 1463 1 1463
62 25 26 1 338 7 821 14 1180 10 376 1 1258 6 893 4 359 5 879 5 839 11 849 1 1311 4 260 11 176 3 1101 1 723 3 357 7 587 5 294 5 1405 4 635 3 1356 6 1344 7 711 1 1359 5 1422
63 25 28 29 932 8 294 9 702 6 976 11 1335 9 736 1 1105 1 423 3 706 1 378 7 520 1 855 2 427 1 20 5 258 2 290 1 667 2 871 5 876 1 60 5 116 8 120 11 957 1 255 12 1202
64 25 48 1 587 1 1006 2 639 5 1488 7 244 10 452 7 50 1 638 21 1412 4 173 19 531 48 891 9 539 5 636 3 1278 7 267 10 557 4 1319 1 1258 3 1393 8 419 10 921 25 1460 14 719 15 458
65 25 36 8 1162 1 55 8 534 2 238 9 265 1 577 11 1009 6 985 2 1331 4 1317 3 170 7 435 2 567 4 582 5 1151 2 351 30 532 4 1412 4 219 8 504 31 275 2 798 10 1204 3 192 13 198
66 25 31 7 655 2 139 3 1401 2 129 2 1143 6 1251 2 1131 5 1379 2 132 4 223 8 416 14 1025 14 485 2 1078 2 1147 7 223 4 488 3 774 1 95 23 339 3 351 7 1414 2 877 20 1205 11 1374
67 25 30 5 526 4 1343 2 66 2 1073 16 555 10 1383 5 791 14 8 8 413 2 121 2 1311 3 1440 10 208 26 1036 2 809 2 163 6 216 7 814 5 1352 2 1219 3 393 1 923 3 492 9 1398 2 101
68 25 26 1 576 1 868 6 734 3 1347 3 388 1 734 4 887 10 155 3 1459 13 307 3 399 3 721 4 126 1 972 1 350 8 923 6 1054 9 312 21 83 7 1349 3 1156 9 1276 2 805 10 168 1 457
69 25 36 10 597 3 493 2 795 10 1227 18 1286 5 1201 3 376 1 438 4 291 3 1473 17 1387 15 272 22 341 5 101 1 1448 3 1064 1 489 16 596 1 622 2 1235 8 712 6 1258 5 366 16 26 3 1046
70 25 31 7 774 2 442 5 624 3 671 10 1146 2 305 9 1362 12 1155 5 22 2 627 1 1082 11 597 12 953 1 22 22 679 8 992 1 97 6 871 1 1212 9 1020 8 67 9 1123 3 1036 3 135 7 1252
71 25 34 7 815 2 1195 3 426 7 408 21 22 9 44 4 488 24 577 8 526 9 814 11 1024 5 56 12 186 4 1029 15 1018 1 22 11 264 3 150 3 1176 1 1072 1 397 1 1470 2 353 6 468 4 123
72 25 30 17 489 6 1037 1 849 1 1489 7 1382 4 975 2 15 1 80 5 1481 3 1236 5 1258 9 1496 14 1065 3 358 2 301 9 755 15 804 1 656 1 120 6 640 10 1144 6 960 11 279 7 284 6 727
73 25 34 1 752 7 558 4 285 9 1251 1 899 8 1433 15 523 2 1001 11 659 7 465 1 845 1 101 5 1225 7 1304 6 741 7 1031 22 575 1 37 6 781 5 508 28 684 2 1013 5 1048 9 961 4 561
74 25 27 12 1014 2 269 2 1072 2 813 9 263 4 2 5 766 4 22 1 277 3 1447 1 228 2 203 3 899 7 220 1 323 1 477 9 672 1 169 1 1023 16 1353 10 933 7 385 14 436 7 499 13 1233
75 25 32 1 232 10 1477 4 859 19 226 2 2 10 1021 2 902 2 412 9 770 21 471 1 730 4 1359 4 997 1 195 16 1261 12 947 1 1335 2 263 1 587 5 201 14 180 4 644 13 489 1 1362 4 1064
76 25 31 17 282 3 214 11 101 4 1380 2 1076 12 1186 3 385 1 49 1 1366 10 872 16 445 7 25 6 1306 5 729 4 436 10 1249 4 285 1 1481 1 356 2 250 2 1391 12 1429 8 602 11 364 4 1339
77 25 24 5 1040 1 328 4 51 2 1124 7 684 1 350 1 68 8 74 3 974 7 1124 8 326 1 1482 10 265 6 205 2 993 10 733 3 258 5 1482 7 87 1 1273 5 266 5 54 6 84 9 1262 5 696
78 25 31 2 607 32 727 6 775 13 103 1 397 3 637 1 1393 1 1317 2 368 17 243 2 130 11 1475 2 576 8 534 2 1465 1 736 6 866 6 1199 3 1197 6 1264 3 853 4 868 1 144 12 984 10 3
79 25 30 3 1469 2 726 1 1236 7 1017 1 821 30 1315 3 164 12 412 10 655 2 312 1 1162 2 562 1 1005 1 909 13 637 13 129 8 29 2 1042 6 839 1 1343 10 939 6 464 1 571 13 1466 1 732
80 25 31 20 881 18 944 7 1275 3 214 7 1035 8 931 1 1020 3 930 1 411 3 520 4 634 3 236 4 331 16 386 2 922 1 732 11 20 14 60 1 93 9 696 2 411 6 100 1 1428 1 428 11 1270
81 25 23 2 782 1 400 1 609 11 454 10 1088 4 747 4 1158 5 571 17 603 13 952 5 953 3 597 1 707 3 1013 4 1275 1 576 3 742 1 357 10 514 1 303 2 304 6 578 1 1310 4 873 4 313
82 25 29 10 1019 14 225 6 569 5 1470 2 476 2 529 4 812 3 594 7 1348 1 206 2 208 13 1284 2 1026 4 338 7 92 1 1174 4 1295 2 280 5 819 12 1297 3 672 16 1092 11 386 6 819 6 1171
83 25 35 12 279 5 522 18 320 6 597 3 984 1 178 4 368 14 428 10 1366 2 789 2 1232 7 1043 8 373 3 976 5 531 29 339 9 117 2 338 5 621 3 99 3 1487 3 855 14 1108 7 840 1 357
84 25 34 2 1432 11 1100 4 1138 1 1484 6 788 9 360 22 1077 1 437 12 926 11 603 3 975 4 885 13 765 15 1232 7 1363 1 1394 4 1321 5 642 5 284 6 983 6 121 6 666 6 717 4 1128 6 1488
85 25 29 2 97 3 1446 19 488 14 1445 1 1078 4 1434 1 541 16 1449 9 695 7 1160 2 262 1 1032 1 756 6 719 7 342 6 1442 6 870 7 622 5 267 3 1160 8 578 1 203 1 891 10 1445 8 188
86 25 24 7 188 3 1091 14 1181 4 1211 2 532 3 480 3 92 4 924 2 270 7 1195 8 906 3 905 5 263 6 432 6 33 1 248 3 1313 2 272 2 1126 17 708 2 355 3 1177 3 453 3 523 8 1260
87 25 29 1 840 7 577 11 315 11 475 5 194 7 442 8 901 8 1150 1 568 1 567 3 1165 14 981 3 877 9 1299 1 1019 1 599 12 1249 1 44 2 959 10 809 9 565 3 265 5 174 14 343 1 377
88 25 31 1 1256 5 164 2 241 7 324 2 1479 9 332 5 1127 5 1335 2 304 2 560 10 625 10 312 3 720 1 637 20 310 1 1282 7 760 6 1157 1 617 3 1301 7 1064 2 734 5 617 17 1306 23 80
89 25 33 6 118 23 837 7 718 12 784 4 245 4 1029 6 73 3 936 3 121 5 950 1 19 6 599 2 1401 2 28 4 823 10 722 12 1221 7 924 19 1132 5 585 2 1127 6 483 1 588 7 561 8 1111
90 25 35 9 122 11 278 2 165 1 356 7 494 15 326 2 899 4 1244 7 898 10 561 7 656 3 660 5 508 2 346 4 1312 5 1467 14 1456 6 34 1 77 13 1334 26 821 4 1014 13 890 3 1426 1 441
91 25 38 11 879 14 85 19 968 2 600 3 1366 4 310 1 948 1 952 2 54 5 496 7 1464 4 176 2 745 11 1081 12 1193 6 441 5 370 19 859 7 957 9 149 9 427 12 836 12 566 1 186 16 1164
92 25 35 1 802 3 1482 1 1290 7 983 11 505 3 209 5 261 10 600 8 54 18 57 11 419 1 930 2 1405 4 558 13 676 3 169 7 374 9 478 9 92 5 145 20 451 1 226 4 530 16 1425 5 1462
93 25 28 2 1340 5 39 3 432 2 409 2 1472 7 212 5 479 3 901 17 1112 4 1488 3 430 8 407 14 435 11 1163 5 1200 12 897 7 1048 2 1322 10 746 1 1273 6 498 5 1064 2 421 7 1462 1 762
94 25 24 5 1139 14 37 1 592 4 544 12 153 3 613 6 615 3 1134 2 680 1 973 5 529 8 1442 15 699 3 1128 1 1141 1 1338 2 349 5 1351 2 916 4 840 3 212 12 317 3 648 8 1342 1 656
95 25 25 4 354 8 166 7 1099 3 1142 1 525 2 1033 7 1159 1 1343 3 67 7 1237 5 538 7 244 4 1210 6 256 2 1064 2 340 4 1269 3 204 19 1033 1 767 20 605 5 1019 3 1382 2 341 2 11
96 25 25 5 1317 8 546 5 227 1 263 14 173 1 1410 9 511 1 749 2 842 6 1409 13 1010 2 671 9 316 1 674 1 247 6 560 1 47 6 451 8 912 3 1432 1 581 2 805 1 564 4 1254 16 423
97 25 31 24 738 4 380 1 1013 10 266 1 469 10 401 14 723 2 1349 4 1274 3 915 13 804 7 532 4 1111 2 557 1 960 5 1213 6 1366 4 932 9 307 4 425 7 1049 1 892 9 681 3 456 8 398
98 25 24 8 233 1 549 2 527 5 289 4 365 14 403 1 1325 2 504 2 1260 14 759 13 1369 6 239 1 965 7 1158 9 1184 10 465 2 389 1 80 2 350 1 1084 4 381 4 511 3 1259 3 520 1 1280
99 25 38 2 1416 3 1169 7 205 3 1393 1 1327 2 334 1 1183 3 762 17 852 8 693 4 776 20 1202 1 144 11 1155 6 1317 6 797 10 1411 4 202 15 361 4 843 8 729 14 438 29 1243 5 969 8 265
100 25 29 9 742 4 831 13 1127 1 1345 2 1262 10 1047 5 577 7 1088 19 39 2 18 2 1108 4 191 2 156 10 34 6 863 1 334 3 838 1 1411 7 780 15 1492 7 878 4 245 6 733 3 243 3 521
101 25 37 2 975 10 960 4 911 10 475 11 784 7 153 5 650 46 963 11 1413 4 1388 5 416 7 1394 8 162 4 1417 7 188 3 1268 2 1287 6 140 4 518 6 1152 7 60 2 898 1 503 13 1500 2 194
102 25 31 17 493 2 1445 4 1426 1 48 5 1318 14 1042 1 869 23 78 14 1038 6 514 3 853 1 1472 6 99 7 40 2 685 2 436 4 673 10 95 4 1481 3 109 9 270 8 829 3 613 4 1084 3 846
103 25 29 1 212 3 742 1 758 1 1484 7 840 1 605 4 226 14 642 17 401 6 514 2 792 7 379 2 837 5 1378 17 1046 14 1321 9 195 2 216 2 890 16 841 5 14 2 688 1 884 4 1267 2 114
104 25 31 2 675 7 280 6 1114 3 487 5 499 8 357 4 382 8 251 6 1487 4 86 4 1421 5 378 1 435 13 955 13 1351 1 1075 6 1007 5 1074 2 23 3 1084 3 1258 22 185 9 1167 16 630 1 630
105 25 24 22 1109 6 489 1 527 3 264 1 937 5 357 9 1007 6 178 1 664 2 1336 1 236 1 1164 6 317 1 375 6 755 3 1354 2 1298 4 28 9 1368 1 197 2 837 2 598 6 20 14 1006 9 862
106 25 25 7 618 9 1492 5 1498 10 642 4 1430 5 1439 1 993 3 483 6 367 3 939 3 315 6 811 4 185 4 907 3 195 9 204 6 588 4 1260 6 841 4 821 5 515 5 1063 6 1255 4 147 5 551
107 25 43 9 383 3 657 12 1286 6 399 12 1201 7 27 6 803 1 616 26 957 17 640 16 225 6 12 9 1101 15 437 8 406 2 528 1 530 4 734 16 95 4 1222 6 1284 11 512 16 1372 1 85 1 478
108 25 40 1 550 1 810 2 1196 1 740 7 91 1 1080 10 1010 11 1083 13 333 5 349 11 861 2 697 1 388 6 500 2 63 9 1119 4 1196 2 973 9 503 39 119 14 1041 20 301 5 591 7 327 17 514
109 25 33 1 734 5 241 1 1279 3 646 2 293 6 29 1 1146 4 522 8 1262 10 289 4 792 14 569 2 1478 15 289 6 1189 14 879 5 563 7 1304 2 228 2 937 4 1433 10 1155 17 1193 13 1125 11 310
110 25 26 1 1457 1 839 19 1417 9 1169 1 661 2 716 16 444 2 1245 9 512 3 484 9 1064 2 686 1 947 2 420 14 1462 3 449 4 482 2 1304 4 919 2 138 4 446 11 442 4 374 3 934 6 753
111 25 36 4 989 7 843 3 958 6 1443 15 140 35 448 4 1347 8 299 1 468 1 1156 18 399 3 786 5 1248 8 243 3 258 2 1422 12 916 8 1480 4 957 10 359 2 150 2 366 18 777 2 629 1 525
112 25 22 2 840 1 442 3 626 3 615 8 1053 10 501 3 521 10 647 3 406 3 3 4 1085 2 1247 3 1369 2 729 7 713 12 615 1 1163 3 105 3 376 7 1489 10 235 1 91 1 1334 4 308 4 1099
113 25 30 1 1282 7 850 2 770 11 1461 9 357 3 384 4 135 10 260 1 191 4 1410 4 475 6 1429 10 547 5 1180 10 497 9 1346 1 785 2 1124 8 1046 8 206 1 727 5 616 6 542 2 1381 22 361
114 25 36 7 1088 11 1306 4 311 9 1489 15 130 1 1303 18 80 4 401 5 1089 19 1432 7 1102 1 1430 1 744 2 723 1 286 2 297 1 79 35 873 7 1130 21 923 2 1203 2 1448 1 92 3 954 1 831
115 25 34 5 952 3 1403 1 285 8 774 1 303 6 423 4 766 5 873 18 262 9 1491 5 729 6 730 30 995 2 1344 4 852 9 1455 8 655 9 470 7 1420 1 535 14 1300 1 1125 10 1459 6 1390 2 22
116 25 32 4 1115 13 487 3 510 3 739 5 1224 6 1191 9 1120 3 315 9 1221 14 513 1 321 9 844 19 648 5 310 5 1263 4 825 2 127 5 127 10 1327 3 1340 1 1354 20 247 3 149 4 161 2 930
117 25 24 6 974 1 837 3 464 9 1201 1 891 11 1251 10 1379 8 1422 2 1246 4 1340 1 677 9 120 3 1198 5 1045 3 988 9 110 10 227 1 202 3 349 1 947 3 603 4 940 12 734 3 545 1 688
118 25 40 2 1404 3 188 6 1377 1 1191 26 842 4 1046 18 809 3 247 12 1021 11 407 1 987 7 540 7 1457 4 1168 3 963 2 564 13 494 2 577 4 36 8 1140 31 685 7 1142 1 180 12 566 14 443
119 25 33 17 420 7 728 26 450 1 1153 12 1474 3 798 3 517 4 1214 1 1493 5 959 15 102 2 1010 1 1485 3 991 3 167 9 1228 6 528 1 959 11 887 10 923 3 1473 21 893 2 679 2 26 1 853
120 25 33 2 713 10 887 5 640 2 488 1 21 4 882 4 1259 1 449 5 1375 20 1487 9 400 12 360 6 1216 6 879 1 81 16 1078 4 1286 9 301 2 925 1 439 9 1473 10 902 5 1216 14 606 10 1167
121 25 28 3 13 5 1385 2 689 12 1291 3 294 2 1328 3 1329 4 704 6 823 1 1259 1 1343 1 1060 9 882 16 1297 9 1164 4 767 13 1432 1 862 2 726 13 1295 8 815 7 1455 3 1389 1 937 15 701
122 25 31 2 89 33 374 9 660 14 18 13 1491 2 668 4 416 24 784 1 1468 6 730 5 1220 7 1122 1 729 3 697 3 975 5 710 1 1194 2 121 6 1300 2 884 1 715 2 271 9 731 2 350 2 810
123 25 26 6 1208 2 231 1 1377 19 1325 1 381 16 1062 7 519 1 846 5 1362 5 584 4 1216 1 360 2 1402 9 711 1 44 2 864 3 614 2 258 1 1243 9 343 21 476 6 270 2 1492 5 1244 2 1368
124 25 30 7 1155 3 114 3 205 24 540 3 141 10 1048 3 70 5 892 8 751 11 71 1 1453 4 1307 1 921 3 1403 1 583 2 307 7 510 11 842 4 660 4 1216 10 11 5 930 3 405 7 1151 10 450
125 25 36 9 77 8 1373 9 669 2 1248 2 267 8 1397 2 724 3 796 2 342 5 873 30 392 4 1088 14 814 17 1234 2 731 1 990 4 163 3 267 1 1045 6 592 6 638 24 267 7 986 12 593 1 795
126 25 26 5 440 6 518 1 218 10 1322 15 638 15 1248 11 893 6 131 1 1142 1 572 1 654 2 971 7 807 7 1191 1 287 2 15 2 381 5 395 2 1469 2 1076 4 1213 4 258 9 410 7 1382 4 36
127 25 28 1 1394 3 1325 5 772 7 1201 7 645 8 768 7 1299 4 1145 4 609 2 63 11 389 1 393 13 1069 9 319 6 1203 2 188 3 53 8 1168 2 374 13 1424 2 790 6 450 7 529 2 1349 10 1290
128 25 44 3 497 1 1226 2 1397 25 344 3 228 3 483 1 158 2 885 6 205 21 441 17 1098 9 60 9 1446 12 265 5 217 6 64 2 445 7 651 3 215 2 119 7 1406 38 1455 20 567 8 47 9 1026
129 25 27 2 653 2 881 9 560 2 803 4 408 6 1088 9 660 2 686 11 165 8 519 1 1449 9 8 6 821 1 50 11 595 2 377 4 788 3 1180 7 1228 10 1180 2 475 4 256 6 441 8 1136 7 959
130 25 21 5 1465 9 1047 3 816 4 837 1 276 2 1332 9 941 1 1222 4 1155 3 958 5 1346 1 405 3 68 2 800 5 1101 1 655 12 308 2 686 1 521 2 86 6 157 4 759 6 320 7 344 7 895
131 25 32 1 1029 2 1318 5 201 1 1410 3 818 10 768 2 878 2 1287 3 1107 11 1331 3 1191 10 1040 1 1060 1 182 14 691 4 1326 3 942 16 1324 8 744 11 1438 2 546 16 1357 12 269 20 225 1 401
132 25 34 4 1331 2 915 18 1435 3 919 6 354 22 676 10 252 1 401 4 987 15 1155 1 1402 6 92 1 1418 12 919 10 190 21 1068 6 1223 1 8 3 1016 2 1271 7 88 3 1477 1 573 5 1048 7 1465
133 25 27 5 243 17 711 1 228 8 842 3 655 5 1233 6 609 1 387 6 831 6 600 6 330 5 677 1 439 5 1443 7 148 2 162 1 935 2 946 2 827 20 660 1 1001 15 359 3 1438 10 1070 1 165
134 25 32 12 1427 1 734 5 300 1 274 3 433 9 381 17 425 5 1318 13 607 4 455 2 643 4 672 2 1189 4 1448 6 987 7 584 4 633 5 1145 8 628 7 684 3 14 8 1445 16 441 3 356 13 1303
135 25 33 2 498 6 1360 1 728 15 331 14 1014 8 92 3 710 7 1263 13 1179 3 280 5 1444 4 1080 2 1320 12 648 9 238 4 934 7 182 1 155 3 1330 10 1427 12 996 9 1037 9 151 4 655 3 618
136 25 41 10 391 13 1356 20 215 11 1355 11 746 6 430 16 415 3 988 5 1484 6 1338 19 737 20 1299 13 710 1 1263 2 262 1 48 9 785 13 611 3 577 5 1426 1 912 4 413 4 166 11 327 1 1154
137 25 34 2 1198 4 582 1 1136 5 1194 2 379 3 818 6 901 5 419 9 587 5 1460 2 902 34 546 6 181 3 386 3 567 9 403 16 897 11 418 1 1217 10 813 4 1141 4 320 12 613 4 278 10 47
138 25 26 7 1154 1 193 1 366 2 1379 1 930 4 1384 6 1278 6 1161 5 513 7 136 4 338 7 58 1 65 8 1234 1 927 6 1306 1 1164 1 719 13 443 1 244 1 1186 5 673 2 1199 29 1396 10 740
139 25 38 2 193 22 644 10 916 3 1148 6 435 2 1044 21 1170 2 446 24 429 4 816 10 1337 10 433 19 786 1 780 2 1342 6 804 11 904 5 1089 11 950 3 632 3 406 7 1396 2 129 3 1092 2 430
140 25 35 9 347 5 729 1 249 11 868 2 683 12 891 1 487 4 1410 3 341 12 72 11 697 6 334 22 1335 11 44 9 1040 16 1298 1 608 1 100 7 918 1 256 15 77 9 694 7 11 2 634 1 874
141 25 43 4 805 1 928 5 940 3 608 5 1405 1 529 14 1357 6 473 31 93 1 125 2 1326 11 1246 25 151 5 444 1 1300 26 890 5 1054 26 433 5 1158 10 655 7 321 2 742 12 551 3 526 6 1006
142 25 33 6 918 1 254 1 226 1 286 2 1123 3 1236 4 1430 3 36 11 176 3 375 6 289 1 524 1 1208 7 639 12 1414 12 1475 12 1416 23 1000 6 1200 6 349 15 711 15 1456 6 402 5 1347 6 752
143 25 30 6 1293 1 493 3 240 21 1016 13 1385 7 750 9 97 5 626 3 499 6 711 2 856 6 294 17 1281 1 901 1 740 11 1029 3 681 3 428 7 1277 1 409 6 1267 2 1401 9 467 7 186 2 114
144 25 37 2 181 4 1219 15 1299 10 684 8 149 10 459 7 496 8 1125 1 1062 8 404 9 1066 7 153 1 294 8 1273 8 925 5 856 1 545 4 565 5 1310 10 782 6 254 3 446 21 1008 17 211 9 556
145 25 25 2 747 1 112 4 267 12 43 5 1332 6 718 4 1443 2 1334 3 1273 3 916 2 706 13 189 1 1415 8 382 3 1217 2 489 20 808 4 690 1 696 11 1424 4 948 5 1182 3 1353 6 54 2 1250
146 25 29 2 1334 1 1341 3 241 8 102 1 325 9 1000 9 630 6 1081 7 1031 9 1013 2 257 10 683 6 343 5 721 3 2 9 324 2 114 10 1144 29 200 1 1236 1 473 3 998 3 665 2 286 5 837
147 25 34 3 387 3 345 1 1332 17 333 1 830 4 272 3 390 1 450 1 1270 8 891 5 304 2 431 5 1086 2 828 4 124 2 1033 3 983 15 777 2 864 8 916 39 761 3 997 23 721 6 256 9 1042
148 25 32 13 957 2 43 5 1411 12 586 5 384 3 454 16 1015 1 228 7 552 6 184 4 534 4 506 13 550 5 581 8 81 1 1417 2 314 2 1338 14 1321 1 1403 2 1118 11 409 8 1303 14 848 2 1143
149 25 31 12 353 1 1439 16 725 7 918 6 1355 14 912 8 56 3 442 3 103 6 800 1 918 3 905 1 828 10 405 2 461 7 944 11 1129 6 715 13 316 7 233 7 1414 4 901 6 1049 2 265 2 1438
150 25 32 3 1069 4 410 17 648 2 92 1 1274 10 1111 6 206 2 1093 4 149 9 939 2 542 13 1488 1 1148 3 507 3 272 1 369 3 65 42 987 3 693 7 204 3 1171 10 964 2 915 8 1252 1 1408
151 25 32 4 1336 10 962 5 1437 19 1347 2 148 6 1037 4 899 3 230 6 1341 11 1132 13 122 4 928 11 1149 5 1369 7 1366 2 122 9 1403 3 125 2 672 15 144 2 8 6 431 3 1500 11 79 1 796
152 25 39 12 715 11 98 3 282 11 1117 7 394 23 704 2 1295 3 711 4 552 3 1015 10 1114 11 9 4 1288 3 265 14 367 1 247 3 623 1 561 14 640 22 867 3 134 5 486 13 1067 9 741 5 171
153 25 38 5 186 2 1072 11 1170 6 592 17 622 23 1339 8 273 2 172 4 1243 18 679 2 607 25 382 4 1483 4 1311 18 1381 4 617 6 1461 3 794 1 1117 2 1040 2 230 15 129 10 196 1 61 1 439
154 25 33 7 1179 3 36 3 1121 4 799 1 894 2 559 1 1468 16 1203 1 956 1 463 2 641 21 361 7 1083 9 1287 1 1397 8 1023 6 1058 1 1269 4 415 9 749 30 596 6 83 4 688 1 1463 19 988
155 25 42 3 1358 3 986 7 825 5 685 4 405 18 670 20 253 1 551 11 1018 4 438 15 1417 4 687 6 1151 4 1181 1 1305 1 1243 14 1198 9 742 12 318 1 287 2 1290 18 436 5 243 43 1005 2 106
156 25 37 4 1199 1 59 1 1072 3 1238 12 950 22 417 5 900 2 1213 1 198 3 1380 3 724 4 908 4 906 4 1146 2 52 5 452 12 359 22 714 15 134 17 581 13 32 4 709 7 596 2 1290 18 194
157 25 32 4 892 14 888 5 15 1 1452 1 975 20 1327 5 1410 7 638 3 390 5 349 7 300 3 1368 1 1161 18 994 8 1269 4 1230 5 559 2 318 3 1192 3 1297 16 1266 9 1480 5 342 1 139 13 8
158 25 39 14 481 3 596 3 851 16 888 4 400 9 485 11 597 4 512 3 113 3 396 10 1145 14 602 23 1311 11 364 6 1068 3 243 17 638 8 420 3 721 2 760 5 184 2 81 8 1369 1 600 15 1079
159 25 34 4 454 11 1340 21 185 8 89 11 292 1 690 4 428 2 5 6 1061 16 1346 6 471 5 910 3 9 1 670 8 746 14 1047 13 806 14 1362 3 348 1 1246 4 1402 3 81 4 84 6 1381 1 389
160 25 32 10 1056 1 473 6 856 2 976 17 180 1 271 5 535 4 1298 4 34 12 1442 10 469 10 1179 10 949 11 1184 1 165 4 1436 2 992 1 874 12 53 6 1496 9 858 4 623 3 1329 11 647 7 494
161 25 32 10 342 3 412 10 612 1 737 1 1118 10 234 8 1074 4 101 6 482 15 218 17 860 9 1102 8 756 1 558 8 1352 2 572 11 858 2 1025 5 465 2 858 7 599 12 1000 5 852 1 349 5 328
162 25 38 5 107 3 218 16 742 2 476 16 681 3 172 1 510 6 458 1 1256 5 251 8 1093 1 1231 10 1450 8 746 5 1347 24 1375 8 115 6 973 1 843 1 846 1 316 3 814 24 227 25 24 11 1131
163 25 27 7 456 3 504 1 591 13 804 5 742 5 1249 1 106 3 1366 10 711 11 600 5 891 12 1412 4 29 1 937 2 193 5 573 9 521 1 1461 4 1365 2 71 5 1458 1 79 2 18 6 584 19 970
164 25 28 4 1351 2 196 5 399 2 546 14 49 6 1258 6 1196 2 135 18 779 15 273 14 790 3 1024 1 515 7 1480 3 7 4 558 2 87 1 979 2 190 5 294 2 561 1 911 5 112 9 295 8 866
165 25 46 2 424 3 98 4 961 3 350 24 221 14 325 5 1232 1 822 31 191 15 361 1 1164 2 1122 10 172 3 19 1 229 1 1069 16 1076 8 319 5 1193 15 51 14 345 29 897 6 1087 11 60 8 1499
166 25 26 4 663 4 1399 3 4 1 1180 1 1400 4 1294 1 965 15 1375 2 1229 6 958 1 52 5 532 5 1462 2 1469 5 1384 4 1362 5 755 5 1262 9 552 7 1224 8 1066 12 252 10 1473 2 707 10 844
167 25 30 3 1300 4 677 1 847 3 1138 4 1107 7 360 16 210 2 239 7 1046 11 1185 1 747 1 326 4 632 14 602 2 1070 1 787 7 806 4 1347 9 1015 15 209 1 1203 15 457 11 847 3 1407 7 731
168 25 27 6 1206 1 1125 2 334 2 183 3 1074 12 854 2 862 3 1432 2 1017 3 753 4 1430 4 1400 8 660 8 1487 7 369 3 1300 3 1299 2 648 9 677 14 768 11 17 9 1476 11 716 9 947 1 698
169 25 39 6 1090 5 645 5 1235 8 239 8 550 13 1481 8 1090 10 763 4 696 20 552 8 907 3 874 1 1125 7 871 22 137 9 670 7 1015 7 640 4 886 4 713 11 192 5 647 13 933 3 633 8 1396
170 25 32 1 330 2 1138 20 973 1 953 6 620 17 1455 4 1184 5 942 9 82 6 896 6 543 2 340 1 680 1 620 12 1196 11 1373 8 1426 5 973 4 915 4 153 3 1316 3 585 3 625 19 1115 7 1315
171 25 30 4 25 1 253 3 2 1 968 1 1165 2 1472 10 145 6 1300 1 895 2 422 3 679 20 468 10 1176 4 413 7 451 1 144 16 789 8 926 6 92 3 941 1 909 3 82 5 352 9 607 26 179
172 25 24 7 90 1 784 4 376 5 325 3 585 1 74 8 1108 2 203 3 1484 12 836 5 709 3 460 2 1247 1 627 7 1016 7 99 6 378 5 158 1 684 1 578 8 1350 10 530 9 1497 8 1068 5 851
173 25 37 33 1005 26 1068 3 1179 2 1371 9 656 1 835 1 1351 1 930 27 1377 2 188 3 197 2 713 7 648 15 1135 1 1081 6 54 1 302 4 285 3 1020 7 878 18 852 1 115 2 1230 5 642 5 283
174 25 32 3 1138 4 1083 1 1171 8 1135 1 231 18 645 1 285 14 1157 10 1204 8 1018 4 1153 5 348 1 427 12 677 3 158 7 1226 6 1130 3 1375 21 989 1 876 8 552 8 563 1 916 7 1023 7 408
175 25 32 13 1259 3 1496 18 1029 1 26 12 780 7 92 2 877 1 1054 1 379 1 700 24 1066 4 692 4 282 4 963 3 717 13 1461 8 1461 1 1455 10 491 2 304 4 378 14 303 4 566 5 453 2 1208
176 25 22 2 210 10 201 2 40 1 1497 4 644 3 956 5 1233 1 1015 4 976 8 475 12 369 4 161 5 101 2 296 14 334 1 139 3 1299 2 37 5 705 10 814 3 1284 1 184 1 649 4 1195 3 409
177 25 28 7 424 2 143 14 1221 1 375 11 414 3 1353 1 537 1 230 11 874 6 1160 1 1430 3 678 3 1141 1 1315 1 262 13 1473 6 739 1 1136 6 326 5 313 9 805 6 984 10 146 9 102 12 776
178 25 30 1 462 7 1384 10 482 2 740 14 1244 20 485 10 748 8 1335 1 906 3 155 7 430 2 391 3 650 6 129 14 971 7 1158 1 23 3 625 11 221 1 931 14 81 1 1445 2 445 1 862 2 355
179 25 37 1 982 18 1293 10 200 3 909 3 357 8 882 2 260 1 172 7 635 3 1002 9 1214 8 1126 5 799 3 375 7 108 22 1080 9 1223 6 416 9 771 19 88 3 549 23 50 2 786 1 173 6 1252
180 25 29 9 457 14 204 7 558 1 978 1 655 9 509 4 1062 11 1243 4 510 2 1256 8 867 1 642 2 33 2 300 2 1198 9 142 10 461 5 157 9 499 2 910 20 1101 5 753 2 537 7 512 3 1376
181 25 32 2 830 6 737 7 219 8 1357 2 992 10 1113 2 670 2 588 16 1074 17 335 2 1230 1 96 4 166 4 1478 9 159 3 991 7 271 4 577 2 105 2 1311 6 607 21 329 8 716 5 738 11 1358
182 25 35 1 1250 6 422 8 1052 8 337 4 546 3 480 2 729 1 737 1 471 2 1338 4 559 2 1081 33 907 9 493 5 1380 5 555 11 1272 7 942 32 469 7 189 3 620 7 1188 4 1443 8 433 2 1254
183 25 26 7 264 2 1013 4 519 8 313 27 692 9 403 1 600 7 1019 7 721 16 686 3 820 2 1144 2 236 5 1479 1 1200 6 1069 1 1420 4 8 3 125 1 940 1 1309 3 635 1 24 5 1427 8 1257
184 25 37 2 1023 1 163 21 268 2 133 4 1490 1 1475 7 1294 2 476 5 884 3 1244 21 1429 3 751 1 701 4 535 16 1488 8 1225 8 734 10 1090 3 1199 20 505 4 132 6 777 11 1447 11 110 11 1061
185 25 40 13 1318 8 701 8 504 11 334 18 801 3 1094 1 1076 10 174 3 923 2 722 1 809 9 33 19 282 7 870 3 1236 4 1288 8 63 28 1414 7 143 12 1465 12 990 2 425 6 515 3 4 5 188
186 25 31 4 1356 6 228 8 1250 10 65 6 1033 10 56 15 24 9 584 2 773 25 526 2 757 7 260 3 695 2 229 1 848 6 941 6 1217 1 93 4 213 3 201 2 1332 4 475 3 165 6 12 14 976
187 25 23 7 360 2 1448 11 749 1 860 9 1328 3 116 2 1182 4 582 7 1393 7 820 8 575 3 470 10 590 4 241 5 722 2 829 1 1113 4 991 8 486 6 182 2 355 3 123 2 670 5 805 2 334
188 25 29 3 699 3 986 8 1233 4 1229 8 616 13 253 4 639 3 719 12 1221 5 538 7 75 1 1360 3 70 2 799 7 609 6 1487 1 1406 7 1403 3 1152 16 945 1 843 1 189 2 520 1 1304 28 1170
189 25 45 14 981 4 761 4 1399 2 711 9 798 6 1078 16 4 20 872 12 1405 9 331 1 1314 24 698 13 1332 8 1429 16 923 8 457 2 532 12 327 1 245 10 716 1 923 13 503 5 447 11 866 8 856
190 25 25 2 30 4 900 8 1459 2 392 6 325 1 1292 19 1146 1 494 3 249 9 258 1 636 1 1451 5 973 2 838 3 1024 2 1450 8 265 1 605 8 773 16 1484 4 1410 7 565 1 1137 6 798 6 1488
191 25 32 3 51 1 1466 1 1081 4 278 27 650 7 607 9 709 3 839 13 1374 4 630 29 170 6 474 2 608 1 430 12 160 3 264 1 1204 6 1112 4 912 1 956 5 383 3 1264 3 928 3 128 11 1088
192 25 36 21 1367 4 9 14 516 2 1317 4 445 5 343 7 1427 7 85 1 738 9 467 1 1073 4 1105 4 814 5 1031 6 510 11 345 6 393 11 1287 4 862 4 586 16 10 8 266 6 1233 10 22 13 1050
193 25 37 6 1434 3 1422 8 361 8 1440 13 1117 4 1246 1 44 5 115 3 1233 14 1214 7 599 6 1395 7 627 1 1217 25 730 2 1466 9 1344 15 1212 1 332 4 1020 16 37 3 484 4 1383 22 6 1 1210
194 25 34 6 273 5 206 11 278 6 416 4 1211 24 138 10 1472 5 528 9 1450 3 459 19 605 7 438 2 1214 1 212 4 594 3 1033 2 1314 2 789 1 1068 23 90 7 807 1 618 11 1115 3 65 1 674
195 25 32 9 690 1 131 8 149 2 164 2 1423 1 1228 7 697 7 1130 4 1460 4 1386 2 1337 6 270 6 684 24 915 2 281 11 43 4 576 3 445 3 313 9 806 10 200 9 252 14 514 7 1208 5 552
196 25 24 14 1381 12 23 1 1475 19 1043 8 1317 6 1490 18 978 1 1461 1 988 1 331 2 1051 5 328 2 978 1 1178 1 505 1 971 1 39 6 438 1 435 4 1103 3 875 3 41 7 274 2 934 1 483
197 25 41 15 595 24 1354 11 1135 2 469 3 487 2 64 18 799 17 1357 14 35 2 807 2 484 6 1268 2 130 5 770 7 188 13 12 1 1196 31 1104 7 356 5 516 6 970 1 546 3 980 7 203 4 667
198 25 29 8 658 2 994 5 1014 2 1249 5 1240 3 237 2 606 1 651 1 900 11 280 14 1048 2 650 10 891 6 1121 4 1131 1 1481 17 565 16 1381 3 601 3 87 4 497 4 1084 5 1149 14 1280 3 882
199 25 33 4 718 15 885 8 1286 4 772 1 772 7 125 8 157 15 220 9 1232 3 1384 11 1079 9 623 11 358 19 931 6 383 4 171 1 469 3 283 3 113 1 447 4 682 13 1154 4 967 3 1378 2 203
200 25 33 7 1047 10 983 2 567 1 1334 4 85 5 813 1 961 5 448 1 1460 27 471 26 258 3 93 5 870 2 812 1 1126 1 1302 17 1011 3 732 16 961 1 1221 1 1377 2 347 14 1232 3 131 8 1360
201 25 26 2 446 1 1215 7 1423 3 1494 2 572 7 195 3 405 3 1324 2 759 8 777 7 735 2 779 3 247 3 1154 6 719 2 409 12 199 4 991 13 606 1 1235 7 538 15 1498 2 1172 7 540 8 255
202 25 21 6 1273 1 1289 2 295 5 591 1 703 6 1099 1 949 4 693 13 277 7 1109 1 1346 4 399 3 1216 1 554 5 729 1 1136 6 702 1 40 4 244 3 421 13 117 11 619 6 1144 1 937 2 38
203 25 32 9 243 1 31 11 252 8 885 19 35 2 625 7 778 5 670 3 927 16 612 1 387 1 1328 3 601 15 48 2 1029 4 73 7 345 4 1101 21 717 6 1363 1 1243 6 539 1 922 1 1439 10 46
204 25 29 7 1002 3 420 5 1163 9 525 4 353 5 193 8 427 10 651 4 1484 1 723 3 234 4 1341 2 613 6 331 12 474 2 409 6 656 4 168 19 1104 9 866 1 169 15 918 2 984 3 607 1 116
205 25 24 5 428 3 884 6 618 11 272 10 83 12 25 9 971 1 495 3 80 6 365 3 83 5 314 4 217 2 815 6 926 2 773 3 977 2 315 5 1343 7 1461 1 61 1 655 3 77 6 1226 4 562
206 25 27 2 800 1 600 2 5 2 1169 5 1128 17 1011 11 1257 8 1363 2 1177 5 1193 1 498 1 223 2 937 6 353 11 1003 10 928 17 1137 7 1018 5 778 3 1061 1 423 5 1446 3 141 6 831 5 809
207 25 38 1 498 2 1059 7 61 3 1406 1 1363 9 425 9 925 16 792 5 1492 6 59 1 1239 5 1150 15 425 14 1042 1 81 7 1070 28 1291 11 658 15 95 9 268 9 798 8 726 3 60 7 1199 2 1208
208 25 26 4 937 3 326 8 1241 20 1035 1 1425 3 489 6 401 2 832 19 308 9 554 9 202 2 336 3 930 1 1131 5 318 6 858 1 944 10 572 2 1381 2 956 1 1213 1 1495 2 1256 10 1130 2 1277
209 25 33 19 638 4 816 5 1127 27 805 2 488 4 1383 10 41 5 1292 10 875 12 1260 2 1396 7 1072 2 212 4 793 3 932 4 356 1 1315 1 784 1 419 1 1164 12 1400 6 1126 3 1171 6 554 14 725
210 25 33 16 112 2 928 13 1462 9 477 2 607 8 1133 2 188 7 1225 5 1487 15 1042 11 1058 4 502 12 1304 10 517 5 1375 2 999 5 317 1 672 5 408 1 1351 8 137 3 603 15 737 4 514 1 113
211 25 34 16 529 15 1036 8 187 1 961 17 1157 3 1233 3 468 10 1268 2 1294 3 1147 1 504 6 1255 10 493 9 655 3 1183 4 1075 8 1269 12 1206 1 908 20 1493 1 769 4 38 14 985 2 1328 1 1107
212 25 39 4 889 6 795 10 299 4 1252 28 1336 6 377 4 151 7 343 1 781 12 1173 3 223 6 322 6 820 2 991 8 1438 22 631 3 1415 5 173 19 1211 21 1306 1 796 5 1011 8 1140 2 130 2 251
213 25 33 1 1376 10 1472 3 1209 2 955 7 829 7 489 15 403 9 239 3 933 8 1299 4 101 7 279 2 570 5 1157 1 605 1 573 8 961 8 197 9 1485 8 449 17 549 15 1098 1 735 6 431 9 133
214 25 33 18 151 15 1059 2 216 2 58 10 1331 1 148 8 437 3 63 4 968 2 898 8 1411 20 856 3 472 1 1042 9 1393 15 419 7 449 4 863 10 1214 8 775 1 846 1 825 4 414 7 1084 4 604
215 25 30 6 1394 13 1255 8 642 2 496 2 204 1 1373 2 1142 9 522 14 252 1 165 1 712 3 19 8 727 5 937 10 962 9 521 10 652 1 739 1 1488 1 251 9 1350 20 345 1 852 3 644 10 81
216 25 41 7 1022 5 1497 9 249 1 115 23 452 8 682 17 52 1 828 6 589 6 366 1 631 2 1114 2 34 2 715 6 174 2 748 18 1390 13 268 4 487 8 406 4 1089 3 949 17 1288 27 868 13 400
217 25 27 7 1199 7 454 2 940 1 499 4 754 5 1267 2 1078 5 282 17 289 1 289 4 1213 1 332 11 27 9 249 7 384 3 427 12 736 12 1325 4 208 2 490 1 597 4 1190 3 1054 12 409 3 549
218 25 40 16 449 5 604 8 575 8 267 36 906 1 323 3 743 24 91 3 1260 5 459 1 524 1 1351 10 1447 2 869 2 1250 4 190 2 854 1 1058 8 347 4 1456 6 790 8 1079 37 416 5 1475 1 677
219 25 25 6 392 8 194 7 902 4 264 3 1407 10 1123 3 1298 7 629 2 1341 14 1425 5 1154 1 89 1 326 4 1279 9 751 4 1025 4 812 4 636 1 125 7 889 3 694 12 842 1 122 2 248 3 1113
220 25 37 3 285 4 646 8 271 18 555 15 421 15 1288 5 954 1 1198 3 636 15 1465 4 1001 9 1247 10 1442 11 578 12 176 7 339 1 904 10 983 3 732 6 1478 2 82 1 830 1 824 14 817 8 1276
221 25 35 6 1233 1 416 13 614 23 795 12 420 1 1078 5 458 5 367 4 583 1 298 21 1152 5 296 24 111 3 1299 11 643 5 563 8 1222 2 788 1 991 4 185 8 666 1 685 6 201 3 83 3 677
222 25 33 16 455 6 823 19 1287 17 922 7 1473 2 1378 10 850 3 237 3 18 9 1497 2 222 10 1495 8 802 6 350 6 1145 2 220 4 759 5 240 2 869 4 8 8 917 3 858 3 989 7 1204 6 212
223 25 34 1 21 1 120 18 452 4 707 3 343 7 271 2 585 6 1204 12 686 2 1152 13 1050 10 414 12 577 1 909 11 56 9 989 4 889 11 1465 11 166 7 1219 1 74 5 806 11 1375 4 1121 5 884
224 25 35 4 294 7 561 14 180 21 160 12 604 1 24 4 990 6 357 10 1443 3 188 1 500 9 1425 11 536 9 574 7 1056 1 1020 2 628 17 1404 5 60 1 762 18 504 5 687 1 1031 2 593 7 115
225 25 26 2 138 12 139 4 650 3 1050 9 170 4 1231 8 453 6 280 10 593 5 285 2 968 9 1416 3 740 4 1432 6 475 1 1099 1 667 4 1064 8 985 6 697 4 140 3 1078 1 1244 13 937 4 1195
226 25 25 5 812 6 211 1 471 3 565 9 1313 10 1473 9 667 3 294 2 108 8 300 9 377 4 194 10 1174 7 284 1 1480 5 1154 1 820 2 1290 16 625 2 887 4 861 1 1403 1 1164 2 28 6 1258
227 25 27 16 808 17 1218 3 1367 4 742 1 983 7 1358 6 495 2 15 9 801 1 454 11 57 2 637 8 270 4 668 2 1212 2 273 7 245 1 607 5 862 5 63 3 362 6 214 8 255 4 833 4 379
228 25 28 8 106 2 1422 1 1410 6 540 4 511 2 397 19 693 4 963 4 892 1 1224 5 625 2 958 4 1386 1 439 3 377 9 474 1 741 3 1198 18 878 3 801 12 658 21 311 2 752 3 1279 5 973
229 25 30 6 635 5 1295 2 283 3 783 7 1476 3 671 8 1321 1 1060 9 1363 2 1089 4 1035 6 272 6 576 2 106 5 1150 7 1204 7 460 2 1371 16 665 13 1307 2 325 3 243 1 513 2 698 28 477
230 25 25 1 1249 1 1154 6 1217 11 459 7 380 1 344 14 1030 2 76 3 616 3 1351 8 1466 1 474 11 791 1 507 6 180 3 1331 1 456 4 42 2 671 6 1401 17 865 10 967 1 101 2 30 5 113
231 25 40 4 889 2 1254 6 997 11 404 2 532 3 729 7 799 3 1454 9 1404 3 232 19 1010 5 1361 10 751 6 1353 16 139 12 910 2 273 7 1464 3 1048 21 880 6 857 1 387 7 1143 21 493 15 1139
232 25 27 5 1000 7 278 22 625 11 455 3 550 2 734 3 118 2 742 3 452 22 1340 2 205 17 1339 6 533 2 200 2 1095 1 513 2 699 2 1259 3 1017 1 470 3 1270 3 182 1 1486 1 125 9 404
233 25 26 4 331 2 933 7 1030 7 1186 2 752 4 904 1 1471 1 1408 3 245 16 783 10 83 6 324 5 678 1 1249 2 1330 4 769 3 89 1 1338 1 692 6 1254 10 641 1 69 7 1101 15 1449 13 354
234 25 31 3 157 6 1371 6 995 1 555 26 1185 13 1495 9 98 1 1062 3 97 4 889 7 876 10 723 8 295 5 1304 2 636 12 644 4 503 4 1025 5 895 6 40 4 306 9 369 2 285 4 1230 5 711
235 25 24 4 94 1 1379 8 1346 1 878 3 263 2 883 10 502 2 1224 12 859 1 99 3 828 17 799 6 205 7 231 7 367 1 58 3 627 1 1433 3 1283 5 1271 6 305 5 384 2 821 7 32 7 700
236 25 27 19 233 6 519 1 1094 20 1270 10 1249 8 893 7 824 2 1028 4 249 3 1001 2 288 1 1143 7 203 1 1368 1 1392 3 1155 4 745 8 797 3 1166 13 1180 4 1064 4 570 3 1059 3 1114 2 1278
237 25 38 15 1163 5 1181 4 527 3 505 13 222 5 725 3 453 13 1021 9 1054 11 1296 21 1131 8 1373 2 107 6 720 7 22 9 717 7 594 3 281 6 141 3 1070 1 156 15 872 11 951 6 400 8 1013
238 25 20 7 1060 7 203 4 194 3 292 3 869 1 1233 6 992 4 1003 8 631 1 1104 1 1139 2 579 2 717 15 189 5 160 6 1372 3 667 3 463 8 440 1 322 2 1438 4 1270 1 1421 1 265 3 561
239 25 34 1 1464 12 647 5 1008 2 1140 18 606 2 1405 13 794 2 390 3 1448 9 119 10 1408 4 81 1 985 2 747 8 137 15 1098 3 161 2 1357 18 1076 9 459 2 435 2 644 11 569 3 1344 14 75
240 25 33 2 1432 7 1238 8 1360 4 318 20 1017 4 123 4 1209 2 414 17 567 6 1212 8 480 5 843 7 549 10 1073 12 367 7 362 2 439 3 782 12 158 6 547 1 852 6 752 4 817 1 543 8 343
241 25 24 9 739 8 1216 3 591 3 1205 2 487 1 528 3 942 19 814 5 536 6 40 17 7 5 157 2 522 3 1154 2 869 6 855 2 1389 1 1013 8 1321 2 283 2 685 3 1333 1 1397 7 509 4 456
242 25 31 2 1354 14 74 12 954 7 59 4 1247 1 80 7 1488 2 36 5 628 3 1418 3 1474 2 849 5 710 4 1349 2 1157 10 1077 12 809 6 592 9 206 11 100 7 508 6 1229 5 253 6 895 10 554
243 25 43 4 193 13 1188 7 807 6 239 10 492 4 184 8 323 1 61 6 1223 3 613 12 48 10 306 3 1291 1 949 18 1061 20 94 3 429 18 307 8 608 11 1120 18 1307 1 695 6 299 10 1075 17 677
244 25 34 5 1298 3 742 13 99 7 703 20 535 1 1050 17 1340 5 855 1 757 24 916 1 52 1 358 4 802 2 1480 3 1321 3 14 1 1175 8 551 2 719 1 252 15 1015 8 1125 11 1353 1 362 14 1189
245 25 34 1 277 3 128 1 841 2 526 17 226 3 929 12 176 7 158 9 867 7 1444 13 1137 6 1475 3 306 1 513 1 111 34 5 9 124 1 1372 2 816 3 88 6 727 1 1169 1 44 6 621 23 997
246 25 34 13 87 10 1303 7 167 2 744 3 446 8 1002 4 168 4 706 13 154 2 1019 7 1414 3 864 7 8 2 1148 25 837 1 23 4 1426 7 1402 2 1223 22 1495 11 828 8 892 5 496 1 1123 1 655
247 25 22 5 661 7 281 2 733 6 233 2 363 3 519 3 1437 10 939 1 213 1 137 4 1347 2 1287 6 627 3 1151 18 1198 1 864 4 61 8 1188 3 1293 7 1434 5 1023 1 837 2 436 6 562 4 612
248 25 39 9 1273 4 346 5 871 6 149 1 508 3 1076 22 769 19 151 4 975 2 1065 9 1064 4 1182 4 537 1 853 7 559 2 125 8 1010 8 36 4 1128 11 129 12 826 11 365 29 994 9 678 5 267
249 25 24 12 348 18 25 1 448 1 429 4 858 4 718 2 1300 2 1328 3 356 5 525 3 502 1 990 8 643 5 524 1 1274 7 382 7 854 1 156 3 1044 7 564 1 728 2 593 4 670 13 350 7 641
250 25 30 4 334 1 88 3 752 6 531 6 1251 3 332 21 1421 2 3 2 423 13 767 1 185 4 111 12 897 1 363 9 314 5 1145 2 1495 4 691 1 698 11 1028 13 728 6 602 4 624 2 82 15 458
251 25 41 11 356 9 705 2 1104 7 1258 8 102 5 247 7 241 3 736 1 56 1 129 28 572 7 1100 2 406 5 466 9 246 1 1290 3 160 22 1346 11 500 4 1197 11 675 9 379 12 1121 24 1365 7 872
252 25 27 17 1299 3 663 10 975 1 995 1 937 5 216 3 83 4 1386 13 622 1 1071 9 1155 7 347 2 1171 11 1013 1 612 1 1470 13 315 1 691 4 1278 2 11 18 357 1 254 3 690 4 325 3 301
253 25 32 5 236 8 1148 2 1155 5 234 5 657 4 524 5 269 5 857 4 869 1 1154 1 1279 2 1182 10 452 7 163 16 696 14 1372 25 1226 4 950 9 466 1 1338 2 977 3 1458 9 918 4 1478 10 16
254 25 27 7 509 4 1416 13 1267 8 62 4 197 3 1201 2 648 1 1080 1 133 6 191 4 1421 2 400 7 779 3 1094 2 969 2 785 1 47 2 555 9 1307 6 503 6 679 1 899 18 828 17 1484 8 851
255 25 37 16 293 3 950 13 1118 1 760 26 77 1 914 1 1058 2 1440 2 1225 10 1122 16 1341 19 1168 1 629 7 272 1 1297 13 473 3 1435 16 305 3 398 5 1487 15 406 2 382 6 1485 4 432 3 301
256 25 26 4 1078 9 713 3 102 7 1421 1 1326 1 1314 21 957 1 900 3 745 9 337 1 323 4 870 2 566 4 575 2 1131 3 668 5 188 8 194 12 589 11 1018 5 136 6 1050 7 1411 3 7 1 117
257 25 35 11 137 3 49 9 1038 8 953 3 1304 10 354 27 1024 5 442 15 1485 11 360 7 490 1 360 10 360 3 6 7 745 3 1265 1 551 10 605 1 95 5 1153 3 532 6 1272 13 1081 3 1321 2 2
258 25 22 1 1369 1 835 13 1290 7 47 3 413 5 75 1 594 4 43 11 740 3 585 3 640 1 63 4 800 12 1186 7 491 2 953 11 1296 3 1130 6 1284 1 484 2 1026 2 577 1 593 8 170 2 706
259 25 26 3 1429 1 1204 5 798 11 247 2 68 3 1145 17 965 19 984 8 673 5 1489 4 743 6 466 4 943 3 1095 2 704 3 889 2 565 7 1203 2 186 1 1024 15 429 1 823 1 483 3 108 5 1138
260 25 36 44 1472 10 424 5 664 6 490 11 143 6 894 6 834 2 12 2 292 6 898 3 751 2 1008 13 1200 8 821 1 772 1 37 15 594 2 268 5 1149 4 1003 13 775 1 711 4 941 10 344 2 598
261 25 32 10 1456 7 1278 5 1302 4 374 14 150 2 645 3 1475 2 1436 6 774 2 1074 5 575 2 42 4 737 5 290 4 14 2 1246 5 780 4 1314 7 522 1 724 12 1222 1 1242 15 463 13 698 27 717
262 25 25 2 1493 1 1063 9 580 10 340 3 1194 1 1373 14 1376 1 775 10 782 7 1089 2 1140 5 1290 15 1421 4 242 2 1037 1 121 4 823 2 237 4 1163 2 214 9 682 13 869 1 807 1 1052 4 713
263 25 16 1 1288 5 845 4 586 3 1108 13 564 2 267 3 372 2 287 1 1142 1 681 5 712 3 353 5 7 1 10 1 329 3 727 9 804 3 846 1 711 2 991 2 856 1 1261 7 1335 1 1128 2 896
264 25 37 7 659 20 385 3 63 15 344 2 1280 6 24 4 327 6 225 11 92 13 46 3 377 3 1293 23 576 5 88 10 937 2 236 9 1409 2 1091 4 574 6 250 3 392 6 426 12 799 6 117 4 229
265 25 27 7 1038 3 1178 4 378 12 1171 4 941 4 429 2 331 11 357 13 384 2 910 16 184 1 703 12 1013 2 760 4 1177 1 1465 2 663 2 686 8 1267 6 1051 6 805 4 835 7 1037 1 1083 5 905
266 25 38 1 196 10 371 9 413 7 662 10 812 20 232 5 1371 1 775 16 56 4 268 11 1029 3 411 7 1119 14 260 8 684 10 893 4 953 1 746 5 1172 4 187 23 582 7 1025 4 1354 5 493 1 778
267 25 26 3 251 3 1443 1 517 5 666 1 1225 11 309 7 28 2 623 2 1229 1 309 13 896 14 1431 10 332 8 1486 4 733 1 1030 4 141 2 1408 8 1441 1 624 4 1008 3 495 17 972 1 955 6 1284
268 25 30 4 527 5 1219 2 742 12 684 16 1177 1 127 1 883 6 9 3 807 1 484 6 741 1 1378 12 738 9 759 26 309 4 1374 5 67 3 1009 1 140 3 1382 3 1293 2 968 1 268 6 402 21 855
269 25 33 9 1268 2 118 4 1478 10 925 6 1129 1 587 9 599 1 1456 8 346 8 414 1 1063 5 561 3 1090 17 825 12 1494 7 395 6 417 3 381 6 1379 11 524 15 105 4 446 7 1308 4 298 10 18
270 25 28 2 381 1 1110 9 736 6 93 3 1138 11 1076 1 171 6 95 1 760 5 1273 1 585 4 831 4 1126 1 1132 7 353 10 1199 6 744 7 500 5 122 4 243 9 697 7 1156 14 1193 4 487 13 205
271 25 31 1 512 6 1144 6 1429 8 195 12 1442 4 93 2 1329 2 533 1 1084 12 385 17 342 13 747 1 396 2 1062 1 473 5 131 2 522 2 493 4 148 4 208 19 740 3 1180 8 778 20 748 4 286
272 25 35 5 1001 1 1274 11 1422 2 1385 3 1262 1 287 8 453 7 348 5 901 3 1055 14 953 2 1120 1 1192 2 1195 23 848 10 169 1 1149 14 1285 5 1492 20 825 4 919 15 344 13 968 2 1444 4 1064
273 25 31 3 1403 9 1463 1 135 16 720 9 689 3 1022 3 1442 1 94 6 146 11 16 2 150 12 1360 5 1140 6 1139 6 1063 13 495 2 1224 4 1491 11 1133 3 392 4 141 3 1149 12 982 1 829 10 883
274 25 24 1 359 1 928 5 395 1 528 25 1006 6 265 4 1377 3 1213 1 258 3 324 3 440 1 357 1 498 1 1197 9 968 4 697 1 777 4 951 3 1362 3 1003 13 1247 4 1297 1 473 7 99 19 890
275 25 32 4 953 14 64 2 127 5 64 15 725 6 29 3 928 13 960 14 785 9 401 16 1077 10 767 2 1202 1 451 4 401 3 674 1 609 1 1326 3 16 1 365 6 879 9 635 3 1288 4 1010 14 445
276 25 25 3 901 1 1113 3 489 5 1323 5 1222 2 523 7 160 9 494 11 1488 3 686 5 664 3 291 3 1293 12 1121 1 448 17 1455 1 371 4 1388 2 1292 6 1178 7 164 9 350 1 267 5 545 3 935
277 25 30 2 709 7 823 5 972 4 585 9 184 3 1374 6 1446 8 388 2 553 3 1247 6 226 3 816 3 716 4 433 12 630 1 1324 9 264 6 1292 10 200 5 1462 17 824 13 1207 4 542 5 1298 3 1161
278 25 29 7 761 1 88 22 536 6 373 7 624 4 386 8 737 3 1290 3 893 10 1230 3 536 1 386 1 1 8 1262 8 626 1 768 4 1338 6 423 4 108 4 1415 5 887 4 1302 6 14 6 967 13 886
279 25 34 4 822 3 644 6 1402 6 1253 18 148 8 910 36 477 1 139 2 1064 9 475 8 763 8 396 13 1221 3 514 3 110 2 146 3 1299 2 874 1 798 1 780 7 896 5 328 2 42 15 756 8 281
280 25 28 14 1054 13 661 1 385 2 945 7 607 4 767 21 500 4 1432 5 967 6 449 5 955 1 129 2 404 10 249 2 94 5 972 4 176 3 920 3 54 3 348 20 206 2 193 2 23 4 190 1 378
281 25 34 20 864 5 589 2 1253 11 641 1 34 17 123 3 340 2 221 35 518 2 331 9 567 2 1168 4 519 2 1352 7 316 16 464 4 1038 1 929 3 965 8 787 1 985 1 1016 3 228 9 982 2 29
282 25 23 3 514 2 1009 5 810 1 1158 5 1237 1 800 2 861 10 481 2 1337 6 689 7 343 11 1475 3 1040 6 463 2 670 12 285 1 67 1 1106 1 1001 10 484 7 187 7 41 1 458 7 1297 6 199
283 25 18 5 491 5 889 4 763 1 392 4 90 2 475 4 85 8 179 2 314 2 669 1 813 1 514 1 1284 1 469 3 148 3 435 5 174 6 748 14 548 7 1053 1 8 3 289 3 105 3 530 5 1461
284 25 35 2 564 6 204 13 1068 3 799 3 165 5 1381 4 363 2 455 2 1290 8 825 1 178 26 331 2 47 12 1152 3 169 1 872 13 972 14 166 9 532 5 1189 11 834 4 422 1 1374 17 244 11 541
285 25 25 6 517 5 1032 2 624 4 137 1 1243 2 444 10 1164 7 1280 16 501 3 872 11 192 2 534 9 784 5 706 5 934 3 1068 3 853 5 1017 1 1106 5 561 6 536 2 391 2 300 1 1215 11 1042
286 25 34 2 67 8 28 4 382 6 174 6 1333 6 269 1 1332 9 1117 28 1094 5 156 2 1467 29 334 1 1315 1 835 5 602 9 376 11 31 5 305 1 737 2 855 4 1500 8 361 2 942 11 831 8 239
287 25 31 13 58 7 585 10 504 2 480 6 1029 8 329 4 325 13 1439 3 395 2 290 4 345 6 1208 7 539 11 285 5 876 1 1016 8 1381 6 689 5 1244 2 314 13 1318 1 215 3 14 6 1021 10 560
288 25 36 3 796 6 563 1 903 16 1109 7 929 6 707 5 1214 4 731 4 121 8 47 4 165 6 280 19 36 3 790 3 742 1 1017 9 1140 10 1055 14 369 2 681 5 1141 19 780 5 534 11 139 13 179
289 25 34 6 1194 8 104 2 324 5 157 6 1266 3 641 16 24 6 783 12 205 1 1435 3 904 6 1439 2 1445 4 480 32 1078 4 1500 3 68 4 491 2 549 6 1136 11 844 13 846 10 529 1 80 7 785
290 25 39 1 102 3 1202 2 895 10 1026 8 819 9 794 7 423 5 1404 3 208 15 956 8 7 7 675 3 892 13 1003 9 1140 15 1359 4 1499 33 196 5 826 4 863 1 720 5 847 2 842 7 1216 17 1451
291 25 25 2 438 2 1227 7 1458 5 932 5 1028 8 645 6 402 4 1279 3 1029 9 873 7 458 6 335 3 345 8 1011 12 258 6 933 1 143 1 1308 6 1312 6 206 2 783 2 264 4 261 8 593 3 1081
292 25 40 10 1069 8 398 2 432 1 1445 15 1365 22 276 3 717 16 1360 12 1286 3 1108 12 1023 3 571 10 532 2 557 5 750 4 410 2 1314 20 736 6 264 19 686 6 109 6 1139 3 1218 10 766 4 155
293 25 37 2 1448 7 436 9 443 3 557 3 504 6 769 18 511 4 408 7 175 7 178 6 875 9 1140 13 1184 1 884 5 409 3 367 10 25 10 1146 23 271 3 253 5 932 5 1272 14 372 7 205 9 567
294 25 28 18 1073 2 973 8 922 11 397 6 750 2 540 5 612 18 458 2 1239 1 1155 4 763 1 746 1 720 7 1466 4 659 6 974 3 1457 2 91 5 277 4 123 14 1475 2 713 2 1225 5 606 8 552
295 25 36 3 1030 5 144 5 27 5 1052 11 810 11 138 18 1121 5 953 10 753 30 682 14 862 5 140 3 82 1 194 6 1120 2 326 16 226 6 814 4 41 4 1086 3 800 3 1428 3 115 1 189 8 184
296 25 25 2 1169 10 1212 4 1347 2 1311 6 1351 4 1195 4 232 4 983 14 510 1 1057 3 1382 4 106 3 373 11 542 4 1230 7 88 3 157 9 1263 19 852 3 286 1 127 1 1215 2 14 1 1308 7 218
297 25 36 7 1303 14 141 5 488 11 795 3 793 14 571 4 381 5 902 10 157 2 344 2 67 12 769 2 1391 10 1258 2 893 2 232 10 1126 3 1314 6 876 6 931 7 905 1 942 23 171 8 1180 13 155
298 25 34 3 263 2 618 3 1131 5 278 7 95 3 769 8 21 12 788 7 305 1 470 9 578 2 1018 14 136 11 1477 7 993 11 1219 17 490 8 275 5 141 3 187 8 714 8 1277 5 1290 5 668 8 582
299 25 34 7 684 12 1206 10 1053 2 481 5 1405 1 1215 12 159 14 1288 9 598 1 1109 3 1327 10 331 4 449 3 1103 7 1303 2 429 7 154 3 489 2 946 7 515 4 1035 1 1168 42 1478 1 1302 3 1198
300 25 19 1 605 1 707 5 1083 2 704 18 873 2 249 8 930 2 436 1 1161 2 1016 3 849 1 596 4 1164 6 336 2 578 5 632 1 157 5 641 5 1389 2 1384 2 61 6 1101 7 1128 4 451 1 152
301 25 26 1 1040 4 1190 3 813 7 409 1 164 14 1282 2 631 4 167 2 892 3 872 8 1466 1 22 6 1017 6 4 14 322 9 403 1 1310 4 1231 3 1143 15 1235 5 1216 1 1077 13 1131 2 423 5 269
302 25 22 3 911 7 940 1 1470 1 1120 1 103 1 1312 21 460 1 463 2 780 10 624 4 27 4 690 2 555 1 904 9 151 9 293 3 1141 1 817 4 1423 6 165 2 1142 1 1015 2 950 14 709 2 1331
303 25 27 4 280 18 770 6 199 4 224 4 402 2 939 4 1070 13 612 15 624 5 950 4 1385 2 748 1 1121 9 31 6 1086 5 549 1 59 7 435 1 64 3 1379 10 1396 1 620 5 1133 2 941 4 1295
304 25 29 1 1338 2 956 2 263 7 1043 4 817 2 213 17 23 14 1092 2 781 8 1341 4 1316 4 45 6 574 8 428 19 850 1 1294 11 1084 9 346 3 1216 5 998 2 458 4 1208 1 435 3 1305 6 878
305 25 20 5 276 6 1059 4 23 5 809 1 811 2 1463 4 1446 6 1415 14 595 2 197 6 418 6 979 11 93 4 408 1 1170 1 636 4 679 1 843 1 1129 3 315 6 207 1 333 1 403 3 338 6 277
306 25 43 18 348 3 900 8 1366 17 576 7 864 2 736 12 1411 6 36 6 566 8 229 24 240 7 659 10 775 8 167 7 100 9 1411 23 307 10 570 2 672 10 907 5 505 1 832 3 415 7 966 3 1413
307 25 41 46 1177 4 179 1 1199 5 837 4 1356 8 757 4 1338 8 572 23 626 8 1274 6 1251 6 1114 5 990 2 752 1 123 2 738 4 476 5 1107 8 516 12 361 12 105 2 1254 5 135 22 670 6 214
308 25 41 4 1315 5 1466 12 1220 5 455 16 1325 11 1446 33 684 4 1047 3 94 4 985 14 231 4 1290 10 466 3 283 24 1374 15 223 8 1443 2 1274 3 1219 1 1254 4 420 2 562 5 181 4 768 12 717
309 25 35 6 892 8 569 18 1093 6 465 4 1423 3 401 1 981 4 1500 2 1306 6 1099 3 496 20 148 2 1418 2 490 5 255 5 983 9 1005 15 1078 4 94 3 1424 2 837 6 903 23 713 14 663 5 972
310 25 32 1 1066 5 169 2 83 1 315 1 1109 4 1244 1 1343 1 687 15 215 13 1160 8 1250 9 246 17 921 11 104 3 1024 12 30 4 584 4 674 3 11 7 1239 5 602 11 1390 1 1130 1 251 22 1279
311 25 39 14 1415 14 1294 1 383 23 339 9 302 2 1076 10 699 1 395 3 338 11 859 27 387 7 837 7 339 12 18 3 574 1 676 8 678 2 1277 12 232 3 1314 4 884 3 54 4 1308 6 1182 9 1070
312 25 24 7 1098 7 760 1 1403 8 1032 11 222 7 341 4 263 3 281 3 134 4 697 6 1014 4 636 4 1497 13 286 4 1017 1 1179 2 1038 1 730 3 131 2 1243 12 1071 2 989 6 734 6 174 1 643
313 25 39 3 910 1 1226 3 321 7 305 5 492 9 829 15 1480 13 1009 13 599 1 433 1 1022 5 1194 7 1110 1 1172 15 1080 19 971 17 1499 7 1436 11 1139 7 1070 20 606 4 499 4 942 9 747 1 60
314 25 32 2 774 2 1093 2 562 1 391 3 313 12 834 17 307 5 961 6 798 3 1162 4 1027 12 1171 17 974 8 741 6 757 4 906 8 116 4 81 3 656 3 42 9 591 13 188 11 1325 3 489 4 1145
315 25 32 6 15 4 522 12 399 7 1448 3 398 15 541 11 1125 8 441 2 1244 1 112 4 1059 7 384 2 900 9 572 3 1246 8 400 9 812 4 804 9 310 4 738 7 1235 14 1056 2 570 3 612 9 1061
316 25 34 2 215 7 1114 2 568 21 484 1 462 16 593 8 891 10 1323 9 88 11 692 2 1130 1 826 1 447 10 1112 4 1473 1 76 5 1419 6 538 19 326 3 1258 2 449 3 245 4 727 16 216 7 15
317 25 32 1 1140 3 298 2 100 8 1002 3 1310 2 1100 3 1440 16 697 1 1138 2 916 6 893 5 1170 3 250 1 751 26 382 7 1447 10 1025 13 687 3 710 5 348 12 1259 13 1109 4 268 5 69 7 288
318 25 29 10 937 1 2 11 991 3 125 3 768 12 1476 7 836 11 311 5 192 1 921 9 20 11 1323 11 702 1 40 1 1480 8 695 1 857 5 1246 3 255 7 696 7 608 7 800 3 221 2 298 5 1429
319 25 30 3 47 11 789 10 32 10 823 10 144 4 1072 4 197 11 541 10 1006 1 1047 7 1224 3 1107 5 1318 7 715 9 194 1 1155 6 1001 11 999 1 1456 5 924 14 600 3 288 2 1007 2 644 2 1322
320 25 25 6 677 19 17 3 1140 3 1169 5 1240 6 698 5 1032 3 1049 4 190 1 1363 4 1119 14 121 7 1104 2 824 2 1246 7 754 12 994 6 1022 1 103 3 893 2 1423 8 54 1 967 1 1288 1 1490
321 25 24 1 1484 2 15 2 282 2 730 18 1071 1 1355 2 1183 2 934 5 552 6 143 6 528 7 677 4 261 8 519 4 900 17 605 8 385 8 604 1 322 5 621 1 284 4 1431 1 84 1 322 8 861
322 25 36 1 211 4 1060 4 199 5 897 13 1334 2 447 19 784 20 1407 3 1414 14 659 5 891 6 371 1 910 1 267 12 633 4 770 8 766 17 625 7 24 5 996 9 259 1 196 6 1163 7 673 6 1132
323 25 47 33 1371 2 715 10 1089 8 39 6 865 3 1466 13 1188 4 1092 3 1195 12 160 1 1296 12 1175 26 1082 7 1217 4 483 23 729 3 1096 6 439 4 804 19 1055 3 1259 1 615 5 728 9 1469 18 1054
324 25 28 8 6 5 1226 13 1394 9 719 1 1436 3 714 15 321 6 1119 1 109 7 444 1 303 18 647 4 880 1 1124 2 247 5 335 3 34 11 281 3 1308 1 578 3 209 12 291 5 1269 1 905 4 28
325 25 36 22 153 1 329 10 268 14 180 1 612 10 1422 5 50 7 108 3 24 3 1445 2 1143 1 103 14 1497 9 387 18 983 2 110 3 962 1 424 11 101 3 1189 1 271 3 521 14 702 24 1494 1 1169
326 25 35 9 838 14 877 2 1347 8 501 29 757 2 1359 5 1352 3 899 3 3 7 869 2 831 1 1431 12 270 1 680 1 335 14 44 4 582 5 901 1 669 9 558 15 1243 2 736 3 1365 12 1182 11 1333
327 25 29 11 1243 7 1451 3 812 27 930 1 1050 2 784 1 1158 2 390 1 954 1 527 3 1240 5 1455 2 815 6 764 2 1232 14 517 1 1483 1 318 16 221 3 419 12 1018 2 535 9 1385 1 560 13 158
328 25 29 13 774 1 609 16 221 13 793 4 895 1 619 1 1435 12 1336 5 235 2 290 2 252 2 362 5 47 1 754 2 888 6 1267 6 565 5 371 1 466 1 1324 14 901 3 95 17 1493 12 847 1 395
329 25 41 6 863 2 1392 19 404 7 14 1 879 5 541 1 980 9 605 5 685 4 1020 4 194 9 192 13 288 6 716 8 1255 11 382 22 783 12 790 5 277 4 1055 15 1234 8 510 14 1455 9 93 9 1323
330 25 28 24 721 7 1399 1 1103 4 1451 5 1337 1 72 11 39 3 1458 6 332 7 85 6 1309 12 1382 5 1088 2 841 4 449 2 1340 3 514 4 605 6 566 8 344 2 966 10 39 1 651 4 872 6 352
331 25 30 3 459 6 1426 1 1483 1 941 3 471 1 969 10 844 1 374 1 597 1 404 2 50 12 235 3 178 7 943 21 477 5 1262 1 1208 4 894 8 2 11 693 3 886 26 862 11 940 2 231 9 806
332 25 40 30 971 8 1086 11 695 4 1065 8 1493 9 1002 5 1253 4 1459 2 873 4 1465 1 1091 9 740 4 1011 7 331 11 618 2 826 14 1453 2 1301 5 344 7 740 10 161 11 1078 5 426 8 621 20 1061
333 25 22 7 280 3 687 6 1266 4 633 11 986 2 1490 3 86 7 180 3 1393 3 1391 3 1423 1 1356 3 252 2 1437 7 989 5 360 6 1084 8 997 6 1431 8 984 2 1206 1 734 3 104 4 1186 2 1162
334 25 31 1 785 4 30 11 266 22 1120 6 1332 14 136 15 739 8 172 5 401 1 201 3 547 6 1196 2 1062 2 656 1 1311 12 156 1 261 5 1149 6 166 7 783 2 943 7 1149 15 524 1 1109 2 1318
335 25 32 7 1206 1 346 4 719 4 1414 10 1009 2 561 1 1001 2 1025 5 1381 15 1209 16 883 5 1299 7 813 6 167 1 42 4 1457 22 1125 14 712 18 1461 9 241 1 468 1 1188 1 568 4 629 1 1270
336 25 45 9 310 12 1364 3 515 1 696 6 214 6 697 25 731 5 999 4 981 2 676 2 240 38 886 10 297 7 1168 33 808 3 1306 11 620 1 268 2 1225 10 1310 3 1251 8 912 8 331 8 778 11 1386
337 25 48 24 1216 3 779 9 296 7 595 13 122 13 474 20 1136 15 217 1 761 13 155 2 1138 21 1178 18 1402 2 1433 14 1250 2 1328 9 1405 13 797 2 918 2 206 3 654 5 426 10 371 3 1094 19 452
338 25 25 2 677 1 824 5 707 19 995 1 1127 7 1216 7 157 2 96 17 364 4 464 1 1344 5 438 5 587 3 703 7 28 9 1290 6 168 2 854 2 1489 4 961 2 1181 13 496 1 291 1 1346 3 1202
339 25 27 3 1408 3 201 4 416 5 1417 16 145 2 425 2 154 5 366 4 569 1 18 10 1469 1 1116 9 891 3 500 8 1329 2 886 10 1396 9 336 2 51 4 260 7 983 4 931 9 449 7 1253 5 768
340 25 32 13 489 9 1129 4 5 8 219 4 1250 7 897 2 416 3 751 7 935 10 756 20 805 1 258 4 1137 6 116 6 7 2 687 1 70 14 1465 7 586 1 987 14 914 1 736 7 1392 5 689 5 1474
341 25 44 11 998 1 1413 13 224 6 241 13 1036 3 161 3 884 19 1179 5 584 1 530 6 1170 30 870 24 1002 9 611 3 1070 13 612 13 315 1 147 3 645 7 119 20 1322 5 93 1 645 3 202 10 346
342 25 27 9 1200 3 512 8 1202 7 255 1 878 1 23 24 833 1 386 11 1422 1 194 1 278 7 657 10 844 7 533 7 825 10 233 3 333 2 1009 3 606 1 1106 3 1295 5 1159 1 458 3 991 6 1378
343 25 37 2 1264 1 190 4 584 12 341 26 568 14 1292 2 106 8 1282 17 29 3 611 12 97 1 790 12 869 3 1000 3 1212 1 556 7 466 5 824 7 45 6 714 15 949 6 1114 4 51 1 1341 14 658
344 25 36 3 257 10 335 30 641 5 1466 2 604 6 206 2 716 29 199 7 749 8 301 2 285 6 1060 2 1465 2 821 9 802 2 576 1 1358 25 1009 1 738 7 822 10 1385 7 957 1 891 6 612 1 512
345 25 38 6 1153 6 1016 8 851 15 1024 3 1243 3 858 13 346 6 64 5 1177 7 1394 3 1437 11 1247 7 620 6 1394 22 253 7 1026 3 1087 7 384 15 488 3 1444 9 553 9 816 2 90 10 845 5 333
346 25 20 3 437 1 1248 1 1116 2 521 9 1110 1 1170 1 277 1 963 9 1202 8 751 3 1428 3 719 18 1298 1 1050 6 918 3 1149 1 567 5 1048 2 1030 3 686 5 1270 6 348 4 492 6 523 2 1137
347 25 34 2 1007 3 666 6 1007 7 934 3 700 5 101 11 1006 18 1464 13 1108 5 978 12 653 10 398 6 279 1 1495 1 590 13 280 1 87 4 193 6 1129 1 733 4 17 13 1249 15 550 8 1018 4 1295
348 25 21 1 16 8 141 5 1145 5 887 7 692 6 1265 1 127 2 241 3 1469 1 575 3 1031 1 1448 4 1182 5 202 9 812 3 1379 15 1376 4 253 7 516 3 161 1 856 9 50 3 835 2 864 1 1159
349 25 32 3 644 17 347 2 872 5 1005 10 991 6 924 9 99 5 544 6 773 5 835 2 74 5 871 8 642 4 483 2 537 2 9 18 562 9 364 13 585 1 138 4 929 4 1269 9 412 9 1003 2 1304
350 25 34 1 1107 2 1469 8 253 14 54 3 1110 5 1298 10 579 10 1153 11 407 1 180 15 1084 1 695 1 355 3 427 6 1440 1 1490 9 1272 9 840 9 1173 15 413 19 297 1 1194 3 844 5 587 8 938
351 25 23 1 654 22 1463 11 1128 1 751 1 704 2 265 7 674 1 685 10 1443 1 957 2 626 5 1150 1 1000 7 405 9 495 1 1343 1 485 4 496 1 1375 5 230 13 827 2 935 2 897 1 135 4 286
352 25 40 32 467 2 1449 8 251 9 1117 11 1331 5 1013 17 1371 9 22 3 541 15 1027 8 1269 1 402 2 111 2 502 7 1127 8 947 1 383 4 768 7 418 2 740 5 680 5 116 31 26 3 1038 4 740
353 25 20 2 631 1 1275 8 1150 1 1215 2 1494 9 1185 11 1287 2 394 6 561 2 1463 4 199 2 1205 7 1370 2 1197 3 875 2 288 2 320 7 360 1 436 4 479 7 1284 1 56 6 866 2 1383 6 611
354 25 35 2 32 11 710 8 555 1 963 15 1090 1 825 7 1489 2 1333 2 1425 1 890 1 881 2 1320 5 1402 3 256 9 1364 3 856 20 1198 15 587 9 1075 12 479 4 1100 13 514 17 1033 3 770 11 108
355 25 33 2 312 35 204 4 390 7 633 7 1017 1 26 3 96 9 1221 9 830 5 757 16 1047 1 478 1 792 3 1287 7 1302 11 977 1 188 6 645 1 93 3 836 27 967 6 1317 2 59 1 1318 1 763
356 25 39 11 485 6 505 6 923 19 650 5 50 3 1302 13 494 14 737 5 1323 20 425 8 635 1 1117 15 455 14 1497 12 819 2 1449 4 647 5 161 3 492 5 333 2 1233 16 1027 4 326 1 1065 3 820
357 25 34 14 1181 10 653 3 739 4 1423 7 355 6 659 5 1455 6 458 1 1388 4 818 1 975 1 290 8 910 3 889 1 344 9 153 3 53 3 1198 36 831 1 1044 22 573 7 557 7 1108 7 1179 1 464
358 25 32 4 697 18 335 2 983 2 1361 7 1252 14 189 5 583 4 481 3 179 10 844 3 303 13 933 1 302 7 644 8 660 1 6 12 553 5 228 5 1069 8 78 3 616 15 1094 3 1326 10 1038 1 767
359 25 37 4 1089 1 973 5 842 14 386 3 1054 7 281 11 659 19 1479 2 1097 8 1183 1 680 3 837 16 1107 12 642 12 490 8 883 9 6 3 1125 13 647 9 562 2 808 19 1451 4 545 2 162 1 904
360 25 34 9 1077 15 988 6 225 2 1022 18 104 2 808 5 246 9 1184 16 1471 3 511 3 447 13 282 2 948 24 699 4 1318 7 369 1 880 1 1213 5 1328 7 357 1 1403 4 1444 2 1273 2 478 9 326
361 25 34 4 460 10 1127 1 136 1 977 10 1001 1 995 6 537 10 1162 6 532 18 889 3 263 1 1275 19 733 5 41 6 1276 3 341 7 683 2 1096 23 436 2 1187 14 871 2 620 3 795 11 749 2 1469
362 25 25 5 91 7 822 6 224 1 1214 5 1491 12 680 3 1497 2 1055 15 109 1 801 3 1456 3 887 10 851 3 520 3 476 6 488 2 1196 5 317 9 1336 8 789 7 613 4 749 3 821 3 1471 2 1284
363 25 32 8 1226 1 702 19 389 14 1121 3 811 8 659 10 36 8 673 3 1302 8 438 3 963 3 88 4 668 8 900 2 1386 1 292 2 759 1 622 14 1371 1 1080 11 464 15 1384 6 157 2 617 5 877
364 25 35 13 810 14 641 9 401 3 629 2 1407 5 620 1 1261 9 305 18 828 1 876 4 1145 7 122 15 243 16 1400 3 472 4 347 2 104 2 1414 3 65 21 513 1 137 1 681 13 1398 7 607 3 1250
365 25 42 16 1081 5 1084 9 1416 1 815 9 1072 2 317 1 13 2 517 2 923 28 730 9 476 10 1159 6 832 8 220 12 484 2 185 23 935 2 325 3 1255 5 1474 17 330 7 980 16 306 12 10 4 892
366 25 26 2 1367 4 61 3 1345 2 336 10 294 8 660 5 1080 1 815 5 405 9 1493 2 734 5 908 12 713 7 402 1 34 4 1245 9 100 10 444 3 1201 3 358 1 862 5 1481 1 465 12 203 6 556
367 25 37 12 703 10 278 6 1134 5 1491 3 268 17 507 4 409 9 884 6 739 1 1372 21 502 3 1435 4 584 15 1360 11 1492 15 874 1 1302 6 330 5 1197 9 45 1 1072 13 1369 5 307 2 289 1 1357
368 25 30 8 55 5 748 4 152 9 899 4 1253 1 118 1 557 4 1382 1 1164 2 247 4 433 10 670 2 552 11 930 2 35 2 1346 8 663 3 924 4 1359 8 209 9 319 18 1215 8 691 21 375 5 228
369 25 34 5 1097 7 191 13 874 2 1311 11 7 1 325 8 996 15 999 5 1427 17 466 2 457 5 841 4 879 2 617 3 995 6 420 36 165 4 282 1 412 10 1500 6 357 2 953 4 37 2 252 1 1311
370 25 23 1 190 5 125 6 1292 2 1019 3 72 1 783 2 1198 8 1414 2 321 3 331 2 923 2 136 12 4 6 631 7 1360 7 879 1 1262 5 141 3 1410 8 280 14 1288 3 562 1 585 10 144 1 989
371 25 23 1 759 6 941 17 1283 3 505 12 745 13 877 1 1259 4 1241 2 978 6 913 8 112 2 1248 3 1188 7 488 5 907 1 989 3 628 7 1240 1 1030 3 540 2 164 3 1271 2 211 3 504 2 884
372 25 34 16 889 4 872 13 213 2 1291 12 12 2 508 5 167 11 272 8 1413 9 1324 3 1189 1 1098 4 437 5 513 2 771 11 435 6 558 1 985 7 924 10 512 2 892 6 1349 13 772 7 650 14 916
373 25 21 5 585 3 1177 1 32 4 1422 7 333 4 246 1 87 4 114 1 1270 4 714 3 102 1 1121 4 81 10 395 8 281 1 381 1 264 2 1049 4 330 2 1129 27 536 3 226 2 475 2 1299 1 336
374 25 31 4 1360 1 1435 14 111 11 696 2 800 1 327 7 19 7 719 3 1188 15 330 8 1092 6 1482 5 700 5 1066 2 824 5 330 3 726 1 930 12 720 4 663 7 96 4 990 6 1374 9 475 16 270
375 25 27 1 753 6 53 14 590 24 644 6 752 2 1242 1 956 6 807 3 269 9 622 5 57 1 637 14 67 5 1230 1 768 2 299 1 690 3 155 2 1485 4 1247 4 1159 2 1492 2 415 8 1348 9 1028
376 25 26 2 1389 5 237 5 4 9 502 8 804 1 275 3 1082 1 639 3 807 4 337 5 1323 4 361 9 738 2 961 9 718 5 656 1 1044 19 398 3 872 3 49 17 956 6 1377 1 874 1 519 4 1346
377 25 39 5 209 12 938 8 40 5 140 4 1048 2 1053 3 903 20 1474 5 376 3 443 13 105 6 433 4 303 20 292 13 1428 9 960 13 496 12 1049 6 709 20 710 1 1346 1 654 4 1187 5 614 4 785
378 25 27 2 922 27 1020 5 143 1 12 6 1421 7 891 17 480 2 320 9 143 1 1316 2 127 14 1039 2 836 1 1345 2 734 1 1098 4 135 8 880 8 603 1 1488 1 1385 1 450 4 112 6 674 4 150
379 25 37 4 478 5 393 9 1230 5 520 4 660 6 1440 2 347 12 20 6 393 13 840 1 180 5 368 9 179 3 304 2 1058 7 404 1 946 6 1479 1 417 6 748 15 324 2 944 40 1353 3 733 21 1475
380 25 25 3 365 3 970 5 524 2 151 2 5 5 1429 2 499 25 76 9 1291 6 440 1 750 5 281 1 1106 6 11 5 878 2 1219 6 383 7 1450 3 432 1 1271 1 56 1 1276 15 1298 2 379 7 1040
381 25 36 11 472 8 1034 4 280 1 1157 7 96 8 1151 3 433 8 421 2 836 6 976 2 790 5 554 3 596 13 976 12 692 2 118 5 917 1 1276 9 1248 15 948 6 1253 28 1046 8 28 12 143 2 603
382 25 29 2 386 3 562 4 1042 5 922 1 1408 8 564 1 1303 2 675 20 1342 4 739 10 248 1 547 8 592 23 232 1 495 3 897 6 452 2 1226 5 779 22 1434 5 1104 1 41 1 1110 4 102 3 34
383 25 26 1 586 8 31 8 1044 10 373 19 1326 9 1040 2 781 2 1401 3 1086 1 635 5 1152 3 535 1 317 14 743 4 751 1 875 3 988 5 169 2 261 14 349 4 580 1 503 3 1214 8 1358 2 133
384 25 37 9 1080 16 1039 4 1433 3 761 5 1055 16 924 9 1267 4 1101 6 699 11 121 1 95 1 1291 18 428 3 144 9 787 2 399 8 667 3 1359 9 1105 8 1011 4 589 3 1395 7 812 4 810 23 906
385 25 32 6 1211 10 963 4 1212 2 1449 1 131 1 6 8 1119 11 11 1 1048 11 121 12 554 10 1338 5 1293 2 1451 23 96 3 332 2 1260 7 848 14 1040 1 592 6 300 2 649 17 319 2 847 3 1377
386 25 38 2 1299 7 659 1 10 9 233 14 905 4 724 7 713 9 548 1 410 1 155 1 1170 7 745 4 520 12 640 17 569 1 352 4 914 16 408 21 389 1 866 18 1244 5 1331 23 128 3 1029 6 179
387 25 27 14 456 5 326 4 898 2 96 6 171 5 647 11 839 1 1331 7 753 1 752 10 1182 5 669 9 557 2 1345 1 1116 3 1137 2 1100 15 354 2 726 1 1379 6 1089 2 147 6 962 8 74 8 1425
388 25 34 11 543 1 1429 5 438 13 1005 2 807 1 1036 1 24 10 541 3 163 4 735 1 1128 2 965 8 233 14 74 1 1014 7 774 12 57 18 933 5 588 1 790 14 126 16 1232 12 1072 8 44 4 350
389 25 33 7 947 5 584 5 444 1 1196 5 645 4 323 2 1477 10 433 1 359 2 1008 13 491 1 1385 16 373 4 372 15 1346 6 213 20 891 3 717 7 670 7 1 2 1348 16 972 4 1210 7 893 4 395
390 25 23 3 105 1 1410 13 868 7 1078 1 1126 7 114 1 293 5 818 7 295 4 705 4 278 3 1435 2 1443 6 1256 8 470 1 837 5 489 6 966 1 1467 4 476 1 511 6 1297 6 673 5 377 9 190
391 25 30 5 181 1 1359 4 1199 2 56 2 1331 3 318 3 1451 12 440 1 1349 11 264 5 485 3 887 2 924 1 472 3 793 10 1490 8 1468 2 653 14 188 25 1075 6 629 2 1075 8 1296 15 127 3 325
392 25 21 4 90 1 945 4 767 3 1428 2 531 2 290 10 1297 5 379 1 884 1 633 1 403 10 698 4 550 1 777 6 893 8 1 11 622 7 1320 1 875 4 463 11 118 3 153 2 805 3 1280 2 1476
393 25 36 14 499 12 312 15 1129 3 462 1 1411 2 331 1 162 21 386 11 872 3 198 18 271 3 874 10 295 5 1033 2 1325 2 877 8 66 1 1465 10 183 3 132 1 199 27 1194 4 750 1 372 2 1189
394 25 34 2 1031 3 1141 7 652 3 1056 17 477 2 316 5 1315 2 1464 15 892 9 265 1 1259 4 1102 14 270 1 1169 15 449 22 1036 2 329 6 1063 6 1014 3 979 6 951 1 253 12 745 5 72 9 447
395 25 19 1 258 5 206 12 110 1 1287 2 1060 2 1106 2 12 2 1459 1 537 5 509 2 538 4 684 3 235 1 401 3 891 1 115 9 1426 12 910 3 745 1 169 6 318 1 773 7 608 3 782 8 476
396 25 28 6 557 1 1412 2 328 1 583 9 930 7 502 10 223 11 162 3 537 2 1034 4 407 4 406 8 775 7 472 3 712 2 217 7 487 8 436 3 261 19 1143 3 879 4 268 3 355 1 777 12 1271
397 25 25 1 561 4 925 5 547 1 1285 11 111 6 811 7 992 10 107 10 1063 1 1202 1 408 3 657 5 911 8 1400 4 1200 6 1088 4 221 1 208 1 1081 7 476 1 249 20 1215 2 151 1 381 8 549
398 25 34 5 1065 4 1115 7 215 3 235 4 715 8 582 6 34 4 426 2 186 6 1027 4 1005 3 842 3 698 17 718 1 677 7 97 7 106 2 1056 9 615 11 1213 1 1290 20 270 9 1348 8 1473 20 824
399 25 29 1 1437 1 736 2 649 12 571 3 378 6 718 1 988 9 303 8 561 2 1139 2 759 5 1483 4 1077 17 981 7 341 5 721 4 788 9 1470 9 293 1 1227 1 1459 1 179 3 1422 10 856 22 627
400 25 39 18 1230 9 373 11 1112 4 1204 3 143 24 79 11 410 2 67 9 161 4 785 1 792 21 593 5 1016 8 1118 31 232 1 658 8 495 2 149 12 78 6 87 1 645 1 564 2 697 1 1363 4 1040
401 25 27 2 1464 1 704 3 1105 1 807 14 436 3 527 4 64 2 673 4 1159 1 1050 4 130 3 1165 4 77 12 119 12 233 4 758 2 1 3 760 21 663 12 709 1 998 1 211 12 678 12 314 1 233
402 25 24 3 737 8 767 2 819 8 672 21 514 3 431 6 398 12 1484 4 960 4 1225 2 481 1 883 1 1384 4 1434 1 568 7 303 1 1185 10 1212 4 385 2 570 4 663 2 789 2 756 8 1379 4 138
403 25 33 4 1414 7 1311 12 275 6 379 4 1457 3 1447 3 469 2 765 8 320 10 388 8 733 3 1393 9 1218 4 510 13 301 13 1474 6 60 1 295 1 702 11 1401 3 489 5 981 7 1043 23 710 3 1119
404 25 32 6 747 12 212 18 1305 1 534 3 350 9 734 12 804 16 602 9 505 1 1118 1 1181 13 974 9 158 1 941 3 95 7 1352 3 1003 2 1022 3 1300 6 9 6 560 9 761 1 1012 3 602 10 448
405 25 30 1 1358 1 1030 12 272 1 749 2 14 11 251 4 1166 8 1298 4 550 12 402 6 969 13 697 9 1492 10 1446 5 1000 6 180 1 640 4 518 2 826 14 453 4 10 2 102 7 1375 5 1028 8 611
406 25 29 9 258 4 159 3 787 1 661 5 1430 14 1090 1 95 4 681 1 1163 3 614 22 785 11 927 5 582 1 1421 1 100 5 545 4 1043 10 1445 10 216 10 581 6 301 10 8 2 491 2 1415 1 550
407 25 35 10 1007 13 1434 4 1175 11 629 1 865 4 838 3 1414 2 1287 5 1231 5 892 6 904 2 1325 2 712 1 1374 3 214 5 26 13 572 15 1467 6 1376 6 1018 1 1174 5 895 26 407 20 1283 7 772
408 25 32 7 1007 2 195 5 1022 18 548 3 428 4 756 4 1015 3 1339 4 1475 3 802 8 1436 1 691 8 1493 12 650 9 23 5 817 30 806 1 18 2 1263 1 1191 2 501 1 591 15 1035 2 1068 11 832
409 25 29 8 1162 3 669 2 469 5 743 2 26 3 1216 6 283 13 1186 2 1039 13 100 2 187 7 440 3 172 7 210 4 351 2 174 1 1253 13 337 5 1312 16 381 1 1479 1 913 1 792 23 1485 3 947
410 25 27 7 54 1 862 2 111 8 899 4 572 29 837 4 303 3 445 7 1447 9 925 8 1416 1 885 1 649 3 1443 1 1301 5 841 1 232 9 797 7 117 1 665 19 371 3 103 4 171 1 1227 1 545
411 25 33 6 480 2 218 9 1007 7 744 2 1001 3 116 6 264 20 1337 9 272 6 759 24 1325 3 134 2 1189 2 842 5 1442 5 595 3 656 5 136 8 681 10 585 3 994 3 1245 7 1408 9 279 7 254
412 25 32 11 231 4 20 11 931 4 737 9 1152 6 811 3 913 9 206 9 1462 21 266 3 828 9 665 5 51 4 626 13 683 1 947 9 1387 1 752 4 1392 1 126 9 566 2 646 4 455 4 702 5 348
413 25 18 2 329 1 99 4 407 4 780 1 527 8 457 2 385 1 158 3 126 6 1499 9 1259 6 938 8 420 1 670 5 473 1 1048 1 1013 1 498 3 1109 1 581 1 1483 9 57 4 1271 1 1113 10 870
414 25 31 19 298 4 1182 14 1167 4 290 7 1127 9 1335 3 58 12 130 4 104 3 586 2 605 10 965 6 1374 3 1246 1 740 1 1313 4 1287 9 889 5 100 5 1308 7 1311 4 772 12 1166 6 26 2 1209
415 25 30 11 1382 5 1277 2 98 5 728 21 971 3 528 1 773 15 315 2 1284 3 57 5 1034 6 699 1 325 2 166 2 236 24 1266 5 1418 4 162 11 515 2 126 1 1144 2 1292 5 435 7 425 6 658
416 25 25 6 1481 2 820 4 543 10 340 10 1196 8 715 1 381 5 175 5 1110 8 924 6 303 2 1171 6 799 8 626 4 298 2 232 4 1034 3 1290 6 1441 11 986 5 1445 7 1096 2 137 2 1254 2 164
417 25 39 8 459 1 692 19 1202 3 276 11 1343 3 1149 3 15 7 353 13 226 9 1307 1 803 6 702 16 1026 5 1128 17 937 9 958 2 744 7 582 9 142 4 132 8 538 14 667 2 567 4 1203 14 1200
418 25 23 1 792 12 1062 1 315 3 1441 4 987 4 217 12 859 24 588 6 517 1 83 9 273 10 1280 1 1481 3 1428 2 229 1 1450 1 737 1 733 3 309 3 1131 1 826 1 581 7 733 1 488 3 160
419 25 29 2 1119 3 550 13 141 12 1458 1 1424 7 1209 3 768 5 884 1 584 1 1320 4 1226 2 1322 19 741 7 630 3 1050 5 316 3 565 7 311 1 1500 12 858 4 986 6 1017 3 1117 19 784 3 830
420 25 31 1 466 5 860 3 889 3 1248 16 170 15 732 5 1106 13 479 12 1343 1 1115 5 815 3 827 15 913 2 154 12 268 6 1360 4 449 3 574 1 885 10 389 6 501 3 676 5 175 9 1436 1 953
421 25 31 5 873 4 841 7 599 3 1384 6 159 4 83 12 1378 3 70 10 278 16 109 1 566 8 222 4 36 4 268 3 1099 6 123 3 516 9 165 7 559 6 172 6 923 4 278 8 1376 1 48 17 495
422 25 27 9 658 4 426 11 507 19 1448 1 1253 1 992 5 740 4 527 3 65 1 14 8 428 1 623 12 652 6 1147 1 80 7 1001 4 1137 1 683 11 515 5 105 2 6 1 148 3 580 8 1463 7 955
423 25 36 5 349 6 890 1 1431 6 347 5 961 13 172 12 637 20 100 5 653 3 901 2 14 11 213 1 152 17 1180 5 943 13 1105 3 866 1 683 1 263 7 33 5 1074 22 959 10 754 3 114 7 561
424 25 29 2 165 1 1354 4 397 2 1085 1 1376 6 270 6 992 6 661 5 1319 13 401 4 657 8 1497 4 874 1 838 3 14 2 13 9 1410 4 264 14 936 15 1135 9 617 15 613 5 233 2 1313 7 1099
425 25 24 2 1047 4 853 11 1261 1 872 10 452 7 366 6 92 5 927 3 349 2 149 2 1120 1 1283 2 797 1 1268 1 468 12 226 3 136 11 78 8 339 1 1365 5 335 5 499 9 1404 1 1231 9 314
426 25 27 13 1288 1 206 4 503 6 284 6 647 1 237 1 545 1 898 11 461 11 939 3 460 10 944 1 530 1 1125 24 712 3 120 5 525 4 103 1 1249 6 196 1 522 8 723 8 1183 5 1415 2 378
427 25 26 6 762 1 353 6 46 2 828 6 786 2 1241 1 1065 1 409 3 951 7 609 4 210 13 1086 2 614 4 776 7 522 8 1213 8 405 10 834 13 869 2 117 1 265 20 389 1 831 3 461 1 190
428 25 29 8 18 18 324 7 1445 10 1202 7 1377 1 176 3 435 3 1359 3 163 16 1084 5 1170 1 508 9 1256 14 1107 1 971 7 644 7 645 7 320 1 787 5 70 3 94 5 687 2 14 2 1072 1 813
429 25 22 6 1442 1 1186 8 995 2 1003 2 36 2 1383 3 1228 5 677 11 153 4 798 2 608 3 761 3 763 2 164 15 367 4 537 2 1391 1 804 3 466 4 584 9 1385 1 1341 3 1459 6 305 8 780
430 25 33 1 735 11 913 4 452 6 722 5 714 2 408 4 740 6 1084 12 1151 6 1229 3 84 3 777 8 16 6 1478 1 856 5 1103 8 667 21 1267 3 107 14 530 2 384 4 467 19 756 4 836 10 766
431 25 27 1 1323 6 744 4 54 2 1442 10 709 6 445 8 1189 10 427 1 363 3 1106 8 390 4 601 1 678 7 911 6 5 5 719 12 751 10 591 5 570 5 510 11 177 8 6 2 745 1 1311 1 437
432 25 34 8 62 5 924 3 334 3 1242 6 95 7 410 3 917 2 554 4 1099 2 294 13 609 16 1075 18 664 12 200 6 854 3 451 3 11 9 1373 1 1380 1 391 6 1080 5 618 11 771 1 1370 23 50
433 25 35 13 1 17 174 6 1248 9 356 5 1386 6 291 11 1456 1 38 1 1490 1 131 6 229 6 282 6 357 3 601 4 629 10 707 18 493 1 400 6 1360 28 529 4 1029 4 378 4 663 2 623 3 831
434 25 32 3 791 2 984 2 112 11 18 6 354 4 710 6 360 11 99 4 643 10 121 19 1104 1 681 1 1078 4 1033 4 1314 10 943 1 1317 9 550 2 238 17 1171 3 337 1 1345 12 979 3 1218 14 823
435 25 44 6 172 1 95 9 680 6 802 12 58 4 269 2 1332 14 139 1 1273 22 935 13 255 9 62 9 172 3 1218 8 170 17 935 2 81 6 5 9 946 2 799 24 1139 23 67 10 1235 10 6 1 566
436 25 39 10 641 33 641 15 467 15 1063 2 110 1 1458 2 948 4 818 11 787 9 774 6 922 8 1458 8 277 17 231 11 1071 10 137 5 1450 2 425 3 658 2 141 2 409 3 82 2 547 3 247 14 1089
437 25 31 16 527 5 758 8 570 1 415 1 253 9 1156 3 1256 9 761 2 1096 10 1018 1 515 6 438 3 390 3 301 15 206 14 178 14 734 5 63 5 1101 6 341 3 1281 4 1336 9 601 4 1401 1 750
438 25 37 4 504 8 1475 1 552 1 466 3 1064 8 440 3 40 28 45 5 734 37 1220 19 13 18 267 2 565 5 362 2 313 5 351 3 861 6 1172 2 505 8 1306 8 72 1 187 5 1325 2 522 2 782
439 25 34 9 854 5 307 3 427 16 286 8 541 1 497 8 20 2 185 2 1012 1 993 10 216 16 272 11 938 4 518 9 1396 5 1322 13 323 13 777 11 577 6 1098 2 154 4 1345 8 73 1 1356 3 110
440 25 32 10 1304 1 926 3 356 1 982 2 1206 33 1278 4 1487 10 286 3 1112 3 957 2 108 21 267 9 558 3 164 6 624 2 1067 13 704 3 1325 2 732 6 120 5 1059 4 1120 3 34 12 795 1 293
441 25 29 1 358 1 580 2 1254 8 652 4 819 2 410 6 1312 14 288 11 289 13 1020 2 813 13 1112 6 1290 1 412 1 758 7 938 7 405 8 1211 13 1174 4 306 3 1453 4 664 12 477 1 371 4 200
442 25 27 30 8 2 129 9 225 1 1374 2 1254 7 759 5 2 2 489 3 732 2 1440 7 873 4 888 2 917 4 1200 9 689 1 308 5 111 1 278 4 214 1 1032 3 1386 5 854 12 188 6 606 9 598
443 25 37 15 1216 2 31 3 77 2 840 3 811 2 368 8 259 14 1315 1 660 1 645 4 756 8 628 15 203 22 9 10 1289 21 289 4 488 6 1367 6 1041 5 712 11 627 17 225 4 206 4 543 1 1158
444 25 22 11 154 4 326 8 1219 2 689 1 686 8 300 6 950 1 766 3 232 7 781 4 796 2 353 3 333 1 417 9 1436 1 848 9 571 1 98 1 865 12 661 1 1001 4 1107 7 797 3 125 1 127
445 25 31 1 120 14 920 3 1196 4 1410 4 1454 3 1091 11 231 8 399 3 701 8 391 8 1059 6 736 1 6 1 160 10 1084 1 1363 13 171 3 150 7 1267 11 1055 1 1346 10 846 13 993 1 1205 10 792
446 25 31 12 909 1 1365 1 1482 3 1016 1 551 2 1107 10 770 20 957 9 1434 5 1192 8 875 14 101 1 1093 4 880 1 1417 2 399 11 9 1 1336 22 1365 2 1120 1 1150 10 227 4 1026 8 84 5 356
447 25 26 3 1448 13 1243 2 188 10 580 1 998 2 1298 7 1057 1 587 2 115 5 761 1 1016 1 619 12 1084 5 444 1 159 7 1043 19 489 3 1398 1 376 7 801 14 996 3 1197 10 333 2 314 2 438
448 25 28 7 133 1 461 4 421 13 99 2 1100 5 1223 2 128 1 357 18 112 8 56 1 738 5 1075 1 85 10 19 1 1360 5 1222 6 316 3 204 4 95 6 1028 5 363 10 1452 21 76 2 505 2 412
449 25 29 8 920 1 126 4 1004 2 926 2 259 4 774 14 1402 7 1448 11 1346 19 151 13 1349 7 620 12 574 2 92 2 1064 8 868 2 704 9 1274 1 823 3 738 1 1437 3 598 4 128 8 953 1 34
450 25 27 6 793 5 1178 3 742 7 7 5 855 1 383 6 1212 2 1290 15 184 12 1492 6 373 4 262 3 716 1 837 1 933 12 1090 4 27 2 978 2 1347 7 324 12 349 1 1211 18 183 2 176 1 45
451 25 20 9 666 5 290 5 1218 2 639 1 646 2 1030 1 125 2 526 5 442 1 956 8 1407 3 87 10 1006 1 1190 5 313 1 1285 5 908 8 1479 3 964 3 214 1 102 1 698 10 1303 4 288 8 1462
452 25 25 2 954 2 1394 7 402 10 69 1 345 4 1046 2 598 6 442 3 1406 3 779 8 227 18 1033 1 156 11 476 6 428 3 1211 6 117 2 876 1 798 8 24 4 1046 3 68 7 833 4 992 5 1276
453 25 32 2 891 6 1466 2 983 9 823 1 914 16 1435 8 1270 2 603 3 670 5 324 10 1311 4 849 32 1329 5 1014 12 538 1 616 12 25 5 771 2 637 5 1091 3 232 4 947 6 1341 3 1141 4 453
454 25 31 4 519 12 1042 14 1354 4 274 1 1038 4 945 1 647 4 1007 6 174 3 1464 6 92 4 1409 1 760 13 1449 36 73 3 1249 12 812 2 1091 7 1291 2 814 1 943 6 453 2 1236 2 204 5 418
455 25 41 4 1185 3 90 3 827 6 33 3 1225 7 486 2 204 25 1014 46 1192 3 132 8 1368 6 928 13 1304 6 294 10 424 5 509 17 1299 5 86 6 909 1 568 8 330 5 9 7 1459 6 778 2 847
456 25 28 3 1255 2 392 5 676 9 21 3 73 6 699 16 966 15 648 17 219 2 1407 2 1035 7 214 1 1198 1 957 2 946 3 679 3 455 3 22 9 1451 4 289 7 608 18 930 1 169 3 898 2 193
457 25 37 6 1237 9 947 11 913 1 808 22 355 6 1197 3 327 3 157 26 491 10 1204 16 1031 7 1206 21 649 4 347 3 488 1 143 2 1258 4 846 1 697 1 89 2 840 6 841 16 219 7 1406 1 554
458 25 35 8 267 2 33 13 693 16 776 8 1287 9 1137 12 1056 3 101 2 696 6 215 1 202 2 285 11 851 5 1406 8 796 9 985 9 431 8 1151 15 444 3 1448 5 1078 6 670 12 682 1 269 5 6
459 25 30 11 175 3 237 4 274 8 1396 2 574 1 843 18 1476 8 346 4 1287 5 577 5 958 2 1202 2 1008 5 926 11 550 11 914 5 627 1 269 8 806 7 174 1 686 5 793 2 124 12 8 9 1324
460 25 32 5 112 2 18 2 63 1 91 8 537 2 1099 1 3 2 1242 1 410 9 813 1 297 10 1435 9 1030 4 1383 9 85 32 1171 5 1233 4 634 4 295 15 412 20 1453 3 987 2 168 6 985 5 1306
461 25 35 3 1203 8 1070 1 840 3 667 3 1273 8 1046 4 1310 1 87 29 1115 7 1344 3 1393 2 619 2 1454 1 459 12 1401 9 627 22 1314 4 982 10 787 16 833 9 1153 7 1440 1 107 5 357 6 214
462 25 36 16 1119 1 745 6 1263 12 1262 3 1292 5 838 3 384 5 1126 38 384 4 892 3 1295 13 250 18 457 1 116 6 132 2 1201 7 1381 2 960 13 1053 3 1312 3 1109 11 857 3 431 4 883 2 926
463 25 34 1 1087 14 324 2 87 7 1256 10 267 10 1429 8 181 1 1191 3 977 1 211 15 792 5 1130 4 1428 1 290 4 204 3 455 4 679 1 247 15 478 20 71 3 849 24 86 2 58 12 659 2 826
464 25 30 19 324 5 830 6 1492 3 195 1 639 4 1279 1 1466 3 141 3 423 9 1470 7 559 3 1300 6 1320 7 316 7 199 4 795 18 939 2 1305 3 1302 18 245 15 370 2 1398 4 1412 1 165 3 904
465 25 28 6 928 1 1425 1 188 3 1474 14 171 5 1213 14 908 2 852 1 546 5 1359 8 1050 5 1024 2 1004 3 875 2 1252 5 1230 1 187 1 31 4 818 5 450 13 863 5 177 14 1492 10 999 10 523
466 25 31 2 200 6 1419 9 964 1 610 5 61 15 815 11 586 21 1436 3 251 5 103 5 214 2 1037 9 1175 6 528 2 321 8 367 5 1094 3 1015 2 1225 9 34 11 22 9 421 1 602 4 389 1 718
467 25 43 3 35 6 467 7 1331 19 1075 5 1362 4 510 7 74 6 1414 3 621 12 104 7 1002 7 1371 4 844 9 69 12 35 4 902 19 1396 12 429 8 771 9 1281 19 418 4 1313 19 1346 2 190 10 1082
468 25 38 5 360 21 1447 16 875 5 460 1 1022 11 888 6 205 6 1135 7 1450 5 1251 7 719 3 115 3 333 2 141 13 55 7 545 6 224 6 28 3 1128 21 1141 10 35 15 963 3 1128 7 394 2 564
469 25 29 2 1136 4 211 4 146 1 1094 11 992 12 1465 2 1053 5 289 8 1342 9 353 7 849 9 793 3 235 7 1093 7 337 7 462 1 987 1 333 11 50 5 852 5 109 1 1128 1 1000 13 1212 12 924
470 25 24 6 1441 13 1042 2 163 4 880 1 1131 1 987 4 499 5 19 15 975 5 526 2 224 3 756 6 1452 5 53 3 798 3 753 4 39 4 659 3 1131 10 430 3 849 3 1346 9 755 3 919 7 806
471 25 37 19 587 9 462 10 988 3 486 21 1257 4 162 8 108 3 563 14 54 8 989 12 647 5 74 2 260 1 732 2 856 12 574 11 1380 3 1331 6 529 1 1161 7 890 1 975 1 869 5 459 20 593
472 25 36 1 1482 22 215 19 1478 4 779 2 741 12 446 17 520 14 533 2 1125 4 658 2 1480 8 178 1 1228 3 1430 1 1340 4 43 9 881 3 1079 22 1208 1 169 15 199 6 1167 2 840 7 431 2 1481
473 25 28 6 944 1 8 22 948 4 954 2 386 3 511 1 1088 9 237 5 255 6 466 8 1180 10 757 5 1364 13 810 4 1247 3 995 1 721 6 1227 2 510 11 1221 6 170 3 795 2 1440 5 1291 6 158
474 25 26 5 1167 1 207 4 815 7 1136 15 1468 4 692 10 106 1 528 2 62 10 307 7 569 2 1064 4 201 2 1493 1 1492 1 1270 4 732 11 1342 6 513 3 477 6 395 11 190 8 207 4 509 1 1342
475 25 35 11 1370 1 1287 5 489 2 437 2 643 25 1211 16 764 8 1108 29 1159 1 1026 1 189 13 1013 4 317 2 324 3 710 4 1499 18 139 3 972 4 230 2 1011 7 877 4 596 9 55 3 509 2 1210
476 25 27 3 371 12 1215 4 1155 2 265 1 107 1 827 1 515 10 1467 8 1054 2 656 8 1291 5 1080 17 604 2 953 4 792 2 726 1 275 5 276 13 1321 5 916 4 167 15 1143 5 73 1 542 7 331
477 25 31 1 1206 2 382 7 457 4 644 4 164 2 993 6 1412 2 136 12 367 7 1100 4 92 3 870 16 1134 9 380 2 818 12 1246 6 446 5 1015 11 953 5 1208 5 457 2 683 10 959 13 946 8 606
478 25 37 6 587 7 1180 3 952 5 57 7 937 5 1337 7 1223 4 1378 7 194 4 664 4 93 8 853 2 1084 19 869 2 366 9 749 34 150 4 1287 1 1083 1 778 1 1041 19 422 5 1159 11 1366 14 1059
479 25 30 6 288 9 1465 2 112 4 892 5 251 25 1443 2 1138 9 417 8 1328 3 817 3 1365 14 737 11 935 10 949 5 370 5 696 2 964 4 346 4 451 1 90 3 615 6 903 3 665 4 464 3 1093
480 25 27 6 1079 2 92 2 915 2 986 5 1068 5 638 5 353 10 26 1 1249 15 105 3 606 3 449 3 399 4 578 21 673 2 687 1 1071 5 438 9 427 7 1425 1 1417 6 756 10 168 8 494 1 279
481 25 31 6 60 7 798 5 484 2 416 1 697 13 1242 6 64 2 104 4 1485 13 711 6 1103 1 1313 9 1106 11 426 2 670 6 1263 3 475 2 1287 1 1394 20 54 6 803 3 833 18 234 7 1121 1 30
482 25 29 5 1323 2 1364 15 320 3 511 13 985 27 1213 2 191 5 135 3 1408 3 435 2 177 8 1015 8 1076 5 179 6 815 7 441 3 511 5 1131 3 826 4 464 2 1390 1 614 6 109 6 1010 2 879
483 25 40 4 1000 9 150 12 1 5 1318 4 966 4 1198 31 451 8 1052 17 1019 8 393 2 529 13 459 16 1169 4 496 13 1060 7 1459 1 765 2 104 7 927 4 577 5 1016 12 1090 9 1360 4 138 3 120
484 25 31 3 595 8 1386 3 1449 5 442 9 915 10 663 5 1297 6 472 6 374 13 688 2 804 2 372 11 288 18 936 15 1461 2 1400 6 1288 3 506 1 930 3 1006 5 610 2 729 2 242 6 813 11 1342
485 25 35 9 1200 2 1213 4 67 16 190 11 1037 1 263 23 270 11 911 3 720 16 901 3 1222 9 984 5 1143 10 618 4 1158 3 698 3 334 8 109 6 54 7 7 6 130 8 661 2 1451 4 526 1 798
486 25 31 16 1203 8 1073 6 510 7 100 1 205 4 562 7 1292 1 56 2 682 5 1273 5 49 14 1467 1 1144 8 989 4 443 1 617 6 1210 2 879 13 389 8 313 7 237 10 1426 9 96 8 792 4 19
487 25 31 33 855 5 686 1 1335 2 1090 4 938 1 771 21 255 15 835 12 167 2 907 1 997 8 344 2 118 4 1244 9 1167 2 1305 1 1214 1 824 2 534 9 81 4 1122 2 733 1 471 2 609 12 1435
488 25 27 6 1115 2 1200 5 279 1 676 4 862 1 680 7 609 3 85 1 695 9 1026 9 1069 2 1209 13 346 16 767 4 184 3 1051 5 293 10 1001 5 140 11 603 2 1173 1 806 13 1148 3 1171 3 979
489 25 28 3 82 4 349 7 337 2 102 4 517 4 1270 10 965 1 1215 3 6 11 939 11 408 3 484 22 1250 2 379 6 893 1 1316 4 1098 9 84 9 22 2 146 3 1343 5 1240 1 1169 5 1262 9 1421
490 25 39 3 606 19 1406 4 1027 8 672 7 1315 6 527 2 191 11 457 7 417 3 899 8 384 8 1062 4 1313 9 353 1 853 19 762 7 627 5 1132 4 448 1 1382 3 861 15 406 20 1457 13 1120 11 1473
491 25 38 4 831 3 1082 10 358 1 405 1 1378 6 758 14 1021 10 1098 3 371 6 319 2 588 5 425 7 483 4 1082 13 1411 4 125 6 1060 5 1237 5 190 25 134 1 1001 16 1217 6 725 6 1051 30 1174
492 25 33 2 122 4 1040 13 238 15 43 3 793 6 464 7 1293 2 119 1 1366 6 111 15 1159 25 866 11 1495 2 1327 3 659 8 595 3 1396 3 1452 6 11 2 967 1 888 4 839 1 749 17 769 5 569
493 25 38 13 912 4 1033 24 312 1 381 20 77 3 612 16 1360 9 1159 3 686 4 284 1 620 4 679 4 460 11 875 1 831 5 1076 7 695 7 621 2 964 5 1499 1 250 7 961 12 467 7 533 20 885
494 25 47 12 727 2 297 5 1163 6 143 15 1026 7 1291 15 741 5 1407 1 1354 1 206 40 218 7 726 1 634 4 1119 2 1363 13 1131 28 1277 40 1011 2 404 8 279 5 973 2 211 6 243 7 264 1 828
495 25 27 4 507 7 1279 12 887 8 113 3 832 3 1100 3 908 2 787 9 441 13 13 6 1101 4 332 1 184 8 195 1 959 6 285 8 77 7 711 6 796 1 1307 4 838 4 773 6 551 4 1418 5 233
496 25 30 1 669 5 730 2 708 1 15 7 132 1 14 4 936 1 120 2 1243 6 628 2 535 1 938 3 21 31 381 1 984 6 268 1 1365 1 1046 21 168 7 1151 2 1165 27 1217 3 699 2 866 16 385
497 25 22 2 1036 6 591 1 1283 14 1419 1 522 1 767 3 463 6 602 1 989 6 1154 6 1231 7 953 1 1316 4 1261 1 151 1 114 8 819 19 840 8 784 1 293 2 536 6 341 3 1384 1 363 4 956
498 25 23 1 591 2 1385 3 896 6 140 5 919 3 1211 6 70 6 650 16 596 2 1353 7 1199 2 145 4 1063 2 1183 2 296 6 377 3 561 2 233 1 149 6 484 8 827 2 663 11 1277 11 1298 1 404
499 25 31 8 48 1 805 4 978 6 734 1 1279 2 551 7 291 17 244 9 950 1 409 2 949 1 798 15 647 2 1327 5 638 12 1494 13 646 3 698 20 1472 4 215 12 192 2 710 3 627 4 1347 4 1102
500 25 27 5 1241 4 92 4 472 11 325 4 893 19 60 1 231 6 197 6 800 7 785 3 1430 6 908 7 175 7 541 2 800 10 278 2 540 13 295 1 767 5 182 1 845 2 503 2 1142 5 1082 3 715
