1 15 5295 0 0 0 0 0 0 1 0 0 1 1 0 1 1 0 0.0
2 15 6293 0 0 0 0 1 0 0 0 0 0 1 0 1 1 1 0.0
3 15 3569 0 1 0 0 0 1 0 1 1 0 1 0 1 0 1 0.0
4 15 4687 1 1 0 1 0 0 0 0 0 0 0 0 0 1 0 0.0
5 15 3506 0 0 0 0 0 0 1 0 0 0 1 1 1 0 0 0.0
6 15 5516 0 1 0 1 0 0 1 0 1 0 0 0 0 1 1 0.0
7 15 3933 0 1 0 0 0 1 0 0 0 0 1 0 0 1 0 0.0
8 15 5341 0 1 0 1 0 1 0 0 1 1 0 0 0 0 1 0.0
9 15 3390 0 0 0 0 1 1 0 1 0 1 0 0 0 0 0 0.0
10 15 5799 1 0 0 0 0 1 1 1 0 1 1 0 0 0 0 0.0
11 15 4952 0 0 1 0 1 0 0 0 0 1 1 0 1 1 0 0.0
12 15 3675 0 0 0 1 0 1 1 0 1 0 0 0 1 0 0 0.0
13 15 5088 0 1 0 0 0 1 1 0 0 1 1 0 0 0 0 0.0
14 15 4666 1 0 1 1 0 0 0 0 0 0 1 1 0 0 0 0.0
15 15 4429 0 1 0 1 0 1 1 0 0 1 0 0 0 0 0 0.0
16 15 3406 0 0 0 0 1 0 1 0 1 0 0 0 1 0 0 0.0
17 15 4107 0 0 0 0 0 0 1 1 0 1 0 0 0 1 0 0.0
18 15 3564 0 1 1 0 0 0 1 0 0 0 0 0 0 0 0 0.0
19 15 2495 1 1 0 0 0 0 0 1 1 1 0 0 0 0 0 0.0
20 15 2697 0 1 0 0 0 0 0 1 0 1 0 0 0 1 1 0.0
21 15 2555 0 0 0 0 0 0 1 0 0 1 0 0 0 0 1 0.0
22 15 3365 0 0 1 1 1 0 1 0 0 0 0 0 0 1 0 0.0
23 15 2552 0 1 1 0 0 0 0 0 1 0 0 0 1 0 0 0.0
24 15 1437 0 0 1 0 1 1 0 1 0 0 0 0 0 0 0 0.0
25 15 5427 0 0 0 0 1 1 1 0 0 1 0 0 0 0 1 0.0
26 15 4629 1 1 1 1 1 0 0 0 0 1 0 0 1 1 0 0.0
27 15 4685 0 1 0 0 0 0 0 0 0 0 1 1 1 0 0 0.0
28 15 3903 0 0 1 0 1 0 1 1 0 0 0 0 0 0 0 0.0
29 15 3904 0 1 0 1 1 1 0 0 1 0 0 0 1 0 0 0.0
30 15 2683 1 0 0 0 0 0 0 1 1 0 1 0 0 0 0 0.0
31 15 5103 0 1 0 0 1 1 0 0 0 1 1 0 0 1 0 0.0
32 15 4904 1 0 0 0 0 1 1 1 1 0 0 0 0 0 0 0.0
33 15 5111 1 1 0 0 0 1 0 0 0 1 0 0 1 0 0 0.0
34 15 3177 0 0 0 1 0 1 0 0 0 1 0 0 0 0 1 0.0
35 15 4064 0 1 0 0 1 0 0 1 0 0 0 0 0 1 1 0.0
36 15 4048 1 0 0 0 1 0 0 1 0 0 1 0 0 0 0 0.0
37 15 3421 0 1 0 0 0 0 0 0 1 0 0 0 1 0 1 0.0
38 15 4987 0 1 0 1 0 1 1 0 0 0 0 0 1 0 0 0.0
39 15 4450 0 0 0 1 0 0 0 0 0 1 0 1 0 1 1 0.0
40 15 5480 1 0 1 1 0 0 0 0 0 1 0 0 0 1 1 0.0
41 15 3539 0 0 0 0 0 0 1 0 0 0 0 0 0 1 1 0.0
42 15 2152 1 0 0 0 1 0 0 0 1 0 1 0 0 0 0 0.0
43 15 4779 0 0 0 1 1 0 0 0 0 0 1 0 0 0 1 0.0
44 15 5440 0 0 0 1 0 0 0 0 0 1 0 1 1 1 0 0.0
45 15 4172 1 0 0 0 0 1 0 1 1 0 0 0 0 0 0 0.0
46 15 3766 0 1 1 0 0 1 0 1 0 0 0 1 0 1 0 0.0
47 15 4607 0 1 1 1 1 0 0 1 1 0 0 0 0 0 0 0.0
48 15 4110 0 0 0 0 0 0 0 0 1 1 1 1 0 1 0 0.0
49 15 4679 0 1 0 0 1 1 0 1 0 0 0 0 1 0 1 0.0
50 15 3365 0 0 0 0 1 1 0 0 0 0 1 0 1 0 0 0.0
51 15 5019 0 0 1 1 0 1 0 0 0 0 0 1 0 1 1 0.0
52 15 3213 0 0 1 0 1 0 0 0 0 0 0 1 0 0 1 0.0
53 15 4407 0 1 0 0 0 1 0 1 1 0 1 0 0 1 1 0.0
54 15 4113 1 0 0 1 0 0 0 0 0 0 0 0 0 1 1 0.0
55 15 2494 0 0 0 0 0 0 0 0 1 1 0 1 0 1 0 0.0
56 15 2813 0 0 0 1 0 1 0 0 1 1 0 0 0 1 0 0.0
57 15 3472 0 1 1 0 0 0 1 0 0 0 0 1 0 1 0 0.0
58 15 5399 1 1 0 0 0 0 1 0 1 1 1 0 0 0 0 0.0
59 15 5294 0 0 1 0 1 1 1 1 0 0 0 0 0 0 0 0.0
60 15 3922 0 1 0 0 1 1 0 0 0 0 0 0 0 0 1 0.0
61 15 5272 0 0 1 0 1 0 1 1 1 1 0 0 0 0 0 0.0
62 15 4511 0 0 0 1 1 0 0 0 1 0 0 0 0 1 1 0.0
63 15 4709 1 0 0 0 1 0 0 0 0 1 1 0 0 0 1 0.0
64 15 4266 0 1 1 1 1 0 0 0 0 1 0 1 0 0 0 0.0
65 15 5868 1 0 1 0 0 1 0 0 1 0 1 0 0 0 1 0.0
66 15 4955 1 1 0 0 0 1 0 0 1 0 1 1 0 0 0 0.0
67 15 4418 0 0 0 0 0 1 1 1 1 0 0 1 0 0 0 0.0
68 15 3208 0 1 0 0 0 0 0 0 0 1 1 0 0 1 0 0.0
69 15 2697 0 1 1 0 0 0 1 0 0 0 0 1 0 0 0 0.0
70 15 2695 0 0 1 1 1 0 1 1 0 0 1 0 0 0 0 0.0
71 15 3788 1 0 0 1 0 1 0 0 1 1 0 0 0 1 1 0.0
72 15 3919 0 0 0 1 0 0 0 0 1 1 0 0 0 1 0 0.0
73 15 6146 1 0 1 1 1 1 1 0 0 0 0 0 0 0 0 0.0
74 15 5224 1 0 1 0 1 0 1 0 1 0 0 0 0 1 0 0.0
75 15 5543 1 0 1 1 1 0 0 1 0 0 0 0 0 0 0 0.0
76 15 5479 0 1 0 0 0 0 1 1 1 0 0 1 1 0 0 0.0
77 15 4293 0 0 0 0 1 1 0 1 0 0 1 1 0 0 0 0.0
78 15 3828 0 0 0 0 0 0 1 1 0 0 1 1 0 1 0 0.0
79 15 4257 1 0 1 1 0 1 0 0 0 0 1 0 0 0 0 0.0
80 15 5488 0 0 1 0 0 1 1 1 0 1 0 0 0 0 1 0.0
81 15 2104 0 0 0 1 1 0 0 0 0 1 0 0 0 0 0 0.0
82 15 2886 0 0 0 0 0 0 0 1 0 1 0 1 0 1 0 0.0
83 15 6193 0 0 1 0 1 0 0 0 1 1 1 0 0 1 0 0.0
84 15 3160 0 0 0 0 0 1 1 0 1 0 0 0 0 0 1 0.0
85 15 5012 0 1 1 0 0 0 1 0 1 0 0 1 0 0 1 0.0
86 15 2527 0 0 1 0 0 0 0 1 1 0 0 0 1 0 1 0.0
87 15 4883 0 0 0 0 1 1 0 1 0 1 0 0 1 0 0 0.0
88 15 2923 1 0 0 1 0 1 0 0 0 1 1 0 0 0 0 0.0
89 15 4403 0 0 0 0 1 0 1 0 1 0 1 0 0 1 0 0.0
90 15 4506 0 0 0 1 1 1 0 0 0 0 0 0 1 1 0 0.0
91 15 3005 1 0 0 1 0 0 0 0 1 0 0 0 0 1 1 0.0
92 15 4027 1 0 0 1 0 0 0 0 0 0 0 0 1 1 0 0.0
93 15 3636 1 1 0 0 0 0 0 0 1 0 0 1 1 0 0 0.0
94 15 5477 0 0 0 0 0 0 0 0 1 0 0 1 1 1 1 0.0
95 15 3102 1 0 0 0 0 0 1 0 0 0 0 1 0 1 0 0.0
96 15 4107 0 0 0 0 0 0 1 0 0 0 1 0 0 1 0 0.0
97 15 3778 0 1 0 0 0 1 1 0 0 1 0 0 0 1 0 0.0
98 15 4792 0 1 0 1 1 0 0 0 0 1 0 0 0 1 0 0.0
99 15 5386 0 0 0 0 1 0 0 1 0 0 1 1 1 0 0 0.0
100 15 3923 0 0 0 1 1 0 1 0 0 0 0 1 0 0 0 0.0
101 15 4055 0 0 1 1 0 0 0 1 0 0 0 1 0 0 1 0.0
102 15 3900 0 1 1 0 0 0 1 1 0 1 0 0 0 0 0 0.0
103 15 5075 0 0 0 0 1 1 0 0 1 0 0 0 0 1 0 0.0
104 15 2493 0 0 0 0 0 0 0 0 0 0 1 0 1 0 1 0.0
105 15 3403 0 0 1 0 1 0 0 1 0 1 0 0 0 0 0 0.0
106 15 6234 0 1 0 0 1 0 1 1 0 0 0 1 0 1 0 0.0
107 15 4894 1 1 0 0 1 0 0 0 0 0 1 0 0 1 0 0.0
108 15 2261 1 1 0 0 0 0 0 0 1 1 0 0 0 0 0 0.0
109 15 5523 0 0 0 0 1 0 0 1 0 0 0 0 1 1 1 0.0
110 15 5476 1 1 1 0 0 0 0 0 1 0 1 0 1 0 1 0.0
111 15 4563 0 0 0 0 0 1 0 0 0 0 0 0 1 1 1 0.0
112 15 4745 0 0 0 0 1 0 0 1 0 1 0 1 0 1 0 0.0
113 15 5519 1 0 0 0 1 1 0 0 1 1 1 0 1 0 1 0.0
114 15 4705 0 0 0 1 0 0 0 0 0 0 1 1 0 1 1 0.0
115 15 4758 1 0 1 0 1 1 0 0 0 0 1 0 0 0 0 0.0
116 15 4395 0 0 0 0 0 0 1 0 1 0 0 1 0 0 1 0.0
117 15 3855 0 0 1 0 1 0 0 0 1 0 0 0 1 0 0 0.0
118 15 6071 1 1 1 0 0 0 0 0 1 1 0 1 1 0 0 0.0
119 15 3190 0 0 0 0 1 0 0 1 0 1 0 0 0 1 0 0.0
120 15 3518 1 0 0 0 1 0 0 0 0 0 0 0 1 0 1 0.0
121 15 3503 0 0 0 0 0 0 1 1 1 0 0 0 0 0 0 0.0
122 15 5761 0 0 0 1 0 0 0 0 1 1 1 1 0 0 0 0.0
123 15 4471 1 0 1 0 0 0 1 0 0 0 1 0 0 0 0 0.0
124 15 5054 1 0 0 0 0 0 1 1 1 1 1 0 0 0 0 0.0
125 15 2044 1 1 1 0 0 0 0 1 0 0 1 0 0 0 0 0.0
126 15 4714 0 0 1 0 0 0 1 0 1 0 0 0 0 1 0 0.0
127 15 3985 0 0 0 1 1 0 0 0 1 0 1 0 1 0 0 0.0
128 15 4590 1 0 1 1 1 0 0 0 1 0 0 0 0 0 0 0.0
129 15 2789 0 0 0 0 0 1 0 1 0 1 0 1 0 0 0 0.0
130 15 3851 0 0 0 1 0 0 0 0 1 0 0 1 1 0 0 0.0
131 15 3994 1 0 1 0 1 0 0 0 0 0 0 1 0 0 0 0.0
132 15 4618 1 0 1 0 0 0 0 0 1 0 0 0 1 0 0 0.0
133 15 3313 0 0 1 0 1 1 0 1 0 0 0 0 0 1 0 0.0
134 15 3513 0 1 1 0 0 0 0 0 0 0 1 1 0 0 0 0.0
135 15 4470 1 1 0 0 0 0 0 0 1 0 0 1 0 0 0 0.0
136 15 3093 0 0 0 0 0 0 0 0 0 0 1 1 0 1 0 0.0
137 15 5878 0 0 1 1 0 1 0 1 1 0 0 0 1 1 0 0.0
138 15 3951 0 1 0 0 0 0 1 0 1 1 0 0 0 0 0 0.0
139 15 3032 0 0 0 1 0 0 0 0 1 0 0 1 0 0 1 0.0
140 15 5900 0 0 1 0 1 1 1 1 0 1 0 1 0 0 0 0.0
141 15 5836 0 0 0 1 1 0 1 1 0 0 0 1 1 0 0 0.0
142 15 5201 0 0 1 0 0 0 1 1 0 0 0 1 0 1 0 0.0
143 15 4740 0 1 0 0 1 0 0 0 0 0 0 1 0 1 1 0.0
144 15 5325 1 1 0 1 0 0 0 0 0 1 0 1 1 0 0 0.0
145 15 4389 1 1 0 1 0 0 0 0 0 0 0 0 1 0 0 0.0
146 15 4871 0 1 1 0 0 1 0 0 0 1 0 0 0 0 0 0.0
147 15 2521 1 1 0 1 0 0 0 0 0 0 0 1 0 0 0 0.0
148 15 3318 0 1 1 0 0 0 1 0 1 0 1 0 0 0 0 0.0
149 15 3428 0 1 0 1 0 0 1 1 0 0 0 0 0 0 0 0.0
150 15 3207 0 0 0 0 0 1 0 1 0 0 0 0 0 1 1 0.0
151 15 3439 0 0 0 0 1 0 1 1 0 0 0 0 0 0 0 0.0
152 15 4788 0 0 0 0 0 0 1 0 0 0 1 1 1 0 1 0.0
153 15 3403 0 0 0 0 1 0 0 0 0 1 0 0 0 1 0 0.0
154 15 6966 1 1 0 1 0 0 1 0 0 0 0 0 0 0 1 0.0
155 15 3546 0 0 0 0 1 0 1 0 0 1 0 1 0 0 0 0.0
156 15 3736 0 1 1 0 1 0 0 0 0 1 0 0 0 0 0 0.0
157 15 5082 1 0 1 0 0 0 1 0 0 1 0 0 1 0 1 0.0
158 15 5027 0 0 1 1 1 0 0 0 0 0 1 0 0 0 1 0.0
159 15 5043 0 1 0 0 1 1 1 0 0 0 0 0 1 0 0 0.0
160 15 4338 0 0 0 1 1 1 0 0 0 0 0 0 0 0 0 0.0
161 15 3960 0 0 1 1 1 0 0 1 0 0 0 0 0 1 0 0.0
162 15 5856 1 0 0 0 1 0 0 0 1 0 1 0 1 1 0 0.0
163 15 3941 0 1 0 0 1 0 1 0 0 0 0 0 0 0 1 0.0
164 15 6789 0 1 0 1 1 0 0 1 0 0 0 1 1 0 0 0.0
165 15 3751 0 0 0 1 0 0 0 0 0 1 1 0 0 0 0 0.0
166 15 3706 0 0 1 0 0 0 0 0 1 1 0 0 1 0 0 0.0
167 15 4991 0 1 0 1 1 0 0 0 0 1 0 0 0 0 1 0.0
168 15 3749 0 0 0 0 0 0 0 0 0 1 0 1 1 1 1 0.0
169 15 2371 0 0 0 0 1 0 0 1 1 0 0 0 0 0 0 0.0
170 15 4034 0 0 1 1 0 1 0 0 0 1 0 0 0 0 0 0.0
171 15 6492 0 1 0 1 0 1 1 1 1 0 0 1 0 0 0 0.0
172 15 2888 0 0 0 1 0 1 0 0 0 1 1 0 0 1 0 0.0
173 15 3830 1 0 0 0 0 0 0 0 0 0 1 1 0 0 0 0.0
174 15 3495 0 1 0 1 0 0 0 0 0 1 0 0 1 0 0 0.0
175 15 5323 0 0 0 0 1 1 0 0 0 0 1 1 1 0 0 0.0
176 15 2940 0 0 1 0 1 0 1 0 0 0 0 1 0 0 0 0.0
177 15 6057 1 1 0 1 0 0 0 0 0 1 0 0 0 0 1 0.0
178 15 2668 0 1 0 0 1 0 0 0 0 0 0 0 1 0 1 0.0
179 15 5665 0 0 1 0 0 0 1 0 1 1 0 1 1 1 0 0.0
180 15 4058 0 0 0 1 1 0 1 0 0 1 0 0 0 0 0 0.0
181 15 4775 0 0 1 0 0 0 0 1 0 0 1 0 1 0 0 0.0
182 15 5166 1 0 0 1 1 0 1 0 0 0 0 0 1 0 1 0.0
183 15 2651 0 1 0 0 0 0 1 0 0 0 0 1 0 1 1 0.0
184 15 5591 0 0 1 0 1 1 1 0 0 0 1 0 0 0 0 0.0
185 15 4601 1 0 0 0 0 1 0 1 0 0 0 1 0 1 0 0.0
186 15 6311 0 1 0 0 0 1 0 0 0 1 1 1 0 0 1 0.0
187 15 4017 0 0 0 1 0 1 0 0 0 0 0 0 0 1 1 0.0
188 15 3196 0 1 0 0 0 0 0 0 0 0 1 0 0 1 0 0.0
189 15 3551 1 0 1 0 0 0 1 0 1 0 1 0 0 0 0 0.0
190 15 4729 0 0 1 0 0 1 1 0 0 0 0 1 1 0 1 0.0
191 15 4292 0 1 0 0 0 0 1 0 0 1 0 1 0 0 0 0.0
192 15 3467 1 1 0 0 0 0 0 0 1 1 0 0 0 0 1 0.0
193 15 2968 1 0 1 0 0 0 0 0 1 0 0 0 0 0 1 0.0
194 15 4037 0 0 1 1 0 1 0 0 0 0 0 1 0 0 0 0.0
195 15 4570 1 0 0 0 1 1 0 1 0 0 0 0 0 1 0 0.0
196 15 3743 0 0 0 1 0 1 0 0 0 0 1 1 0 1 0 0.0
197 15 4945 1 0 1 0 1 0 0 0 0 1 0 0 0 0 1 0.0
198 15 4017 1 0 0 1 0 0 0 0 0 0 1 0 1 0 1 0.0
199 15 5770 0 0 0 1 0 0 0 0 0 1 1 1 0 1 0 0.0
200 15 3855 1 0 1 0 0 0 0 1 0 0 0 0 0 0 0 0.0
201 15 5640 0 0 1 0 0 1 1 0 1 0 0 0 0 1 1 0.0
202 15 6505 1 1 0 1 0 1 0 0 0 1 1 1 1 0 0 0.0
203 15 4544 0 1 0 0 1 0 0 0 0 0 0 0 1 0 1 0.0
204 15 1655 0 0 0 0 1 0 0 1 0 0 1 1 0 0 0 0.0
205 15 3809 0 0 0 1 0 0 0 0 1 0 0 0 1 0 1 0.0
206 15 4647 0 0 0 0 0 1 0 0 0 1 0 0 1 1 0 0.0
207 15 5998 0 0 0 0 1 0 1 0 1 1 1 0 0 1 0 0.0
208 15 3617 0 1 0 1 0 0 0 1 0 0 1 1 0 0 0 0.0
209 15 5208 1 0 0 0 1 0 1 0 0 0 0 1 0 0 1 0.0
210 15 3521 1 1 1 0 1 0 0 0 0 0 0 0 0 0 1 0.0
211 15 4858 0 0 1 0 0 0 0 0 0 0 1 1 1 0 1 0.0
212 15 6319 1 0 0 0 0 1 0 1 1 1 0 0 0 0 1 0.0
213 15 5572 0 1 0 0 1 1 0 0 0 1 1 0 0 0 1 0.0
214 15 3681 0 1 1 0 0 0 0 0 0 0 1 0 1 0 0 0.0
215 15 4834 0 0 0 1 0 1 0 0 1 0 1 0 0 1 1 0.0
216 15 3369 0 0 0 1 1 0 0 0 1 0 0 1 0 0 0 0.0
217 15 4070 0 0 0 1 0 0 0 0 0 0 1 1 1 1 0 0.0
218 15 4976 0 0 1 0 0 0 1 0 0 0 0 1 0 0 1 0.0
219 15 3940 0 1 0 1 0 0 0 0 0 1 1 1 0 0 0 0.0
220 15 4862 1 0 0 1 1 0 0 1 0 0 0 0 1 0 0 0.0
221 15 7954 0 1 1 1 0 1 0 0 1 0 1 1 1 0 0 0.0
222 15 3252 1 0 0 1 1 1 0 0 0 0 0 0 0 0 0 0.0
223 15 4421 0 0 0 1 1 0 0 0 0 0 0 1 1 0 1 0.0
224 15 3026 1 0 1 0 0 1 0 1 0 0 0 0 0 0 0 0.0
225 15 3515 0 0 0 1 1 1 0 0 0 0 0 0 0 0 0 0.0
226 15 4350 1 0 0 1 0 0 0 0 1 0 0 0 0 1 1 0.0
227 15 3515 1 0 1 0 0 1 1 0 0 0 1 0 0 0 0 0.0
228 15 5222 1 1 0 1 1 0 0 0 1 0 0 0 0 1 0 0.0
229 15 2842 0 0 1 0 0 1 1 1 0 0 0 0 0 0 0 0.0
230 15 4702 0 0 1 0 1 0 0 0 0 0 0 0 1 0 1 0.0
231 15 3669 0 0 1 0 0 0 0 0 0 1 0 0 0 1 0 0.0
232 15 3604 1 0 1 0 0 0 1 1 0 0 0 0 0 0 1 0.0
233 15 4797 0 0 0 1 1 0 0 0 0 0 1 1 0 1 0 0.0
234 15 3704 0 1 1 0 0 0 0 0 0 0 1 0 0 1 0 0.0
235 15 2091 0 0 1 0 0 0 1 0 0 0 1 0 0 0 1 0.0
236 15 2948 0 1 0 0 0 1 0 0 1 0 0 1 0 1 1 0.0
237 15 3444 0 0 1 0 0 0 0 1 0 0 1 0 1 1 0 0.0
238 15 5457 0 1 0 0 0 1 1 0 0 1 0 1 0 1 0 0.0
239 15 2540 1 0 0 1 0 1 0 0 0 0 0 0 0 0 0 0.0
240 15 4885 1 0 0 0 0 1 0 0 1 0 0 1 0 1 1 0.0
241 15 7257 0 0 0 0 1 0 1 1 0 0 1 0 1 1 0 0.0
242 15 3941 0 0 0 0 0 0 1 0 0 1 1 1 1 0 0 0.0
243 15 4137 0 0 1 0 0 0 0 0 1 1 0 0 0 0 1 0.0
244 15 4280 1 1 0 0 0 1 0 1 1 0 1 0 0 0 0 0.0
245 15 3766 1 1 0 0 1 0 0 0 1 0 1 0 0 0 0 0.0
246 15 5470 1 0 0 0 0 1 0 0 0 0 1 1 0 1 1 0.0
247 15 3685 1 0 0 0 0 0 0 1 1 0 1 0 0 0 0 0.0
248 15 4051 0 1 1 0 0 0 0 0 0 0 0 0 0 0 1 0.0
249 15 4904 0 0 0 1 0 0 0 0 1 0 1 0 0 1 1 0.0
250 15 4283 0 0 0 0 0 0 0 0 0 1 1 1 0 0 1 0.0
251 15 6130 1 1 0 0 0 1 0 0 0 0 0 0 1 0 1 0.0
252 15 4739 0 0 0 0 0 0 1 1 0 0 1 1 0 0 0 0.0
253 15 4277 0 0 1 0 0 0 1 0 1 0 0 1 1 0 0 0.0
254 15 3402 0 0 0 0 0 1 1 0 0 0 0 1 1 0 0 0.0
255 15 3403 0 1 0 0 0 1 0 0 0 0 1 0 0 0 1 0.0
256 15 5085 0 0 1 1 1 0 1 0 0 1 0 1 0 0 0 0.0
257 15 5651 0 1 1 0 1 0 1 0 0 0 0 1 0 1 1 0.0
258 15 2574 0 0 1 0 0 0 0 0 0 0 1 0 0 0 0 0.0
259 15 3499 0 0 1 0 1 0 0 0 0 0 0 0 1 0 0 0.0
260 15 4851 0 1 0 0 1 0 1 0 0 0 0 0 1 0 1 0.0
261 15 4585 1 1 0 0 0 0 1 1 1 0 0 0 0 0 0 0.0
262 15 4893 1 0 0 1 1 0 1 0 0 0 0 1 0 0 0 0.0
263 15 4804 0 1 0 0 0 0 0 1 0 1 0 0 0 1 0 0.0
264 15 5999 0 0 0 0 1 1 1 0 0 1 0 1 1 0 0 0.0
265 15 4051 0 0 1 0 0 0 0 0 1 0 0 0 0 1 1 0.0
266 15 4346 0 1 1 0 0 0 0 1 0 0 0 0 1 1 0 0.0
267 15 4746 0 0 0 0 0 0 0 1 0 0 0 1 1 0 1 0.0
268 15 5793 1 0 1 1 0 1 0 0 0 0 0 1 0 1 0 0.0
269 15 3978 0 0 0 1 0 0 0 1 0 1 1 0 0 0 0 0.0
270 15 4180 1 0 0 0 0 0 0 1 0 0 0 1 1 0 0 0.0
271 15 4881 0 0 1 1 1 0 1 0 0 0 0 1 0 0 1 0.0
272 15 3440 0 1 0 1 1 0 0 0 0 0 1 0 0 0 0 0.0
273 15 3206 1 0 0 1 0 0 0 0 0 0 0 1 0 0 1 0.0
274 15 3420 1 1 0 1 0 0 0 0 0 0 0 0 0 1 0 0.0
275 15 3232 1 0 0 0 0 0 1 0 0 0 1 0 0 0 1 0.0
276 15 2766 0 0 0 1 0 0 0 0 1 0 1 1 0 0 0 0.0
277 15 4650 0 0 1 1 1 0 0 1 0 0 0 0 0 0 1 0.0
278 15 4071 1 0 0 0 0 1 1 0 1 1 1 0 0 0 0 0.0
279 15 3356 0 1 0 0 0 0 0 1 0 0 1 0 1 0 0 0.0
280 15 2977 0 0 0 0 0 1 0 1 0 1 1 0 0 0 0 0.0
281 15 3423 0 0 0 0 0 1 0 0 1 0 0 1 1 1 1 0.0
282 15 5967 0 0 1 0 1 1 0 0 0 1 0 1 0 0 0 0.0
283 15 5905 0 0 1 0 0 0 1 1 0 0 0 0 1 1 0 0.0
284 15 3145 1 1 0 0 0 0 1 0 0 0 0 1 0 1 0 0.0
285 15 3302 0 0 0 1 1 0 0 0 0 1 0 0 0 0 0 0.0
286 15 4442 0 0 1 0 0 0 0 1 1 0 0 1 0 0 0 0.0
287 15 3307 0 0 0 1 0 1 1 0 0 0 0 0 0 0 1 0.0
288 15 3667 0 0 0 0 0 1 0 0 0 1 1 0 0 0 1 0.0
289 15 3237 0 0 0 0 0 1 0 1 0 1 0 0 0 0 0 0.0
290 15 4987 0 0 0 0 0 1 1 0 1 0 0 0 1 0 1 0.0
291 15 4516 0 1 0 1 0 0 1 0 1 0 0 0 0 0 1 0.0
292 15 5727 1 1 1 0 0 0 0 0 1 0 0 1 0 0 1 0.0
293 15 4686 0 0 0 0 1 1 0 0 0 1 1 0 1 0 0 0.0
294 15 5568 1 0 0 0 1 0 0 0 0 0 0 1 1 0 1 0.0
295 15 4884 0 1 0 0 1 1 1 1 0 0 0 0 0 1 0 0.0
296 15 3631 1 0 1 0 0 0 1 0 0 0 0 0 0 1 0 0.0
297 15 3371 1 0 0 1 1 0 0 1 0 0 1 0 0 0 0 0.0
298 15 3246 0 1 1 0 0 0 1 0 0 0 1 0 0 0 0 0.0
299 15 4165 0 0 1 0 0 0 0 1 0 0 0 0 0 1 0 0.0
300 15 3929 1 1 0 0 0 0 1 0 0 0 0 1 0 0 0 0.0
301 15 5473 0 1 1 1 0 0 1 0 0 1 0 0 0 1 0 0.0
302 15 5501 0 1 1 0 0 1 1 0 0 0 0 1 0 0 1 0.0
303 15 3869 0 1 0 0 0 0 1 1 0 0 0 0 1 0 0 0.0
304 15 4934 1 0 0 1 0 0 0 0 1 0 0 0 1 1 0 0.0
305 15 4750 0 0 1 1 0 0 0 1 0 0 0 1 0 0 1 0.0
306 15 4595 0 1 0 1 0 1 0 1 0 0 1 0 1 0 0 0.0
307 15 5499 0 0 0 1 0 0 0 0 1 0 0 0 1 1 1 0.0
308 15 5897 0 0 0 0 1 1 1 1 0 0 1 0 0 0 0 0.0
309 15 3849 0 1 0 1 0 0 0 0 0 1 0 1 0 1 0 0.0
310 15 7296 0 1 0 0 0 1 0 1 1 0 1 0 0 1 1 0.0
311 15 5220 1 0 1 1 0 0 1 0 0 0 0 0 0 0 0 0.0
312 15 4123 1 0 1 0 0 0 0 0 0 0 0 0 0 1 1 0.0
313 15 3930 1 0 0 0 0 0 1 0 0 0 0 0 0 1 1 0.0
314 15 2576 1 0 0 1 0 0 0 0 0 0 0 0 0 1 1 0.0
315 15 4204 1 0 0 1 0 1 0 0 0 0 0 1 0 0 1 0.0
316 15 3862 0 0 1 0 0 1 0 0 0 1 1 0 0 1 0 0.0
317 15 3896 1 0 0 0 0 0 1 1 0 0 0 1 1 1 0 0.0
318 15 3335 0 0 0 1 0 0 0 1 0 0 1 0 1 0 0 0.0
319 15 5698 1 0 0 1 0 0 0 1 1 0 1 0 0 0 0 0.0
320 15 3386 1 0 1 0 0 1 0 0 1 0 0 0 0 0 1 0.0
321 15 3879 1 0 0 0 1 1 0 1 0 0 1 0 0 0 0 0.0
322 15 3435 1 0 0 0 0 1 0 0 1 1 1 0 0 0 0 0.0
323 15 4273 0 1 0 0 0 1 0 0 0 0 0 1 0 0 1 0.0
324 15 4480 0 0 1 0 0 0 0 1 1 1 0 0 0 1 0 0.0
325 15 3781 0 0 0 0 1 0 0 1 0 1 0 1 0 1 1 0.0
326 15 3920 1 0 0 0 0 0 0 0 1 0 1 0 0 0 1 0.0
327 15 5797 0 1 1 0 0 0 1 1 0 1 0 0 1 0 1 0.0
328 15 4148 0 1 0 1 0 1 0 0 0 1 0 0 0 0 0 0.0
329 15 3578 1 0 0 0 0 0 0 1 0 0 0 0 0 1 0 0.0
330 15 3712 0 1 0 1 0 0 0 1 0 1 0 1 1 0 0 0.0
331 15 4709 0 0 0 1 1 0 0 0 0 0 0 1 0 1 1 0.0
332 15 5534 1 1 0 0 0 0 0 1 1 0 0 0 1 0 0 0.0
333 15 4497 0 1 0 0 0 0 1 1 0 0 1 0 0 0 0 0.0
334 15 3953 0 1 0 0 0 1 0 0 0 1 0 0 1 1 0 0.0
335 15 6941 1 1 1 0 0 0 0 0 0 1 1 0 1 0 0 0.0
336 15 4187 0 0 1 0 1 0 1 0 0 1 0 1 0 0 0 0.0
337 15 2998 0 1 1 0 0 0 0 0 0 0 1 0 1 0 1 0.0
338 15 5953 0 0 0 0 0 0 1 1 1 1 0 1 0 0 0 0.0
339 15 3726 1 1 0 0 0 0 0 0 0 0 0 1 0 1 1 0.0
340 15 4555 1 1 1 0 0 0 0 0 0 0 0 1 1 1 0 0.0
341 15 4167 0 1 0 0 0 1 0 0 1 0 0 1 1 0 0 0.0
342 15 2843 1 0 1 1 0 0 0 0 1 0 1 0 1 0 0 0.0
343 15 5615 1 0 0 1 1 0 0 0 0 0 0 1 1 0 0 0.0
344 15 4309 0 0 0 0 1 0 1 0 1 0 0 0 1 1 1 0.0
345 15 4973 1 0 0 1 1 0 0 1 0 0 0 1 0 0 0 0.0
346 15 5424 1 0 0 1 0 1 1 0 1 0 0 0 0 0 0 0.0
347 15 5775 0 0 0 0 0 0 0 1 1 1 1 0 1 0 1 0.0
348 15 2168 0 0 1 0 0 1 0 0 0 0 1 1 1 0 0 0.0
349 15 4850 0 0 1 1 0 1 0 0 0 0 1 0 0 0 1 0.0
350 15 6538 0 0 0 0 1 1 1 0 0 1 0 1 1 0 1 0.0
351 15 4759 1 1 1 0 0 0 0 0 1 0 1 0 0 0 0 0.0
352 15 4302 0 0 1 0 1 1 0 0 1 0 0 0 0 0 1 0.0
353 15 3648 0 1 0 0 1 0 1 1 0 0 0 0 0 0 1 0.0
354 15 3464 0 0 1 0 0 0 0 0 0 0 1 0 0 1 0 0.0
355 15 3786 1 1 1 0 0 0 0 0 0 0 0 1 0 0 0 0.0
356 15 3483 0 0 1 0 1 1 0 1 0 0 0 1 0 0 0 0.0
357 15 5298 0 0 0 0 0 0 1 0 0 0 1 0 1 0 1 0.0
358 15 5221 0 0 0 0 0 1 1 1 1 1 1 1 0 0 0 0.0
359 15 3175 0 0 0 1 0 1 0 0 0 0 0 0 0 0 1 0.0
360 15 6502 0 0 1 1 0 1 1 1 1 0 0 0 0 0 1 0.0
361 15 3635 1 0 1 0 1 1 0 0 0 0 0 0 0 0 0 0.0
362 15 3543 1 1 0 0 0 0 0 0 0 0 0 0 1 0 1 0.0
363 15 3889 0 0 0 0 0 1 0 0 1 1 0 0 1 0 1 0.0
364 15 5525 1 0 1 1 0 0 0 0 1 0 1 0 0 0 0 0.0
365 15 4443 0 0 0 0 0 1 1 1 0 0 1 0 0 1 1 0.0
366 15 4133 0 1 0 0 0 0 1 1 1 0 1 0 1 1 1 0.0
367 15 3620 1 0 1 0 1 0 0 0 0 0 0 0 1 0 0 0.0
368 15 3941 0 0 0 0 0 0 1 0 1 0 0 0 0 0 1 0.0
369 15 2637 0 1 1 0 0 0 0 0 0 0 1 1 0 0 0 0.0
370 15 3734 0 0 0 0 0 0 0 0 0 0 1 1 0 0 1 0.0
371 15 3040 0 1 0 0 0 1 1 0 0 0 1 0 0 0 0 0.0
372 15 4082 1 1 1 0 0 0 0 0 1 0 0 0 0 1 0 0.0
373 15 3806 0 1 0 0 0 0 0 1 1 0 0 0 0 0 1 0.0
374 15 3212 0 0 0 1 0 0 0 1 1 1 0 0 0 1 0 0.0
375 15 2947 1 0 0 0 1 0 1 0 0 0 0 0 0 0 0 0.0
376 15 4356 1 0 1 0 0 0 1 1 0 0 0 1 0 0 0 0.0
377 15 2856 1 0 0 0 0 1 0 0 1 1 1 0 0 0 1 0.0
378 15 5851 1 0 0 0 0 0 0 1 1 0 0 1 1 0 0 0.0
379 15 3722 0 0 0 1 1 0 0 0 0 0 1 1 0 0 0 0.0
380 15 5737 0 1 1 0 0 0 0 1 1 1 0 1 0 0 0 0.0
381 15 3893 0 0 0 1 0 0 0 0 0 0 1 0 0 1 0 0.0
382 15 2888 0 0 0 0 1 0 1 0 0 1 0 0 0 0 0 0.0
383 15 4794 0 0 0 0 1 1 1 1 0 0 0 1 0 0 0 0.0
384 15 3697 1 1 1 1 1 0 0 0 0 0 0 0 0 0 1 0.0
385 15 4139 0 1 0 0 0 0 0 1 1 0 0 1 1 1 0 0.0
386 15 4169 0 0 0 1 0 1 0 1 1 0 0 0 0 0 0 0.0
387 15 3611 0 0 1 1 0 0 0 0 0 1 0 0 0 0 1 0.0
388 15 4783 1 0 1 0 0 1 0 0 0 0 1 0 1 1 0 0.0
389 15 4244 1 0 1 0 0 0 0 0 0 0 0 0 0 1 1 0.0
390 15 4462 0 1 0 0 0 0 0 1 0 1 0 0 1 1 0 0.0
391 15 4007 1 0 0 0 0 1 0 1 0 0 0 0 1 0 0 0.0
392 15 4001 0 0 0 0 0 0 0 1 1 0 0 0 1 0 0 0.0
393 15 5229 1 0 1 0 0 0 1 1 0 0 0 0 0 0 1 0.0
394 15 4557 0 0 0 0 0 1 0 0 1 1 1 0 0 0 1 0.0
395 15 5824 0 1 0 0 0 0 0 0 0 1 0 1 1 1 1 0.0
396 15 4826 1 0 1 1 1 0 0 1 0 0 0 0 0 0 0 0.0
397 15 5300 0 0 0 0 1 0 1 0 0 0 1 0 0 1 1 0.0
398 15 3192 0 0 1 0 1 0 1 0 0 1 0 0 0 0 1 0.0
399 15 2883 0 1 0 1 0 0 0 0 0 0 0 0 1 1 0 0.0
400 15 5265 1 1 0 1 0 0 1 0 0 1 0 0 1 0 0 0.0
401 15 3897 1 0 0 0 0 0 1 0 0 0 1 0 0 0 1 0.0
402 15 3746 0 0 1 0 1 0 1 0 0 0 1 0 0 0 0 0.0
403 15 3791 0 1 0 0 0 0 0 0 1 0 0 1 0 0 0 0.0
404 15 5421 0 1 0 1 0 0 0 0 1 0 0 1 0 0 1 0.0
405 15 4779 1 0 0 0 0 0 0 1 0 0 0 0 1 1 1 0.0
406 15 7593 1 1 0 1 0 0 1 0 0 0 1 1 0 1 0 0.0
407 15 4625 0 0 1 0 0 1 0 0 1 1 0 1 0 0 0 0.0
408 15 3855 1 0 0 1 0 1 0 0 0 0 0 0 0 0 0 0.0
409 15 3646 0 0 0 1 0 0 1 0 1 0 0 1 1 0 0 0.0
410 15 3676 0 1 1 1 1 0 0 0 1 0 0 0 1 0 0 0.0
411 15 5998 0 1 0 0 1 1 1 0 0 1 0 1 1 0 0 0.0
412 15 6043 0 1 1 1 0 0 0 1 0 0 1 1 0 0 0 0.0
413 15 6036 1 1 1 0 0 1 0 0 0 0 0 1 0 1 0 0.0
414 15 2849 0 0 1 0 0 0 0 1 0 0 0 0 0 1 0 0.0
415 15 3842 0 1 0 1 1 0 0 0 1 1 0 0 1 1 0 0.0
416 15 3812 0 0 1 0 1 0 1 0 0 0 0 0 1 1 0 0.0
417 15 4381 0 0 1 0 1 0 1 0 0 1 1 0 0 0 0 0.0
418 15 4850 1 1 0 1 0 0 1 0 0 0 0 0 0 1 0 0.0
419 15 5118 0 1 0 1 1 0 0 0 1 1 0 0 1 0 0 0.0
420 15 5106 1 0 0 1 0 0 0 1 0 1 0 1 0 0 0 0.0
421 15 3866 0 0 0 0 0 1 0 0 0 0 0 1 1 0 1 0.0
422 15 2374 1 1 0 0 0 1 0 1 0 0 0 1 0 0 0 0.0
423 15 5760 1 1 1 1 0 0 0 0 0 0 0 1 0 0 1 0.0
424 15 2763 0 1 0 0 0 1 1 0 0 0 0 0 0 1 0 0.0
425 15 5197 0 1 0 1 0 0 0 0 0 1 0 1 0 1 0 0.0
426 15 5653 0 0 1 0 1 0 0 0 0 0 0 0 1 1 1 0.0
427 15 3763 0 0 1 1 0 0 1 0 1 1 0 0 0 0 0 0.0
428 15 2555 0 1 0 0 0 0 0 0 0 0 0 1 1 1 0 0.0
429 15 3984 1 0 0 1 0 1 0 0 0 1 1 0 1 1 0 0.0
430 15 5166 0 1 1 0 0 0 0 0 1 0 0 0 1 1 0 0.0
431 15 7059 1 1 0 0 0 0 1 1 0 1 1 1 0 0 0 0.0
432 15 5236 0 1 0 1 1 0 0 0 0 0 1 1 0 1 0 0.0
433 15 3874 0 0 0 1 1 0 0 0 0 1 1 0 0 1 0 0.0
434 15 3248 1 1 1 0 0 1 0 0 0 1 0 0 0 0 0 0.0
435 15 4565 1 0 0 1 0 0 0 1 0 1 1 0 0 0 0 0.0
436 15 5347 0 0 1 0 0 0 0 0 0 1 1 0 0 1 0 0.0
437 15 3965 0 1 0 0 0 1 0 0 1 1 0 1 0 0 0 0.0
438 15 2724 1 0 0 1 0 1 0 0 0 1 0 1 0 0 0 0.0
439 15 4376 0 0 1 0 0 0 1 0 0 0 1 1 1 0 1 0.0
440 15 5465 1 0 0 0 0 1 0 0 0 1 0 1 0 1 1 0.0
441 15 5476 1 0 0 1 0 0 0 1 0 0 0 1 0 1 1 0.0
442 15 3924 1 0 0 0 1 0 0 1 0 1 0 0 0 0 0 0.0
443 15 4289 1 0 0 0 1 0 1 0 1 0 0 0 0 0 0 0.0
444 15 3284 1 0 1 0 0 0 0 1 0 0 1 0 1 0 1 0.0
445 15 3151 0 1 0 1 0 0 1 0 0 0 1 0 0 1 0 0.0
446 15 4651 1 1 0 0 0 1 1 0 1 1 1 0 1 0 0 0.0
447 15 5361 1 0 0 1 1 1 1 1 0 0 0 0 0 0 0 0.0
448 15 5330 1 0 0 0 0 0 0 0 0 0 1 1 0 1 1 0.0
449 15 3591 0 0 0 1 0 1 0 1 1 0 0 0 0 0 1 0.0
450 15 4201 0 1 1 0 0 0 0 1 0 0 0 0 1 0 0 0.0
451 15 5234 0 0 0 0 1 1 0 1 0 0 0 0 1 1 0 0.0
452 15 2991 1 0 0 0 1 0 0 0 1 1 0 0 0 0 0 0.0
453 15 4662 1 0 0 1 1 1 0 0 0 0 0 1 0 0 0 0.0
454 15 2918 0 1 0 0 0 1 0 1 1 0 0 0 1 0 0 0.0
455 15 3961 0 0 1 1 1 0 1 0 0 1 0 0 0 0 0 0.0
456 15 6111 0 1 1 0 1 0 0 1 0 0 0 1 0 1 1 0.0
457 15 4771 0 0 1 0 1 0 0 0 0 0 0 0 1 1 1 0.0
458 15 4009 0 1 1 0 0 0 0 0 0 0 1 0 1 0 0 0.0
459 15 4415 0 0 0 1 1 1 0 0 1 0 0 0 1 0 0 0.0
460 15 3605 0 0 0 0 0 1 0 0 0 0 0 1 1 0 0 0.0
461 15 4027 1 1 0 0 0 0 0 1 1 1 0 0 0 1 0 0.0
462 15 5339 1 1 1 1 0 1 1 0 0 0 0 0 0 0 0 0.0
463 15 5540 0 1 0 1 0 0 0 0 0 1 1 0 0 0 1 0.0
464 15 5289 0 0 0 0 1 1 1 0 1 0 0 0 1 0 0 0.0
465 15 3302 1 0 0 0 1 0 0 0 1 0 0 0 1 0 0 0.0
466 15 5254 0 0 1 0 0 0 0 0 0 1 1 0 0 1 1 0.0
467 15 4503 1 0 1 0 1 0 0 0 0 0 1 0 1 0 0 0.0
468 15 4398 1 1 1 0 0 0 1 0 1 0 0 0 0 0 0 0.0
469 15 2237 1 1 0 0 0 0 0 0 1 0 0 0 0 0 0 0.0
470 15 3628 0 0 1 0 0 0 0 1 0 1 0 0 0 1 0 0.0
471 15 3625 0 1 0 1 0 0 1 0 0 0 0 0 1 0 0 0.0
472 15 4974 1 0 0 1 0 0 0 0 1 1 0 0 1 0 0 0.0
473 15 4600 0 0 0 1 0 1 0 0 1 1 1 0 0 0 0 0.0
474 15 4618 1 1 1 0 0 0 0 0 0 0 1 0 1 0 0 0.0
475 15 2727 1 1 1 0 0 0 0 0 0 0 1 1 0 0 0 0.0
476 15 3753 0 0 0 0 0 0 0 0 0 0 1 1 0 1 1 0.0
477 15 1841 0 0 0 0 0 0 1 0 0 0 0 0 1 1 0 0.0
478 15 5785 1 0 0 0 0 1 1 1 1 0 0 1 0 0 0 0.0
479 15 4383 0 0 0 0 1 0 1 0 0 1 1 0 0 0 0 0.0
480 15 4039 1 1 0 0 1 0 0 0 0 1 0 0 1 0 0 0.0
481 15 4486 0 1 1 0 0 0 0 1 0 0 0 0 0 1 0 0.0
482 15 3912 1 0 0 0 0 1 0 0 0 0 0 0 1 0 1 0.0
483 15 5127 1 0 0 1 0 0 0 1 0 1 1 1 0 0 0 0.0
484 15 2946 0 0 0 0 1 0 0 0 1 0 0 1 0 0 1 0.0
485 15 4122 0 1 1 0 0 0 0 1 0 0 0 1 0 0 1 0.0
486 15 3911 0 0 0 0 0 1 1 0 1 1 1 0 0 1 0 0.0
487 15 5133 0 0 1 0 0 0 1 1 0 0 0 0 1 1 0 0.0
488 15 3403 0 0 1 0 1 0 0 1 1 0 0 1 0 0 0 0.0
489 15 6197 1 0 0 1 0 1 1 0 0 0 0 0 1 0 0 0.0
490 15 2953 0 0 0 1 0 1 0 0 0 0 0 1 1 0 0 0.0
491 15 4525 0 1 1 0 1 0 1 0 0 0 0 0 0 1 0 0.0
492 15 5538 0 0 0 1 0 1 1 0 0 1 1 0 0 0 1 0.0
493 15 4676 1 0 0 1 1 0 1 0 0 1 0 0 0 0 0 0.0
494 15 5994 1 0 0 1 0 1 0 0 1 0 1 1 0 0 1 0.0
495 15 6167 0 1 0 0 1 0 0 0 0 0 1 0 1 0 1 0.0
496 15 3787 0 1 0 0 0 1 0 0 0 1 0 1 1 0 0 0.0
497 15 6478 0 0 1 1 1 0 0 0 1 1 0 1 0 0 0 0.0
498 15 4220 0 0 1 1 0 0 0 0 0 0 0 0 1 1 1 0.0
499 15 4264 1 0 0 0 0 0 0 1 0 1 1 0 0 0 0 0.0
500 15 3239 0 0 0 1 1 1 0 0 0 0 0 0 0 0 0 0.0
