1 20 6988 0 0 0 0 0 1 1 0 0 1 1 0 1 1 0 0 0 0 1 0 0.0
2 20 7307 0 0 0 0 0 1 0 1 1 0 1 0 1 0 0 0 1 0 1 0 0.0
3 20 5987 0 0 1 0 1 0 0 1 0 1 0 0 0 1 0 0 0 0 0 1 0.0
4 20 5790 0 0 0 0 0 0 0 0 0 1 0 1 0 1 1 1 0 0 1 0 0.0
5 20 6321 0 1 0 0 1 0 1 0 0 0 1 1 1 1 0 0 0 1 0 0 0.0
6 20 7096 0 1 1 0 1 0 1 0 1 0 1 0 0 0 0 1 1 0 0 0 0.0
7 20 5000 1 0 0 0 0 0 1 1 1 1 0 1 0 0 0 0 0 0 0 0 0.0
8 20 7965 0 1 0 0 1 1 1 0 1 1 0 0 0 0 1 0 0 1 0 0 0.0
9 20 6773 0 1 1 0 1 1 1 0 0 0 0 1 1 0 1 0 0 0 1 0 0.0
10 20 6328 0 0 1 0 0 0 1 1 1 0 1 1 0 0 0 0 0 1 0 0 0.0
11 20 7413 1 0 0 0 0 0 1 1 0 0 0 1 0 1 0 1 1 0 0 1 0.0
12 20 4361 1 0 0 0 0 0 0 0 0 1 0 1 1 1 0 0 0 1 0 0 0.0
13 20 5985 0 0 0 0 0 0 1 1 0 0 0 0 0 1 0 1 1 0 0 0 0.0
14 20 3942 0 0 1 0 1 0 1 1 0 1 0 0 0 0 0 0 1 0 1 0 0.0
15 20 3159 1 0 0 0 0 1 0 0 0 0 0 1 0 1 0 0 0 1 1 0 0.0
16 20 4623 0 0 0 1 0 0 1 0 0 0 0 0 0 0 0 1 1 1 0 1 0.0
17 20 3444 1 0 0 0 0 0 0 1 0 1 1 0 0 0 0 0 1 0 1 0 0.0
18 20 2447 1 1 0 0 0 0 0 0 0 1 0 0 1 0 0 0 0 0 0 0 0.0
19 20 6430 0 0 0 0 1 1 1 0 0 1 0 0 0 0 1 0 1 0 1 0 0.0
20 20 6674 0 0 0 0 0 0 0 1 1 0 1 0 0 0 1 0 0 1 0 1 0.0
21 20 6449 1 0 0 0 0 0 1 1 1 0 1 1 0 0 0 0 0 0 0 0 0.0
22 20 4490 0 0 1 1 1 0 0 1 0 0 0 1 0 0 1 0 0 0 0 0 0.0
23 20 7300 0 0 0 1 1 0 1 0 0 0 0 0 0 1 0 0 1 1 1 0 0.0
24 20 4763 0 0 1 1 0 0 1 0 0 0 0 0 1 1 1 1 0 0 0 0 0.0
25 20 5689 0 0 1 1 0 0 0 1 0 0 0 1 0 0 1 0 0 0 0 1 0.0
26 20 5818 1 0 0 0 1 0 0 0 0 0 1 0 0 1 1 0 1 0 0 0 0.0
27 20 5242 0 0 1 0 1 0 0 0 1 0 0 1 0 0 1 0 0 0 0 0 0.0
28 20 8426 1 0 0 0 0 0 0 1 0 0 0 1 0 1 0 1 1 1 1 1 0.0
29 20 5843 0 1 1 1 0 1 0 0 1 1 0 0 0 0 0 1 0 0 0 0 0.0
30 20 7065 0 1 1 0 1 0 1 1 0 0 0 0 1 0 0 0 0 0 1 0 0.0
31 20 3929 0 0 0 1 1 0 0 0 0 0 0 0 1 1 0 0 0 0 0 1 0.0
32 20 4211 0 0 0 1 0 0 0 0 0 0 0 0 1 0 0 0 0 0 1 1 0.0
33 20 5386 0 1 0 0 0 0 1 0 0 0 1 0 0 1 0 1 0 0 0 0 0.0
34 20 7754 1 0 1 1 0 0 0 1 0 0 1 0 1 0 0 0 0 0 0 0 0.0
35 20 5589 0 1 1 0 0 1 0 1 0 0 0 1 0 1 0 0 0 1 1 1 0.0
36 20 5176 0 1 0 0 1 1 1 0 0 0 1 0 0 0 0 0 1 0 0 0 0.0
37 20 7162 0 0 1 1 1 0 0 1 0 0 0 1 1 1 1 1 0 0 0 0 0.0
38 20 4472 0 1 0 1 0 0 0 0 0 1 1 0 0 0 0 1 0 1 0 0 0.0
39 20 5755 0 0 1 1 0 1 0 0 0 0 0 1 0 1 1 0 0 0 1 0 0.0
40 20 5497 0 1 1 0 0 0 0 0 0 0 0 1 1 0 0 0 1 0 1 1 0.0
41 20 6294 1 0 0 0 0 0 1 1 0 1 0 0 0 0 1 0 1 0 0 1 0.0
42 20 4265 0 1 0 1 0 0 0 0 0 0 0 1 1 0 0 0 1 0 0 0 0.0
43 20 5778 0 0 0 1 0 0 1 1 0 0 0 1 0 1 1 1 1 0 0 0 0.0
44 20 6579 0 0 0 0 1 0 1 0 1 1 1 0 0 0 0 0 0 1 1 1 0.0
45 20 7327 0 0 1 0 0 1 0 0 1 0 1 1 1 1 0 0 0 0 0 0 0.0
46 20 4437 0 0 0 0 0 0 0 1 1 0 0 0 0 0 1 0 0 1 1 0 0.0
47 20 6571 1 0 1 0 1 1 1 1 0 0 0 0 1 0 0 0 0 1 1 0 0.0
48 20 5726 0 0 0 1 0 0 0 0 0 1 0 0 0 0 0 1 0 0 1 1 0.0
49 20 6023 1 0 0 0 1 0 1 1 1 0 0 0 0 1 0 1 0 0 0 0 0.0
50 20 7450 1 1 1 0 1 0 0 1 0 1 0 0 0 1 0 0 0 0 0 0 0.0
51 20 7784 1 0 1 1 0 0 0 0 0 0 0 0 0 1 1 1 1 0 0 1 0.0
52 20 4727 0 0 0 0 0 0 0 0 1 0 0 0 1 1 0 0 1 0 1 1 0.0
53 20 3692 0 0 1 0 0 1 0 1 0 0 0 0 1 1 0 0 1 1 0 0 0.0
54 20 4994 0 1 1 0 0 0 0 0 1 0 1 0 0 1 1 0 0 0 0 1 0.0
55 20 6197 0 0 0 0 0 0 0 0 1 1 0 0 0 1 0 0 1 0 1 1 0.0
56 20 7343 1 1 0 0 0 0 0 1 0 1 0 1 0 0 0 1 0 1 0 1 0.0
57 20 6348 1 0 0 1 0 1 0 0 1 1 1 0 0 1 0 0 0 0 0 0 0.0
58 20 6808 0 0 1 0 0 0 0 1 1 1 0 0 1 0 0 0 1 0 1 0 0.0
59 20 5035 1 1 0 0 0 0 1 1 0 0 1 0 0 0 0 0 0 0 1 1 0.0
60 20 7349 0 0 0 1 0 0 0 0 1 1 1 0 1 0 0 0 0 1 1 0 0.0
61 20 6692 0 1 0 0 1 0 0 1 1 1 0 1 0 0 0 0 1 0 0 1 0.0
62 20 2814 0 0 0 0 1 0 0 0 0 0 0 0 0 0 1 1 1 0 1 0 0.0
63 20 7451 0 1 0 1 1 0 1 0 0 0 1 1 1 0 0 1 0 0 0 0 0.0
64 20 6157 1 1 0 1 0 0 0 0 0 1 1 1 0 0 0 1 0 1 0 0 0.0
65 20 5470 0 1 1 0 0 0 0 0 0 0 0 0 1 0 0 0 1 0 0 1 0.0
66 20 6610 0 1 1 1 1 0 1 0 0 1 0 0 0 0 1 0 1 0 0 0 0.0
67 20 5645 1 0 0 0 0 0 0 0 0 0 1 0 1 1 1 0 1 0 0 1 0.0
68 20 5875 1 1 0 0 1 1 0 0 0 0 0 0 0 1 1 0 0 1 1 0 0.0
69 20 4865 0 0 0 0 0 0 0 0 0 1 1 1 0 0 0 1 0 0 1 0 0.0
70 20 5966 0 0 0 0 1 1 1 1 1 0 0 0 0 0 0 1 0 0 1 1 0.0
71 20 6736 0 0 0 0 0 1 0 0 0 0 1 0 1 1 1 1 1 0 0 0 0.0
72 20 4777 0 0 0 1 0 0 0 0 1 0 1 1 0 1 0 0 0 0 0 1 0.0
73 20 4636 1 0 0 0 1 0 0 1 0 0 0 0 0 0 0 0 1 0 0 1 0.0
74 20 5694 0 0 0 0 1 0 0 0 1 0 1 1 0 0 0 0 1 0 1 0 0.0
75 20 6753 0 0 1 0 0 0 1 0 0 1 0 0 1 1 0 0 0 1 0 0 0.0
76 20 6402 1 0 1 1 0 0 0 0 0 0 1 0 0 0 1 1 1 0 0 0 0.0
77 20 4876 1 1 0 0 0 0 0 0 1 0 0 1 1 0 0 0 0 1 0 1 0.0
78 20 6491 0 0 0 0 0 0 0 0 0 1 1 0 0 1 0 0 0 0 1 1 0.0
79 20 4571 0 0 0 0 0 0 0 0 0 0 1 0 1 0 0 1 0 1 1 0 0.0
80 20 6089 0 0 1 0 1 0 0 0 0 0 1 0 0 1 0 1 1 0 0 1 0.0
81 20 7431 1 1 1 1 0 0 0 1 0 0 1 0 0 0 0 0 1 0 0 1 0.0
82 20 2829 0 1 1 0 0 0 0 0 0 1 1 0 0 0 0 0 0 1 0 0 0.0
83 20 7584 0 0 1 0 0 1 0 0 0 0 0 1 1 0 1 1 1 0 0 0 0.0
84 20 5740 1 1 0 1 0 1 0 1 0 0 0 0 1 1 0 0 0 0 0 1 0.0
85 20 7991 1 1 0 0 0 0 1 0 0 1 0 1 0 1 0 0 0 1 1 0 0.0
86 20 6650 0 1 1 1 0 1 1 1 0 1 0 1 0 0 0 0 1 0 0 0 0.0
87 20 7079 0 0 1 0 0 1 0 1 1 0 0 0 1 0 1 1 0 0 0 0 0.0
88 20 6335 1 1 0 0 0 0 0 0 0 0 0 1 1 1 0 0 1 0 0 1 0.0
89 20 5703 0 0 1 0 1 0 0 0 1 0 0 0 1 0 0 0 1 0 1 0 0.0
90 20 7093 0 0 0 0 0 1 1 1 1 1 0 1 0 0 0 0 0 0 1 0 0.0
91 20 5032 1 1 0 0 0 0 0 0 0 0 0 0 0 0 0 1 0 0 1 0 0.0
92 20 5661 0 1 0 0 0 0 0 0 0 1 1 1 0 0 0 1 0 0 0 1 0.0
93 20 7605 0 0 0 1 0 0 0 0 1 1 1 1 0 0 0 1 1 0 1 0 0.0
94 20 5268 1 0 0 1 0 0 0 1 1 0 0 0 0 0 0 0 0 0 1 1 0.0
95 20 4017 1 1 1 0 0 0 0 1 1 0 0 0 0 1 0 0 1 0 0 0 0.0
96 20 6567 0 1 0 0 0 1 0 1 0 0 0 0 1 0 1 0 0 0 0 1 0.0
97 20 5671 1 0 1 0 0 0 1 0 0 0 0 1 0 0 0 0 1 0 0 0 0.0
98 20 3627 0 0 1 1 0 0 0 0 0 0 1 0 1 0 1 0 0 0 0 0 0.0
99 20 4889 0 0 0 1 0 0 0 0 1 0 0 1 1 0 0 0 0 0 1 0 0.0
100 20 4161 0 0 0 0 1 0 0 0 0 1 0 1 0 0 0 0 0 1 1 0 0.0
101 20 6985 1 0 0 1 1 0 1 1 0 0 0 0 0 0 0 1 0 1 1 0 0.0
102 20 5584 0 0 0 0 0 0 1 0 0 0 1 0 1 0 0 1 0 1 0 0 0.0
103 20 4970 0 1 0 0 0 1 0 0 0 0 0 0 0 0 1 1 0 0 0 1 0.0
104 20 7459 0 1 1 0 1 0 1 1 0 0 0 1 1 0 0 0 1 0 0 1 0.0
105 20 4984 0 0 1 0 1 1 0 0 0 0 0 0 0 1 0 0 0 0 0 0 0.0
106 20 7802 1 0 0 0 0 0 1 1 0 1 1 1 1 0 0 0 1 0 0 0 0.0
107 20 7726 0 0 1 1 1 0 1 0 0 0 0 1 1 0 0 0 0 0 1 0 0.0
108 20 7382 0 0 0 1 1 0 0 0 1 0 0 1 0 0 1 0 0 1 0 0 0.0
109 20 6365 0 0 0 0 1 1 0 1 1 0 0 1 0 0 0 0 0 1 0 1 0.0
110 20 6887 0 0 1 0 1 0 0 0 0 0 0 0 0 1 0 0 1 1 0 1 0.0
111 20 4355 0 1 0 0 0 1 0 0 0 0 0 1 0 1 0 0 0 0 0 0 0.0
112 20 4136 0 0 0 0 0 0 1 1 0 0 0 1 0 1 0 1 0 0 1 0 0.0
113 20 5036 0 1 0 1 0 0 1 1 0 0 0 0 0 0 0 1 0 1 0 0 0.0
114 20 5828 1 0 1 0 1 0 0 0 0 0 1 1 0 0 0 1 0 0 1 0 0.0
115 20 5120 0 0 0 0 0 1 0 0 0 0 1 0 0 0 1 0 0 0 1 1 0.0
116 20 4871 0 1 0 0 1 0 0 0 0 1 0 0 0 0 1 0 0 0 1 0 0.0
117 20 8761 1 1 0 1 0 0 1 0 0 0 1 0 0 1 1 0 0 0 0 0 0.0
118 20 7949 1 1 0 0 1 0 1 0 0 0 0 0 1 1 0 1 0 1 0 0 0.0
119 20 6243 0 1 0 0 0 0 0 1 1 0 0 0 1 0 0 1 0 0 1 0 0.0
120 20 5608 0 0 0 1 1 1 0 0 0 0 0 1 0 0 0 1 0 0 1 0 0.0
121 20 8134 0 0 1 0 1 0 0 0 0 0 1 1 0 1 0 0 0 0 1 1 0.0
122 20 4156 1 0 0 0 0 0 0 0 0 0 1 0 0 1 1 1 0 0 1 0 0.0
123 20 6707 0 0 0 0 0 1 0 1 1 0 0 0 1 0 1 0 1 1 1 0 0.0
124 20 5377 0 0 1 0 1 0 0 0 0 1 0 0 0 0 0 0 0 1 1 1 0.0
125 20 7804 0 1 1 0 0 1 0 0 0 1 1 0 0 1 0 0 0 1 0 0 0.0
126 20 4876 0 0 1 1 0 0 0 0 0 1 0 0 0 0 0 0 1 0 0 1 0.0
127 20 6582 0 0 1 1 0 1 0 0 0 0 0 1 0 0 0 0 1 0 0 1 0.0
128 20 6702 0 1 0 0 0 0 1 0 1 1 1 1 1 0 0 0 0 1 0 0 0.0
129 20 4888 1 1 1 0 0 0 0 0 0 0 0 0 0 0 0 1 0 0 0 1 0.0
130 20 8298 0 0 0 0 1 1 1 0 1 1 1 1 0 0 1 0 0 1 1 0 0.0
131 20 4103 0 1 0 1 0 0 0 1 1 0 0 1 0 0 1 0 0 0 0 0 0.0
132 20 5939 0 0 0 0 0 1 1 0 0 0 1 0 1 0 0 0 1 0 1 0 0.0
133 20 5323 0 0 0 0 0 0 0 0 1 1 0 0 0 0 1 1 1 0 0 0 0.0
134 20 5585 0 0 0 1 0 1 0 1 0 0 0 0 1 0 0 0 1 0 1 0 0.0
135 20 5239 0 0 0 1 0 0 0 0 1 1 0 0 1 0 1 0 0 0 0 1 0.0
136 20 8098 0 0 0 1 0 1 0 1 0 1 0 1 1 0 1 0 1 0 0 0 0.0
137 20 5411 0 1 1 0 1 1 0 1 0 0 0 0 0 0 0 0 1 0 0 0 0.0
138 20 5429 1 0 0 1 0 0 0 1 0 1 0 0 1 1 0 1 0 0 0 0 0.0
139 20 6067 1 0 1 0 1 1 1 0 0 0 1 0 0 0 0 1 0 0 0 0 0.0
140 20 6716 0 1 0 1 1 1 0 0 0 1 0 1 0 0 0 0 0 0 1 0 0.0
141 20 7838 0 0 0 1 0 1 0 1 1 1 0 0 0 1 0 0 0 0 1 1 0.0
142 20 5257 0 0 0 1 0 0 1 0 1 0 1 0 0 0 0 0 1 1 1 0 0.0
143 20 4370 0 1 0 0 0 0 0 0 0 0 1 0 1 1 0 0 0 0 0 0 0.0
144 20 5926 1 0 0 1 0 0 0 1 0 0 0 0 0 0 1 1 0 0 1 1 0.0
145 20 6664 0 0 0 0 0 1 1 0 1 1 0 0 0 0 1 0 0 1 0 1 0.0
146 20 5017 0 0 1 0 0 0 0 0 1 1 1 0 0 0 0 1 0 1 0 0 0.0
147 20 5519 0 0 1 0 0 0 1 0 1 0 1 1 0 1 0 0 0 0 0 1 0.0
148 20 6350 0 0 0 0 1 1 0 0 0 1 1 1 1 0 0 0 0 0 1 0 0.0
149 20 5889 0 0 0 1 0 0 0 0 0 0 1 1 0 1 0 0 1 0 1 1 0.0
150 20 5506 0 1 0 0 0 0 1 0 0 0 0 1 1 1 0 0 1 0 0 0 0.0
151 20 6272 0 1 0 0 1 0 1 0 1 1 0 0 0 1 0 0 0 0 0 1 0.0
152 20 6544 1 1 1 0 0 1 0 0 0 0 1 0 0 0 0 0 0 0 0 0 0.0
153 20 8802 1 0 0 1 1 0 1 0 0 0 0 1 1 0 1 1 1 1 0 1 0.0
154 20 7113 0 0 1 1 1 1 0 0 1 0 1 0 0 1 0 0 1 0 0 0 0.0
155 20 3822 1 0 1 0 0 0 0 0 0 0 0 1 0 0 1 1 0 0 0 0 0.0
156 20 6443 0 1 0 0 1 0 0 0 0 1 0 1 0 1 0 1 0 0 0 0 0.0
157 20 8265 0 0 0 1 0 0 1 1 1 0 0 0 0 0 1 0 1 0 1 1 0.0
158 20 6240 1 1 0 0 1 0 0 0 0 0 0 0 0 0 1 0 0 1 1 0 0.0
159 20 7016 0 0 0 0 1 0 1 0 0 1 0 1 0 0 1 1 1 0 1 0 0.0
160 20 4670 0 0 0 0 0 0 0 1 1 0 0 1 0 0 0 1 0 0 0 1 0.0
161 20 8996 0 1 1 0 1 0 0 0 0 1 0 1 1 1 0 0 1 0 1 0 0.0
162 20 8425 1 0 1 0 0 1 1 0 0 0 1 1 0 0 0 1 0 0 0 1 0.0
163 20 5786 0 0 0 0 0 1 1 0 1 1 0 0 0 1 0 1 0 0 1 0 0.0
164 20 4267 0 0 0 0 0 0 0 1 0 1 0 0 0 1 1 0 1 0 0 0 0.0
165 20 5072 0 0 0 1 0 0 0 1 0 0 1 1 1 1 0 0 0 0 1 0 0.0
166 20 6224 0 1 0 0 0 0 1 0 0 1 1 0 1 0 1 0 0 0 0 0 0.0
167 20 5093 1 1 0 0 0 0 0 1 1 0 0 0 0 0 0 1 1 0 0 1 0.0
168 20 7679 1 0 1 0 0 1 0 1 1 1 0 0 0 0 1 0 1 0 0 0 0.0
169 20 5835 0 0 0 0 0 0 0 1 1 0 0 1 0 0 0 1 1 0 1 0 0.0
170 20 6368 0 0 0 0 0 0 1 1 0 0 0 0 0 0 0 0 1 1 1 0 0.0
171 20 4095 0 0 0 0 1 1 0 0 0 1 0 0 0 0 1 0 0 1 0 1 0.0
172 20 5877 1 1 0 0 0 1 0 0 1 1 1 0 0 1 0 0 0 0 0 1 0.0
173 20 6014 0 1 0 1 1 0 0 0 1 0 0 0 0 1 0 0 1 0 0 1 0.0
174 20 5128 0 1 1 0 0 0 1 0 0 0 0 1 0 1 0 1 0 0 0 0 0.0
175 20 6570 0 0 1 0 1 0 0 0 1 0 0 0 0 0 0 1 0 0 0 1 0.0
176 20 4122 0 1 0 0 0 1 1 1 0 0 0 0 0 1 0 0 1 1 0 0 0.0
177 20 6423 1 0 0 0 1 1 0 1 0 1 0 0 0 0 0 0 0 0 1 0 0.0
178 20 5008 1 0 0 1 0 1 0 0 0 1 0 0 0 0 0 1 0 1 1 0 0.0
179 20 4050 0 1 0 0 0 0 0 1 0 1 1 1 0 0 1 0 1 0 0 1 0.0
180 20 6335 0 0 0 1 0 1 1 0 0 0 0 0 1 1 0 0 1 0 1 0 0.0
181 20 3629 0 0 0 0 1 0 1 1 0 1 0 0 0 1 0 0 0 0 0 0 0.0
182 20 7689 0 0 0 0 1 0 0 1 0 0 1 0 1 1 1 0 0 1 0 1 0.0
183 20 8113 1 0 1 1 0 0 1 0 1 1 1 0 0 0 0 0 0 0 1 0 0.0
184 20 5456 1 1 1 1 0 0 0 0 0 0 0 0 0 1 1 0 0 0 0 1 0.0
185 20 5461 1 1 0 0 0 1 0 1 0 0 1 0 0 0 0 1 1 1 0 0 0.0
186 20 6246 0 0 0 1 0 1 0 0 0 1 0 1 0 1 0 0 1 0 0 0 0.0
187 20 5721 1 0 0 1 1 0 0 0 0 0 0 0 0 1 1 0 1 0 0 0 0.0
188 20 5266 1 1 0 0 0 0 1 0 0 0 0 0 0 1 0 0 0 1 0 0 0.0
189 20 6523 0 0 1 0 0 1 1 0 0 0 0 0 0 0 0 1 1 1 0 0 0.0
190 20 6239 0 1 1 0 0 0 1 0 0 0 0 0 0 1 0 1 0 0 0 0 0.0
191 20 7730 1 1 0 0 1 1 0 0 0 0 0 0 1 0 0 0 1 0 1 0 0.0
192 20 5137 1 1 0 0 1 0 0 0 0 0 1 1 0 0 0 0 1 1 0 0 0.0
193 20 4833 0 1 0 0 0 1 0 0 1 0 1 0 0 0 1 0 1 0 1 0 0.0
194 20 7100 0 0 1 0 1 1 0 0 1 1 0 1 0 1 0 0 0 1 1 0 0.0
195 20 5074 0 1 1 1 0 0 1 0 0 0 0 1 0 0 1 0 0 0 0 0 0.0
196 20 4675 0 1 0 0 0 0 0 0 0 1 0 0 0 0 1 0 0 1 0 0 0.0
197 20 5412 0 0 1 0 0 0 1 1 0 0 0 0 1 1 1 0 0 0 0 0 0.0
198 20 4752 0 0 0 0 1 1 0 1 0 0 0 0 1 0 0 0 1 0 0 1 0.0
199 20 8814 0 1 0 1 0 0 0 1 1 0 0 0 1 1 1 0 0 1 0 1 0.0
200 20 5150 0 0 0 0 1 1 0 1 0 0 0 1 1 0 0 0 1 1 0 0 0.0
201 20 4646 1 1 0 0 0 1 0 0 0 0 1 1 1 0 0 0 0 0 0 0 0.0
202 20 7026 1 0 0 0 1 1 0 0 0 1 1 0 1 0 0 0 0 0 1 0 0.0
203 20 5530 0 0 0 1 0 0 0 1 0 1 1 1 1 0 0 0 0 0 0 0 0.0
204 20 6742 1 0 0 0 1 0 0 0 1 1 0 0 0 0 0 0 1 1 0 1 0.0
205 20 5647 0 0 0 1 0 0 1 1 0 0 0 1 0 0 0 0 0 0 1 1 0.0
206 20 4977 0 0 0 0 1 0 0 0 0 0 0 0 0 0 0 1 1 0 1 1 0.0
207 20 4880 1 0 0 0 0 0 0 1 0 0 0 0 0 0 0 0 1 0 0 1 0.0
208 20 3405 0 1 0 0 0 1 0 0 1 0 1 1 0 0 0 1 0 0 1 0 0.0
209 20 5792 1 0 0 1 0 0 1 1 1 0 0 0 0 0 0 0 0 0 1 0 0.0
210 20 4707 0 0 1 0 0 1 1 1 0 0 0 0 1 0 0 0 0 0 1 0 0.0
211 20 6503 1 0 1 0 1 0 0 1 0 0 0 0 0 1 0 1 0 1 0 0 0.0
212 20 6144 0 0 0 0 0 0 1 0 0 1 0 0 1 1 1 1 0 1 0 1 0.0
213 20 8403 1 1 0 0 0 1 0 1 0 0 0 0 1 0 0 0 1 1 1 0 0.0
214 20 5609 0 1 1 0 0 1 1 0 0 1 0 1 0 0 0 0 0 0 1 0 0.0
215 20 4716 0 0 0 1 1 0 0 0 0 1 0 0 0 1 0 0 0 0 1 0 0.0
216 20 6691 1 0 0 0 1 0 0 0 1 0 0 0 1 0 0 0 1 0 1 1 0.0
217 20 4630 0 0 0 0 0 0 0 0 0 0 0 0 0 1 0 1 0 1 1 1 0.0
218 20 5040 0 0 1 1 1 0 0 0 0 0 1 0 1 0 1 0 0 0 0 0 0.0
219 20 7060 0 0 0 0 0 1 1 0 1 0 0 0 1 0 1 0 0 1 0 1 0.0
220 20 6380 0 0 0 1 0 1 0 0 0 0 1 0 1 1 0 0 0 1 0 1 0.0
221 20 7392 0 0 0 1 0 0 1 0 0 0 1 1 0 0 0 1 1 0 1 0 0.0
222 20 5955 0 0 0 1 0 0 0 0 0 0 1 0 0 1 1 1 1 0 0 1 0.0
223 20 6350 0 1 1 1 1 0 0 0 0 1 0 0 1 0 0 0 1 0 0 0 0.0
224 20 5116 0 0 1 0 0 1 0 0 1 0 0 0 1 0 1 0 0 0 0 0 0.0
225 20 4599 0 1 1 0 0 0 1 0 0 0 1 0 0 0 0 0 1 0 1 0 0.0
226 20 5348 1 0 0 0 0 0 1 0 1 0 1 0 0 0 0 1 0 0 0 0 0.0
227 20 8190 1 0 0 0 0 1 0 0 1 1 0 0 1 0 0 1 0 0 0 1 0.0
228 20 7452 1 0 0 1 0 0 1 1 0 0 0 0 1 0 0 1 1 0 1 0 0.0
229 20 5343 1 1 0 0 0 0 1 0 0 0 0 1 0 0 0 0 1 0 0 0 0.0
230 20 6678 1 0 0 0 0 1 1 0 0 0 1 0 0 0 1 0 0 1 1 0 0.0
231 20 7352 0 1 0 0 0 0 0 0 1 0 0 0 0 1 0 0 1 1 1 1 0.0
232 20 8613 0 1 1 1 0 0 0 1 0 1 1 0 0 1 0 0 0 0 1 0 0.0
233 20 5656 0 0 0 0 0 1 0 1 0 0 0 0 1 1 1 0 0 1 0 1 0.0
234 20 6058 0 1 0 0 0 0 0 1 1 0 1 1 0 0 0 0 0 0 0 0 0.0
235 20 5806 1 0 1 1 0 0 0 0 0 0 0 0 0 1 1 0 1 0 0 0 0.0
236 20 4032 0 1 0 0 0 0 0 0 1 1 0 1 0 0 1 0 0 0 0 0 0.0
237 20 4486 0 0 0 1 0 0 1 0 0 1 0 1 0 0 0 0 0 1 0 1 0.0
238 20 4451 0 0 0 1 0 0 1 0 0 0 1 1 0 1 1 0 0 0 0 0 0.0
239 20 4956 1 1 0 0 1 1 0 1 0 0 0 0 0 1 0 0 0 1 0 0 0.0
240 20 6289 0 1 0 0 1 1 0 0 1 0 0 0 1 1 0 0 0 0 0 0 0.0
241 20 4291 1 0 1 0 0 1 0 0 1 0 0 1 0 0 1 0 0 0 0 0 0.0
242 20 5002 0 1 1 0 0 0 0 1 0 1 0 0 0 0 0 0 0 0 0 1 0.0
243 20 5773 1 0 0 0 0 0 0 1 0 0 0 1 0 1 0 0 0 1 1 0 0.0
244 20 6836 1 0 0 0 0 1 0 1 0 0 1 1 1 0 0 0 1 0 0 0 0.0
245 20 4543 0 0 1 0 0 1 0 1 0 1 1 1 1 0 0 0 0 0 0 0 0.0
246 20 7163 0 1 1 0 0 1 0 0 1 1 0 0 0 1 1 0 1 0 0 1 0.0
247 20 6214 0 0 0 1 0 1 0 1 0 0 1 1 0 0 0 0 0 0 1 0 0.0
248 20 5295 0 0 0 0 1 0 0 0 0 0 0 1 1 1 1 0 0 0 1 0 0.0
249 20 6077 0 1 1 0 0 0 0 1 1 0 0 0 0 0 0 1 0 1 1 0 0.0
250 20 7612 1 0 0 0 0 0 1 1 0 0 0 1 0 0 1 0 1 0 0 1 0.0
251 20 5223 0 0 1 0 0 0 0 1 0 0 1 0 0 0 0 1 0 0 1 1 0.0
252 20 7439 0 1 1 0 0 0 0 0 0 0 1 1 0 1 0 0 1 0 1 0 0.0
253 20 5481 0 0 1 0 1 0 0 1 0 1 1 0 1 0 0 1 1 0 0 0 0.0
254 20 6751 0 0 0 0 0 1 0 0 0 1 0 0 0 0 0 1 1 1 1 0 0.0
255 20 4276 1 1 0 1 0 0 1 1 0 0 0 0 0 0 1 0 0 1 0 1 0.0
256 20 6717 1 1 0 1 0 0 0 0 0 0 1 1 0 0 1 1 0 0 1 0 0.0
257 20 4294 1 0 1 1 0 1 1 0 0 0 1 1 0 0 0 0 0 0 1 0 0.0
258 20 6779 0 1 1 0 0 0 1 1 0 0 0 1 0 0 0 1 0 0 1 0 0.0
259 20 7783 0 0 1 0 1 0 1 0 0 0 1 0 0 1 1 0 1 1 1 0 0.0
260 20 6452 1 0 0 0 0 0 0 1 0 1 0 0 1 0 1 1 0 1 0 0 0.0
261 20 6669 0 0 0 0 0 0 1 1 0 0 0 0 0 1 1 1 1 0 1 1 0.0
262 20 4905 0 1 0 1 0 0 1 0 0 0 0 1 0 1 0 0 0 1 1 0 0.0
263 20 7124 0 0 0 0 1 0 0 0 1 0 0 0 0 1 1 1 1 0 0 1 0.0
264 20 7529 0 0 1 0 0 1 0 1 1 1 0 0 0 0 0 1 0 1 1 0 0.0
265 20 5227 0 0 1 0 1 0 1 1 0 0 1 0 0 0 0 0 1 0 0 0 0.0
266 20 5260 0 1 0 0 1 0 1 0 0 0 0 1 0 1 0 1 0 0 0 0 0.0
267 20 5520 0 0 1 0 0 0 0 0 1 1 1 0 0 0 1 0 0 0 0 1 0.0
268 20 5610 0 0 1 1 0 1 0 1 0 0 1 0 0 0 1 0 0 0 0 0 0.0
269 20 6969 0 0 1 0 0 0 1 0 1 0 0 1 0 0 0 0 0 1 1 1 0.0
270 20 4746 1 1 1 0 0 1 0 0 0 0 1 0 1 0 0 0 0 0 0 0 0.0
271 20 8640 1 0 0 0 1 0 0 1 1 1 1 0 0 0 0 0 1 0 1 0 0.0
272 20 5715 0 1 1 0 0 0 1 0 0 0 0 0 1 0 1 0 0 0 0 0 0.0
273 20 6367 0 0 0 0 0 0 1 0 0 1 1 0 1 0 0 1 0 0 1 1 0.0
274 20 6967 0 1 0 1 1 1 0 1 1 0 0 0 0 1 0 0 0 0 0 0 0.0
275 20 5816 0 0 0 0 1 1 1 1 0 0 1 0 0 1 1 1 1 0 0 0 0.0
276 20 5119 0 0 0 1 0 1 1 1 0 1 0 1 0 0 0 0 1 0 0 1 0.0
277 20 5322 1 0 0 0 0 0 0 0 0 0 1 0 1 0 0 0 0 0 1 0 0.0
278 20 4022 0 1 0 0 0 0 0 1 0 1 1 0 0 0 0 0 0 0 0 0 0.0
279 20 5330 0 1 0 0 1 1 0 0 0 0 1 0 0 0 1 0 0 0 0 0 0.0
280 20 5940 0 1 0 0 0 0 0 1 0 0 0 0 1 1 0 0 1 0 0 0 0.0
281 20 5726 0 1 1 0 0 0 0 1 1 0 0 1 0 0 0 1 1 0 0 0 0.0
282 20 3982 0 0 0 0 0 0 0 1 0 1 0 0 0 0 0 0 0 0 1 1 0.0
283 20 5582 1 0 1 1 0 1 0 1 0 0 0 1 0 0 0 0 1 0 0 0 0.0
284 20 6149 0 1 0 1 0 0 0 1 0 0 0 0 0 0 1 1 0 0 1 1 0.0
285 20 6025 0 0 0 0 0 1 1 0 0 0 0 0 1 1 0 0 0 1 0 1 0.0
286 20 5926 0 0 0 0 1 1 1 0 1 0 0 0 1 0 0 0 1 0 0 0 0.0
287 20 5297 0 0 1 0 0 1 0 0 0 0 1 0 1 0 0 1 0 0 0 0 0.0
288 20 5352 0 0 0 0 0 0 0 1 1 0 1 0 0 0 1 1 0 0 1 0 0.0
289 20 4002 0 1 1 0 0 0 0 1 0 0 0 0 1 1 0 0 1 0 0 1 0.0
290 20 6564 0 0 1 1 1 0 0 0 0 1 0 0 1 0 1 1 0 0 1 0 0.0
291 20 5051 0 0 0 0 0 0 1 1 0 0 0 0 0 1 0 0 1 0 1 0 0.0
292 20 7331 0 1 0 0 1 0 0 0 0 1 0 1 1 0 1 1 0 1 0 0 0.0
293 20 5405 0 0 0 0 0 0 0 0 1 1 1 1 0 0 0 0 0 1 0 1 0.0
294 20 4556 1 1 0 1 1 0 0 0 0 0 1 0 0 0 0 0 0 1 0 0 0.0
295 20 5844 0 0 0 0 0 0 0 1 1 0 0 0 1 0 0 1 1 0 1 0 0.0
296 20 6709 0 0 0 1 1 1 0 0 0 0 0 1 0 0 0 0 1 0 0 1 0.0
297 20 6747 1 0 1 0 0 0 1 0 0 1 1 0 0 0 0 0 0 1 0 1 0.0
298 20 8808 0 1 1 1 0 1 1 1 0 0 1 0 0 0 0 0 0 0 1 0 0.0
299 20 6977 0 0 1 0 1 0 0 0 1 0 0 1 1 0 0 0 1 0 1 0 0.0
300 20 3742 0 0 1 0 0 0 0 1 1 0 1 0 0 0 0 0 1 0 0 1 0.0
301 20 6381 1 0 0 1 0 1 0 0 1 0 0 1 0 0 1 0 0 0 1 0 0.0
302 20 6738 0 0 0 1 0 1 1 0 0 1 0 0 0 1 0 1 0 1 0 0 0.0
303 20 5467 0 0 0 0 1 0 0 0 0 1 0 0 0 0 1 0 1 0 0 1 0.0
304 20 7070 0 0 0 0 1 0 1 1 0 0 0 1 0 0 1 0 0 0 0 1 0.0
305 20 5496 0 0 0 0 0 0 0 1 0 0 0 0 1 1 1 1 0 1 1 0 0.0
306 20 7944 0 0 0 1 1 0 1 0 0 0 0 1 1 0 1 0 0 1 1 0 0.0
307 20 5761 0 0 0 1 1 1 0 1 0 1 0 0 0 0 0 0 1 0 0 0 0.0
308 20 6185 1 0 0 1 0 0 0 0 1 1 0 0 0 0 1 1 1 0 0 0 0.0
309 20 6738 1 0 0 0 1 0 0 0 0 1 1 1 1 0 0 1 0 1 1 0 0.0
310 20 8800 0 0 1 1 1 0 0 0 1 1 0 1 1 0 0 0 1 1 0 0 0.0
311 20 5495 0 1 0 0 0 0 0 1 0 1 0 1 0 0 1 0 0 0 0 1 0.0
312 20 4931 0 1 0 0 0 0 1 0 1 0 1 1 0 0 0 0 1 0 0 1 0.0
313 20 5539 0 1 1 0 1 0 1 0 1 0 0 0 0 0 1 0 0 0 1 0 0.0
314 20 5509 0 1 0 1 0 0 0 1 0 0 0 0 1 0 1 0 0 1 0 0 0.0
315 20 6385 0 1 0 0 0 1 0 1 0 1 0 1 1 0 0 0 1 1 0 0 0.0
316 20 7932 1 0 0 0 0 1 0 0 1 0 0 0 1 0 1 0 1 1 0 0 0.0
317 20 4833 0 1 0 0 0 1 0 0 0 0 0 1 1 0 1 0 0 0 0 0 0.0
318 20 4783 1 0 1 1 1 0 1 0 0 0 1 1 1 0 0 0 0 0 0 0 0.0
319 20 4917 0 0 1 0 0 0 0 1 1 0 0 0 0 0 0 0 0 1 0 1 0.0
320 20 7801 1 0 1 0 0 0 0 0 1 0 1 0 1 1 0 0 0 1 0 1 0.0
321 20 6947 0 0 0 0 0 0 1 0 1 1 1 1 0 0 1 1 0 0 1 0 0.0
322 20 2672 1 0 0 0 0 0 0 0 1 0 0 0 0 0 1 0 0 0 0 1 0.0
323 20 6240 0 0 0 1 0 1 0 0 0 1 1 0 0 1 0 0 1 1 1 0 0.0
324 20 7436 1 0 0 0 0 1 0 1 0 1 1 0 0 1 1 0 0 0 0 1 0.0
325 20 8703 0 1 1 1 0 0 0 0 0 1 0 1 1 0 0 0 0 0 1 1 0.0
326 20 5858 0 0 1 0 0 0 1 1 0 0 0 0 1 1 0 0 1 0 1 1 0.0
327 20 4986 1 0 0 1 0 0 0 1 0 1 0 0 0 0 0 1 0 0 0 1 0.0
328 20 6725 1 1 0 0 0 0 0 0 0 1 0 0 0 0 0 0 1 1 0 0 0.0
329 20 5575 0 1 0 1 0 0 0 1 0 0 1 1 0 1 0 0 0 0 0 1 0.0
330 20 6232 1 0 1 0 0 0 0 0 1 0 0 0 1 0 0 1 0 0 1 1 0.0
331 20 5961 0 0 1 0 1 1 1 0 1 0 0 0 0 0 0 0 0 1 0 1 0.0
332 20 7159 0 0 1 1 0 1 0 0 1 0 0 0 1 0 0 0 1 0 1 1 0.0
333 20 5453 1 0 0 0 1 0 0 1 0 1 0 1 0 0 0 0 1 0 0 0 0.0
334 20 4818 0 1 0 1 0 0 0 0 0 0 0 0 1 1 0 1 0 0 0 0 0.0
335 20 5575 1 0 1 0 1 0 0 1 0 1 0 1 0 0 0 0 0 0 0 0 0.0
336 20 6497 1 0 0 1 1 0 0 0 1 1 0 1 1 0 0 1 0 0 1 1 0.0
337 20 6142 1 0 0 1 1 0 1 1 0 0 0 0 0 0 0 0 1 0 1 0 0.0
338 20 6926 0 0 1 1 1 0 1 1 0 0 0 0 0 0 1 0 0 0 0 0 0.0
339 20 6047 0 0 1 1 1 0 0 0 0 1 0 0 0 0 1 0 0 1 0 0 0.0
340 20 5905 0 1 1 0 1 0 0 0 0 1 1 0 0 0 0 1 0 0 0 0 0.0
341 20 5504 0 1 0 0 0 0 0 0 1 0 1 1 1 1 0 0 0 1 0 1 0.0
342 20 3611 0 0 0 0 0 0 1 0 0 1 1 0 1 1 0 0 0 1 0 0 0.0
343 20 6461 0 0 1 1 1 0 0 0 0 0 0 0 0 0 0 0 0 1 1 1 0.0
344 20 7018 0 1 0 0 1 0 0 1 1 0 1 1 0 0 0 1 0 0 0 0 0.0
345 20 6523 0 0 0 0 1 1 1 0 0 1 1 0 0 0 0 0 0 1 1 0 0.0
346 20 5621 0 1 0 0 0 0 0 1 1 0 0 1 0 0 0 1 0 0 0 0 0.0
347 20 5550 0 1 0 0 0 0 0 1 1 0 0 1 0 0 0 0 0 0 1 1 0.0
348 20 6594 0 1 1 0 0 0 1 1 1 0 1 1 0 0 0 0 0 0 0 0 0.0
349 20 6246 0 1 1 1 0 0 0 0 0 1 1 0 0 0 1 0 0 0 0 0 0.0
350 20 7107 1 1 1 1 0 1 0 0 0 1 0 0 0 1 0 0 0 0 0 0 0.0
351 20 6002 1 0 1 0 0 0 1 0 0 0 1 0 0 0 0 0 0 1 1 1 0.0
352 20 7259 1 1 0 1 0 1 0 0 0 0 0 1 0 1 0 0 0 1 1 1 0.0
353 20 5065 1 0 1 0 1 0 0 1 0 0 0 0 0 0 0 0 0 0 0 0 0.0
354 20 4880 0 0 0 0 0 0 0 1 0 0 0 1 1 0 1 0 0 0 1 0 0.0
355 20 4962 0 1 0 1 0 0 1 0 0 0 0 0 1 0 0 0 0 0 0 1 0.0
356 20 5705 0 0 0 0 0 1 1 0 0 1 0 0 0 0 1 0 1 0 1 1 0.0
357 20 6719 1 1 1 0 0 0 0 0 1 1 1 0 0 0 0 0 0 0 1 0 0.0
358 20 3384 0 1 0 0 0 1 1 1 0 0 0 0 0 0 0 1 0 0 0 1 0.0
359 20 4810 0 0 0 0 0 0 0 0 0 0 1 1 0 1 1 1 0 0 0 0 0.0
360 20 6007 0 0 0 0 0 0 0 1 1 0 0 1 0 0 0 0 1 1 1 1 0.0
361 20 6909 0 0 0 0 0 0 0 0 1 0 1 0 0 1 1 0 1 0 0 1 0.0
362 20 5426 0 0 0 1 0 0 0 0 1 1 0 1 0 0 1 1 0 0 0 0 0.0
363 20 4562 0 1 0 0 1 1 0 0 1 0 0 0 0 1 0 0 0 0 0 0 0.0
364 20 7657 0 1 0 1 0 1 0 0 1 0 0 0 1 0 1 1 1 0 0 0 0.0
365 20 4779 0 0 0 0 1 0 0 0 1 0 0 1 0 0 1 0 0 1 1 0 0.0
366 20 7946 1 0 0 0 1 0 0 0 1 1 0 1 0 0 0 0 1 1 0 1 0.0
367 20 5241 1 0 0 1 0 0 1 0 0 1 1 1 0 0 0 0 1 1 0 0 0.0
368 20 6185 0 0 0 1 0 0 0 1 0 0 1 0 0 0 1 1 0 0 1 0 0.0
369 20 5844 1 1 1 0 0 0 0 0 1 0 0 1 0 0 0 1 0 1 0 0 0.0
370 20 6989 0 0 0 1 0 0 1 1 0 1 0 1 0 1 0 0 0 0 1 0 0.0
371 20 7217 0 0 0 1 0 1 1 0 0 1 1 0 0 0 1 0 0 1 1 0 0.0
372 20 5997 0 1 0 0 1 0 0 0 1 0 1 0 0 0 1 0 1 0 0 1 0.0
373 20 6653 1 0 1 0 0 0 1 0 0 1 0 0 1 0 0 0 0 0 1 0 0.0
374 20 6492 0 1 1 0 0 0 1 0 0 0 1 0 1 1 0 0 0 0 0 1 0.0
375 20 8748 0 1 1 0 0 1 1 1 0 1 0 0 1 0 0 0 1 1 0 0 0.0
376 20 6326 0 0 0 0 0 0 0 1 0 1 0 1 0 0 0 0 1 0 1 1 0.0
377 20 4181 1 0 0 0 0 0 0 1 1 1 0 0 0 0 0 1 0 0 0 0 0.0
378 20 5461 0 0 1 0 0 1 0 0 1 1 0 0 0 1 1 0 0 0 0 0 0.0
379 20 4902 0 1 1 0 0 1 0 0 0 0 0 0 1 0 1 0 0 0 0 1 0.0
380 20 7775 0 0 1 1 0 0 0 0 0 0 1 1 1 0 0 0 1 1 0 0 0.0
381 20 5471 0 0 1 0 1 1 0 0 0 0 1 0 1 0 0 0 0 0 1 1 0.0
382 20 6909 1 0 1 1 0 0 0 0 0 0 0 0 1 0 0 1 0 0 1 0 0.0
383 20 5014 0 0 0 0 1 0 0 0 0 1 0 0 0 0 0 1 0 0 0 1 0.0
384 20 6156 0 0 0 1 0 0 1 0 0 1 0 0 1 1 0 0 1 0 1 0 0.0
385 20 5994 0 1 0 0 1 0 0 0 0 0 1 0 1 1 0 0 1 0 0 0 0.0
386 20 4047 0 1 0 0 0 0 1 0 0 1 0 0 0 0 1 0 0 0 1 0 0.0
387 20 7316 0 0 0 1 0 1 1 0 0 1 1 1 0 0 0 0 1 0 0 1 0.0
388 20 5778 0 0 1 0 1 0 0 1 0 1 1 0 0 0 0 1 0 0 1 0 0.0
389 20 5039 0 1 1 0 1 0 0 1 0 0 0 0 1 0 0 0 1 1 0 0 0.0
390 20 5987 0 0 0 0 1 1 0 0 1 0 0 0 0 1 1 0 0 0 0 1 0.0
391 20 5908 1 0 1 0 0 1 1 0 0 0 1 1 1 0 0 0 0 0 0 0 0.0
392 20 6694 0 0 1 0 1 0 0 0 1 0 0 0 0 0 1 1 1 1 0 0 0.0
393 20 4011 1 0 0 0 1 1 0 0 0 1 1 0 0 0 1 1 0 0 0 0 0.0
394 20 6550 0 0 0 1 0 0 0 1 1 0 0 1 0 0 1 1 1 0 0 0 0.0
395 20 4208 0 0 1 0 0 0 1 1 1 0 0 1 0 0 1 0 0 0 0 0 0.0
396 20 6141 0 1 0 1 1 0 1 1 1 0 0 0 0 0 0 1 0 0 0 0 0.0
397 20 6025 0 0 0 1 1 0 1 0 0 0 1 1 0 0 1 0 0 0 0 0 0.0
398 20 5664 0 0 0 1 0 0 0 0 0 1 0 0 0 1 1 1 1 1 0 0 0.0
399 20 6603 1 1 1 1 1 0 0 0 0 0 0 0 0 0 1 0 0 0 1 0 0.0
400 20 5260 0 0 0 0 1 0 1 1 0 0 0 0 0 1 0 0 0 1 0 0 0.0
401 20 7044 0 1 0 1 1 0 0 1 1 0 0 0 0 0 1 0 0 0 1 1 0.0
402 20 6869 0 0 0 0 1 0 1 0 0 0 0 1 1 1 0 0 0 0 0 1 0.0
403 20 8396 0 0 0 0 1 0 0 1 0 0 1 1 0 1 0 1 0 1 0 0 0.0
404 20 5523 0 0 0 0 0 0 0 1 0 1 0 1 0 0 1 0 1 0 0 0 0.0
405 20 6232 0 1 0 1 0 0 0 1 0 0 0 1 0 0 0 1 1 0 0 1 0.0
406 20 5720 0 0 0 0 0 1 1 1 1 1 1 0 0 0 0 0 0 0 0 0 0.0
407 20 6598 0 0 0 0 0 0 0 1 0 1 1 0 1 1 0 0 0 0 0 1 0.0
408 20 5521 1 0 1 0 1 0 0 0 0 1 0 0 1 0 0 0 1 0 0 0 0.0
409 20 7588 0 1 0 0 0 0 1 0 0 1 0 0 1 0 1 0 1 0 1 1 0.0
410 20 6384 0 1 0 0 0 0 1 1 0 0 0 0 0 1 0 0 1 0 0 1 0.0
411 20 4787 1 0 1 0 0 0 0 0 0 0 1 0 0 1 0 0 1 0 0 1 0.0
412 20 5446 0 0 1 0 0 0 0 1 1 0 0 0 1 0 1 0 0 1 0 0 0.0
413 20 7088 0 1 1 0 1 1 1 0 0 0 1 1 0 0 0 0 0 0 1 0 0.0
414 20 5871 1 0 0 1 0 1 0 0 0 0 1 0 0 1 0 0 1 0 1 0 0.0
415 20 5968 1 0 1 1 0 0 0 0 1 0 1 1 1 0 0 0 0 0 1 0 0.0
416 20 5380 1 0 0 0 1 0 0 1 0 0 0 0 1 1 0 0 0 0 0 0 0.0
417 20 6596 0 0 1 0 1 0 0 0 0 0 1 1 1 0 1 0 0 0 0 0 0.0
418 20 5953 0 0 1 1 0 0 0 1 1 0 0 0 0 0 1 0 0 0 1 0 0.0
419 20 6759 0 0 1 0 1 0 0 0 1 0 0 1 1 1 0 1 1 0 0 0 0.0
420 20 7836 0 0 0 1 1 1 0 1 0 0 1 0 0 1 0 1 0 0 0 0 0.0
421 20 8586 1 0 0 0 0 0 0 0 1 1 0 1 1 1 1 1 0 0 0 1 0.0
422 20 4116 1 0 0 0 1 0 1 0 0 0 0 1 0 1 0 0 0 0 1 0 0.0
423 20 6085 1 0 0 0 0 0 1 0 0 1 0 0 1 0 0 0 0 0 1 1 0.0
424 20 3379 0 0 0 1 1 0 0 0 0 1 0 0 0 0 1 0 0 0 0 1 0.0
425 20 5878 0 0 0 1 0 1 0 1 1 0 0 1 0 0 0 0 1 1 1 0 0.0
426 20 7796 0 0 0 1 1 0 0 0 0 1 0 0 1 1 0 0 1 0 0 0 0.0
427 20 7144 1 0 0 1 0 1 1 1 0 0 0 1 1 1 0 0 0 0 0 0 0.0
428 20 7177 1 1 1 0 1 1 0 0 0 0 1 0 0 0 1 1 0 0 0 0 0.0
429 20 7618 1 1 0 1 0 0 0 0 0 0 1 0 0 0 1 0 0 1 1 0 0.0
430 20 6037 0 0 1 0 1 0 0 0 0 0 1 0 0 0 1 1 0 1 0 0 0.0
431 20 7292 1 1 1 0 0 0 0 0 1 0 0 0 0 0 0 0 0 1 1 0 0.0
432 20 6579 0 0 1 1 1 1 0 1 0 1 0 0 0 0 1 0 1 0 0 0 0.0
433 20 5065 0 0 0 1 0 1 0 0 0 0 0 1 0 0 1 1 0 1 0 0 0.0
434 20 6279 1 0 0 1 0 0 0 0 1 1 0 0 0 1 0 1 0 0 0 1 0.0
435 20 4928 1 0 1 0 0 0 1 0 0 0 1 1 0 0 0 0 0 0 0 0 0.0
436 20 5403 0 1 0 1 0 0 0 0 0 1 1 0 0 0 0 0 1 0 0 1 0.0
437 20 4610 0 0 0 0 0 0 0 0 0 0 0 0 1 1 0 1 1 0 1 0 0.0
438 20 4027 0 0 0 0 0 0 0 1 0 0 0 0 0 0 0 0 0 1 1 0 0.0
439 20 4750 0 0 0 0 0 0 0 0 0 1 1 1 0 0 0 0 0 1 0 1 0.0
440 20 4471 0 0 1 1 0 1 0 0 0 0 0 0 0 0 0 0 0 1 0 1 0.0
441 20 5439 0 0 1 1 0 1 0 0 0 1 0 1 0 1 0 0 0 0 0 0 0.0
442 20 5424 0 1 0 1 1 1 0 0 0 0 0 1 1 0 0 0 0 1 0 0 0.0
443 20 4412 0 0 0 0 0 1 0 1 0 1 0 0 0 1 1 0 1 1 0 0 0.0
444 20 5558 0 1 0 0 1 1 0 1 0 1 1 0 0 0 0 0 0 0 0 0 0.0
445 20 5590 0 0 1 0 1 0 0 1 0 1 0 0 1 0 0 0 0 1 0 0 0.0
446 20 4114 0 0 0 0 0 1 0 0 1 0 0 0 0 1 0 0 1 1 0 0 0.0
447 20 6412 1 1 0 0 0 0 0 0 0 0 0 1 0 0 0 0 1 0 1 1 0.0
448 20 4854 1 0 0 0 1 0 0 0 1 0 0 0 1 0 0 0 1 0 0 0 0.0
449 20 6437 0 0 0 0 0 0 0 1 0 0 1 1 0 1 0 0 1 1 1 0 0.0
450 20 5757 1 1 1 0 0 0 0 1 0 0 0 0 0 0 1 0 0 0 1 0 0.0
451 20 6609 1 1 0 0 1 0 0 0 1 0 0 0 0 0 0 1 1 0 1 1 0.0
452 20 5611 0 0 0 0 1 1 1 0 0 1 1 0 0 0 0 0 1 0 1 0 0.0
453 20 7689 1 1 0 1 0 0 0 1 0 1 0 1 1 1 1 0 0 0 0 0 0.0
454 20 5901 1 0 1 0 0 0 0 0 0 0 0 1 0 0 0 1 0 0 1 1 0.0
455 20 6843 0 1 0 0 0 1 1 1 0 0 1 0 0 0 0 0 1 0 1 0 0.0
456 20 6317 0 1 0 1 0 0 0 0 1 1 0 0 1 0 0 0 0 0 0 1 0.0
457 20 5231 1 0 0 0 1 0 0 0 0 0 0 1 1 1 0 1 0 0 0 0 0.0
458 20 6996 1 1 1 0 0 1 1 0 0 0 1 0 0 1 0 1 1 0 0 0 0.0
459 20 5161 0 1 0 0 0 1 1 1 1 0 0 0 1 0 1 0 0 0 0 0 0.0
460 20 7108 0 0 1 0 0 0 1 0 0 1 0 1 0 1 0 1 0 0 0 1 0.0
461 20 6856 0 0 1 0 0 0 1 1 1 0 0 1 0 1 0 0 0 0 1 0 0.0
462 20 4693 0 1 0 1 1 0 0 0 0 0 0 0 0 1 1 0 0 0 0 0 0.0
463 20 5822 0 0 0 0 1 0 0 1 1 0 0 0 0 0 1 1 0 0 0 1 0.0
464 20 5780 0 0 0 1 0 1 1 1 0 0 0 0 0 0 0 0 0 0 1 1 0.0
465 20 7264 0 0 0 0 0 0 1 0 1 1 0 1 0 1 0 0 1 0 0 1 0.0
466 20 6734 0 1 0 1 0 1 0 0 1 0 0 0 0 0 1 0 0 0 1 0 0.0
467 20 3834 0 0 0 0 1 0 1 0 0 0 0 0 0 1 0 0 0 1 0 0 0.0
468 20 4442 0 0 0 1 0 1 0 0 0 0 0 0 0 0 0 0 1 1 0 1 0.0
469 20 5153 0 0 0 0 1 0 0 1 1 0 0 0 0 1 0 1 0 1 0 0 0.0
470 20 5520 1 1 0 1 1 0 0 0 0 0 0 0 0 0 0 1 1 0 1 0 0.0
471 20 3788 0 1 0 0 1 0 0 0 1 1 0 1 1 1 0 1 0 0 0 0 0.0
472 20 4825 0 0 0 0 0 0 0 1 0 0 0 0 1 0 0 0 1 1 0 1 0.0
473 20 5105 1 1 0 0 0 0 1 0 0 0 0 1 1 1 0 0 0 0 0 0 0.0
474 20 4340 1 1 0 0 0 0 0 0 0 0 0 0 1 1 0 0 1 0 0 0 0.0
475 20 6062 0 1 0 0 0 0 0 1 1 0 1 1 0 0 1 0 0 0 0 0 0.0
476 20 5238 0 0 0 1 1 0 0 0 0 0 1 0 0 1 1 1 0 0 0 0 0.0
477 20 7109 1 0 0 0 0 0 0 1 1 0 0 0 1 1 0 0 0 1 0 1 0.0
478 20 6128 0 1 1 0 0 1 0 0 1 0 0 0 0 0 1 0 0 0 1 0 0.0
479 20 6546 1 0 0 0 0 0 0 0 0 1 1 0 0 0 0 1 1 0 0 1 0.0
480 20 5088 0 1 0 0 0 1 0 0 0 0 1 0 1 0 0 0 1 1 1 0 0.0
481 20 5058 0 1 0 0 0 0 1 0 0 0 0 1 0 1 0 1 0 1 0 0 0.0
482 20 4847 0 0 0 0 0 1 0 0 1 1 0 0 1 0 1 1 1 0 1 1 0.0
483 20 5138 1 0 0 0 0 0 0 0 1 0 1 1 1 0 0 0 1 0 1 0 0.0
484 20 7450 1 1 0 0 0 0 0 1 0 0 0 0 1 1 0 0 0 0 1 0 0.0
485 20 7415 0 0 1 1 0 1 1 0 0 0 1 0 0 1 0 1 0 0 0 1 0.0
486 20 6087 0 1 0 1 0 0 1 0 0 0 0 1 1 0 1 0 0 1 0 0 0.0
487 20 6495 0 1 0 1 1 0 0 0 0 0 0 1 0 1 0 1 0 0 0 1 0.0
488 20 5851 0 0 0 0 1 1 0 0 1 1 0 0 0 1 0 0 0 1 0 0 0.0
489 20 5583 1 0 0 0 0 0 0 0 0 0 1 1 0 1 0 1 0 0 1 0 0.0
490 20 3633 0 0 1 1 0 0 0 0 0 1 0 0 1 0 1 0 1 0 1 1 0.0
491 20 6404 0 1 1 0 0 1 0 0 0 0 0 1 1 0 0 0 0 0 1 0 0.0
492 20 5965 0 0 1 0 0 0 0 1 0 1 0 0 0 1 0 0 0 0 1 0 0.0
493 20 4997 1 0 0 0 1 0 1 0 0 1 1 0 0 0 0 0 0 0 1 1 0.0
494 20 5386 1 0 0 1 0 0 0 0 0 0 1 1 0 0 0 1 1 1 0 0 0.0
495 20 5834 1 1 1 1 0 0 0 1 0 1 0 0 0 0 1 0 0 0 1 0 0.0
496 20 5357 0 1 0 1 0 1 1 0 1 0 0 0 0 0 0 1 0 0 0 0 0.0
497 20 4045 0 0 0 1 0 0 0 1 0 0 0 1 1 0 0 1 0 0 0 0 0.0
498 20 7628 0 1 0 1 0 1 0 0 0 0 1 0 0 1 0 0 0 1 1 1 0.0
499 20 7357 0 0 1 1 1 1 0 0 1 0 0 0 0 1 0 1 0 0 0 1 0.0
500 20 5286 0 0 0 1 0 1 1 0 0 0 0 1 1 0 0 1 1 0 1 0 0.0
