1 30 12063 0 0 0 0 0 0 1 0 0 1 1 0 0 1 0 0 0 0 1 0 0 0 0 0 1 0 1 1 1 1 0.0
2 30 9189 0 0 1 0 0 0 1 0 1 1 0 1 0 1 0 1 1 0 1 1 0 0 1 0 0 0 0 0 1 0 0.0
3 30 9873 0 0 0 0 0 0 0 0 0 0 1 1 1 0 0 1 0 1 1 1 1 0 1 0 1 0 0 0 1 1 0.0
4 30 9746 0 1 1 0 0 0 1 0 0 0 0 1 1 0 1 0 1 1 1 0 0 0 0 0 0 1 1 0 0 0 0.0
5 30 10540 1 0 1 0 0 0 1 1 1 1 0 1 0 0 0 0 0 0 0 0 0 0 0 1 1 1 0 1 1 0 0.0
6 30 10004 0 0 1 0 0 1 0 0 0 0 1 1 0 1 1 0 0 0 1 0 1 1 0 1 0 0 0 1 0 0 0.0
7 30 11143 0 1 0 0 0 1 1 1 0 1 1 0 0 0 0 0 1 1 0 0 0 0 0 0 1 1 0 0 0 1 0.0
8 30 6986 1 0 1 1 0 0 1 0 0 0 0 0 0 0 0 1 0 1 0 1 0 0 0 1 0 0 0 0 0 1 0.0
9 30 8518 0 0 1 1 0 0 0 0 0 1 0 1 1 0 0 1 1 0 0 0 0 0 0 0 1 0 0 0 0 0 0.0
10 30 6915 0 0 1 0 1 0 0 0 0 0 1 0 0 0 0 0 0 0 0 0 0 0 0 0 0 1 0 1 1 1 0.0
11 30 6543 0 0 0 1 0 0 0 0 0 1 0 0 1 1 1 0 1 0 0 0 0 0 0 1 0 1 1 0 0 0 0.0
12 30 4575 1 0 0 1 0 1 0 1 0 0 0 0 0 0 0 0 0 0 1 0 0 0 0 0 0 0 0 0 0 1 0.0
13 30 11312 1 0 1 1 1 0 0 1 0 0 0 0 1 0 1 0 1 0 1 0 0 0 0 0 0 0 1 1 0 1 0.0
14 30 8711 0 0 0 0 0 0 0 0 0 1 1 1 0 0 0 0 0 1 0 1 0 1 1 0 0 1 0 0 0 0 0.0
15 30 7088 0 0 0 1 1 0 0 0 1 0 0 0 1 0 0 1 1 0 0 0 0 0 0 1 1 0 1 0 0 0 0.0
16 30 10670 1 0 0 0 1 0 0 1 1 1 0 0 1 1 0 0 0 0 0 0 0 0 1 1 1 0 0 0 0 0 0.0
17 30 8181 0 0 1 1 0 0 0 1 0 0 0 1 0 1 1 0 0 0 0 1 0 1 0 0 0 1 0 0 0 0 0.0
18 30 9456 1 0 0 1 0 0 1 0 0 0 0 0 1 1 0 1 0 0 0 1 0 0 1 0 0 1 0 1 0 0 0.0
19 30 11927 0 0 0 0 0 0 0 0 1 0 0 0 1 0 1 0 0 1 1 1 1 1 1 1 0 1 0 0 1 0 0.0
20 30 10119 0 1 0 0 1 0 0 0 0 1 1 1 1 0 1 1 0 0 0 1 1 0 0 0 0 0 1 0 0 0 0.0
21 30 6616 1 0 0 0 0 0 0 0 1 0 0 0 0 0 0 1 1 0 0 0 1 0 0 0 0 0 0 0 0 1 0.0
22 30 10856 0 0 0 0 1 1 1 0 0 0 0 1 0 0 0 1 0 0 0 0 1 0 0 0 0 0 1 0 1 1 0.0
23 30 8593 0 0 1 0 0 1 0 1 0 0 0 1 0 0 0 1 1 0 0 0 0 1 0 0 0 1 0 1 0 0 0.0
24 30 9977 1 1 1 1 0 0 1 1 1 0 0 0 0 0 0 0 0 0 0 0 0 0 0 1 1 1 1 0 1 0 0.0
25 30 8430 0 1 0 1 1 1 1 1 0 0 0 0 1 0 1 0 0 0 0 0 0 1 0 0 0 0 0 0 1 0 0.0
26 30 8592 0 0 1 0 0 1 1 0 1 0 0 0 0 0 1 0 1 1 0 0 1 1 0 1 0 0 0 0 0 0 0.0
27 30 9493 0 0 0 1 0 0 0 1 0 1 0 0 1 0 0 1 0 1 1 1 0 1 0 0 1 0 1 0 1 0 0.0
28 30 7863 0 0 1 1 0 1 0 0 0 0 0 0 0 1 1 0 0 0 1 0 0 0 0 0 1 0 0 1 1 0 0.0
29 30 9314 0 0 0 0 1 1 1 0 0 0 1 0 0 0 0 1 0 1 0 1 0 1 0 0 0 0 1 0 1 1 0.0
30 30 11468 1 1 0 1 0 0 1 0 0 1 0 1 1 1 1 0 0 0 0 0 0 0 0 0 0 0 0 1 1 0 0.0
31 30 7856 0 0 0 0 0 1 0 0 1 1 0 0 1 0 1 0 1 1 1 1 0 0 0 0 1 0 0 0 0 1 0.0
32 30 9851 0 0 0 1 0 0 0 0 0 1 0 0 0 0 0 1 0 0 1 1 0 0 0 1 1 1 1 1 0 0 0.0
33 30 10948 0 1 0 1 1 0 0 0 1 1 1 1 0 1 0 0 1 0 1 0 0 0 1 0 0 0 0 0 0 0 0.0
34 30 9043 0 1 1 0 0 0 0 1 0 1 0 1 1 0 1 1 0 0 1 1 0 0 0 0 0 0 0 0 0 0 0.0
35 30 7329 0 1 1 0 0 1 0 1 1 0 0 0 1 0 0 0 0 1 1 0 0 0 1 1 0 0 1 0 0 0 0.0
36 30 8410 0 1 0 0 0 0 0 0 0 0 1 0 0 1 1 0 0 0 0 1 0 1 1 0 0 0 0 1 1 1 0.0
37 30 12347 0 1 0 0 1 0 1 1 1 1 1 0 0 0 0 0 1 0 0 0 1 0 0 0 1 0 1 0 1 0 0.0
38 30 10704 0 0 1 0 0 1 1 1 0 0 1 0 0 0 0 0 0 0 1 0 0 0 0 1 1 1 0 0 1 1 0.0
39 30 8998 1 0 0 1 0 0 0 0 1 1 0 1 0 0 1 1 1 0 1 0 0 0 0 0 0 0 1 1 0 0 0.0
40 30 11543 0 1 0 0 0 0 1 1 1 0 1 0 0 0 0 1 1 0 0 0 1 0 0 1 0 0 1 1 1 0 0.0
41 30 5838 1 1 0 0 0 0 1 0 0 1 0 0 0 0 0 1 0 0 0 0 0 0 0 1 0 1 0 1 0 1 0.0
42 30 10447 0 0 1 0 1 0 0 1 0 1 0 0 0 1 1 1 0 0 1 0 0 0 0 0 1 1 0 1 0 0 0.0
43 30 9543 0 0 1 1 1 0 0 1 1 0 1 0 0 1 0 1 1 0 0 0 0 0 0 0 0 1 1 0 0 0 0.0
44 30 8832 0 0 1 0 0 1 1 1 0 0 1 0 0 1 0 0 0 0 1 0 1 0 0 0 1 0 0 0 0 0 0.0
45 30 9771 0 0 0 1 1 0 1 1 1 0 1 0 0 1 0 0 0 0 0 0 1 0 0 0 0 0 0 0 1 1 0.0
46 30 7263 0 1 0 0 1 0 0 0 0 1 0 0 0 0 1 1 1 0 0 0 1 0 0 1 0 0 0 0 0 1 0.0
47 30 9785 1 0 0 0 0 0 0 0 1 0 0 1 1 0 0 1 0 1 0 0 0 0 1 0 0 1 1 1 1 0 0.0
48 30 7178 0 0 0 0 0 1 0 0 0 0 1 0 1 0 0 1 0 0 0 0 0 1 0 0 0 1 0 0 1 0 0.0
49 30 9189 0 1 0 0 0 0 1 0 0 1 0 0 0 1 0 0 0 1 0 1 1 0 0 0 0 1 0 1 0 1 0.0
50 30 9764 0 0 1 0 0 0 0 1 0 0 1 0 0 1 1 0 0 0 1 0 0 0 1 1 0 1 0 0 0 0 0.0
51 30 8290 0 0 0 1 1 1 0 0 0 1 0 0 0 0 0 0 1 1 0 1 1 0 0 0 1 1 0 1 0 0 0.0
52 30 8831 0 0 0 0 0 0 1 1 1 0 0 1 0 0 0 0 1 1 0 0 0 0 0 0 0 0 0 1 0 1 0.0
53 30 11105 0 1 0 0 1 0 1 0 0 1 0 1 0 0 0 0 0 1 0 0 1 0 1 1 0 0 0 1 0 1 0.0
54 30 7155 0 1 1 0 0 1 0 0 0 0 0 1 0 0 1 0 0 1 1 0 0 0 0 0 0 1 1 0 0 0 0.0
55 30 10568 0 0 0 0 0 0 0 0 1 1 0 1 1 0 0 1 0 1 1 0 1 1 1 0 0 0 0 0 1 0 0.0
56 30 10772 0 1 0 1 0 0 0 0 1 0 0 0 0 0 0 1 0 1 1 0 1 0 0 1 1 0 1 0 1 0 0.0
57 30 9925 0 1 0 1 1 0 0 0 1 1 1 0 1 1 1 0 1 0 1 0 0 0 0 1 0 0 0 1 0 0 0.0
58 30 9751 0 1 1 0 1 1 0 0 0 1 1 1 1 0 0 0 0 1 0 0 0 0 0 0 0 0 0 1 1 1 0.0
59 30 9568 0 0 0 1 0 0 1 0 0 1 1 0 1 0 0 0 1 0 0 1 0 0 0 0 1 1 1 0 0 0 0.0
60 30 9640 0 1 1 1 1 1 0 1 0 0 0 1 0 0 1 0 1 0 0 0 1 0 0 0 0 0 0 0 0 0 0.0
61 30 8580 0 0 1 0 1 0 1 0 0 0 0 0 1 0 1 1 1 0 0 0 0 0 0 0 1 0 0 1 0 0 0.0
62 30 9811 0 1 1 1 1 0 0 0 1 1 0 1 0 0 0 1 0 0 0 1 1 0 0 0 0 0 0 0 0 0 0.0
63 30 7692 1 1 1 0 0 0 0 1 1 0 0 0 0 1 0 0 1 0 0 0 0 0 1 0 1 0 1 0 1 0 0.0
64 30 8487 0 0 1 0 1 0 0 0 1 1 0 0 0 1 0 0 0 1 0 0 0 0 1 0 0 0 0 1 0 0 0.0
65 30 5156 0 0 0 0 0 0 0 0 0 1 0 1 0 1 0 0 0 0 0 0 0 0 1 1 0 0 1 0 1 0 0.0
66 30 8010 1 1 0 0 0 1 0 1 0 0 0 0 0 0 1 1 0 0 0 1 0 1 0 0 0 0 0 0 0 0 0.0
67 30 8472 1 0 0 1 1 0 1 1 0 1 0 0 0 0 0 1 0 1 1 0 0 0 0 0 0 0 1 1 0 0 0.0
68 30 8511 0 0 1 0 1 0 0 1 0 1 0 0 1 0 0 0 0 0 0 0 0 0 0 0 0 1 1 0 0 0 0.0
69 30 9829 0 0 1 1 0 1 0 1 1 0 0 0 1 1 0 0 0 1 0 0 0 0 1 0 1 1 0 0 0 0 0.0
70 30 10570 0 0 1 0 0 0 0 0 0 0 1 0 0 0 0 0 1 1 1 1 1 1 1 0 1 0 1 0 0 0 0.0
71 30 11920 0 0 1 1 1 0 1 1 0 0 0 1 1 0 0 0 0 0 1 0 0 0 1 1 0 0 0 1 0 0 0.0
72 30 9984 0 0 0 0 1 0 0 1 0 0 0 0 0 1 1 0 1 1 0 0 1 0 0 0 0 0 1 0 1 1 0.0
73 30 10308 0 0 0 1 0 1 0 0 0 0 0 0 0 1 1 0 0 1 1 0 0 1 0 0 0 1 0 1 0 0 0.0
74 30 6492 1 0 1 0 0 0 0 0 0 0 0 0 0 0 1 1 0 0 0 1 0 1 0 1 1 0 0 0 0 0 0.0
75 30 8475 0 1 0 0 1 1 0 0 0 0 0 0 0 1 0 1 0 0 0 1 0 1 0 0 0 1 0 1 1 0 0.0
76 30 8721 0 0 0 1 0 1 1 0 0 0 1 0 0 0 0 0 0 0 0 0 0 1 0 0 0 1 1 1 0 1 0.0
77 30 11518 0 0 0 0 1 0 0 1 0 0 0 0 0 1 0 1 1 1 0 0 1 0 0 0 1 0 0 1 1 0 0.0
78 30 8172 0 0 0 1 0 1 0 0 1 0 1 0 0 0 0 0 1 1 0 1 0 1 0 0 1 0 0 0 0 0 0.0
79 30 10179 1 0 1 0 0 0 1 0 0 0 0 0 1 0 0 0 0 0 1 1 1 0 0 1 0 1 1 0 1 0 0.0
80 30 10376 0 1 1 0 0 1 1 1 0 0 0 0 0 1 1 0 1 0 0 0 0 1 1 0 0 0 0 0 0 0 0.0
81 30 9652 0 1 0 0 1 1 1 0 0 0 0 0 1 0 0 1 0 1 1 0 0 0 1 0 1 0 1 0 1 0 0.0
82 30 11006 1 0 1 0 1 0 0 0 0 1 0 0 0 0 0 0 0 1 1 1 1 0 1 1 0 0 1 0 0 0 0.0
83 30 9367 0 1 1 0 0 1 0 0 0 1 0 0 0 0 0 1 1 0 0 0 0 0 1 0 1 0 0 0 0 1 0.0
84 30 8677 0 0 0 1 0 0 0 1 1 0 1 1 0 0 0 0 1 0 0 0 0 1 0 0 1 1 0 0 0 0 0.0
85 30 9412 0 1 1 1 1 1 0 0 0 0 1 0 0 1 1 0 0 0 0 0 0 0 0 0 0 1 0 1 0 0 0.0
86 30 12098 1 0 0 0 0 0 1 1 1 0 1 1 1 1 0 0 1 0 0 0 1 0 0 0 1 0 1 0 1 0 0.0
87 30 8180 0 0 0 1 0 0 1 0 0 0 0 0 0 0 0 0 1 1 0 0 0 1 0 1 0 0 0 1 0 1 0.0
88 30 8197 0 0 0 1 0 0 0 0 0 0 0 1 1 0 0 0 1 1 1 1 0 0 0 0 0 1 0 0 0 0 0.0
89 30 8542 1 0 0 0 0 1 0 0 0 1 0 1 0 0 0 1 0 1 0 0 0 0 1 1 0 0 1 0 1 0 0.0
90 30 10455 0 0 0 0 0 0 0 1 0 1 0 1 0 1 0 1 0 1 1 0 1 0 1 0 0 0 0 0 0 1 0.0
91 30 9209 1 1 0 0 0 1 1 0 0 0 1 0 0 0 0 1 0 0 1 0 0 0 0 0 1 0 0 1 1 0 0.0
92 30 11025 1 1 0 1 1 0 0 1 0 1 1 0 0 0 0 1 0 0 0 0 1 0 0 0 0 0 0 1 0 1 0.0
93 30 9017 1 0 0 0 1 0 0 0 0 0 0 0 0 1 0 1 0 0 0 1 0 1 0 1 1 1 0 0 0 1 0.0
94 30 10186 0 0 0 1 1 0 0 1 0 0 1 0 1 0 0 1 0 0 0 0 1 1 1 0 1 0 1 0 0 0 0.0
95 30 7396 0 0 1 0 1 1 0 0 0 0 1 0 0 0 1 0 0 0 1 0 0 0 0 0 0 0 1 0 0 1 0.0
96 30 8911 0 0 0 0 1 1 0 1 1 0 0 0 0 1 0 0 1 0 1 0 0 0 0 0 0 0 0 0 1 1 0.0
97 30 7567 0 1 0 1 0 0 1 0 1 0 0 0 0 0 1 0 0 0 0 0 1 0 1 1 0 1 0 0 0 0 0.0
98 30 10535 1 0 1 0 0 0 1 1 0 0 0 1 1 1 1 0 0 1 0 0 1 0 0 0 0 0 1 0 0 0 0.0
99 30 9690 0 0 1 0 0 1 0 0 1 0 1 1 1 0 0 0 0 1 0 0 0 0 1 1 1 0 0 1 0 0 0.0
100 30 10217 0 0 0 0 0 1 0 1 0 1 1 0 0 0 1 0 0 0 0 0 1 1 1 1 1 0 0 0 0 0 0.0
101 30 9845 0 0 0 1 0 0 0 1 0 0 1 0 0 0 1 0 0 1 1 0 1 0 0 1 0 1 1 0 1 1 0.0
102 30 11473 0 1 1 0 1 0 0 0 1 1 1 1 0 0 0 0 1 0 0 1 0 0 0 0 0 0 1 1 0 1 0.0
103 30 7433 0 0 0 0 0 0 0 1 0 0 1 1 0 0 0 0 1 0 0 1 0 0 0 0 1 0 1 0 1 0 0.0
104 30 11647 0 1 0 0 0 0 1 0 0 0 1 0 1 1 1 1 0 0 0 0 0 1 0 0 0 1 1 1 0 0 0.0
105 30 8700 0 0 0 1 0 1 0 1 0 1 0 0 1 1 0 0 0 0 0 0 1 0 1 0 0 0 0 1 0 0 0.0
106 30 10376 1 1 0 1 0 0 0 0 0 0 0 0 0 1 1 0 0 1 0 0 0 1 0 0 0 1 1 1 0 1 0.0
107 30 12114 1 0 0 0 0 1 0 1 1 1 0 0 1 0 1 0 0 1 0 0 1 1 0 0 1 1 0 0 0 1 0.0
108 30 9376 1 0 1 1 0 0 0 0 0 0 0 1 0 0 0 0 0 0 1 0 1 0 0 1 0 0 0 0 0 1 0.0
109 30 8218 0 0 1 0 1 0 0 0 1 0 0 1 0 0 0 0 0 0 0 1 0 0 0 0 0 0 1 1 1 1 0.0
110 30 9321 0 0 0 1 0 0 0 1 0 0 1 0 1 0 0 1 1 0 1 0 1 0 0 0 0 0 1 0 0 0 0.0
111 30 12322 0 0 0 1 1 0 0 0 0 0 0 1 1 0 0 1 1 1 0 1 0 0 1 1 1 1 1 0 0 1 0.0
112 30 8556 1 1 1 0 0 0 0 0 0 0 0 0 0 0 1 1 0 0 1 0 0 0 1 1 0 1 0 0 0 0 0.0
113 30 7231 0 1 0 1 0 0 0 0 0 0 0 0 0 1 1 1 0 0 0 0 0 0 1 1 0 0 0 1 0 0 0.0
114 30 8336 0 0 0 1 0 0 0 0 1 1 0 1 0 1 0 0 1 1 1 0 0 1 0 0 0 0 0 1 1 0 0.0
115 30 7362 1 0 0 0 1 0 0 0 0 1 0 0 1 0 0 1 1 1 0 0 0 1 0 0 0 0 1 0 1 0 0.0
116 30 10624 0 1 0 0 1 0 1 0 0 1 0 1 0 0 0 1 0 0 0 0 0 0 1 0 0 0 1 0 0 1 0.0
117 30 7717 0 0 0 0 1 1 0 0 0 0 0 0 1 0 0 1 0 0 0 0 0 0 1 1 0 1 0 1 1 0 0.0
118 30 7880 1 1 0 0 0 1 0 0 1 0 0 1 1 1 0 0 0 1 0 0 0 0 0 1 0 1 1 0 0 0 0.0
119 30 7732 0 0 0 0 0 0 0 1 0 1 0 0 1 0 0 0 0 1 0 0 1 0 1 1 0 1 0 0 0 1 0.0
120 30 8181 1 0 0 0 1 0 1 1 1 0 0 1 0 1 1 0 1 0 0 0 0 0 0 0 0 0 0 0 0 0 0.0
121 30 13118 0 0 1 0 0 0 0 1 1 1 0 0 1 0 1 0 1 1 0 0 1 0 1 1 1 0 0 0 0 0 0.0
122 30 9038 0 1 0 1 1 1 1 1 0 0 0 0 0 0 0 0 0 1 1 0 0 0 0 1 1 1 1 0 0 0 0.0
123 30 7257 0 1 0 0 0 0 0 0 0 1 1 1 0 0 1 0 0 0 1 0 1 0 0 0 0 0 1 0 1 0 0.0
124 30 11269 1 0 1 0 0 0 0 1 1 0 1 1 0 0 0 0 0 0 0 0 1 1 0 1 0 0 0 0 1 1 0.0
125 30 8703 0 0 0 1 1 1 0 0 0 0 0 0 1 0 0 1 0 0 0 0 0 0 1 0 0 1 1 0 0 0 0.0
126 30 10712 0 0 0 0 1 1 1 0 0 1 1 0 0 0 1 0 0 0 0 0 0 1 0 1 0 0 0 0 0 1 0.0
127 30 9093 0 0 1 1 0 0 0 0 0 0 1 0 1 0 1 0 1 0 0 1 1 0 0 1 0 0 0 0 0 1 0.0
128 30 7341 0 0 0 0 1 1 1 0 0 0 0 0 1 0 0 1 0 1 0 0 0 0 0 1 0 1 0 1 0 0 0.0
129 30 9985 0 1 0 1 1 0 0 1 1 0 1 0 1 0 0 0 0 1 0 1 1 1 0 0 1 0 0 0 0 1 0.0
130 30 7724 0 1 0 0 0 0 0 1 0 1 0 0 0 0 0 0 0 1 1 0 0 0 1 0 0 1 0 0 0 0 0.0
131 30 8254 0 0 1 0 0 0 1 1 0 0 0 0 1 1 1 0 0 0 0 0 0 0 0 1 1 0 1 0 0 0 0.0
132 30 11590 0 0 0 0 1 0 0 0 0 0 1 0 1 0 0 0 1 0 0 0 0 1 1 1 1 0 1 0 1 1 0.0
133 30 8436 0 0 0 0 1 0 1 0 0 0 1 1 0 0 1 1 1 0 0 1 1 0 0 0 0 0 0 0 0 0 0.0
134 30 8720 0 1 1 0 0 0 0 0 0 0 0 0 1 0 0 0 1 1 0 1 0 1 1 0 1 0 0 0 0 0 0.0
135 30 10147 0 1 0 1 0 1 0 1 0 0 0 1 0 1 1 1 1 0 0 0 0 0 0 0 0 0 0 1 0 0 0.0
136 30 10620 1 0 1 1 0 1 0 0 0 1 1 1 0 1 0 0 0 0 1 0 0 1 1 0 0 0 1 0 0 0 0.0
137 30 7623 0 0 0 0 1 0 0 0 0 0 0 1 0 0 0 0 0 0 0 0 0 0 1 1 0 1 0 0 1 1 0.0
138 30 7102 0 0 0 0 0 0 1 1 0 0 0 0 0 0 0 1 0 0 1 1 0 0 0 1 0 0 0 0 1 1 0.0
139 30 7223 0 0 0 0 1 0 1 1 0 0 0 1 0 0 1 1 1 0 0 1 0 0 0 0 0 0 1 0 0 0 0.0
140 30 7984 1 0 1 0 0 1 1 1 0 0 0 0 1 0 0 0 0 0 0 0 0 1 0 1 0 0 1 0 0 0 0.0
141 30 8868 1 0 0 1 0 1 0 1 0 1 0 0 0 0 0 0 0 1 0 0 1 0 0 1 1 0 1 0 1 0 0.0
142 30 10957 1 0 0 0 0 0 1 0 0 0 0 1 0 0 0 1 1 1 0 0 0 1 1 0 0 1 1 0 0 1 0.0
143 30 7530 1 1 0 1 0 0 0 1 0 0 0 0 0 1 1 0 0 0 0 1 0 0 0 0 0 0 0 0 1 0 0.0
144 30 8333 1 0 0 0 1 1 0 0 1 0 0 0 1 0 0 0 1 0 1 1 0 0 0 0 0 0 0 1 0 1 0.0
145 30 7906 0 0 0 0 0 1 0 1 0 1 1 0 0 0 1 0 0 0 0 0 0 1 0 1 0 1 0 0 0 0 0.0
146 30 10705 0 0 0 0 1 1 0 1 0 0 0 1 0 1 0 1 1 0 1 0 0 1 0 1 0 0 0 0 0 0 0.0
147 30 10061 0 1 1 0 0 0 0 0 1 0 0 1 0 0 1 0 0 0 1 1 0 1 0 1 1 0 1 0 0 0 0.0
148 30 10195 0 1 0 0 0 0 0 0 1 0 0 1 1 1 1 0 0 1 1 1 1 0 0 0 0 0 1 0 0 1 0.0
149 30 7701 0 0 0 0 1 0 0 0 0 0 0 1 0 0 1 0 0 1 0 0 0 1 0 1 0 0 0 0 0 1 0.0
150 30 8337 1 1 0 0 0 1 0 0 0 1 0 0 0 0 0 1 0 0 0 0 1 0 0 0 0 0 1 0 0 1 0.0
151 30 9184 0 0 0 0 1 0 0 0 0 1 0 0 0 1 0 1 1 1 0 0 1 0 0 1 0 0 0 1 0 1 0.0
152 30 9743 0 0 1 1 0 0 0 0 1 0 0 1 1 0 1 0 1 1 1 0 0 0 0 1 0 0 0 0 1 0 0.0
153 30 9235 0 0 1 0 0 1 1 1 0 0 0 0 1 1 0 0 0 1 0 0 0 1 0 0 1 1 0 0 0 0 0.0
154 30 12566 0 0 0 0 0 0 0 1 0 0 0 0 1 0 0 1 1 1 1 0 0 1 1 1 0 0 0 1 0 1 0.0
155 30 9201 0 1 0 1 1 0 0 0 0 1 0 1 0 0 0 0 0 1 0 1 0 1 0 0 1 1 0 0 0 1 0.0
156 30 10563 0 0 1 1 0 1 0 0 0 1 0 1 1 0 1 1 0 1 0 0 0 0 0 0 0 0 0 0 0 0 0.0
157 30 8158 0 0 0 0 0 0 0 1 1 0 1 0 0 0 0 1 1 0 0 0 0 1 1 1 1 0 1 0 0 1 0.0
158 30 6566 0 0 0 0 0 0 0 0 1 0 0 1 0 0 1 0 1 0 0 0 0 0 1 0 1 1 0 1 0 0 0.0
159 30 7533 0 0 0 0 0 1 1 0 1 1 0 0 0 0 0 0 1 1 0 0 1 1 1 1 0 0 0 0 0 1 0.0
160 30 9785 0 0 0 0 0 1 0 1 0 0 1 1 0 0 1 0 0 0 1 1 1 1 0 0 0 0 0 0 0 0 0.0
161 30 6701 0 0 1 0 0 0 0 0 1 0 0 0 0 0 1 1 0 0 0 0 1 0 1 1 0 0 0 0 0 0 0.0
162 30 9307 0 0 0 1 1 1 0 0 0 0 0 0 1 0 0 0 1 0 1 0 0 0 1 1 0 1 0 0 0 1 0.0
163 30 8763 1 0 0 1 1 1 0 0 0 1 0 0 0 0 0 0 1 0 0 1 0 1 0 1 0 1 1 0 0 0 0.0
164 30 10365 0 0 0 0 0 1 0 0 0 1 0 0 1 1 0 0 0 1 1 0 1 0 0 1 0 0 1 1 1 0 0.0
165 30 8414 0 0 1 1 0 0 0 0 0 1 1 0 0 0 0 0 0 1 0 0 0 0 0 0 0 1 1 1 0 0 0.0
166 30 10316 0 0 1 0 0 0 0 1 0 0 1 0 1 1 0 0 0 0 0 0 1 0 1 1 0 1 1 0 0 0 0.0
167 30 10003 0 1 1 0 0 0 1 0 0 1 0 0 0 0 1 1 0 0 1 0 0 0 0 1 0 0 0 0 1 0 0.0
168 30 10744 1 0 0 1 0 0 0 1 1 0 0 0 0 0 0 0 1 1 0 1 0 0 0 0 1 0 0 1 0 1 0.0
169 30 7339 0 1 0 1 1 0 1 0 0 1 1 0 0 0 0 0 0 0 0 0 0 0 1 0 0 0 0 0 1 1 0.0
170 30 8427 1 0 1 0 1 0 0 1 1 0 0 0 0 0 0 1 0 0 1 0 1 1 1 1 0 1 0 0 0 0 0.0
171 30 8424 0 0 0 1 1 0 0 1 1 0 0 1 0 0 1 1 0 1 1 0 0 0 1 1 0 0 0 0 0 0 0.0
172 30 10597 1 0 0 1 1 0 0 0 1 1 0 0 0 0 0 0 1 1 0 0 0 0 0 0 0 1 0 1 0 1 0.0
173 30 11834 0 0 1 0 0 1 1 0 0 1 1 0 0 1 0 0 0 1 0 0 0 0 1 0 0 1 0 1 1 0 0.0
174 30 9441 0 1 0 0 0 0 0 0 0 1 1 0 0 0 0 0 1 1 1 1 0 1 1 1 0 1 0 0 1 0 0.0
175 30 8325 0 0 1 0 0 0 0 0 1 1 0 1 0 0 0 0 1 0 0 0 1 0 0 0 0 0 1 1 1 0 0.0
176 30 10955 1 0 1 0 0 1 0 1 1 1 0 0 0 0 0 1 0 1 0 0 0 1 0 1 0 1 0 0 0 1 0.0
177 30 7065 0 0 1 0 0 0 1 1 0 0 1 0 0 1 0 1 1 0 0 0 1 0 1 0 0 0 0 0 0 0 0.0
178 30 8530 0 1 0 0 0 0 0 1 1 1 0 0 0 1 0 0 0 0 1 0 0 1 0 1 0 1 0 0 0 0 0.0
179 30 10815 0 1 0 0 0 0 0 0 0 0 1 0 0 0 1 0 1 0 0 1 0 0 0 0 1 1 0 1 1 1 0.0
180 30 8332 1 1 1 0 0 0 0 0 0 0 0 0 1 0 0 0 0 0 0 0 0 1 0 0 0 1 0 0 1 1 0.0
181 30 10902 1 1 1 0 0 0 0 0 1 0 1 0 0 0 1 1 0 0 0 1 0 0 0 0 0 1 1 1 0 0 0.0
182 30 10310 0 0 0 0 0 0 0 0 0 1 0 0 1 1 0 1 0 0 1 0 0 1 1 0 0 0 1 1 1 1 0.0
183 30 10250 1 1 1 0 0 0 1 0 1 0 0 0 0 0 0 0 1 0 1 1 0 0 1 0 0 1 1 1 1 0 0.0
184 30 8104 0 0 0 1 0 1 0 1 0 1 1 1 0 1 0 1 0 0 0 0 1 0 0 1 0 1 0 0 1 0 0.0
185 30 7881 0 0 1 0 1 0 0 0 0 0 1 1 1 0 1 0 0 0 0 0 1 0 0 0 0 0 0 0 0 0 0.0
186 30 7996 0 0 0 0 0 1 1 0 0 1 1 0 0 0 0 1 0 0 0 1 0 0 0 0 0 0 1 1 0 0 0.0
187 30 9633 0 0 1 0 1 0 0 1 1 0 0 1 0 0 0 0 0 1 1 0 0 0 0 0 1 0 0 1 0 0 0.0
188 30 6367 0 1 0 0 0 0 0 0 0 1 0 0 0 1 0 1 0 0 0 0 0 0 0 0 1 1 0 1 1 0 0.0
189 30 8550 0 1 0 0 0 1 0 0 0 0 1 0 0 0 0 0 1 1 1 1 0 0 1 0 0 0 0 0 0 1 0.0
190 30 10234 0 0 1 1 0 0 0 0 0 0 1 1 0 0 0 0 0 1 1 1 0 0 0 0 1 1 0 0 1 0 0.0
191 30 9192 1 1 0 1 0 0 0 1 0 0 0 1 0 1 0 0 0 0 1 0 0 1 0 0 0 0 0 0 0 0 0.0
192 30 9181 1 0 0 0 0 0 0 0 0 0 0 1 1 1 1 0 0 0 1 1 0 0 1 0 1 1 0 0 0 0 0.0
193 30 9455 0 0 0 0 1 1 0 0 0 0 0 1 1 0 0 1 1 1 0 0 0 0 0 1 0 1 0 1 1 1 0.0
194 30 8716 1 0 1 0 0 0 0 0 0 1 1 0 0 0 0 0 1 0 0 0 0 0 0 1 1 1 0 0 1 0 0.0
195 30 10036 1 0 0 0 1 0 1 1 0 1 1 0 1 0 1 0 0 0 0 0 0 0 0 1 1 1 0 0 0 0 0.0
196 30 7064 1 0 1 0 0 1 0 1 1 0 0 0 0 0 1 0 1 0 0 0 0 1 0 0 0 0 0 0 0 0 0.0
197 30 10501 0 1 1 0 1 0 1 0 0 1 1 0 1 0 0 0 0 1 0 0 0 0 0 0 1 0 0 0 0 1 0.0
198 30 11882 0 0 0 0 0 1 0 0 0 1 0 0 1 1 0 0 0 0 0 0 1 0 1 1 1 1 0 1 1 1 0.0
199 30 10451 1 0 0 1 0 0 0 0 0 1 0 1 0 0 0 0 1 0 1 1 0 0 1 0 0 1 1 0 0 0 0.0
200 30 7607 0 1 0 1 0 1 0 0 0 0 0 0 0 0 1 0 1 0 0 0 0 0 1 0 0 1 1 1 1 0 0.0
201 30 9946 0 0 1 0 0 1 0 0 1 0 0 1 1 0 0 0 1 0 1 1 0 0 0 0 0 0 1 0 1 0 0.0
202 30 9646 1 1 0 0 0 0 0 1 0 0 0 0 1 0 0 0 0 0 1 1 0 0 1 0 0 0 0 0 1 0 0.0
203 30 10201 1 1 1 0 0 0 1 0 0 1 0 0 0 0 1 0 0 0 0 0 0 1 0 0 0 0 1 1 1 0 0.0
204 30 13067 1 0 0 1 0 0 0 1 1 0 1 0 0 0 0 1 0 0 1 0 0 1 1 0 1 0 0 0 1 1 0.0
205 30 8033 1 0 0 1 0 1 0 0 0 0 0 0 1 0 0 0 0 1 0 0 1 0 0 0 0 1 1 0 0 0 0.0
206 30 10312 1 1 1 0 0 0 0 1 0 0 0 0 0 0 0 0 0 1 1 1 0 0 1 0 0 1 0 1 0 1 0.0
207 30 12198 0 1 1 1 0 0 0 1 1 0 1 1 0 0 0 1 1 0 0 1 0 0 0 0 0 1 0 1 0 0 0.0
208 30 7189 0 1 0 0 0 0 1 0 0 0 0 0 1 0 1 0 1 1 0 0 0 1 1 0 0 1 1 0 0 1 0.0
209 30 8249 0 0 1 0 1 0 0 0 0 0 1 0 0 0 1 0 1 0 1 0 0 0 1 0 0 0 0 1 0 1 0.0
210 30 10025 0 1 1 0 1 0 0 0 1 0 0 0 1 0 1 1 0 0 0 1 1 0 0 1 0 0 0 1 0 0 0.0
211 30 10066 1 1 0 0 1 1 0 1 0 1 1 0 0 0 0 0 0 0 0 1 0 0 0 0 0 1 1 0 0 0 0.0
212 30 7072 1 0 0 0 1 0 1 1 1 0 1 0 0 0 1 1 1 0 0 0 0 0 0 0 1 0 0 1 0 0 0.0
213 30 8909 0 0 1 0 0 0 0 0 0 1 0 1 0 1 0 1 0 0 0 0 1 1 0 1 0 1 1 0 0 0 0.0
214 30 9991 1 1 0 0 0 0 0 0 0 1 1 1 1 0 0 1 1 0 0 1 0 1 1 0 0 0 0 0 0 0 0.0
215 30 7206 0 0 0 0 0 1 0 0 0 0 1 1 0 0 0 1 0 1 0 0 0 1 1 0 0 1 0 0 1 1 0.0
216 30 11209 0 1 0 0 0 1 0 1 0 1 1 0 0 1 1 0 0 0 0 1 1 0 1 1 1 0 0 0 0 0 0.0
217 30 9409 1 1 0 1 1 0 0 0 0 0 1 1 0 1 0 0 0 1 1 0 0 0 0 1 0 0 0 1 0 1 0.0
218 30 8463 1 1 1 1 0 0 1 0 0 0 1 0 0 0 0 0 0 0 1 0 0 0 1 0 1 1 0 0 0 0 0.0
219 30 9312 0 0 1 0 0 0 0 0 0 1 1 0 0 1 0 1 0 0 0 1 0 0 1 1 0 1 0 0 0 0 0.0
220 30 8976 1 0 1 1 0 0 1 0 1 0 0 0 1 0 0 1 0 0 1 1 0 0 0 1 1 1 0 1 0 0 0.0
221 30 9886 0 0 0 0 0 1 0 1 0 1 1 0 1 0 0 1 0 1 0 1 0 0 0 1 0 1 1 0 0 0 0.0
222 30 8458 0 1 0 0 1 0 1 0 0 0 0 0 0 1 0 0 0 1 0 1 1 0 0 0 0 0 0 0 1 1 0.0
223 30 7458 0 0 1 0 0 0 0 1 1 0 1 0 1 0 1 1 0 1 0 1 0 0 0 0 0 0 0 0 0 1 0.0
224 30 11122 0 0 1 0 0 0 1 1 0 1 1 0 0 1 1 0 1 1 0 0 1 1 0 1 1 0 0 0 0 0 0.0
225 30 8693 0 0 0 0 1 1 0 0 0 0 0 1 1 1 0 1 1 0 0 0 0 1 0 1 0 0 0 0 0 0 0.0
226 30 9851 0 1 0 1 1 1 0 0 0 0 1 0 0 0 0 1 0 0 1 0 0 0 0 1 1 0 1 0 0 0 0.0
227 30 8353 1 0 1 1 0 0 0 0 1 0 0 0 1 0 0 0 0 0 0 0 1 0 1 1 1 1 0 0 0 0 0.0
228 30 9005 1 0 0 0 0 0 1 0 0 0 0 0 1 1 0 0 0 1 0 0 0 1 0 1 1 1 0 0 0 0 0.0
229 30 11179 1 0 0 0 0 0 0 0 0 1 1 0 1 0 0 1 0 0 1 1 0 1 1 0 0 0 1 0 1 0 0.0
230 30 8528 0 0 0 0 0 1 1 1 0 0 1 1 0 0 0 0 0 1 1 1 0 1 0 0 0 0 0 0 0 1 0.0
231 30 9033 0 0 0 0 1 0 0 0 1 0 0 0 0 0 0 1 1 0 0 0 0 1 1 0 0 1 0 0 0 0 0.0
232 30 11818 1 1 1 1 0 0 1 0 0 0 1 1 1 0 1 1 0 0 0 0 0 0 0 0 1 0 1 1 1 0 0.0
233 30 9921 0 0 0 1 0 0 0 0 1 0 0 0 0 0 1 1 1 0 1 0 0 1 1 0 0 0 1 0 0 0 0.0
234 30 9867 0 0 0 1 0 0 0 1 0 0 0 1 0 0 0 0 0 0 1 1 1 1 1 1 0 1 0 1 0 0 0.0
235 30 9100 0 0 1 0 1 0 0 0 1 1 1 0 1 0 1 0 1 0 0 1 0 0 0 0 0 0 0 0 0 0 0.0
236 30 7101 0 0 0 0 0 0 0 0 0 1 0 0 0 1 0 0 1 0 0 0 1 0 0 0 1 0 1 0 0 1 0.0
237 30 8964 1 0 0 0 0 0 1 0 0 0 0 0 0 1 0 0 0 0 1 1 0 0 1 0 0 0 0 1 1 1 0.0
238 30 10278 1 0 0 1 1 1 0 0 0 0 0 1 1 1 0 0 0 0 0 0 0 1 0 1 0 0 0 1 1 1 0.0
239 30 7447 0 0 0 0 0 0 0 0 0 1 0 0 0 0 0 0 0 0 1 0 0 1 0 0 1 1 0 1 1 1 0.0
240 30 8689 1 0 0 0 1 0 0 0 0 0 1 0 0 1 1 0 0 1 0 0 0 0 1 1 1 1 0 0 0 0 0.0
241 30 10374 0 0 0 1 1 0 1 0 0 1 1 0 1 0 0 1 0 0 1 0 0 0 0 0 0 0 1 0 0 1 0.0
242 30 9051 0 0 0 0 1 0 1 0 0 1 1 0 0 1 0 0 0 0 1 0 0 0 0 0 0 1 0 1 0 1 0.0
243 30 8439 0 1 0 0 0 0 0 1 0 1 0 0 0 0 1 1 0 0 1 0 0 0 1 0 0 0 0 0 1 0 0.0
244 30 9842 1 1 0 0 0 0 1 0 0 0 1 1 0 1 0 0 0 0 1 1 0 1 0 1 0 0 1 0 0 1 0.0
245 30 10769 0 0 1 1 0 0 0 0 1 1 0 0 0 0 1 0 1 0 0 1 1 0 0 1 0 1 0 1 1 0 0.0
246 30 10014 1 0 1 1 0 0 0 0 0 1 0 0 1 0 0 0 1 0 1 0 0 0 0 0 0 1 0 0 1 1 0.0
247 30 9774 1 0 1 0 1 1 1 0 1 0 0 1 0 0 0 0 0 1 0 1 1 0 0 0 1 0 0 0 0 0 0.0
248 30 10034 1 1 0 1 0 0 1 0 0 0 1 0 0 0 0 0 1 0 0 0 0 1 0 1 1 0 0 1 0 0 0.0
249 30 10581 0 1 0 0 1 0 0 0 0 0 1 0 1 0 1 1 0 0 0 1 0 0 1 1 0 0 1 0 0 0 0.0
250 30 11133 0 0 0 1 1 1 0 1 1 1 1 0 1 0 0 1 0 0 0 1 1 0 0 0 0 0 0 0 0 1 0.0
251 30 9337 1 0 1 0 1 0 1 1 0 0 0 1 0 1 1 0 0 0 0 0 0 0 0 0 1 1 0 0 0 0 0.0
252 30 9348 0 0 0 0 0 0 0 0 0 0 1 1 0 1 0 0 1 1 0 0 1 1 1 0 0 1 0 0 1 0 0.0
253 30 9858 1 0 0 1 0 0 0 0 0 0 1 0 1 0 0 0 0 1 0 1 1 0 0 0 0 0 0 1 1 1 0.0
254 30 11153 0 0 0 0 1 1 0 1 0 1 0 1 1 0 0 1 0 1 0 1 0 0 0 0 0 1 1 0 1 1 0.0
255 30 7939 0 0 0 0 1 0 0 0 0 1 0 0 1 1 0 1 0 0 0 0 0 0 1 0 0 0 0 1 0 0 0.0
256 30 7996 1 0 1 0 1 0 0 0 1 0 0 1 0 0 1 0 0 1 0 0 1 1 0 0 1 0 0 0 0 0 0.0
257 30 8529 0 0 1 0 1 0 0 0 1 0 1 0 0 0 1 0 0 0 0 0 1 1 0 0 0 0 0 0 1 0 0.0
258 30 9850 0 0 1 0 0 0 1 0 1 1 0 0 1 0 1 1 0 0 1 1 1 0 0 0 0 1 0 0 1 0 0.0
259 30 8731 0 1 0 1 0 0 1 0 1 1 0 0 0 0 0 0 0 1 0 0 0 1 1 0 1 1 0 1 0 0 0.0
260 30 9624 1 1 0 1 0 0 0 1 1 0 0 1 0 0 0 0 1 1 0 0 1 0 0 0 0 0 1 0 0 0 0.0
261 30 11720 1 0 1 0 1 0 1 1 1 0 0 0 1 1 1 0 0 0 0 0 0 0 0 1 0 1 0 0 0 1 0.0
262 30 7314 0 0 0 0 1 1 1 1 0 0 0 1 0 0 0 1 1 0 0 0 1 1 0 0 0 0 1 0 0 0 0.0
263 30 9063 0 0 0 0 1 0 0 0 1 1 0 0 1 0 0 1 1 1 0 0 0 0 0 0 0 0 1 0 1 0 0.0
264 30 8478 1 0 0 1 0 0 0 0 0 0 0 1 0 1 1 0 0 1 1 0 0 1 1 0 0 1 0 0 0 0 0.0
265 30 9162 0 1 0 0 1 0 1 0 0 1 1 1 0 0 1 1 0 0 0 0 0 0 0 0 1 0 0 0 0 0 0.0
266 30 10770 0 0 1 1 1 0 1 1 0 0 1 1 1 1 0 0 0 0 0 0 0 0 0 1 0 0 0 1 0 0 0.0
267 30 8490 0 0 0 1 0 1 1 0 0 0 0 0 1 0 0 0 1 0 0 0 0 1 1 0 0 1 0 0 0 0 0.0
268 30 11392 0 1 0 0 0 1 1 0 0 0 1 0 1 0 0 0 0 1 1 1 0 0 0 0 0 1 1 0 0 0 0.0
269 30 11419 1 0 0 1 0 0 1 1 0 1 0 1 0 0 0 0 1 0 0 0 0 0 1 0 1 0 1 0 0 0 0.0
270 30 9373 1 0 1 0 1 0 1 0 0 0 0 1 1 0 0 0 1 0 0 0 1 1 0 0 0 0 0 0 0 1 0.0
271 30 9420 0 1 1 1 1 0 0 0 0 1 0 0 0 1 0 0 0 0 0 0 0 1 0 1 1 0 1 1 0 0 0.0
272 30 9513 0 0 0 0 1 0 1 0 1 0 0 0 0 1 0 0 1 0 0 0 1 1 0 0 1 0 0 0 0 1 0.0
273 30 10469 0 0 0 1 0 0 1 0 1 0 0 1 1 1 1 0 1 0 0 0 0 1 1 0 0 0 0 0 0 0 0.0
274 30 8367 1 0 0 1 0 1 0 1 0 0 0 0 0 0 0 0 0 0 1 0 0 1 0 0 1 1 1 0 0 0 0.0
275 30 10019 0 0 1 1 0 0 0 1 0 0 1 0 1 0 0 1 1 0 1 1 1 0 0 0 1 1 0 0 0 0 0.0
276 30 8407 0 1 0 0 0 1 0 1 0 0 0 0 1 0 0 1 0 0 1 0 1 0 0 1 1 0 0 0 0 1 0.0
277 30 9974 1 0 1 1 1 1 0 0 0 0 1 0 0 1 0 0 0 1 0 0 1 0 0 0 0 1 0 0 0 0 0.0
278 30 9374 0 0 0 0 0 1 0 1 0 0 0 0 0 1 1 1 1 1 0 0 1 0 0 0 0 0 1 1 0 0 0.0
279 30 9435 1 1 0 0 0 1 0 0 0 0 0 1 0 0 0 0 1 0 1 0 0 0 1 0 0 1 1 1 0 1 0.0
280 30 10640 0 0 1 0 0 0 0 1 1 1 1 1 0 0 1 0 0 1 0 1 0 0 0 0 0 0 0 0 0 0 0.0
281 30 9891 1 1 0 1 1 1 1 1 0 0 0 0 0 1 0 0 0 1 0 1 0 0 0 0 1 0 1 0 0 0 0.0
282 30 10325 0 0 1 0 1 1 0 0 0 0 0 1 0 0 1 0 1 0 0 0 0 0 0 1 1 0 0 0 0 1 0.0
283 30 6266 0 1 0 0 1 0 0 0 0 0 0 0 0 0 1 0 0 1 0 1 1 0 1 0 0 1 0 0 0 0 0.0
284 30 13284 1 1 0 1 0 0 0 1 1 0 0 0 0 1 0 0 1 1 0 0 1 0 0 1 0 1 0 0 1 0 0.0
285 30 10585 1 1 0 1 0 0 0 1 1 1 0 0 0 0 0 0 0 1 0 1 1 0 0 0 0 1 0 0 0 1 0.0
286 30 10099 0 0 0 0 0 1 1 0 1 0 0 0 0 0 0 1 0 0 0 1 0 0 1 1 0 0 1 0 1 0 0.0
287 30 9131 0 0 0 1 0 0 0 1 1 0 0 0 0 1 1 0 0 0 0 0 1 1 0 0 0 0 0 1 1 1 0.0
288 30 11728 0 1 0 0 1 1 1 0 0 0 0 1 0 0 0 0 0 0 1 0 0 0 1 0 1 1 1 0 1 1 0.0
289 30 8788 0 0 0 1 0 0 1 1 0 1 0 0 1 1 0 0 1 0 0 0 0 1 1 0 0 0 1 0 1 0 0.0
290 30 7221 0 1 0 1 0 0 0 1 0 0 0 1 1 0 0 0 1 0 0 0 0 1 0 1 0 0 0 0 0 1 0.0
291 30 7171 0 1 0 0 0 1 0 1 0 0 1 0 0 0 0 0 0 0 0 0 0 0 0 0 1 1 0 1 1 0 0.0
292 30 5223 0 0 0 0 0 1 0 0 0 0 0 1 0 0 0 0 0 0 0 0 0 1 1 0 0 0 0 1 0 0 0.0
293 30 8018 0 0 0 0 0 1 1 1 0 0 0 0 0 1 0 1 0 1 1 0 1 0 0 0 0 0 0 0 0 0 0.0
294 30 8003 0 1 0 1 0 0 0 1 1 0 1 0 0 0 1 0 1 0 1 0 0 0 0 0 0 0 0 1 1 1 0.0
295 30 7772 0 0 0 0 0 0 0 1 0 0 0 0 1 0 0 1 1 1 0 0 0 1 1 1 0 1 0 0 0 1 0.0
296 30 7482 0 0 0 1 1 0 0 0 0 1 0 1 1 1 0 1 0 1 1 0 0 0 0 0 0 0 0 0 1 0 0.0
297 30 7927 1 0 1 0 0 1 0 1 1 0 1 0 0 0 0 1 0 0 0 0 0 0 0 0 1 0 0 0 0 0 0.0
298 30 8582 1 0 0 1 0 0 1 1 0 0 0 0 1 0 0 0 0 0 1 0 0 0 1 0 0 0 0 1 0 1 0.0
299 30 7955 0 0 0 1 0 0 0 1 1 0 0 1 0 0 0 1 0 0 0 0 0 0 0 0 0 1 0 0 1 1 0.0
300 30 8794 1 0 0 0 1 1 0 1 1 0 0 0 0 1 0 0 0 0 0 0 1 0 0 0 1 0 1 0 0 1 0.0
301 30 10904 0 0 0 1 1 1 0 0 1 0 0 1 1 1 1 1 0 0 0 1 0 0 0 0 1 1 0 0 0 0 0.0
302 30 10112 0 0 1 0 0 0 1 0 0 0 1 0 1 0 1 1 1 1 0 0 0 0 0 0 1 1 0 0 0 0 0.0
303 30 10161 1 0 0 0 1 0 0 0 1 0 0 1 1 1 0 0 0 1 1 1 0 0 1 0 0 0 0 0 1 0 0.0
304 30 9621 0 1 0 1 0 1 0 0 0 0 1 1 0 0 1 0 0 0 0 0 0 1 0 1 0 0 0 1 0 0 0.0
305 30 8544 0 0 0 0 0 1 1 0 0 1 0 0 0 0 0 1 1 1 0 0 1 1 0 0 0 1 0 0 1 0 0.0
306 30 9454 0 1 1 0 0 0 1 0 1 0 0 0 1 1 1 1 0 0 0 1 0 1 0 0 0 0 0 0 1 0 0.0
307 30 10137 0 0 0 1 0 0 1 0 1 0 1 0 1 0 0 0 1 0 1 0 0 0 0 1 1 0 0 1 0 1 0.0
308 30 8136 0 0 0 1 0 0 0 1 0 1 1 0 0 0 0 0 0 0 0 1 1 0 0 0 1 0 1 1 0 1 0.0
309 30 9397 0 0 0 1 0 0 1 0 0 0 1 1 0 0 0 1 0 0 1 0 1 1 1 0 0 0 0 0 0 0 0.0
310 30 10572 1 0 0 0 1 0 0 0 0 0 0 0 0 1 0 1 1 0 1 0 1 0 0 1 0 0 1 0 0 1 0.0
311 30 8481 1 1 1 0 0 1 0 0 0 1 0 1 0 0 0 1 0 0 0 0 1 0 0 0 0 0 0 0 0 1 0.0
312 30 6348 0 0 1 0 0 0 0 1 0 1 0 0 0 0 0 0 0 0 0 0 1 0 0 1 1 0 0 0 0 1 0.0
313 30 8077 0 1 1 0 0 0 0 1 0 1 0 1 0 0 0 0 1 1 0 0 0 0 0 0 0 0 0 0 1 1 0.0
314 30 7180 1 1 1 0 1 0 0 1 0 0 0 1 1 0 1 1 0 0 1 0 0 0 0 0 0 0 1 0 0 0 0.0
315 30 8537 1 0 0 0 0 1 0 0 0 1 1 0 0 0 1 1 0 0 0 0 1 0 0 0 0 1 1 1 0 0 0.0
316 30 5733 0 0 0 0 0 1 0 0 0 0 0 1 0 0 0 0 1 1 0 0 1 0 0 0 1 0 0 1 0 0 0.0
317 30 9281 0 0 1 1 0 0 1 0 0 0 0 0 1 0 0 0 1 1 0 0 0 0 0 1 0 0 1 1 1 0 0.0
318 30 10408 0 1 0 0 0 1 0 0 0 0 0 0 1 1 0 0 0 1 1 0 0 0 1 0 1 1 1 0 0 1 0.0
319 30 7639 0 1 0 0 0 0 0 1 0 0 0 1 0 1 1 0 0 0 0 0 0 0 0 1 1 0 0 0 0 1 0.0
320 30 7578 0 0 1 1 0 0 0 1 0 0 0 0 0 0 1 1 0 0 1 1 1 0 1 0 0 0 0 1 0 0 0.0
321 30 9101 0 1 0 1 0 1 1 1 0 0 0 0 0 0 1 0 0 1 1 0 0 0 0 0 1 0 0 1 1 0 0.0
322 30 8227 0 0 0 0 0 0 0 1 0 1 1 1 0 1 1 1 0 1 0 1 0 0 0 0 0 1 0 0 0 0 0.0
323 30 11767 1 0 0 0 0 1 0 0 1 1 0 1 1 0 0 0 1 0 0 1 0 1 0 0 0 1 1 0 1 0 0.0
324 30 9834 0 0 1 0 0 0 0 1 1 0 1 0 0 1 0 0 1 0 1 1 0 0 1 0 0 0 1 0 1 0 0.0
325 30 10064 0 0 0 0 1 0 0 0 0 1 1 1 0 1 1 0 0 0 1 0 0 0 1 0 0 1 0 0 0 0 0.0
326 30 8422 0 0 0 0 0 0 0 1 1 0 1 0 1 1 0 1 0 1 0 0 1 1 0 0 0 0 0 0 0 0 0.0
327 30 8587 0 1 0 0 0 1 1 1 0 1 1 0 0 1 0 0 0 0 0 1 1 0 0 0 0 0 1 0 0 0 0.0
328 30 9198 1 0 0 0 0 0 0 0 0 1 0 0 0 1 0 0 0 0 1 0 0 1 0 0 0 1 1 1 0 0 0.0
329 30 8562 1 0 0 0 0 0 0 0 1 1 0 0 0 1 1 0 0 0 0 0 1 1 1 0 0 0 1 1 1 0 0.0
330 30 10630 1 0 0 1 1 0 0 0 1 0 1 0 0 0 0 1 0 0 0 0 0 1 0 1 0 1 1 0 1 0 0.0
331 30 6754 1 0 0 0 1 1 0 0 0 1 0 0 0 1 0 0 0 1 0 0 0 0 1 0 0 1 0 0 0 0 0.0
332 30 12853 0 1 0 1 0 1 0 0 0 0 0 0 0 1 0 0 0 1 1 1 0 1 1 1 1 0 0 1 0 0 0.0
333 30 8586 0 0 0 1 0 1 0 0 1 1 0 0 1 0 1 1 0 0 0 0 1 0 0 0 1 1 0 1 0 0 0.0
334 30 10158 1 0 1 0 0 0 0 1 1 1 0 0 1 0 1 0 1 0 0 0 1 0 1 0 1 0 0 0 0 0 0.0
335 30 10691 1 0 1 0 0 0 0 0 1 1 0 0 0 1 0 1 0 0 0 0 0 1 1 0 1 0 0 0 0 0 0.0
336 30 8235 1 1 1 1 0 0 0 0 0 0 0 0 0 0 0 1 0 0 0 0 1 0 1 1 0 0 0 0 0 1 0.0
337 30 10317 0 1 0 0 0 1 0 1 0 0 0 0 1 1 1 0 0 0 0 1 1 1 0 0 0 0 1 0 0 0 0.0
338 30 8010 1 0 0 0 0 0 1 1 1 1 0 0 0 0 0 0 0 0 0 0 1 0 0 0 0 1 0 0 1 1 0.0
339 30 8931 1 0 0 0 0 1 0 1 0 0 0 0 0 0 1 1 0 0 0 0 1 0 1 0 0 0 1 1 1 0 0.0
340 30 10173 0 1 0 0 1 1 0 0 0 1 1 0 0 1 1 1 0 1 0 0 0 0 0 1 1 0 1 1 0 0 0.0
341 30 12446 0 0 0 0 0 1 0 0 1 1 1 1 0 0 1 0 1 1 0 0 0 0 0 1 1 0 1 1 0 0 0.0
342 30 13188 0 0 1 1 1 0 1 0 0 0 0 0 0 1 1 1 0 0 1 0 0 1 0 0 1 0 1 1 0 0 0.0
343 30 10483 0 0 0 1 1 0 0 1 0 1 1 0 0 0 1 0 0 1 1 0 0 1 0 0 0 0 1 1 0 0 0.0
344 30 7975 0 0 0 1 1 1 0 0 0 0 1 0 1 0 1 0 1 1 0 1 0 0 0 0 0 1 0 0 0 0 0.0
345 30 9277 0 0 0 1 0 1 0 0 1 0 0 0 1 0 1 0 0 1 1 0 0 0 1 0 0 0 0 1 0 0 0.0
346 30 9029 0 0 0 1 0 0 0 0 0 1 1 0 0 1 1 0 0 0 0 0 1 0 0 0 0 0 0 1 1 0 0.0
347 30 8997 0 0 0 0 0 0 0 1 1 1 0 1 1 0 0 0 1 1 1 0 0 0 0 0 0 1 0 0 0 0 0.0
348 30 6661 0 0 1 0 1 0 0 0 0 0 0 0 1 0 0 0 1 0 0 1 0 0 1 0 0 1 0 1 0 0 0.0
349 30 9904 0 1 0 1 0 1 0 1 0 1 0 1 1 0 0 1 0 0 0 0 1 0 0 0 1 0 1 0 0 0 0.0
350 30 9052 0 0 0 0 0 0 0 0 0 0 0 1 1 0 1 0 0 0 0 0 1 0 1 0 1 0 1 1 0 0 0.0
351 30 10362 1 1 0 1 0 0 0 0 0 0 1 0 0 0 0 1 1 0 1 0 0 0 0 1 1 0 1 0 1 0 0.0
352 30 6760 0 0 0 0 0 1 0 0 0 0 0 1 0 1 0 1 1 0 0 1 0 1 0 1 0 0 1 0 0 1 0.0
353 30 9818 1 0 1 0 0 1 1 1 0 0 1 0 1 0 0 0 0 0 0 0 1 0 1 0 1 0 0 0 0 0 0.0
354 30 9147 1 0 1 0 0 0 0 0 0 0 0 0 0 1 1 0 0 0 0 0 1 1 0 1 1 0 0 1 0 0 0.0
355 30 9179 0 0 1 0 0 0 0 1 1 0 0 0 1 0 0 1 0 1 0 1 1 0 0 0 0 0 0 1 0 0 0.0
356 30 9197 0 1 0 0 0 0 1 0 0 0 0 1 1 0 1 0 1 0 1 0 0 0 0 0 1 1 0 0 0 1 0.0
357 30 10220 0 0 1 0 1 0 0 1 0 1 0 0 1 1 0 0 0 0 0 0 1 0 0 1 1 1 1 0 0 0 0.0
358 30 8178 0 1 1 0 0 1 0 0 0 0 1 0 0 0 0 1 0 1 0 0 0 0 0 0 1 1 1 1 0 0 0.0
359 30 9348 0 0 0 0 0 1 0 1 0 1 0 0 1 1 0 0 1 0 0 1 1 1 0 0 0 1 1 1 1 0 0.0
360 30 9303 1 0 0 0 1 1 0 1 0 0 0 0 1 0 0 1 1 0 0 0 0 0 1 0 1 0 0 0 1 0 0.0
361 30 8663 0 0 0 0 0 1 1 0 1 0 0 0 1 0 0 0 1 0 1 0 0 1 0 1 1 1 0 0 1 1 0.0
362 30 7631 0 1 0 0 0 0 1 0 0 1 1 0 1 0 1 0 0 0 1 0 0 0 1 0 0 0 1 0 0 1 0.0
363 30 10293 0 0 0 0 0 1 0 1 0 0 0 0 0 1 1 0 0 0 0 0 0 0 1 1 1 1 1 0 1 0 0.0
364 30 7357 0 1 0 0 0 0 0 0 0 0 0 0 0 0 0 1 0 0 0 0 0 1 0 1 1 0 0 1 1 1 0.0
365 30 9495 0 0 0 0 0 0 1 1 1 0 0 0 0 0 1 0 1 1 1 1 0 0 0 0 0 1 0 0 0 0 0.0
366 30 8906 0 0 0 1 0 0 0 0 0 1 0 0 1 0 0 0 0 0 0 1 1 1 1 1 0 0 1 0 1 0 0.0
367 30 11167 1 0 0 0 0 0 0 1 0 1 0 1 1 1 0 0 0 0 0 1 0 0 1 1 1 1 0 0 1 0 0.0
368 30 7851 0 0 0 1 1 0 0 0 0 0 1 0 0 0 0 0 0 1 1 0 1 0 0 0 0 1 0 1 0 1 0.0
369 30 8850 0 0 0 0 0 0 1 0 1 1 1 0 0 0 0 0 0 1 1 1 0 0 1 1 0 0 0 0 0 1 0.0
370 30 10547 0 1 0 0 1 1 0 1 0 0 0 0 0 1 0 0 0 0 0 0 1 1 1 0 0 0 1 1 0 1 0.0
371 30 6683 0 1 1 0 1 1 1 0 0 1 0 1 0 0 1 0 0 0 0 0 1 0 0 0 0 0 0 0 0 0 0.0
372 30 10836 1 1 0 1 0 1 1 1 0 0 0 0 1 0 0 0 0 1 0 0 0 1 0 0 0 1 1 1 1 0 0.0
373 30 10504 0 0 1 0 0 0 0 1 0 0 0 1 0 1 0 0 1 1 1 1 0 1 0 0 0 0 0 0 1 1 0.0
374 30 10283 1 0 0 0 1 0 0 0 1 0 0 0 0 1 1 0 0 0 0 0 1 1 0 1 1 0 1 0 0 1 0.0
375 30 9286 0 0 1 0 0 0 0 0 0 0 0 1 1 1 1 0 0 0 0 0 0 1 0 1 0 1 0 0 0 1 0.0
376 30 8471 0 0 1 0 1 0 1 1 1 0 0 0 1 1 0 0 1 0 0 0 0 0 0 0 0 0 0 0 1 0 0.0
377 30 8142 1 0 0 0 1 1 0 0 1 1 0 0 0 0 0 0 0 0 0 0 0 1 0 1 0 0 0 0 0 1 0.0
378 30 9539 0 0 0 0 0 0 0 0 0 1 1 0 0 1 0 1 1 1 0 1 0 0 0 1 0 1 1 0 0 1 0.0
379 30 8108 0 1 1 0 0 1 0 0 0 1 1 0 1 0 0 1 0 1 0 0 0 0 0 0 0 0 1 0 0 0 0.0
380 30 7817 1 0 0 0 0 0 0 0 1 1 1 1 0 1 0 0 0 0 0 1 0 1 0 0 0 1 0 0 0 0 0.0
381 30 10313 0 1 0 0 1 1 1 1 0 0 1 0 1 0 0 0 1 0 0 0 1 0 0 0 1 0 0 1 0 0 0.0
382 30 11875 1 1 0 1 0 0 0 0 1 0 1 1 1 0 1 0 0 0 1 0 0 0 0 1 1 0 1 0 1 0 0.0
383 30 7642 0 1 0 0 1 1 0 0 0 0 0 1 0 1 0 0 0 0 0 1 0 0 0 0 1 0 0 1 0 1 0.0
384 30 10641 0 1 0 0 1 0 0 0 0 0 1 1 0 0 0 0 1 0 1 0 1 0 1 0 0 0 1 0 1 0 0.0
385 30 10090 0 0 0 0 1 0 0 1 1 0 0 1 1 0 1 0 0 1 1 0 0 1 0 0 0 0 0 1 0 0 0.0
386 30 10265 0 1 0 1 0 0 0 1 0 1 0 0 0 0 0 1 0 0 0 0 0 0 1 1 1 1 0 0 0 0 0.0
387 30 6546 1 0 0 0 0 1 0 1 0 0 1 1 0 1 0 0 0 0 0 0 0 0 0 1 0 0 0 0 0 0 0.0
388 30 11192 1 1 0 1 0 0 1 0 1 0 0 0 1 1 1 0 0 0 0 1 1 1 1 0 0 0 0 0 0 0 0.0
389 30 9340 1 1 0 1 1 0 1 0 0 0 1 0 1 1 0 0 0 1 0 1 0 0 0 0 1 0 0 1 0 0 0.0
390 30 10437 0 1 1 1 0 1 1 0 1 1 0 1 1 0 0 0 0 0 0 1 1 0 0 0 0 1 0 0 0 1 0.0
391 30 7423 0 0 0 1 0 0 1 0 0 1 0 0 0 0 1 0 1 0 0 0 0 0 0 0 0 0 0 1 1 1 0.0
392 30 8859 0 1 0 0 0 1 0 1 0 1 0 0 1 0 0 1 0 1 0 1 1 0 0 1 0 0 0 1 1 0 0.0
393 30 8400 0 1 0 0 0 1 0 0 0 0 0 0 1 0 0 1 0 0 1 0 1 1 0 1 0 0 1 1 0 0 0.0
394 30 9530 0 1 0 1 0 0 0 1 1 0 1 0 0 0 0 1 1 0 0 0 0 1 0 0 1 1 0 1 0 0 0.0
395 30 9045 0 0 0 1 0 1 0 1 0 0 0 1 0 1 0 1 0 0 1 1 0 0 1 0 0 0 0 1 0 1 0.0
396 30 8085 0 0 0 1 0 0 0 0 0 0 0 0 1 0 0 1 1 1 0 0 1 0 0 0 0 1 0 0 0 1 0.0
397 30 9326 1 1 1 0 0 1 1 0 1 1 0 1 0 0 0 0 0 0 1 1 0 0 0 0 1 0 0 0 0 0 0.0
398 30 8340 0 1 0 0 0 0 0 1 0 0 0 0 1 1 0 0 0 1 0 0 1 1 0 0 0 0 0 0 1 0 0.0
399 30 8717 0 0 0 1 1 0 0 1 1 0 0 1 0 1 0 1 0 0 0 0 0 1 1 1 0 0 0 1 0 0 0.0
400 30 9535 0 1 0 1 0 0 0 0 0 0 1 1 0 1 0 0 0 1 0 1 0 1 0 1 0 0 0 1 0 1 0.0
401 30 6559 0 0 0 1 1 0 1 0 0 0 1 0 0 0 1 0 0 1 1 0 0 0 0 0 0 1 0 0 0 0 0.0
402 30 10017 1 0 1 1 0 1 0 1 0 0 0 0 0 0 1 0 0 0 0 1 0 0 1 0 0 0 0 1 1 0 0.0
403 30 9031 0 1 0 0 0 1 1 1 0 0 0 0 1 0 0 0 1 0 0 1 0 0 1 0 1 0 0 0 0 1 0.0
404 30 10155 0 1 0 1 1 0 1 1 1 0 0 0 0 0 1 1 0 0 0 1 0 0 0 0 0 0 0 1 0 0 0.0
405 30 11369 0 0 0 1 1 1 1 1 0 0 1 0 0 1 1 0 1 1 0 1 1 0 1 0 1 0 0 0 0 0 0.0
406 30 8220 0 0 0 0 1 0 0 0 1 0 1 1 0 0 0 1 1 0 0 1 0 0 1 0 0 1 0 0 1 0 0.0
407 30 8218 0 0 0 1 0 1 0 0 1 0 0 0 1 1 0 0 0 1 1 1 0 0 1 0 0 1 0 1 0 0 0.0
408 30 7235 0 0 1 1 1 0 0 1 0 1 0 0 0 1 1 1 0 0 1 1 0 0 0 0 0 0 0 0 0 0 0.0
409 30 10795 0 0 0 0 0 1 0 1 1 1 0 0 1 1 1 1 0 0 0 0 0 1 1 0 0 0 0 1 1 0 0.0
410 30 8167 1 1 0 0 0 0 0 0 0 0 1 0 1 0 0 1 0 0 1 0 1 0 0 1 0 1 0 1 0 0 0.0
411 30 11729 1 0 0 0 0 1 0 1 0 1 1 1 0 1 0 0 1 1 0 0 0 0 0 0 0 1 1 0 1 0 0.0
412 30 9436 0 1 0 1 1 1 0 1 0 0 0 0 1 0 1 0 0 1 0 0 0 0 1 0 0 1 0 0 0 1 0.0
413 30 9176 0 0 1 1 0 0 0 1 0 1 0 0 0 0 0 0 0 1 1 0 1 1 0 0 0 0 1 1 0 0 0.0
414 30 7771 0 1 0 1 0 1 0 1 0 0 0 1 0 1 1 0 1 0 0 0 0 0 1 0 0 0 1 0 0 0 0.0
415 30 8208 0 0 0 0 0 0 0 0 0 1 1 0 0 0 0 1 1 0 1 1 0 0 0 0 1 1 0 1 1 0 0.0
416 30 9874 1 1 0 0 0 0 0 0 1 0 0 0 0 0 0 0 0 1 1 0 1 0 0 1 1 1 0 1 0 0 0.0
417 30 11115 1 0 1 0 1 0 0 1 0 1 0 1 0 0 0 1 1 0 0 0 0 1 1 0 0 0 1 1 0 0 0.0
418 30 8832 0 0 0 0 1 1 0 0 1 1 0 0 1 0 0 0 0 0 0 0 0 0 0 0 0 1 1 1 1 0 0.0
419 30 7717 0 0 0 0 1 0 1 1 0 0 1 0 0 1 0 0 0 0 0 1 0 0 1 0 0 0 1 0 0 0 0.0
420 30 7944 1 0 1 1 0 0 0 1 1 0 0 1 1 0 1 1 0 0 0 0 1 0 0 0 0 0 0 1 0 0 0.0
421 30 10304 0 0 0 0 0 1 1 0 0 0 0 1 0 1 0 0 1 1 0 0 0 0 1 1 1 1 0 0 0 0 0.0
422 30 8673 0 0 0 0 0 1 0 1 0 1 0 0 0 1 0 0 0 0 1 1 0 0 0 0 1 0 0 0 0 1 0.0
423 30 8178 0 1 0 0 1 0 0 0 0 1 1 0 1 1 0 0 0 0 0 1 0 0 0 0 0 0 1 0 0 1 0.0
424 30 7682 0 0 0 0 0 0 0 0 0 0 0 0 1 0 0 1 0 0 1 1 1 0 0 1 1 1 1 1 0 1 0.0
425 30 8640 1 0 0 0 0 0 1 1 1 0 0 1 1 1 0 1 0 0 0 0 0 1 1 0 1 0 0 0 1 1 0.0
426 30 10578 1 0 1 0 0 1 0 0 1 1 0 1 0 0 0 0 1 0 0 1 0 1 0 0 1 0 0 0 0 0 0.0
427 30 9415 0 0 0 1 0 0 0 1 1 0 0 1 1 0 1 0 0 0 1 0 0 0 1 0 0 0 1 0 1 0 0.0
428 30 8719 1 0 0 1 0 1 0 0 0 1 0 1 0 0 0 0 0 0 0 0 0 0 1 0 0 0 1 1 1 1 0.0
429 30 10660 0 1 0 1 1 0 0 1 1 0 1 1 0 0 1 0 0 1 1 1 0 1 0 0 0 1 1 0 0 0 0.0
430 30 11644 0 0 1 0 0 1 0 0 0 0 0 0 0 1 1 0 0 1 0 0 1 0 1 0 0 1 0 1 1 0 0.0
431 30 9700 0 0 0 1 0 0 0 0 1 0 0 1 0 1 0 0 1 1 0 1 1 0 0 0 0 1 0 1 1 0 0.0
432 30 9644 0 1 1 0 0 1 1 0 1 0 0 0 1 0 0 0 1 0 1 1 0 1 0 1 1 0 0 0 0 0 0.0
433 30 9512 1 0 1 0 0 0 0 0 1 0 1 1 1 0 0 1 0 0 1 0 1 0 0 0 0 0 0 0 0 0 0.0
434 30 7598 1 1 0 0 0 0 0 1 1 0 1 0 0 1 0 0 0 0 1 0 0 1 0 1 0 1 0 0 1 0 0.0
435 30 10439 0 1 0 0 0 1 1 0 0 0 0 1 1 1 0 1 1 0 0 0 0 0 1 1 0 0 1 0 0 0 0.0
436 30 11144 0 1 0 0 0 0 0 0 0 1 1 0 1 0 0 1 0 0 1 1 1 0 1 0 0 1 0 0 0 0 0.0
437 30 11501 0 0 0 0 0 0 1 0 1 1 0 1 1 1 0 0 0 0 1 0 1 0 1 0 1 1 0 1 0 1 0.0
438 30 8090 0 0 0 1 1 1 0 0 0 0 0 0 0 0 0 1 0 1 0 1 0 1 0 0 0 0 0 1 0 1 0.0
439 30 10742 1 0 0 1 0 0 1 0 1 0 0 0 1 0 0 0 1 0 0 1 1 0 0 0 0 0 0 1 0 0 0.0
440 30 10196 1 0 0 1 0 1 1 1 0 0 1 1 1 0 0 0 0 0 0 0 0 1 0 0 0 1 0 1 1 0 0.0
441 30 9863 0 0 1 1 0 0 0 1 0 0 0 1 1 0 1 0 0 0 0 1 1 1 0 0 0 0 1 1 0 0 0.0
442 30 10684 0 0 0 0 1 0 0 0 0 1 1 0 0 0 0 0 0 1 1 1 0 1 1 0 0 0 0 1 0 1 0.0
443 30 10751 1 0 0 1 0 0 0 0 0 1 1 0 1 0 1 1 1 0 1 0 0 1 1 0 0 0 0 0 0 0 0.0
444 30 11243 0 0 0 0 1 0 0 0 1 0 0 1 0 1 0 1 0 1 0 0 0 0 0 0 0 1 1 0 1 0 0.0
445 30 6867 1 0 1 0 0 1 1 0 0 0 0 1 0 0 1 0 0 0 0 0 0 0 1 1 0 0 0 0 1 0 0.0
446 30 10374 0 0 0 1 1 0 0 0 0 1 1 0 1 1 0 0 0 1 1 1 0 0 0 0 1 0 0 1 0 0 0.0
447 30 11252 0 0 0 0 1 1 0 0 0 0 1 0 0 1 1 0 1 1 0 1 0 0 0 0 1 0 0 1 1 1 0.0
448 30 10032 0 1 0 1 0 0 1 0 0 1 1 0 0 0 1 0 0 0 0 1 0 0 1 0 1 1 1 1 0 0 0.0
449 30 9570 0 0 0 0 1 0 1 1 0 1 0 1 0 1 0 0 0 0 0 1 0 1 1 0 0 1 1 0 1 0 0.0
450 30 9665 0 0 0 1 0 0 0 0 0 1 1 0 1 0 0 1 1 0 0 0 0 0 1 0 0 1 0 1 0 1 0.0
451 30 6739 0 0 0 0 1 0 0 1 0 1 1 0 0 1 0 0 0 0 0 0 1 0 1 1 1 0 0 0 0 1 0.0
452 30 8796 1 0 0 1 0 0 0 0 0 0 0 1 0 0 1 0 1 1 0 0 1 0 1 0 0 0 0 0 0 0 0.0
453 30 8093 0 0 0 1 0 0 0 0 0 0 1 1 1 0 0 1 1 0 0 0 1 0 0 1 0 0 0 1 0 0 0.0
454 30 7755 1 0 0 1 0 1 0 1 0 0 0 0 0 0 0 0 0 0 1 0 1 1 0 0 0 0 1 0 0 0 0.0
455 30 9741 1 0 0 0 0 1 1 0 0 0 0 1 0 1 0 0 0 1 0 0 1 0 1 0 1 0 1 0 0 0 0.0
456 30 10443 0 1 0 1 1 0 0 0 1 0 1 1 1 1 0 0 0 0 1 1 0 0 1 1 0 0 0 1 0 0 0.0
457 30 7777 0 0 0 1 0 0 1 0 0 1 1 0 0 0 1 0 0 0 0 0 0 0 1 0 1 0 1 0 1 0 0.0
458 30 7646 1 0 0 1 0 1 0 1 0 0 0 0 1 0 0 0 0 0 1 0 0 0 0 1 0 1 0 0 0 0 0.0
459 30 9752 0 0 1 0 0 0 1 0 0 1 0 0 0 1 1 0 1 1 0 0 0 1 0 0 0 0 0 0 1 1 0.0
460 30 10068 0 0 1 0 0 1 0 0 0 1 0 0 0 1 0 0 1 0 1 0 0 1 0 0 0 1 1 1 0 0 0.0
461 30 8263 0 0 1 0 0 0 0 0 0 0 0 1 1 1 1 0 0 0 1 0 0 1 0 1 0 0 0 1 0 1 0.0
462 30 11783 0 0 0 0 0 1 1 1 1 1 1 0 0 0 0 0 0 0 0 0 0 0 0 1 1 1 0 1 1 1 0.0
463 30 9238 0 0 0 0 1 0 0 1 1 1 0 1 1 1 0 1 0 0 0 0 1 0 1 0 0 1 0 0 0 0 0.0
464 30 6594 0 0 0 0 0 0 0 0 0 0 1 0 0 0 1 0 0 0 0 0 1 0 1 1 1 0 1 0 1 0 0.0
465 30 8457 0 1 0 0 0 1 0 0 0 0 0 0 0 0 0 1 0 1 1 0 1 1 0 0 0 1 1 1 0 0 0.0
466 30 8209 0 0 1 0 0 1 0 0 1 0 0 0 0 1 1 0 0 0 0 0 0 0 1 0 0 1 0 0 1 1 0.0
467 30 7789 0 0 1 0 0 0 0 0 0 1 0 1 1 0 0 0 0 0 0 0 0 1 0 1 0 1 0 1 0 0 0.0
468 30 6030 0 1 1 0 1 0 0 0 0 0 0 1 1 1 1 0 0 0 0 0 0 0 0 1 0 0 1 0 0 0 0.0
469 30 7962 0 1 1 0 0 1 0 0 0 1 1 0 0 0 0 0 1 1 0 1 1 0 0 0 1 0 0 0 0 0 0.0
470 30 8780 0 1 0 1 1 0 0 1 0 0 0 0 0 0 0 1 1 0 0 0 0 0 0 0 1 0 1 1 0 1 0.0
471 30 6412 1 0 0 0 1 0 1 1 0 1 0 0 0 0 0 1 0 0 1 1 1 1 1 0 0 0 0 0 0 0 0.0
472 30 7114 0 1 0 0 0 1 0 1 0 0 1 0 1 0 0 0 0 1 1 0 0 0 0 1 1 0 0 0 0 0 0.0
473 30 9801 0 0 1 1 0 0 0 1 0 0 0 1 1 1 1 0 0 0 1 0 0 0 1 0 1 1 0 0 0 1 0.0
474 30 9127 0 0 0 0 0 1 1 0 1 0 0 0 1 0 0 0 0 0 0 0 0 1 0 1 0 1 0 0 1 1 0.0
475 30 8301 1 0 1 0 0 0 0 0 0 1 0 0 1 0 0 0 0 0 1 0 1 0 0 0 1 1 0 1 0 0 0.0
476 30 11734 0 1 1 1 0 1 0 0 1 0 1 0 1 0 0 0 0 0 1 0 0 1 1 1 0 0 1 1 0 0 0.0
477 30 9098 0 0 0 0 0 1 0 0 1 0 0 0 1 1 0 0 1 0 0 0 0 1 1 0 0 0 0 0 1 1 0.0
478 30 9413 0 0 1 0 0 0 0 0 0 0 1 0 0 1 1 1 1 0 0 0 1 1 0 0 0 0 0 0 1 1 0.0
479 30 7384 1 0 0 0 1 0 0 1 0 1 1 0 0 0 0 1 1 0 0 0 0 1 0 0 0 0 0 0 0 1 0.0
480 30 9557 1 0 0 0 0 0 0 0 1 1 0 1 0 0 1 0 1 0 0 0 0 0 0 0 1 1 0 1 0 1 0.0
481 30 7617 1 0 0 1 0 0 0 1 0 1 1 0 1 0 1 0 0 0 0 0 0 0 1 0 0 1 0 0 0 0 0.0
482 30 7953 0 0 0 0 0 0 0 1 1 0 0 0 0 0 0 0 1 0 0 1 1 0 0 1 0 1 0 0 0 0 0.0
483 30 8422 1 1 0 0 1 0 0 0 0 1 0 1 0 0 0 0 0 0 0 1 1 0 0 0 0 0 0 0 1 1 0.0
484 30 6921 0 0 1 0 1 0 0 1 1 0 0 0 0 0 0 0 1 1 0 0 0 0 0 0 0 1 0 0 0 0 0.0
485 30 9679 0 0 1 0 0 0 0 0 1 0 1 1 0 0 0 1 0 0 1 0 0 1 0 1 0 0 0 1 1 1 0.0
486 30 7003 0 0 1 0 0 1 0 0 0 1 0 0 0 1 0 0 0 0 0 1 0 0 0 0 0 1 0 1 0 0 0.0
487 30 8326 0 0 0 0 0 0 0 0 0 0 1 1 1 1 0 0 1 1 0 0 0 1 0 1 0 0 1 0 1 0 0.0
488 30 7985 1 0 1 0 0 0 1 0 0 1 1 0 0 0 1 0 0 0 0 0 0 0 1 0 0 1 0 1 0 0 0.0
489 30 9109 0 1 0 0 0 0 0 1 0 1 0 0 0 0 1 1 1 0 0 0 0 0 0 0 0 0 0 0 1 1 0.0
490 30 10971 0 1 0 0 0 0 0 0 0 0 1 0 1 0 1 0 0 0 0 1 1 1 0 1 1 0 1 0 0 1 0.0
491 30 9029 1 1 0 0 0 0 0 1 1 0 0 1 0 0 0 0 0 0 1 0 1 0 0 0 1 1 1 0 0 1 0.0
492 30 11660 1 0 0 0 0 0 1 1 0 0 0 1 1 1 0 0 0 0 0 0 0 1 1 0 0 0 1 1 0 0 0.0
493 30 8454 1 0 1 0 0 1 0 0 0 0 0 0 0 0 1 0 0 1 0 1 1 1 0 0 0 1 0 0 0 0 0.0
494 30 11910 0 1 0 1 0 0 0 1 1 1 0 1 0 1 0 1 0 0 1 1 0 1 1 0 0 0 0 0 0 0 0.0
495 30 15307 1 1 0 0 0 1 1 0 0 1 0 0 0 1 1 0 1 1 1 0 0 0 1 1 0 1 1 0 0 0 0.0
496 30 11493 1 0 0 1 0 0 0 0 0 1 0 1 0 1 0 0 1 1 0 1 0 1 0 0 0 0 0 0 1 1 0.0
497 30 7671 0 0 0 0 1 1 0 0 1 0 0 1 0 1 0 0 1 1 0 1 1 1 0 0 0 0 0 0 0 0 0.0
498 30 7733 0 0 1 1 0 0 0 1 1 0 0 0 0 1 0 0 1 1 1 1 0 0 0 0 0 0 0 1 1 1 0.0
499 30 7607 0 0 0 0 0 1 0 0 0 0 1 0 0 0 0 1 1 0 0 1 1 0 1 0 0 1 0 0 0 1 0.0
500 30 9199 0 1 0 1 0 1 1 0 0 1 0 0 0 0 0 0 0 0 1 0 0 1 0 1 0 0 0 0 1 0 0.0
