1 20 9185 1 1 0 0 1 1 0 0 0 0 1 0 1 1 0 1 1 0 0 1 0.0
2 20 8401 0 0 0 1 0 1 0 1 1 1 1 0 0 0 1 0 0 1 0 0 0.0
3 20 6274 1 0 0 1 0 1 0 0 0 0 0 0 0 0 1 1 0 0 0 1 0.0
4 20 8249 1 1 0 1 0 1 0 0 0 0 0 0 0 1 1 1 0 0 0 0 0.0
5 20 8406 0 0 1 0 0 0 1 1 0 0 1 0 1 0 0 0 1 1 1 0 0.0
6 20 7791 1 0 1 0 0 0 1 1 0 1 1 0 0 1 1 0 0 1 0 0 0.0
7 20 7892 1 0 0 1 1 0 0 0 0 1 0 0 0 1 1 0 1 0 1 1 0.0
8 20 6796 1 0 0 0 0 0 0 1 1 1 1 0 0 0 0 0 0 1 0 0 0.0
9 20 8519 0 0 1 0 0 0 0 0 0 0 1 0 1 1 0 1 1 0 0 1 0.0
10 20 6485 0 0 1 1 1 1 0 0 1 1 0 0 0 1 0 0 1 0 0 0 0.0
11 20 7632 1 1 0 0 1 0 0 1 1 0 0 0 0 0 0 0 0 0 1 1 0.0
12 20 8224 0 0 1 0 1 1 1 0 0 1 0 0 0 1 0 1 0 0 1 0 0.0
13 20 8458 0 1 0 0 1 0 0 0 1 1 0 0 0 0 1 1 1 0 1 0 0.0
14 20 6588 0 0 0 1 1 0 0 0 0 0 0 0 1 0 1 0 0 1 0 1 0.0
15 20 7483 0 0 0 0 0 0 1 1 0 1 0 0 0 1 0 1 1 1 0 0 0.0
16 20 8424 1 0 0 1 0 1 1 0 0 0 0 1 1 0 0 0 1 0 0 0 0.0
17 20 5364 0 0 1 1 0 0 0 0 1 0 1 0 0 0 0 1 0 0 0 0 0.0
18 20 6722 1 0 1 0 0 1 1 0 1 0 0 0 0 1 0 1 0 0 0 0 0.0
19 20 8031 0 1 1 0 0 0 0 0 1 1 1 0 1 0 0 0 0 1 0 1 0.0
20 20 7311 0 1 0 0 0 0 1 1 0 0 0 0 1 0 0 1 1 1 0 1 0.0
21 20 10465 0 0 0 0 0 0 0 0 1 0 1 1 1 0 1 1 1 0 1 1 0.0
22 20 6886 1 0 1 0 0 0 1 1 1 0 0 0 0 0 1 1 1 0 0 0 0.0
23 20 7328 0 0 0 1 0 1 1 0 0 0 0 1 0 0 0 0 1 1 1 1 0.0
24 20 8644 0 1 0 1 1 1 0 0 1 0 1 0 0 0 1 0 0 1 0 1 0.0
25 20 8043 0 0 0 0 0 1 1 1 0 1 1 1 1 0 0 1 0 0 0 0 0.0
26 20 6871 0 0 1 0 0 0 0 0 1 0 1 0 0 0 1 1 0 0 1 0 0.0
27 20 8069 0 0 1 0 0 0 0 1 1 0 1 0 1 0 0 1 1 0 1 0 0.0
28 20 7452 0 0 1 0 0 0 0 1 0 1 0 1 0 1 0 0 1 1 0 0 0.0
29 20 8212 0 0 0 1 1 1 0 1 0 0 0 0 1 0 0 1 0 1 1 0 0.0
30 20 9411 0 0 0 1 0 1 1 0 0 0 1 0 0 1 1 1 0 1 1 0 0.0
31 20 9068 0 1 1 0 0 1 0 1 0 1 0 1 0 0 0 0 1 0 1 0 0.0
32 20 8039 1 1 1 0 1 1 0 0 0 0 0 1 1 0 0 0 0 0 1 0 0.0
33 20 7992 1 0 0 0 0 0 0 1 0 0 1 0 1 1 0 0 1 1 0 1 0.0
34 20 7633 0 1 0 0 0 0 0 0 0 1 0 0 1 1 1 0 0 1 0 1 0.0
35 20 9153 1 1 0 0 1 1 0 0 1 0 1 1 0 0 1 0 0 0 1 0 0.0
36 20 5661 0 0 0 1 1 1 0 0 1 1 0 0 0 0 0 1 0 0 0 1 0.0
37 20 8572 1 0 0 0 1 1 0 0 1 0 0 0 1 0 1 0 1 0 0 0 0.0
38 20 8100 1 1 1 0 0 0 0 0 0 0 0 1 0 1 0 0 0 0 0 1 0.0
39 20 12148 0 1 0 1 0 1 0 0 0 0 1 0 0 1 0 1 1 1 1 1 0.0
40 20 9729 0 1 0 1 0 0 1 1 0 0 0 1 1 0 0 0 1 1 0 1 0.0
41 20 6971 0 0 1 1 0 1 1 1 0 0 0 1 1 0 1 0 1 0 0 0 0.0
42 20 6515 1 0 1 0 0 0 0 0 0 1 0 1 0 1 0 0 0 1 0 1 0.0
43 20 7757 0 1 1 0 1 0 0 1 0 1 0 1 0 1 0 0 0 0 0 0 0.0
44 20 7330 0 1 0 0 0 0 1 1 0 1 0 1 1 0 0 0 0 1 0 0 0.0
45 20 9025 1 0 1 0 0 1 0 1 0 0 0 0 1 0 1 1 0 1 0 1 0.0
46 20 7395 0 0 1 0 1 0 0 0 0 0 1 1 1 1 0 1 0 1 0 0 0.0
47 20 7334 0 0 0 0 1 1 0 1 0 1 0 1 1 0 0 0 0 1 1 0 0.0
48 20 8411 1 0 1 1 0 1 0 1 0 0 0 0 0 0 1 1 0 1 1 0 0.0
49 20 8921 0 0 0 1 0 1 0 0 0 1 0 1 1 1 0 0 1 0 1 0 0.0
50 20 8357 1 1 0 0 0 0 1 1 1 0 0 0 1 1 1 1 0 1 1 0 0.0
51 20 7418 1 0 1 0 0 0 1 1 1 0 1 1 1 1 1 0 0 0 0 0 0.0
52 20 6535 0 0 1 0 1 0 0 0 1 1 0 0 0 0 0 0 1 1 0 0 0.0
53 20 7921 0 1 1 0 0 0 1 0 0 0 0 0 1 0 1 1 0 1 1 0 0.0
54 20 9324 0 1 1 1 0 1 0 0 0 0 0 1 0 0 1 0 0 0 1 0 0.0
55 20 5750 1 0 0 0 0 0 0 0 0 1 1 0 1 0 0 0 0 0 1 1 0.0
56 20 7687 0 1 1 1 1 0 0 1 0 0 1 0 0 0 0 1 1 0 0 1 0.0
57 20 5518 0 1 0 1 0 0 0 1 0 0 0 0 1 0 1 0 1 1 0 1 0.0
58 20 6851 0 0 0 0 0 0 1 0 0 1 0 1 1 0 0 1 0 0 0 1 0.0
59 20 8046 1 0 0 1 1 1 0 1 0 0 0 0 0 1 0 0 1 1 0 0 0.0
60 20 7537 1 0 0 0 1 0 0 0 0 1 1 1 0 0 0 0 0 1 1 0 0.0
61 20 8155 1 0 1 0 1 0 0 0 0 0 0 0 1 0 1 0 1 0 1 1 0.0
62 20 8402 0 1 0 0 0 0 1 0 1 0 1 1 0 1 0 1 0 1 0 1 0.0
63 20 9520 1 0 1 0 1 1 1 0 1 1 0 0 0 0 0 0 0 1 0 0 0.0
64 20 9207 0 0 1 1 0 0 0 0 0 1 1 0 1 1 0 1 0 0 1 0 0.0
65 20 8964 1 1 1 0 0 1 1 0 0 1 0 0 1 0 0 1 0 0 0 0 0.0
66 20 7112 0 1 1 0 0 1 0 1 0 1 0 1 0 0 0 1 0 0 0 0 0.0
67 20 9622 0 1 1 0 0 0 1 0 1 0 1 1 0 1 0 1 1 0 0 0 0.0
68 20 6330 0 0 0 1 1 0 0 0 0 1 0 1 0 0 0 0 1 1 0 1 0.0
69 20 7926 1 0 1 1 1 1 0 0 0 1 1 0 0 1 0 0 1 0 0 0 0.0
70 20 11376 1 1 0 1 0 0 1 0 0 1 1 1 0 0 0 1 1 0 1 1 0.0
71 20 8273 0 0 1 1 1 1 0 0 0 1 0 0 1 1 0 1 0 0 0 1 0.0
72 20 8314 0 1 0 0 1 0 0 1 0 0 1 0 0 1 1 1 0 0 1 0 0.0
73 20 6467 0 0 0 0 1 0 0 1 1 1 0 0 0 0 0 0 0 1 0 1 0.0
74 20 7260 1 0 1 0 0 0 1 0 0 0 1 0 0 0 0 0 0 1 1 1 0.0
75 20 10212 0 0 1 0 1 0 0 0 1 0 1 1 1 0 0 0 1 1 1 0 0.0
76 20 6895 1 1 0 0 1 1 0 1 0 0 1 0 0 1 0 0 0 0 1 1 0.0
77 20 10189 1 0 0 0 0 1 0 0 0 1 1 1 1 1 1 0 0 0 1 1 0.0
78 20 9000 0 1 0 1 0 0 0 1 0 1 0 1 1 0 1 0 0 1 0 0 0.0
79 20 8340 0 0 1 0 0 1 1 0 0 0 0 0 1 1 1 0 0 0 0 1 0.0
80 20 8964 1 1 0 0 0 0 1 0 0 1 0 1 0 1 1 0 1 1 0 1 0.0
81 20 5862 1 0 1 0 1 1 0 1 0 1 0 0 0 1 0 0 0 0 0 0 0.0
82 20 6496 1 0 1 1 0 0 0 1 0 0 0 1 1 0 0 0 0 1 1 0 0.0
83 20 6586 1 1 0 0 0 0 1 1 0 0 0 1 0 1 1 0 0 0 0 1 0.0
84 20 9350 0 1 1 0 0 0 0 0 0 1 0 0 0 1 1 0 1 1 0 1 0.0
85 20 6709 0 1 0 1 1 0 0 0 0 1 1 0 1 1 1 0 0 1 0 0 0.0
86 20 9145 1 0 1 0 0 1 0 1 1 0 1 0 0 1 0 0 0 0 1 1 0.0
87 20 7906 0 1 0 0 1 0 0 1 1 0 0 0 1 0 0 1 1 1 0 0 0.0
88 20 7888 0 0 1 0 0 1 1 1 0 0 0 1 1 1 0 0 0 0 1 1 0.0
89 20 8039 1 1 0 0 1 0 1 0 0 1 0 0 0 0 1 0 0 0 0 1 0.0
90 20 5886 1 0 0 0 1 0 0 0 0 0 1 1 1 0 0 0 0 1 0 0 0.0
91 20 6616 0 1 0 0 0 0 1 1 0 0 1 1 0 1 0 0 0 1 0 0 0.0
92 20 9545 0 0 1 1 1 1 0 1 0 0 1 0 1 0 0 0 0 1 1 1 0.0
93 20 6918 1 0 1 0 0 0 1 0 0 0 0 0 1 0 1 0 1 0 1 1 0.0
94 20 6694 0 1 0 0 0 0 0 0 1 1 1 0 0 0 1 1 0 0 1 1 0.0
95 20 8396 1 0 1 1 0 0 0 0 0 0 1 1 0 0 0 1 0 1 1 0 0.0
96 20 9671 0 0 0 0 0 1 0 0 1 0 0 1 1 0 0 1 1 0 1 1 0.0
97 20 9231 0 1 1 0 0 0 0 0 0 0 1 0 1 0 1 0 1 0 1 1 0.0
98 20 7643 0 0 0 1 1 0 1 0 0 0 1 0 0 0 0 1 1 1 0 1 0.0
99 20 8689 1 1 1 0 0 1 0 1 0 0 0 0 1 0 1 0 1 0 0 1 0.0
100 20 9387 0 1 0 0 1 1 0 0 1 0 1 1 1 0 0 0 1 1 0 0 0.0
101 20 6594 1 0 1 0 0 0 1 1 0 0 0 0 1 1 0 0 0 1 0 0 0.0
102 20 6157 0 0 1 0 0 0 1 1 0 0 1 0 0 1 0 1 0 0 1 0 0.0
103 20 8080 0 1 0 1 1 0 1 1 0 0 1 1 0 0 1 0 1 0 0 0 0.0
104 20 6948 1 1 0 0 1 0 0 0 1 1 0 1 0 0 0 0 0 0 0 0 0.0
105 20 8678 1 1 0 0 1 1 0 1 0 0 0 0 0 1 1 1 0 0 0 1 0.0
106 20 7973 0 0 0 1 0 1 1 1 0 0 1 0 1 0 0 1 0 0 0 0 0.0
107 20 8038 1 1 0 0 0 1 0 0 1 0 1 1 0 0 0 0 1 1 0 0 0.0
108 20 9585 0 1 0 0 1 0 0 1 0 0 1 0 1 1 0 0 1 0 0 1 0.0
109 20 7952 0 1 0 1 1 1 0 0 1 0 0 0 0 0 0 0 1 0 1 0 0.0
110 20 9359 1 1 0 1 1 0 0 1 1 0 0 1 1 0 0 1 0 0 0 1 0.0
111 20 9478 1 0 1 1 0 0 1 1 0 0 1 0 1 1 0 0 0 1 0 1 0.0
112 20 5389 0 0 1 0 0 1 0 1 0 1 0 0 0 0 1 1 1 0 0 0 0.0
113 20 9065 1 1 1 0 0 0 1 0 0 1 1 0 0 0 1 1 0 1 0 1 0.0
114 20 7291 1 0 0 1 0 0 1 0 0 1 0 0 0 0 1 1 0 1 0 0 0.0
115 20 6380 1 0 0 0 1 0 1 0 0 0 0 0 0 0 0 0 1 1 0 1 0.0
116 20 7528 0 0 1 0 0 0 0 1 0 0 0 1 0 0 1 0 0 1 1 1 0.0
117 20 8824 1 1 1 0 0 0 1 0 1 0 0 1 1 0 0 1 1 1 0 0 0.0
118 20 8590 0 1 0 1 0 0 0 0 1 1 1 1 0 0 0 1 0 0 1 1 0.0
119 20 7486 1 0 1 1 0 0 0 0 1 0 0 0 1 1 0 0 0 1 0 1 0.0
120 20 9063 1 1 0 1 0 1 0 0 1 1 0 1 0 1 0 0 0 0 0 0 0.0
121 20 9727 0 0 0 1 0 1 0 1 1 0 0 1 1 1 0 0 0 0 1 0 0.0
122 20 5908 1 1 0 0 0 0 0 0 0 1 0 1 1 1 0 0 0 0 0 1 0.0
123 20 9290 0 0 0 1 1 0 0 1 1 0 0 0 1 1 1 0 0 0 1 1 0.0
124 20 8711 0 0 0 0 0 0 1 1 0 1 1 1 0 0 0 0 1 1 1 1 0.0
125 20 7984 0 0 0 0 0 0 1 1 0 1 0 0 0 1 1 1 1 1 0 0 0.0
126 20 11183 1 0 0 1 0 0 0 1 0 1 0 1 1 0 1 1 0 1 1 1 0.0
127 20 8217 0 1 0 1 0 0 0 0 0 0 0 1 0 1 1 0 1 1 0 0 0.0
128 20 7503 0 1 0 1 1 0 0 0 0 0 0 1 1 0 0 1 1 0 0 0 0.0
129 20 5551 0 1 0 1 1 0 0 0 0 0 0 1 0 1 0 1 0 0 0 1 0.0
130 20 8296 0 0 1 1 0 1 0 1 0 0 1 0 1 1 0 0 0 0 0 1 0.0
131 20 12528 0 0 1 0 0 0 1 1 1 1 1 0 1 0 1 1 0 1 0 0 0.0
132 20 8320 1 1 0 1 1 0 0 0 0 0 1 0 0 1 0 0 0 1 1 1 0.0
133 20 8122 0 1 1 0 0 0 0 0 1 0 1 0 0 1 1 0 1 0 0 1 0.0
134 20 7113 0 0 1 1 0 0 0 0 1 1 0 0 1 1 0 1 1 0 0 0 0.0
135 20 8641 0 1 1 0 0 0 1 1 1 1 1 0 0 0 0 0 0 0 1 1 0.0
136 20 7251 1 0 1 0 0 0 0 1 1 0 0 1 0 1 1 0 0 0 0 1 0.0
137 20 7500 1 0 0 0 0 1 0 0 1 0 1 0 1 1 0 1 0 0 1 0 0.0
138 20 6355 0 0 0 1 0 0 0 1 1 0 0 0 0 0 0 0 1 1 1 0 0.0
139 20 8079 1 0 0 1 1 0 0 0 0 0 1 0 1 0 1 1 0 0 0 1 0.0
140 20 5968 0 0 1 1 1 0 0 1 1 1 0 0 0 0 0 0 0 0 1 0 0.0
141 20 5930 1 1 0 0 0 1 0 0 0 0 1 0 0 1 1 0 0 1 0 1 0.0
142 20 8075 0 0 0 1 0 0 1 1 1 0 0 1 0 0 0 0 1 1 0 1 0.0
143 20 8357 0 1 0 1 1 1 0 1 1 0 0 0 0 0 1 0 1 0 0 1 0.0
144 20 6780 0 0 0 0 0 0 1 1 0 0 0 1 0 0 1 0 1 1 0 1 0.0
145 20 10385 1 1 1 0 0 0 1 1 0 0 1 0 1 1 0 0 0 0 1 1 0.0
146 20 5847 0 1 1 1 0 1 0 0 0 0 1 0 0 0 0 0 1 0 0 0 0.0
147 20 7927 0 0 0 0 0 1 0 1 1 0 0 0 0 0 1 1 0 1 1 0 0.0
148 20 8431 1 1 0 0 0 1 1 0 0 0 0 0 1 0 1 0 1 0 1 0 0.0
149 20 10260 0 0 0 1 1 0 0 0 1 0 0 1 0 1 0 1 1 1 1 0 0.0
150 20 7033 1 0 1 0 0 0 1 0 0 0 0 0 1 0 0 1 0 1 0 1 0.0
151 20 10844 1 0 1 0 1 0 1 0 0 1 0 0 0 1 1 1 0 0 0 0 0.0
152 20 9123 0 1 1 0 1 0 0 0 0 0 1 1 0 1 1 1 1 0 0 0 0.0
153 20 8184 1 0 1 1 1 0 0 0 0 0 0 0 0 1 0 1 0 1 0 1 0.0
154 20 8550 0 1 1 0 1 1 0 1 0 1 0 1 0 0 0 1 1 0 0 0 0.0
155 20 7958 0 1 0 1 1 0 0 1 0 0 0 0 0 1 1 1 0 1 0 0 0.0
156 20 6994 0 1 0 0 1 0 0 0 1 0 0 1 0 1 0 0 0 0 1 0 0.0
157 20 7487 0 0 1 1 1 0 0 0 0 1 0 0 0 1 1 0 1 1 0 0 0.0
158 20 8762 1 1 0 0 0 1 0 1 1 0 0 0 1 1 0 0 0 1 1 1 0.0
159 20 5685 1 1 0 0 0 0 0 1 0 0 0 0 1 0 0 1 0 1 1 0 0.0
160 20 10235 0 0 0 1 1 0 1 0 0 0 0 1 1 1 0 0 1 1 0 0 0.0
161 20 8552 0 0 0 1 0 0 0 0 0 0 1 0 0 1 0 1 1 1 1 1 0.0
162 20 8864 0 1 0 0 0 1 1 0 1 0 0 1 0 0 0 1 0 1 0 0 0.0
163 20 5683 1 0 0 0 0 0 0 0 1 0 0 0 0 1 0 1 1 1 1 0 0.0
164 20 6466 1 0 1 0 0 0 0 0 1 1 0 0 0 0 1 0 1 0 1 1 0.0
165 20 7343 0 0 1 0 0 0 0 0 0 1 0 1 1 1 1 0 1 0 0 0 0.0
166 20 7295 0 1 0 0 0 0 0 1 1 0 0 0 0 0 1 1 1 1 1 0 0.0
167 20 7506 0 0 0 0 1 0 0 1 0 0 0 1 1 1 0 1 1 1 0 0 0.0
168 20 8110 0 0 0 0 1 0 0 1 1 0 0 0 1 1 1 1 0 1 0 1 0.0
169 20 8768 1 1 0 0 0 1 0 1 0 0 0 0 0 0 1 1 0 1 1 1 0.0
170 20 9074 1 1 1 0 0 0 0 0 1 0 1 1 0 1 0 1 0 0 0 0 0.0
171 20 8435 0 0 1 1 1 0 1 0 1 0 1 0 0 1 0 1 1 0 1 0 0.0
172 20 8830 0 0 1 0 0 0 0 0 0 0 1 0 0 0 0 1 1 1 1 1 0.0
173 20 6719 0 0 1 0 1 0 1 0 1 0 0 1 1 1 0 1 0 0 0 0 0.0
174 20 7601 1 0 0 1 1 0 0 1 0 1 0 1 0 0 0 1 1 0 1 0 0.0
175 20 5367 1 1 1 0 0 1 0 0 1 0 0 0 0 0 0 0 1 0 1 0 0.0
176 20 7389 0 1 0 0 0 1 1 0 0 0 1 0 1 0 0 0 1 0 1 0 0.0
177 20 6475 0 0 0 1 0 0 1 0 1 0 0 0 1 0 0 0 1 1 0 1 0.0
178 20 5735 0 0 1 0 0 0 1 0 0 0 0 0 1 0 1 0 0 1 0 1 0.0
179 20 6450 0 1 0 1 0 0 0 1 1 0 0 0 0 1 1 1 0 0 1 0 0.0
180 20 6586 1 1 0 0 1 1 0 0 0 0 1 1 1 0 0 0 1 0 0 0 0.0
181 20 5807 0 0 1 0 0 0 0 0 0 0 0 0 1 0 1 0 1 1 1 1 0.0
182 20 8821 1 1 0 0 1 0 0 1 0 1 1 0 0 1 0 0 1 0 1 0 0.0
183 20 6836 1 1 0 0 0 1 1 0 0 0 1 1 0 0 0 0 1 1 0 0 0.0
184 20 8712 0 0 0 0 0 1 1 1 1 1 1 0 0 1 0 0 0 0 0 0 0.0
185 20 7146 1 0 0 1 1 0 1 0 1 0 0 0 1 0 0 0 0 1 0 0 0.0
186 20 7814 0 1 0 1 1 0 1 1 0 1 0 0 0 1 1 1 0 0 0 0 0.0
187 20 7655 0 0 0 0 1 0 1 1 0 1 1 1 0 0 1 0 0 0 1 0 0.0
188 20 7137 1 0 0 0 0 0 0 0 0 0 0 1 0 1 1 0 1 1 0 0 0.0
189 20 8594 1 0 0 1 0 0 0 1 0 1 0 1 1 0 0 1 1 1 0 0 0.0
190 20 10133 1 0 0 1 0 1 1 0 1 0 0 0 1 0 0 1 1 1 1 1 0.0
191 20 6208 1 1 0 1 0 0 1 1 1 0 0 0 0 0 0 1 0 0 1 0 0.0
192 20 11074 0 1 1 1 0 0 0 1 1 0 1 0 0 0 1 0 1 0 1 0 0.0
193 20 7183 1 0 0 0 0 1 0 0 1 1 0 0 0 0 0 1 1 1 0 0 0.0
194 20 9867 1 1 0 0 1 1 0 0 0 1 1 0 1 0 0 1 1 0 1 1 0.0
195 20 6916 1 0 0 0 0 0 0 0 0 1 1 0 0 1 0 0 1 1 0 1 0.0
196 20 7320 1 0 0 0 0 0 0 1 1 1 1 0 1 0 1 0 0 0 0 0 0.0
197 20 8437 1 0 1 0 0 0 1 0 0 1 0 0 0 0 1 0 0 1 1 1 0.0
198 20 8499 1 0 1 0 0 1 0 1 1 0 1 1 0 0 1 1 0 0 0 0 0.0
199 20 8422 0 1 0 1 1 1 0 0 0 1 1 0 1 0 0 0 1 0 0 1 0.0
200 20 5931 0 0 0 1 1 0 1 0 0 0 1 0 0 0 0 1 0 1 1 0 0.0
201 20 6857 0 0 0 1 0 1 1 0 0 0 0 1 1 0 1 0 0 1 1 0 0.0
202 20 7166 0 1 0 1 1 1 0 0 0 0 0 0 1 0 1 1 0 1 0 1 0.0
203 20 9433 0 0 0 1 0 1 0 1 1 0 1 0 0 0 1 1 0 1 0 0 0.0
204 20 9642 0 0 0 0 0 1 0 1 1 1 0 0 0 1 1 0 1 1 0 0 0.0
205 20 7931 0 1 0 0 1 0 1 0 0 0 1 0 1 0 1 0 0 0 1 0 0.0
206 20 8224 1 1 0 1 0 1 0 0 0 0 1 1 0 1 1 0 0 0 0 0 0.0
207 20 8017 0 1 1 0 1 1 0 0 0 0 1 1 0 0 1 1 0 0 0 0 0.0
208 20 9523 1 1 1 1 0 0 0 0 1 1 1 1 0 1 1 0 0 0 1 0 0.0
209 20 8714 1 0 0 0 0 0 0 1 1 0 0 1 1 1 1 0 0 1 1 0 0.0
210 20 7664 0 0 0 1 1 1 1 0 0 0 1 1 0 0 1 0 1 0 0 1 0.0
211 20 7006 1 0 0 1 0 1 1 0 1 0 0 0 0 0 0 0 1 0 0 1 0.0
212 20 11144 1 1 1 0 0 1 1 0 0 0 0 1 1 0 0 0 1 0 1 0 0.0
213 20 7508 0 1 0 0 0 0 0 0 1 1 0 0 1 1 0 1 0 0 1 1 0.0
214 20 8031 1 0 0 0 0 1 1 1 0 0 1 1 0 0 0 1 0 1 0 0 0.0
215 20 8184 1 0 0 0 0 0 1 0 0 0 1 1 1 0 0 1 1 0 0 1 0.0
216 20 8642 0 1 0 1 0 0 1 1 0 1 0 0 0 0 0 1 1 0 1 0 0.0
217 20 7153 0 0 1 0 0 1 0 0 0 0 0 1 0 1 1 1 0 1 0 1 0.0
218 20 7096 0 0 0 1 0 0 0 1 0 1 0 0 1 1 0 1 1 1 0 0 0.0
219 20 9762 0 0 0 1 1 1 1 1 1 0 1 1 0 0 1 0 1 1 0 0 0.0
220 20 7676 0 0 0 0 0 0 1 1 0 1 1 0 1 0 0 0 1 1 0 1 0.0
221 20 5620 1 1 1 0 0 0 1 0 0 0 0 0 0 0 0 0 0 0 1 1 0.0
222 20 8363 1 1 0 0 0 0 0 1 1 1 1 0 0 1 0 1 0 0 0 0 0.0
223 20 10352 1 0 0 1 0 1 1 0 1 1 0 0 0 1 0 0 0 1 1 0 0.0
224 20 8613 0 1 1 1 0 0 1 1 1 0 0 1 0 0 1 0 0 1 0 0 0.0
225 20 8088 0 0 0 1 0 0 1 0 0 1 0 0 0 1 0 1 0 1 1 1 0.0
226 20 8195 0 0 0 0 0 0 0 0 1 0 1 0 1 1 1 1 1 0 0 0 0.0
227 20 8491 0 0 1 1 0 0 0 1 0 0 0 1 0 1 0 1 0 0 0 1 0.0
228 20 7984 1 1 0 0 1 0 0 1 1 1 0 0 1 0 0 0 1 0 0 0 0.0
229 20 6435 1 0 1 1 0 1 1 0 0 0 0 0 0 0 0 0 0 1 1 0 0.0
230 20 7549 0 1 0 1 0 0 0 0 0 1 0 0 0 0 0 0 1 1 1 1 0.0
231 20 9052 1 0 0 1 0 1 0 1 1 0 0 0 0 1 0 0 1 0 0 1 0.0
232 20 8931 1 0 0 0 1 1 0 0 1 0 0 0 0 0 0 0 1 1 1 1 0.0
233 20 6981 0 1 1 0 1 0 1 1 0 0 0 0 0 1 0 1 0 0 0 1 0.0
234 20 7346 0 0 0 0 0 1 0 1 0 1 0 0 1 0 0 0 0 0 1 1 0.0
235 20 9697 0 1 0 0 0 1 0 0 1 0 1 0 1 0 0 0 1 1 1 0 0.0
236 20 7691 1 0 0 0 1 0 0 0 0 0 1 0 1 0 0 1 0 0 1 1 0.0
237 20 8656 0 0 1 0 1 1 1 0 1 0 1 0 0 1 0 0 1 0 0 0 0.0
238 20 7436 0 1 1 0 1 0 1 0 0 1 1 1 1 0 0 0 0 0 0 0 0.0
239 20 8765 1 1 0 1 1 0 0 1 1 1 0 1 1 0 0 1 0 0 0 0 0.0
240 20 8120 0 0 0 1 0 0 1 1 0 1 0 1 1 0 0 1 0 0 0 1 0.0
241 20 7226 0 0 1 1 0 1 0 1 0 1 0 0 0 0 1 1 0 0 1 1 0.0
242 20 8136 1 0 0 0 0 0 1 1 1 0 0 1 1 0 0 0 1 0 1 0 0.0
243 20 7656 0 1 0 0 1 0 0 1 1 1 0 0 0 0 0 0 1 0 1 1 0.0
244 20 9238 1 0 0 0 0 1 0 1 0 0 1 0 0 1 1 0 0 0 1 0 0.0
245 20 7927 1 1 0 0 0 1 1 1 0 1 0 0 1 1 0 0 0 0 0 0 0.0
246 20 8948 0 0 0 1 0 0 1 1 1 1 1 1 0 1 0 0 1 1 1 1 0.0
247 20 8828 0 1 0 0 1 0 0 1 0 0 0 0 0 1 0 1 1 1 1 0 0.0
248 20 9184 0 1 1 0 0 0 0 0 1 0 1 0 1 1 0 1 1 0 1 0 0.0
249 20 8871 0 1 0 0 0 1 1 0 1 0 1 1 1 0 1 0 1 0 0 0 0.0
250 20 8827 1 0 0 1 0 0 0 0 1 1 0 1 1 0 0 0 0 0 1 1 0.0
251 20 6750 0 1 0 1 0 0 1 1 1 0 0 1 1 0 1 0 1 0 1 0 0.0
252 20 7948 0 0 1 0 0 1 1 0 1 1 0 0 0 0 0 0 1 1 0 0 0.0
253 20 5198 0 1 1 0 0 1 0 1 0 1 0 1 0 0 0 0 0 1 1 0 0.0
254 20 6982 1 0 0 0 1 1 0 1 0 1 0 0 1 1 0 0 1 0 0 1 0.0
255 20 7967 1 0 1 1 0 1 1 0 0 0 0 0 1 0 0 1 0 0 1 0 0.0
256 20 7163 1 0 1 1 1 0 1 0 1 0 0 1 0 1 0 1 0 0 0 0 0.0
257 20 7857 0 1 1 0 1 0 0 0 0 0 0 0 0 1 0 1 1 1 0 1 0.0
258 20 8936 0 0 0 1 1 0 1 1 0 0 1 1 0 1 1 0 0 0 0 0 0.0
259 20 7486 0 0 1 0 0 0 0 1 0 1 0 0 1 0 0 0 0 1 1 1 0.0
260 20 7009 0 1 1 0 0 0 0 1 0 1 0 1 0 0 1 0 1 0 0 0 0.0
261 20 8530 1 1 0 0 1 1 0 0 0 0 1 1 0 0 0 0 1 0 0 1 0.0
262 20 8870 0 0 1 0 1 0 0 1 1 1 0 0 1 0 1 1 0 0 1 0 0.0
263 20 7456 0 0 1 1 0 0 0 0 1 1 0 1 1 1 0 1 0 0 1 0 0.0
264 20 7516 1 0 0 0 1 0 1 1 0 0 0 1 0 1 0 0 1 0 0 1 0.0
265 20 8133 1 1 0 0 0 0 1 0 0 0 1 1 1 0 0 0 1 1 0 0 0.0
266 20 8062 0 0 0 0 1 0 0 1 0 1 0 0 1 0 0 1 1 0 0 1 0.0
267 20 7334 1 0 0 0 1 1 0 0 0 1 1 1 0 0 1 1 0 1 0 0 0.0
268 20 9354 1 1 1 1 0 0 0 0 1 1 0 1 0 1 0 0 0 1 0 1 0.0
269 20 7000 1 1 1 1 0 0 1 0 0 0 0 0 0 0 0 1 0 1 1 0 0.0
270 20 7548 1 0 0 1 0 1 0 0 1 0 0 0 1 0 0 1 0 0 1 0 0.0
271 20 9301 0 0 0 1 1 0 1 1 0 0 0 1 0 1 0 0 1 0 1 1 0.0
272 20 7667 1 0 1 0 0 1 1 1 0 0 1 0 1 0 0 0 0 0 1 1 0.0
273 20 7405 1 0 0 0 1 0 1 0 0 1 0 0 1 1 0 1 0 0 0 0 0.0
274 20 10355 0 0 0 1 0 0 0 0 1 1 0 0 1 0 0 1 0 1 1 1 0.0
275 20 7092 0 0 1 1 1 0 0 0 0 0 0 1 1 0 0 1 0 1 0 0 0.0
276 20 7340 1 0 0 0 1 0 0 0 1 0 0 1 1 0 0 1 0 0 1 1 0.0
277 20 7512 1 0 0 1 1 1 0 0 0 0 1 0 1 1 0 0 0 0 1 0 0.0
278 20 7093 1 0 1 1 1 0 0 0 0 1 1 0 1 0 0 0 0 0 1 0 0.0
279 20 7179 0 0 1 0 1 0 0 0 0 1 1 1 0 1 0 0 1 0 1 0 0.0
280 20 7635 1 0 1 0 1 1 0 0 0 0 0 0 1 0 1 0 1 0 1 0 0.0
281 20 5870 1 0 0 0 0 0 0 1 0 1 0 0 0 0 0 0 1 1 1 0 0.0
282 20 7933 0 0 1 1 0 0 1 0 0 0 1 1 0 0 0 0 1 0 1 1 0.0
283 20 7359 0 0 0 1 1 0 0 0 1 0 0 1 1 1 0 1 1 0 1 0 0.0
284 20 9530 0 0 0 0 1 1 1 1 0 0 0 0 1 0 0 0 0 0 1 1 0.0
285 20 11025 0 1 1 1 0 0 1 0 1 0 0 1 0 1 1 1 0 1 0 1 0.0
286 20 7767 0 1 1 1 1 0 0 1 0 0 0 0 0 0 0 1 0 0 0 1 0.0
287 20 7067 0 0 1 0 0 1 0 0 0 0 1 0 1 0 1 0 1 0 1 1 0.0
288 20 9035 0 0 0 0 0 1 1 1 1 1 0 0 1 0 1 1 1 0 0 0 0.0
289 20 9477 0 1 0 1 0 0 0 1 1 1 0 0 0 0 1 1 1 0 1 0 0.0
290 20 7896 1 1 0 0 1 1 1 1 0 0 0 0 0 0 1 1 0 0 0 0 0.0
291 20 7391 0 1 0 0 1 0 0 1 0 1 0 1 0 0 1 0 1 0 0 0 0.0
292 20 7811 1 1 1 0 0 0 1 1 0 0 0 0 0 1 0 0 0 1 0 0 0.0
293 20 6537 1 0 1 0 1 0 1 0 0 0 0 1 0 1 0 1 0 1 0 0 0.0
294 20 7056 1 0 0 1 0 1 0 0 0 0 1 0 1 1 1 0 0 0 0 0 0.0
295 20 6616 0 0 1 0 1 0 1 1 0 0 0 0 0 1 1 0 0 0 0 0 0.0
296 20 7277 1 1 0 0 1 0 0 1 1 0 1 0 0 1 0 0 0 0 0 0 0.0
297 20 10396 0 0 1 0 1 1 1 0 1 0 0 1 0 0 1 0 1 0 1 0 0.0
298 20 6978 0 0 0 1 0 1 0 0 1 0 1 1 1 0 0 1 0 1 1 0 0.0
299 20 7097 1 0 1 0 1 1 0 0 0 0 0 1 0 1 1 0 0 0 1 0 0.0
300 20 8717 0 1 1 0 0 0 0 1 0 1 1 0 0 1 1 1 0 0 0 1 0.0
301 20 7463 0 1 1 1 1 0 0 0 0 0 0 0 0 1 1 0 0 1 0 1 0.0
302 20 8678 1 1 0 1 0 0 0 1 1 1 1 0 0 0 0 0 0 0 0 1 0.0
303 20 9987 0 1 1 0 0 0 0 1 0 0 1 1 1 1 0 0 0 1 1 0 0.0
304 20 7717 1 0 0 0 1 0 1 0 1 1 1 0 0 0 1 1 0 0 1 0 0.0
305 20 7021 0 0 0 1 1 1 0 1 0 1 0 1 0 0 0 1 0 1 0 0 0.0
306 20 6035 0 0 0 1 0 0 0 0 0 1 0 1 0 0 0 1 0 1 0 1 0.0
307 20 8902 0 0 1 0 0 0 1 1 1 0 1 0 0 0 1 0 1 0 1 0 0.0
308 20 8446 0 0 0 1 1 0 0 0 1 1 0 0 0 1 0 1 0 0 1 1 0.0
309 20 9206 1 0 0 1 0 1 0 1 0 0 1 0 0 0 1 1 0 0 1 0 0.0
310 20 7487 0 0 1 1 1 0 1 0 1 0 1 1 0 0 0 0 0 0 0 1 0.0
311 20 8481 0 1 0 0 0 0 0 0 0 0 0 0 1 1 1 1 1 0 1 1 0.0
312 20 7625 1 0 1 1 1 1 0 0 0 0 1 0 0 0 1 0 1 0 0 0 0.0
313 20 8182 1 0 1 0 1 1 0 0 1 0 0 1 0 0 1 0 0 1 0 0 0.0
314 20 7155 1 1 0 0 0 1 1 0 0 1 1 0 0 0 0 0 1 0 0 0 0.0
315 20 7450 0 0 1 1 1 1 0 0 0 0 0 0 1 0 0 0 1 0 1 0 0.0
316 20 9067 0 1 0 1 1 0 0 1 0 0 0 0 0 1 1 0 1 0 1 1 0.0
317 20 8667 0 0 1 1 0 0 1 1 0 0 1 0 1 0 0 1 0 0 1 0 0.0
318 20 6739 0 0 0 1 0 0 1 1 1 0 1 1 0 1 1 0 0 0 0 0 0.0
319 20 7374 0 1 0 0 1 1 1 1 0 0 0 1 0 0 0 0 1 0 1 0 0.0
320 20 7557 1 0 1 0 0 0 0 0 1 0 0 1 0 0 1 0 1 1 0 0 0.0
321 20 8721 1 1 1 0 1 0 0 0 1 0 0 1 0 1 1 0 0 0 0 0 0.0
322 20 7989 0 0 0 0 0 1 1 0 0 0 1 0 0 1 1 0 0 1 0 0 0.0
323 20 8165 1 1 1 0 0 1 0 0 1 0 0 0 1 0 0 0 0 0 1 1 0.0
324 20 10125 0 1 1 1 1 0 0 0 0 0 0 0 1 1 1 0 1 1 0 0 0.0
325 20 7810 1 0 0 1 0 1 0 0 1 0 0 1 0 0 1 0 0 1 0 1 0.0
326 20 8805 0 0 0 1 0 0 1 1 0 1 1 0 1 1 0 0 0 1 0 0 0.0
327 20 8980 1 0 0 0 0 1 1 0 1 0 1 1 0 0 1 0 0 0 1 1 0.0
328 20 7745 1 0 0 0 0 1 0 1 1 0 1 0 0 1 0 0 0 0 1 0 0.0
329 20 8799 1 0 0 1 0 0 0 0 0 1 1 0 0 1 1 0 1 1 0 0 0.0
330 20 7646 1 1 0 0 0 0 1 1 0 0 0 0 0 1 1 1 0 0 0 1 0.0
331 20 9860 1 0 0 1 0 1 1 0 1 0 1 1 0 1 0 0 1 1 0 0 0.0
332 20 8690 0 1 0 0 1 1 0 1 1 0 1 0 0 1 0 0 1 0 0 0 0.0
333 20 9006 0 0 0 0 1 0 0 1 1 1 1 0 0 0 0 1 0 1 0 1 0.0
334 20 9247 0 0 1 1 1 1 1 1 1 0 0 1 0 0 0 0 0 0 0 1 0.0
335 20 6883 1 0 0 0 1 0 0 1 0 1 0 0 0 1 0 0 0 0 1 0 0.0
336 20 8480 0 1 0 1 1 0 1 0 1 0 0 1 0 0 1 0 0 0 0 1 0.0
337 20 9339 0 1 1 0 0 1 1 0 1 0 0 0 0 0 0 1 1 0 1 1 0.0
338 20 9899 0 0 1 0 0 0 1 0 1 0 1 1 0 1 1 0 1 0 0 0 0.0
339 20 7120 0 0 0 0 1 0 0 1 1 0 1 0 1 0 0 1 1 0 0 0 0.0
340 20 8800 0 1 0 0 0 1 0 1 0 1 1 0 1 1 0 0 1 1 0 0 0.0
341 20 6870 1 1 0 1 0 0 0 0 0 1 0 0 1 0 1 0 0 0 1 0 0.0
342 20 6730 0 1 0 0 0 1 0 1 0 1 1 0 1 0 0 0 0 1 1 0 0.0
343 20 6769 1 0 0 0 1 0 1 0 0 1 0 0 0 0 1 1 0 0 1 0 0.0
344 20 7161 1 0 0 1 1 0 1 0 0 0 0 0 0 1 0 0 1 1 0 0 0.0
345 20 6587 0 0 0 0 0 0 1 0 0 0 1 1 1 1 1 1 0 0 0 0 0.0
346 20 5792 1 0 0 1 1 1 0 1 0 1 0 0 0 0 1 1 0 0 0 0 0.0
347 20 7643 0 0 0 0 0 1 1 0 1 1 0 0 1 0 0 0 0 1 1 0 0.0
348 20 10304 1 0 1 0 0 0 1 1 0 1 1 0 0 0 0 1 0 1 1 0 0.0
349 20 7205 0 1 0 0 1 0 0 0 0 0 1 0 1 0 1 0 1 0 1 1 0.0
350 20 8308 1 0 1 1 1 0 1 0 0 0 0 0 0 0 1 0 0 1 1 0 0.0
351 20 9473 1 1 0 0 1 0 0 0 1 1 1 0 1 0 1 0 0 0 1 0 0.0
352 20 7544 1 0 1 0 0 0 0 0 0 1 0 0 1 1 0 0 1 0 0 1 0.0
353 20 9142 0 0 1 0 1 1 0 0 0 0 1 1 1 0 1 0 0 1 1 0 0.0
354 20 8215 0 0 0 1 0 0 0 1 1 0 1 0 0 1 0 1 1 0 1 1 0.0
355 20 9846 1 0 0 1 0 0 1 1 0 1 1 0 0 1 0 0 1 1 0 0 0.0
356 20 8074 1 1 0 0 1 0 0 1 0 1 1 0 1 0 1 0 0 1 0 0 0.0
357 20 6290 0 1 0 1 0 1 1 0 0 0 0 1 1 0 0 1 0 0 1 0 0.0
358 20 7066 0 0 0 1 1 1 0 0 1 0 0 0 0 1 0 1 0 0 0 1 0.0
359 20 9925 1 0 1 1 0 0 1 0 1 1 0 0 0 1 1 1 0 0 0 0 0.0
360 20 7880 0 1 0 1 0 1 0 1 1 0 0 0 1 1 1 0 0 0 1 0 0.0
361 20 8775 0 0 0 0 0 1 1 1 1 1 1 0 0 1 0 1 0 1 1 0 0.0
362 20 8618 1 0 0 1 0 1 0 0 0 1 1 0 0 0 1 0 1 1 1 0 0.0
363 20 9720 1 1 0 0 1 1 1 1 1 0 0 0 0 1 0 1 0 0 0 1 0.0
364 20 8155 1 0 0 0 0 0 0 0 0 1 1 0 1 1 0 0 1 1 1 1 0.0
365 20 6042 1 1 1 0 0 1 1 0 1 0 1 0 0 0 0 0 1 0 0 0 0.0
366 20 9741 1 0 1 0 0 0 0 1 0 0 1 1 0 1 0 0 1 0 0 1 0.0
367 20 7685 0 0 0 1 1 0 1 1 0 0 0 0 0 1 1 1 0 0 0 0 0.0
368 20 8139 0 1 0 0 1 0 1 0 1 1 1 1 1 0 0 0 0 1 0 0 0.0
369 20 6871 0 1 0 0 1 1 1 1 0 1 1 0 0 0 0 0 1 1 0 0 0.0
370 20 8633 1 1 0 0 0 0 0 0 1 0 1 1 0 0 0 0 1 1 1 1 0.0
371 20 8236 1 0 0 1 0 1 0 0 1 1 0 0 0 0 1 0 0 1 0 1 0.0
372 20 5765 1 0 0 1 0 0 0 1 0 0 0 1 0 0 0 0 1 0 0 1 0.0
373 20 8774 0 0 1 0 1 0 0 1 0 0 1 0 1 1 0 0 0 1 0 1 0.0
374 20 6146 0 1 1 0 0 0 0 0 1 1 0 0 1 0 1 0 0 1 1 0 0.0
375 20 9618 1 1 0 1 0 1 0 1 1 0 0 0 0 1 0 0 0 0 1 1 0.0
376 20 7509 0 1 0 1 0 0 0 1 0 0 1 0 1 0 1 0 1 0 0 1 0.0
377 20 7651 0 1 1 1 0 0 0 0 0 0 0 0 0 1 1 1 0 0 0 1 0.0
378 20 5984 1 0 1 0 1 0 0 0 0 0 0 1 0 1 1 1 0 1 0 0 0.0
379 20 9983 1 0 1 1 1 1 1 1 0 0 0 0 1 1 0 1 0 0 0 0 0.0
380 20 7473 0 1 1 1 0 0 1 1 0 0 0 0 0 0 0 0 0 1 1 1 0.0
381 20 9419 1 1 0 0 0 0 0 0 1 1 0 0 1 0 1 0 1 1 0 1 0.0
382 20 6243 0 1 0 0 0 1 0 0 0 0 0 0 1 1 1 0 1 1 0 0 0.0
383 20 7187 0 1 1 0 0 1 0 0 0 0 0 0 1 0 1 0 1 1 0 1 0.0
384 20 8142 1 0 0 0 1 0 0 0 0 0 0 1 1 0 0 1 1 1 1 0 0.0
385 20 8542 0 0 0 0 1 1 0 0 1 1 1 0 0 0 1 0 0 1 1 0 0.0
386 20 6923 0 0 0 0 0 0 0 0 0 1 1 0 1 0 0 0 1 0 1 1 0.0
387 20 6705 0 0 0 0 0 1 1 1 0 1 1 0 0 0 0 0 1 0 0 0 0.0
388 20 6849 0 1 0 1 0 0 1 1 0 1 0 0 1 1 0 1 1 0 0 0 0.0
389 20 7234 1 0 1 0 0 0 0 1 1 1 1 0 0 1 0 0 0 0 0 0 0.0
390 20 10159 0 0 1 1 0 1 0 1 0 1 1 1 0 0 1 0 0 1 1 0 0.0
391 20 7461 1 1 0 0 1 1 0 0 1 0 1 0 1 0 0 1 1 0 0 0 0.0
392 20 8294 1 0 0 1 0 1 1 1 0 0 0 0 1 1 1 0 1 0 0 0 0.0
393 20 7396 0 0 0 1 1 1 0 1 0 1 1 0 1 0 0 0 1 1 0 0 0.0
394 20 6851 1 0 0 1 0 1 0 1 0 0 1 0 0 0 1 0 1 0 0 0 0.0
395 20 6498 0 0 0 0 1 0 0 1 0 0 0 0 1 1 0 1 0 1 1 1 0.0
396 20 7818 0 0 0 0 1 0 0 1 0 1 1 0 1 0 0 1 1 0 1 0 0.0
397 20 7508 1 0 0 0 0 0 1 1 1 1 0 0 1 0 1 0 1 0 0 0 0.0
398 20 6779 1 1 0 0 0 0 0 1 1 0 0 1 1 0 0 0 0 1 1 0 0.0
399 20 8639 1 0 0 1 0 0 0 0 1 0 0 0 1 0 1 1 1 0 0 1 0.0
400 20 8796 1 1 1 1 0 0 0 0 0 0 0 1 1 1 0 1 0 1 1 0 0.0
401 20 9412 0 1 1 1 0 0 1 1 1 0 0 0 1 1 0 0 0 1 1 0 0.0
402 20 7802 0 0 1 1 0 1 1 1 0 0 0 1 0 0 0 1 0 1 0 0 0.0
403 20 5657 0 0 1 0 0 1 0 1 0 0 1 0 0 1 1 0 1 1 0 0 0.0
404 20 8184 1 1 0 0 0 0 0 0 0 1 0 0 1 1 0 0 1 1 0 1 0.0
405 20 6772 0 0 0 0 0 1 1 0 1 1 0 0 0 1 1 0 0 0 1 0 0.0
406 20 8256 0 0 0 1 0 0 0 1 0 0 1 0 0 0 1 0 1 0 1 1 0.0
407 20 5757 1 0 0 1 1 0 0 0 0 0 0 1 0 1 0 1 0 1 0 0 0.0
408 20 5960 0 1 0 0 1 0 0 1 0 1 1 0 0 0 0 0 0 1 0 0 0.0
409 20 8503 1 1 0 1 0 0 0 0 0 0 0 1 1 0 1 1 0 1 0 0 0.0
410 20 7423 0 1 0 1 0 0 0 0 0 1 0 1 1 1 0 0 0 0 1 0 0.0
411 20 8153 1 0 0 1 1 0 1 0 1 0 0 0 0 0 1 0 1 1 0 1 0.0
412 20 9563 1 0 1 1 1 0 0 0 0 0 1 1 1 0 0 0 1 0 0 0 0.0
413 20 7546 1 1 0 1 1 1 0 0 0 0 0 1 0 0 0 1 0 0 0 0 0.0
414 20 8285 0 0 0 1 0 1 1 1 1 0 0 1 0 0 0 1 0 0 0 1 0.0
415 20 8516 0 0 0 1 1 0 1 1 0 0 0 1 0 0 1 0 1 1 0 0 0.0
416 20 5763 0 0 0 0 0 0 0 1 0 0 1 1 0 1 0 1 0 0 0 1 0.0
417 20 8887 0 0 0 1 1 0 1 0 0 0 0 0 0 1 1 1 1 0 0 1 0.0
418 20 7847 1 1 0 0 0 0 0 0 1 0 0 0 0 1 0 0 1 1 1 1 0.0
419 20 6960 0 0 0 0 0 0 1 0 1 0 0 0 1 1 0 1 1 0 1 1 0.0
420 20 6665 1 1 0 0 0 0 0 1 1 1 0 0 1 0 1 0 0 0 0 0 0.0
421 20 8946 1 1 1 0 0 1 1 0 0 1 0 1 0 0 0 0 0 1 0 0 0.0
422 20 7382 0 1 0 0 1 0 0 0 0 1 0 0 1 1 1 0 1 0 0 0 0.0
423 20 8345 0 0 1 1 1 0 0 0 1 0 0 1 0 1 0 1 0 0 0 0 0.0
424 20 9454 1 0 0 0 1 1 1 0 0 1 0 1 0 0 0 0 1 1 0 0 0.0
425 20 7630 0 0 1 1 0 1 1 1 0 0 1 1 0 0 0 0 0 0 0 0 0.0
426 20 9172 1 0 0 1 0 1 1 0 1 0 1 0 1 0 1 0 0 1 0 0 0.0
427 20 9429 0 1 0 0 1 1 1 1 0 1 0 1 1 0 1 0 0 0 0 1 0.0
428 20 8012 1 0 0 0 1 1 0 1 0 0 0 0 0 0 0 1 0 1 1 0 0.0
429 20 8790 0 0 0 0 0 1 0 1 1 1 1 0 1 1 0 1 0 0 0 0 0.0
430 20 7824 1 1 0 0 0 1 1 0 1 1 0 0 0 0 0 0 1 0 0 0 0.0
431 20 6072 0 0 1 0 0 1 1 0 0 0 1 1 1 0 0 0 0 0 1 0 0.0
432 20 8801 0 0 0 0 0 0 1 0 0 0 1 0 1 1 1 1 0 1 0 0 0.0
433 20 10563 1 0 0 0 1 1 0 1 0 0 1 0 1 0 1 1 1 1 0 0 0.0
434 20 8764 0 0 0 0 1 1 0 0 0 1 0 0 1 1 1 0 1 0 0 1 0.0
435 20 9079 1 1 0 1 0 0 0 1 0 1 1 1 0 0 0 0 0 1 0 1 0.0
436 20 8605 1 1 1 1 1 0 0 1 0 0 0 1 0 1 0 0 1 0 0 0 0.0
437 20 9884 0 1 0 1 1 1 0 0 1 0 0 0 1 0 0 0 1 0 1 0 0.0
438 20 7712 0 1 1 0 0 0 0 1 1 0 0 1 1 0 0 0 0 0 0 1 0.0
439 20 8673 1 1 0 1 1 0 0 0 1 0 0 0 1 0 0 1 0 1 1 0 0.0
440 20 10263 1 1 1 0 1 1 0 1 0 1 1 0 0 0 0 1 1 0 0 0 0.0
441 20 10715 1 0 1 1 0 1 0 1 0 0 0 1 0 0 0 1 1 0 1 1 0.0
442 20 8957 1 0 1 0 0 0 0 0 0 1 0 1 1 0 0 1 1 0 1 0 0.0
443 20 9312 0 1 1 1 0 0 0 0 0 1 0 1 1 0 0 0 1 1 1 0 0.0
444 20 8228 0 0 0 1 1 0 0 0 0 0 0 0 0 1 1 1 0 1 0 1 0.0
445 20 7007 0 0 0 0 0 0 0 0 1 0 0 1 1 0 1 0 1 0 0 1 0.0
446 20 8507 1 0 0 1 1 0 0 0 1 1 0 1 0 0 0 0 0 0 1 0 0.0
447 20 9573 0 1 0 0 1 0 0 0 1 0 1 1 1 0 0 1 1 0 1 0 0.0
448 20 7764 0 1 1 0 1 0 1 1 1 0 0 0 1 0 0 0 0 0 0 0 0.0
449 20 10678 1 0 0 1 0 1 1 1 1 0 0 0 1 1 1 0 0 0 1 0 0.0
450 20 8984 0 1 0 1 1 1 1 0 1 0 0 0 1 0 0 1 0 0 0 1 0.0
451 20 5601 0 1 0 1 0 0 1 0 0 0 0 1 0 0 1 0 0 1 0 0 0.0
452 20 6538 1 0 1 0 0 1 0 0 1 1 0 0 0 0 0 0 0 0 1 1 0.0
453 20 7497 1 0 1 0 1 1 0 1 0 0 0 0 0 0 0 1 0 1 1 0 0.0
454 20 7516 0 0 1 1 0 0 1 0 1 0 0 1 1 0 1 0 0 0 1 0 0.0
455 20 7785 1 0 1 0 0 0 0 0 0 1 0 1 1 0 1 0 0 0 0 1 0.0
456 20 6201 0 0 1 0 0 0 0 1 0 0 0 0 0 1 0 1 0 1 0 1 0.0
457 20 7816 1 0 0 0 0 0 0 0 0 0 0 1 1 0 1 1 0 1 0 0 0.0
458 20 6778 0 0 1 1 0 1 0 0 0 1 0 1 0 0 0 0 1 0 0 0 0.0
459 20 7065 0 0 0 1 0 1 0 0 0 0 0 0 0 1 1 0 1 1 0 1 0.0
460 20 6285 1 1 0 1 0 0 0 0 1 0 0 1 0 1 0 0 1 0 1 0 0.0
461 20 9369 0 1 1 1 1 0 0 1 0 0 1 0 0 1 0 0 0 0 0 1 0.0
462 20 7733 0 0 0 1 1 1 1 1 0 0 0 0 0 0 0 1 1 0 0 1 0.0
463 20 12136 1 1 1 1 0 0 1 0 1 0 0 0 0 0 0 1 0 1 1 1 0.0
464 20 9696 1 0 0 0 1 1 0 0 1 0 0 0 0 1 1 1 1 0 0 1 0.0
465 20 7784 0 0 1 0 1 1 0 0 1 1 1 0 1 0 0 0 1 0 0 0 0.0
466 20 7442 0 0 0 0 1 0 0 0 0 1 1 0 0 1 1 1 0 0 1 0 0.0
467 20 6587 0 0 1 1 1 0 1 1 0 0 0 0 1 0 0 1 0 0 0 0 0.0
468 20 7083 1 0 1 1 0 0 0 0 1 1 0 1 0 1 0 1 0 0 1 0 0.0
469 20 10122 1 0 1 1 1 1 0 1 0 0 0 1 1 1 0 0 0 1 0 0 0.0
470 20 7087 0 0 0 0 1 0 0 1 1 0 0 1 0 0 1 1 1 0 1 0 0.0
471 20 8417 1 0 0 1 0 0 1 0 0 0 0 0 0 0 0 1 1 1 0 1 0.0
472 20 10144 1 1 0 0 1 1 1 1 0 1 0 0 1 0 0 0 0 0 1 0 0.0
473 20 8413 0 1 1 1 0 1 1 0 0 1 0 1 0 0 1 0 1 0 0 0 0.0
474 20 8360 0 0 1 1 0 0 0 0 1 1 0 0 1 0 1 0 1 0 0 0 0.0
475 20 8315 0 0 1 0 1 0 0 0 1 1 0 0 1 0 0 0 0 1 1 0 0.0
476 20 8255 0 1 0 0 1 0 0 1 1 0 0 0 1 0 0 0 1 1 0 0 0.0
477 20 9789 0 0 1 0 0 0 1 1 1 0 0 1 1 1 0 0 0 0 0 1 0.0
478 20 6687 0 1 0 0 0 1 0 1 1 0 0 1 0 0 0 0 0 0 1 0 0.0
479 20 7245 0 1 0 0 0 1 0 1 0 1 0 0 0 0 1 0 1 0 0 1 0.0
480 20 7481 0 1 0 1 0 1 0 1 0 1 1 1 0 0 0 0 1 1 0 0 0.0
481 20 7224 0 0 0 0 0 0 0 1 1 0 1 0 1 0 1 0 0 1 0 0 0.0
482 20 9860 1 0 0 1 0 1 0 1 1 0 1 0 0 0 0 0 1 1 1 1 0.0
483 20 8085 0 0 0 0 0 1 1 0 1 0 1 1 0 1 0 0 0 1 0 0 0.0
484 20 10231 1 0 1 1 1 0 0 0 0 1 1 1 0 0 1 1 0 1 0 0 0.0
485 20 5268 0 1 0 0 1 0 0 0 1 0 0 0 0 1 0 0 1 0 1 0 0.0
486 20 5900 0 0 0 1 0 1 0 0 0 1 0 1 0 0 0 1 0 1 0 0 0.0
487 20 8632 1 0 1 0 1 1 0 1 0 1 0 1 1 0 0 0 1 1 0 1 0.0
488 20 6602 1 1 0 0 1 1 1 0 0 1 0 0 1 1 0 0 0 0 0 0 0.0
489 20 8317 0 0 1 0 0 0 1 1 0 1 0 1 0 1 0 0 1 0 1 0 0.0
490 20 6506 1 0 0 1 1 1 0 0 0 0 1 0 0 0 1 0 1 1 0 1 0.0
491 20 11967 1 0 1 0 1 0 0 1 1 0 0 1 0 1 1 0 1 0 1 0 0.0
492 20 6841 1 0 0 1 0 1 0 1 0 1 1 0 0 0 1 0 1 0 0 1 0.0
493 20 6971 0 0 1 1 0 1 1 0 0 0 0 0 0 1 0 1 0 0 0 0 0.0
494 20 8955 0 0 0 0 1 0 1 1 1 1 0 0 0 1 0 1 0 1 1 0 0.0
495 20 8833 0 1 1 1 0 0 0 0 0 1 0 0 1 1 0 1 1 1 0 1 0.0
496 20 7400 1 0 1 0 0 0 0 0 1 0 0 1 1 0 1 1 0 0 0 1 0.0
497 20 8689 1 0 1 0 0 0 1 1 1 0 0 0 0 0 0 1 0 1 0 1 0.0
498 20 8954 0 1 1 0 1 1 0 0 1 0 0 0 1 0 1 1 0 0 0 1 0.0
499 20 7605 0 0 0 0 1 0 0 1 1 0 0 0 1 1 1 0 0 1 0 1 0.0
500 20 9489 0 0 0 0 0 0 0 0 0 1 1 1 1 0 1 1 1 0 1 0 0.0
