1 20 14 1 8 1 952 2 571 3 456 1 1175 3 1260 3 1014 1 7 6 1199 7 1148 1 1153 5 168 2 1242 2 1299 10 835 1 596 1 618 5 816 16 285 1 882
2 20 14 5 745 9 618 5 804 3 1396 5 443 2 901 3 85 3 1162 1 1489 2 1160 1 661 8 1089 1 613 4 1098 1 799 6 55 4 1249 1 833 3 514 7 1109
3 20 14 2 1353 2 293 1 220 3 1072 1 226 1 509 2 495 11 371 4 1196 1 418 5 752 5 685 2 343 5 1369 2 1089 3 1027 7 365 6 995 4 1390 3 1224
4 20 14 1 1377 3 1205 8 790 2 1124 4 561 2 1242 2 40 7 361 3 791 4 1 7 317 5 1328 3 994 3 1032 1 1471 1 798 5 354 6 52 5 1000 2 323
5 20 13 1 265 4 585 2 1057 4 259 3 709 7 990 1 1113 1 910 3 790 3 455 2 1059 2 755 1 476 2 290 9 1434 2 216 1 1353 2 1052 3 1386 14 700
6 20 16 1 410 6 33 2 711 1 221 8 646 11 130 3 718 1 381 1 115 1 1378 3 970 6 1037 7 1010 1 712 2 1098 3 142 10 695 2 1413 6 803 6 978
7 20 16 1 1043 7 1387 3 96 3 1249 1 507 1 21 6 852 10 442 5 212 2 768 9 1255 7 753 4 200 2 643 3 1150 11 1365 1 662 5 457 2 1473 1 397
8 20 12 1 867 4 875 1 329 2 125 3 152 5 976 4 917 1 681 3 1212 3 1366 2 1415 5 286 1 252 7 838 6 1014 3 166 3 646 2 1255 5 81 3 887
9 20 15 1 227 6 1496 2 1485 6 942 4 834 1 477 8 380 8 71 5 836 1 187 1 831 2 562 3 1327 3 1468 9 928 3 1381 2 878 2 1 8 771 1 1149
10 20 15 2 115 8 446 2 1149 2 405 1 802 1 923 4 481 6 326 3 731 3 1319 9 1068 4 692 8 861 1 655 5 704 4 543 1 501 6 1136 2 127 7 993
11 20 10 1 1357 1 587 3 40 1 193 1 607 3 160 1 540 3 1406 1 1029 3 893 1 73 4 643 2 657 2 329 10 1261 1 310 9 1283 3 364 1 1246 2 1400
12 20 12 4 1325 4 1231 1 1012 3 174 1 1308 3 1369 1 944 9 492 1 256 1 706 7 636 3 1067 7 98 1 1070 8 519 3 1186 2 436 2 344 1 629 1 454
13 20 14 2 38 1 996 4 1155 12 516 2 1175 11 292 4 384 10 771 5 1474 1 1269 2 805 3 174 4 444 1 161 2 973 1 1073 1 861 2 222 1 637 3 52
14 20 9 3 187 2 31 3 387 1 1432 1 1046 6 549 1 299 2 383 2 496 8 1134 1 388 6 521 1 882 1 397 2 1082 2 30 1 538 2 1200 1 361 2 946
15 20 15 3 28 5 367 6 179 12 1330 1 86 3 843 2 1023 1 793 2 463 3 1153 4 754 2 212 5 1226 3 882 4 767 1 1243 2 1452 3 937 8 10 7 1115
16 20 9 3 1272 6 560 8 411 1 1135 4 1001 1 1391 1 1470 3 320 3 43 2 333 2 326 1 1276 1 820 1 183 1 168 1 669 1 1060 5 279 2 466 2 343
17 20 13 2 15 3 219 3 460 3 1499 1 88 4 349 6 907 3 222 1 1393 1 62 3 1426 3 289 2 111 5 806 7 1360 3 586 2 24 7 1322 4 707 2 315
18 20 12 3 1374 2 190 3 1223 4 862 4 376 2 748 1 1052 3 89 1 496 1 148 6 700 9 1467 2 286 1 1357 3 731 1 472 5 894 7 303 2 709 3 494
19 20 13 7 880 1 736 3 1347 5 1177 2 76 10 1286 3 415 6 850 2 678 1 644 2 1317 1 271 2 1384 6 356 1 232 7 1244 5 223 1 855 1 238 1 1070
20 20 16 4 252 4 1339 11 632 4 1017 3 395 8 1483 4 1287 1 702 3 844 2 260 9 817 5 362 1 335 7 1303 5 962 1 848 2 1274 1 599 3 378 2 927
21 20 10 4 1011 3 1094 4 1112 3 501 7 24 7 361 3 920 5 312 1 1459 3 668 1 1028 1 694 1 1252 4 1464 1 1440 1 987 2 1303 1 284 1 1145 1 1157
22 20 15 4 1194 10 338 3 1250 6 1455 6 626 3 231 1 231 1 1453 1 683 4 523 5 867 6 749 4 894 3 26 3 777 1 786 1 512 5 430 4 430 4 914
23 20 10 1 10 7 971 6 991 1 659 5 432 2 1090 1 351 1 76 1 146 2 886 7 237 2 1049 1 291 4 941 2 783 4 635 1 617 1 1407 1 773 1 1382
24 20 15 1 181 3 1190 4 230 2 549 1 1158 2 808 1 66 15 930 1 871 5 193 2 1449 6 351 7 271 6 381 1 492 4 263 4 591 2 705 10 1322 1 1422
25 20 14 6 1424 1 80 1 84 5 80 1 224 2 1155 2 1474 1 1188 3 5 1 1046 1 489 2 735 4 994 7 817 5 1097 1 962 4 565 5 611 10 996 10 644
26 20 12 12 1110 1 522 2 1348 3 727 2 637 4 345 1 123 1 19 2 1256 3 312 2 1170 2 513 4 1372 3 1204 2 828 2 919 2 446 8 875 2 1350 2 788
27 20 15 6 314 3 849 2 1167 4 1063 4 597 5 1370 9 680 2 1358 1 640 7 1440 3 1363 10 713 1 684 1 370 1 44 2 810 1 668 5 1021 3 1379 5 1090
28 20 11 3 383 7 10 2 1265 2 513 2 79 1 430 4 257 1 917 5 441 2 1384 5 1120 2 824 3 1453 1 1066 5 456 2 414 1 767 2 1229 4 488 3 407
29 20 12 9 1352 3 1057 1 231 2 1229 1 266 2 1145 3 376 1 1466 3 144 7 850 10 1107 3 293 2 1477 4 625 3 1391 1 651 2 584 2 1480 1 498 2 240
30 20 16 8 259 3 576 6 1164 2 909 3 390 2 1447 1 862 8 576 19 1273 4 628 1 1433 3 77 7 528 2 741 3 971 2 1142 4 490 1 1334 1 572 3 123
31 20 15 3 921 2 1163 1 977 1 337 6 755 1 1413 6 86 3 1331 2 96 1 1219 14 687 1 582 5 835 10 1122 5 750 2 12 3 1036 3 928 3 1347 6 339
32 20 14 1 1239 1 918 1 1232 1 54 4 1345 1 641 2 666 5 120 11 379 12 500 1 347 2 981 3 1093 9 986 2 636 3 976 2 4 4 889 1 590 4 1021
33 20 13 1 1156 1 386 9 592 8 1012 4 1144 1 71 3 337 2 1462 2 1 3 845 3 1003 5 866 1 1331 1 470 5 1062 12 406 1 966 3 911 3 893 1 693
34 20 12 3 800 1 25 4 1400 2 404 5 1323 3 13 2 354 4 803 2 197 1 649 8 627 4 1348 2 1341 2 1335 1 1414 5 641 5 1250 2 1481 4 675 3 1388
35 20 13 1 979 1 843 6 389 4 1159 1 1250 1 246 2 515 7 582 2 694 3 925 1 1437 2 1064 4 1227 6 701 2 1224 5 763 6 1166 9 726 2 1416 1 74
36 20 10 2 621 2 20 3 405 4 1104 1 785 1 462 1 100 1 284 1 1374 1 1201 3 391 8 1495 6 1483 1 53 4 159 1 429 3 156 4 513 5 893 1 306
37 20 12 2 1485 4 738 1 285 3 977 2 950 2 1394 4 249 3 610 1 1414 2 89 2 187 11 1410 2 1263 2 794 2 1408 6 74 1 658 7 239 2 864 5 801
38 20 14 2 1401 2 1240 5 1459 3 579 3 763 7 277 7 1345 1 64 4 179 5 216 4 290 2 1098 4 182 1 1430 3 270 4 471 3 1316 5 1123 7 388 2 1472
39 20 11 11 694 1 800 4 403 2 1475 8 52 1 1365 1 483 8 521 3 1229 2 625 1 883 4 1035 2 73 1 1190 4 207 1 1463 1 1463 1 896 1 1258 1 1355
40 20 16 5 879 2 1332 11 849 1 1311 4 260 11 176 3 1101 1 723 3 357 6 222 4 635 3 1356 1 1359 5 1422 4 1037 11 1335 1 423 3 706 1 378 1 1418
41 20 11 2 427 1 20 1 667 2 871 7 128 1 255 1 587 1 1006 2 639 5 1488 3 468 1 638 1 980 10 921 1 636 1 55 2 1331 4 1317 3 170 7 435
42 20 14 2 991 7 711 2 1388 4 219 2 798 7 790 3 192 5 1485 2 129 2 1143 6 1251 2 1131 4 223 3 890 5 722 4 488 3 774 1 95 7 1414 2 877
43 20 11 2 66 2 1073 2 1311 3 1440 1 965 2 163 3 393 1 923 2 101 3 1488 1 576 1 868 4 887 1 1129 3 1459 3 721 1 350 9 312 3 1156 9 1276
44 20 12 3 350 2 1229 3 493 2 795 10 1227 4 291 3 1473 2 1200 3 1064 1 489 3 651 1 622 2 1235 5 366 3 1351 9 1362 1 120 1 1082 1 22 1 97
45 20 15 1 1212 9 1020 1 872 9 1123 7 1252 2 1195 3 426 4 1134 8 753 5 56 12 186 4 434 3 1176 1 68 1 397 1 1470 2 353 1 1489 2 15 1 80
46 20 13 6 985 2 849 3 1236 5 1258 2 1239 2 301 9 755 1 120 6 640 6 727 1 614 1 752 3 1193 1 899 8 1433 1 617 7 465 1 845 1 101 2 626
47 20 12 6 781 5 508 4 561 2 269 2 1072 2 813 4 1042 1 684 1 277 3 1447 1 228 1 772 1 1023 7 385 1 232 5 1028 1 209 1 337 1 1186 12 389
48 20 13 4 1372 8 56 1 195 1 1335 2 263 1 587 5 201 1 1366 5 1064 7 329 5 729 4 436 10 1249 4 285 1 1481 1 356 2 250 2 1391 1 328 1 60
49 20 15 1 68 8 74 3 236 1 1482 10 265 4 1198 5 643 5 54 5 696 1 1482 1 397 3 637 1 1393 1 688 2 130 6 1081 2 576 8 534 2 1465 6 1264
50 20 16 2 833 1 144 7 1017 3 164 3 6 10 655 2 312 1 1005 1 909 9 182 4 169 8 29 1 1343 4 977 1 416 1 571 13 1466 1 763 1 1084 7 1035
51 20 13 1 312 3 930 1 411 3 236 5 1015 16 386 2 922 1 732 2 1394 3 1041 1 1428 1 428 2 782 1 400 1 609 4 747 4 1158 5 571 7 520 3 597
52 20 10 6 810 4 1275 1 576 3 742 2 1076 2 143 1 303 2 304 1 1104 1 1310 4 873 2 476 2 529 9 502 1 206 2 208 1 1174 4 1295 2 280 2 90
53 20 14 11 386 2 714 1 1235 1 178 4 368 6 699 2 1232 7 1043 5 531 2 338 5 621 3 99 3 1487 4 173 1 357 1 1484 8 193 1 437 3 975 4 885
54 20 19 15 1232 3 1242 1 1394 4 1321 5 642 4 1488 6 983 6 121 6 666 6 717 4 1128 3 1370 9 721 2 268 1 1349 1 756 5 556 5 267 3 1160 8 578
55 20 11 1 891 4 73 1 51 2 731 2 532 3 480 3 92 4 924 3 280 1 248 3 1313 2 272 2 1126 3 1177 5 1068 3 523 8 1260 4 1161 1 840 3 1332
56 20 18 8 1150 1 568 1 567 3 1165 1 599 5 174 5 164 2 1479 9 332 5 1127 5 1335 2 304 2 560 15 898 10 312 3 720 1 637 7 760 6 1157 1 617
57 20 14 2 182 3 1301 7 1064 2 734 6 118 2 445 6 73 3 936 3 121 6 154 4 823 10 722 1 208 5 585 2 1127 6 483 1 588 1 268 2 165 1 356
58 20 11 4 1244 4 1312 5 1467 1 77 3 429 2 3 3 1426 1 441 2 600 3 1366 4 310 1 948 1 952 2 54 4 176 2 1357 6 441 5 370 1 186 1 802
59 20 23 1 1290 11 959 11 419 1 930 2 1405 4 558 5 642 3 592 9 92 5 145 4 530 5 39 3 364 3 901 3 430 12 897 7 1048 2 1322 10 11 18 579
60 20 14 4 1416 5 1139 7 658 5 529 1 1338 2 349 4 840 3 212 8 1342 1 656 3 1142 1 525 2 1033 3 67 7 244 4 1210 1 12 2 1064 2 1396 5 1069
61 20 11 3 1382 1 263 1 1444 2 12 1 1353 6 1409 5 1224 2 671 1 247 3 134 1 47 6 451 1 581 2 805 1 564 5 194 1 1013 10 266 1 469 2 1349
62 20 12 4 1040 1 960 5 1213 4 500 1 396 5 1133 1 892 9 681 1 1293 9 684 1 549 2 527 7 639 1 1325 2 504 2 1260 3 213 1 965 1 80 2 631
63 20 14 1 1195 4 511 3 1259 3 520 1 1280 3 1169 1 1327 2 334 1 1183 3 762 4 776 6 797 2 528 4 843 1 155 5 969 13 1127 1 1345 9 149 7 1088
64 20 19 5 485 23 475 1 1470 2 1108 4 191 2 156 10 34 7 1418 1 334 3 838 1 1411 2 211 5 1252 2 975 4 451 4 911 8 885 5 650 1 1242 8 162
65 20 13 1 1222 3 1268 2 1287 9 595 7 60 2 898 1 503 1 289 2 194 2 1445 4 1426 1 48 1 869 16 416 3 853 1 1472 2 685 2 436 4 673 4 1084
66 20 11 3 742 1 758 1 1484 4 524 6 1132 2 792 3 918 2 837 4 164 2 890 2 688 1 884 4 1267 2 675 3 487 2 1467 2 500 6 1487 5 378 1 435
67 20 17 2 23 3 1084 3 1258 3 61 22 1109 6 489 1 527 3 264 1 937 5 357 1 664 2 1336 1 236 1 1164 6 755 3 1354 2 1298 1 197 6 20 14 1006
68 20 13 4 1064 5 1498 6 294 2 932 3 939 3 315 4 907 3 195 3 625 2 1333 4 1260 1 726 4 147 5 551 2 104 9 383 1 616 3 1254 2 528 1 530
69 20 14 1 959 2 386 1 478 1 740 3 1123 1 1080 13 333 5 349 11 861 2 697 1 388 6 500 2 63 3 1182 5 591 5 241 1 1279 3 646 2 293 6 29
70 20 18 1 246 1 1146 8 1222 2 1478 14 879 5 563 2 937 24 180 3 194 1 1457 1 839 1 661 6 403 9 512 3 484 1 947 1 1442 4 482 2 1304 4 919
71 20 16 7 1459 7 843 3 958 3 1298 1 468 1 1156 5 1248 5 981 3 258 2 1422 4 957 10 359 1 525 1 442 8 1053 2 757 3 521 10 647 3 406 2 1247
72 20 12 1 443 1 1163 3 105 1 69 3 1283 10 235 1 91 1 1334 4 308 4 1099 1 517 4 475 9 1346 1 785 2 1124 1 727 5 616 4 405 2 1381 4 1192
73 20 12 1 286 2 297 1 79 2 435 1 1485 5 1037 1 92 3 954 1 831 3 1403 1 285 8 774 1 303 6 423 5 729 6 730 4 852 3 1259 7 1420 1 535
74 20 10 1 1125 2 22 1 814 3 510 3 739 5 1224 2 1212 7 746 2 566 1 321 2 1451 5 1263 6 474 2 127 1 261 4 1259 3 351 2 930 1 837 1 891
75 20 19 10 1379 5 1045 4 1464 3 545 1 688 3 188 12 1021 11 407 1 987 7 540 1 1408 4 1168 3 963 2 564 6 1171 12 566 1 1243 3 798 1 1493 5 959
76 20 15 2 1010 1 1485 9 1228 4 42 1 588 2 679 2 26 1 853 10 887 5 713 2 488 1 21 8 252 1 269 12 360 6 1216 6 879 1 81 3 598 2 925
77 20 14 1 566 4 216 10 266 1 414 3 13 2 1328 4 262 4 704 6 823 1 1259 1 1343 1 1060 1 719 1 862 2 726 13 1295 8 815 7 1455 3 1389 1 937
78 20 10 2 668 1 1468 9 285 1 729 3 697 3 975 4 369 1 1194 2 121 1 715 2 271 1 1377 2 1269 1 381 1 846 5 1362 5 584 2 1402 2 864 3 614
79 20 13 8 209 2 258 1 1243 6 409 3 432 1 1495 2 1368 1 532 7 1155 3 114 3 205 6 1235 1 921 3 1403 1 583 2 307 7 510 5 930 3 405 4 1327
80 20 13 2 1248 2 724 3 796 2 342 4 1088 14 814 1 990 4 163 3 267 1 1045 6 1335 1 795 6 518 1 218 1 1456 5 33 1 515 2 831 6 131 1 1142
81 20 14 1 654 2 15 2 381 5 395 2 1469 2 1076 4 36 2 643 5 772 4 1246 4 609 2 63 6 1227 1 393 6 1203 2 188 3 53 8 1168 2 374 10 30
82 20 14 1 291 10 1290 1 1226 2 1397 3 483 1 158 9 60 2 445 7 651 3 215 2 119 2 653 2 803 4 408 1 50 7 1228 6 1242 2 475 2 1206 6 441
83 20 13 2 1173 1 319 5 1465 9 1047 3 816 4 837 1 276 1 958 4 1155 3 958 3 68 3 1253 5 1101 1 655 1 521 2 86 6 157 4 759 7 895 3 1431
84 20 10 4 892 1 1029 2 1318 3 818 5 1128 2 878 2 1287 3 1107 11 1331 1 1060 1 182 2 546 2 915 2 1416 1 401 4 987 1 1306 1 1402 3 554 1 1418
85 20 12 3 1016 2 1271 8 831 1 597 1 573 2 666 3 655 5 1233 4 1394 1 387 1 439 2 162 1 935 2 946 2 827 6 213 12 1427 1 734 2 77 4 672
86 20 22 2 845 13 1303 1 1090 4 891 7 1051 1 728 18 859 3 710 2 1022 13 1179 4 1080 10 593 1 155 3 1330 10 1427 9 151 4 655 3 618 4 1327 2 1013
87 20 17 6 758 3 1198 11 248 3 988 5 1484 6 1338 2 262 1 48 2 1451 4 95 9 493 5 1426 1 912 4 413 4 166 1 225 2 1198 2 1390 9 587 5 1460
88 20 10 2 272 5 950 1 701 3 567 5 237 1 817 1 1256 1 1217 4 320 10 47 1 193 1 366 2 1379 1 930 4 1384 6 1278 3 201 1 65 1 295 1 927
89 20 10 1 1164 1 719 2 54 1 244 1 1186 1 194 2 1199 2 384 2 193 2 1035 7 642 2 446 2 984 1 579 2 1342 5 1089 10 927 3 632 3 406 1 1394
90 20 12 3 1092 9 347 5 729 1 249 4 1410 3 341 1 156 1 5 1 100 7 918 1 256 1 874 1 928 5 940 3 608 5 1405 1 125 2 1326 4 228 5 1054
91 20 12 7 321 2 742 6 1006 1 254 1 226 1 286 2 1123 3 1236 4 1430 3 36 1 1208 2 941 5 320 1 873 6 402 5 1347 6 752 1 493 3 240 2 666
92 20 14 7 1279 5 907 1 995 2 856 1 901 1 740 5 1405 3 681 3 428 7 1277 1 409 2 114 1 1479 2 181 10 684 8 149 10 459 1 932 2 1490 1 1062
93 20 12 1 294 5 856 1 545 4 565 6 254 3 446 2 747 1 112 6 88 2 173 2 706 2 489 1 546 4 690 1 696 11 1424 2 1396 5 1182 3 1353 1 1341
94 20 12 8 102 1 325 6 1081 2 257 6 14 6 343 5 721 2 183 2 959 1 473 3 998 3 665 2 286 3 387 2 1389 1 830 4 272 3 390 1 450 1 1270
95 20 14 2 974 2 431 2 1030 2 828 4 124 3 997 9 1042 2 43 5 1411 4 1168 2 1477 1 228 4 534 4 506 2 314 2 1338 14 1321 1 1403 2 1118 4 26
96 20 13 4 1183 8 1303 4 27 3 397 3 905 1 1265 3 715 11 1129 1 1316 7 1414 3 907 2 1438 2 1205 4 1225 2 92 1 1274 2 1093 2 542 3 932 1 1148
97 20 14 3 272 1 424 1 1408 3 745 5 1437 6 1037 4 899 3 230 6 1341 4 928 1 1445 1 414 2 672 6 431 3 1500 6 300 1 1472 11 98 2 1295 3 1015
98 20 13 11 1251 10 1114 3 265 2 1404 1 561 4 933 2 1072 4 578 2 172 1 172 4 1311 3 295 2 751 2 230 11 965 1 439 1 494 1 894 2 559 1 1468
99 20 14 1 956 1 463 2 641 8 1023 2 290 1 1269 4 415 1 1463 7 825 5 685 4 405 11 992 1 1181 8 30 1 1305 1 287 5 748 3 192 5 243 1 663
100 20 12 1 59 1 1072 3 1238 1 85 2 1213 1 198 4 1146 2 52 1 835 4 892 1 1452 1 975 1 1113 3 390 5 349 7 300 3 1368 1 1161 18 994 2 846
101 20 16 3 1192 6 508 3 851 16 888 4 400 3 59 3 712 2 1335 3 113 3 396 10 1145 3 243 3 721 1 1093 5 184 2 81 4 454 1 690 4 428 2 5
102 20 12 4 777 6 471 1 670 1 208 3 81 1 389 1 473 4 1135 1 271 6 1290 1 874 2 257 1 140 3 1329 13 1308 1 1118 4 101 6 482 1 558 1 231
103 20 9 1 47 1 349 5 328 1 1402 1 510 6 458 1 1256 1 1231 8 115 6 973 1 843 1 846 1 316 3 814 1 1052 3 504 1 591 3 34 1 106 3 1366
104 20 15 3 1288 1 439 11 600 6 1499 1 937 2 193 5 573 9 80 1 1461 4 1365 2 71 5 1458 1 79 2 18 6 584 4 1351 2 196 5 399 2 546 7 800
105 20 12 1 515 1 979 2 190 5 294 1 746 1 911 5 112 2 1226 8 866 6 1150 4 961 3 350 5 1232 1 822 1 1164 3 1246 6 464 3 19 1 229 1 1069
106 20 12 3 183 4 663 4 1399 1 1400 4 1294 1 965 3 1356 2 1229 5 532 2 532 2 1469 6 1231 2 707 3 1300 4 677 1 847 3 1138 7 1046 1 326 4 632
107 20 14 2 1070 1 787 3 879 2 65 6 769 1 1406 7 731 2 183 3 1074 5 794 1 399 4 1400 6 1268 3 1038 7 369 2 648 1 1207 1 695 5 972 9 947
108 20 14 4 1165 2 1469 5 645 5 1235 2 1337 4 696 3 874 1 1125 6 293 4 886 3 1275 8 1396 1 1207 1 1236 2 356 6 543 1 620 5 521 5 973 3 1316
109 20 15 3 625 2 1259 4 25 1 968 1 1165 2 1472 10 145 6 1300 1 895 4 413 6 92 3 82 4 376 5 325 3 585 1 74 3 1484 12 836 5 709 3 460
110 20 11 1 627 1 461 3 1285 1 684 1 578 13 865 7 794 1 1056 1 1361 5 851 5 603 1 1351 1 930 3 197 2 713 1 1081 4 285 3 1020 1 115 2 1230
111 20 12 1 562 5 348 1 427 2 736 3 158 7 1226 1 1432 1 876 8 552 8 563 1 916 3 931 2 877 1 700 1 290 4 692 8 1461 1 1455 4 1001 1 1497
112 20 11 3 956 6 1369 1 1015 5 318 2 296 3 1299 2 37 3 1284 1 184 1 649 4 1195 3 409 2 510 5 1316 1 375 1 537 1 230 8 860 3 678 3 1141
113 20 15 1 262 1 1136 2 883 5 313 10 146 9 102 1 462 3 840 10 482 2 740 2 1209 3 155 6 570 6 129 3 1012 1 985 5 751 1 931 3 419 1 1445
114 20 18 1 862 2 355 1 59 1 982 18 1293 10 200 3 909 9 1214 3 375 3 1331 5 703 3 549 1 173 6 1252 5 1490 1 655 9 509 4 1062 4 801 2 33
115 20 11 2 1198 3 103 2 537 2 588 2 1148 3 1188 2 1230 1 96 4 166 4 1478 3 1362 4 577 2 105 8 337 4 546 3 480 2 729 1 737 1 471 2 1338
116 20 10 2 914 4 559 2 1081 5 1380 1 393 3 620 7 1188 2 1254 1 306 2 657 2 1013 1 600 7 1019 3 820 2 1144 2 236 5 1479 1 1200 1 940 1 1309
117 20 13 2 925 1 348 2 1023 2 133 7 1294 3 911 1 701 4 535 1 547 8 1225 8 734 1 929 1 1301 3 1033 8 504 1 1255 1 847 2 948 7 1379 2 722
118 20 17 5 215 1 286 7 870 3 1236 6 725 6 1418 6 228 8 1250 1 1045 2 773 1 1119 2 757 7 309 9 1128 3 201 2 1332 6 12 7 360 1 860 2 1182
119 20 14 1 1010 4 582 2 1087 1 554 6 864 3 470 10 590 4 241 1 1113 4 991 8 486 3 123 2 334 4 1229 4 639 3 719 7 75 1 1360 3 70 2 799
120 20 16 2 837 1 880 7 1403 3 1152 7 350 1 843 1 189 2 520 1 1304 3 1334 4 761 4 1399 2 711 1 1314 8 1429 6 1041 8 457 2 532 13 503 8 856
121 20 10 2 30 2 464 4 254 1 1292 1 365 1 1451 3 1024 2 1450 2 861 6 798 6 1488 1 1466 1 1081 1 922 2 608 1 430 4 1066 3 264 1 1204 6 1112
122 20 19 1 956 3 928 3 128 11 1088 4 689 6 246 4 9 4 445 5 343 1 471 7 1223 1 738 5 1031 4 862 4 586 6 1233 10 22 6 1434 10 1284 4 922
123 20 11 6 256 4 1246 1 44 1 1217 1 332 4 1020 4 1383 2 1107 1 1419 6 416 1 53 3 1099 1 1456 2 789 1 1068 2 497 11 1115 3 65 1 674 1 1228
124 20 12 3 1168 6 684 2 375 4 576 3 445 8 1317 1 666 2 1051 5 328 2 978 1 1178 1 505 6 438 1 435 3 41 7 274 2 934 1 483 1 1436 1 1480
125 20 12 4 736 2 64 2 484 5 112 2 130 5 770 1 1196 1 546 3 980 1 1172 5 1240 3 237 2 606 1 651 1 900 2 907 4 1131 1 1481 5 1149 11 14
126 20 17 2 828 4 718 15 885 3 1477 7 125 8 157 15 220 1 1257 9 623 1 469 3 283 4 967 1 1334 4 85 1 85 1 961 6 650 1 1126 1 1302 1 1377
127 20 11 2 446 1 1215 2 572 3 1324 2 759 3 1121 7 735 6 483 3 247 3 1154 3 573 1 1235 7 538 1 766 2 1172 3 148 2 1216 1 1289 2 295 5 591
128 20 13 6 1099 1 949 4 693 3 1216 1 554 4 244 3 421 2 38 1 31 7 778 5 670 3 927 1 1328 3 601 4 1101 1 1243 3 1286 5 1163 5 193 3 234
129 20 12 3 1009 4 1341 2 613 1 1182 1 290 9 866 1 169 4 1190 5 428 3 884 6 618 1 495 3 83 2 815 6 926 2 773 3 977 2 315 1 61 1 655
130 20 13 6 1226 2 5 2 1169 2 1177 5 1193 1 498 1 223 2 937 6 353 5 778 1 885 1 423 2 1059 1 1363 4 824 9 925 5 1150 3 238 7 1199 2 1208
131 20 13 3 292 3 326 1 1425 3 489 3 1353 9 554 2 1381 2 956 1 1213 1 1495 2 1256 10 1141 1 1355 4 793 1 1499 1 784 1 419 1 1164 11 1087 6 1126
132 20 14 1 1126 1 429 7 1225 3 1341 2 999 1 212 7 8 1 113 3 592 1 237 1 961 3 468 10 1268 2 1294 6 1255 10 493 9 655 1 908 2 493 1 769
133 20 13 2 423 2 1328 1 1107 6 795 2 417 6 322 8 1438 7 1495 3 1415 5 743 1 796 2 130 2 251 1 318 1 1376 10 1472 3 1209 2 421 4 101 1 573
134 20 12 4 728 5 998 2 673 1 735 6 431 2 216 2 58 2 206 1 270 4 968 6 187 3 472 1 1042 1 1399 4 863 1 846 1 1180 4 414 7 1084 6 1394
135 20 13 2 204 1 1373 2 1142 9 522 4 1199 1 165 1 712 3 1477 1 1488 1 251 1 852 3 644 10 81 5 1497 9 249 1 115 6 589 6 366 1 631 2 715
136 20 17 3 1350 6 174 2 748 4 1089 1 302 17 1288 1 56 3 1434 1 499 4 754 5 1267 2 1078 5 282 4 1213 1 332 9 1468 12 1325 4 208 2 490 1 597
137 20 14 3 1054 4 861 3 549 5 604 8 575 1 825 3 28 1 323 3 743 10 1285 2 1250 1 366 2 854 1 1058 6 790 1 1039 6 524 4 147 1 677 8 194
138 20 14 4 264 6 833 6 280 1 816 8 946 2 193 1 89 1 326 4 1279 1 125 7 889 1 122 2 248 3 1113 4 646 8 271 4 1286 3 1450 1 1198 4 1001
139 20 11 1 904 5 908 2 82 1 830 1 824 2 833 6 1233 1 416 4 583 1 298 2 1098 6 155 1 991 4 185 2 1369 1 685 2 807 6 823 7 1473 2 1378
140 20 14 3 237 3 18 1 912 2 222 2 729 4 759 5 240 2 869 3 858 2 1226 7 1204 6 212 2 113 1 21 1 120 18 452 4 707 3 343 2 1152 3 388
141 20 13 1 182 1 909 4 459 1 117 1 74 1 265 3 910 7 561 4 990 3 286 1 500 9 1425 5 60 1 762 1 1031 12 139 3 323 3 1050 2 250 4 1231
142 20 15 5 838 8 453 6 280 2 994 9 1416 6 475 1 1099 1 667 5 1303 4 140 6 211 1 471 3 565 9 1313 3 294 2 108 2 1241 1 1480 2 433 1 820
143 20 12 6 480 1 789 2 449 2 887 2 1142 1 1403 16 808 1 477 1 983 3 1128 4 132 2 15 3 768 1 454 1 857 3 766 2 1212 2 273 7 245 1 607
144 20 12 2 383 5 862 5 63 3 362 4 833 4 379 2 1422 1 1410 6 540 4 511 2 397 2 436 4 963 4 892 2 958 4 1386 1 439 3 1374 2 98 1 741
145 20 15 1 874 3 1198 2 706 3 801 12 658 3 595 2 752 1 817 6 635 3 783 1 1066 2 106 1 1198 2 1371 16 665 13 1307 2 325 1 114 1 1249 1 1154
146 20 14 2 76 2 677 1 507 2 1377 6 1355 2 671 6 1401 1 101 2 30 4 889 2 1254 1 97 11 404 2 532 3 729 1 456 5 1361 10 751 6 291 5 1000
147 20 8 3 550 2 734 3 118 2 742 1 224 1 513 2 699 1 470 1 1486 1 125 4 331 2 933 2 752 4 904 1 1471 1 1408 5 678 1 1249 2 1330 4 769
148 20 13 1 1338 1 692 1 69 3 150 3 236 1 1124 1 1062 7 1244 5 1304 2 636 6 40 4 306 4 1230 5 583 1 878 3 263 2 883 10 502 2 1224 3 828
149 20 13 7 367 1 58 3 627 1 1433 3 1283 5 384 2 821 7 32 1 1094 8 893 7 824 1 407 2 288 1 1143 7 203 1 1368 1 1392 3 1155 1 985 4 570
150 20 19 3 1114 2 130 5 1181 5 132 5 725 4 377 3 1253 11 237 3 281 1 156 7 661 11 951 2 241 8 234 5 566 1 1139 15 189 3 667 3 19 2 1438
151 20 16 1 1421 1 265 1 1464 12 647 3 1448 4 81 1 985 2 747 8 137 2 1357 2 435 2 644 11 569 3 1344 2 1432 3 1393 8 1360 2 414 4 1177 10 1073
152 20 13 3 782 1 852 1 543 2 487 1 528 3 942 6 40 17 7 5 157 2 522 3 1154 2 869 6 855 2 1389 1 1013 1 1397 1 1378 4 456 1 363 5 628
153 20 13 3 1474 4 1349 2 1157 3 1302 1 633 5 1340 5 253 6 895 4 193 6 239 8 323 1 61 3 17 1 949 5 943 1 924 3 429 1 695 5 1298 1 1050
154 20 14 5 855 1 757 1 358 4 802 2 1480 3 1321 3 14 1 1175 7 994 2 719 1 252 1 454 8 1125 1 277 2 526 1 931 2 1355 12 176 7 158 9 867
155 20 16 7 465 1 513 9 124 1 1372 2 816 3 88 6 727 1 1169 1 44 10 1303 3 446 8 1002 8 403 4 706 2 1499 2 1019 7 1414 3 864 1 168 1 23
156 20 10 5 845 2 1223 2 419 5 496 1 1123 1 655 3 471 5 661 1 1457 2 733 6 233 2 917 3 519 3 1437 4 267 1 213 1 137 4 902 1 837 2 436
157 20 13 4 612 4 346 1 508 1 1164 2 309 4 1182 7 559 8 36 4 1128 1 1470 5 267 2 304 4 281 1 429 3 979 4 718 2 1300 2 1328 3 356 5 525
158 20 12 1 990 1 1274 4 85 7 854 1 156 1 382 7 564 1 728 2 593 4 670 1 88 8 445 1 1278 1 510 2 3 2 423 13 767 1 1149 1 363 2 1495
159 20 13 1 698 1 793 4 624 2 82 8 102 5 247 7 241 3 736 1 56 1 129 5 761 7 1100 2 406 5 466 3 160 4 1120 3 287 1 995 1 937 5 216
160 20 12 4 1025 3 83 4 1386 2 1171 2 1416 1 612 1 1470 1 253 2 11 3 690 5 1061 2 1155 1 1429 1 1279 7 163 6 203 1 1338 2 977 6 921 9 918
161 20 13 7 509 4 1416 4 197 3 1201 1 133 2 400 2 969 2 785 1 47 2 555 1 696 6 503 6 679 1 899 16 293 1 760 1 1058 2 1440 2 1225 2 1273
162 20 19 13 342 6 1485 4 432 3 301 7 1421 1 1326 1 1314 6 1033 4 870 2 566 4 575 2 1131 6 1050 7 1411 7 552 1 1434 8 953 3 1304 5 442 7 490
163 20 12 3 1456 2 318 1 95 5 1153 3 532 6 1272 2 2 5 75 1 594 4 43 3 640 1 63 4 800 2 953 6 1284 1 484 2 1026 2 577 1 593 10 948
164 20 11 1 1204 2 68 3 1145 4 743 6 466 4 943 3 1095 2 565 1 823 1 483 4 769 5 664 6 894 3 751 2 1008 2 218 1 604 5 1149 1 711 1 488
165 20 12 9 1140 5 517 4 1199 2 645 6 774 2 42 4 737 5 290 4 14 2 1246 2 242 1 1063 1 1277 1 1373 1 148 5 1290 2 1037 1 121 4 823 2 237
166 20 12 2 214 1 807 5 845 4 586 2 267 3 372 2 287 1 1142 1 681 10 418 1 10 1 329 3 727 9 804 3 846 1 711 2 991 2 856 1 1261 7 921
167 20 13 3 63 6 24 4 327 3 1293 1 727 2 236 3 106 2 1091 4 574 6 426 4 229 1 931 2 1033 2 910 4 1177 1 1465 2 663 2 686 8 1267 6 1051
168 20 18 16 718 6 805 4 835 7 1037 1 1083 5 905 3 618 1 196 1 775 11 1029 10 893 4 953 1 746 5 1172 3 1042 4 1354 3 183 1 517 5 666 1 1225
169 20 13 2 1229 1 309 9 691 8 1486 4 733 1 1030 4 141 1 624 4 248 3 931 6 1284 5 1219 2 742 1 127 1 883 1 484 6 741 1 1378 1 1457 4 1374
170 20 14 3 1382 3 1293 2 968 1 268 6 402 9 1268 2 118 4 1478 1 587 9 599 1 1456 1 1063 5 561 1 1150 2 135 2 1175 3 381 2 848 5 505 9 864
171 20 17 7 1308 4 298 3 582 1 1110 3 1138 11 1076 1 171 6 95 1 760 7 500 1 412 3 295 6 1429 2 731 12 1442 2 1118 2 1329 2 533 1 1084 12 385
172 20 13 2 835 1 396 2 1062 1 473 5 131 2 522 4 208 8 581 4 696 11 1422 2 1385 3 1262 2 822 7 639 3 1055 1 1192 2 1195 1 1149 2 1444 3 1403
173 20 11 1 148 3 1022 3 1442 1 94 1 676 6 1139 1 894 4 1491 2 1063 3 1149 12 982 1 829 1 359 1 928 5 395 1 528 4 1377 1 301 1 258 3 324
174 20 10 1 703 3 440 5 812 1 498 1 1197 3 643 4 697 1 777 4 1297 1 473 5 64 1 974 2 30 4 918 6 257 2 1202 1 451 4 401 1 1326 3 16
175 20 11 1 358 1 365 3 1288 3 381 3 901 1 1113 3 489 5 1323 3 1424 2 523 7 160 2 645 3 503 4 909 5 664 3 291 1 448 3 1046 1 371 4 1388
176 20 16 10 1226 3 935 4 585 6 1446 4 306 2 553 3 1247 10 1110 3 816 3 716 1 1324 10 200 5 1462 4 542 1 88 6 905 1 1482 3 536 1 386 1 1
177 20 19 4 108 6 1305 5 887 4 1302 10 487 6 967 4 822 3 644 6 1402 6 1253 6 931 1 139 2 1064 9 475 13 1221 3 514 1 798 1 780 7 896 1 307
178 20 13 8 460 5 1085 2 945 2 554 4 767 1 324 4 1432 5 955 1 129 2 404 10 249 2 94 3 920 2 127 1 807 2 23 4 190 1 378 5 589 2 1253
179 20 14 1 34 2 221 4 519 1 1117 5 36 5 859 4 1038 1 929 3 965 8 787 2 76 9 982 4 994 1 800 2 861 1 517 7 343 1 45 3 1040 6 463
180 20 11 1 1106 1 1001 7 1031 6 317 1 392 4 1360 2 475 2 513 8 179 2 314 1 514 1 1284 1 469 3 148 3 435 5 174 1 460 1 8 3 289 3 105
181 20 14 13 1060 3 530 5 1461 6 204 3 165 5 1381 4 363 8 825 1 178 1 224 4 1107 5 1032 1 1001 4 137 1 1243 2 444 1 442 2 534 3 853 1 273
182 20 11 2 1007 1 1106 2 391 4 120 1 1215 2 67 2 571 1 1332 6 239 2 922 1 835 2 395 5 305 1 737 2 855 4 1500 1 1260 5 684 1 407 13 58
183 20 19 1 867 2 480 3 60 3 201 7 539 1 391 2 1394 5 249 10 560 6 707 5 1214 4 731 17 351 6 280 4 59 1 364 3 742 1 1017 5 534 11 139
184 20 19 7 626 2 237 8 104 2 324 3 641 1 1440 1 1435 3 904 6 1439 2 1445 4 1500 3 68 4 491 2 549 6 1136 17 232 13 846 10 529 1 80 1 102
185 20 14 2 895 5 1404 3 208 2 1460 3 892 4 863 1 720 5 847 2 842 7 1216 2 438 8 645 3 1029 6 335 3 572 6 933 1 143 1 1308 6 1312 2 264
186 20 13 4 387 3 1081 8 398 2 432 1 1445 4 1105 1 1176 1 680 4 410 2 1314 9 1120 2 425 4 472 1 685 1 567 1 434 7 178 4 548 3 367 4 1369
187 20 13 5 308 3 253 5 932 7 205 1 508 2 540 2 1239 1 1155 4 763 1 746 1 720 2 605 4 659 6 974 3 1457 2 91 5 277 5 594 2 1225 5 144
188 20 16 3 1422 8 658 5 953 3 82 1 194 6 232 2 326 8 508 6 814 5 208 4 1086 3 800 4 1094 2 1169 2 1311 6 1351 3 1053 3 1382 4 106 3 373
189 20 16 2 895 9 1263 1 127 1 1215 5 488 14 571 1 216 2 966 10 157 2 344 5 1165 1 1216 2 893 6 931 7 905 1 942 3 1131 2 992 7 95 3 769
190 20 20 2 59 9 578 11 1477 1 1012 9 248 5 1290 2 481 20 49 1 1215 13 1387 6 26 5 897 1 1109 7 1303 3 489 2 946 1 1168 3 1198 1 1050 1 605
191 20 14 1 361 1 707 5 1083 1 564 8 930 2 436 1 1161 2 1016 2 578 5 632 1 157 5 641 2 61 6 1101 1 152 4 1190 3 813 14 1282 2 631 4 167
192 20 11 1 22 1 1310 1 1077 3 1390 2 1068 3 911 7 940 1 1470 1 1120 1 103 1 1312 2 780 12 107 4 27 1 904 10 1378 1 1476 2 1142 1 1015 2 950
193 20 11 2 1331 3 310 4 280 4 224 4 402 2 939 4 1070 2 532 1 1121 1 557 6 1086 5 1334 1 64 3 1379 5 1133 2 941 1 1338 2 956 2 263 2 213
194 20 12 1 719 1 1280 6 754 5 1374 1 1294 1 12 5 998 2 458 10 1193 1 902 1 481 4 23 2 1463 6 418 6 979 1 1170 1 574 4 679 1 843 1 1129
195 20 9 1 583 1 333 1 403 3 338 7 864 2 736 1 198 2 281 5 505 1 832 1 1199 2 469 5 990 2 983 1 123 2 738 1 795 1 1270 8 516 2 1254
196 20 14 3 1148 5 135 3 712 11 329 4 1047 3 94 4 985 1 705 3 1301 3 1219 1 1254 4 420 2 562 3 1094 1 1131 6 892 4 27 4 1423 3 401 3 587
197 20 12 1 878 4 1500 2 1306 2 618 3 496 5 1070 2 1418 2 490 5 255 3 1424 2 837 12 1260 5 972 3 1230 1 1066 5 169 2 83 1 315 1 1343 1 687
198 20 18 1 1326 15 215 2 1112 4 584 4 674 3 896 11 1390 1 61 2 1076 7 339 1 676 4 884 3 54 7 1098 2 1065 1 1403 8 1032 11 222 4 249 3 134
199 20 11 4 1497 1 680 4 1017 1 1179 2 1038 1 730 3 131 11 1292 3 413 2 989 1 643 5 1465 1 818 1 104 5 212 1 433 1 1022 5 1194 3 663 1 1323
200 20 14 7 1436 11 1139 4 499 1 60 1 391 3 313 2 638 7 1112 5 961 2 273 3 1162 4 1027 4 81 3 656 3 42 1 1070 3 612 4 1145 2 1465 4 1059
201 20 14 5 214 7 384 8 496 3 981 5 308 1 1105 2 570 3 612 2 215 4 351 9 88 1 826 1 447 1 76 2 449 3 245 7 15 3 1339 1 1140 3 298
202 20 16 8 1002 3 1440 5 1170 3 684 1 751 3 710 5 348 4 268 1 2 3 241 12 1476 9 1480 2 565 6 1236 1 40 1 1480 8 695 1 857 7 696 1 639
203 20 14 3 221 2 298 5 1429 1 983 10 1006 1 1047 2 485 1 1155 2 1252 11 999 1 1456 3 288 2 1007 2 644 2 1322 3 1169 5 1240 3 1049 4 190 10 792
204 20 11 1 628 7 1104 7 754 1 103 3 893 2 1423 8 54 1 967 1 1288 1 1490 2 15 2 282 2 730 1 1186 1 1355 2 850 2 934 2 999 7 677 4 261
205 20 19 4 900 1 322 8 861 2 447 5 1244 20 1407 3 1414 1 267 12 633 1 95 5 1332 5 996 1 1227 7 673 1 1296 7 1238 7 1226 4 367 3 1096 2 389
206 20 15 4 1090 1 560 9 719 1 1436 3 714 2 1185 6 1119 1 109 7 444 1 303 1 1124 2 943 11 281 3 1308 1 578 5 1420 1 329 5 1352 9 1017 5 50
207 20 16 3 24 3 1445 1 678 2 110 3 962 1 424 1 271 7 1369 9 838 9 974 2 1347 3 899 3 3 7 869 2 831 1 1431 1 335 14 44 4 582 5 901
208 20 18 3 842 1 669 1 1204 3 1365 4 740 5 364 7 1451 3 812 2 784 1 1158 1 527 2 815 6 764 2 1232 1 318 16 221 3 419 13 158 1 609 16 221
209 20 11 1 1435 12 1336 5 235 2 290 2 252 2 362 5 47 1 754 2 888 6 1267 4 1180 1 553 1 466 1 1324 1 1023 3 95 1 395 2 1392 1 879 5 541
210 20 16 4 1020 4 251 9 192 1 548 2 1337 1 534 1 166 12 742 1 72 11 39 3 1458 2 474 7 85 6 1309 2 841 4 449 2 1340 3 514 4 605 2 966
211 20 13 4 1415 1 570 3 459 1 941 3 471 1 969 1 628 1 374 1 597 1 404 2 50 7 943 6 666 12 970 5 1465 2 231 1 997 4 175 8 1493 4 1459
212 20 13 1 1066 1 1091 2 1323 11 618 2 826 1 782 2 1301 10 161 6 523 6 1266 3 1163 1 1298 2 1490 2 1139 3 1391 3 1423 1 1356 2 495 2 1437 6 1084
213 20 10 1 265 1 734 3 104 8 172 5 401 1 201 3 547 6 1196 1 1311 1 285 1 261 5 1149 2 943 1 1109 4 719 1 1100 5 659 2 561 1 1001 2 1025
214 20 13 1 677 2 386 4 1457 3 1147 9 241 1 468 1 1188 1 1270 6 1055 3 515 1 696 3 1256 2 676 2 240 7 878 2 1225 10 1310 3 1251 2 98 3 154
215 20 13 1 1249 1 148 20 1136 2 67 4 936 2 45 2 918 2 206 3 654 3 1094 2 677 1 824 1 1127 2 96 6 582 3 1191 1 1344 5 438 5 646 2 854
216 20 16 7 532 3 1211 4 961 2 1181 13 496 1 291 1 1346 3 1202 1 265 3 1408 5 1417 16 145 2 425 3 398 1 18 1 292 1 1116 9 891 2 886 2 437
217 20 12 4 40 4 260 1 800 9 1129 4 1200 1 905 2 416 3 751 5 202 1 258 1 70 3 1018 7 586 1 987 2 1090 1 1251 3 884 1 530 6 1170 2 572
218 20 14 1 147 20 1322 5 93 1 645 3 202 9 1200 3 512 1 556 7 255 1 878 1 23 1 278 2 1009 3 1295 5 1159 1 458 3 991 2 1264 1 190 4 584
219 20 15 2 106 8 1282 9 1029 1 790 2 1089 1 556 2 896 1 1341 1 851 10 335 2 604 2 821 10 99 6 1369 1 1358 6 612 1 512 1 944 8 851 1 64
220 20 8 2 544 1 162 7 1026 2 1212 3 1444 2 90 1 1248 1 1116 2 521 1 886 1 1170 1 277 1 963 3 1428 3 719 4 163 1 1050 1 676 3 1149 1 567
221 20 15 2 1030 3 686 5 1270 6 348 4 492 5 978 1 590 13 280 1 87 4 193 4 17 8 1018 1 16 2 94 5 1145 6 1265 1 127 2 241 3 1469 1 575
222 20 17 1 1448 4 1182 6 863 15 1376 4 253 7 516 3 161 3 835 2 864 1 1159 2 1419 4 519 5 1005 1 631 5 544 2 825 5 871 2 537 2 9 13 585
223 20 15 4 1438 4 1269 4 1428 2 1469 8 253 1 944 1 930 5 1298 1 1348 1 695 1 355 3 427 6 1440 1 1490 9 1272 9 840 9 1173 1 1194 3 844 5 587
224 20 10 4 248 1 654 1 751 1 704 2 265 7 674 1 685 2 1144 1 957 2 626 10 1424 1 1000 3 1310 2 1037 1 1343 1 485 4 496 1 1375 1 135 8 251
225 20 12 11 1331 5 1013 3 541 1 402 2 111 2 502 2 681 3 672 1 383 2 740 5 680 3 1038 4 740 1 1298 2 631 1 1275 8 1150 1 1215 2 1494 2 983
226 20 11 2 394 5 801 2 1205 7 1370 2 288 1 436 1 56 6 866 2 1383 2 32 1 963 4 819 2 1333 2 1425 1 890 1 881 2 1320 2 622 3 256 9 1075
227 20 12 2 312 1 26 1 792 2 1456 1 93 3 836 6 1464 1 1318 1 763 6 548 5 94 3 1302 5 1323 2 1315 8 635 1 1117 4 647 5 161 3 492 2 1191
228 20 16 1 1065 3 820 10 653 3 739 4 1423 7 355 5 802 2 940 1 860 1 1388 4 818 1 113 1 290 3 242 9 153 3 53 3 1198 7 1350 5 471 7 1108
229 20 14 2 980 7 1179 1 464 2 1361 7 1252 2 626 3 977 4 481 3 179 2 245 3 303 5 163 1 302 5 1414 3 616 10 1038 4 1089 1 973 3 1054 2 552
230 20 10 4 516 2 1097 8 1183 1 680 3 837 3 421 5 58 2 808 2 162 1 904 2 848 2 385 2 1022 3 447 2 968 2 948 3 1372 1 880 1 1213 1 1403
231 20 17 2 1273 8 938 9 326 1 977 10 1001 1 995 4 939 1 1275 3 1366 5 41 6 1276 10 788 3 500 2 620 3 795 7 822 5 1491 2 142 1 57 2 1055
232 20 12 1 801 1 53 3 71 5 719 3 1471 2 1284 7 967 8 1226 1 702 8 648 5 69 2 1 3 88 4 668 2 279 2 759 1 622 1 1487 1 1080 2 1484
233 20 11 3 259 2 617 1 807 3 629 2 1407 5 620 1 1261 1 876 3 479 4 347 2 104 3 85 1 137 1 681 10 222 1 815 7 1328 2 317 1 13 2 517
234 20 16 9 1116 3 104 2 185 1 108 2 325 4 1343 9 1082 2 1367 4 61 3 1345 2 336 10 294 1 1345 3 969 9 1493 4 322 7 402 1 34 5 1481 1 465
235 20 15 7 1243 5 1491 3 634 2 241 6 739 1 1372 4 584 15 874 1 1302 9 45 1 1072 2 289 1 1357 5 748 4 152 1 455 1 557 4 1382 1 1164 2 247
236 20 11 2 1346 9 319 3 680 8 691 2 1311 2 865 2 548 2 457 2 617 2 205 1 789 2 81 2 953 3 962 2 252 1 1311 5 125 5 1466 1 783 2 1198
237 20 11 2 321 3 331 2 923 5 141 3 1410 1 609 1 989 6 941 1 1447 6 1326 1 1259 6 913 3 1188 1 989 3 628 7 1240 1 1030 3 540 1 335 3 504
238 20 11 4 872 1 871 2 1291 5 167 2 533 3 1189 1 1098 5 416 3 418 2 892 1 1070 1 761 1 920 5 585 4 1422 7 333 4 246 1 87 1 227 2 317
239 20 16 3 794 1 1121 4 81 1 381 1 264 3 226 2 475 2 1299 1 336 1 1435 14 111 2 1017 3 1188 4 751 5 1261 1 930 12 720 7 353 6 1374 9 475
240 20 11 2 213 3 1362 7 495 1 956 6 807 6 1026 1 637 1 768 2 299 1 690 5 971 2 1485 2 1151 2 415 8 1348 2 1389 1 275 3 807 2 961 1 1044
241 20 11 3 872 3 49 1 874 1 519 4 1346 1 95 8 40 2 1053 3 903 1 1274 3 149 4 1457 4 303 1 36 1 1346 1 654 9 199 5 614 2 922 1 489
242 20 12 1 1034 5 143 1 12 6 1421 2 320 9 143 1 1316 2 836 1 1345 4 135 2 343 1 1385 1 450 4 112 6 674 4 478 2 1037 2 347 3 733 6 378
243 20 16 3 365 3 970 2 5 5 281 1 1106 6 11 5 878 2 1219 1 56 1 1276 7 1040 6 222 7 96 8 1151 3 433 8 421 2 836 4 650 5 917 1 1276
244 20 12 3 1310 2 603 3 562 4 1042 1 256 1 1408 8 564 1 1303 2 675 6 452 2 1226 3 221 1 41 1 1110 2 1480 8 1044 10 373 2 781 2 1401 1 317
245 20 17 3 988 2 684 2 261 2 413 4 580 1 503 3 1214 2 987 8 932 3 761 9 1267 8 1149 2 1499 1 1291 4 589 15 1174 6 1211 10 963 1 131 1 6
246 20 21 14 710 8 1119 10 610 1 596 10 782 23 96 2 254 2 1260 2 1027 4 1351 1 592 3 1377 7 659 1 10 9 233 7 713 2 746 1 410 1 155 1 1170
247 20 15 7 214 1 1475 4 520 4 244 1 874 5 1331 2 6 3 1029 6 179 5 326 4 898 2 96 7 753 1 752 9 557 2 1345 1 1116 3 1137 2 1100 6 1073
248 20 14 4 786 2 726 1 1379 6 1089 2 147 13 375 8 74 8 1425 3 660 5 438 1 1036 1 24 1 1211 2 1086 1 210 1 1128 2 965 8 233 1 993 1 189
249 20 13 3 681 1 790 2 580 8 44 2 641 1 1196 2 1477 10 433 1 359 8 736 2 1478 2 804 2 1348 2 108 1 1126 7 114 1 293 4 705 4 278 6 1256
250 20 14 1 837 5 489 4 476 1 511 5 1376 6 673 5 377 5 181 1 1359 4 1199 2 56 3 1451 1 1213 5 485 1 472 7 909 2 653 9 595 2 1396 1 861
251 20 11 3 216 1 398 4 90 1 945 4 767 2 290 1 884 1 633 1 403 10 698 4 550 1 777 1 916 4 463 1 370 8 1258 2 1262 2 331 1 162 3 198
252 20 14 5 1033 6 969 1 1465 6 163 1 372 2 1189 3 1141 3 889 3 1056 2 750 2 316 15 449 4 210 2 329 8 1341 1 258 1 1287 2 1060 5 509 2 538
253 20 13 3 235 1 401 3 891 1 115 3 745 1 169 6 318 3 782 2 328 1 583 7 1157 2 1034 8 775 2 217 7 487 8 436 3 261 1 777 1 561 4 925
254 20 16 1 1285 11 111 6 811 10 1063 1 1202 1 408 3 657 5 911 8 1400 4 1200 6 1088 4 221 1 208 1 1081 6 1082 2 151 1 381 4 715 6 1027 1 306
255 20 16 3 698 8 1473 1 1437 1 736 2 649 1 919 2 759 4 719 4 1077 5 721 5 445 8 266 3 1422 10 763 2 456 4 1204 11 410 2 67 1 792 4 173
256 20 12 1 658 12 78 1 564 2 1464 1 704 4 64 2 673 4 1159 1 1050 4 77 12 709 1 998 1 211 1 233 1 164 2 819 3 434 4 960 4 1225 2 481
257 20 12 4 1033 1 883 1 1384 7 303 1 1185 2 570 2 756 3 647 2 215 8 832 4 1457 6 999 3 469 3 1321 8 733 3 1393 1 702 1 455 3 1119 1 534
258 20 12 2 366 3 350 2 310 1 1181 1 941 3 95 2 1022 3 1300 6 9 6 560 1 1092 1 1012 3 602 1 1358 1 1030 8 558 8 1298 5 36 3 527 2 367
259 20 11 1 640 4 518 2 826 2 102 8 611 3 1188 9 258 2 1269 2 648 1 661 5 1430 4 681 1 1163 3 614 1 100 4 639 2 396 2 1415 1 865 2 1287
260 20 15 5 892 2 712 1 1374 3 214 10 199 3 177 6 1018 1 1174 5 895 5 1121 2 195 2 598 4 756 4 1015 3 1339 6 1404 1 691 8 311 5 817 2 499
261 20 10 2 1263 1 1191 2 501 1 591 1 1371 2 1068 2 1023 5 743 2 26 3 1216 1 625 1 846 2 187 7 210 4 351 2 174 1 1253 5 622 5 805 1 913
262 20 13 2 311 3 947 1 1203 7 54 1 862 4 572 3 445 1 649 3 1443 1 1301 5 841 1 232 1 665 4 171 1 1227 1 545 6 957 9 1007 3 975 9 272
263 20 20 5 609 3 134 3 994 3 1245 11 231 4 20 9 1152 6 811 3 913 1 1059 13 683 1 752 4 1392 1 126 9 566 2 646 4 455 16 198 2 329 1 99
264 20 8 1 691 1 527 1 158 2 330 1 953 6 1197 1 670 1 1013 1 498 3 1109 1 581 1 1483 5 396 1 1103 6 633 2 605 1 863 1 303 3 1246 1 740
265 20 13 1 638 1 1313 4 1287 1 125 12 1166 6 26 2 1209 6 875 2 98 5 728 1 773 4 1439 1 325 2 166 2 236 4 162 1 1144 2 1292 6 1481 2 820
266 20 15 8 715 1 381 5 175 6 1333 2 1362 6 799 8 626 3 1462 1 462 4 1034 4 149 6 1441 2 1254 2 164 5 589 2 1455 1 692 3 15 7 353 1 803
267 20 10 2 744 4 132 2 567 4 1203 1 792 1 983 4 987 4 217 9 273 1 1450 1 737 1 733 3 309 3 1131 1 826 1 581 4 406 1 488 3 160 3 550
268 20 16 1 739 1 584 1 1320 4 1226 2 338 19 741 5 316 3 565 2 564 1 1500 8 99 3 1117 8 600 1 466 5 860 4 449 5 523 1 885 6 636 1 953
269 20 15 1 258 2 1072 2 852 2 598 4 36 4 268 3 1099 6 435 3 516 6 163 7 559 6 172 8 1376 1 48 9 658 1 992 1 80 1 683 3 1446 5 105
270 20 13 1 1211 2 6 1 148 1 1431 6 347 5 1244 20 100 1 152 1 683 1 263 7 33 2 165 1 1354 4 397 3 667 3 787 1 10 5 994 1 838 3 14
271 20 12 2 336 4 1454 9 617 2 1313 2 1047 4 1069 2 797 1 1268 1 468 5 529 8 339 1 1365 5 335 1 1231 4 503 6 284 1 837 1 237 1 545 1 898
272 20 16 1 991 1 35 1 1125 5 525 4 103 1 1249 5 1415 2 378 13 1089 7 1413 1 353 6 46 1 409 4 210 4 776 7 522 8 1213 8 405 3 1482 1 265
273 20 9 1 831 3 1359 3 163 1 508 1 971 3 228 1 787 5 70 3 94 2 1434 2 14 2 1072 1 813 1 1186 2 36 2 1383 3 1228 5 677 2 608 3 538
274 20 14 3 573 3 763 2 164 2 1391 1 804 3 466 12 1222 9 1385 1 1341 3 1459 6 362 8 780 1 1421 4 740 3 10 1 856 4 467 1 1323 2 1442 3 1122
275 20 20 2 379 10 427 1 960 3 1106 1 678 7 911 6 5 11 1095 5 570 4 571 11 177 3 1080 2 745 6 1223 8 62 7 1281 3 334 3 1242 6 95 2 294
276 20 12 2 978 6 854 3 451 3 11 1 391 6 1080 5 618 1 47 1 611 5 1386 1 38 1 1490 1 131 6 229 6 282 1 1165 3 601 4 629 2 1311 3 1263
277 20 20 4 1029 4 378 4 663 2 623 3 831 2 984 6 354 18 153 6 360 10 121 1 1078 10 943 1 1317 1 472 2 238 9 199 6 172 1 95 6 1178 4 269
278 20 12 3 1218 8 170 1 618 1 566 2 1200 2 241 7 846 2 155 3 839 1 549 1 1082 6 922 2 1445 5 1450 2 425 3 658 3 247 8 570 1 415 1 253
279 20 18 4 175 9 1156 3 1256 10 1018 1 515 6 438 3 390 3 301 10 707 4 1401 1 750 3 1365 4 504 1 466 3 40 18 267 2 565 5 362 3 861 1 187
280 20 17 1 167 5 1325 5 1350 8 541 1 497 2 1012 4 518 9 1396 5 1322 11 577 6 964 5 994 4 1345 8 73 1 1356 3 110 1 926 3 356 1 982 4 326
281 20 10 1 589 7 913 4 1487 3 957 2 108 3 164 2 732 1 1163 3 34 1 580 4 819 2 410 1 31 1 150 6 1290 1 412 1 758 3 1327 3 1453 4 348
282 20 14 4 508 3 732 2 1440 2 917 4 1200 9 689 1 308 5 111 1 278 4 214 1 1032 3 1386 5 854 9 598 10 1312 3 77 2 840 3 811 2 1350 1 660
283 20 11 4 756 8 628 1 56 1 571 2 938 5 712 4 206 4 543 1 1158 4 326 8 1219 1 1021 1 686 1 766 3 232 2 353 1 865 4 1113 1 1001 3 125
284 20 14 4 429 1 127 3 776 1 120 1 1394 3 1196 4 1410 2 1492 3 1138 11 231 8 399 3 701 2 1329 8 1059 6 736 1 6 1 160 10 1084 1 1363 1 1346
285 20 16 12 909 3 1016 1 551 2 1107 8 875 14 101 1 1093 4 880 1 1417 2 399 11 9 1 1336 5 605 2 1120 1 1150 1 350 2 188 2 1298 7 1057 1 587
286 20 9 5 761 1 1016 1 619 1 1380 3 1398 1 376 7 801 1 1256 3 1197 6 791 2 314 4 421 5 1223 2 128 1 357 1 738 2 1011 1 85 1 206 1 1360
287 20 12 4 95 2 505 1 632 1 126 10 1419 2 926 2 259 4 774 1 147 2 621 1 1061 7 620 1 464 2 92 2 1064 11 537 2 704 3 738 1 1437 2 779
288 20 12 5 1178 3 742 1 383 4 1175 12 1492 1 737 1 837 1 933 2 978 2 1347 3 1110 13 1188 1 1211 1 45 1 1316 1 646 2 1030 1 125 2 526 6 515
289 20 14 10 1006 1 1190 8 633 1 1285 3 964 3 214 1 102 1 698 2 954 2 1394 7 402 10 69 1 345 4 1046 2 598 1 1154 3 1406 5 1467 1 798 8 24
290 20 14 2 1165 2 1437 3 68 5 1276 1 1343 2 891 2 824 2 983 7 906 3 670 5 324 1 110 4 690 4 1125 1 616 2 637 5 1091 3 232 3 1141 14 1354
291 20 15 4 691 3 1464 6 92 5 1049 1 760 6 116 5 1400 2 1091 7 1291 2 814 7 925 1 919 2 204 1 681 4 1496 6 778 2 847 2 392 3 73 6 699
292 20 10 2 1407 2 1035 1 957 2 239 3 62 2 269 1 808 1 1090 2 364 3 327 3 157 5 702 10 1204 1 1256 4 347 3 488 1 143 2 1258 4 846 1 697
293 20 12 2 708 1 89 2 840 5 1263 1 554 2 33 2 1303 3 101 2 696 6 215 9 431 1 932 8 639 2 1088 4 919 1 269 2 574 1 843 3 867 5 577
294 20 15 2 1202 4 1283 2 14 3 1034 7 174 1 686 2 18 2 63 1 91 8 537 2 1099 1 3 2 1242 1 410 4 1383 9 85 13 609 4 775 4 634 4 295
295 20 13 2 168 3 667 3 1273 1 87 3 1393 2 619 2 1454 1 459 12 1401 9 627 2 554 4 982 1 107 1 745 3 1292 3 830 3 384 2 337 6 259 5 614
296 20 11 1 987 3 1295 1 116 2 4 2 1201 6 1229 2 297 1 1087 1 484 2 87 1 1191 3 977 1 211 2 1032 1 290 4 204 1 247 13 496 6 228 2 826
297 20 17 19 324 5 830 2 1483 3 195 1 639 4 1279 1 1466 4 795 3 1302 4 545 6 928 1 1425 14 908 2 852 1 546 5 1359 2 1004 3 875 2 1252 5 1230
298 20 14 1 31 4 818 5 450 2 911 5 177 2 736 8 214 2 200 1 610 5 61 1 584 1 989 2 1037 9 1175 6 528 1 272 8 367 2 1225 2 614 6 318
299 20 20 4 698 4 215 1 718 10 468 3 621 4 902 19 1396 12 429 8 771 2 190 10 1082 3 1250 2 289 2 747 1 1022 3 115 3 333 2 141 1 1139 7 545
300 20 14 6 28 3 1128 1 1094 11 992 5 289 7 849 9 793 1 987 1 333 1 1000 2 1061 2 163 4 880 1 1131 1 987 1 531 3 756 6 1452 5 53 3 798
301 20 13 4 39 1 1079 3 849 3 1346 1 465 9 462 3 387 3 486 8 108 2 201 1 317 4 1090 2 260 1 732 2 856 5 1323 6 529 1 1161 7 890 1 975
302 20 13 2 936 1 869 5 459 1 1482 4 779 2 178 14 533 2 1480 2 883 1 1228 3 1079 8 1127 1 169 2 840 3 415 6 944 1 8 2 386 6 466 1 721
303 20 11 2 510 1 1339 2 1440 4 510 6 158 1 207 10 106 1 528 2 480 5 518 1 476 2 1493 1 1492 1 1270 6 395 4 873 2 956 1 1287 1 662 2 437
304 20 14 1 1026 1 189 8 76 4 317 2 324 4 230 2 1011 7 877 1 1258 2 1210 2 890 3 371 2 265 1 107 1 827 1 515 10 1467 8 1054 2 656 8 1291
305 20 21 1 275 7 1232 10 1216 1 542 1 1206 2 382 5 28 2 993 4 92 3 870 9 205 5 1015 10 959 13 946 8 606 2 676 7 937 5 1337 7 1223 4 592
306 20 14 4 15 2 366 4 1287 1 1083 8 831 2 112 4 892 5 251 7 386 3 1365 5 696 2 964 4 346 4 451 1 90 3 615 4 464 3 1093 2 92 2 915
307 20 18 4 45 10 26 1 1249 15 105 3 606 3 449 5 1432 2 687 1 1071 7 1425 1 1417 2 647 10 168 7 1448 2 864 7 798 1 697 2 104 4 1485 7 10
308 20 17 6 1263 3 475 10 148 1 1394 1 1216 6 1120 3 72 11 396 2 654 1 652 3 511 2 191 5 135 3 1408 3 435 2 601 8 1015 8 1076 5 1131 2 1390
309 20 15 1 1150 6 1010 4 966 4 1198 6 1341 3 1264 2 529 1 1178 13 1060 7 1459 1 765 2 104 7 927 3 139 1 758 1 1444 4 1015 4 138 3 1449 2 271
310 20 13 5 921 6 374 1 1185 1 930 3 1006 5 610 2 729 2 242 2 1213 4 67 1 263 2 1363 6 806 2 267 10 618 4 1158 3 698 3 334 4 526 1 798
311 20 12 9 633 1 1059 1 205 4 562 7 1292 1 56 2 682 5 1273 4 826 2 155 9 96 5 686 1 1335 2 1090 3 1055 2 907 1 997 3 364 1 1214 1 824
312 20 13 2 609 4 862 1 680 1 695 2 1209 1 1141 5 1295 5 293 10 1001 1 150 1 806 1 76 4 349 4 517 4 1270 3 100 1 1215 3 6 8 1019 4 1081
313 20 13 1 916 2 146 3 1343 4 1313 1 1169 1 859 3 606 8 672 2 761 6 91 2 191 3 899 8 384 8 1062 1 853 5 1132 4 448 1 1382 3 861 2 724
314 20 21 1 405 1 1378 6 758 3 371 5 425 1 1081 4 1082 18 280 4 125 5 932 5 1237 5 190 11 161 6 725 6 1051 2 122 4 1040 3 793 13 94 3 269
315 20 13 2 83 4 678 1 1366 2 1327 3 1396 3 1452 6 11 2 497 4 896 3 612 3 686 3 1035 1 620 5 1076 7 695 5 1499 1 250 7 961 2 1039 2 297
316 20 15 7 1291 1 1354 5 388 1 634 1 1447 5 775 8 279 1 532 2 211 6 243 6 289 4 507 8 113 6 1101 2 538 6 796 1 1307 4 838 1 1485 1 669
317 20 10 7 1015 1 14 2 1243 1 938 3 21 6 268 1 1365 1 1046 3 478 2 866 2 1036 6 591 1 1283 3 1143 1 560 1 767 3 463 3 170 1 989 6 1154
318 20 12 2 413 6 1231 4 508 1 151 1 114 8 461 1 1162 2 536 1 363 4 956 1 879 3 896 6 140 1 1399 2 1353 2 296 2 233 1 149 6 484 8 827
319 20 14 1 404 1 805 4 978 6 734 1 1279 2 551 2 949 1 798 4 918 4 215 3 627 4 1347 5 1241 11 325 4 893 6 908 2 800 10 278 1 845 2 503
320 20 14 1 1185 3 715 4 1179 7 698 3 169 6 839 2 387 4 1164 3 797 2 223 9 1276 1 1032 4 235 2 114 1 1107 3 474 3 1130 1 1127 4 800 7 274
321 20 14 4 1406 1 1184 1 544 2 10 2 988 2 536 4 725 6 914 1 1403 2 735 7 421 1 846 5 1495 1 918 3 1432 12 932 13 53 3 205 1 267 3 1135
322 20 12 4 1407 1 42 3 497 1 126 4 1485 3 1333 1 1341 11 1170 1 100 3 284 3 1365 1 544 3 1008 1 1455 2 1359 6 596 9 406 2 1136 3 884 2 618
323 20 14 4 1183 2 981 1 940 4 480 1 322 1 802 10 212 1 500 3 1177 6 304 4 1042 7 1240 1 634 7 76 7 912 10 1185 2 14 1 261 1 1145 1 1303
324 20 17 6 1028 6 1420 1 424 1 1377 1 1203 1 47 1 202 7 513 16 1420 7 23 10 135 5 537 1 1308 2 1148 1 1112 7 1443 1 1451 3 682 6 1214 2 210
325 20 12 1 580 3 379 3 1211 1 593 9 754 3 1378 3 1307 4 1142 1 647 1 173 9 1008 1 871 9 448 1 315 1 1091 4 854 4 654 2 1455 2 108 2 1195
326 20 15 10 1048 6 27 2 821 2 1066 5 959 4 998 3 1378 1 1136 6 800 2 1119 1 631 5 911 1 751 2 1451 1 387 2 131 6 1151 3 1273 13 299 4 111
327 20 11 1 830 3 787 2 882 2 548 4 392 1 792 1 624 4 119 1 1242 5 1087 1 595 2 1473 2 729 4 237 2 1292 8 1316 9 1405 2 843 1 978 1 1154
328 20 12 3 1328 2 395 3 1142 1 64 11 1122 1 795 1 623 1 1128 1 1153 1 107 2 1289 7 613 3 511 1 671 7 1177 3 697 9 892 3 112 3 1381 1 108
329 20 13 1 606 5 554 4 832 2 1474 4 121 5 1304 17 1314 3 1320 4 987 1 1316 1 1130 2 343 7 920 2 781 2 1454 2 481 3 1395 1 643 1 292 2 735
330 20 10 1 1084 1 683 2 34 1 490 4 87 5 294 1 1275 1 1068 1 413 3 368 3 260 3 1253 3 1269 1 818 1 712 3 1374 6 73 7 1077 6 1498 1 632
331 20 13 1 1156 6 641 5 866 1 511 6 1025 1 757 1 1445 6 417 1 676 4 717 1 1480 2 956 4 895 1 444 3 925 8 1020 1 1069 2 1366 3 312 11 180
332 20 22 13 1037 1 1107 4 698 15 1418 7 1491 2 1010 8 612 1 177 4 1403 5 576 3 1374 20 921 5 719 3 1039 4 565 1 123 1 1089 9 1089 2 580 2 19
333 20 12 10 1110 7 158 4 1371 2 344 1 1478 8 1358 3 1039 1 920 2 1259 3 1408 1 861 2 468 2 1030 2 312 2 1011 1 1032 5 505 1 750 2 531 2 1298
334 20 20 9 348 7 422 3 901 1 794 1 946 1 861 3 1286 1 1206 3 1091 4 1110 8 1428 5 1437 4 645 1 167 15 1161 7 1292 3 605 19 201 5 862 2 725
335 20 12 3 1123 2 897 3 782 9 1498 3 1478 1 77 2 893 2 1484 7 306 1 694 3 732 3 390 5 150 2 1187 4 591 2 580 4 1321 3 406 1 917 2 806
336 20 10 3 925 1 899 6 314 1 1040 1 975 4 751 3 1413 2 157 1 1061 6 1373 4 1299 1 1093 2 1148 3 618 1 978 1 128 4 1233 4 133 3 1086 1 1021
337 20 19 4 711 5 1254 1 1171 14 277 8 988 1 661 2 1364 7 267 2 992 2 417 5 444 5 259 14 414 2 239 8 1045 1 764 3 965 8 1347 1 1008 2 1160
338 20 17 12 257 5 1309 1 918 2 444 5 1190 4 440 2 1414 1 125 3 1315 8 1142 2 1494 4 1499 7 293 2 1414 2 790 3 189 1 1055 7 503 4 620 13 184
339 20 11 6 1319 2 428 2 370 5 629 1 1459 4 665 4 95 1 995 2 504 3 253 2 919 2 246 3 1394 2 61 4 957 1 671 1 1178 5 776 5 321 4 512
340 20 15 7 1390 1 1043 5 360 6 615 8 1286 2 1006 3 240 1 721 1 230 3 805 1 1063 13 1314 3 1037 2 843 8 123 1 409 1 822 1 1460 3 719 9 525
341 20 16 2 1003 2 1221 7 375 3 1326 4 321 4 1088 2 254 8 1275 6 292 3 718 10 473 12 1414 2 1284 3 76 3 789 5 78 3 60 1 68 1 529 3 664
342 20 15 4 52 2 568 1 267 10 1431 2 74 1 500 5 363 3 963 6 37 5 1498 1 1088 8 589 1 565 4 1214 4 712 4 736 1 120 1 666 1 882 13 628
343 20 15 2 815 7 7 3 294 1 187 1 864 2 204 3 1222 2 477 4 658 3 923 3 455 4 1145 13 373 4 305 2 1240 1 543 5 31 6 963 3 1162 6 1440
344 20 14 3 1246 9 935 5 1015 3 1365 1 337 13 446 3 1195 2 454 5 487 3 182 3 540 3 760 5 523 1 305 2 339 3 653 2 1393 1 1320 2 622 2 410
345 20 15 5 996 1 83 5 735 10 1329 3 714 5 204 4 1191 7 826 6 1439 1 328 1 833 2 688 1 667 1 876 3 1112 3 1220 6 16 4 1070 3 722 4 102
346 20 13 1 368 9 197 3 47 1 553 1 1072 1 425 6 1027 4 1019 4 503 2 769 6 117 2 239 2 359 4 669 2 1230 1 356 3 242 10 937 3 676 1 312
347 20 12 1 29 10 1266 11 712 1 208 2 738 1 959 3 1135 5 1054 2 1500 2 1270 1 239 1 220 1 889 6 689 3 67 2 50 4 804 2 984 1 906 5 1092
348 20 13 1 652 13 1345 1 1080 6 901 3 280 3 1252 2 1079 2 1428 4 466 2 1407 1 1486 2 1012 6 1237 4 1143 3 1341 1 1399 4 1117 2 1064 1 709 4 559
349 20 15 3 598 2 826 5 1122 8 1000 1 930 3 757 5 659 4 584 7 925 6 640 1 539 3 127 1 1005 9 1346 1 398 6 655 5 1384 1 397 2 783 2 1340
350 20 10 1 1351 4 10 1 1206 2 1421 1 1228 6 523 1 789 8 131 5 236 4 1216 4 1254 1 288 1 92 2 162 1 688 3 1470 2 907 1 653 2 972 4 743
351 20 14 2 856 1 503 9 1198 4 824 1 1060 5 76 2 156 5 860 2 712 2 1442 2 1018 9 907 1 1474 5 338 1 983 2 434 1 391 11 923 2 1425 5 517
352 20 13 2 1115 6 594 1 573 4 331 3 631 5 1234 3 1116 4 1307 6 585 4 1458 4 28 3 334 2 1360 2 1081 3 629 4 1266 1 792 4 243 4 1050 1 1165
353 20 12 3 712 1 251 1 451 9 917 1 1396 1 1072 2 174 4 429 4 1468 10 242 3 1327 1 783 1 814 5 643 2 1415 6 894 5 1207 1 384 1 1500 2 217
354 20 11 2 440 12 917 5 1346 1 1050 3 848 2 358 6 153 1 1450 1 773 4 482 1 49 4 980 1 16 2 1039 3 606 1 1288 1 1198 2 420 1 538 2 830
355 20 12 2 1176 1 50 2 147 1 1298 7 1135 5 558 1 1331 1 859 3 961 2 1491 2 1220 4 323 3 72 1 587 1 302 5 748 1 957 1 927 3 412 14 1106
356 20 14 5 1439 1 778 7 590 9 613 1 982 3 311 7 1480 1 553 5 233 1 162 1 1116 3 659 1 1005 9 957 1 1257 6 508 4 161 2 782 3 562 4 1412
357 20 12 4 140 2 538 9 1287 1 304 1 200 1 602 1 1188 3 747 5 1486 3 266 3 640 2 1065 3 1112 4 1237 5 1173 1 997 6 1057 3 172 1 484 5 740
358 20 16 15 1156 5 570 6 1311 2 920 2 1294 1 1327 3 6 5 362 1 775 5 834 1 2 3 522 5 995 2 497 8 1107 6 1436 1 231 5 124 6 795 2 817
359 20 12 1 643 3 753 3 1425 1 1338 2 20 6 782 1 865 1 30 1 1333 1 608 4 424 1 353 7 1444 1 1331 1 1001 2 1381 9 333 9 144 6 1003 3 494
360 20 15 4 618 1 1353 2 97 1 1173 8 955 1 134 10 1307 1 530 3 992 2 560 4 738 19 772 2 940 3 995 2 868 2 420 3 845 3 68 1 895 7 618
361 20 16 4 249 8 675 4 324 16 1144 3 553 1 295 1 553 2 1066 1 719 3 1193 3 1309 6 1107 7 389 2 544 7 712 1 600 6 1277 1 1283 1 1213 5 247
362 20 19 5 1468 4 649 10 1029 1 415 4 585 1 839 9 1293 15 315 7 571 2 1044 3 1468 3 137 7 176 10 303 2 792 2 591 2 1079 1 479 2 1034 8 1086
363 20 13 1 768 2 1383 2 152 3 24 2 875 1 1345 1 1203 1 611 1 860 20 812 5 20 2 677 6 866 2 783 5 200 1 1042 1 460 5 1299 5 1321 1 850
364 20 15 2 887 1 119 2 425 5 772 7 607 4 980 4 654 2 141 6 783 1 643 2 1003 12 1412 2 1304 3 1450 15 1232 4 54 1 1488 1 566 2 672 1 142
365 20 15 1 808 1 568 1 474 3 340 4 565 1 294 2 1223 6 1259 2 1356 3 65 3 686 2 38 5 55 13 765 2 216 6 267 3 633 5 33 5 819 10 990
366 20 18 2 1077 13 681 2 1437 2 127 11 393 1 8 8 1060 3 1443 12 777 2 398 3 1096 1 1432 1 115 3 1312 3 308 5 1291 2 1399 10 257 4 175 2 545
367 20 13 3 586 8 885 2 726 1 1464 5 1402 3 178 1 1152 2 1003 3 665 3 98 5 466 3 32 3 563 1 474 1 714 2 1476 7 504 7 777 2 558 7 15
368 20 11 4 1018 2 1364 2 515 2 521 1 1328 2 609 1 1134 3 660 1 992 1 1111 2 834 1 165 1 480 12 1454 4 1196 10 976 2 19 1 731 4 489 3 423
369 20 19 6 483 1 1348 8 7 4 384 4 870 2 1006 1 41 1 1381 5 42 1 526 5 547 5 322 3 339 12 691 14 537 4 317 2 634 2 518 5 415 10 702
370 20 13 2 1114 1 713 2 706 3 593 13 392 1 82 8 371 7 122 2 1117 3 54 3 1137 1 994 3 801 8 149 7 410 1 130 1 739 1 1367 1 277 1 1175
371 20 17 4 964 2 297 3 583 1 1030 6 1096 1 1337 9 1350 11 659 2 1194 1 773 5 599 1 254 3 560 6 870 4 1332 8 197 13 825 3 1218 1 9 1 388
372 20 13 3 969 1 174 13 759 2 661 6 413 2 293 2 310 3 1220 4 710 5 922 1 70 2 1139 5 1485 1 149 7 1299 4 982 2 853 1 321 3 890 1 923
373 20 10 1 479 7 1019 1 1396 1 174 1 1100 7 1055 4 866 2 1232 3 1100 4 661 1 1098 3 610 1 622 1 776 5 250 2 953 1 61 2 1184 5 874 1 1366
374 20 18 4 18 2 768 1 1354 13 698 1 7 5 145 5 309 9 1092 2 661 2 322 7 17 4 96 2 690 6 1098 4 864 12 1416 7 890 1 379 4 1108 1 247
375 20 15 1 1026 1 1285 4 366 1 1216 11 1448 1 787 8 480 4 1067 2 833 2 307 3 434 8 92 1 526 1 775 9 1493 5 253 4 260 7 725 2 1392 2 1237
376 20 12 2 498 2 639 4 1103 2 1193 4 501 4 528 4 63 2 989 3 938 4 1131 2 980 3 398 1 504 6 1103 1 960 6 808 1 1102 2 32 7 1179 1 1142
377 20 11 1 221 1 1211 1 912 4 1058 2 525 4 668 6 687 4 357 5 380 4 934 2 385 4 215 2 136 1 1374 1 1406 1 906 3 418 4 497 6 1243 2 784
378 20 13 1 363 1 259 1 1250 4 567 1 893 4 125 7 1312 4 606 7 339 3 327 5 854 1 555 5 118 5 1000 1 261 2 1357 7 1473 1 305 1 141 4 70
379 20 13 1 1338 17 1147 2 1332 1 744 2 961 1 1240 1 1298 2 1255 2 903 4 399 1 352 4 329 1 856 1 517 11 1251 1 442 5 398 3 1341 3 974 4 455
380 20 11 4 861 1 996 1 819 1 468 5 1006 5 1200 1 1331 4 1489 4 525 4 1116 4 405 1 385 4 339 5 736 5 1470 2 427 1 392 1 522 1 1192 1 656
381 20 12 1 1366 2 751 4 1249 8 978 4 421 2 724 6 1463 5 1320 1 1057 1 1159 6 235 2 60 1 798 5 481 2 803 8 435 1 573 1 1426 1 200 2 1486
382 20 11 12 297 2 896 4 939 3 278 2 300 1 831 2 242 3 688 3 208 4 281 1 89 3 874 3 1235 1 203 1 1330 1 115 1 564 2 1184 4 36 3 790
383 20 11 5 860 1 1224 1 395 4 1106 8 107 1 977 2 234 3 589 3 675 2 99 2 331 5 608 3 1103 1 351 2 460 7 542 1 1232 1 1368 3 201 1 428
384 20 12 2 1261 4 25 2 304 8 326 1 916 2 329 3 850 4 1188 6 1104 5 1394 2 260 2 922 1 1011 4 18 4 384 3 1176 1 23 1 1367 1 1466 6 246
385 20 12 3 370 3 908 5 11 4 804 1 1482 2 816 1 222 3 881 2 1235 2 1272 1 976 1 487 2 385 5 1053 2 1354 11 722 6 604 1 607 1 800 5 730
386 20 12 3 672 5 1343 1 77 4 538 1 378 2 416 2 666 15 743 1 97 2 1190 2 989 4 430 2 995 3 880 3 982 3 409 1 1281 2 104 3 1241 2 1227
387 20 12 2 788 1 65 3 443 7 1105 5 1371 3 1414 3 1396 2 1402 1 94 1 855 2 991 6 471 8 194 1 176 1 517 5 1486 1 647 6 1285 3 534 1 349
388 20 11 4 1264 2 867 5 1195 2 1021 3 60 2 340 1 833 1 490 9 817 1 530 6 151 6 794 1 456 1 567 5 362 1 635 1 1450 3 1220 3 53 2 83
389 20 13 1 266 5 832 1 714 1 6 6 813 6 656 5 61 2 1402 2 1428 5 1486 1 827 2 478 2 402 1 1111 3 161 3 595 6 1449 2 557 10 956 2 584
390 20 16 8 1483 4 504 4 1262 1 360 9 334 1 960 7 575 1 1315 9 1218 1 1029 1 471 2 645 7 830 3 998 2 1470 6 810 9 14 2 1373 1 1274 4 241
391 20 10 1 1194 1 982 3 1020 5 741 2 923 1 461 12 597 3 428 1 687 2 400 1 783 2 280 1 1113 1 119 2 309 1 1024 1 294 4 1355 5 1074 5 1445
392 20 12 1 1139 2 590 14 6 1 922 6 1477 1 669 1 998 2 716 4 1106 2 285 5 1040 3 132 3 738 1 1196 1 811 2 456 1 1105 6 869 6 36 2 667
393 20 15 4 87 5 477 6 481 1 544 3 1356 1 86 5 412 2 737 11 742 3 1028 2 1080 4 88 1 1041 4 1026 3 413 5 423 1 807 1 717 7 190 7 1198
394 20 11 2 733 3 1016 4 339 1 698 1 431 1 618 2 12 3 1330 3 53 3 545 1 1376 6 1488 3 167 5 743 2 1409 9 1122 1 687 3 1117 2 350 1 46
395 20 17 7 403 4 578 5 655 7 1322 1 658 8 1304 5 982 1 116 1 95 7 1038 10 307 8 361 5 1415 2 588 4 381 3 1363 3 442 2 610 1 747 2 1001
396 20 13 4 283 1 159 6 38 1 263 1 503 7 64 1 135 2 1249 7 1160 1 1028 1 867 6 1479 2 1026 2 426 5 227 2 1396 1 824 6 542 3 925 8 308
397 20 15 3 1077 6 515 7 1103 1 179 3 804 2 630 1 338 4 1120 2 1308 1 572 3 105 5 1339 1 528 8 1037 1 1250 7 1099 2 1315 2 329 10 488 6 80
398 20 15 3 1159 1 479 3 660 1 172 2 394 17 642 3 420 5 1479 1 546 2 300 6 1250 1 467 1 657 14 710 2 620 3 432 4 633 1 884 2 1108 5 1323
399 20 24 4 1095 1 109 2 18 4 1403 21 271 5 836 14 58 2 71 7 1435 15 597 9 1043 8 21 3 1109 11 232 1 156 2 1352 2 1056 4 957 6 806 1 1033
400 20 13 1 1109 1 1199 1 1340 1 669 4 2 5 354 2 137 7 178 4 181 12 1233 2 203 2 1180 1 315 1 1042 12 543 2 976 2 229 1 546 2 420 5 1318
401 20 15 3 897 1 1074 1 372 4 1497 2 328 17 1273 1 421 1 496 1 1180 6 1291 13 734 6 1062 1 1472 2 598 5 1143 5 519 1 124 1 1381 2 921 6 95
402 20 13 3 984 3 370 2 1355 2 855 3 402 1 1263 2 927 1 238 4 939 10 963 2 182 1 1128 8 930 7 763 3 657 2 1056 2 617 2 980 6 1307 5 120
403 20 13 6 485 4 549 1 851 5 151 3 12 3 1041 5 340 2 346 2 93 5 1230 2 703 5 623 5 284 1 364 1 719 7 1419 1 1017 2 616 6 1194 1 68
404 20 16 1 1278 3 829 19 771 1 163 4 552 3 494 7 1305 5 317 5 1349 1 613 8 595 3 754 2 1492 3 887 3 422 2 235 3 1262 2 878 4 572 1 945
405 20 10 2 411 1 420 1 275 3 214 3 1038 1 980 2 1066 2 868 1 717 1 871 7 1217 5 1473 1 367 1 453 1 1308 4 705 5 792 5 427 3 1377 1 222
406 20 14 4 753 1 256 4 646 1 1085 3 673 3 58 1 331 2 1176 4 1386 4 50 1 1029 10 516 8 867 3 75 3 1422 4 1364 2 1288 10 58 3 1357 2 899
407 20 9 2 1262 1 399 2 86 1 407 2 966 4 1491 3 902 2 170 6 1418 3 1236 1 362 1 658 4 1211 1 706 1 247 1 998 4 956 1 760 1 354 7 1279
408 20 9 1 4 2 944 3 623 5 833 1 843 3 325 1 97 1 1031 7 14 2 1155 2 964 2 769 2 209 2 273 3 1416 1 398 2 32 1 1023 3 1289 1 233
409 20 12 2 1024 1 423 3 429 1 1306 4 421 7 360 2 365 2 249 5 1424 4 950 4 1401 1 1446 1 866 3 560 1 1231 2 1193 5 771 2 1014 6 528 4 796
410 20 11 2 620 1 392 4 1196 1 1393 7 749 10 1383 3 449 4 915 1 214 3 1421 4 424 1 1187 3 1116 1 1499 1 147 3 117 3 235 1 129 1 415 3 460
411 20 15 1 565 3 34 10 905 1 775 1 650 11 736 3 1068 7 922 1 382 3 203 6 50 5 643 3 334 3 553 2 1484 6 1281 1 671 1 1110 5 662 3 1448
412 20 12 1 1356 3 1025 1 1372 1 982 1 1076 1 496 4 523 8 1135 4 238 3 243 2 1359 2 1050 2 1488 9 9 3 590 5 605 2 880 4 139 3 1107 5 564
413 20 11 2 1468 2 1006 1 39 1 1461 1 457 2 1416 8 947 5 188 3 761 4 1273 4 1217 2 1027 4 303 1 106 5 1384 1 711 5 141 2 230 3 791 2 479
414 20 11 7 610 2 265 3 1066 1 1167 4 907 1 597 2 1002 1 1403 2 1112 2 517 2 741 1 1149 5 1111 2 488 1 235 2 914 8 1179 3 1129 8 1139 1 941
415 20 14 2 351 3 745 3 887 3 1153 1 861 6 628 2 1222 2 747 1 51 4 323 4 43 1 692 2 343 7 967 2 1469 6 465 1 1314 2 1058 13 1332 8 1374
416 20 13 6 1002 4 648 1 139 1 49 3 558 4 364 2 124 3 1143 10 1446 3 644 1 790 1 1032 1 84 4 1007 5 435 3 1307 3 670 8 524 3 745 1 484
417 20 13 5 493 8 691 1 147 1 1386 2 1375 5 1189 2 956 1 47 13 1346 3 238 12 1172 2 11 2 337 1 497 1 461 2 1487 3 1493 1 372 3 641 1 1232
418 20 15 1 562 3 1244 6 694 1 87 7 852 15 1241 1 267 6 635 1 1260 3 816 2 442 7 784 9 838 1 796 2 372 2 306 3 1490 3 1189 2 806 1 500
419 20 15 5 298 3 448 1 219 4 157 2 449 1 105 5 1269 1 26 1 1384 10 348 5 502 22 546 2 656 2 992 5 814 1 505 1 1129 3 678 2 729 1 296
420 20 9 1 939 1 897 3 906 6 1314 2 478 3 1246 6 461 2 1141 2 1231 1 1087 2 1045 2 261 1 808 1 301 1 562 5 1287 2 1120 2 160 4 792 2 1048
421 20 10 1 926 1 1418 1 582 5 870 7 973 1 657 1 1412 1 15 2 884 3 1304 3 195 1 1181 4 375 3 139 1 214 2 234 6 720 1 1466 2 897 8 1340
422 20 12 4 716 1 695 5 429 5 1166 3 1219 4 107 6 174 3 580 4 1227 2 1332 2 569 3 178 2 1071 1 1432 1 545 2 1001 2 1088 2 400 2 429 6 534
423 20 20 6 733 7 1146 3 892 4 1429 2 1277 5 226 7 826 7 1348 4 1399 4 504 2 91 1 884 9 1338 5 1459 8 707 1 1005 10 86 1 271 11 43 6 1266
424 20 14 1 1184 7 1456 5 105 7 188 2 1265 1 801 1 1345 2 323 2 379 2 1417 5 1215 4 1434 3 107 2 380 9 982 5 1024 2 1102 1 906 3 1189 7 336
425 20 11 3 1139 3 540 1 657 1 1183 5 814 2 1050 1 1446 2 1189 1 216 5 431 1 739 3 1366 2 937 11 1313 3 1005 3 541 2 887 3 747 5 18 2 395
426 20 13 1 597 4 1006 5 654 2 1045 8 862 2 1018 1 1112 6 1335 1 746 3 91 1 1001 3 1019 1 1321 5 302 2 1249 5 616 2 217 2 1083 8 1194 5 1462
427 20 14 9 788 1 1286 8 543 3 189 1 418 1 599 2 1247 1 626 6 1349 1 597 2 236 1 1315 1 1391 3 55 4 1236 4 251 13 700 7 902 1 375 1 714
428 20 13 3 1231 6 1467 4 1189 2 321 3 1473 1 945 2 196 1 1090 3 865 2 1041 2 1027 6 452 5 1102 4 1375 6 1193 1 877 9 1492 1 1183 3 1213 3 48
429 20 15 5 1034 1 161 1 429 5 1083 9 723 1 565 1 303 4 1404 1 439 1 1328 1 1497 9 1285 3 1286 2 1452 11 859 2 819 4 1064 5 1437 3 214 10 1316
430 20 14 1 1244 2 1101 8 884 3 522 5 1027 3 900 2 891 3 252 2 1475 2 767 2 218 2 503 6 913 9 453 7 55 6 1077 2 1446 2 690 2 191 3 597
431 20 15 4 131 4 646 3 612 6 484 3 487 1 1367 1 535 10 974 4 653 3 27 2 763 2 757 3 721 2 330 9 1238 5 837 4 138 3 501 3 1317 5 973
432 20 11 1 122 5 1101 7 17 4 649 2 446 2 448 1 1412 1 606 5 125 4 33 1 1397 3 174 4 1208 1 1193 2 1226 1 1033 5 434 1 1332 2 385 5 1314
433 20 12 1 637 5 1248 5 907 7 1440 1 888 1 1015 1 270 2 1409 5 1425 8 778 1 891 5 683 1 1200 6 430 2 1117 1 805 1 1142 1 1459 5 1429 1 377
434 20 15 10 1160 7 908 6 630 2 119 2 871 2 851 5 283 10 362 9 1482 1 1263 4 1223 6 1332 4 1277 3 1098 1 1179 2 155 1 1475 1 639 2 22 1 750
435 20 17 1 848 5 1370 5 1228 3 1305 5 848 6 534 6 1220 3 1042 9 56 1 1390 1 567 1 1297 7 541 8 477 4 597 1 85 10 1500 1 1124 7 1074 1 136
436 20 13 1 586 2 1016 3 1487 1 525 1 768 13 17 3 203 2 850 2 440 1 296 4 572 1 1392 3 1314 1 1286 4 1069 7 238 1 695 6 619 6 880 3 1037
437 20 16 1 49 1 1250 7 276 1 1098 1 1224 3 1496 9 1294 6 967 4 1407 1 291 9 786 8 1391 2 1166 3 962 8 494 3 68 2 1454 9 332 2 789 4 1278
438 20 14 6 426 2 929 3 1407 1 247 7 80 4 1053 5 1268 1 1492 2 1490 7 1163 5 487 2 859 1 510 7 805 4 48 1 62 5 89 2 114 4 1378 3 1025
439 20 21 1 70 1 1023 7 593 4 1386 5 1437 3 122 5 432 5 1293 2 1021 14 1210 7 499 8 928 2 1081 6 1042 11 164 2 703 12 55 1 859 2 1093 7 940
440 20 17 4 960 1 1496 1 1441 2 511 1 1307 1 445 4 796 4 1026 4 343 1 1216 2 831 3 778 16 1229 15 94 5 1042 1 748 1 793 3 588 11 1104 5 256
441 20 13 1 1482 6 1238 1 1360 2 1363 2 645 2 1000 11 854 1 1217 8 1347 6 659 2 61 1 796 4 1469 3 64 12 1079 1 936 1 1260 1 116 2 862 1 439
442 20 14 2 1360 3 682 1 662 6 902 6 976 5 515 1 81 8 972 6 1064 1 1445 2 809 1 1370 2 1082 1 112 11 70 1 320 2 1324 2 577 4 1394 8 683
443 20 11 6 1284 1 884 1 1390 2 1352 3 798 4 664 4 649 5 920 2 648 1 1282 11 619 1 1287 1 953 1 108 3 709 3 1346 1 773 2 906 1 485 5 358
444 20 13 4 404 1 124 8 365 1 1229 4 1467 4 94 7 476 2 349 3 509 6 551 5 1344 4 943 1 90 1 1090 3 1265 1 1351 6 472 1 727 4 958 2 1099
445 20 11 2 353 2 769 5 345 1 46 3 768 2 376 11 543 5 1245 2 1231 4 18 3 247 1 494 1 1493 4 1087 2 1456 1 59 1 1039 4 1248 1 426 4 1294
446 20 12 2 1131 12 961 3 1305 2 1396 2 1304 3 1460 4 1378 3 1394 2 1382 1 1030 4 338 2 1479 3 745 5 843 1 734 3 726 3 634 4 1389 1 785 1 380
447 20 14 4 1344 2 1170 3 945 2 89 1 1291 4 573 6 790 6 396 1 870 6 1365 2 1152 1 677 3 1169 10 969 8 802 1 859 2 1019 6 1430 1 1366 1 199
448 20 16 4 990 1 1086 3 1033 14 563 1 579 10 301 2 1366 5 1436 1 985 3 586 2 648 3 356 3 1279 4 25 5 742 2 352 6 474 3 443 2 481 6 66
449 20 17 4 1408 12 1299 1 66 2 1418 2 714 1 948 1 692 1 944 1 1322 4 1342 4 134 8 47 1 537 1 1411 1 557 2 6 19 724 13 1473 4 1441 3 549
450 20 11 3 985 1 1211 3 544 1 526 1 1307 2 906 1 657 10 882 1 1236 3 591 3 570 2 793 1 946 3 434 7 1239 1 893 4 320 4 437 4 841 2 1302
451 20 15 4 335 3 940 2 120 2 844 5 344 2 132 1 348 8 1263 4 139 2 568 7 439 2 1477 9 1088 2 41 3 971 10 405 4 563 4 1021 1 182 2 360
452 20 12 1 1394 2 574 1 717 4 1030 11 838 3 843 7 28 3 831 1 677 3 1132 5 631 1 18 2 319 5 899 2 42 2 565 2 620 5 1328 2 842 1 933
453 20 12 1 691 3 785 2 1159 4 14 2 681 2 1457 6 937 1 1302 7 854 1 167 14 1150 3 539 2 85 1 346 3 1076 1 504 4 252 1 725 2 978 3 478
454 20 14 7 214 8 1494 1 889 3 940 1 308 6 596 1 1486 3 425 2 662 5 896 5 293 1 843 4 1282 1 204 1 776 9 340 2 467 3 184 1 638 6 315
455 20 11 1 789 3 781 1 1166 2 368 6 949 7 849 3 111 4 1258 2 235 1 1009 2 398 2 1306 3 1310 1 411 1 1306 3 686 5 1266 4 290 2 138 2 899
456 20 10 2 23 2 734 2 1245 4 1117 6 639 2 493 2 427 2 1154 1 415 8 957 3 1120 5 1335 2 191 1 719 1 463 1 651 3 515 2 1387 2 208 2 1045
457 20 14 2 1207 4 617 2 410 7 630 1 108 2 365 2 98 1 380 4 967 16 885 2 637 3 1322 1 1255 5 156 4 1455 1 1424 1 353 3 1153 4 1306 7 664
458 20 19 7 191 1 698 2 772 5 1412 5 838 4 1159 12 196 2 80 8 1091 1 1354 9 614 4 1117 4 474 3 55 9 845 6 25 3 964 6 305 5 971 3 321
459 20 11 3 772 1 162 1 261 1 1430 2 633 1 952 3 290 7 546 4 1377 2 389 4 341 4 247 6 893 1 1395 1 314 4 1238 3 1418 2 907 3 458 2 649
460 20 17 1 227 8 1437 9 223 3 742 10 793 4 105 8 1224 3 133 1 1051 8 1193 6 853 1 1117 3 711 1 1173 3 199 7 685 1 197 3 454 1 341 5 247
461 20 14 2 754 2 979 2 1483 2 1439 1 621 7 1171 3 1032 1 748 8 58 6 1269 1 1251 7 990 2 687 2 1431 3 489 8 1412 3 615 3 1062 5 862 3 1417
462 20 14 12 1332 7 282 4 500 1 1352 1 1175 2 1252 2 1190 4 1263 3 480 4 1209 2 359 3 137 8 408 2 470 2 571 1 438 2 761 6 1427 6 1151 1 302
463 20 16 2 1424 1 1256 2 1329 1 887 10 20 11 437 1 1222 4 1284 2 1486 5 520 3 1088 5 665 6 321 21 656 1 356 1 782 1 305 1 1323 2 1045 3 1382
464 20 13 2 1194 4 767 5 1428 7 10 1 1335 1 140 4 283 4 640 1 1132 4 994 11 824 5 926 3 41 1 1394 1 715 2 1022 2 1417 2 454 7 726 2 1347
465 20 13 1 79 8 472 2 974 5 1175 2 1116 2 971 5 97 4 406 1 1467 1 1447 1 458 1 118 2 644 2 25 5 1333 3 916 2 707 3 1048 7 940 9 1249
466 20 14 4 1077 9 991 2 133 12 307 3 1054 3 5 5 810 1 471 1 282 1 1317 3 975 2 229 5 749 1 1032 1 645 2 1238 3 48 5 1058 3 1181 6 1340
467 20 17 4 849 5 727 1 457 1 710 4 1285 4 243 2 526 4 1402 5 685 3 818 12 1412 7 722 2 1105 11 1208 5 882 3 1102 5 221 1 237 6 926 4 891
468 20 15 1 353 3 257 1 845 2 825 9 561 2 337 2 540 2 267 4 1406 3 652 14 7 1 658 4 383 1 1012 9 912 1 262 2 112 5 1215 1 1070 8 263
469 20 16 1 1422 2 637 2 1053 2 1377 2 921 2 1237 5 1268 1 917 6 1259 15 1049 2 22 1 819 2 885 1 719 14 690 9 1048 5 1425 2 772 4 461 3 370
470 20 11 2 276 3 998 2 215 4 1056 1 733 3 783 3 1060 2 1255 1 528 4 940 1 246 1 1420 8 74 1 207 3 1407 1 1029 1 375 3 905 1 340 14 751
471 20 11 1 1320 7 1293 1 334 1 1018 2 785 3 648 1 1365 3 1103 1 259 6 1407 3 1286 2 863 3 395 6 1210 6 772 2 1187 1 849 3 1481 5 299 2 1197
472 20 16 1 528 1 1400 17 699 1 68 2 1054 1 988 3 1078 3 1217 2 360 1 1450 4 1084 6 565 3 1458 1 17 5 1402 11 433 4 1314 9 1460 1 971 6 385
473 20 13 12 2 1 589 1 770 2 1225 3 234 2 1339 1 744 1 113 2 769 2 1416 6 434 1 577 11 1236 4 1338 2 884 5 523 1 869 4 219 3 943 3 1113
474 20 16 5 67 12 845 1 863 2 1417 7 82 4 643 2 745 3 119 4 1206 3 933 2 116 5 723 2 1111 4 335 1 1429 3 365 2 1401 9 627 10 79 3 169
475 20 13 6 13 3 372 3 1113 1 449 4 1360 6 740 4 1346 2 147 1 1118 1 1472 3 283 5 1446 2 1183 6 382 5 148 5 849 1 452 1 587 1 1482 7 1335
476 20 10 2 182 1 857 1 17 1 469 2 1109 4 585 2 360 2 1488 1 1432 1 156 4 1191 2 630 1 1236 9 527 1 365 6 1294 2 1049 1 1084 7 1210 3 974
477 20 16 3 492 8 1046 3 1484 6 648 7 612 2 99 1 1158 3 1017 2 1200 3 173 4 317 1 970 1 1418 2 1082 3 493 5 340 8 444 4 221 14 1483 2 1460
478 20 13 5 776 3 1305 4 1063 11 1175 3 714 1 959 6 1141 1 855 3 1180 1 154 1 148 2 1218 5 85 1 411 1 24 4 422 1 66 8 374 3 1170 3 1068
479 20 10 4 871 1 915 1 175 3 360 2 216 3 1228 4 103 1 1042 2 780 1 1220 1 432 4 214 6 338 2 428 2 1169 1 126 1 1119 5 717 5 540 1 552
480 20 17 4 106 4 1076 4 484 2 608 5 442 1 633 1 184 2 1140 7 1487 2 1341 2 346 1 833 2 210 1 129 16 162 17 725 2 966 1 538 7 1461 5 350
481 20 16 6 23 8 615 6 1373 6 1061 1 461 13 1485 10 1458 1 934 3 1123 2 87 3 1320 1 357 3 1301 1 53 3 1465 3 204 5 939 3 1081 3 321 2 59
482 20 16 1 1389 12 780 7 745 1 882 2 60 1 1215 4 210 2 985 1 423 12 1147 2 663 8 1235 4 756 4 644 2 661 10 1207 4 1304 1 1026 1 1215 2 758
483 20 14 1 489 4 865 2 453 7 425 3 574 4 1299 1 635 3 524 1 1198 10 760 3 1388 1 751 2 346 2 1364 4 1009 6 1282 1 333 2 1450 11 134 5 641
484 20 18 1 1357 4 138 4 211 2 1135 1 503 8 1295 8 120 11 830 6 419 2 1378 2 1370 2 701 4 195 10 519 2 1370 1 883 4 162 1 1323 3 144 17 830
485 20 13 2 107 3 739 2 275 2 229 2 999 5 267 1 227 1 353 4 1327 3 589 5 551 8 365 8 1184 1 1188 4 50 5 394 1 377 2 249 2 638 5 435
486 20 9 1 431 2 626 2 588 1 777 3 181 1 1226 2 123 13 9 5 624 1 472 2 451 3 1459 1 472 2 72 1 21 1 669 1 65 2 1297 1 192 2 858
487 20 17 1 472 8 506 1 710 15 175 2 1415 4 521 5 447 2 1057 9 921 1 793 4 143 1 361 2 1395 7 1073 3 350 7 626 1 227 1 1003 10 405 1 678
488 20 19 3 1109 2 292 9 845 10 1039 1 753 1 969 4 1212 3 313 7 502 6 1284 3 365 3 92 1 725 1 258 2 208 5 61 8 498 11 425 10 388 5 1048
489 20 9 6 1383 3 753 2 1354 5 71 4 1154 2 915 1 1078 1 692 2 528 1 1429 2 1059 1 798 3 1307 1 893 2 1028 3 1225 1 1171 4 1005 1 902 4 495
490 20 13 1 1173 7 86 11 1395 1 393 4 1484 1 432 6 355 8 1296 5 267 1 55 1 308 1 79 3 825 3 276 1 536 6 207 1 697 1 156 5 517 2 1327
491 20 15 1 1474 9 403 2 1146 6 482 1 774 3 495 2 255 1 1333 2 1189 12 130 4 1012 1 1500 6 1443 1 1150 3 1004 3 387 2 939 14 439 1 1458 4 932
492 20 16 2 1408 4 55 2 109 3 1163 3 23 2 1235 7 904 2 201 7 1479 1 64 2 911 5 730 5 78 6 708 1 454 12 1376 1 697 7 1401 6 398 2 708
493 20 10 5 615 2 598 2 1327 2 1303 1 430 1 1015 3 1475 2 758 1 242 3 1097 1 26 3 712 3 841 1 907 6 656 1 944 1 457 3 793 2 342 10 400
494 20 14 2 474 2 205 11 996 5 657 1 514 2 1072 1 1176 1 728 3 1338 1 657 8 172 8 107 5 1379 3 1320 4 577 1 1174 3 257 2 1172 1 876 6 405
495 20 17 12 1492 1 615 1 1078 1 880 15 490 3 640 2 346 2 360 4 50 1 198 10 1001 4 453 2 594 1 1175 6 341 1 281 2 1401 3 1475 11 1197 4 1136
496 20 14 2 946 2 153 3 815 6 290 3 169 5 599 2 49 2 421 1 1307 4 687 1 90 1 416 2 1464 3 670 1 712 2 845 6 390 14 417 12 1290 2 895
497 20 12 1 1155 11 1286 1 1079 5 1396 2 40 4 1385 2 1288 2 1043 2 1462 2 116 4 319 3 505 1 225 3 1065 6 661 1 1256 4 225 1 1014 3 1177 2 392
498 20 15 3 638 4 1284 2 742 6 1279 2 79 1 1446 3 567 3 9 1 719 5 434 8 1183 5 1002 2 1169 9 522 1 790 1 1309 5 1114 10 107 3 292 1 1416
499 20 12 8 853 5 1481 4 308 2 548 3 1270 2 184 6 331 2 1232 2 797 1 248 3 241 3 928 1 327 1 321 1 1412 1 32 14 679 1 1168 1 174 1 1078
500 20 15 7 966 7 1142 5 1275 7 1397 1 593 5 1175 5 1215 5 758 3 62 1 1041 2 1433 1 1436 3 1083 4 420 3 1280 2 1311 2 1021 7 377 1 884 7 325
