1 22 7149 0 1 0 0 0 0 0 1 1 0 0 0 0 0 0 1 1 1 0 0 0 0 0.0
2 22 11836 0 0 1 1 0 1 1 0 0 1 0 1 0 0 0 1 0 0 1 0 0 0 0.0
3 22 9343 0 1 0 1 1 0 0 0 0 1 0 1 0 0 1 0 1 0 0 0 0 0 0.0
4 22 8589 0 0 1 1 1 0 0 0 1 0 0 0 1 0 0 1 0 0 1 1 1 0 0.0
5 22 7441 0 0 1 0 1 1 0 0 0 1 0 0 0 0 0 0 0 0 1 0 0 1 0.0
6 22 7696 0 0 0 0 0 0 1 0 0 0 1 0 1 1 0 0 0 0 0 1 0 0 0.0
7 22 7431 0 0 0 0 0 0 0 0 0 0 1 1 1 0 0 1 0 0 1 0 0 0 0.0
8 22 8408 1 0 0 0 0 1 1 0 0 1 0 1 0 1 1 0 0 0 0 0 0 0 0.0
9 22 6422 0 1 0 0 0 1 0 0 1 0 0 0 1 0 0 0 0 0 0 1 1 0 0.0
10 22 11593 1 1 0 0 0 0 1 0 1 0 0 1 0 0 0 1 0 0 1 1 0 0 0.0
11 22 6292 0 0 0 0 1 0 0 0 1 1 1 0 0 0 0 0 0 1 0 1 1 0 0.0
12 22 8330 0 1 1 1 1 0 1 0 0 0 0 1 0 0 0 1 0 0 0 0 0 0 0.0
13 22 10683 1 0 0 0 0 1 0 1 0 1 0 0 1 0 0 1 1 0 1 0 0 1 0.0
14 22 9353 0 1 0 0 1 0 0 0 1 0 1 0 0 0 1 0 0 0 1 0 0 1 0.0
15 22 6777 1 0 0 0 0 0 0 1 0 1 0 0 0 0 0 1 0 1 1 1 0 0 0.0
16 22 10508 0 1 0 0 1 1 0 1 1 0 0 0 1 0 1 0 0 0 0 1 0 0 0.0
17 22 9645 0 0 0 1 1 0 0 1 0 0 1 0 1 1 0 0 0 0 0 0 0 0 0.0
18 22 9258 0 0 0 0 0 0 0 1 0 1 0 0 0 1 1 0 0 1 0 0 1 0 0.0
19 22 9671 0 1 0 0 1 0 1 0 0 0 1 1 0 0 0 0 0 1 0 1 0 0 0.0
20 22 7668 0 1 0 0 0 1 0 1 1 0 0 0 0 0 0 0 0 0 0 0 1 1 0.0
21 22 8228 1 0 0 0 0 0 0 0 0 0 0 1 0 0 1 1 1 0 1 1 0 1 0.0
22 22 8158 0 1 0 0 0 0 1 1 0 0 0 0 0 0 1 0 1 0 1 1 1 0 0.0
23 22 8439 1 1 1 0 1 0 0 0 0 1 1 0 1 0 0 0 0 0 0 0 0 1 0.0
24 22 7483 0 0 0 0 0 1 0 1 0 0 1 1 1 0 0 0 0 0 0 0 0 0 0.0
25 22 10213 0 0 1 1 0 0 0 0 0 1 1 1 0 0 0 0 0 1 0 1 0 0 0.0
26 22 7789 1 1 0 0 0 0 0 1 0 0 0 1 1 0 0 0 0 0 0 0 1 0 0.0
27 22 9910 0 1 0 1 1 1 1 1 0 0 0 0 1 0 0 1 0 0 0 0 1 0 0.0
28 22 10759 0 0 0 1 0 0 1 0 0 1 0 0 1 1 0 0 0 1 0 1 1 0 0.0
29 22 4953 1 0 0 1 0 0 0 1 0 1 0 0 0 0 1 0 1 0 1 0 0 1 0.0
30 22 8272 1 0 0 0 1 1 0 1 1 1 0 0 1 0 0 0 0 1 0 0 0 0 0.0
31 22 7919 1 0 0 0 0 1 0 0 0 0 0 0 0 0 1 1 1 0 1 1 1 0 0.0
32 22 7223 0 0 1 0 0 1 0 0 0 1 0 1 0 0 0 0 1 0 0 0 0 0 0.0
33 22 8056 0 0 0 1 1 1 0 0 0 1 0 1 0 0 0 0 0 0 0 0 0 1 0.0
34 22 7733 0 0 1 1 0 0 1 1 0 1 0 1 0 0 1 0 0 0 0 0 0 0 0.0
35 22 11602 1 0 1 0 1 1 0 0 1 0 0 0 1 0 0 1 0 0 0 0 0 0 0.0
36 22 8525 0 1 0 0 1 0 0 0 1 0 1 0 0 0 1 1 0 0 0 0 0 0 0.0
37 22 8297 1 0 1 0 0 0 0 1 0 0 0 1 1 0 0 0 0 1 0 0 0 0 0.0
38 22 6247 0 0 0 1 0 0 0 0 1 0 1 0 0 0 1 0 1 0 0 0 0 1 0.0
39 22 10819 0 1 0 0 0 0 1 0 1 0 1 1 1 0 0 0 0 0 1 0 1 0 0.0
40 22 5906 0 0 1 1 0 0 0 0 1 0 0 0 1 0 0 0 0 0 1 1 1 1 0.0
41 22 6812 0 0 0 1 0 0 0 1 0 1 0 0 0 1 0 0 0 1 0 1 0 1 0.0
42 22 9353 0 1 0 0 0 0 0 0 0 0 0 0 0 1 0 1 0 1 1 1 0 1 0.0
43 22 7137 0 0 1 0 0 0 0 0 0 0 0 1 1 0 0 1 0 0 0 0 0 1 0.0
44 22 7647 0 1 1 1 0 0 1 0 0 0 0 0 0 0 0 0 1 0 0 1 0 0 0.0
45 22 7450 0 0 1 0 0 1 0 0 0 0 0 1 1 0 0 0 0 0 1 1 1 0 0.0
46 22 10332 0 0 0 0 0 1 0 0 0 0 0 1 1 0 1 1 0 0 0 1 1 0 0.0
47 22 6760 0 0 0 1 1 1 0 0 0 0 0 0 0 0 1 1 0 1 0 0 0 0 0.0
48 22 9169 1 0 0 1 1 1 0 0 0 0 1 1 0 0 1 0 1 0 0 0 0 0 0.0
49 22 7690 0 0 0 0 1 0 0 0 1 1 1 0 0 1 0 1 0 0 0 0 0 1 0.0
50 22 6745 0 1 0 0 0 0 0 0 0 0 0 1 0 0 0 1 1 0 0 0 1 1 0.0
51 22 9292 0 0 0 1 0 1 0 0 0 0 0 0 0 0 0 1 0 1 1 1 0 0 0.0
52 22 7496 0 1 1 1 0 0 0 0 0 0 0 1 0 0 1 0 0 0 0 0 1 0 0.0
53 22 4448 0 0 0 0 1 0 0 1 0 0 1 0 1 0 0 1 0 0 1 0 0 0 0.0
54 22 10162 0 0 0 0 1 0 1 1 1 1 1 0 0 1 0 0 0 1 0 0 1 0 0.0
55 22 7464 0 0 1 0 0 0 1 0 0 1 1 0 0 0 0 0 1 0 0 1 1 0 0.0
56 22 7973 0 0 0 0 0 1 0 1 0 0 1 0 0 1 0 0 1 1 0 0 0 1 0.0
57 22 9031 0 0 0 1 1 0 0 0 1 1 0 0 0 0 0 0 0 1 1 1 1 0 0.0
58 22 7640 0 0 0 1 0 1 0 0 0 1 1 1 0 0 0 1 0 0 0 0 0 0 0.0
59 22 8463 0 0 1 0 0 0 0 1 0 1 1 0 0 0 0 1 0 0 1 0 0 0 0.0
60 22 8088 1 0 1 0 0 0 0 0 1 1 0 1 0 0 1 0 0 1 0 1 0 0 0.0
61 22 7126 0 0 0 0 0 0 0 0 1 0 1 0 1 1 0 0 0 0 0 1 0 0 0.0
62 22 6020 0 0 0 0 1 0 0 0 0 0 0 0 0 0 1 1 0 1 0 0 1 0 0.0
63 22 9395 1 0 0 1 1 0 0 0 0 0 1 0 0 0 1 1 0 0 0 0 0 1 0.0
64 22 8521 0 1 0 0 0 0 1 0 1 0 1 0 0 1 1 0 1 0 0 0 0 0 0.0
65 22 7304 1 1 0 1 0 0 0 0 0 0 0 1 0 0 1 0 0 1 0 0 0 0 0.0
66 22 11516 1 0 0 1 1 0 1 1 0 0 0 0 0 1 0 1 0 0 0 1 1 1 0.0
67 22 8487 0 0 0 0 1 0 0 1 0 0 0 1 0 0 0 1 1 0 0 1 1 0 0.0
68 22 9867 0 1 0 0 0 0 0 1 1 1 0 1 0 0 1 0 0 1 1 0 0 0 0.0
69 22 9053 1 1 0 0 0 0 0 0 1 1 1 0 0 1 0 1 0 0 0 1 0 0 0.0
70 22 8088 0 0 0 1 0 1 1 0 1 1 1 0 0 0 0 0 1 0 0 0 1 0 0.0
71 22 7666 0 0 0 0 0 0 0 1 0 1 0 0 0 0 0 0 1 1 1 0 0 0 0.0
72 22 12067 1 1 0 0 0 0 1 1 0 0 1 0 1 1 1 0 0 0 1 0 0 0 0.0
73 22 7161 0 0 0 1 1 1 1 0 0 0 0 0 0 1 0 0 1 0 0 0 0 0 0.0
74 22 10061 0 0 1 0 1 0 1 0 0 0 0 0 0 1 0 0 0 0 1 0 1 0 0.0
75 22 7295 0 0 0 0 1 1 1 1 0 0 0 1 0 0 0 1 0 0 0 0 0 0 0.0
76 22 9295 0 0 0 0 1 0 0 0 0 0 0 1 1 1 0 0 1 0 0 1 0 0 0.0
77 22 10700 1 0 1 0 0 1 0 1 0 0 0 1 0 0 0 0 1 0 1 0 0 0 0.0
78 22 6969 0 0 0 0 1 0 0 0 1 0 0 0 1 1 0 0 0 1 1 0 0 1 0.0
79 22 8986 0 0 1 0 1 0 0 0 1 0 0 0 0 0 1 0 1 0 1 0 0 0 0.0
80 22 9199 0 1 0 0 0 1 0 1 1 0 1 0 0 1 0 1 0 0 0 1 0 0 0.0
81 22 7361 1 1 1 0 0 0 0 0 0 1 1 0 0 0 1 1 0 0 0 0 0 0 0.0
82 22 7214 0 0 1 1 1 0 1 0 0 0 0 0 1 0 0 0 0 0 0 0 0 1 0.0
83 22 8316 1 0 1 0 0 0 1 0 1 0 0 0 0 0 1 0 1 0 1 0 0 0 0.0
84 22 8539 0 0 1 0 0 0 1 0 0 1 0 0 1 0 0 1 0 1 0 0 0 0 0.0
85 22 9883 1 0 0 0 0 1 0 1 0 0 0 0 1 0 0 1 0 0 1 1 0 0 0.0
86 22 7629 0 0 0 0 1 0 0 0 1 1 0 1 0 1 0 0 0 0 1 1 0 0 0.0
87 22 8216 0 1 0 0 0 1 0 0 0 1 0 0 0 0 1 0 0 1 0 0 1 0 0.0
88 22 8393 0 1 0 0 1 1 0 0 0 0 0 0 0 0 1 0 0 0 1 1 0 0 0.0
89 22 8695 1 1 0 0 0 0 0 0 1 1 1 1 0 0 0 0 0 1 1 0 0 0 0.0
90 22 6513 0 1 1 0 1 1 0 0 0 0 1 0 0 1 1 1 0 0 0 0 0 0 0.0
91 22 8488 1 1 0 0 0 0 0 0 0 1 1 0 0 1 0 1 0 0 0 0 1 0 0.0
92 22 7009 0 0 0 0 1 0 0 0 1 1 1 0 0 1 0 0 1 0 1 0 0 0 0.0
93 22 7585 0 0 0 0 0 1 0 0 0 1 1 0 1 0 1 0 0 0 0 0 0 1 0.0
94 22 7936 0 1 0 0 0 1 0 0 0 0 0 0 1 1 0 0 0 0 1 0 1 0 0.0
95 22 9793 0 0 0 0 1 1 0 0 1 0 0 0 0 0 0 1 0 1 0 0 0 1 0.0
96 22 7430 0 1 0 0 1 0 1 0 0 0 0 1 0 0 0 0 1 1 0 0 0 0 0.0
97 22 9128 0 0 1 0 1 0 1 0 1 1 1 0 0 0 0 1 0 0 0 1 0 0 0.0
98 22 8767 0 0 0 1 1 1 0 1 1 0 0 0 0 1 0 0 0 0 1 0 0 0 0.0
99 22 7248 0 0 0 0 1 0 0 0 0 0 0 1 0 0 0 0 1 0 0 0 1 1 0.0
100 22 3143 0 0 0 0 0 1 0 1 0 0 0 0 0 0 0 0 1 0 1 0 1 0 0.0
101 22 11399 1 1 0 1 0 0 0 0 1 1 0 0 0 0 0 0 0 0 0 1 1 0 0.0
102 22 6922 0 0 0 0 1 1 0 0 1 0 0 0 1 1 0 0 1 0 0 1 0 0 0.0
103 22 6485 0 0 0 1 1 1 1 0 0 0 0 1 0 0 0 1 0 0 0 0 1 0 0.0
104 22 5360 0 0 0 1 0 0 0 0 0 0 0 0 1 0 0 0 0 0 1 0 0 1 0.0
105 22 8715 0 0 0 0 0 0 0 0 1 0 1 0 1 0 1 1 0 0 0 1 1 1 0.0
106 22 9743 1 0 0 0 1 0 0 1 0 1 0 0 0 0 1 0 0 0 1 1 0 0 0.0
107 22 7267 0 0 1 0 1 0 0 0 0 0 0 0 0 0 0 1 1 1 1 0 0 0 0.0
108 22 9199 0 1 0 0 1 0 0 1 0 1 1 1 0 0 1 0 0 1 0 0 1 0 0.0
109 22 7189 0 0 1 0 0 1 0 1 0 1 0 1 0 0 0 0 0 1 0 0 0 0 0.0
110 22 9125 0 0 1 1 0 0 0 0 0 1 0 0 1 1 1 0 0 1 0 0 0 0 0.0
111 22 9922 1 0 0 0 0 1 1 0 0 1 1 0 0 0 0 1 0 1 1 1 0 0 0.0
112 22 7729 0 0 1 0 1 0 0 1 0 0 0 1 0 1 0 1 0 0 0 0 0 0 0.0
113 22 8243 1 0 1 1 1 0 0 0 0 0 0 0 1 1 0 0 0 0 0 0 1 1 0.0
114 22 7742 1 1 0 0 0 0 1 1 0 0 0 0 0 0 1 0 0 1 1 1 0 0 0.0
115 22 5449 0 1 0 1 0 1 0 1 0 0 1 0 0 0 0 0 0 1 0 0 0 0 0.0
116 22 7984 0 0 0 1 1 0 0 0 1 1 0 0 0 1 0 0 0 1 0 0 0 0 0.0
117 22 7038 0 0 1 1 0 0 0 0 0 0 0 1 1 0 1 0 0 1 0 0 0 1 0.0
118 22 9692 0 1 0 0 0 1 0 1 1 1 0 0 0 1 0 0 0 0 1 0 0 0 0.0
119 22 8051 0 0 1 0 0 0 0 0 0 0 1 1 1 0 0 0 0 0 0 1 0 0 0.0
120 22 8930 1 0 0 1 0 0 1 1 0 0 0 0 1 1 0 0 0 1 0 0 0 0 0.0
121 22 7477 0 1 1 0 0 0 0 1 0 0 0 1 1 0 0 1 0 0 0 0 0 0 0.0
122 22 6501 0 0 1 0 0 0 0 1 0 1 0 1 1 0 0 0 0 0 0 0 0 0 0.0
123 22 7941 0 0 1 1 0 1 1 0 0 0 1 1 0 0 1 0 0 0 0 0 0 0 0.0
124 22 9516 0 1 0 0 0 1 1 0 0 0 0 0 1 0 1 1 0 1 0 0 1 0 0.0
125 22 5996 0 1 1 0 0 0 0 0 0 0 0 1 0 0 0 0 1 0 1 0 0 1 0.0
126 22 7620 1 0 0 0 0 0 0 0 0 1 0 1 0 0 0 1 1 0 0 1 1 0 0.0
127 22 8815 0 0 0 0 0 0 1 1 0 0 0 0 0 0 0 1 1 0 0 1 1 0 0.0
128 22 6907 0 1 0 0 1 1 0 1 0 0 0 1 0 0 0 0 0 0 0 0 1 0 0.0
129 22 8385 1 0 1 1 0 0 1 0 0 0 0 1 1 0 0 0 0 0 0 0 0 1 0.0
130 22 7641 0 1 0 0 0 0 1 1 0 0 1 0 0 0 1 0 0 0 0 0 0 0 0.0
131 22 8244 0 1 0 1 0 0 1 0 1 0 0 0 0 0 1 0 0 0 0 1 1 0 0.0
132 22 9980 1 0 0 0 1 0 0 0 1 1 1 0 0 1 0 0 0 0 0 0 0 1 0.0
133 22 7264 0 0 0 1 1 1 0 1 0 0 0 0 0 0 0 0 0 0 1 1 0 0 0.0
134 22 10113 0 0 1 0 0 1 0 0 1 0 0 0 1 0 1 0 1 1 1 0 1 0 0.0
135 22 9215 0 0 1 0 0 0 1 1 1 0 0 0 0 1 0 0 0 0 1 0 1 0 0.0
136 22 9588 1 1 1 0 0 0 0 1 0 0 0 0 1 0 0 0 1 0 0 0 1 0 0.0
137 22 10862 0 1 1 0 0 0 1 0 1 1 1 0 0 0 1 0 0 0 1 1 0 1 0.0
138 22 11356 0 1 0 1 1 0 1 1 0 1 1 0 0 0 0 1 0 0 0 0 0 0 0.0
139 22 6374 0 0 0 0 0 1 0 0 0 1 0 0 0 1 0 1 1 0 0 0 0 0 0.0
140 22 8755 1 1 0 0 0 0 0 0 0 0 0 1 1 0 0 0 0 0 1 1 0 1 0.0
141 22 9630 1 0 0 0 0 0 0 0 0 0 0 0 0 1 1 1 0 0 0 1 1 0 0.0
142 22 8954 0 0 0 0 1 1 0 1 0 0 0 0 0 1 1 1 0 0 1 1 0 0 0.0
143 22 8314 0 0 0 1 0 0 0 1 0 0 1 0 0 0 0 0 0 0 1 1 0 1 0.0
144 22 8971 0 0 0 1 0 1 0 0 0 0 1 0 0 1 0 0 1 0 0 1 1 1 0.0
145 22 7471 1 0 0 0 0 0 0 0 1 0 0 0 0 0 1 0 1 0 0 1 0 1 0.0
146 22 7052 1 0 0 0 0 1 0 1 0 1 0 0 0 1 1 1 0 0 0 1 0 0 0.0
147 22 8870 1 1 0 1 0 0 0 1 1 0 0 0 0 0 1 0 0 0 0 0 0 0 0.0
148 22 4757 0 1 0 1 0 0 0 1 0 0 0 0 0 0 1 0 0 0 0 0 0 0 0.0
149 22 6113 1 0 1 0 0 0 0 1 0 0 0 0 1 1 0 0 0 0 0 0 0 1 0.0
150 22 6449 0 0 0 0 1 1 0 0 1 1 0 0 1 0 1 0 0 1 0 0 0 0 0.0
151 22 8333 1 1 0 0 0 0 0 0 0 1 1 0 0 0 1 0 1 1 0 0 0 1 0.0
152 22 8706 0 0 0 0 0 0 0 1 1 0 0 1 0 0 0 1 0 1 0 1 0 0 0.0
153 22 9044 0 0 1 1 1 0 0 0 0 0 0 1 0 0 1 1 0 1 0 1 0 0 0.0
154 22 7493 0 0 0 1 0 0 0 1 0 1 1 0 0 0 1 1 0 0 0 0 0 0 0.0
155 22 9665 0 0 0 0 0 0 1 0 0 0 1 0 1 0 0 1 0 1 0 1 1 0 0.0
156 22 6906 0 0 1 0 0 1 0 0 1 0 1 1 0 1 1 0 0 0 0 0 0 0 0.0
157 22 7430 0 0 0 0 0 1 1 1 0 1 0 0 1 0 0 0 1 0 0 0 0 1 0.0
158 22 7529 0 0 0 0 0 0 0 0 0 1 1 0 1 0 0 0 1 0 0 1 1 0 0.0
159 22 9504 0 0 1 0 0 1 0 0 1 0 0 0 0 1 0 0 0 0 1 0 0 1 0.0
160 22 9567 0 1 0 0 0 0 0 1 0 0 1 0 1 1 1 1 0 0 0 1 0 0 0.0
161 22 8442 0 0 0 0 0 1 0 0 0 0 0 1 0 1 0 1 0 1 1 0 1 0 0.0
162 22 6805 1 0 1 1 0 0 1 0 0 0 0 1 0 0 0 0 0 1 0 0 0 0 0.0
163 22 9252 0 1 0 0 0 0 1 0 0 1 0 1 0 0 1 0 0 0 1 0 1 0 0.0
164 22 9265 0 1 0 0 0 0 0 0 1 0 1 0 0 1 0 1 0 1 0 0 1 0 0.0
165 22 7840 0 1 0 0 0 0 1 0 0 1 1 0 0 1 0 1 0 1 0 0 0 0 0.0
166 22 11504 0 0 0 0 1 0 0 0 1 1 1 1 1 0 1 1 0 0 0 0 0 0 0.0
167 22 9140 0 1 0 0 1 0 0 0 1 0 0 1 0 0 1 1 1 0 0 0 0 0 0.0
168 22 7704 0 1 0 1 0 0 1 0 0 0 0 0 0 0 1 0 0 1 0 0 1 1 0.0
169 22 11213 0 0 0 1 1 1 0 0 0 0 0 1 0 1 1 0 0 1 0 1 0 0 0.0
170 22 10566 0 0 0 0 1 0 1 0 0 1 0 0 0 0 0 1 0 1 1 1 0 1 0.0
171 22 8739 0 1 1 0 0 0 0 1 1 0 0 0 1 0 1 0 0 0 0 1 0 0 0.0
172 22 9954 0 0 1 1 0 0 1 0 0 1 0 0 0 1 0 1 0 0 1 0 0 1 0.0
173 22 9176 0 0 0 0 0 0 1 1 0 0 1 1 1 0 0 0 0 0 0 1 0 0 0.0
174 22 6571 0 0 0 0 0 0 0 0 1 0 0 1 0 0 1 1 0 0 1 0 0 1 0.0
175 22 9086 0 1 0 0 1 0 0 0 1 0 1 0 0 0 1 1 0 0 0 0 0 1 0.0
176 22 8459 0 0 0 0 1 0 1 1 1 0 0 1 0 0 0 0 0 1 1 0 0 0 0.0
177 22 5689 0 1 0 1 0 0 0 0 0 1 0 0 0 1 0 0 0 0 0 0 1 0 0.0
178 22 7778 0 0 1 0 1 0 0 0 1 0 1 0 0 0 0 1 0 0 0 1 0 0 0.0
179 22 7582 0 0 1 0 0 0 0 0 1 0 0 1 0 0 0 1 0 0 0 1 1 0 0.0
180 22 7236 0 0 0 0 0 0 1 0 0 0 0 1 0 0 0 1 0 0 1 1 0 1 0.0
181 22 9214 0 0 1 1 0 1 0 0 0 0 0 1 1 1 0 0 0 0 0 1 0 1 0.0
182 22 10276 0 0 0 1 0 0 0 1 0 0 0 0 1 1 1 0 1 0 0 0 1 0 0.0
183 22 9074 0 0 1 0 0 1 0 1 1 0 0 0 1 0 0 0 0 1 1 0 0 1 0.0
184 22 9974 0 1 0 0 1 0 0 0 1 1 0 0 0 1 0 1 0 0 0 0 1 1 0.0
185 22 7668 0 0 0 1 1 0 0 0 1 0 0 0 1 1 0 0 0 1 0 1 0 0 0.0
186 22 8861 0 0 0 1 0 0 1 1 1 0 0 1 0 1 0 1 0 1 0 0 1 0 0.0
187 22 6839 0 1 0 0 0 0 0 0 1 1 1 1 0 0 0 1 0 0 0 0 0 0 0.0
188 22 7573 1 1 0 0 0 1 0 0 0 0 0 0 0 1 0 0 0 1 0 1 0 0 0.0
189 22 7217 1 0 0 1 1 0 0 0 0 0 0 1 0 0 0 0 0 1 0 0 0 0 0.0
190 22 7429 1 0 0 0 0 0 1 1 0 0 0 0 0 0 1 0 1 0 0 0 0 1 0.0
191 22 9160 0 1 1 0 0 0 1 1 1 0 0 0 0 0 1 0 1 0 1 0 0 0 0.0
192 22 8342 0 0 1 1 0 0 0 1 0 0 0 1 0 1 0 0 0 0 0 0 0 1 0.0
193 22 7605 0 1 1 1 0 1 1 1 0 0 0 0 0 0 0 0 0 1 0 0 0 0 0.0
194 22 11160 1 1 0 1 1 0 1 1 0 1 0 0 0 0 0 0 1 0 1 0 1 0 0.0
195 22 8574 0 0 1 0 0 1 1 0 0 0 0 0 1 1 0 0 0 1 0 0 0 0 0.0
196 22 5771 0 1 0 0 1 1 0 0 0 1 0 1 1 1 0 0 0 0 0 0 0 0 0.0
197 22 7896 0 1 1 0 0 0 1 0 0 0 0 1 0 0 0 0 0 1 1 1 0 1 0.0
198 22 9705 1 1 1 0 0 0 1 1 0 0 0 1 0 1 0 0 0 0 1 0 1 0 0.0
199 22 9813 0 1 0 1 1 1 1 0 0 0 0 0 1 1 1 0 0 0 0 0 0 0 0.0
200 22 8133 0 0 0 0 0 0 1 0 0 1 1 0 0 0 1 0 0 0 0 0 1 1 0.0
201 22 6842 0 0 0 1 0 1 1 0 0 1 0 0 0 1 0 1 0 0 0 0 0 0 0.0
202 22 7047 1 0 0 0 0 0 0 1 0 0 0 1 0 0 0 0 0 0 1 1 0 1 0.0
203 22 7931 0 0 0 1 0 0 0 0 1 0 0 0 0 0 1 1 1 0 0 0 1 0 0.0
204 22 11342 0 1 0 1 0 0 0 0 1 1 0 0 0 1 0 1 1 0 0 0 0 0 0.0
205 22 6979 0 0 0 1 0 0 0 0 0 1 0 0 0 0 0 1 1 0 0 1 1 0 0.0
206 22 8456 0 0 0 1 0 1 0 0 0 0 1 0 0 1 0 0 0 0 1 1 0 1 0.0
207 22 8437 0 1 0 1 1 0 1 0 0 1 0 0 0 0 0 0 0 1 0 1 0 0 0.0
208 22 10556 1 0 0 0 0 0 0 0 1 0 1 0 0 1 0 0 1 0 0 1 1 0 0.0
209 22 7762 0 1 0 0 0 0 0 0 0 0 0 1 0 0 0 1 0 0 0 0 1 1 0.0
210 22 8776 0 1 0 0 0 1 0 0 0 0 0 0 1 0 0 0 1 1 1 1 0 0 0.0
211 22 10019 1 0 1 0 0 1 0 0 1 0 0 0 1 0 0 1 0 0 1 0 1 0 0.0
212 22 7198 1 0 1 1 0 1 0 1 0 1 0 0 0 0 0 0 0 0 0 0 0 0 0.0
213 22 9012 0 1 0 1 0 0 1 0 0 0 0 0 0 1 0 0 1 0 1 0 0 1 0.0
214 22 9652 1 0 0 0 0 0 0 1 0 1 1 0 1 0 0 1 0 0 0 0 1 0 0.0
215 22 8106 1 0 1 0 0 0 1 0 0 1 0 1 0 0 0 0 0 0 1 0 0 0 0.0
216 22 8592 0 0 0 0 0 0 0 1 1 0 0 0 0 1 0 0 0 1 1 1 0 1 0.0
217 22 12048 1 1 1 0 1 1 1 0 1 0 0 0 1 0 0 1 0 0 0 0 0 0 0.0
218 22 10070 0 1 1 0 1 0 0 0 0 0 0 0 1 0 0 0 0 0 0 1 1 1 0.0
219 22 9179 1 1 0 0 1 0 0 1 0 0 1 0 1 0 0 0 0 0 1 1 1 0 0.0
220 22 7405 1 1 0 0 0 0 1 1 1 0 0 1 1 0 0 0 0 0 0 0 0 0 0.0
221 22 11846 0 0 0 0 0 1 0 0 0 1 1 0 1 0 0 0 0 1 1 0 0 1 0.0
222 22 7292 1 1 1 0 0 0 1 0 0 0 1 1 0 0 0 0 1 0 0 0 0 0 0.0
223 22 8408 0 0 1 0 0 0 1 1 0 1 0 0 0 1 0 1 0 0 0 0 0 1 0.0
224 22 6216 0 0 0 0 0 0 0 0 1 0 0 0 0 1 0 1 0 0 1 1 1 0 0.0
225 22 8018 0 1 1 0 0 1 0 0 0 0 0 0 1 0 1 1 0 1 0 0 0 1 0.0
226 22 6954 0 0 0 0 1 0 1 1 0 0 0 0 0 0 0 0 0 1 1 0 1 0 0.0
227 22 7523 0 1 0 0 0 1 0 0 0 1 0 0 1 0 1 0 0 1 0 0 1 0 0.0
228 22 7921 0 0 0 0 0 1 1 1 1 0 0 0 0 1 0 0 1 0 1 0 0 1 0.0
229 22 8910 0 0 1 0 0 1 0 0 0 0 0 0 0 1 1 0 0 0 1 1 0 0 0.0
230 22 6041 0 0 1 1 1 0 1 0 0 0 0 0 0 0 0 0 1 1 0 0 0 0 0.0
231 22 7929 1 0 0 0 0 0 1 1 0 0 0 0 0 0 1 0 0 0 0 0 1 1 0.0
232 22 9684 0 0 0 1 1 0 0 1 1 0 0 1 0 0 0 1 0 0 0 0 1 0 0.0
233 22 8636 1 0 1 0 1 0 1 0 0 0 0 0 0 1 0 1 0 0 0 0 0 0 0.0
234 22 9070 1 0 0 0 1 0 1 1 0 0 0 0 1 1 0 0 0 0 0 1 0 0 0.0
235 22 10653 1 1 0 0 1 1 0 0 0 0 1 0 0 1 0 1 0 0 0 0 0 1 0.0
236 22 8995 0 0 0 1 0 1 0 1 1 0 0 0 0 0 0 0 0 0 0 1 1 0 0.0
237 22 8223 1 0 0 0 0 0 1 1 0 1 0 0 1 1 0 0 0 1 0 0 0 0 0.0
238 22 7477 0 0 0 0 1 1 0 0 0 0 0 1 0 0 0 0 1 0 1 0 1 0 0.0
239 22 7908 1 0 1 0 0 0 0 1 1 0 0 0 0 0 1 0 0 0 1 0 0 0 0.0
240 22 9674 0 0 1 0 1 0 1 1 0 0 1 0 0 1 1 1 0 0 0 0 1 0 0.0
241 22 7990 0 1 1 0 0 0 0 0 0 1 0 0 0 0 0 0 1 0 0 0 1 1 0.0
242 22 11239 0 0 0 0 1 1 1 1 1 0 0 0 0 0 1 1 0 0 0 1 1 0 0.0
243 22 9582 1 1 0 0 0 1 0 0 1 0 1 0 1 0 0 0 1 0 0 0 1 0 0.0
244 22 7226 0 1 0 1 0 0 0 1 0 1 0 1 0 0 1 0 1 0 0 0 0 1 0.0
245 22 9167 0 0 1 0 0 0 0 1 0 0 0 0 1 0 0 1 1 1 0 1 0 1 0.0
246 22 10223 0 0 0 0 1 0 1 0 0 0 0 1 0 0 1 0 0 0 1 1 1 0 0.0
247 22 6791 0 0 0 0 0 0 1 0 0 0 1 0 1 0 0 1 0 0 0 0 0 1 0.0
248 22 8706 1 0 0 1 0 1 0 0 1 1 0 0 1 1 0 0 0 0 1 0 0 0 0.0
249 22 7651 0 1 0 0 0 1 1 1 0 1 0 0 0 0 0 0 1 0 0 1 0 0 0.0
250 22 8674 0 0 0 0 0 0 1 0 0 0 1 0 1 1 1 0 1 1 0 1 0 0 0.0
251 22 5083 0 1 0 0 1 1 0 1 0 0 0 0 0 1 0 0 0 0 0 0 1 0 0.0
252 22 9304 1 1 1 0 0 0 0 0 1 1 0 0 0 0 1 0 0 0 1 0 0 1 0.0
253 22 8150 0 0 0 0 0 1 0 0 0 0 1 0 1 0 0 0 1 1 1 0 0 0 0.0
254 22 8041 1 1 1 0 1 0 0 0 0 0 1 0 0 0 0 0 0 0 0 0 0 1 0.0
255 22 11910 1 1 0 1 0 1 0 0 1 0 1 0 1 0 0 0 0 1 0 0 1 0 0.0
256 22 9033 1 1 0 0 1 1 0 0 0 1 0 0 0 1 0 0 0 0 1 0 0 0 0.0
257 22 10366 0 0 0 0 0 0 0 1 1 0 1 0 0 0 0 0 0 1 1 0 0 1 0.0
258 22 9973 1 1 0 0 0 1 1 0 0 0 1 0 0 0 0 1 0 0 0 0 0 1 0.0
259 22 8628 1 0 0 0 0 0 1 1 0 0 0 0 0 0 0 1 1 0 0 0 0 1 0.0
260 22 8671 1 1 0 0 0 0 0 0 1 1 0 0 0 1 1 0 0 0 0 0 1 0 0.0
261 22 5905 1 0 0 0 0 0 0 0 0 1 0 0 0 0 0 1 1 0 1 0 0 0 0.0
262 22 7540 0 1 0 1 0 0 0 0 0 0 0 1 1 0 0 0 0 0 1 0 1 0 0.0
263 22 7318 0 0 1 0 0 0 0 1 0 0 0 0 0 0 0 1 0 0 1 1 0 0 0.0
264 22 9467 0 0 0 1 0 1 1 0 1 1 1 0 0 0 0 1 1 0 0 0 0 0 0.0
265 22 11878 0 1 0 0 1 0 1 0 1 0 1 0 0 0 1 1 0 0 1 1 0 0 0.0
266 22 7381 0 0 0 1 0 0 1 0 1 0 0 0 0 1 0 1 0 1 0 0 0 1 0.0
267 22 10271 0 0 0 0 0 0 1 1 0 1 0 0 1 0 0 1 1 1 0 1 0 0 0.0
268 22 9212 0 1 0 1 0 0 0 0 1 1 0 0 0 1 1 0 0 0 0 0 0 0 0.0
269 22 8304 0 1 0 0 0 0 1 1 0 0 1 0 0 0 0 1 0 1 1 0 0 0 0.0
270 22 10559 0 0 0 0 1 0 1 0 0 1 0 0 1 0 0 0 0 0 1 1 0 1 0.0
271 22 7493 0 0 1 1 0 1 0 0 0 1 0 0 0 0 1 0 0 1 0 0 0 0 0.0
272 22 7910 0 0 1 0 0 0 0 1 0 0 0 0 0 0 1 0 1 0 0 1 0 0 0.0
273 22 11106 1 0 0 1 0 1 0 0 1 0 0 0 0 1 1 0 1 0 0 0 0 1 0.0
274 22 9977 0 1 0 0 0 1 0 0 1 0 0 1 0 0 0 0 0 1 1 1 0 0 0.0
275 22 9111 0 0 0 0 0 0 0 0 0 0 1 1 0 0 1 1 1 0 0 0 0 0 0.0
276 22 7440 0 0 0 0 1 0 1 1 0 0 0 0 0 0 0 0 0 1 0 0 1 0 0.0
277 22 11188 1 1 1 0 1 1 1 1 1 0 1 0 0 0 0 0 0 0 1 1 0 0 0.0
278 22 8981 0 1 1 0 0 1 0 0 0 0 1 0 1 0 1 0 1 0 0 1 0 0 0.0
279 22 8654 0 0 0 1 1 0 0 1 0 1 0 1 0 0 0 1 1 0 0 0 0 0 0.0
280 22 7866 0 1 0 0 0 0 0 0 1 0 0 0 1 1 0 0 0 1 1 0 0 0 0.0
281 22 7440 0 0 0 1 0 0 0 0 0 0 1 0 1 0 0 0 1 1 1 0 1 0 0.0
282 22 10949 1 0 0 1 1 0 0 1 0 0 0 0 0 0 0 0 1 1 1 0 1 0 0.0
283 22 11667 0 1 1 0 0 0 0 1 0 0 0 1 1 0 0 0 0 1 0 1 0 0 0.0
284 22 8028 0 0 1 0 1 0 1 0 0 0 1 0 0 1 0 0 0 0 0 0 0 1 0.0
285 22 8262 0 1 1 0 1 0 1 0 0 0 1 0 1 1 0 0 0 0 0 0 0 0 0.0
286 22 8131 0 1 1 0 0 0 1 0 1 0 0 0 1 0 0 0 0 0 1 0 0 1 0.0
287 22 10120 0 0 0 0 1 0 1 1 0 0 0 0 1 0 0 0 0 0 1 0 0 1 0.0
288 22 4993 0 0 1 0 0 0 0 1 0 1 1 1 1 0 0 0 0 0 1 0 0 1 0.0
289 22 6650 0 0 0 1 0 1 1 0 0 0 0 0 0 0 0 1 0 0 0 1 0 1 0.0
290 22 10375 0 0 0 1 0 1 0 1 1 1 1 1 0 0 0 0 0 0 0 0 1 0 0.0
291 22 9307 1 0 0 0 0 1 0 1 1 0 0 0 0 0 1 0 1 0 0 0 0 0 0.0
292 22 10031 1 0 0 0 0 0 0 0 1 1 0 0 0 0 1 1 0 0 1 0 1 0 0.0
293 22 13283 0 0 0 1 1 1 0 0 1 0 1 0 1 1 1 0 1 0 0 0 0 0 0.0
294 22 9499 0 1 1 0 0 0 0 0 0 0 0 1 0 1 0 0 1 1 0 1 0 1 0.0
295 22 9172 0 1 0 1 0 0 0 0 1 0 0 1 0 1 0 0 1 0 0 0 1 0 0.0
296 22 7844 0 1 0 0 0 0 0 1 1 0 1 0 1 0 0 0 0 0 0 0 0 0 0.0
297 22 9638 0 0 0 1 0 1 0 0 1 1 1 0 0 0 1 0 0 0 1 0 0 0 0.0
298 22 8671 0 0 0 1 0 0 1 0 0 0 0 1 0 0 0 1 0 0 1 0 0 1 0.0
299 22 8391 1 0 0 0 0 0 1 0 0 1 1 1 1 0 1 1 0 0 0 0 0 0 0.0
300 22 6959 0 1 0 1 0 1 0 1 0 1 1 0 0 0 0 0 0 0 1 1 0 0 0.0
301 22 5804 0 0 0 0 0 1 0 1 0 0 1 1 0 0 0 0 0 1 0 0 0 0 0.0
302 22 8039 0 0 0 1 1 0 0 0 0 0 0 1 0 0 1 0 1 1 0 0 1 1 0.0
303 22 9971 0 0 0 0 0 1 1 0 0 0 1 1 0 1 0 1 0 0 0 0 0 1 0.0
304 22 7386 0 0 0 1 1 1 1 0 1 0 1 0 0 0 0 0 0 0 1 0 0 0 0.0
305 22 9476 0 0 1 0 1 0 1 1 0 0 1 0 0 0 0 1 1 1 0 0 0 1 0.0
306 22 8614 0 0 1 1 0 0 1 1 0 0 0 1 0 0 0 0 0 0 1 1 0 1 0.0
307 22 9442 0 0 1 1 0 0 0 0 0 1 1 0 1 0 0 1 1 1 0 0 0 0 0.0
308 22 10768 0 0 1 0 1 0 0 1 0 1 0 1 0 1 0 0 0 1 0 0 0 1 0.0
309 22 6536 0 1 0 0 1 0 0 1 0 0 0 0 0 0 1 0 0 0 0 0 0 1 0.0
310 22 7566 0 0 0 0 0 1 0 0 0 0 0 1 0 1 0 1 0 1 1 1 0 0 0.0
311 22 8323 1 1 0 0 0 1 0 0 0 0 1 0 0 1 0 0 1 0 0 0 0 1 0.0
312 22 6790 0 0 0 0 0 1 1 1 0 0 1 0 0 1 0 0 0 0 1 0 1 0 0.0
313 22 5623 1 0 0 1 0 0 1 0 0 0 0 1 1 0 0 0 0 1 0 0 1 0 0.0
314 22 7259 0 0 0 0 1 0 0 1 1 0 1 0 0 0 1 0 0 0 0 1 0 0 0.0
315 22 5280 1 0 0 0 0 1 0 1 0 0 0 0 0 1 1 0 0 0 1 0 0 0 0.0
316 22 8446 1 0 0 0 1 0 0 1 0 0 1 0 0 0 0 1 1 0 1 0 0 0 0.0
317 22 9715 0 0 0 1 0 0 0 0 1 0 0 1 0 1 1 0 0 0 0 1 1 0 0.0
318 22 6121 0 0 0 1 1 0 0 0 1 0 0 0 0 0 0 0 1 1 0 0 1 0 0.0
319 22 9125 0 0 0 0 1 1 1 0 0 1 0 1 0 0 1 0 0 0 0 1 0 0 0.0
320 22 7463 0 1 0 0 0 0 0 0 1 0 0 1 0 0 0 0 1 1 0 1 0 0 0.0
321 22 9406 0 0 0 0 1 0 0 0 1 1 0 0 0 1 0 1 0 0 1 1 0 0 0.0
322 22 7150 0 0 0 1 1 0 1 0 0 0 0 0 0 0 0 0 1 0 1 0 1 0 0.0
323 22 8613 0 1 1 0 0 0 0 0 0 1 1 1 0 0 0 0 0 0 0 0 1 0 0.0
324 22 12288 1 0 0 1 1 0 0 0 1 0 0 1 1 0 1 0 1 0 0 1 0 1 0.0
325 22 7900 1 0 1 0 1 0 0 0 0 0 1 0 0 0 1 0 0 1 0 0 1 1 0.0
326 22 7834 1 0 0 0 1 0 1 0 0 1 0 1 0 0 1 0 0 0 0 0 0 0 0.0
327 22 7131 0 0 0 0 0 1 0 0 0 0 0 0 1 0 0 1 0 1 0 1 1 0 0.0
328 22 14210 0 1 0 0 1 0 0 1 0 1 1 0 0 0 0 0 1 1 0 0 1 1 0.0
329 22 7254 0 1 0 0 0 0 0 1 0 1 0 0 0 0 0 1 0 1 0 1 0 0 0.0
330 22 8038 1 1 0 0 0 0 0 0 0 0 1 0 0 0 1 0 1 0 0 0 0 0 0.0
331 22 8071 0 1 0 0 0 0 1 0 0 0 0 0 0 0 1 0 1 1 0 0 1 0 0.0
332 22 11593 0 1 0 0 0 0 1 0 0 0 1 0 0 0 1 1 0 1 1 0 0 1 0.0
333 22 8907 1 0 1 0 1 1 1 0 0 0 0 1 0 0 0 0 0 0 0 0 0 0 0.0
334 22 4623 1 0 0 0 0 0 0 0 0 0 1 1 0 0 0 0 0 0 0 0 0 1 0.0
335 22 9709 0 0 0 1 1 0 1 0 0 0 0 0 0 1 1 0 1 0 0 0 0 1 0.0
336 22 10073 1 0 0 1 0 0 0 1 1 0 0 0 1 0 0 0 1 0 1 0 0 0 0.0
337 22 4920 0 0 0 0 0 0 0 1 0 1 0 0 0 1 0 0 0 0 1 1 0 0 0.0
338 22 8952 0 1 0 0 0 1 1 0 0 0 0 0 1 0 1 1 0 0 1 0 0 0 0.0
339 22 11392 0 0 0 0 1 0 1 0 1 0 0 1 0 0 0 1 1 0 0 1 0 0 0.0
340 22 9687 0 0 0 1 0 0 0 1 1 1 0 0 0 1 1 0 0 1 0 0 0 0 0.0
341 22 6531 1 0 0 1 0 0 0 0 0 0 0 1 0 0 0 1 0 0 1 1 0 0 0.0
342 22 8627 1 0 0 0 0 1 0 0 1 0 0 0 1 0 0 0 0 0 1 0 1 1 0.0
343 22 8990 1 1 1 0 1 1 0 0 1 0 0 0 0 0 0 0 0 1 0 1 1 0 0.0
344 22 7689 0 1 1 0 1 0 0 0 0 0 1 0 1 1 0 0 1 0 0 0 0 0 0.0
345 22 6886 0 0 0 0 1 0 0 0 0 1 0 0 0 1 1 0 0 1 0 1 0 0 0.0
346 22 11312 1 0 1 0 0 0 1 0 1 0 0 1 0 1 0 0 0 0 1 1 0 0 0.0
347 22 9018 0 0 0 0 1 0 0 0 1 0 0 0 0 1 0 1 0 1 0 0 1 0 0.0
348 22 6669 0 0 1 0 0 1 0 0 0 0 0 1 0 0 0 1 0 0 1 0 1 0 0.0
349 22 7818 1 1 0 0 0 0 1 0 0 0 0 0 0 1 0 0 1 1 0 0 1 0 0.0
350 22 8245 1 0 0 0 1 0 0 1 0 0 0 0 1 1 0 1 0 0 0 1 0 0 0.0
351 22 6181 0 0 0 0 1 0 0 0 0 0 0 0 1 0 0 1 0 1 1 0 1 0 0.0
352 22 7975 0 0 0 1 0 0 1 0 0 1 1 0 0 0 1 1 1 0 0 0 0 0 0.0
353 22 9741 0 1 0 0 0 1 0 1 0 0 0 1 0 1 0 0 0 1 0 1 1 1 0.0
354 22 8887 0 0 1 0 1 0 0 1 0 0 0 1 1 0 0 0 1 0 1 0 1 0 0.0
355 22 6202 1 0 0 1 0 0 0 0 0 0 0 0 1 1 0 0 0 0 0 0 1 1 0.0
356 22 10947 0 0 0 0 0 0 0 0 1 1 1 0 1 0 1 0 1 0 0 0 1 0 0.0
357 22 7879 0 1 1 1 1 0 0 0 0 1 1 1 0 0 0 0 0 0 0 0 0 0 0.0
358 22 11551 0 0 1 0 1 0 1 0 1 1 0 0 0 1 0 0 0 1 0 1 0 1 0.0
359 22 9870 1 1 0 1 0 0 0 0 1 0 0 0 0 0 1 1 0 0 0 0 1 0 0.0
360 22 4698 1 1 0 0 0 0 1 0 0 0 0 0 0 0 0 1 0 0 0 0 0 1 0.0
361 22 6215 1 0 0 0 0 0 0 1 0 0 0 1 0 0 0 1 1 0 0 1 0 1 0.0
362 22 6751 1 0 0 0 0 1 1 0 0 0 0 1 0 0 1 1 0 0 0 0 1 0 0.0
363 22 10286 0 1 0 1 1 0 0 0 1 0 1 0 1 1 0 0 0 0 0 1 0 0 0.0
364 22 7152 0 0 0 0 1 1 1 0 0 0 1 0 1 1 0 0 0 1 0 0 0 0 0.0
365 22 6354 0 0 0 0 1 0 0 0 1 1 0 0 1 0 0 0 0 1 0 0 1 0 0.0
366 22 9482 0 1 0 0 0 0 0 0 1 0 1 1 0 1 1 0 1 0 1 0 0 0 0.0
367 22 12299 1 0 0 1 0 1 0 1 0 1 0 0 0 1 0 0 0 0 1 1 0 0 0.0
368 22 8119 0 1 1 0 1 0 0 1 0 0 0 0 1 0 0 0 0 1 0 0 0 0 0.0
369 22 9027 1 1 0 0 1 0 0 0 0 1 0 0 0 0 0 1 1 1 0 0 0 0 0.0
370 22 11142 0 0 0 1 0 1 0 0 0 0 1 1 0 0 1 1 1 0 1 1 1 0 0.0
371 22 6792 0 0 0 0 1 1 1 1 0 0 0 0 0 0 1 0 0 0 0 1 0 0 0.0
372 22 6043 0 0 0 0 0 0 1 0 0 1 0 0 0 0 1 0 1 0 0 0 0 1 0.0
373 22 11416 1 0 1 0 0 1 0 1 0 1 0 0 1 1 1 1 0 0 0 0 0 1 0.0
374 22 7931 0 0 1 0 1 0 1 1 0 0 0 0 0 0 0 1 1 0 0 0 0 0 0.0
375 22 8581 0 0 0 0 1 0 0 1 0 0 0 0 1 0 1 0 0 1 1 0 1 0 0.0
376 22 8897 0 0 0 0 1 1 1 0 0 0 0 0 1 0 1 0 1 0 1 0 1 0 0.0
377 22 9856 0 0 1 0 0 0 1 0 0 1 0 0 0 1 0 0 0 1 0 1 1 1 0.0
378 22 9371 1 1 0 0 0 0 0 0 1 1 0 0 0 0 1 0 1 0 0 1 0 1 0.0
379 22 8981 1 0 0 0 1 0 1 0 0 0 0 0 0 0 0 1 0 1 0 0 1 0 0.0
380 22 7836 0 0 0 1 0 1 1 1 1 1 1 0 0 0 0 0 0 0 0 0 0 0 0.0
381 22 8221 0 0 0 0 0 0 1 0 0 1 0 0 0 0 1 1 1 0 0 0 1 1 0.0
382 22 9776 0 1 0 0 0 0 1 0 0 0 0 0 0 0 1 1 1 1 0 0 1 0 0.0
383 22 11599 0 0 0 1 0 0 1 0 1 1 0 0 1 0 1 0 0 0 0 1 0 0 0.0
384 22 7873 0 0 0 1 1 1 1 0 0 0 0 0 0 0 0 0 0 1 0 0 1 0 0.0
385 22 9800 0 0 1 0 0 0 0 0 0 1 0 1 0 1 0 1 0 1 0 0 0 1 0.0
386 22 7027 1 1 0 0 1 1 0 0 0 0 1 1 0 1 0 0 0 1 0 0 0 0 0.0
387 22 7078 0 0 1 0 0 0 0 1 1 0 1 0 0 0 0 0 1 0 1 0 0 0 0.0
388 22 8216 1 0 0 1 1 0 1 0 0 1 1 0 0 0 0 0 1 0 0 0 0 0 0.0
389 22 8242 0 1 0 0 0 0 0 0 0 0 0 0 1 0 1 0 1 0 1 1 1 0 0.0
390 22 9053 0 0 0 1 0 1 0 0 0 0 1 0 0 1 1 0 1 1 0 0 0 0 0.0
391 22 7036 0 1 0 0 0 0 1 1 0 0 0 0 0 1 1 0 0 0 0 1 0 0 0.0
392 22 8297 0 0 1 1 0 0 1 0 1 0 0 0 0 0 0 0 0 1 0 0 0 0 0.0
393 22 7303 1 0 1 0 0 0 0 0 0 0 0 1 0 1 1 1 0 0 0 0 0 0 0.0
394 22 5141 0 0 0 0 0 0 1 0 0 0 1 1 0 0 1 0 1 0 0 0 0 0 0.0
395 22 10457 0 0 1 0 0 0 1 0 1 0 0 0 0 1 1 1 0 1 0 0 0 1 0.0
396 22 11135 0 1 1 0 0 0 1 0 1 0 1 1 0 1 0 0 1 0 0 0 0 1 0.0
397 22 6601 0 1 1 0 0 0 1 0 0 0 0 1 0 0 0 0 0 0 0 1 1 1 0.0
398 22 6069 1 1 0 0 1 0 0 0 0 0 0 0 0 0 0 1 0 0 0 1 0 0 0.0
399 22 7515 0 1 0 1 0 1 1 0 0 0 1 0 0 0 1 0 0 1 0 0 0 0 0.0
400 22 9509 1 0 0 1 0 0 1 0 0 1 0 1 0 1 0 0 0 0 1 0 0 1 0.0
401 22 8317 0 0 0 1 1 0 0 1 1 0 0 1 0 1 0 0 0 0 0 0 1 0 0.0
402 22 11699 0 0 0 1 0 1 1 1 0 0 0 0 1 1 0 0 1 1 0 0 0 0 0.0
403 22 6352 0 1 0 0 0 0 0 0 0 0 0 1 0 0 0 0 1 1 0 1 0 0 0.0
404 22 5199 0 1 0 0 1 0 0 0 1 0 0 1 0 0 0 0 0 1 0 0 0 0 0.0
405 22 7680 0 0 0 1 1 1 0 0 0 1 0 0 0 1 0 1 0 0 0 0 0 0 0.0
406 22 9047 0 0 1 0 0 0 0 0 1 0 0 0 1 1 0 0 1 1 0 0 0 0 0.0
407 22 7949 1 0 0 1 0 0 1 0 0 0 0 0 0 1 1 0 0 0 0 1 0 0 0.0
408 22 11859 0 0 0 1 0 0 1 0 0 1 0 1 0 0 0 1 0 0 1 1 0 1 0.0
409 22 7420 0 0 0 1 1 0 0 0 0 0 0 1 1 0 0 0 0 0 1 0 0 0 0.0
410 22 8684 0 0 0 0 0 1 0 0 0 1 0 1 1 1 0 0 0 1 0 0 1 0 0.0
411 22 7292 0 1 0 1 0 0 1 0 0 0 1 0 0 0 0 0 1 0 1 0 1 0 0.0
412 22 4535 0 0 1 1 0 0 0 0 0 0 1 0 0 0 1 0 1 0 0 0 0 0 0.0
413 22 5955 0 0 0 0 0 0 1 1 0 0 0 0 0 1 0 0 0 1 0 1 0 0 0.0
414 22 9783 0 0 0 1 1 1 0 0 0 1 1 0 0 0 0 0 0 1 1 1 0 0 0.0
415 22 6075 0 1 1 0 1 0 0 1 0 0 0 0 0 0 0 0 0 0 1 0 1 1 0.0
416 22 7957 0 0 0 0 0 0 1 0 0 1 0 0 1 0 0 0 0 1 0 1 0 1 0.0
417 22 9509 0 0 0 1 0 0 0 1 0 1 1 0 0 0 1 0 0 0 0 0 0 1 0.0
418 22 6210 1 0 0 1 0 0 0 0 1 0 0 1 0 0 0 1 1 0 0 0 0 0 0.0
419 22 9409 1 0 1 0 0 1 0 0 0 1 0 0 0 1 0 0 1 0 0 1 0 0 0.0
420 22 6468 0 0 1 0 1 0 0 0 0 0 0 0 1 0 0 1 0 0 0 0 1 1 0.0
421 22 8218 0 1 0 0 0 0 0 0 1 0 0 0 0 1 0 1 0 1 0 1 0 0 0.0
422 22 12496 0 0 0 1 0 1 1 0 0 0 1 1 1 1 1 0 1 0 0 0 0 1 0.0
423 22 7538 0 1 0 0 1 1 1 0 1 0 1 0 0 0 0 0 0 0 0 1 0 0 0.0
424 22 7163 0 1 0 1 0 0 0 0 1 0 0 0 1 0 0 0 0 1 1 1 0 0 0.0
425 22 10559 0 0 1 0 0 1 0 1 1 0 1 0 1 1 0 1 1 0 0 0 0 0 0.0
426 22 10088 0 1 1 0 0 0 1 1 1 0 0 0 1 1 0 1 0 0 0 0 0 0 0.0
427 22 7395 1 1 0 0 0 0 0 1 0 0 1 0 0 0 0 0 1 0 0 1 0 1 0.0
428 22 9801 0 1 1 1 0 1 0 0 0 0 0 0 0 1 0 1 0 0 0 0 1 0 0.0
429 22 11131 0 0 0 0 1 0 0 1 0 1 0 0 0 1 1 0 0 0 0 0 1 1 0.0
430 22 8236 0 0 1 0 0 0 0 1 1 1 0 1 0 0 1 1 0 0 1 0 1 0 0.0
431 22 6418 1 0 0 1 0 0 1 0 0 0 0 0 0 0 0 0 0 0 0 1 0 1 0.0
432 22 8733 0 0 0 0 1 0 0 1 0 1 0 1 0 0 0 1 0 0 0 0 0 0 0.0
433 22 7655 0 0 1 1 0 1 0 1 0 0 0 1 0 0 0 0 0 1 0 0 0 0 0.0
434 22 9438 0 0 0 0 0 0 1 0 1 0 1 0 0 0 0 0 0 0 1 1 1 1 0.0
435 22 9073 0 1 0 0 0 0 0 0 0 0 1 0 0 0 1 0 0 1 1 0 0 1 0.0
436 22 10898 0 1 1 0 0 0 0 0 1 1 0 0 0 0 0 1 1 0 1 0 0 1 0.0
437 22 9755 1 0 1 1 1 0 0 0 1 0 0 0 1 0 0 0 0 1 1 0 0 0 0.0
438 22 8066 0 0 1 0 1 1 1 0 0 1 0 0 1 0 1 0 0 0 0 0 0 1 0.0
439 22 7665 1 0 1 0 0 0 1 1 0 0 0 1 0 0 1 0 1 0 0 0 0 0 0.0
440 22 8538 0 1 0 0 0 0 0 0 0 0 0 0 0 1 0 1 0 0 1 1 0 0 0.0
441 22 8084 0 1 0 1 0 0 0 0 0 1 0 0 1 0 1 1 1 0 0 0 0 0 0.0
442 22 8009 0 0 1 0 0 0 1 1 1 0 1 0 0 0 0 0 0 0 0 1 0 1 0.0
443 22 7597 0 0 0 1 1 0 1 0 1 1 0 0 0 0 0 0 0 1 0 1 0 0 0.0
444 22 8404 0 1 0 0 0 1 1 0 0 1 0 1 0 0 0 0 0 0 0 1 0 0 0.0
445 22 7169 1 0 0 0 0 0 1 1 1 0 1 0 1 0 0 0 0 0 0 0 0 0 0.0
446 22 9014 1 0 0 0 0 1 0 1 0 0 0 0 0 1 1 1 0 1 1 0 0 0 0.0
447 22 10028 0 0 1 0 0 0 0 0 0 1 1 0 0 0 0 1 1 0 1 1 0 0 0.0
448 22 7643 0 0 1 0 1 1 1 0 1 0 0 0 0 0 0 0 0 0 0 0 0 1 0.0
449 22 8371 1 0 0 1 0 0 0 0 0 0 0 1 0 0 0 0 1 0 1 1 0 0 0.0
450 22 8001 0 0 1 0 0 0 0 1 0 0 0 0 1 0 0 0 1 0 1 0 0 0 0.0
451 22 11383 0 1 0 0 1 0 0 1 1 0 0 0 0 0 0 0 1 0 0 0 1 1 0.0
452 22 10937 0 1 0 0 0 0 1 0 0 0 0 0 0 0 1 1 0 0 1 1 1 0 0.0
453 22 13237 0 0 0 0 1 0 1 1 0 0 1 0 1 0 1 0 1 1 0 0 0 1 0.0
454 22 7428 0 1 0 0 0 0 0 0 0 0 0 1 0 0 0 1 0 0 1 1 1 1 0.0
455 22 8371 0 0 1 0 0 1 0 0 0 1 0 0 0 0 1 0 0 0 1 1 0 1 0.0
456 22 7447 0 0 0 0 0 0 1 0 1 0 1 0 0 0 0 0 0 0 1 0 1 1 0.0
457 22 9233 0 0 1 0 1 0 0 1 0 0 0 0 1 0 0 0 0 0 0 0 1 1 0.0
458 22 8002 0 0 0 0 1 0 1 0 0 1 1 0 0 1 0 1 0 0 1 0 0 0 0.0
459 22 8480 0 0 1 1 0 0 1 1 0 1 0 1 0 0 1 0 0 0 0 0 0 0 0.0
460 22 10580 1 0 1 1 1 0 0 0 0 0 1 0 1 1 0 0 0 1 0 0 0 1 0.0
461 22 8903 0 0 0 1 0 0 0 0 1 0 1 0 0 1 1 0 0 0 1 0 1 0 0.0
462 22 10725 1 0 1 0 0 0 0 0 0 0 0 0 0 1 1 1 1 1 1 1 0 0 0.0
463 22 9845 1 0 1 0 1 1 0 1 0 1 0 1 0 1 0 1 0 0 0 0 0 1 0.0
464 22 9711 0 1 0 1 0 1 0 0 0 0 0 0 1 1 0 0 0 0 0 1 1 0 0.0
465 22 8733 1 0 0 0 1 0 1 1 0 0 0 0 1 0 1 0 0 1 0 0 0 0 0.0
466 22 6068 0 1 0 1 0 1 0 0 0 1 0 0 1 0 0 0 0 0 1 0 0 0 0.0
467 22 8255 0 0 1 0 0 1 0 0 0 0 0 0 0 1 0 0 0 0 0 1 0 1 0.0
468 22 7867 0 0 0 0 0 1 0 1 1 0 0 0 0 0 1 0 1 0 1 1 1 0 0.0
469 22 7641 0 0 0 1 1 1 0 0 0 0 1 0 0 0 1 0 0 0 0 0 0 0 0.0
470 22 7397 1 0 0 0 0 0 0 0 0 1 1 0 0 0 0 0 1 0 1 0 0 0 0.0
471 22 9511 0 0 0 0 0 0 0 0 0 0 0 1 0 0 0 0 1 1 1 0 0 1 0.0
472 22 8925 0 0 0 1 0 1 0 1 1 0 0 0 1 0 1 0 0 1 0 0 0 0 0.0
473 22 9007 1 0 0 0 0 1 0 0 0 1 1 1 1 0 1 0 0 0 1 0 0 0 0.0
474 22 10339 1 1 1 0 1 0 0 0 0 1 1 0 0 0 0 0 0 1 1 0 0 0 0.0
475 22 9645 1 0 1 1 1 0 1 0 0 1 0 0 0 0 1 1 1 0 0 0 0 0 0.0
476 22 6634 1 0 1 0 0 0 1 0 0 1 0 1 0 0 0 0 1 0 0 0 0 1 0.0
477 22 9449 0 0 0 0 0 0 1 0 1 0 0 1 0 1 0 0 0 1 0 1 1 0 0.0
478 22 9194 1 0 1 0 0 1 1 0 0 1 0 0 0 0 0 1 0 0 1 0 0 0 0.0
479 22 7230 0 0 1 0 1 0 0 0 0 1 0 0 1 0 0 0 0 0 0 0 0 0 0.0
480 22 7062 1 0 1 0 1 1 0 0 0 0 1 1 0 0 0 0 0 0 1 0 0 0 0.0
481 22 6919 0 0 0 0 0 0 1 0 1 1 0 0 0 0 0 1 1 0 0 1 0 0 0.0
482 22 9621 1 0 0 0 1 0 1 0 0 0 0 1 1 0 1 0 0 0 0 0 0 1 0.0
483 22 6160 0 1 1 0 0 0 1 0 0 1 1 0 1 0 0 0 1 0 0 0 0 0 0.0
484 22 6908 1 0 0 1 0 0 0 0 1 0 1 0 1 1 0 0 1 0 0 0 0 1 0.0
485 22 8607 0 1 0 1 1 0 0 1 0 1 0 0 0 0 0 0 0 0 1 1 0 0 0.0
486 22 9573 1 0 0 1 1 0 0 0 1 0 0 0 1 0 1 0 1 0 0 0 0 0 0.0
487 22 8373 0 0 1 0 1 0 1 0 1 0 0 0 0 1 0 1 1 0 0 0 1 0 0.0
488 22 6916 0 1 0 1 0 0 0 0 0 1 0 0 0 1 0 1 0 1 1 0 0 0 0.0
489 22 8426 1 1 0 0 0 0 1 0 0 0 0 0 0 0 0 1 0 0 1 0 0 1 0.0
490 22 8646 0 0 1 1 1 0 0 0 0 1 0 0 0 0 1 0 0 1 0 1 0 0 0.0
491 22 7829 0 0 1 1 1 0 0 0 0 0 0 0 0 0 0 1 0 0 0 1 1 0 0.0
492 22 5020 0 0 1 0 0 0 0 1 0 0 0 0 0 1 0 0 0 1 0 0 0 1 0.0
493 22 10692 1 0 1 1 0 1 0 0 0 1 0 0 0 0 1 0 0 0 1 0 0 0 0.0
494 22 3949 0 0 1 0 0 0 0 0 0 0 1 1 1 1 0 0 0 1 0 0 0 0 0.0
495 22 11000 0 1 0 0 1 0 1 1 0 0 1 1 0 0 0 0 0 0 0 1 0 0 0.0
496 22 8429 0 0 0 0 0 0 0 0 1 1 0 0 0 0 1 1 1 0 1 0 1 1 0.0
497 22 11457 1 0 0 1 1 0 1 0 0 1 0 0 1 0 0 1 0 0 1 0 0 0 0.0
498 22 7753 1 0 0 1 0 0 1 0 1 0 0 1 0 0 1 0 0 0 1 0 0 1 0.0
499 22 10883 0 1 1 0 0 1 0 1 0 0 0 1 0 0 0 1 1 0 0 0 1 0 0.0
500 22 9059 0 0 0 0 0 0 1 0 0 0 1 0 1 0 1 1 0 0 0 1 1 1 0.0
