4 1 0.005
4 1 0.012
4 1 0.008
4 1 0.026
4 1 0.010
4 1 0.012
4 1 0.024
4 1 0.020
4 1 0.018
4 1 0.007
4 1 0.032
4 1 0.014
4 1 0.027
4 1 0.015
4 1 0.028
4 1 0.015
4 1 0.017
4 1 0.017
4 1 0.020
4 1 0.006
4 1 0.020
4 1 0.015
4 1 0.025
4 1 0.021
4 1 0.011
4 1 0.024
4 1 0.026
4 1 0.373
4 1 0.019
4 1 0.005
4 1 0.016
4 1 0.014
4 1 0.014
4 1 0.023
4 1 0.013
4 1 0.023
4 1 0.016
4 1 0.020
4 1 0.025
4 1 0.016
4 1 0.021
4 1 0.009
4 1 0.022
4 1 0.017
4 1 0.006
4 1 0.013
4 1 0.009
4 1 0.013
4 1 0.017
4 1 0.008
4 1 0.023
4 1 0.010
4 1 0.024
4 1 0.036
4 1 0.014
4 1 0.018
4 1 0.023
4 1 0.009
4 1 0.017
4 1 0.015
4 1 0.026
4 1 0.021
4 1 0.019
4 1 0.022
4 1 0.033
4 1 0.020
4 1 0.021
4 1 0.030
4 1 0.012
4 1 0.026
4 1 0.024
4 1 0.007
4 1 0.018
4 1 0.019
4 1 0.009
4 1 0.012
4 1 0.011
4 1 0.018
4 1 0.014
4 1 0.017
4 1 0.012
4 1 0.005
4 1 0.018
4 1 0.008
4 1 0.012
4 1 0.056
4 1 0.017
4 1 0.008
4 1 0.013
4 1 0.012
4 1 0.014
4 1 0.013
4 1 0.025
4 1 0.009
4 1 0.019
4 1 0.022
4 1 0.017
4 1 0.005
4 1 0.013
4 1 0.014
4 1 0.019
4 1 0.014
4 1 0.015
4 1 0.011
4 1 0.004
4 1 0.016
4 1 0.014
4 1 0.022
4 1 0.008
4 1 0.007
4 1 0.020
4 1 0.011
4 1 0.178
4 1 0.021
4 1 0.009
4 1 0.018
4 1 0.015
4 1 0.007
4 1 0.032
4 1 0.024
4 1 0.023
4 1 0.017
4 1 0.010
4 1 0.026
4 1 0.008
4 1 0.053
4 1 0.018
4 1 0.016
4 1 0.019
4 1 0.012
4 1 0.009
4 1 0.017
4 1 0.010
4 1 0.027
4 1 0.006
4 1 0.016
4 1 0.014
4 1 0.024
4 1 0.009
4 1 0.019
4 1 0.012
4 1 0.013
4 1 0.016
4 1 0.006
4 1 0.019
4 1 0.009
4 1 0.016
4 1 0.018
4 1 0.007
4 1 0.007
4 1 0.019
4 1 0.008
4 1 0.017
4 1 0.017
4 1 0.010
4 1 0.011
4 1 0.018
4 1 0.028
4 1 0.015
4 1 0.017
4 1 0.018
4 1 0.015
4 1 0.005
4 1 0.022
4 1 0.017
4 1 0.034
4 1 0.013
4 1 0.020
4 1 0.023
4 1 0.350
4 1 0.024
4 1 0.013
4 1 0.018
4 1 0.016
4 1 0.010
4 1 0.012
4 1 0.021
4 1 0.022
4 1 0.010
4 1 0.015
4 1 0.015
4 1 0.012
4 1 0.012
4 1 0.036
4 1 0.002
4 1 0.015
4 1 0.016
4 1 0.546
4 1 0.032
4 1 0.014
4 1 0.017
4 1 0.006
4 1 0.018
4 1 0.011
4 1 0.011
4 1 0.016
4 1 0.020
4 1 0.018
4 1 0.020
4 1 0.020
4 1 0.017
4 1 0.009
4 1 0.011
4 1 0.018
4 1 0.015
4 1 0.027
4 1 0.008
4 1 0.018
4 1 0.008
4 1 0.031
4 1 0.018
4 1 0.023
4 1 0.014
4 1 0.014
4 1 0.012
4 1 0.013
4 1 0.014
4 1 0.015
4 1 0.006
4 1 0.022
4 1 0.022
4 1 0.016
4 1 0.019
4 1 0.023
4 1 0.014
4 1 0.022
4 1 0.019
4 1 0.008
4 1 0.020
4 1 0.014
4 1 0.011
4 1 0.019
4 1 0.006
4 1 0.018
4 1 0.025
4 1 0.005
4 1 0.013
4 1 0.005
4 1 0.020
4 1 0.030
4 1 0.018
4 1 0.015
4 1 0.006
4 1 0.010
4 1 0.015
4 1 0.012
4 1 0.010
4 1 0.009
4 1 0.028
4 1 0.016
4 1 0.019
4 1 0.018
4 1 0.011
4 1 0.019
4 1 0.015
4 1 0.005
4 1 0.017
4 1 0.030
4 1 0.011
4 1 0.023
4 1 0.019
4 1 0.021
4 1 0.008
4 1 0.023
4 1 0.015
4 1 0.013
4 1 0.019
4 1 0.018
4 1 0.023
4 1 0.012
4 1 0.014
4 1 0.022
4 1 0.043
4 1 0.023
4 1 0.017
4 1 0.019
4 1 0.023
4 1 0.010
4 1 0.015
4 1 0.029
4 1 0.028
4 1 0.012
4 1 0.017
4 1 0.024
4 1 0.015
4 1 0.018
4 1 0.049
4 1 0.011
4 1 0.024
4 1 0.017
4 1 0.005
4 1 0.026
4 1 0.024
4 1 0.009
4 1 0.054
4 1 0.004
4 1 0.013
4 1 0.020
4 1 0.013
4 1 0.004
4 1 0.007
4 1 0.009
4 1 0.009
4 1 0.018
4 1 0.011
4 1 0.012
4 1 0.013
4 1 0.017
4 1 0.011
4 1 0.012
4 1 0.020
4 1 0.020
4 1 0.011
4 1 0.011
4 1 0.010
4 1 0.012
4 1 0.020
4 1 0.011
4 1 0.007
4 1 0.007
4 1 0.018
4 1 0.016
4 1 0.011
4 1 0.029
4 1 0.016
4 1 0.002
4 1 0.017
4 1 0.018
4 1 0.019
4 1 0.010
4 1 0.033
4 1 0.015
4 1 0.012
4 1 0.020
4 1 0.011
4 1 0.013
4 1 0.005
4 1 0.010
4 1 0.025
4 1 0.019
4 1 0.019
4 1 0.007
4 1 0.008
4 1 0.029
4 1 0.016
4 1 0.011
4 1 0.015
4 1 0.020
4 1 0.010
4 1 0.013
4 1 0.176
4 1 0.015
4 1 0.024
4 1 0.009
4 1 0.154
4 1 0.070
4 1 0.004
4 1 0.013
4 1 0.103
4 1 0.020
4 1 0.017
4 1 0.009
4 1 0.012
4 1 0.022
4 1 0.018
4 1 0.012
4 1 0.011
4 1 0.009
4 1 0.016
4 1 0.016
4 1 0.029
4 1 0.036
4 1 0.013
4 1 0.008
4 1 0.019
4 1 0.013
4 1 0.017
4 1 0.009
4 1 0.005
4 1 0.013
4 1 0.015
4 1 0.007
4 1 0.011
4 1 0.016
4 1 0.009
4 1 0.012
4 1 0.011
4 1 0.014
4 1 0.010
4 1 0.025
4 1 0.016
4 1 0.006
4 1 0.016
4 1 0.013
4 1 0.011
4 1 0.023
4 1 0.011
4 1 0.020
4 1 0.011
4 1 0.109
4 1 0.013
4 1 0.012
4 1 0.010
4 1 0.011
4 1 0.016
4 1 0.005
4 1 0.016
4 1 0.009
4 1 0.019
4 1 0.007
4 1 0.007
4 1 0.021
4 1 0.014
4 1 0.003
4 1 0.019
4 1 0.003
4 1 0.011
4 1 0.025
4 1 0.006
4 1 0.026
4 1 0.020
4 1 0.023
4 1 0.017
4 1 0.014
4 1 0.005
4 1 0.010
4 1 0.015
4 1 0.019
4 1 0.013
4 1 0.011
4 1 0.014
4 1 0.010
4 1 0.007
4 1 0.021
4 1 0.022
4 1 0.010
4 1 0.010
4 1 0.006
4 1 0.021
4 1 0.018
4 1 0.018
4 1 0.011
4 1 0.012
4 1 0.010
4 1 0.009
4 1 0.019
4 1 0.006
4 1 0.017
4 1 0.012
4 1 0.017
4 1 0.024
4 1 0.012
4 1 0.019
4 1 0.023
4 1 0.004
4 1 0.012
4 1 0.012
4 1 0.013
4 1 0.014
4 1 0.017
4 1 0.028
4 1 0.024
4 1 0.026
4 1 0.019
4 1 0.019
4 1 0.018
4 1 0.014
4 1 0.020
4 1 0.020
4 1 0.019
4 1 0.014
4 1 0.012
4 1 0.005
4 1 0.006
4 1 0.018
4 1 0.017
4 1 0.011
4 1 0.015
4 1 0.009
4 1 0.008
4 1 0.026
4 1 0.015
4 1 0.015
4 1 0.021
4 1 0.018
4 1 0.011
4 1 0.019
4 1 0.022
4 1 0.009
4 1 0.004
4 1 0.006
4 1 0.010
4 1 0.023
4 1 0.016
4 1 0.012
4 1 0.009
4 1 0.015
4 1 0.027
4 1 0.005
4 1 0.028
4 1 0.011
4 1 0.020
4 1 0.021
4 1 0.025
4 1 0.015
4 1 0.018
4 1 0.014
4 1 0.019
4 1 0.025
4 1 0.057
4 1 0.009
4 1 0.015
4 1 0.022
4 1 0.011
4 1 0.022
4 1 0.026
4 1 0.006
4 1 0.007
4 1 0.028
4 1 0.013
4 1 0.022
4 1 0.026
4 1 0.014
4 1 0.016
4 1 0.014
4 1 0.016
4 1 0.008
4 1 0.027
4 1 0.015
4 1 0.015
4 1 0.010
4 1 0.016
4 1 0.015
4 1 0.011
4 1 0.017
4 1 0.021
4 1 0.070
4 1 0.062
4 1 0.026
4 1 0.017
4 1 0.008
4 1 0.012
4 1 0.006
4 1 0.012
4 1 0.011
4 1 0.019
4 1 0.022
4 1 0.012
4 1 0.014
4 1 0.026
4 1 0.013
4 1 0.086
4 1 0.027
4 1 0.009
4 1 0.015
4 1 0.024
4 1 0.013
4 1 0.008
4 1 0.017
4 1 0.018
4 1 0.004
4 1 0.018
4 1 0.012
4 1 0.013
4 1 0.016
4 1 0.012
4 1 0.021
4 1 0.018
4 1 0.017
4 1 0.012
4 1 0.020
4 1 0.009
4 1 0.030
4 1 0.021
4 1 0.015
4 1 0.010
4 1 0.011
4 1 0.012
4 1 0.015
4 1 0.009
4 1 0.011
4 1 0.016
4 1 0.005
4 1 0.010
4 1 0.011
4 1 0.022
4 1 0.016
4 1 0.013
4 1 0.019
4 1 0.006
4 1 0.014
4 1 0.011
4 1 0.016
4 1 0.016
4 1 0.022
4 1 0.020
4 1 0.024
4 1 0.012
4 1 0.009
4 1 0.015
4 1 0.006
4 1 0.016
4 1 0.022
4 1 0.006
4 1 0.008
4 1 0.012
4 1 0.023
4 1 0.025
4 1 0.012
4 1 0.011
4 1 0.020
4 1 0.016
4 1 0.014
4 1 0.017
4 1 0.023
4 1 0.014
4 1 0.014
4 1 0.020
4 1 0.018
4 1 0.026
4 1 0.016
4 1 0.024
4 1 0.013
4 1 0.015
4 1 0.008
4 1 0.015
4 1 0.020
4 1 0.013
4 1 0.016
4 1 0.015
4 1 0.015
4 1 0.015
4 1 0.016
4 1 0.007
4 1 0.006
4 1 0.009
4 1 0.038
4 1 0.010
4 1 0.027
4 1 0.018
4 1 0.024
4 1 0.037
4 1 0.015
4 1 0.021
4 1 0.017
4 1 0.005
4 1 0.006
4 1 0.039
4 1 0.595
4 1 0.026
4 1 0.018
4 1 0.026
4 1 0.019
4 1 0.016
4 1 0.008
4 1 0.010
4 1 0.011
4 1 0.013
4 1 0.019
4 1 0.017
4 1 0.018
4 1 0.015
4 1 0.011
4 1 0.021
4 1 0.017
4 1 0.019
4 1 0.021
4 1 0.010
4 1 0.029
4 1 0.007
4 1 0.015
4 1 0.016
4 1 0.003
4 1 0.010
4 1 0.017
4 1 0.023
4 1 0.021
4 1 0.004
4 1 0.003
4 1 0.010
4 1 0.019
4 1 0.006
4 1 0.011
4 1 0.013
4 1 0.012
4 1 0.014
4 1 0.012
4 1 0.008
4 1 0.015
4 1 0.015
4 1 0.019
4 1 0.020
4 1 0.002
4 1 0.013
4 1 0.027
4 1 0.019
4 1 0.013
4 1 0.010
4 1 0.012
4 1 0.032
4 1 0.013
4 1 0.016
4 1 0.010
4 1 0.016
4 1 0.009
4 1 0.012
4 1 0.018
4 1 0.025
4 1 0.004
4 1 0.004
4 1 0.014
4 1 0.013
4 1 0.047
4 1 0.015
4 1 0.004
4 1 0.014
4 1 0.011
4 1 0.011
4 1 0.020
4 1 0.062
4 1 0.014
4 1 0.004
4 1 0.018
4 1 0.027
4 1 0.012
4 1 0.018
4 1 0.013
4 1 0.010
4 1 0.022
4 1 0.008
4 1 0.029
4 1 0.017
4 1 0.017
4 1 0.011
4 1 0.024
4 1 0.015
4 1 0.022
4 1 0.021
4 1 0.015
4 1 0.010
4 1 0.014
4 1 0.019
4 1 0.009
4 1 0.008
4 1 0.012
4 1 0.027
4 1 0.007
4 1 0.018
4 1 0.021
4 1 0.011
4 1 0.019
4 1 0.022
4 1 0.020
4 1 0.009
4 1 0.012
4 1 0.028
4 1 0.025
4 1 0.014
4 1 0.028
4 1 0.020
4 1 0.022
4 1 0.023
4 1 0.023
4 1 0.019
4 1 0.007
4 1 0.015
4 1 0.015
4 1 0.011
4 1 0.015
4 1 0.019
4 1 0.005
4 1 0.010
4 1 0.014
4 1 0.014
4 1 0.024
4 1 0.010
4 1 0.016
4 1 0.014
4 1 0.011
4 1 0.017
4 1 0.014
4 1 0.013
4 1 0.011
4 1 0.008
4 1 0.016
4 1 0.008
4 1 0.014
4 1 0.019
4 1 0.009
4 1 0.016
4 1 0.014
4 1 0.021
4 1 0.013
4 1 0.009
4 1 0.011
4 1 0.027
4 1 0.013
4 1 0.018
4 1 0.009
4 1 0.012
4 1 0.011
4 1 0.012
4 1 0.006
4 1 0.386
4 1 0.013
4 1 0.019
4 1 0.011
4 1 0.008
4 1 0.011
4 1 0.012
4 1 0.023
4 1 0.014
4 1 0.012
4 1 0.056
4 1 0.027
4 1 0.007
4 1 0.021
4 1 0.015
4 1 0.010
4 1 0.012
4 1 0.013
4 1 0.013
4 1 0.013
4 1 0.018
4 1 0.016
4 1 0.014
4 1 0.012
4 1 0.015
4 1 0.023
4 1 0.015
4 1 0.019
4 1 0.016
4 1 0.030
4 1 0.008
4 1 0.012
4 1 0.016
4 1 0.016
4 1 0.010
4 1 0.015
4 1 0.043
4 1 0.017
4 1 0.023
4 1 0.009
4 1 0.017
4 1 0.022
4 1 0.009
4 1 0.014
4 1 0.015
4 1 0.015
4 1 0.014
4 1 0.019
4 1 0.014
4 1 0.017
4 1 0.014
4 1 0.021
4 1 0.007
4 1 0.009
4 1 0.022
4 1 0.020
4 1 0.013
4 1 0.022
4 1 0.008
4 1 0.012
4 1 0.018
4 1 0.013
4 1 0.022
4 1 0.024
4 1 0.050
4 1 0.006
4 1 0.009
4 1 0.009
4 1 0.016
4 1 0.032
4 1 0.016
4 1 0.007
4 1 0.010
4 1 0.020
4 1 0.021
4 1 0.006
4 1 0.030
4 1 0.021
4 1 0.009
4 1 0.019
4 1 0.012
4 1 0.031
4 1 0.027
4 1 0.020
4 1 0.016
4 1 0.012
4 1 0.004
4 1 0.008
4 1 0.017
4 1 0.016
4 1 0.012
4 1 0.015
4 1 0.017
4 1 0.011
4 1 0.018
4 1 0.016
4 1 0.006
4 1 0.016
4 1 0.012
4 1 0.012
4 1 0.076
4 1 0.014
4 1 0.020
4 1 0.014
4 1 0.005
4 1 0.009
4 1 0.013
4 1 0.020
4 1 0.007
4 1 0.010
4 1 0.018
4 1 0.012
4 1 0.023
4 1 0.018
4 1 0.017
4 1 0.016
4 1 0.017
4 1 0.018
4 1 0.014
4 1 0.013
4 1 0.021
4 1 0.013
4 1 0.010
4 1 0.005
4 1 0.010
4 1 0.009
4 1 0.003
4 1 0.063
4 1 0.012
4 1 0.013
4 1 0.016
4 1 0.009
4 1 0.021
4 1 0.012
4 1 0.510
4 1 0.019
4 1 0.011
4 1 0.009
4 1 0.013
4 1 0.017
4 1 0.017
4 1 0.111
4 1 0.007
4 1 0.026
4 1 0.024
4 1 0.010
4 1 0.019
4 1 0.011
4 1 0.009
4 1 0.016
4 1 0.014
4 2 0.005
4 2 0.013
4 2 0.008
4 2 0.026
4 2 0.010
4 2 0.012
4 2 0.024
4 2 0.020
4 2 0.018
4 2 0.007
4 2 0.030
4 2 0.015
4 2 0.029
4 2 0.016
4 2 0.029
4 2 0.015
4 2 0.017
4 2 0.017
4 2 0.020
4 2 0.006
4 2 0.020
4 2 0.014
4 2 0.025
4 2 0.023
4 2 0.011
4 2 0.024
4 2 0.027
4 2 0.379
4 2 0.019
4 2 0.005
4 2 0.016
4 2 0.015
4 2 0.012
4 2 0.023
4 2 0.015
4 2 0.025
4 2 0.016
4 2 0.020
4 2 0.024
4 2 0.017
4 2 0.021
4 2 0.009
4 2 0.022
4 2 0.015
4 2 0.006
4 2 0.014
4 2 0.009
4 2 0.013
4 2 0.017
4 2 0.009
4 2 0.023
4 2 0.010
4 2 0.025
4 2 0.038
4 2 0.014
4 2 0.016
4 2 0.021
4 2 0.010
4 2 0.017
4 2 0.015
4 2 0.026
4 2 0.022
4 2 0.019
4 2 0.023
4 2 0.032
4 2 0.020
4 2 0.019
4 2 0.032
4 2 0.012
4 2 0.025
4 2 0.024
4 2 0.008
4 2 0.017
4 2 0.019
4 2 0.009
4 2 0.012
4 2 0.011
4 2 0.018
4 2 0.012
4 2 0.017
4 2 0.013
4 2 0.005
4 2 0.018
4 2 0.008
4 2 0.012
4 2 0.056
4 2 0.017
4 2 0.008
4 2 0.013
4 2 0.012
4 2 0.012
4 2 0.012
4 2 0.026
4 2 0.009
4 2 0.019
4 2 0.022
4 2 0.017
4 2 0.005
4 2 0.013
4 2 0.014
4 2 0.019
4 2 0.014
4 2 0.014
4 2 0.011
4 2 0.004
4 2 0.017
4 2 0.014
4 2 0.022
4 2 0.008
4 2 0.007
4 2 0.019
4 2 0.011
4 2 0.176
4 2 0.022
4 2 0.009
4 2 0.018
4 2 0.015
4 2 0.007
4 2 0.032
4 2 0.023
4 2 0.023
4 2 0.017
4 2 0.008
4 2 0.028
4 2 0.008
4 2 0.054
4 2 0.018
4 2 0.016
4 2 0.018
4 2 0.011
4 2 0.009
4 2 0.017
4 2 0.010
4 2 0.024
4 2 0.006
4 2 0.017
4 2 0.014
4 2 0.023
4 2 0.009
4 2 0.019
4 2 0.012
4 2 0.013
4 2 0.016
4 2 0.006
4 2 0.018
4 2 0.008
4 2 0.014
4 2 0.017
4 2 0.007
4 2 0.007
4 2 0.018
4 2 0.008
4 2 0.016
4 2 0.017
4 2 0.010
4 2 0.010
4 2 0.019
4 2 0.028
4 2 0.013
4 2 0.016
4 2 0.019
4 2 0.017
4 2 0.006
4 2 0.022
4 2 0.017
4 2 0.033
4 2 0.013
4 2 0.020
4 2 0.022
4 2 0.344
4 2 0.020
4 2 0.012
4 2 0.016
4 2 0.019
4 2 0.010
4 2 0.012
4 2 0.021
4 2 0.022
4 2 0.010
4 2 0.015
4 2 0.015
4 2 0.011
4 2 0.012
4 2 0.033
4 2 0.002
4 2 0.016
4 2 0.018
4 2 0.539
4 2 0.029
4 2 0.014
4 2 0.017
4 2 0.007
4 2 0.019
4 2 0.012
4 2 0.011
4 2 0.016
4 2 0.019
4 2 0.018
4 2 0.020
4 2 0.019
4 2 0.015
4 2 0.008
4 2 0.011
4 2 0.018
4 2 0.017
4 2 0.028
4 2 0.008
4 2 0.018
4 2 0.008
4 2 0.032
4 2 0.018
4 2 0.023
4 2 0.013
4 2 0.013
4 2 0.012
4 2 0.014
4 2 0.015
4 2 0.016
4 2 0.006
4 2 0.022
4 2 0.023
4 2 0.016
4 2 0.019
4 2 0.023
4 2 0.013
4 2 0.021
4 2 0.019
4 2 0.009
4 2 0.020
4 2 0.014
4 2 0.011
4 2 0.019
4 2 0.005
4 2 0.017
4 2 0.025
4 2 0.005
4 2 0.013
4 2 0.005
4 2 0.020
4 2 0.032
4 2 0.019
4 2 0.015
4 2 0.006
4 2 0.010
4 2 0.015
4 2 0.012
4 2 0.011
4 2 0.009
4 2 0.029
4 2 0.015
4 2 0.018
4 2 0.018
4 2 0.013
4 2 0.020
4 2 0.015
4 2 0.005
4 2 0.017
4 2 0.031
4 2 0.011
4 2 0.023
4 2 0.019
4 2 0.018
4 2 0.008
4 2 0.022
4 2 0.017
4 2 0.013
4 2 0.019
4 2 0.017
4 2 0.023
4 2 0.012
4 2 0.014
4 2 0.023
4 2 0.039
4 2 0.022
4 2 0.018
4 2 0.021
4 2 0.024
4 2 0.010
4 2 0.016
4 2 0.029
4 2 0.029
4 2 0.012
4 2 0.017
4 2 0.021
4 2 0.015
4 2 0.020
4 2 0.048
4 2 0.011
4 2 0.024
4 2 0.017
4 2 0.006
4 2 0.026
4 2 0.025
4 2 0.009
4 2 0.052
4 2 0.005
4 2 0.015
4 2 0.021
4 2 0.013
4 2 0.004
4 2 0.007
4 2 0.009
4 2 0.009
4 2 0.018
4 2 0.011
4 2 0.012
4 2 0.013
4 2 0.014
4 2 0.011
4 2 0.013
4 2 0.021
4 2 0.020
4 2 0.012
4 2 0.012
4 2 0.010
4 2 0.012
4 2 0.021
4 2 0.011
4 2 0.007
4 2 0.007
4 2 0.019
4 2 0.017
4 2 0.013
4 2 0.030
4 2 0.017
4 2 0.002
4 2 0.018
4 2 0.018
4 2 0.019
4 2 0.010
4 2 0.034
4 2 0.015
4 2 0.011
4 2 0.022
4 2 0.011
4 2 0.014
4 2 0.005
4 2 0.010
4 2 0.026
4 2 0.019
4 2 0.020
4 2 0.007
4 2 0.008
4 2 0.030
4 2 0.017
4 2 0.012
4 2 0.014
4 2 0.021
4 2 0.011
4 2 0.013
4 2 0.179
4 2 0.014
4 2 0.025
4 2 0.009
4 2 0.159
4 2 0.070
4 2 0.004
4 2 0.013
4 2 0.107
4 2 0.019
4 2 0.018
4 2 0.009
4 2 0.012
4 2 0.022
4 2 0.018
4 2 0.012
4 2 0.011
4 2 0.010
4 2 0.016
4 2 0.016
4 2 0.029
4 2 0.037
4 2 0.014
4 2 0.008
4 2 0.019
4 2 0.013
4 2 0.016
4 2 0.009
4 2 0.005
4 2 0.015
4 2 0.014
4 2 0.007
4 2 0.011
4 2 0.016
4 2 0.009
4 2 0.013
4 2 0.011
4 2 0.014
4 2 0.010
4 2 0.025
4 2 0.016
4 2 0.006
4 2 0.016
4 2 0.012
4 2 0.011
4 2 0.023
4 2 0.011
4 2 0.019
4 2 0.011
4 2 0.108
4 2 0.013
4 2 0.012
4 2 0.009
4 2 0.012
4 2 0.015
4 2 0.005
4 2 0.016
4 2 0.009
4 2 0.019
4 2 0.007
4 2 0.007
4 2 0.021
4 2 0.014
4 2 0.003
4 2 0.019
4 2 0.003
4 2 0.012
4 2 0.026
4 2 0.006
4 2 0.026
4 2 0.020
4 2 0.022
4 2 0.017
4 2 0.013
4 2 0.005
4 2 0.011
4 2 0.015
4 2 0.019
4 2 0.012
4 2 0.010
4 2 0.015
4 2 0.010
4 2 0.006
4 2 0.020
4 2 0.022
4 2 0.010
4 2 0.010
4 2 0.005
4 2 0.021
4 2 0.018
4 2 0.018
4 2 0.012
4 2 0.011
4 2 0.010
4 2 0.009
4 2 0.019
4 2 0.006
4 2 0.016
4 2 0.013
4 2 0.017
4 2 0.024
4 2 0.012
4 2 0.019
4 2 0.022
4 2 0.004
4 2 0.013
4 2 0.012
4 2 0.013
4 2 0.014
4 2 0.018
4 2 0.028
4 2 0.023
4 2 0.026
4 2 0.019
4 2 0.019
4 2 0.018
4 2 0.015
4 2 0.022
4 2 0.021
4 2 0.019
4 2 0.013
4 2 0.012
4 2 0.005
4 2 0.006
4 2 0.018
4 2 0.018
4 2 0.012
4 2 0.016
4 2 0.008
4 2 0.009
4 2 0.026
4 2 0.015
4 2 0.015
4 2 0.021
4 2 0.018
4 2 0.011
4 2 0.019
4 2 0.022
4 2 0.009
4 2 0.004
4 2 0.006
4 2 0.008
4 2 0.024
4 2 0.016
4 2 0.011
4 2 0.009
4 2 0.015
4 2 0.026
4 2 0.005
4 2 0.028
4 2 0.010
4 2 0.020
4 2 0.020
4 2 0.024
4 2 0.015
4 2 0.018
4 2 0.013
4 2 0.018
4 2 0.025
4 2 0.056
4 2 0.009
4 2 0.015
4 2 0.021
4 2 0.010
4 2 0.023
4 2 0.027
4 2 0.006
4 2 0.008
4 2 0.028
4 2 0.013
4 2 0.022
4 2 0.027
4 2 0.014
4 2 0.016
4 2 0.014
4 2 0.015
4 2 0.009
4 2 0.028
4 2 0.015
4 2 0.016
4 2 0.010
4 2 0.016
4 2 0.016
4 2 0.012
4 2 0.017
4 2 0.022
4 2 0.070
4 2 0.061
4 2 0.026
4 2 0.017
4 2 0.009
4 2 0.012
4 2 0.006
4 2 0.012
4 2 0.012
4 2 0.019
4 2 0.019
4 2 0.013
4 2 0.015
4 2 0.027
4 2 0.014
4 2 0.087
4 2 0.028
4 2 0.009
4 2 0.016
4 2 0.025
4 2 0.013
4 2 0.009
4 2 0.018
4 2 0.019
4 2 0.004
4 2 0.019
4 2 0.013
4 2 0.013
4 2 0.016
4 2 0.012
4 2 0.021
4 2 0.018
4 2 0.019
4 2 0.013
4 2 0.021
4 2 0.009
4 2 0.031
4 2 0.022
4 2 0.016
4 2 0.011
4 2 0.011
4 2 0.012
4 2 0.016
4 2 0.009
4 2 0.012
4 2 0.015
4 2 0.005
4 2 0.011
4 2 0.011
4 2 0.022
4 2 0.017
4 2 0.014
4 2 0.020
4 2 0.006
4 2 0.015
4 2 0.012
4 2 0.017
4 2 0.018
4 2 0.019
4 2 0.020
4 2 0.024
4 2 0.012
4 2 0.009
4 2 0.015
4 2 0.006
4 2 0.016
4 2 0.022
4 2 0.006
4 2 0.008
4 2 0.012
4 2 0.026
4 2 0.023
4 2 0.012
4 2 0.011
4 2 0.020
4 2 0.016
4 2 0.014
4 2 0.017
4 2 0.022
4 2 0.014
4 2 0.014
4 2 0.020
4 2 0.019
4 2 0.025
4 2 0.016
4 2 0.024
4 2 0.013
4 2 0.015
4 2 0.008
4 2 0.016
4 2 0.020
4 2 0.013
4 2 0.016
4 2 0.017
4 2 0.015
4 2 0.014
4 2 0.016
4 2 0.007
4 2 0.006
4 2 0.010
4 2 0.039
4 2 0.010
4 2 0.026
4 2 0.018
4 2 0.025
4 2 0.040
4 2 0.014
4 2 0.020
4 2 0.017
4 2 0.005
4 2 0.006
4 2 0.040
4 2 0.580
4 2 0.026
4 2 0.017
4 2 0.025
4 2 0.019
4 2 0.016
4 2 0.008
4 2 0.010
4 2 0.011
4 2 0.014
4 2 0.017
4 2 0.016
4 2 0.018
4 2 0.016
4 2 0.010
4 2 0.021
4 2 0.017
4 2 0.019
4 2 0.021
4 2 0.010
4 2 0.030
4 2 0.008
4 2 0.015
4 2 0.017
4 2 0.003
4 2 0.010
4 2 0.017
4 2 0.023
4 2 0.021
4 2 0.004
4 2 0.003
4 2 0.011
4 2 0.019
4 2 0.006
4 2 0.013
4 2 0.012
4 2 0.013
4 2 0.015
4 2 0.013
4 2 0.008
4 2 0.015
4 2 0.015
4 2 0.020
4 2 0.020
4 2 0.002
4 2 0.013
4 2 0.028
4 2 0.021
4 2 0.013
4 2 0.010
4 2 0.012
4 2 0.032
4 2 0.013
4 2 0.016
4 2 0.010
4 2 0.015
4 2 0.009
4 2 0.012
4 2 0.018
4 2 0.028
4 2 0.004
4 2 0.003
4 2 0.014
4 2 0.013
4 2 0.047
4 2 0.015
4 2 0.004
4 2 0.014
4 2 0.011
4 2 0.011
4 2 0.020
4 2 0.068
4 2 0.014
4 2 0.004
4 2 0.018
4 2 0.028
4 2 0.012
4 2 0.018
4 2 0.013
4 2 0.010
4 2 0.023
4 2 0.009
4 2 0.033
4 2 0.016
4 2 0.017
4 2 0.011
4 2 0.024
4 2 0.015
4 2 0.023
4 2 0.021
4 2 0.015
4 2 0.011
4 2 0.014
4 2 0.023
4 2 0.010
4 2 0.008
4 2 0.010
4 2 0.027
4 2 0.007
4 2 0.018
4 2 0.021
4 2 0.011
4 2 0.019
4 2 0.022
4 2 0.020
4 2 0.010
4 2 0.013
4 2 0.028
4 2 0.024
4 2 0.014
4 2 0.029
4 2 0.020
4 2 0.022
4 2 0.023
4 2 0.024
4 2 0.019
4 2 0.008
4 2 0.016
4 2 0.013
4 2 0.010
4 2 0.015
4 2 0.019
4 2 0.005
4 2 0.010
4 2 0.014
4 2 0.014
4 2 0.024
4 2 0.010
4 2 0.017
4 2 0.015
4 2 0.012
4 2 0.016
4 2 0.014
4 2 0.013
4 2 0.011
4 2 0.008
4 2 0.016
4 2 0.008
4 2 0.014
4 2 0.019
4 2 0.009
4 2 0.015
4 2 0.016
4 2 0.022
4 2 0.011
4 2 0.009
4 2 0.011
4 2 0.026
4 2 0.014
4 2 0.018
4 2 0.009
4 2 0.012
4 2 0.011
4 2 0.013
4 2 0.006
4 2 0.372
4 2 0.014
4 2 0.018
4 2 0.011
4 2 0.008
4 2 0.011
4 2 0.012
4 2 0.024
4 2 0.013
4 2 0.012
4 2 0.056
4 2 0.028
4 2 0.007
4 2 0.019
4 2 0.015
4 2 0.010
4 2 0.012
4 2 0.013
4 2 0.013
4 2 0.013
4 2 0.018
4 2 0.017
4 2 0.013
4 2 0.012
4 2 0.017
4 2 0.023
4 2 0.014
4 2 0.019
4 2 0.016
4 2 0.029
4 2 0.009
4 2 0.012
4 2 0.016
4 2 0.016
4 2 0.010
4 2 0.015
4 2 0.043
4 2 0.015
4 2 0.022
4 2 0.009
4 2 0.017
4 2 0.021
4 2 0.009
4 2 0.013
4 2 0.015
4 2 0.014
4 2 0.013
4 2 0.021
4 2 0.014
4 2 0.017
4 2 0.013
4 2 0.021
4 2 0.007
4 2 0.009
4 2 0.022
4 2 0.020
4 2 0.013
4 2 0.022
4 2 0.008
4 2 0.012
4 2 0.021
4 2 0.013
4 2 0.021
4 2 0.024
4 2 0.052
4 2 0.006
4 2 0.009
4 2 0.008
4 2 0.016
4 2 0.032
4 2 0.015
4 2 0.008
4 2 0.010
4 2 0.018
4 2 0.020
4 2 0.006
4 2 0.029
4 2 0.021
4 2 0.010
4 2 0.019
4 2 0.011
4 2 0.031
4 2 0.029
4 2 0.020
4 2 0.015
4 2 0.012
4 2 0.004
4 2 0.008
4 2 0.017
4 2 0.016
4 2 0.012
4 2 0.015
4 2 0.016
4 2 0.011
4 2 0.017
4 2 0.017
4 2 0.006
4 2 0.016
4 2 0.010
4 2 0.011
4 2 0.078
4 2 0.014
4 2 0.020
4 2 0.015
4 2 0.005
4 2 0.009
4 2 0.013
4 2 0.022
4 2 0.007
4 2 0.010
4 2 0.017
4 2 0.011
4 2 0.023
4 2 0.019
4 2 0.017
4 2 0.016
4 2 0.016
4 2 0.018
4 2 0.014
4 2 0.014
4 2 0.022
4 2 0.012
4 2 0.010
4 2 0.005
4 2 0.010
4 2 0.009
4 2 0.003
4 2 0.063
4 2 0.012
4 2 0.013
4 2 0.016
4 2 0.010
4 2 0.022
4 2 0.010
4 2 0.508
4 2 0.019
4 2 0.011
4 2 0.010
4 2 0.014
4 2 0.018
4 2 0.017
4 2 0.108
4 2 0.007
4 2 0.025
4 2 0.024
4 2 0.010
4 2 0.019
4 2 0.011
4 2 0.010
4 2 0.017
4 2 0.013
4 3 0.005
4 3 0.012
4 3 0.008
4 3 0.026
4 3 0.010
4 3 0.012
4 3 0.023
4 3 0.020
4 3 0.018
4 3 0.007
4 3 0.032
4 3 0.015
4 3 0.027
4 3 0.015
4 3 0.029
4 3 0.015
4 3 0.017
4 3 0.017
4 3 0.020
4 3 0.006
4 3 0.020
4 3 0.014
4 3 0.026
4 3 0.021
4 3 0.011
4 3 0.024
4 3 0.027
4 3 0.377
4 3 0.018
4 3 0.005
4 3 0.015
4 3 0.014
4 3 0.013
4 3 0.023
4 3 0.013
4 3 0.024
4 3 0.016
4 3 0.021
4 3 0.024
4 3 0.016
4 3 0.021
4 3 0.009
4 3 0.022
4 3 0.014
4 3 0.007
4 3 0.013
4 3 0.009
4 3 0.013
4 3 0.017
4 3 0.008
4 3 0.023
4 3 0.010
4 3 0.024
4 3 0.036
4 3 0.014
4 3 0.016
4 3 0.023
4 3 0.009
4 3 0.017
4 3 0.015
4 3 0.026
4 3 0.021
4 3 0.019
4 3 0.022
4 3 0.032
4 3 0.020
4 3 0.020
4 3 0.031
4 3 0.012
4 3 0.026
4 3 0.024
4 3 0.007
4 3 0.018
4 3 0.019
4 3 0.009
4 3 0.013
4 3 0.011
4 3 0.018
4 3 0.014
4 3 0.017
4 3 0.012
4 3 0.005
4 3 0.018
4 3 0.008
4 3 0.013
4 3 0.056
4 3 0.018
4 3 0.008
4 3 0.013
4 3 0.012
4 3 0.014
4 3 0.013
4 3 0.025
4 3 0.009
4 3 0.019
4 3 0.022
4 3 0.018
4 3 0.005
4 3 0.014
4 3 0.014
4 3 0.020
4 3 0.014
4 3 0.015
4 3 0.011
4 3 0.004
4 3 0.016
4 3 0.014
4 3 0.022
4 3 0.009
4 3 0.007
4 3 0.020
4 3 0.011
4 3 0.178
4 3 0.022
4 3 0.009
4 3 0.018
4 3 0.015
4 3 0.006
4 3 0.031
4 3 0.024
4 3 0.023
4 3 0.019
4 3 0.008
4 3 0.025
4 3 0.008
4 3 0.055
4 3 0.018
4 3 0.017
4 3 0.018
4 3 0.011
4 3 0.009
4 3 0.017
4 3 0.010
4 3 0.027
4 3 0.006
4 3 0.015
4 3 0.014
4 3 0.023
4 3 0.009
4 3 0.019
4 3 0.012
4 3 0.013
4 3 0.016
4 3 0.006
4 3 0.018
4 3 0.009
4 3 0.016
4 3 0.017
4 3 0.006
4 3 0.007
4 3 0.019
4 3 0.008
4 3 0.016
4 3 0.017
4 3 0.010
4 3 0.011
4 3 0.018
4 3 0.029
4 3 0.016
4 3 0.017
4 3 0.018
4 3 0.015
4 3 0.005
4 3 0.022
4 3 0.017
4 3 0.033
4 3 0.013
4 3 0.020
4 3 0.022
4 3 0.353
4 3 0.022
4 3 0.014
4 3 0.017
4 3 0.015
4 3 0.010
4 3 0.012
4 3 0.022
4 3 0.022
4 3 0.009
4 3 0.014
4 3 0.015
4 3 0.011
4 3 0.012
4 3 0.035
4 3 0.002
4 3 0.014
4 3 0.016
4 3 0.546
4 3 0.029
4 3 0.015
4 3 0.017
4 3 0.006
4 3 0.018
4 3 0.011
4 3 0.011
4 3 0.016
4 3 0.019
4 3 0.018
4 3 0.020
4 3 0.019
4 3 0.015
4 3 0.010
4 3 0.012
4 3 0.018
4 3 0.015
4 3 0.027
4 3 0.008
4 3 0.018
4 3 0.008
4 3 0.031
4 3 0.018
4 3 0.023
4 3 0.012
4 3 0.014
4 3 0.013
4 3 0.013
4 3 0.016
4 3 0.015
4 3 0.006
4 3 0.021
4 3 0.023
4 3 0.016
4 3 0.019
4 3 0.022
4 3 0.013
4 3 0.024
4 3 0.019
4 3 0.009
4 3 0.020
4 3 0.014
4 3 0.010
4 3 0.019
4 3 0.006
4 3 0.018
4 3 0.025
4 3 0.005
4 3 0.013
4 3 0.005
4 3 0.022
4 3 0.030
4 3 0.019
4 3 0.016
4 3 0.006
4 3 0.010
4 3 0.015
4 3 0.012
4 3 0.011
4 3 0.009
4 3 0.028
4 3 0.015
4 3 0.020
4 3 0.019
4 3 0.011
4 3 0.020
4 3 0.015
4 3 0.005
4 3 0.017
4 3 0.031
4 3 0.011
4 3 0.023
4 3 0.019
4 3 0.018
4 3 0.010
4 3 0.023
4 3 0.015
4 3 0.013
4 3 0.018
4 3 0.017
4 3 0.023
4 3 0.012
4 3 0.014
4 3 0.022
4 3 0.039
4 3 0.024
4 3 0.018
4 3 0.019
4 3 0.023
4 3 0.009
4 3 0.015
4 3 0.028
4 3 0.029
4 3 0.012
4 3 0.017
4 3 0.021
4 3 0.016
4 3 0.019
4 3 0.050
4 3 0.011
4 3 0.023
4 3 0.017
4 3 0.005
4 3 0.027
4 3 0.024
4 3 0.009
4 3 0.057
4 3 0.005
4 3 0.013
4 3 0.020
4 3 0.013
4 3 0.004
4 3 0.007
4 3 0.009
4 3 0.009
4 3 0.018
4 3 0.011
4 3 0.012
4 3 0.013
4 3 0.015
4 3 0.012
4 3 0.012
4 3 0.021
4 3 0.020
4 3 0.011
4 3 0.012
4 3 0.010
4 3 0.012
4 3 0.020
4 3 0.011
4 3 0.007
4 3 0.007
4 3 0.020
4 3 0.016
4 3 0.013
4 3 0.029
4 3 0.017
4 3 0.002
4 3 0.018
4 3 0.019
4 3 0.020
4 3 0.010
4 3 0.034
4 3 0.016
4 3 0.011
4 3 0.019
4 3 0.011
4 3 0.013
4 3 0.004
4 3 0.011
4 3 0.025
4 3 0.020
4 3 0.019
4 3 0.007
4 3 0.008
4 3 0.030
4 3 0.020
4 3 0.010
4 3 0.014
4 3 0.020
4 3 0.011
4 3 0.013
4 3 0.179
4 3 0.016
4 3 0.024
4 3 0.009
4 3 0.161
4 3 0.070
4 3 0.004
4 3 0.015
4 3 0.106
4 3 0.020
4 3 0.017
4 3 0.009
4 3 0.012
4 3 0.022
4 3 0.017
4 3 0.012
4 3 0.013
4 3 0.009
4 3 0.016
4 3 0.016
4 3 0.028
4 3 0.036
4 3 0.013
4 3 0.008
4 3 0.019
4 3 0.014
4 3 0.016
4 3 0.009
4 3 0.007
4 3 0.015
4 3 0.014
4 3 0.007
4 3 0.011
4 3 0.016
4 3 0.009
4 3 0.013
4 3 0.011
4 3 0.014
4 3 0.010
4 3 0.025
4 3 0.015
4 3 0.006
4 3 0.017
4 3 0.011
4 3 0.010
4 3 0.022
4 3 0.011
4 3 0.019
4 3 0.011
4 3 0.110
4 3 0.013
4 3 0.015
4 3 0.009
4 3 0.010
4 3 0.015
4 3 0.005
4 3 0.016
4 3 0.009
4 3 0.019
4 3 0.007
4 3 0.007
4 3 0.021
4 3 0.014
4 3 0.003
4 3 0.019
4 3 0.003
4 3 0.012
4 3 0.024
4 3 0.006
4 3 0.026
4 3 0.020
4 3 0.023
4 3 0.017
4 3 0.013
4 3 0.005
4 3 0.010
4 3 0.015
4 3 0.019
4 3 0.014
4 3 0.010
4 3 0.015
4 3 0.010
4 3 0.006
4 3 0.020
4 3 0.022
4 3 0.010
4 3 0.010
4 3 0.005
4 3 0.021
4 3 0.019
4 3 0.018
4 3 0.013
4 3 0.011
4 3 0.010
4 3 0.009
4 3 0.019
4 3 0.006
4 3 0.016
4 3 0.012
4 3 0.017
4 3 0.025
4 3 0.012
4 3 0.018
4 3 0.022
4 3 0.004
4 3 0.012
4 3 0.012
4 3 0.013
4 3 0.014
4 3 0.017
4 3 0.028
4 3 0.024
4 3 0.026
4 3 0.019
4 3 0.019
4 3 0.019
4 3 0.014
4 3 0.022
4 3 0.019
4 3 0.020
4 3 0.013
4 3 0.011
4 3 0.005
4 3 0.006
4 3 0.019
4 3 0.018
4 3 0.011
4 3 0.016
4 3 0.009
4 3 0.008
4 3 0.026
4 3 0.015
4 3 0.015
4 3 0.021
4 3 0.018
4 3 0.011
4 3 0.019
4 3 0.022
4 3 0.009
4 3 0.004
4 3 0.006
4 3 0.009
4 3 0.022
4 3 0.016
4 3 0.011
4 3 0.009
4 3 0.015
4 3 0.026
4 3 0.005
4 3 0.028
4 3 0.011
4 3 0.020
4 3 0.021
4 3 0.025
4 3 0.014
4 3 0.018
4 3 0.013
4 3 0.018
4 3 0.025
4 3 0.058
4 3 0.009
4 3 0.015
4 3 0.021
4 3 0.011
4 3 0.022
4 3 0.026
4 3 0.006
4 3 0.007
4 3 0.027
4 3 0.013
4 3 0.021
4 3 0.026
4 3 0.014
4 3 0.016
4 3 0.014
4 3 0.015
4 3 0.008
4 3 0.027
4 3 0.015
4 3 0.015
4 3 0.010
4 3 0.016
4 3 0.016
4 3 0.011
4 3 0.015
4 3 0.021
4 3 0.071
4 3 0.059
4 3 0.026
4 3 0.017
4 3 0.008
4 3 0.012
4 3 0.006
4 3 0.012
4 3 0.011
4 3 0.018
4 3 0.021
4 3 0.012
4 3 0.014
4 3 0.026
4 3 0.013
4 3 0.088
4 3 0.027
4 3 0.009
4 3 0.015
4 3 0.023
4 3 0.013
4 3 0.008
4 3 0.017
4 3 0.018
4 3 0.003
4 3 0.019
4 3 0.012
4 3 0.012
4 3 0.016
4 3 0.012
4 3 0.021
4 3 0.018
4 3 0.016
4 3 0.013
4 3 0.020
4 3 0.009
4 3 0.031
4 3 0.021
4 3 0.016
4 3 0.011
4 3 0.011
4 3 0.012
4 3 0.015
4 3 0.009
4 3 0.011
4 3 0.016
4 3 0.006
4 3 0.011
4 3 0.011
4 3 0.023
4 3 0.017
4 3 0.014
4 3 0.019
4 3 0.006
4 3 0.015
4 3 0.012
4 3 0.016
4 3 0.016
4 3 0.022
4 3 0.020
4 3 0.025
4 3 0.012
4 3 0.009
4 3 0.016
4 3 0.006
4 3 0.017
4 3 0.022
4 3 0.006
4 3 0.008
4 3 0.012
4 3 0.024
4 3 0.025
4 3 0.012
4 3 0.011
4 3 0.020
4 3 0.017
4 3 0.014
4 3 0.017
4 3 0.023
4 3 0.015
4 3 0.014
4 3 0.020
4 3 0.021
4 3 0.025
4 3 0.016
4 3 0.024
4 3 0.013
4 3 0.015
4 3 0.008
4 3 0.016
4 3 0.020
4 3 0.013
4 3 0.016
4 3 0.015
4 3 0.017
4 3 0.014
4 3 0.016
4 3 0.007
4 3 0.006
4 3 0.009
4 3 0.040
4 3 0.010
4 3 0.026
4 3 0.019
4 3 0.025
4 3 0.039
4 3 0.014
4 3 0.020
4 3 0.017
4 3 0.005
4 3 0.006
4 3 0.040
4 3 0.580
4 3 0.025
4 3 0.017
4 3 0.025
4 3 0.019
4 3 0.015
4 3 0.008
4 3 0.010
4 3 0.011
4 3 0.014
4 3 0.018
4 3 0.016
4 3 0.018
4 3 0.015
4 3 0.010
4 3 0.021
4 3 0.017
4 3 0.019
4 3 0.020
4 3 0.011
4 3 0.029
4 3 0.009
4 3 0.014
4 3 0.016
4 3 0.003
4 3 0.010
4 3 0.018
4 3 0.023
4 3 0.021
4 3 0.004
4 3 0.003
4 3 0.011
4 3 0.018
4 3 0.006
4 3 0.012
4 3 0.013
4 3 0.012
4 3 0.014
4 3 0.012
4 3 0.008
4 3 0.014
4 3 0.015
4 3 0.020
4 3 0.020
4 3 0.002
4 3 0.013
4 3 0.028
4 3 0.019
4 3 0.013
4 3 0.010
4 3 0.012
4 3 0.031
4 3 0.013
4 3 0.015
4 3 0.010
4 3 0.015
4 3 0.009
4 3 0.011
4 3 0.017
4 3 0.026
4 3 0.004
4 3 0.004
4 3 0.014
4 3 0.013
4 3 0.047
4 3 0.015
4 3 0.004
4 3 0.014
4 3 0.011
4 3 0.011
4 3 0.019
4 3 0.060
4 3 0.015
4 3 0.005
4 3 0.018
4 3 0.028
4 3 0.012
4 3 0.017
4 3 0.013
4 3 0.010
4 3 0.023
4 3 0.009
4 3 0.030
4 3 0.017
4 3 0.017
4 3 0.011
4 3 0.023
4 3 0.016
4 3 0.022
4 3 0.020
4 3 0.015
4 3 0.011
4 3 0.014
4 3 0.020
4 3 0.009
4 3 0.008
4 3 0.012
4 3 0.027
4 3 0.007
4 3 0.018
4 3 0.021
4 3 0.011
4 3 0.019
4 3 0.022
4 3 0.021
4 3 0.009
4 3 0.012
4 3 0.026
4 3 0.025
4 3 0.014
4 3 0.029
4 3 0.020
4 3 0.022
4 3 0.023
4 3 0.023
4 3 0.019
4 3 0.007
4 3 0.015
4 3 0.013
4 3 0.011
4 3 0.016
4 3 0.019
4 3 0.005
4 3 0.010
4 3 0.014
4 3 0.014
4 3 0.023
4 3 0.010
4 3 0.016
4 3 0.014
4 3 0.011
4 3 0.016
4 3 0.015
4 3 0.013
4 3 0.011
4 3 0.008
4 3 0.016
4 3 0.008
4 3 0.014
4 3 0.020
4 3 0.009
4 3 0.015
4 3 0.013
4 3 0.021
4 3 0.011
4 3 0.010
4 3 0.011
4 3 0.026
4 3 0.014
4 3 0.018
4 3 0.010
4 3 0.012
4 3 0.011
4 3 0.012
4 3 0.006
4 3 0.376
4 3 0.014
4 3 0.017
4 3 0.012
4 3 0.008
4 3 0.011
4 3 0.012
4 3 0.024
4 3 0.014
4 3 0.012
4 3 0.058
4 3 0.027
4 3 0.007
4 3 0.018
4 3 0.016
4 3 0.010
4 3 0.013
4 3 0.013
4 3 0.013
4 3 0.013
4 3 0.019
4 3 0.016
4 3 0.013
4 3 0.012
4 3 0.015
4 3 0.023
4 3 0.013
4 3 0.020
4 3 0.016
4 3 0.030
4 3 0.008
4 3 0.012
4 3 0.016
4 3 0.016
4 3 0.010
4 3 0.016
4 3 0.043
4 3 0.015
4 3 0.025
4 3 0.009
4 3 0.017
4 3 0.022
4 3 0.008
4 3 0.014
4 3 0.015
4 3 0.015
4 3 0.013
4 3 0.019
4 3 0.014
4 3 0.017
4 3 0.016
4 3 0.021
4 3 0.007
4 3 0.009
4 3 0.022
4 3 0.021
4 3 0.013
4 3 0.022
4 3 0.008
4 3 0.013
4 3 0.019
4 3 0.013
4 3 0.022
4 3 0.024
4 3 0.051
4 3 0.006
4 3 0.009
4 3 0.008
4 3 0.016
4 3 0.032
4 3 0.015
4 3 0.007
4 3 0.010
4 3 0.018
4 3 0.023
4 3 0.006
4 3 0.029
4 3 0.022
4 3 0.009
4 3 0.020
4 3 0.012
4 3 0.031
4 3 0.027
4 3 0.020
4 3 0.017
4 3 0.013
4 3 0.004
4 3 0.008
4 3 0.016
4 3 0.016
4 3 0.012
4 3 0.015
4 3 0.016
4 3 0.011
4 3 0.017
4 3 0.016
4 3 0.006
4 3 0.016
4 3 0.011
4 3 0.011
4 3 0.079
4 3 0.014
4 3 0.020
4 3 0.015
4 3 0.005
4 3 0.009
4 3 0.013
4 3 0.020
4 3 0.007
4 3 0.012
4 3 0.018
4 3 0.011
4 3 0.023
4 3 0.019
4 3 0.017
4 3 0.016
4 3 0.016
4 3 0.018
4 3 0.014
4 3 0.013
4 3 0.021
4 3 0.014
4 3 0.010
4 3 0.005
4 3 0.010
4 3 0.009
4 3 0.003
4 3 0.061
4 3 0.012
4 3 0.013
4 3 0.015
4 3 0.008
4 3 0.020
4 3 0.011
4 3 0.491
4 3 0.018
4 3 0.011
4 3 0.010
4 3 0.014
4 3 0.016
4 3 0.017
4 3 0.112
4 3 0.006
4 3 0.025
4 3 0.024
4 3 0.010
4 3 0.018
4 3 0.011
4 3 0.009
4 3 0.016
4 3 0.012
10 1 0.029
10 1 0.031
10 1 0.051
10 1 0.067
10 1 0.029
10 1 0.057
10 1 0.068
10 1 0.081
10 1 0.054
10 1 0.042
10 1 0.032
10 1 0.079
10 1 0.162
10 1 0.066
10 1 0.058
10 1 0.075
10 1 0.051
10 1 0.071
10 1 0.058
10 1 0.041
10 1 0.022
10 1 0.080
10 1 0.075
10 1 0.049
10 1 0.097
10 1 0.091
10 1 0.056
10 1 0.078
10 1 0.027
10 1 0.037
10 1 0.078
10 1 0.052
10 1 0.067
10 1 0.035
10 1 0.065
10 1 0.177
10 1 0.031
10 1 0.055
10 1 0.035
10 1 0.089
10 1 0.037
10 1 0.083
10 1 0.032
10 1 0.038
10 1 0.079
10 1 0.106
10 1 0.068
10 1 0.091
10 1 0.103
10 1 0.102
10 1 0.091
10 1 0.068
10 1 0.090
10 1 0.039
10 1 0.031
10 1 0.035
10 1 0.041
10 1 0.063
10 1 0.090
10 1 0.047
10 1 0.060
10 1 0.040
10 1 0.052
10 1 0.070
10 1 0.091
10 1 0.085
10 1 0.094
10 1 0.384
10 1 0.076
10 1 0.080
10 1 0.030
10 1 0.090
10 1 0.014
10 1 0.070
10 1 0.077
10 1 0.102
10 1 0.083
10 1 0.081
10 1 0.097
10 1 0.046
10 1 0.077
10 1 0.090
10 1 0.080
10 1 0.023
10 1 0.040
10 1 0.013
10 1 0.044
10 1 0.087
10 1 0.066
10 1 0.045
10 1 0.092
10 1 0.096
10 1 0.085
10 1 0.081
10 1 0.020
10 1 0.059
10 1 0.059
10 1 0.046
10 1 0.063
10 1 0.011
10 1 0.074
10 1 0.017
10 1 0.019
10 1 0.051
10 1 0.071
10 1 0.064
10 1 0.059
10 1 0.044
10 1 0.099
10 1 0.059
10 1 0.116
10 1 0.088
10 1 0.099
10 1 0.043
10 1 0.102
10 1 0.062
10 1 0.028
10 1 0.056
10 1 0.078
10 1 0.020
10 1 0.142
10 1 0.077
10 1 0.021
10 1 0.086
10 1 0.052
10 1 0.070
10 1 0.053
10 1 0.067
10 1 0.041
10 1 0.075
10 1 0.045
10 1 0.080
10 1 0.047
10 1 0.047
10 1 0.014
10 1 0.120
10 1 0.076
10 1 0.076
10 1 0.094
10 1 0.085
10 1 0.113
10 1 0.021
10 1 0.082
10 1 0.073
10 1 0.083
10 1 0.024
10 1 0.042
10 1 0.042
10 1 0.055
10 1 0.027
10 1 0.064
10 1 0.016
10 1 0.033
10 1 0.078
10 1 0.030
10 1 0.010
10 1 0.032
10 1 0.028
10 1 0.043
10 1 0.086
10 1 0.090
10 1 0.079
10 1 0.030
10 1 0.047
10 1 0.043
10 1 0.068
10 1 0.056
10 1 0.058
10 1 0.127
10 1 0.024
10 1 0.011
10 1 0.043
10 1 0.076
10 1 0.071
10 1 0.071
10 1 0.100
10 1 0.011
10 1 0.143
10 1 0.053
10 1 0.068
10 1 0.071
10 1 0.068
10 1 0.059
10 1 0.019
10 1 0.041
10 1 0.031
10 1 0.013
10 1 0.093
10 1 0.014
10 1 0.059
10 1 0.101
10 1 0.039
10 1 0.075
10 1 0.067
10 1 0.068
10 1 0.113
10 1 0.072
10 1 0.080
10 1 0.068
10 1 0.044
10 1 0.019
10 1 0.129
10 1 0.024
10 1 0.022
10 1 0.038
10 1 0.059
10 1 0.018
10 1 0.069
10 1 0.052
10 1 0.027
10 1 0.074
10 1 0.039
10 1 0.039
10 1 0.082
10 1 1.251
10 1 0.053
10 1 0.034
10 1 0.088
10 1 0.083
10 1 0.047
10 1 0.028
10 1 0.073
10 1 0.103
10 1 0.051
10 1 0.025
10 1 0.015
10 1 0.084
10 1 0.027
10 1 0.070
10 1 0.014
10 1 0.080
10 1 0.030
10 1 0.098
10 1 0.094
10 1 0.076
10 1 0.090
10 1 0.115
10 1 0.021
10 1 0.076
10 1 0.040
10 1 0.051
10 1 0.079
10 1 0.076
10 1 0.092
10 1 0.067
10 1 0.036
10 1 0.102
10 1 0.041
10 1 0.032
10 1 0.059
10 1 0.025
10 1 0.071
10 1 0.040
10 1 0.026
10 1 0.086
10 1 0.081
10 1 0.091
10 1 0.085
10 1 0.076
10 1 0.040
10 1 0.067
10 1 0.088
10 1 0.011
10 1 0.069
10 1 0.075
10 1 0.084
10 1 0.068
10 1 0.066
10 1 0.016
10 1 0.084
10 1 0.008
10 1 0.064
10 1 0.093
10 1 0.065
10 1 0.020
10 1 0.047
10 1 0.014
10 1 0.069
10 1 0.042
10 1 0.074
10 1 0.092
10 1 0.083
10 1 0.036
10 1 0.071
10 1 0.050
10 1 0.085
10 1 0.026
10 1 0.028
10 1 0.035
10 1 0.063
10 1 0.092
10 1 0.062
10 1 0.034
10 1 0.024
10 1 0.086
10 1 0.800
10 2 0.027
10 2 0.031
10 2 0.053
10 2 0.068
10 2 0.032
10 2 0.059
10 2 0.070
10 2 0.084
10 2 0.056
10 2 0.042
10 2 0.033
10 2 0.079
10 2 0.160
10 2 0.068
10 2 0.060
10 2 0.074
10 2 0.045
10 2 0.073
10 2 0.060
10 2 0.045
10 2 0.022
10 2 0.081
10 2 0.070
10 2 0.049
10 2 0.099
10 2 0.095
10 2 0.053
10 2 0.077
10 2 0.027
10 2 0.036
10 2 0.086
10 2 0.051
10 2 0.063
10 2 0.034
10 2 0.067
10 2 0.191
10 2 0.031
10 2 0.053
10 2 0.036
10 2 0.091
10 2 0.038
10 2 0.085
10 2 0.032
10 2 0.038
10 2 0.080
10 2 0.112
10 2 0.068
10 2 0.087
10 2 0.106
10 2 0.103
10 2 0.093
10 2 0.064
10 2 0.088
10 2 0.038
10 2 0.034
10 2 0.036
10 2 0.043
10 2 0.059
10 2 0.088
10 2 0.045
10 2 0.064
10 2 0.041
10 2 0.051
10 2 0.066
10 2 0.087
10 2 0.087
10 2 0.091
10 2 0.377
10 2 0.073
10 2 0.077
10 2 0.029
10 2 0.088
10 2 0.015
10 2 0.071
10 2 0.076
10 2 0.098
10 2 0.088
10 2 0.078
10 2 0.095
10 2 0.047
10 2 0.081
10 2 0.088
10 2 0.076
10 2 0.023
10 2 0.040
10 2 0.014
10 2 0.045
10 2 0.088
10 2 0.065
10 2 0.045
10 2 0.092
10 2 0.100
10 2 0.088
10 2 0.082
10 2 0.020
10 2 0.058
10 2 0.061
10 2 0.045
10 2 0.062
10 2 0.010
10 2 0.077
10 2 0.017
10 2 0.019
10 2 0.050
10 2 0.071
10 2 0.064
10 2 0.059
10 2 0.043
10 2 0.098
10 2 0.060
10 2 0.111
10 2 0.087
10 2 0.099
10 2 0.043
10 2 0.100
10 2 0.063
10 2 0.026
10 2 0.054
10 2 0.078
10 2 0.021
10 2 0.140
10 2 0.073
10 2 0.021
10 2 0.089
10 2 0.052
10 2 0.067
10 2 0.053
10 2 0.068
10 2 0.043
10 2 0.075
10 2 0.044
10 2 0.077
10 2 0.046
10 2 0.046
10 2 0.014
10 2 0.117
10 2 0.072
10 2 0.072
10 2 0.089
10 2 0.083
10 2 0.108
10 2 0.022
10 2 0.080
10 2 0.077
10 2 0.082
10 2 0.022
10 2 0.042
10 2 0.042
10 2 0.056
10 2 0.027
10 2 0.065
10 2 0.016
10 2 0.031
10 2 0.077
10 2 0.030
10 2 0.010
10 2 0.031
10 2 0.029
10 2 0.044
10 2 0.084
10 2 0.093
10 2 0.078
10 2 0.032
10 2 0.048
10 2 0.043
10 2 0.066
10 2 0.056
10 2 0.060
10 2 0.129
10 2 0.023
10 2 0.011
10 2 0.041
10 2 0.075
10 2 0.075
10 2 0.077
10 2 0.092
10 2 0.011
10 2 0.148
10 2 0.058
10 2 0.069
10 2 0.067
10 2 0.066
10 2 0.061
10 2 0.019
10 2 0.046
10 2 0.032
10 2 0.013
10 2 0.089
10 2 0.014
10 2 0.060
10 2 0.106
10 2 0.039
10 2 0.072
10 2 0.065
10 2 0.068
10 2 0.119
10 2 0.072
10 2 0.077
10 2 0.069
10 2 0.042
10 2 0.019
10 2 0.126
10 2 0.022
10 2 0.022
10 2 0.037
10 2 0.058
10 2 0.018
10 2 0.073
10 2 0.052
10 2 0.023
10 2 0.074
10 2 0.038
10 2 0.038
10 2 0.085
10 2 1.229
10 2 0.053
10 2 0.033
10 2 0.088
10 2 0.083
10 2 0.051
10 2 0.026
10 2 0.070
10 2 0.110
10 2 0.052
10 2 0.024
10 2 0.017
10 2 0.084
10 2 0.025
10 2 0.068
10 2 0.014
10 2 0.080
10 2 0.033
10 2 0.097
10 2 0.092
10 2 0.077
10 2 0.087
10 2 0.111
10 2 0.020
10 2 0.076
10 2 0.041
10 2 0.052
10 2 0.082
10 2 0.073
10 2 0.091
10 2 0.069
10 2 0.036
10 2 0.103
10 2 0.037
10 2 0.032
10 2 0.059
10 2 0.024
10 2 0.074
10 2 0.040
10 2 0.027
10 2 0.082
10 2 0.083
10 2 0.089
10 2 0.084
10 2 0.075
10 2 0.040
10 2 0.068
10 2 0.090
10 2 0.011
10 2 0.069
10 2 0.070
10 2 0.080
10 2 0.068
10 2 0.068
10 2 0.016
10 2 0.079
10 2 0.007
10 2 0.065
10 2 0.090
10 2 0.064
10 2 0.020
10 2 0.044
10 2 0.014
10 2 0.069
10 2 0.041
10 2 0.076
10 2 0.093
10 2 0.083
10 2 0.038
10 2 0.069
10 2 0.054
10 2 0.086
10 2 0.023
10 2 0.029
10 2 0.035
10 2 0.062
10 2 0.095
10 2 0.060
10 2 0.031
10 2 0.023
10 2 0.085
10 2 0.826
10 3 0.028
10 3 0.032
10 3 0.055
10 3 0.068
10 3 0.030
10 3 0.058
10 3 0.069
10 3 0.087
10 3 0.057
10 3 0.044
10 3 0.032
10 3 0.081
10 3 0.163
10 3 0.069
10 3 0.060
10 3 0.076
10 3 0.046
10 3 0.077
10 3 0.060
10 3 0.041
10 3 0.022
10 3 0.081
10 3 0.072
10 3 0.051
10 3 0.099
10 3 0.092
10 3 0.054
10 3 0.083
10 3 0.028
10 3 0.037
10 3 0.079
10 3 0.052
10 3 0.064
10 3 0.039
10 3 0.066
10 3 0.183
10 3 0.032
10 3 0.057
10 3 0.037
10 3 0.094
10 3 0.038
10 3 0.086
10 3 0.032
10 3 0.040
10 3 0.079
10 3 0.110
10 3 0.070
10 3 0.091
10 3 0.106
10 3 0.104
10 3 0.097
10 3 0.068
10 3 0.090
10 3 0.039
10 3 0.032
10 3 0.038
10 3 0.041
10 3 0.064
10 3 0.090
10 3 0.047
10 3 0.063
10 3 0.041
10 3 0.054
10 3 0.066
10 3 0.088
10 3 0.085
10 3 0.093
10 3 0.388
10 3 0.073
10 3 0.078
10 3 0.030
10 3 0.083
10 3 0.014
10 3 0.073
10 3 0.078
10 3 0.098
10 3 0.083
10 3 0.080
10 3 0.098
10 3 0.048
10 3 0.077
10 3 0.085
10 3 0.079
10 3 0.024
10 3 0.041
10 3 0.013
10 3 0.046
10 3 0.087
10 3 0.069
10 3 0.045
10 3 0.093
10 3 0.096
10 3 0.086
10 3 0.081
10 3 0.020
10 3 0.059
10 3 0.060
10 3 0.046
10 3 0.065
10 3 0.011
10 3 0.074
10 3 0.017
10 3 0.019
10 3 0.052
10 3 0.071
10 3 0.063
10 3 0.058
10 3 0.043
10 3 0.104
10 3 0.058
10 3 0.118
10 3 0.086
10 3 0.095
10 3 0.042
10 3 0.100
10 3 0.061
10 3 0.025
10 3 0.055
10 3 0.077
10 3 0.020
10 3 0.140
10 3 0.076
10 3 0.021
10 3 0.087
10 3 0.053
10 3 0.069
10 3 0.050
10 3 0.065
10 3 0.041
10 3 0.073
10 3 0.044
10 3 0.081
10 3 0.046
10 3 0.047
10 3 0.014
10 3 0.116
10 3 0.075
10 3 0.073
10 3 0.091
10 3 0.084
10 3 0.110
10 3 0.022
10 3 0.079
10 3 0.073
10 3 0.082
10 3 0.024
10 3 0.041
10 3 0.042
10 3 0.057
10 3 0.027
10 3 0.064
10 3 0.017
10 3 0.031
10 3 0.082
10 3 0.030
10 3 0.010
10 3 0.032
10 3 0.028
10 3 0.042
10 3 0.083
10 3 0.091
10 3 0.078
10 3 0.030
10 3 0.048
10 3 0.042
10 3 0.068
10 3 0.055
10 3 0.060
10 3 0.123
10 3 0.024
10 3 0.011
10 3 0.046
10 3 0.075
10 3 0.071
10 3 0.073
10 3 0.093
10 3 0.012
10 3 0.145
10 3 0.056
10 3 0.065
10 3 0.065
10 3 0.065
10 3 0.059
10 3 0.019
10 3 0.041
10 3 0.031
10 3 0.013
10 3 0.088
10 3 0.014
10 3 0.060
10 3 0.099
10 3 0.041
10 3 0.070
10 3 0.068
10 3 0.067
10 3 0.112
10 3 0.070
10 3 0.080
10 3 0.066
10 3 0.042
10 3 0.019
10 3 0.124
10 3 0.022
10 3 0.021
10 3 0.038
10 3 0.059
10 3 0.018
10 3 0.067
10 3 0.051
10 3 0.023
10 3 0.078
10 3 0.038
10 3 0.039
10 3 0.081
10 3 1.267
10 3 0.053
10 3 0.033
10 3 0.090
10 3 0.089
10 3 0.048
10 3 0.027
10 3 0.072
10 3 0.106
10 3 0.050
10 3 0.025
10 3 0.015
10 3 0.084
10 3 0.024
10 3 0.072
10 3 0.014
10 3 0.083
10 3 0.031
10 3 0.098
10 3 0.099
10 3 0.079
10 3 0.086
10 3 0.110
10 3 0.022
10 3 0.076
10 3 0.041
10 3 0.051
10 3 0.080
10 3 0.078
10 3 0.092
10 3 0.068
10 3 0.037
10 3 0.105
10 3 0.040
10 3 0.032
10 3 0.058
10 3 0.024
10 3 0.072
10 3 0.039
10 3 0.026
10 3 0.083
10 3 0.083
10 3 0.088
10 3 0.080
10 3 0.075
10 3 0.040
10 3 0.067
10 3 0.085
10 3 0.011
10 3 0.065
10 3 0.076
10 3 0.081
10 3 0.067
10 3 0.070
10 3 0.016
10 3 0.082
10 3 0.008
10 3 0.064
10 3 0.092
10 3 0.063
10 3 0.020
10 3 0.042
10 3 0.016
10 3 0.070
10 3 0.042
10 3 0.074
10 3 0.088
10 3 0.085
10 3 0.036
10 3 0.070
10 3 0.052
10 3 0.087
10 3 0.023
10 3 0.030
10 3 0.034
10 3 0.063
10 3 0.091
10 3 0.059
10 3 0.032
10 3 0.025
10 3 0.087
10 3 0.772
15 1 0.130
15 1 0.019
15 1 0.159
15 1 0.156
15 1 0.054
15 1 0.033
15 1 0.094
15 1 0.087
15 1 0.023
15 1 0.220
15 1 0.055
15 1 0.185
15 1 0.109
15 1 0.067
15 1 0.038
15 1 0.044
15 1 0.064
15 1 0.121
15 1 0.048
15 1 0.194
15 1 0.082
15 1 0.150
15 1 0.168
15 1 0.163
15 1 0.154
15 1 0.242
15 1 0.053
15 1 0.049
15 1 0.051
15 1 0.032
15 1 0.024
15 1 0.057
15 1 0.058
15 1 0.069
15 1 0.059
15 1 0.027
15 1 0.063
15 1 0.135
15 1 0.054
15 1 0.075
15 1 0.209
15 1 0.236
15 1 0.060
15 1 0.184
15 1 0.126
15 1 0.161
15 1 0.030
15 1 0.037
15 1 0.040
15 1 0.174
15 1 0.020
15 1 0.042
15 1 0.077
15 1 0.069
15 1 0.072
15 1 0.106
15 1 0.069
15 1 0.091
15 1 0.102
15 1 0.187
15 1 0.180
15 1 0.210
15 1 0.127
15 1 0.055
15 1 0.159
15 1 0.125
15 1 0.141
15 1 0.152
15 1 0.170
15 1 0.147
15 1 0.160
15 1 0.091
15 1 0.060
15 1 0.054
15 1 0.115
15 1 0.054
15 1 0.073
15 1 0.025
15 1 0.142
15 1 0.066
15 1 0.053
15 1 0.105
15 1 0.054
15 1 0.085
15 1 0.091
15 1 0.103
15 1 0.081
15 1 0.140
15 1 0.165
15 1 0.160
15 1 0.217
15 1 0.038
15 1 0.161
15 1 0.025
15 1 0.183
15 1 0.070
15 1 0.236
15 1 0.063
15 1 0.179
15 1 0.115
15 1 0.016
15 1 0.014
15 1 0.059
15 1 0.074
15 1 0.133
15 1 0.025
15 1 0.142
15 1 0.003
15 1 0.057
15 1 0.204
15 1 0.157
15 1 0.078
15 1 0.156
15 1 0.190
15 1 0.212
15 1 0.080
15 1 0.147
15 1 0.040
15 1 0.041
15 1 0.079
15 1 0.037
15 1 0.030
15 1 0.071
15 1 0.025
15 1 0.103
15 1 0.089
15 1 0.056
15 1 0.031
15 1 0.039
15 1 0.302
15 1 0.122
15 1 0.127
15 1 0.185
15 1 0.112
15 1 0.144
15 1 0.136
15 1 0.041
15 1 0.123
15 1 0.166
15 1 0.104
15 1 0.086
15 1 0.034
15 1 0.145
15 1 0.153
15 1 0.149
15 1 0.215
15 1 0.110
15 1 0.049
15 1 0.145
15 1 0.058
15 1 0.123
15 1 0.190
15 1 0.153
15 1 0.059
15 2 0.130
15 2 0.021
15 2 0.161
15 2 0.151
15 2 0.059
15 2 0.035
15 2 0.096
15 2 0.085
15 2 0.024
15 2 0.216
15 2 0.051
15 2 0.185
15 2 0.112
15 2 0.066
15 2 0.036
15 2 0.044
15 2 0.066
15 2 0.119
15 2 0.047
15 2 0.190
15 2 0.086
15 2 0.152
15 2 0.168
15 2 0.171
15 2 0.154
15 2 0.238
15 2 0.048
15 2 0.047
15 2 0.054
15 2 0.032
15 2 0.024
15 2 0.059
15 2 0.060
15 2 0.067
15 2 0.059
15 2 0.026
15 2 0.060
15 2 0.136
15 2 0.049
15 2 0.075
15 2 0.219
15 2 0.233
15 2 0.068
15 2 0.178
15 2 0.126
15 2 0.160
15 2 0.030
15 2 0.033
15 2 0.040
15 2 0.170
15 2 0.021
15 2 0.042
15 2 0.074
15 2 0.067
15 2 0.072
15 2 0.109
15 2 0.067
15 2 0.092
15 2 0.098
15 2 0.180
15 2 0.188
15 2 0.215
15 2 0.133
15 2 0.057
15 2 0.163
15 2 0.125
15 2 0.146
15 2 0.157
15 2 0.166
15 2 0.155
15 2 0.162
15 2 0.091
15 2 0.065
15 2 0.055
15 2 0.112
15 2 0.052
15 2 0.071
15 2 0.029
15 2 0.141
15 2 0.065
15 2 0.054
15 2 0.110
15 2 0.057
15 2 0.081
15 2 0.091
15 2 0.104
15 2 0.082
15 2 0.133
15 2 0.173
15 2 0.161
15 2 0.215
15 2 0.041
15 2 0.153
15 2 0.025
15 2 0.189
15 2 0.072
15 2 0.242
15 2 0.068
15 2 0.181
15 2 0.115
15 2 0.016
15 2 0.016
15 2 0.062
15 2 0.075
15 2 0.131
15 2 0.025
15 2 0.147
15 2 0.003
15 2 0.059
15 2 0.199
15 2 0.145
15 2 0.073
15 2 0.158
15 2 0.195
15 2 0.210
15 2 0.082
15 2 0.149
15 2 0.040
15 2 0.040
15 2 0.083
15 2 0.036
15 2 0.030
15 2 0.068
15 2 0.024
15 2 0.101
15 2 0.092
15 2 0.057
15 2 0.030
15 2 0.037
15 2 0.308
15 2 0.119
15 2 0.127
15 2 0.189
15 2 0.113
15 2 0.151
15 2 0.135
15 2 0.042
15 2 0.122
15 2 0.177
15 2 0.098
15 2 0.084
15 2 0.034
15 2 0.143
15 2 0.153
15 2 0.153
15 2 0.219
15 2 0.113
15 2 0.049
15 2 0.147
15 2 0.058
15 2 0.123
15 2 0.181
15 2 0.152
15 2 0.064
15 3 0.132
15 3 0.019
15 3 0.158
15 3 0.154
15 3 0.054
15 3 0.033
15 3 0.094
15 3 0.089
15 3 0.023
15 3 0.218
15 3 0.052
15 3 0.195
15 3 0.110
15 3 0.066
15 3 0.041
15 3 0.044
15 3 0.064
15 3 0.116
15 3 0.047
15 3 0.189
15 3 0.080
15 3 0.150
15 3 0.167
15 3 0.162
15 3 0.151
15 3 0.234
15 3 0.048
15 3 0.051
15 3 0.051
15 3 0.032
15 3 0.024
15 3 0.056
15 3 0.059
15 3 0.064
15 3 0.061
15 3 0.027
15 3 0.060
15 3 0.138
15 3 0.050
15 3 0.076
15 3 0.201
15 3 0.237
15 3 0.061
15 3 0.179
15 3 0.128
15 3 0.157
15 3 0.030
15 3 0.034
15 3 0.040
15 3 0.167
15 3 0.019
15 3 0.042
15 3 0.072
15 3 0.069
15 3 0.072
15 3 0.104
15 3 0.066
15 3 0.089
15 3 0.101
15 3 0.174
15 3 0.190
15 3 0.211
15 3 0.135
15 3 0.055
15 3 0.153
15 3 0.121
15 3 0.149
15 3 0.158
15 3 0.169
15 3 0.146
15 3 0.156
15 3 0.098
15 3 0.060
15 3 0.054
15 3 0.111
15 3 0.056
15 3 0.072
15 3 0.025
15 3 0.136
15 3 0.065
15 3 0.057
15 3 0.101
15 3 0.053
15 3 0.079
15 3 0.088
15 3 0.103
15 3 0.081
15 3 0.130
15 3 0.164
15 3 0.161
15 3 0.218
15 3 0.038
15 3 0.156
15 3 0.025
15 3 0.178
15 3 0.070
15 3 0.240
15 3 0.063
15 3 0.175
15 3 0.118
15 3 0.018
15 3 0.014
15 3 0.060
15 3 0.074
15 3 0.128
15 3 0.027
15 3 0.144
15 3 0.003
15 3 0.058
15 3 0.212
15 3 0.147
15 3 0.073
15 3 0.163
15 3 0.189
15 3 0.215
15 3 0.080
15 3 0.149
15 3 0.039
15 3 0.044
15 3 0.080
15 3 0.037
15 3 0.031
15 3 0.068
15 3 0.025
15 3 0.106
15 3 0.092
15 3 0.057
15 3 0.031
15 3 0.036
15 3 0.313
15 3 0.115
15 3 0.132
15 3 0.187
15 3 0.113
15 3 0.149
15 3 0.141
15 3 0.041
15 3 0.125
15 3 0.165
15 3 0.095
15 3 0.089
15 3 0.033
15 3 0.141
15 3 0.156
15 3 0.154
15 3 0.213
15 3 0.116
15 3 0.050
15 3 0.144
15 3 0.058
15 3 0.125
15 3 0.188
15 3 0.164
15 3 0.061
20 1 0.101
20 1 0.074
20 1 0.215
20 1 0.052
20 1 0.362
20 1 0.025
20 1 0.345
20 1 0.046
20 1 0.046
20 1 0.108
20 1 0.051
20 1 0.105
20 1 0.101
20 1 0.051
20 1 0.323
20 1 0.158
20 1 0.155
20 1 0.266
20 1 0.291
20 1 0.052
20 1 0.092
20 1 0.054
20 1 0.087
20 1 0.407
20 1 0.151
20 1 0.149
20 1 0.120
20 1 0.318
20 1 0.125
20 1 0.120
20 1 0.260
20 1 0.094
20 1 0.088
20 1 0.057
20 1 0.134
20 1 0.315
20 1 0.180
20 1 0.078
20 1 0.146
20 1 0.363
20 1 0.183
20 1 0.048
20 1 0.026
20 1 0.134
20 1 0.132
20 1 0.254
20 1 0.383
20 1 0.065
20 1 0.042
20 1 0.141
20 1 0.147
20 1 0.144
20 1 0.101
20 1 0.386
20 1 0.069
20 1 0.242
20 1 0.111
20 1 0.391
20 1 0.349
20 1 0.308
20 1 0.051
20 1 0.067
20 1 0.327
20 1 0.025
20 1 0.036
20 1 0.354
20 1 0.166
20 1 0.029
20 1 0.038
20 1 0.366
20 1 0.063
20 1 0.071
20 1 0.177
20 1 0.159
20 1 0.122
20 1 0.302
20 1 0.040
20 2 0.098
20 2 0.081
20 2 0.203
20 2 0.050
20 2 0.360
20 2 0.025
20 2 0.343
20 2 0.046
20 2 0.046
20 2 0.113
20 2 0.049
20 2 0.102
20 2 0.094
20 2 0.047
20 2 0.323
20 2 0.167
20 2 0.146
20 2 0.277
20 2 0.285
20 2 0.055
20 2 0.087
20 2 0.054
20 2 0.090
20 2 0.411
20 2 0.158
20 2 0.140
20 2 0.114
20 2 0.314
20 2 0.121
20 2 0.128
20 2 0.249
20 2 0.094
20 2 0.086
20 2 0.056
20 2 0.134
20 2 0.321
20 2 0.177
20 2 0.085
20 2 0.149
20 2 0.369
20 2 0.193
20 2 0.056
20 2 0.028
20 2 0.132
20 2 0.140
20 2 0.256
20 2 0.393
20 2 0.064
20 2 0.041
20 2 0.152
20 2 0.133
20 2 0.140
20 2 0.106
20 2 0.369
20 2 0.068
20 2 0.238
20 2 0.121
20 2 0.385
20 2 0.340
20 2 0.289
20 2 0.050
20 2 0.067
20 2 0.328
20 2 0.025
20 2 0.036
20 2 0.341
20 2 0.170
20 2 0.029
20 2 0.038
20 2 0.383
20 2 0.060
20 2 0.070
20 2 0.187
20 2 0.157
20 2 0.122
20 2 0.302
20 2 0.040
20 3 0.098
20 3 0.074
20 3 0.200
20 3 0.051
20 3 0.353
20 3 0.025
20 3 0.344
20 3 0.047
20 3 0.045
20 3 0.117
20 3 0.048
20 3 0.102
20 3 0.096
20 3 0.055
20 3 0.313
20 3 0.172
20 3 0.146
20 3 0.278
20 3 0.290
20 3 0.055
20 3 0.086
20 3 0.054
20 3 0.088
20 3 0.409
20 3 0.160
20 3 0.143
20 3 0.126
20 3 0.313
20 3 0.120
20 3 0.122
20 3 0.244
20 3 0.102
20 3 0.081
20 3 0.058
20 3 0.129
20 3 0.315
20 3 0.187
20 3 0.078
20 3 0.147
20 3 0.358
20 3 0.193
20 3 0.048
20 3 0.026
20 3 0.133
20 3 0.132
20 3 0.243
20 3 0.385
20 3 0.064
20 3 0.042
20 3 0.150
20 3 0.135
20 3 0.139
20 3 0.106
20 3 0.368
20 3 0.067
20 3 0.237
20 3 0.117
20 3 0.370
20 3 0.342
20 3 0.286
20 3 0.050
20 3 0.067
20 3 0.359
20 3 0.025
20 3 0.036
20 3 0.361
20 3 0.182
20 3 0.028
20 3 0.038
20 3 0.379
20 3 0.061
20 3 0.070
20 3 0.180
20 3 0.157
20 3 0.121
20 3 0.295
20 3 0.040
22 1 0.299
22 1 0.046
22 1 0.021
22 1 0.082
22 1 0.172
22 1 0.298
22 1 0.322
22 1 0.326
22 1 0.365
22 1 0.084
22 1 0.168
22 1 2.014
22 1 0.164
22 1 0.394
22 1 0.388
22 1 0.046
22 1 0.113
22 1 0.072
22 1 0.149
22 1 0.086
22 1 0.118
22 1 0.059
22 1 0.071
22 1 0.254
22 1 0.181
22 1 0.443
22 1 0.122
22 1 0.126
22 1 0.034
22 1 0.075
22 1 0.369
22 1 0.587
22 1 0.157
22 1 0.111
22 1 0.159
22 1 0.294
22 1 0.449
22 1 0.142
22 1 0.224
22 1 0.059
22 1 0.108
22 1 0.070
22 1 0.050
22 1 0.116
22 1 0.901
22 1 0.151
22 1 0.138
22 1 0.140
22 1 0.163
22 1 0.025
22 1 0.303
22 1 0.442
22 1 0.091
22 1 0.059
22 1 0.077
22 1 0.429
22 1 0.146
22 1 0.139
22 1 0.092
22 1 0.088
22 1 0.310
22 1 0.084
22 1 0.162
22 1 0.134
22 1 0.109
22 1 0.262
22 1 0.110
22 1 0.359
22 1 0.510
22 1 0.029
22 1 0.371
22 1 0.302
22 1 0.031
22 1 0.305
22 1 0.069
22 1 0.175
22 1 0.120
22 1 0.070
22 1 0.130
22 2 0.311
22 2 0.048
22 2 0.021
22 2 0.079
22 2 0.185
22 2 0.300
22 2 0.315
22 2 0.340
22 2 0.379
22 2 0.084
22 2 0.170
22 2 2.062
22 2 0.166
22 2 0.390
22 2 0.389
22 2 0.046
22 2 0.117
22 2 0.068
22 2 0.154
22 2 0.091
22 2 0.115
22 2 0.058
22 2 0.069
22 2 0.256
22 2 0.179
22 2 0.451
22 2 0.123
22 2 0.123
22 2 0.035
22 2 0.071
22 2 0.372
22 2 0.574
22 2 0.153
22 2 0.106
22 2 0.162
22 2 0.290
22 2 0.448
22 2 0.142
22 2 0.226
22 2 0.061
22 2 0.108
22 2 0.072
22 2 0.049
22 2 0.127
22 2 0.939
22 2 0.157
22 2 0.137
22 2 0.146
22 2 0.166
22 2 0.027
22 2 0.304
22 2 0.427
22 2 0.103
22 2 0.061
22 2 0.079
22 2 0.432
22 2 0.150
22 2 0.137
22 2 0.090
22 2 0.086
22 2 0.313
22 2 0.087
22 2 0.167
22 2 0.134
22 2 0.107
22 2 0.254
22 2 0.111
22 2 0.354
22 2 0.509
22 2 0.029
22 2 0.370
22 2 0.300
22 2 0.030
22 2 0.302
22 2 0.070
22 2 0.178
22 2 0.112
22 2 0.069
22 2 0.130
22 3 0.298
22 3 0.045
22 3 0.022
22 3 0.079
22 3 0.178
22 3 0.289
22 3 0.314
22 3 0.339
22 3 0.382
22 3 0.084
22 3 0.176
22 3 2.077
22 3 0.164
22 3 0.393
22 3 0.387
22 3 0.048
22 3 0.115
22 3 0.068
22 3 0.151
22 3 0.088
22 3 0.118
22 3 0.059
22 3 0.070
22 3 0.256
22 3 0.184
22 3 0.447
22 3 0.120
22 3 0.121
22 3 0.034
22 3 0.071
22 3 0.361
22 3 0.577
22 3 0.153
22 3 0.104
22 3 0.155
22 3 0.293
22 3 0.443
22 3 0.143
22 3 0.218
22 3 0.059
22 3 0.114
22 3 0.071
22 3 0.048
22 3 0.126
22 3 0.882
22 3 0.155
22 3 0.129
22 3 0.142
22 3 0.158
22 3 0.024
22 3 0.320
22 3 0.438
22 3 0.086
22 3 0.067
22 3 0.080
22 3 0.437
22 3 0.147
22 3 0.143
22 3 0.097
22 3 0.088
22 3 0.311
22 3 0.083
22 3 0.168
22 3 0.138
22 3 0.108
22 3 0.261
22 3 0.108
22 3 0.370
22 3 0.506
22 3 0.030
22 3 0.372
22 3 0.307
22 3 0.030
22 3 0.301
22 3 0.068
22 3 0.175
22 3 0.112
22 3 0.073
22 3 0.127
