1 15 3882 0 1 0 0 1 0 0 0 0 0 0 1 0 0 0 0.0
2 15 4220 0 0 0 1 0 0 0 0 1 0 0 0 1 0 0 0.0
3 15 4338 0 0 0 0 1 1 1 0 0 0 0 1 0 0 0 0.0
4 15 4675 0 0 1 0 1 1 0 0 1 0 0 0 1 0 0 0.0
5 15 5532 0 1 1 0 0 1 0 0 0 1 0 1 0 0 0 0.0
6 15 3909 1 0 0 0 0 0 1 0 0 0 0 0 0 1 0 0.0
7 15 5530 1 1 1 0 0 0 1 0 0 0 0 0 0 0 0 0.0
8 15 3236 0 0 1 1 1 0 0 0 0 0 0 0 0 0 0 0.0
9 15 5351 0 0 0 0 0 0 0 0 1 0 1 0 1 0 1 0.0
10 15 5574 0 1 1 1 0 0 0 1 0 0 1 0 0 0 0 0.0
11 15 5175 0 1 0 1 0 0 0 0 1 0 0 1 0 0 0 0.0
12 15 3447 0 1 0 0 1 1 0 1 0 0 0 0 0 0 0 0.0
13 15 3743 0 1 1 0 0 0 1 0 0 0 1 0 0 0 0 0.0
14 15 5030 0 0 0 1 0 1 0 1 0 1 0 0 0 0 0 0.0
15 15 4499 0 1 0 0 0 1 0 0 0 0 1 0 0 1 0 0.0
16 15 5270 1 0 0 0 0 0 0 1 0 1 0 0 0 0 1 0.0
17 15 3919 1 0 1 0 0 0 0 0 0 1 0 1 0 0 0 0.0
18 15 5441 0 0 0 1 0 0 0 0 1 0 1 1 0 0 0 0.0
19 15 3529 0 0 1 0 1 0 0 0 0 1 0 0 0 0 0 0.0
20 15 3365 0 0 0 0 0 0 1 0 0 1 0 0 0 0 1 0.0
21 15 5202 0 1 0 0 0 1 0 1 1 0 0 0 0 0 0 0.0
22 15 4209 0 0 0 0 0 1 1 0 0 1 0 0 0 0 0 0.0
23 15 4356 0 0 0 0 0 1 0 1 0 1 1 0 0 0 0 0.0
24 15 6231 0 0 0 1 0 0 0 0 0 1 1 1 0 1 0 0.0
25 15 4254 0 0 0 0 0 0 0 0 1 0 0 1 1 1 0 0.0
26 15 4626 0 0 1 0 0 0 0 0 0 0 1 1 1 0 0 0.0
27 15 5434 0 0 0 0 0 1 0 0 1 1 0 0 1 0 1 0.0
28 15 7309 0 1 1 0 0 1 1 0 1 0 0 1 0 0 0 0.0
29 15 5420 0 1 1 0 0 0 0 0 0 1 0 0 0 1 0 0.0
30 15 4831 0 0 1 1 0 0 0 1 1 1 0 0 0 0 1 0.0
31 15 4253 1 1 0 0 1 0 1 0 0 0 0 1 0 0 0 0.0
32 15 4415 0 0 1 0 0 0 0 0 0 0 1 1 0 0 1 0.0
33 15 3687 0 0 0 0 0 1 0 0 0 1 0 0 1 0 0 0.0
34 15 4805 0 1 0 0 1 0 0 0 0 1 0 0 0 0 1 0.0
35 15 5981 0 0 1 0 1 0 0 1 0 0 1 1 1 0 0 0.0
36 15 3090 0 0 0 0 0 0 0 0 1 1 1 0 0 0 0 0.0
37 15 3886 0 0 0 0 1 0 0 0 0 0 0 1 1 0 0 0.0
38 15 3814 0 1 1 1 0 0 0 0 0 0 0 0 0 0 0 0.0
39 15 3556 1 1 0 0 0 0 0 0 0 0 1 0 0 0 0 0.0
40 15 4931 0 1 1 0 0 1 1 0 0 0 1 0 0 0 0 0.0
41 15 6457 1 0 1 0 0 0 0 0 0 0 0 0 1 1 1 0.0
42 15 5524 1 0 1 0 0 1 1 0 1 0 0 0 0 0 0 0.0
43 15 4530 0 0 0 0 0 0 1 0 1 1 0 0 1 0 0 0.0
44 15 5565 0 0 1 0 0 0 1 0 1 0 0 0 1 1 0 0.0
45 15 4379 0 0 0 1 1 0 0 0 0 1 0 0 0 1 0 0.0
46 15 5349 0 0 0 0 0 0 1 0 0 1 0 1 1 0 0 0.0
47 15 4739 0 0 0 0 1 0 0 1 1 0 0 0 0 1 1 0.0
48 15 3709 0 1 0 0 0 0 0 0 1 0 1 0 0 0 0 0.0
49 15 7310 1 1 0 1 0 0 0 0 1 1 0 1 0 0 0 0.0
50 15 5127 1 1 1 0 0 1 0 0 0 0 0 0 0 1 0 0.0
51 15 3384 0 0 0 1 1 0 0 0 0 0 0 0 0 1 0 0.0
52 15 4231 0 0 0 0 1 0 0 1 0 1 0 0 0 0 0 0.0
53 15 5963 1 1 0 0 1 0 1 0 1 0 0 0 0 0 0 0.0
54 15 6850 0 0 0 1 1 0 1 0 0 0 0 1 0 0 1 0.0
55 15 6055 0 0 0 0 1 0 1 1 1 0 0 0 0 1 0 0.0
56 15 3406 1 1 0 0 1 1 0 0 0 0 0 0 0 1 0 0.0
57 15 4824 0 0 0 0 0 0 1 1 0 1 0 1 0 0 0 0.0
58 15 4534 0 0 0 0 0 0 1 0 1 1 1 0 0 0 0 0.0
59 15 4348 1 0 1 0 0 1 0 0 0 0 0 0 0 0 0 0.0
60 15 3342 0 0 0 0 1 0 1 0 1 0 0 0 0 0 1 0.0
61 15 4263 0 0 0 0 1 0 0 1 0 1 0 0 0 1 0 0.0
62 15 3780 0 0 0 0 0 0 0 1 1 0 0 1 0 1 0 0.0
63 15 6239 1 1 0 0 0 0 1 0 0 0 1 0 0 0 1 0.0
64 15 6692 1 1 0 0 0 0 0 0 0 0 1 0 1 0 1 0.0
65 15 4271 1 1 0 0 0 0 0 0 0 0 0 0 0 0 1 0.0
66 15 5998 1 0 0 0 1 0 1 0 0 0 0 0 0 1 1 0.0
67 15 2753 0 0 0 1 0 0 0 0 0 0 0 0 1 0 1 0.0
68 15 5919 0 1 0 1 0 1 0 0 0 1 0 1 0 0 0 0.0
69 15 3413 0 1 1 0 0 0 0 0 1 0 0 0 0 0 0 0.0
70 15 4062 1 0 0 1 0 1 0 1 0 0 0 0 0 0 0 0.0
71 15 5404 0 0 0 0 0 0 0 0 1 1 0 1 1 0 0 0.0
72 15 4273 0 0 0 0 1 0 0 1 0 1 0 0 0 0 1 0.0
73 15 3911 1 1 0 0 0 0 0 0 0 0 0 0 0 1 0 0.0
74 15 4743 0 0 0 1 0 0 0 0 0 1 1 1 0 0 1 0.0
75 15 6891 0 0 1 0 1 0 1 0 0 1 1 0 0 0 1 0.0
76 15 5198 0 0 1 0 0 0 0 1 0 0 0 1 0 1 1 0.0
77 15 4356 1 0 0 1 0 0 0 0 1 0 0 1 1 0 0 0.0
78 15 4843 1 0 0 0 0 0 0 1 0 0 0 1 0 1 0 0.0
79 15 4765 0 1 1 0 0 0 1 0 0 0 0 0 0 0 1 0.0
80 15 4306 1 0 0 0 0 0 1 0 1 0 0 0 1 0 0 0.0
81 15 5031 1 0 0 0 0 0 0 1 0 0 1 0 0 1 0 0.0
82 15 4802 0 0 1 1 0 0 0 0 0 1 0 0 0 0 1 0.0
83 15 4991 0 0 1 1 0 1 0 0 0 0 0 0 1 0 0 0.0
84 15 7225 0 1 0 0 0 1 0 0 1 1 0 1 0 1 0 0.0
85 15 4848 0 0 0 0 1 0 1 0 0 1 0 0 0 0 1 0.0
86 15 5059 0 1 0 0 0 0 0 0 0 0 1 1 1 0 0 0.0
87 15 4589 0 0 1 0 1 0 0 0 1 1 0 0 0 0 0 0.0
88 15 4892 0 0 1 0 0 0 0 1 0 1 0 0 1 1 0 0.0
89 15 5819 1 0 0 0 0 1 0 1 0 0 0 0 0 1 1 0.0
90 15 5252 1 0 1 1 0 0 0 0 0 0 1 0 0 0 0 0.0
91 15 5576 0 0 0 0 0 0 1 0 0 1 0 1 0 0 1 0.0
92 15 3450 0 0 0 0 0 1 1 0 0 0 0 0 1 0 0 0.0
93 15 4811 0 0 0 0 0 0 0 1 1 0 0 0 1 1 0 0.0
94 15 5142 0 0 0 0 1 0 1 0 0 0 0 0 0 1 1 0.0
95 15 3853 0 0 0 0 1 0 1 0 0 0 1 0 0 1 0 0.0
96 15 5534 1 0 0 1 0 0 0 1 0 0 0 1 0 0 1 0.0
97 15 3408 0 0 0 1 0 0 0 0 0 0 0 0 1 1 0 0.0
98 15 3471 0 1 1 0 0 0 0 0 0 0 0 0 0 0 1 0.0
99 15 3690 0 1 0 0 0 0 0 1 0 0 0 1 0 0 0 0.0
100 15 5347 0 1 0 1 1 0 0 0 0 0 0 0 1 1 0 0.0
101 15 4010 0 1 0 1 0 0 0 0 0 0 0 0 0 1 1 0.0
102 15 5010 0 0 0 0 1 1 0 1 0 1 0 1 0 0 0 0.0
103 15 4258 0 0 0 0 1 1 0 1 0 0 0 1 0 0 0 0.0
104 15 5263 0 1 0 0 0 1 0 0 0 0 1 0 0 0 1 0.0
105 15 5892 0 0 1 1 0 0 1 1 0 0 0 0 0 1 0 0.0
106 15 5883 0 1 0 0 0 0 0 1 0 0 0 1 0 1 1 0.0
107 15 4879 1 0 0 0 1 0 1 0 0 1 0 0 1 0 0 0.0
108 15 4578 0 1 1 0 1 0 0 0 0 0 0 0 0 1 0 0.0
109 15 5097 0 1 0 0 1 0 1 0 0 0 1 0 0 0 0 0.0
110 15 3840 0 1 0 0 0 0 1 0 0 0 0 1 0 0 0 0.0
111 15 4935 1 0 0 0 0 0 0 0 0 1 1 1 0 0 0 0.0
112 15 3791 0 1 0 1 1 0 0 0 0 1 0 0 0 0 0 0.0
113 15 3614 1 0 0 1 0 0 0 0 0 0 0 0 0 1 0 0.0
114 15 3114 0 0 0 0 0 1 0 1 0 0 1 0 0 0 0 0.0
115 15 3963 0 0 0 0 0 1 0 0 1 0 0 0 1 0 1 0.0
116 15 5930 0 0 1 1 1 1 0 0 0 1 0 0 0 0 0 0.0
117 15 4760 0 0 0 0 1 0 0 1 0 1 0 0 1 0 0 0.0
118 15 3641 1 1 1 0 0 0 0 0 0 1 0 0 0 0 0 0.0
119 15 3899 0 0 0 0 1 0 1 0 0 1 0 0 0 0 0 0.0
120 15 3447 1 0 0 0 0 1 0 0 0 0 0 0 0 1 0 0.0
121 15 5038 1 1 0 0 0 0 0 1 0 0 0 0 1 0 0 0.0
122 15 5123 0 1 0 0 0 0 1 0 0 0 1 1 0 1 1 0.0
123 15 4270 1 0 0 0 0 0 1 0 1 1 0 0 0 1 0 0.0
124 15 6722 0 1 0 0 0 0 0 1 1 0 1 0 1 0 0 0.0
125 15 3498 0 0 0 1 0 1 0 0 0 1 0 0 0 0 0 0.0
126 15 5122 0 0 0 1 0 1 0 0 0 0 0 0 0 1 1 0.0
127 15 3448 0 0 1 0 0 0 0 1 0 1 1 0 0 0 0 0.0
128 15 5267 0 0 1 1 0 0 0 1 0 0 0 0 1 0 0 0.0
129 15 3609 0 0 0 0 1 0 0 0 0 0 1 0 0 1 0 0.0
130 15 3782 0 0 0 1 0 1 0 0 0 1 0 0 0 0 0 0.0
131 15 4161 0 0 0 1 0 0 0 0 1 1 1 0 0 0 0 0.0
132 15 3229 0 1 0 0 0 1 0 0 0 0 0 0 1 0 0 0.0
133 15 4678 0 1 0 1 0 0 1 0 0 1 0 0 0 0 1 0.0
134 15 3736 0 0 1 0 0 0 0 0 0 1 0 1 1 1 0 0.0
135 15 4247 0 0 0 0 1 0 0 1 0 0 1 0 0 0 1 0.0
136 15 3438 0 0 0 0 1 0 0 0 1 0 1 0 0 0 0 0.0
137 15 4037 1 1 0 0 0 0 0 1 0 0 0 0 0 0 0 0.0
138 15 4281 1 1 1 1 0 0 0 0 0 1 0 0 0 0 0 0.0
139 15 5075 0 0 0 1 1 0 1 1 0 0 1 0 0 0 0 0.0
140 15 4744 0 1 0 0 0 0 0 1 1 0 0 0 0 0 1 0.0
141 15 6752 0 1 0 0 0 1 1 1 0 0 0 0 0 1 1 0.0
142 15 5144 0 0 0 0 1 0 1 1 0 1 0 0 0 0 0 0.0
143 15 5217 0 1 1 1 0 0 0 0 0 1 0 0 0 0 0 0.0
144 15 6037 1 0 0 0 0 1 0 0 0 0 1 1 0 1 0 0.0
145 15 5142 0 0 1 0 0 0 0 0 0 1 1 0 0 0 1 0.0
146 15 5154 0 0 0 1 0 1 1 1 0 0 0 0 0 0 0 0.0
147 15 5092 0 0 0 0 1 0 0 1 1 0 1 1 0 0 0 0.0
148 15 4565 0 0 0 0 0 0 0 1 1 1 0 0 0 0 1 0.0
149 15 3860 0 0 0 0 0 0 0 1 1 0 0 1 0 0 1 0.0
150 15 4339 1 0 0 0 0 0 0 0 0 1 0 1 0 1 0 0.0
151 15 5570 1 0 0 1 0 0 0 0 1 0 0 1 0 1 0 0.0
152 15 3634 1 0 0 0 1 1 0 0 0 0 0 1 0 0 0 0.0
153 15 5229 0 1 0 0 1 0 0 0 1 0 1 0 0 0 0 0.0
154 15 4692 0 0 0 1 0 1 0 1 1 0 0 0 0 0 0 0.0
155 15 6176 0 1 0 1 0 0 1 1 0 0 0 0 0 1 0 0.0
156 15 4350 0 0 0 0 1 0 0 1 0 1 0 0 0 1 0 0.0
157 15 6656 0 1 1 0 1 0 0 0 0 1 0 0 0 1 0 0.0
158 15 5621 0 0 0 0 0 0 0 1 0 0 1 1 1 0 1 0.0
159 15 4447 0 0 0 1 0 0 0 0 0 0 1 0 0 1 1 0.0
160 15 5115 0 0 0 0 1 1 0 0 0 1 1 0 0 0 0 0.0
161 15 4783 0 1 0 1 0 0 0 0 0 0 1 1 0 0 0 0.0
162 15 5228 0 0 0 1 0 0 0 1 1 0 1 0 0 0 1 0.0
163 15 7040 1 1 1 1 0 0 0 0 0 0 0 0 1 0 1 0.0
164 15 3751 0 1 0 0 0 0 0 0 0 0 0 0 1 1 0 0.0
165 15 4411 1 1 0 0 0 1 0 0 0 0 0 0 0 0 1 0.0
166 15 5319 1 0 0 1 0 0 0 0 0 1 0 0 0 0 1 0.0
167 15 3191 1 0 1 0 0 0 0 0 0 0 1 0 0 0 0 0.0
168 15 5223 0 0 1 0 0 0 0 0 0 1 0 0 0 1 1 0.0
169 15 4931 0 1 0 0 0 0 1 0 0 0 0 1 1 0 0 0.0
170 15 6453 1 1 0 0 0 1 0 1 0 1 0 0 0 0 0 0.0
171 15 4872 1 0 0 1 1 0 0 0 0 0 0 0 1 0 0 0.0
172 15 4237 0 0 0 0 0 0 0 1 1 0 1 0 0 1 0 0.0
173 15 6159 0 1 0 0 0 0 0 0 1 1 1 1 0 0 0 0.0
174 15 6242 0 1 0 1 0 0 1 1 1 0 0 0 0 0 0 0.0
175 15 4371 0 1 0 0 0 1 0 1 0 0 0 0 0 1 0 0.0
176 15 4275 0 1 0 1 0 0 0 0 0 1 0 0 0 0 1 0.0
177 15 4148 1 0 0 0 0 1 0 0 0 0 1 0 0 1 0 0.0
178 15 3955 0 1 0 1 0 1 1 0 0 0 0 0 0 0 0 0.0
179 15 6029 1 0 0 0 0 0 1 0 0 0 1 1 0 0 1 0.0
180 15 4788 0 0 0 0 0 1 0 0 1 1 1 0 0 1 0 0.0
181 15 3719 0 0 1 1 0 0 0 0 0 0 0 0 1 0 0 0.0
182 15 5919 0 0 1 0 1 0 0 0 0 0 1 0 0 1 1 0.0
183 15 3233 0 0 0 0 0 0 1 0 0 1 0 0 0 0 1 0.0
184 15 3801 0 0 0 0 0 1 0 0 0 0 0 1 1 1 0 0.0
185 15 4522 0 1 0 0 1 0 0 0 0 0 0 1 1 0 0 0.0
186 15 5318 1 0 1 0 0 0 0 1 0 0 0 1 0 0 0 0.0
187 15 5290 0 0 1 0 1 0 1 0 0 1 0 0 0 0 1 0.0
188 15 4470 0 0 0 1 1 0 0 0 0 0 0 0 0 1 1 0.0
189 15 4341 0 0 0 0 0 1 1 0 1 0 0 0 0 1 0 0.0
190 15 5370 1 0 0 1 0 0 0 0 0 0 1 0 0 1 0 0.0
191 15 5118 0 1 0 0 0 0 0 1 1 0 1 0 0 0 0 0.0
192 15 5640 0 1 0 0 0 0 0 1 0 0 1 1 1 0 0 0.0
193 15 5006 0 0 0 0 0 0 0 1 1 0 0 1 1 0 0 0.0
194 15 5724 0 0 0 0 0 0 0 1 1 0 0 1 1 0 1 0.0
195 15 5021 0 0 0 1 0 1 0 0 0 0 0 1 0 1 0 0.0
196 15 4090 0 1 0 0 1 0 0 1 0 0 0 1 0 0 0 0.0
197 15 5149 0 0 1 0 1 0 0 0 1 1 0 0 0 0 0 0.0
198 15 5206 0 1 0 0 0 1 0 0 0 0 1 0 1 0 0 0.0
199 15 4094 0 0 1 1 0 0 0 0 1 0 0 0 0 0 0 0.0
200 15 4876 1 0 1 0 0 0 0 0 1 0 0 0 1 0 0 0.0
201 15 4557 1 0 0 0 0 0 1 0 1 0 0 0 1 0 0 0.0
202 15 4262 0 0 0 0 0 1 1 1 0 0 1 0 0 0 0 0.0
203 15 3355 0 0 0 0 0 1 0 0 0 0 0 1 0 1 0 0.0
204 15 4451 0 1 0 0 0 1 0 1 1 0 0 0 1 0 0 0.0
205 15 3989 0 1 0 1 0 0 1 0 0 1 0 0 0 0 0 0.0
206 15 3485 1 1 0 0 0 0 0 0 0 1 0 0 0 0 0 0.0
207 15 5659 0 1 0 1 0 1 0 0 0 1 1 0 0 0 0 0.0
208 15 4935 1 0 0 1 0 0 0 0 0 1 0 1 0 0 0 0.0
209 15 5308 0 1 0 1 1 0 0 0 0 1 0 0 0 0 0 0.0
210 15 3521 0 1 1 0 0 0 0 0 0 0 1 0 1 0 0 0.0
211 15 5201 0 1 0 0 0 0 1 0 1 1 0 1 0 0 0 0.0
212 15 4670 1 0 1 0 1 1 0 0 0 0 0 0 0 0 0 0.0
213 15 4723 0 0 0 0 0 1 0 0 1 1 0 0 0 0 1 0.0
214 15 6135 0 0 1 0 1 0 0 0 0 1 0 1 0 1 0 0.0
215 15 4766 0 0 1 1 1 0 0 0 0 0 0 0 0 1 0 0.0
216 15 4633 1 0 1 0 0 0 0 0 0 0 0 0 0 1 1 0.0
217 15 4220 0 0 0 0 0 0 0 0 1 1 0 0 1 0 1 0.0
218 15 5059 0 1 0 0 0 0 0 0 1 1 0 0 1 0 0 0.0
219 15 3305 0 0 0 0 0 0 0 0 0 1 1 0 0 1 0 0.0
220 15 4076 0 0 0 1 0 1 0 0 0 0 0 0 0 0 1 0.0
221 15 4985 1 1 0 1 0 0 0 0 0 0 0 0 0 1 0 0.0
222 15 3778 0 1 0 0 0 0 0 1 1 1 0 0 0 0 0 0.0
223 15 4294 0 0 0 1 0 0 0 0 1 0 0 0 0 0 1 0.0
224 15 4967 0 0 0 0 0 0 1 0 0 1 0 0 1 0 1 0.0
225 15 4028 0 0 0 0 1 1 0 0 0 0 0 0 0 0 1 0.0
226 15 4346 1 0 0 0 0 1 1 0 0 0 1 0 0 0 0 0.0
227 15 4786 0 1 0 0 1 0 0 0 1 0 1 0 0 0 0 0.0
228 15 3871 0 0 1 0 0 0 0 1 0 0 0 0 0 1 0 0.0
229 15 4017 1 1 0 0 0 0 0 0 0 1 0 0 1 0 0 0.0
230 15 4579 1 0 0 0 1 0 0 0 0 1 0 0 0 1 0 0.0
231 15 4548 0 0 0 0 1 1 0 0 1 0 0 1 0 0 0 0.0
232 15 5713 1 0 1 0 0 1 1 0 0 0 1 0 0 0 0 0.0
233 15 5521 1 0 0 0 1 1 0 1 0 0 0 0 0 0 0 0.0
234 15 5305 0 0 0 1 1 0 0 0 0 1 0 0 0 0 1 0.0
235 15 4705 1 0 0 0 0 1 1 0 0 0 0 0 1 0 0 0.0
236 15 6113 1 0 0 0 1 0 0 1 0 1 0 1 0 0 0 0.0
237 15 4168 1 1 1 0 0 0 0 0 0 0 1 0 1 0 0 0.0
238 15 3232 0 0 1 1 0 0 0 0 0 0 0 1 0 0 0 0.0
239 15 5430 0 0 0 0 0 0 0 1 1 0 0 0 1 1 0 0.0
240 15 4026 0 0 0 0 0 0 1 1 1 0 0 0 1 0 0 0.0
241 15 5234 0 0 0 0 0 1 1 0 0 1 0 0 0 1 0 0.0
242 15 4331 0 0 0 0 0 0 0 1 0 0 1 0 1 0 0 0.0
243 15 4788 1 0 0 0 0 1 0 0 0 1 0 0 0 0 1 0.0
244 15 5413 0 1 0 1 0 0 0 0 0 0 1 0 0 0 1 0.0
245 15 5052 0 0 1 0 0 0 1 0 0 1 0 1 0 0 0 0.0
246 15 5400 0 0 0 0 1 1 0 1 0 0 0 1 0 0 0 0.0
247 15 5806 1 0 0 0 0 1 1 1 0 0 1 0 0 0 0 0.0
248 15 4550 0 1 1 0 1 0 0 0 0 1 0 0 0 0 0 0.0
249 15 4691 0 0 1 1 0 0 0 0 0 0 1 0 0 1 0 0.0
250 15 3682 1 1 0 0 1 0 0 0 0 0 0 0 0 0 1 0.0
251 15 4781 0 0 0 0 0 0 1 0 0 1 0 0 1 0 1 0.0
252 15 3841 0 1 0 0 1 0 0 0 0 0 0 0 0 0 1 0.0
253 15 3784 1 0 0 0 0 0 0 0 1 0 1 0 0 0 0 0.0
254 15 5747 0 0 0 1 1 0 1 0 0 0 1 0 0 0 1 0.0
255 15 5304 1 0 0 0 1 0 0 0 1 0 0 0 1 0 0 0.0
256 15 5281 1 0 0 0 1 0 0 1 1 0 0 0 0 0 0 0.0
257 15 4386 1 0 0 0 1 0 1 0 0 0 0 0 1 0 0 0.0
258 15 3967 1 0 0 1 0 0 0 0 0 0 0 0 0 1 0 0.0
259 15 4750 0 0 1 1 0 0 0 0 0 1 0 0 0 0 1 0.0
260 15 5818 0 1 0 0 1 0 1 0 0 0 1 0 0 1 0 0.0
261 15 5721 1 0 1 0 0 1 0 1 0 0 0 0 0 1 1 0.0
262 15 3704 0 0 0 0 1 0 0 0 0 0 1 1 1 0 0 0.0
263 15 2497 0 0 0 0 1 0 1 0 0 0 0 0 1 0 0 0.0
264 15 5173 0 0 1 1 1 0 0 0 0 0 1 0 0 0 0 0.0
265 15 5977 1 0 0 0 0 0 0 0 1 0 0 1 1 0 1 0.0
266 15 3447 0 0 1 0 0 0 0 0 0 1 0 1 0 0 0 0.0
267 15 4571 0 0 0 0 0 1 1 0 0 1 0 0 0 0 1 0.0
268 15 4954 0 0 0 1 0 0 0 1 1 0 0 0 1 0 0 0.0
269 15 3882 0 0 1 0 0 0 1 1 0 0 0 0 0 0 1 0.0
270 15 4767 0 0 0 0 0 0 1 1 0 1 1 0 0 0 0 0.0
271 15 5788 0 1 0 1 0 0 0 1 0 0 0 0 0 1 1 0.0
272 15 4010 1 0 1 1 0 0 0 0 0 0 1 0 0 0 0 0.0
273 15 3924 0 0 0 1 0 1 1 0 0 0 1 0 0 0 0 0.0
274 15 4427 0 0 0 0 0 1 0 0 0 1 0 1 0 0 1 0.0
275 15 3221 0 1 0 0 0 0 0 1 0 0 1 0 1 0 0 0.0
276 15 4307 0 1 0 0 0 0 0 0 1 0 1 1 0 0 0 0.0
277 15 5039 1 0 0 0 0 1 0 1 0 1 0 0 0 0 0 0.0
278 15 3763 0 0 0 1 0 0 0 0 0 0 1 0 1 0 0 0.0
279 15 5512 0 0 0 1 0 1 0 0 0 0 1 1 1 0 0 0.0
280 15 5072 0 1 1 0 0 0 0 1 1 0 0 0 0 0 0 0.0
281 15 5507 0 0 1 0 0 1 1 0 0 0 1 0 1 0 0 0.0
282 15 5371 1 0 0 1 1 1 0 1 0 0 0 0 0 0 0 0.0
283 15 5194 0 0 0 1 0 1 0 0 1 0 0 0 1 0 0 0.0
284 15 5753 0 0 0 0 0 1 0 0 1 0 1 0 1 1 0 0.0
285 15 5120 0 1 1 0 0 0 0 0 0 0 1 1 0 1 1 0.0
286 15 4523 0 1 0 0 1 0 1 0 0 1 0 0 0 0 0 0.0
287 15 4002 1 0 1 0 1 0 0 0 0 0 0 1 0 0 0 0.0
288 15 4897 0 1 0 1 1 0 0 0 0 0 0 0 0 0 1 0.0
289 15 5501 0 0 0 0 0 0 0 1 1 1 0 0 0 1 0 0.0
290 15 4830 0 0 0 0 1 0 0 0 0 1 0 1 0 0 1 0.0
291 15 3596 0 0 1 0 0 0 0 0 1 0 0 0 0 1 0 0.0
292 15 4342 1 0 0 0 0 0 0 0 0 0 0 1 1 0 1 0.0
293 15 4807 0 0 1 0 0 1 0 1 0 0 0 0 0 1 0 0.0
294 15 3465 0 1 1 0 0 0 0 0 0 0 0 0 1 0 0 0.0
295 15 5906 0 0 0 0 0 1 1 0 1 0 1 1 0 0 0 0.0
296 15 5796 0 1 0 0 0 0 1 1 0 0 1 1 1 0 0 0.0
297 15 4523 1 0 0 0 0 0 0 0 1 0 0 0 1 0 1 0.0
298 15 3868 0 1 1 1 1 0 1 0 0 0 0 0 0 0 0 0.0
299 15 5515 0 0 1 0 0 0 0 0 1 0 1 1 0 0 0 0.0
300 15 5157 0 0 0 1 1 0 1 0 0 0 0 0 0 0 1 0.0
301 15 5290 1 0 0 0 1 0 0 1 0 0 0 0 1 0 0 0.0
302 15 4549 0 1 0 0 1 0 0 0 1 0 0 0 1 0 0 0.0
303 15 4181 0 0 0 0 0 0 1 0 1 0 0 1 0 0 1 0.0
304 15 5125 0 1 1 0 1 0 0 0 0 1 0 0 0 0 0 0.0
305 15 3068 1 0 1 1 0 0 0 0 0 0 0 0 0 1 1 0.0
306 15 5874 0 1 1 0 0 0 0 0 1 0 0 0 0 1 1 0.0
307 15 4237 0 0 0 0 0 1 0 1 0 0 0 1 0 1 0 0.0
308 15 5537 0 0 0 1 1 0 0 0 0 0 1 0 0 0 1 0.0
309 15 5212 0 0 0 0 1 0 1 1 0 0 0 1 0 0 0 0.0
310 15 3822 0 0 0 0 1 0 0 1 0 1 0 0 1 0 0 0.0
311 15 5067 0 0 1 0 0 1 0 0 0 1 0 0 0 0 1 0.0
312 15 4406 0 0 1 0 1 0 0 0 0 1 0 0 1 1 0 0.0
313 15 6211 1 1 0 1 0 0 0 0 1 1 0 0 0 1 0 0.0
314 15 4905 0 0 0 0 0 0 0 0 0 1 0 1 0 1 1 0.0
315 15 3747 1 0 0 0 0 1 0 0 0 0 1 0 0 0 0 0.0
316 15 4894 0 0 1 1 0 0 0 1 0 0 0 0 1 0 1 0.0
317 15 3636 0 0 0 0 1 0 1 0 0 0 0 0 1 0 0 0.0
318 15 5453 0 0 1 0 1 0 0 0 0 0 0 1 0 1 1 0.0
319 15 4164 1 1 0 0 1 0 0 0 0 1 0 0 0 0 0 0.0
320 15 4393 0 0 1 0 0 0 0 1 1 0 0 1 1 0 0 0.0
321 15 5411 0 0 1 1 0 0 1 0 0 0 0 0 0 1 0 0.0
322 15 3487 0 0 0 1 0 0 0 1 1 0 0 0 0 0 1 0.0
323 15 4375 0 1 1 1 0 1 1 0 0 0 0 0 0 0 0 0.0
324 15 4519 1 0 1 0 0 0 0 1 0 0 0 0 0 1 1 0.0
325 15 3890 0 0 0 0 0 0 0 1 0 0 0 1 1 0 0 0.0
326 15 4488 0 1 0 0 1 0 0 0 1 0 0 1 0 0 0 0.0
327 15 6021 1 0 0 1 0 1 1 0 0 1 0 0 0 0 0 0.0
328 15 6004 0 1 0 0 0 0 0 0 0 1 1 1 0 1 0 0.0
329 15 3738 0 1 0 1 1 0 0 1 0 0 0 0 0 0 0 0.0
330 15 4042 1 0 0 1 0 1 0 0 0 1 0 0 0 0 0 0.0
331 15 4523 1 1 0 1 0 0 0 0 0 0 0 0 1 1 0 0.0
332 15 6033 0 0 1 0 1 0 0 0 0 0 0 0 1 1 1 0.0
333 15 4991 1 0 0 0 0 0 1 0 0 1 0 0 1 1 0 0.0
334 15 5151 0 0 0 0 0 1 1 1 0 0 0 1 0 0 0 0.0
335 15 5367 1 1 0 0 0 0 0 1 1 0 0 0 0 0 0 0.0
336 15 4937 1 0 0 0 0 0 0 0 0 0 1 0 1 0 1 0.0
337 15 5097 0 0 0 0 0 0 1 0 0 0 0 1 0 1 1 0.0
338 15 4142 0 0 0 1 0 0 1 0 1 0 1 0 0 0 0 0.0
339 15 4946 0 0 0 1 0 1 0 1 0 0 0 0 1 0 1 0.0
340 15 4989 0 0 0 0 0 0 1 0 0 1 1 1 0 0 0 0.0
341 15 5527 0 0 0 0 1 0 0 0 1 0 0 1 1 1 0 0.0
342 15 5180 1 0 0 0 1 0 0 1 0 0 0 1 0 0 0 0.0
343 15 5529 0 1 0 1 0 0 0 0 0 1 0 0 0 1 0 0.0
344 15 4136 0 0 1 0 0 0 1 0 0 0 0 0 0 0 1 0.0
345 15 4307 0 0 0 0 1 1 0 1 0 0 0 1 0 0 0 0.0
346 15 4839 1 0 0 0 1 0 0 1 1 0 0 0 0 0 0 0.0
347 15 4535 0 1 0 0 1 0 0 0 0 0 1 0 1 0 0 0.0
348 15 4284 1 0 0 0 0 0 0 0 1 1 0 0 0 1 0 0.0
349 15 5465 0 1 1 0 0 0 1 1 0 0 0 0 0 0 1 0.0
350 15 5326 0 1 0 0 0 0 1 0 1 0 0 0 1 0 1 0.0
351 15 4136 0 0 1 0 0 0 0 0 1 0 0 0 0 0 1 0.0
352 15 4026 1 0 0 0 0 0 0 1 0 0 0 0 0 1 0 0.0
353 15 4027 0 0 0 0 0 1 0 1 1 0 0 0 0 0 0 0.0
354 15 6129 0 0 1 1 0 0 0 0 0 1 0 1 0 0 1 0.0
355 15 5146 0 0 0 1 1 0 0 0 0 0 0 1 0 1 1 0.0
356 15 5078 0 0 1 0 1 0 0 0 0 0 1 0 1 0 0 0.0
357 15 4486 0 1 0 0 0 1 1 0 0 0 0 1 0 0 0 0.0
358 15 5293 1 0 0 0 0 0 0 1 0 0 1 1 0 0 0 0.0
359 15 4774 0 0 0 1 0 0 0 1 1 0 1 0 0 0 0 0.0
360 15 4271 0 0 0 0 0 1 1 0 0 0 0 0 0 0 1 0.0
361 15 5603 0 0 0 0 1 0 1 0 1 0 1 0 0 0 0 0.0
362 15 3682 0 0 0 1 1 1 0 0 0 0 0 0 1 0 0 0.0
363 15 4638 0 0 1 0 0 0 1 1 0 0 0 1 1 0 0 0.0
364 15 3617 0 0 1 0 1 0 0 0 0 1 0 0 0 0 0 0.0
365 15 3833 0 0 0 0 0 0 0 0 0 1 0 0 1 1 0 0.0
366 15 5290 1 0 0 1 0 0 0 0 0 0 1 1 0 0 0 0.0
367 15 4260 0 0 1 0 0 0 0 1 1 1 0 0 0 0 0 0.0
368 15 5220 0 0 0 1 1 0 0 0 1 1 0 0 0 0 0 0.0
369 15 4757 0 0 1 1 0 1 0 0 1 0 0 0 0 0 0 0.0
370 15 4328 0 0 0 0 0 0 1 1 0 1 0 0 0 1 1 0.0
371 15 3574 0 1 0 0 0 1 0 0 0 0 0 0 0 0 1 0.0
372 15 5122 0 1 0 1 0 0 0 0 1 0 0 0 0 0 1 0.0
373 15 3372 0 0 0 0 0 0 0 0 0 0 1 1 0 1 0 0.0
374 15 5687 0 0 1 0 0 0 1 0 0 0 1 1 0 1 0 0.0
375 15 4921 1 0 1 0 1 0 0 0 0 1 0 0 0 0 0 0.0
376 15 4613 1 0 0 0 0 1 1 0 0 0 0 0 0 1 0 0.0
377 15 5280 0 1 1 0 0 0 0 0 1 0 0 0 1 0 0 0.0
378 15 4687 1 0 0 0 0 1 0 0 0 1 0 0 0 0 1 0.0
379 15 4755 0 0 0 1 0 0 0 0 1 0 0 0 0 1 1 0.0
380 15 5221 1 0 0 0 0 0 0 1 0 0 1 1 0 0 0 0.0
381 15 4924 0 0 0 1 0 0 1 0 0 1 0 1 1 0 0 0.0
382 15 5021 0 0 0 0 0 0 0 1 1 1 0 0 0 1 0 0.0
383 15 5421 1 0 1 0 0 0 0 0 1 0 1 0 1 0 0 0.0
384 15 4098 0 1 0 1 0 1 0 0 0 0 0 0 0 0 0 0.0
385 15 5138 0 0 0 1 0 1 0 0 1 0 1 0 0 0 0 0.0
386 15 4257 0 1 0 1 0 0 0 1 1 0 0 0 0 0 0 0.0
387 15 3663 1 0 0 0 0 0 1 1 0 0 0 0 1 0 0 0.0
388 15 4511 1 0 1 0 0 0 0 0 0 1 0 0 1 0 0 0.0
389 15 6283 0 1 0 0 0 0 1 1 1 0 0 0 0 1 0 0.0
390 15 4696 0 1 0 0 1 0 0 1 1 0 0 0 0 0 0 0.0
391 15 4263 0 1 0 0 0 1 0 0 1 1 0 0 0 0 0 0.0
392 15 5408 0 1 1 0 0 0 0 1 1 0 0 0 0 0 0 0.0
393 15 5145 0 0 0 0 0 0 0 1 0 1 0 0 0 1 1 0.0
394 15 4525 0 0 1 0 1 0 0 0 0 0 1 0 0 0 1 0.0
395 15 4254 0 0 0 0 0 0 1 1 1 0 1 1 0 0 0 0.0
396 15 4459 1 0 0 0 0 1 1 0 0 0 0 0 0 0 1 0.0
397 15 4557 0 0 0 0 1 0 1 0 0 1 1 0 0 0 0 0.0
398 15 5063 0 0 0 0 0 0 0 0 1 1 0 0 1 1 0 0.0
399 15 3641 0 0 1 0 0 0 1 0 1 0 0 0 0 0 0 0.0
400 15 4484 1 0 1 0 0 0 0 0 0 0 0 0 1 0 1 0.0
401 15 6129 0 1 0 0 0 1 0 0 0 0 0 1 1 0 1 0.0
402 15 6206 0 0 1 1 1 0 1 0 0 0 0 0 0 1 0 0.0
403 15 4931 0 1 0 0 0 0 1 0 0 0 0 1 0 1 0 0.0
404 15 5041 0 0 0 1 0 0 0 0 1 0 1 0 0 0 1 0.0
405 15 5390 0 1 1 1 0 0 0 0 0 0 0 1 0 0 0 0.0
406 15 4796 1 0 0 1 1 0 0 0 0 0 0 1 1 0 0 0.0
407 15 4906 0 0 1 0 0 0 0 0 0 0 1 1 0 0 1 0.0
408 15 3975 0 0 1 0 0 0 0 0 0 1 0 0 1 0 0 0.0
409 15 4702 0 0 0 0 0 1 0 1 0 1 0 1 0 0 0 0.0
410 15 4758 0 1 0 1 1 0 0 0 1 0 0 0 0 0 0 0.0
411 15 4961 0 0 1 1 0 0 0 1 0 0 0 1 0 1 0 0.0
412 15 5890 1 1 0 0 0 1 0 1 1 0 0 0 0 0 0 0.0
413 15 3392 0 1 0 0 1 0 0 0 0 0 0 0 1 0 1 0.0
414 15 4278 0 0 1 0 1 0 1 0 0 0 1 0 0 0 0 0.0
415 15 4835 0 0 1 1 1 0 0 0 0 0 0 0 1 0 0 0.0
416 15 4690 0 0 1 1 0 0 1 0 0 0 0 1 0 0 0 0.0
417 15 3574 0 1 0 1 0 0 1 0 0 0 0 0 0 0 1 0.0
418 15 5565 0 1 0 0 1 1 0 0 1 0 0 0 0 0 0 0.0
419 15 6623 1 0 1 0 1 1 1 0 0 0 0 0 0 0 1 0.0
420 15 4437 0 0 0 0 0 0 0 0 0 1 0 1 1 0 1 0.0
421 15 6242 0 0 0 0 0 1 0 1 0 0 1 1 0 1 0 0.0
422 15 4193 0 0 0 0 0 0 0 0 1 0 1 0 0 1 0 0.0
423 15 5806 0 1 0 0 1 0 1 1 0 0 0 0 0 1 0 0.0
424 15 5265 0 1 0 1 0 0 0 1 0 0 1 0 1 0 0 0.0
425 15 5013 0 1 1 0 0 0 0 0 1 0 0 0 0 0 1 0.0
426 15 3480 0 0 0 1 1 0 0 0 1 0 0 1 0 0 0 0.0
427 15 4922 1 0 0 1 0 1 1 0 0 0 0 1 0 0 0 0.0
428 15 5263 0 0 0 0 1 0 0 1 1 1 0 0 0 0 0 0.0
429 15 5065 0 0 1 1 0 0 1 0 0 1 0 0 0 0 0 0.0
430 15 3871 0 0 0 0 0 1 0 0 0 0 1 0 0 0 1 0.0
431 15 5057 0 0 0 0 0 1 1 0 1 0 1 0 0 1 0 0.0
432 15 4075 1 0 1 0 0 1 0 0 0 0 0 0 0 0 1 0.0
433 15 3580 1 0 0 0 0 0 1 1 0 0 0 0 0 0 0 0.0
434 15 3254 0 0 0 0 0 0 0 0 0 0 0 1 0 1 1 0.0
435 15 4657 0 0 0 0 0 0 1 1 1 1 0 0 0 0 0 0.0
436 15 4987 0 1 1 0 1 0 0 1 0 0 0 0 0 0 0 0.0
437 15 3673 0 0 0 0 0 0 1 0 1 1 0 0 0 0 0 0.0
438 15 5391 0 0 0 0 0 1 0 0 0 0 1 1 0 0 1 0.0
439 15 4071 0 0 1 0 0 1 1 0 0 0 0 0 1 0 0 0.0
440 15 4126 0 0 1 0 0 0 1 0 0 1 0 0 0 0 0 0.0
441 15 5842 0 0 1 0 0 0 1 1 1 1 0 0 0 0 0 0.0
442 15 5205 0 1 0 1 0 0 1 0 1 0 0 0 0 1 0 0.0
443 15 5930 1 1 0 0 1 0 0 0 0 1 0 0 0 1 0 0.0
444 15 4888 0 1 1 0 0 1 0 0 1 0 1 0 0 0 0 0.0
445 15 3711 1 0 0 0 0 0 0 0 1 0 0 1 1 0 0 0.0
446 15 5087 1 1 0 0 0 0 0 0 0 1 0 0 1 0 0 0.0
447 15 3894 0 0 0 0 0 1 0 1 1 0 0 0 0 1 0 0.0
448 15 5560 1 1 0 0 0 1 0 0 1 0 0 0 0 0 1 0.0
449 15 5963 0 1 0 1 1 1 0 0 0 0 0 0 0 1 0 0.0
450 15 5724 0 0 0 0 1 0 1 1 0 0 0 1 0 0 1 0.0
451 15 3711 0 0 0 1 0 0 0 0 0 1 0 1 0 1 0 0.0
452 15 4053 0 0 0 0 1 0 0 0 0 0 0 1 0 1 1 0.0
453 15 4124 0 0 0 0 0 0 0 0 0 1 0 0 1 0 1 0.0
454 15 3048 0 0 1 0 0 0 1 0 0 0 0 0 1 0 1 0.0
455 15 3467 0 0 0 0 0 0 1 0 1 0 0 1 0 0 0 0.0
456 15 5535 1 1 0 1 0 0 0 0 0 1 0 0 0 0 1 0.0
457 15 4029 0 0 0 1 0 0 0 0 1 1 0 0 0 0 1 0.0
458 15 4553 1 0 1 0 1 0 0 0 0 0 0 0 0 1 0 0.0
459 15 4472 0 0 1 1 1 1 0 0 0 0 0 0 0 0 0 0.0
460 15 4280 0 0 0 0 1 0 0 0 0 1 0 0 0 1 0 0.0
461 15 6011 0 0 0 0 1 0 0 1 0 1 1 1 0 0 0 0.0
462 15 4391 0 1 0 0 0 0 1 1 0 1 0 0 0 0 0 0.0
463 15 4977 0 0 0 1 1 1 1 0 0 0 0 0 0 0 0 0.0
464 15 4803 0 0 0 1 1 1 1 0 0 0 0 0 0 0 0 0.0
465 15 4688 1 0 0 0 1 1 0 0 1 0 0 0 1 0 0 0.0
466 15 6685 1 1 0 0 1 0 0 0 1 0 0 0 0 0 1 0.0
467 15 5733 0 0 0 1 0 0 0 0 1 0 1 0 1 0 1 0.0
468 15 3545 0 1 1 0 0 0 0 0 0 0 1 1 0 0 0 0.0
469 15 4926 0 0 0 0 1 1 0 1 0 0 0 1 0 0 0 0.0
470 15 5105 0 1 1 1 0 0 1 0 0 0 0 0 0 1 0 0.0
471 15 4113 0 0 0 1 0 0 1 0 0 0 0 1 0 0 1 0.0
472 15 3820 1 0 1 0 0 0 0 0 0 0 0 1 0 0 1 0.0
473 15 4811 1 1 0 0 0 0 0 0 0 0 0 0 1 1 0 0.0
474 15 5979 1 0 1 1 0 1 0 0 0 1 0 0 0 0 0 0.0
475 15 4594 0 0 1 0 0 0 1 1 1 0 0 0 0 0 0 0.0
476 15 5325 1 0 1 0 1 0 0 0 1 0 0 0 0 0 0 0.0
477 15 5106 0 1 0 0 0 1 0 1 1 0 0 0 0 0 0 0.0
478 15 5353 0 0 1 1 0 0 0 0 0 0 0 0 1 1 0 0.0
479 15 5841 1 0 0 0 1 0 0 0 0 1 0 1 0 0 1 0.0
480 15 4322 1 0 0 1 1 1 0 0 0 0 0 0 0 0 0 0.0
481 15 3531 0 0 1 1 1 0 0 0 0 0 0 0 0 1 0 0.0
482 15 4304 0 0 0 0 0 0 0 0 0 0 1 0 0 1 1 0.0
483 15 5376 1 1 1 0 0 0 0 1 1 0 0 0 0 0 0 0.0
484 15 4862 0 0 0 0 0 0 1 1 1 0 0 1 0 0 0 0.0
485 15 3991 0 1 0 1 0 0 0 0 1 0 0 0 0 1 0 0.0
486 15 5301 0 0 0 0 1 0 0 0 1 0 1 0 0 1 1 0.0
487 15 3933 0 1 0 1 0 0 0 0 0 0 1 0 0 0 0 0.0
488 15 4249 0 0 1 1 0 1 0 0 0 0 0 0 0 1 0 0.0
489 15 4299 0 0 0 0 0 1 0 0 0 0 0 1 0 1 1 0.0
490 15 4504 1 0 1 0 1 0 0 0 1 1 0 0 0 0 0 0.0
491 15 5572 1 0 1 0 0 0 1 0 0 1 0 0 1 0 0 0.0
492 15 5143 1 0 1 1 0 1 0 0 0 0 0 0 0 0 0 0.0
493 15 4248 0 0 0 0 1 0 0 0 0 0 0 0 0 1 1 0.0
494 15 4178 0 0 0 0 1 0 0 0 0 1 0 1 0 0 0 0.0
495 15 5324 0 1 0 1 0 1 0 0 0 0 0 0 0 1 0 0.0
496 15 4267 0 0 0 1 0 1 1 1 0 0 0 0 0 0 0 0.0
497 15 3366 0 0 0 0 0 0 0 0 1 0 0 0 0 1 1 0.0
498 15 5511 0 1 0 1 1 0 0 1 0 0 0 0 1 0 0 0.0
499 15 4695 0 1 0 0 0 0 0 1 1 0 0 0 0 0 1 0.0
500 15 4249 0 0 0 0 0 0 0 1 0 0 0 1 1 1 0 0.0
