1 15 258 44 258 251 388 176 902 73 852 257 404 170 133 164 989 183 602 163 1200 211 445 207 985 281 500 39 1278 202 857 165 284
2 15 358 294 1185 249 530 223 1316 159 295 203 447 257 1415 287 881 259 1249 286 888 195 1062 211 129 289 910 223 1173 226 460 223 207
3 15 291 217 498 95 1152 172 1023 246 152 285 71 66 964 118 1399 151 1392 278 656 202 1415 290 302 220 1259 146 1164 232 1329 192 830
4 15 280 266 1194 182 149 143 1356 231 94 80 956 137 1194 203 1335 194 1378 98 990 198 514 294 962 256 463 142 645 103 1274 280 1485
5 15 312 263 634 139 651 284 1165 123 1414 275 249 213 421 248 947 107 101 242 839 160 672 190 442 159 1472 237 185 236 735 247 701
6 15 286 258 177 297 604 244 666 77 548 201 468 52 337 116 179 261 746 241 1078 297 859 182 351 264 1410 187 750 89 1490 102 147
7 15 320 284 963 51 425 256 433 245 87 293 588 180 414 300 8 237 1346 114 314 190 1445 295 1 161 107 252 522 181 1160 168 948
8 15 327 263 578 230 290 135 1326 142 1433 230 246 287 341 289 229 126 660 179 315 129 1151 277 950 269 253 270 1276 237 611 209 1347
9 15 312 118 1104 248 1316 240 1126 240 1298 280 1372 96 1066 282 1260 179 300 260 1290 89 1168 237 296 197 1173 278 591 90 1185 287 846
10 15 307 43 645 261 1364 154 1126 291 919 259 1291 173 200 262 693 268 303 136 929 157 410 278 177 231 50 218 787 171 1465 170 1362
11 15 285 280 112 178 193 225 426 41 1303 246 1105 209 392 138 773 274 345 244 354 113 759 129 1156 151 29 264 100 75 1257 292 629
12 15 302 184 184 140 810 146 86 202 248 299 355 180 978 275 1322 112 1451 179 121 207 1013 108 1162 208 1062 291 177 298 551 195 13
13 15 318 23 930 261 734 230 613 217 450 268 201 159 1070 294 1164 187 948 280 1111 158 743 293 740 179 149 225 1189 160 1386 249 1023
14 15 275 89 1448 120 301 299 571 252 493 87 30 238 1488 292 1255 193 126 246 1363 249 1184 136 555 229 670 117 1197 66 1413 137 802
15 15 311 138 597 295 685 174 268 236 1386 251 1272 203 629 88 743 237 487 192 1349 132 121 286 79 275 1106 145 1419 197 1374 269 1259
16 15 291 255 681 290 532 174 332 221 1295 160 1370 211 517 145 113 165 783 182 447 297 1396 146 762 193 1103 241 834 176 539 57 1050
17 15 334 284 171 298 1260 257 169 227 46 178 832 104 870 230 573 278 874 234 78 121 954 276 1174 162 366 176 37 227 69 293 143
18 15 317 119 135 252 1176 219 1211 225 272 291 1490 300 472 264 836 67 229 57 1021 269 76 272 814 206 1080 255 711 155 294 228 1423
19 15 283 95 1157 264 592 128 385 297 1086 139 1193 213 313 203 280 160 956 193 877 92 1200 214 488 294 246 276 218 63 417 201 1421
20 15 338 283 328 212 199 111 160 222 906 197 735 148 1123 280 850 182 455 299 245 125 14 288 233 289 734 244 104 282 944 225 348
21 15 347 244 80 254 1315 289 62 288 947 274 818 286 56 234 600 91 384 261 61 148 235 264 1037 110 1409 276 812 252 274 199 730
22 15 292 124 1325 105 1399 276 829 146 76 243 610 166 319 266 228 192 746 214 936 295 1209 217 382 195 376 125 836 120 22 244 954
23 15 323 91 1329 294 578 65 344 278 425 129 1411 233 553 260 74 248 573 218 709 224 673 223 524 272 1412 232 48 270 1139 199 301
24 15 297 123 704 294 1148 46 1075 162 1385 282 35 240 212 300 1153 263 238 110 65 259 645 229 1273 128 551 99 10 196 512 247 976
25 15 332 155 435 245 671 239 367 112 388 270 33 192 742 272 554 214 1167 248 488 102 149 292 1236 199 98 272 1120 248 402 260 93
26 15 255 254 419 223 68 131 956 173 76 185 867 168 1264 200 239 112 1442 56 324 254 1148 261 1341 180 279 26 684 54 774 275 453
27 15 288 274 642 214 1075 139 801 130 1028 165 816 17 219 264 88 240 1335 162 1438 203 48 260 441 176 1143 244 142 182 1260 213 939
28 15 327 202 1205 169 1249 243 349 193 117 242 338 279 158 220 512 84 693 201 645 176 388 295 494 253 848 231 846 259 184 226 181
29 15 270 245 303 176 473 128 1220 171 1063 264 411 223 1021 140 756 116 1119 239 1 258 777 227 1416 144 225 216 525 38 1014 122 1093
30 15 293 284 210 286 1296 127 935 258 1041 207 73 239 224 216 505 266 1460 186 158 89 770 296 580 61 1477 99 933 53 662 263 767
31 15 272 101 1000 201 758 151 724 108 541 100 1494 148 1377 244 1266 229 564 213 878 215 326 238 854 256 1282 114 1379 109 814 293 264
32 15 297 150 126 129 183 299 1072 201 1332 269 151 271 1494 298 781 108 518 144 1354 258 323 130 1232 62 730 290 321 223 1227 141 369
33 15 307 267 899 191 975 121 1076 192 481 128 803 83 133 295 1169 293 1034 231 1066 144 1235 258 594 221 979 113 857 258 525 284 347
34 15 285 234 1396 38 539 242 667 299 358 213 26 33 1437 157 1320 256 1491 294 1291 229 386 246 265 168 399 195 174 169 1402 83 1336
35 15 235 208 1357 195 828 221 217 271 1023 179 814 234 706 66 712 173 505 37 230 178 151 94 753 131 232 37 613 130 1174 199 413
36 15 347 186 1013 271 539 219 1226 283 961 265 566 178 1015 241 1459 276 246 239 689 275 13 206 1496 203 263 227 1415 297 213 106 1254
37 15 263 299 1350 144 495 217 1063 235 349 292 442 79 1440 145 407 143 1361 145 936 245 929 263 661 80 953 300 1424 20 154 25 1348
38 15 293 229 1121 35 991 245 400 268 999 106 616 281 159 209 1295 241 1115 289 1054 95 82 84 421 223 1457 286 636 90 1078 250 1329
39 15 319 285 872 272 956 136 1155 283 972 257 676 179 27 293 1468 283 1006 119 1145 289 278 45 60 86 174 290 962 151 9 227 1285
40 15 327 243 314 244 810 281 201 283 1355 121 1163 237 201 248 924 240 805 146 58 119 100 272 185 210 925 86 1420 299 942 243 867
41 15 281 279 1214 251 120 189 539 170 22 152 1076 286 34 236 1103 291 418 165 1065 158 448 50 1398 199 151 209 1140 68 220 115 662
42 15 306 194 1326 218 598 168 466 265 146 169 922 234 688 117 465 196 346 210 174 288 120 139 1185 121 209 286 125 195 778 260 1084
43 15 310 95 169 274 689 219 513 147 966 224 492 115 1434 288 707 192 593 241 1114 208 4 152 922 219 551 183 1468 292 61 252 1357
44 15 292 209 1160 274 216 191 213 239 1095 238 1499 79 460 82 987 201 1434 233 741 296 616 111 357 105 188 236 1408 174 1499 260 867
45 15 320 200 638 178 1149 289 462 210 1017 247 234 243 479 151 975 207 825 81 49 172 245 234 1131 299 1462 208 1372 230 576 258 289
46 15 359 252 15 230 120 228 933 101 1169 271 1460 228 668 241 304 252 494 276 953 274 219 204 697 243 1449 240 1070 262 1222 291 1436
47 15 327 203 1285 268 127 295 113 281 1053 180 987 162 164 216 1309 130 856 260 1300 283 436 245 265 229 867 47 1149 241 763 230 1015
48 15 272 77 252 222 1257 270 299 127 801 111 1080 256 384 125 562 226 531 61 474 242 206 131 727 274 168 249 758 288 359 64 908
49 15 334 272 1422 181 221 258 1203 139 1349 248 1351 214 89 282 547 240 1182 269 800 253 849 225 646 123 226 220 707 291 662 128 855
50 15 390 279 1048 293 411 262 1308 279 6 282 485 289 352 190 283 243 1459 273 410 171 1372 294 34 254 330 286 14 241 1323 270 1198
51 15 274 184 477 56 234 183 766 207 77 80 428 275 483 225 1411 154 953 68 931 147 899 200 1153 252 344 127 237 290 650 300 618
52 15 321 79 148 232 1135 300 518 245 740 177 1341 52 788 265 716 276 1149 239 410 232 417 267 1067 90 513 254 1292 263 696 246 1001
53 15 280 191 950 292 381 38 714 286 1239 269 990 220 632 184 62 88 1366 256 921 114 593 186 749 284 400 209 1500 137 1386 55 741
54 15 290 135 966 230 1468 204 1252 70 222 113 592 146 834 159 1309 228 1238 290 457 96 1392 281 73 265 1098 288 114 151 252 250 551
55 15 309 255 368 197 553 269 292 244 121 168 1375 167 917 236 1029 253 666 29 415 261 676 103 637 232 195 271 99 257 836 152 933
56 15 320 258 547 154 1331 286 77 223 164 284 432 282 381 247 113 226 823 214 805 290 547 191 854 230 1330 102 198 192 803 27 443
57 15 313 62 647 227 1033 105 715 258 1273 255 786 77 175 245 266 128 130 242 611 276 447 236 834 293 396 250 1023 185 565 299 688
58 15 289 271 905 232 120 51 1201 181 1331 63 639 284 15 104 1242 104 539 271 1287 71 1222 287 1117 251 55 143 872 280 696 300 1257
59 15 310 296 116 257 828 183 919 127 1207 117 691 193 519 246 1034 203 1047 164 506 212 394 295 691 144 600 205 592 174 195 291 943
60 15 324 256 392 87 1381 224 1414 296 984 238 1467 278 21 144 530 218 121 100 256 166 448 231 714 287 1022 267 1180 235 1246 219 401
61 15 290 264 810 254 1269 184 669 104 352 108 1071 123 766 132 264 269 730 166 1459 74 1120 253 783 291 490 137 604 297 1316 245 651
62 15 253 209 1414 293 219 18 253 266 798 231 469 141 1230 15 1026 118 694 175 1372 207 965 8 471 231 1318 242 1423 190 1196 195 758
63 15 309 253 1201 174 418 101 727 235 125 280 871 288 177 229 1447 149 999 190 926 240 1098 284 387 147 40 251 80 120 453 155 1053
64 15 300 157 302 296 889 285 1016 76 981 276 295 294 926 130 1307 260 60 157 171 293 1025 257 302 110 1098 52 355 178 816 186 826
65 15 322 290 166 195 159 194 291 147 1066 258 1251 212 612 159 774 68 1442 126 1334 198 1451 277 1248 274 903 288 1378 288 1058 250 201
66 15 319 154 887 298 484 97 1438 261 358 228 1132 142 66 173 595 258 1020 271 893 275 657 208 980 286 1300 286 1489 58 245 199 765
67 15 320 299 1002 44 71 231 1476 67 718 260 193 223 156 177 167 190 428 299 901 268 630 268 691 289 1213 164 1404 276 1447 153 1269
68 15 274 117 548 244 1160 123 757 82 979 228 1290 147 1111 144 674 147 27 199 1480 155 597 283 918 240 472 147 512 279 1022 211 456
69 15 310 204 635 294 794 285 1359 247 1489 33 1042 16 583 232 938 273 239 193 472 205 304 290 544 269 810 272 172 173 1277 121 246
70 15 306 143 161 286 510 213 1406 163 110 165 396 284 303 45 1036 293 1263 291 944 251 1462 61 438 124 492 229 586 298 796 217 1351
71 15 302 174 1398 198 847 268 798 226 966 160 1222 207 1436 34 214 237 679 269 938 230 593 215 1160 232 408 193 1192 187 490 199 278
72 15 310 177 307 111 1309 205 258 284 1231 298 181 52 442 271 105 186 793 265 889 83 1148 256 1486 186 503 157 238 291 496 285 569
73 15 284 153 437 219 215 212 1375 147 554 205 1468 158 1384 169 1233 160 193 196 452 188 52 141 170 300 1489 225 799 261 216 108 269
74 15 312 279 1379 291 1216 240 206 241 737 220 1176 21 85 227 560 151 786 88 591 289 372 288 622 265 684 107 920 216 279 206 675
75 15 295 132 346 275 30 233 652 291 65 269 244 251 881 129 1491 144 1211 117 551 156 37 191 1165 170 628 254 353 165 200 179 165
76 15 309 41 1473 264 547 177 1055 222 943 261 1054 288 1192 202 603 163 1097 149 688 235 1498 39 958 252 807 288 1463 283 950 235 1459
77 15 276 276 838 207 245 56 1051 248 1158 253 749 231 911 130 1411 146 1206 278 1485 159 1100 167 465 67 1383 173 276 103 1008 266 938
78 15 327 103 1125 278 241 186 939 284 1461 251 689 214 802 284 476 172 489 210 241 180 1213 281 7 197 1479 171 709 294 1102 174 899
79 15 307 269 570 162 1226 194 1176 206 259 278 288 279 920 141 469 300 799 52 95 280 428 173 354 129 485 205 52 176 875 230 180
80 15 275 21 396 149 1143 284 1303 236 684 182 630 288 172 126 859 173 104 198 1039 155 972 283 929 233 372 116 302 201 139 108 1414
81 15 287 92 1157 249 1064 64 1208 268 868 220 1228 131 633 268 306 227 746 192 687 136 1341 197 1147 171 1423 263 801 156 357 244 1157
82 15 280 271 811 238 1368 156 1126 280 1337 195 120 291 1268 171 916 253 949 168 869 60 7 65 584 296 774 114 674 157 745 89 1044
83 15 277 192 1355 147 866 106 1010 227 62 138 2 206 231 172 947 229 1242 289 279 38 954 280 657 297 1249 243 950 72 1441 137 945
84 15 314 199 264 241 49 219 516 252 579 241 420 36 669 164 1500 275 902 111 125 200 1303 279 521 229 46 256 834 298 514 147 961
85 15 341 269 238 155 291 181 834 291 1042 238 1459 250 21 68 1223 201 1279 282 266 283 736 293 732 259 864 294 1109 286 559 68 260
86 15 312 246 1448 167 735 40 1121 247 789 283 1494 157 1298 284 975 236 1350 247 230 114 1451 215 717 170 721 157 1083 271 52 293 456
87 15 303 80 570 277 1065 270 909 124 44 247 843 151 994 269 718 269 609 179 1451 262 145 253 151 276 1186 26 702 235 1169 114 1266
88 15 314 255 19 265 782 173 645 81 1494 231 978 129 343 210 918 216 867 212 31 293 1261 240 698 241 288 67 594 245 2 288 992
89 15 319 275 503 258 569 239 330 283 21 143 299 60 398 294 203 133 676 244 89 245 7 201 1134 264 144 278 958 135 179 139 1317
90 15 344 130 569 219 453 296 1478 201 918 249 569 279 341 287 17 298 1072 77 1391 293 1243 144 1065 191 1264 276 1299 246 765 262 580
91 15 319 288 699 80 1003 94 600 233 370 250 242 138 32 188 484 287 1068 300 226 190 146 207 1161 247 1376 271 538 291 615 134 1052
92 15 287 42 852 191 1334 153 831 206 495 237 105 232 1349 161 1347 200 883 153 262 281 772 295 1378 38 25 176 991 290 348 224 820
93 15 342 202 620 242 1335 78 987 243 245 281 1185 239 105 237 327 274 171 272 854 230 294 181 1351 211 447 293 1331 183 1467 257 840
94 15 286 167 489 300 509 280 24 168 278 87 379 59 112 235 181 284 1322 210 1117 40 1419 59 108 272 495 232 1172 277 961 194 1275
95 15 332 213 846 296 344 251 324 288 1484 187 26 268 16 266 513 198 101 288 168 85 922 73 1039 299 534 124 898 261 1130 223 512
96 15 219 98 1149 55 523 119 509 82 807 297 1196 256 9 53 436 120 560 150 222 23 1264 202 138 20 555 224 820 210 201 284 790
97 15 272 43 195 191 938 265 368 185 1311 189 1223 92 523 234 1264 201 62 236 326 191 148 226 380 183 1496 124 485 210 558 154 1339
98 15 304 182 656 212 188 274 68 220 409 233 936 183 1165 90 775 244 530 259 691 228 1102 112 618 140 280 196 351 293 318 175 148
99 15 284 194 1464 199 867 292 1124 198 1207 150 111 37 496 277 565 256 105 35 373 162 630 199 1035 205 453 235 412 118 618 286 94
100 15 324 271 232 158 1161 271 1233 208 1355 159 209 230 1467 246 1132 257 417 280 1244 126 1165 211 561 95 550 246 690 244 789 241 1282
101 15 297 211 747 191 618 276 1236 56 352 201 1358 53 254 259 1198 148 683 200 1309 210 1269 202 739 141 1227 280 871 250 1059 300 933
102 15 282 105 277 156 108 177 1253 235 63 161 673 96 985 131 1197 298 893 167 805 251 1166 291 60 184 642 108 369 250 281 219 181
103 15 304 198 1401 91 110 200 1182 117 764 223 1137 216 23 185 620 229 367 244 673 251 543 234 656 159 1157 288 207 149 1263 262 561
104 15 292 164 891 221 851 211 607 254 1293 108 965 226 295 114 1088 280 942 288 417 209 1346 166 273 102 366 101 56 181 161 295 650
105 15 251 24 402 125 376 162 1352 272 1084 127 927 267 112 138 72 233 666 119 1071 203 1380 207 1495 91 594 172 1231 258 962 113 914
106 15 338 141 425 290 545 296 1402 265 1235 154 1222 184 387 243 916 243 875 206 939 234 836 280 1330 241 576 170 457 245 1041 195 1098
107 15 313 294 844 279 626 212 1165 141 1142 251 929 85 678 297 1124 242 598 209 886 277 944 202 344 150 697 106 333 111 1314 283 1347
108 15 306 148 713 247 812 156 160 146 509 138 501 234 926 242 1422 240 947 215 1062 275 750 200 300 148 464 107 642 289 1385 283 458
109 15 293 266 337 248 1494 296 1279 116 1429 243 379 190 681 211 419 129 1240 197 996 167 391 171 261 181 577 140 1105 246 507 138 485
110 15 274 257 352 97 835 140 1203 288 1423 30 1255 134 1454 197 1201 133 570 265 103 153 60 291 80 246 1452 179 816 225 215 106 1449
111 15 337 56 794 191 1034 282 68 267 1038 271 173 280 1019 183 1492 270 1247 177 131 225 601 250 1377 259 1279 204 49 219 1121 240 413
112 15 315 227 1416 291 659 165 669 192 38 294 319 211 126 249 401 132 294 244 1168 166 1394 204 45 150 191 293 688 184 357 150 258
113 15 307 214 512 176 619 162 258 196 1426 248 1012 136 23 262 9 216 1179 280 33 207 841 70 686 192 366 252 316 296 1490 171 1345
114 15 322 20 387 295 98 182 287 297 1097 253 1026 139 627 257 498 103 649 268 1036 292 463 294 365 295 995 122 1485 188 793 222 1354
115 15 252 203 420 241 503 156 518 178 457 132 1170 252 591 107 773 53 1363 151 282 29 19 121 242 288 1150 293 582 96 1170 222 942
116 15 269 232 657 288 1114 299 280 96 108 135 162 270 1260 94 1273 174 269 224 1248 124 753 226 1119 207 1311 111 1361 137 1284 81 14
117 15 316 185 618 170 1121 280 53 197 782 231 376 244 1444 129 1072 159 928 180 1243 225 690 148 102 273 418 242 767 246 782 260 775
118 15 329 130 744 186 1188 288 1109 217 565 286 1155 193 396 176 596 228 1070 205 1017 156 989 295 82 275 678 297 633 194 1188 166 493
119 15 300 48 602 298 1224 174 1499 74 522 285 476 271 768 219 936 193 1479 272 78 202 430 202 758 154 710 130 1149 287 559 193 595
120 15 311 296 485 232 1057 299 753 84 1412 252 623 182 1386 217 1248 249 533 151 229 227 586 173 109 164 916 295 42 105 1025 193 849
121 15 242 127 69 253 939 43 269 94 1282 210 306 242 1263 258 1363 103 1273 108 250 90 1491 216 738 173 1169 14 785 198 1248 299 322
122 15 280 68 607 261 207 186 1204 206 909 151 749 114 289 181 714 169 229 148 170 148 12 165 1495 252 178 271 389 216 390 270 1313
123 15 309 252 587 190 854 296 930 56 544 263 653 220 1111 284 554 238 364 226 1319 147 749 209 804 207 938 200 1070 115 1363 191 615
124 15 312 274 843 162 965 281 258 292 1369 227 1385 225 66 207 1495 293 790 33 290 155 619 113 464 298 147 266 1104 229 913 70 591
125 15 331 287 1270 289 1185 230 1107 188 846 247 566 179 190 257 564 290 197 174 915 213 793 214 627 186 1012 126 535 151 777 287 732
126 15 294 191 382 193 1321 261 931 293 633 77 1457 277 780 158 1082 287 852 235 768 268 87 23 1036 229 1373 25 794 245 238 185 380
127 15 288 217 1394 105 18 139 411 192 1357 165 1234 201 1405 213 242 237 567 196 665 146 831 157 40 232 1013 298 286 188 889 199 1192
128 15 320 119 370 176 452 248 1223 252 1409 282 736 118 724 283 888 195 14 241 1284 252 1179 109 753 239 896 296 638 268 940 124 103
129 15 300 193 1121 299 1013 182 695 270 323 59 1360 299 563 222 970 216 264 231 494 259 470 118 484 224 216 84 282 201 584 143 1174
130 15 290 226 93 117 108 172 42 148 1046 90 1098 197 3 183 28 133 1004 192 190 221 903 274 1492 243 761 235 705 292 864 183 255
131 15 313 209 73 85 1306 103 426 297 561 218 1107 288 1473 106 1325 237 1403 256 846 207 777 247 491 145 763 145 1181 296 710 293 109
132 15 291 97 1154 254 663 59 653 126 59 287 1271 162 591 189 956 183 1091 265 1492 299 40 171 1278 272 30 152 966 244 1244 152 1387
133 15 324 134 686 230 1053 293 932 223 643 283 871 288 1420 169 205 255 1102 249 1198 294 501 54 419 100 683 284 272 107 307 283 1085
134 15 332 198 1427 263 517 143 714 121 1083 264 389 248 1160 103 1263 269 844 295 361 242 885 294 361 261 122 247 153 242 1368 136 78
135 15 317 222 1319 87 365 261 997 214 1464 292 1232 209 62 123 419 273 564 200 1225 281 329 179 609 128 1383 231 1009 203 509 272 1002
136 15 274 174 464 153 1338 233 1302 215 711 261 1295 232 103 271 828 177 510 253 1214 246 1450 21 1226 143 1353 98 906 44 273 220 512
137 15 343 210 197 130 452 261 762 236 478 270 1221 293 463 16 1054 289 1262 254 642 184 470 217 1475 264 549 278 567 291 154 244 851
138 15 245 195 48 64 906 276 612 112 341 239 146 198 758 53 216 200 718 184 875 113 57 104 534 146 1430 269 40 57 676 249 1240
139 15 285 260 386 203 538 66 58 225 1148 216 806 131 1116 85 1030 101 322 162 816 297 1176 234 783 286 1111 203 588 203 1174 185 890
140 15 310 236 770 266 841 229 435 208 1140 156 76 294 489 251 283 158 154 198 970 267 940 235 218 204 1380 33 262 102 189 271 36
141 15 313 234 293 256 837 195 32 292 1449 78 1002 275 286 221 592 119 197 235 1031 141 1468 294 1101 118 740 261 162 270 882 142 165
142 15 331 233 857 212 1407 154 170 250 181 113 1490 279 391 273 1122 250 127 294 612 249 88 235 1004 275 360 174 535 261 789 58 998
143 15 328 253 179 270 1458 190 53 172 521 268 395 245 889 246 1013 165 1474 218 991 162 1300 267 252 54 1401 289 329 184 749 299 958
144 15 291 194 389 189 1033 273 692 185 856 145 1201 229 1003 268 1225 277 350 211 75 31 871 171 1248 164 928 136 628 232 1337 212 489
145 15 330 162 334 222 359 256 1135 218 108 160 1258 268 306 220 1065 273 532 230 1314 168 1209 281 853 163 1258 268 281 207 1188 207 117
146 15 307 280 1225 183 982 180 79 167 943 157 1443 296 857 159 398 206 528 32 985 137 412 241 1479 256 1002 256 1201 249 1193 280 874
147 15 303 291 1199 258 78 231 143 295 1159 193 648 260 340 143 1218 75 1084 231 9 238 1194 216 979 208 624 197 819 194 1026 8 401
148 15 318 296 1298 247 374 211 1485 155 787 157 817 298 994 228 475 201 1249 210 215 299 1059 220 1469 93 112 226 1082 210 720 134 1404
149 15 340 119 1062 191 671 230 1006 239 1005 273 742 223 617 254 1063 251 974 289 903 288 1266 127 762 255 253 280 342 129 148 252 508
150 15 316 267 356 203 159 261 1269 264 169 124 316 276 970 178 809 20 1412 266 859 114 1207 139 277 238 724 270 680 287 1001 256 680
151 15 379 286 279 210 450 239 273 293 174 272 107 273 1004 246 1437 280 815 245 159 292 300 195 486 265 1195 288 798 292 375 120 300
152 15 312 289 249 276 1185 104 31 229 926 134 347 274 146 292 1027 219 1241 231 643 68 518 236 541 69 532 239 844 172 12 291 1485
153 15 267 279 1473 229 724 278 1102 271 516 64 1465 114 566 219 1002 37 733 117 570 198 1292 158 28 94 32 247 1241 228 246 141 1486
154 15 289 219 266 294 1433 215 1187 181 1003 60 958 273 1186 48 1036 196 981 177 993 277 29 190 313 268 899 239 124 156 176 99 1095
155 15 315 91 31 77 638 288 753 280 780 244 869 278 618 206 705 135 1497 259 1454 178 1175 157 264 173 355 261 548 248 1208 284 1109
156 15 241 146 611 201 684 114 855 50 1082 175 755 93 867 180 1220 212 859 237 19 68 1499 288 631 79 1386 248 434 199 639 129 975
157 15 306 141 1368 230 630 292 703 257 1346 145 759 289 1049 284 467 184 423 123 88 281 34 66 1036 146 571 274 1072 225 314 127 1448
158 15 257 274 330 198 297 222 822 71 1259 250 887 164 803 61 716 80 919 145 1166 108 1486 205 860 281 532 124 667 167 827 223 1013
159 15 358 121 946 149 1446 269 212 282 296 290 6 268 1075 296 1217 247 665 254 607 233 1100 264 714 100 389 271 709 283 1275 255 114
160 15 326 227 137 266 119 288 357 248 1371 102 1184 230 884 271 1148 117 280 180 297 253 615 289 322 135 353 290 798 286 962 84 1071
161 15 281 298 1032 144 239 182 1479 202 214 221 55 115 958 239 715 222 259 93 547 263 55 185 1135 300 1471 50 1459 115 293 190 590
162 15 297 273 453 178 109 265 889 283 570 300 798 153 1087 129 930 180 1436 298 336 138 928 124 101 77 1170 216 1053 120 519 239 919
163 15 285 75 920 210 211 166 1394 151 623 105 131 136 123 261 1190 217 1252 258 1382 209 1000 253 1395 234 646 133 648 257 492 194 1145
164 15 291 142 26 248 535 94 884 288 411 258 1012 94 1457 63 445 92 1399 297 771 211 964 278 1104 281 1435 43 489 226 1499 298 447
165 15 335 289 766 192 530 269 686 264 974 299 1476 172 472 238 708 230 1032 223 1047 288 918 149 1280 251 183 284 378 45 159 163 364
166 15 302 275 417 300 1369 221 332 104 507 296 62 127 555 253 588 253 1375 253 1494 240 702 85 768 157 879 99 464 237 966 123 29
167 15 338 169 16 90 451 291 1446 86 1206 293 1281 203 1427 186 2 288 730 217 694 287 122 296 436 180 698 294 460 281 126 223 1100
168 15 330 249 501 182 898 269 87 56 63 257 1321 267 792 220 109 281 1003 252 717 197 838 289 1417 185 880 216 314 161 890 226 1053
169 15 287 51 1000 212 495 295 915 101 1440 261 122 200 1048 92 298 212 237 238 551 218 295 218 1058 50 100 267 1218 177 359 286 1342
170 15 332 202 318 222 592 273 1383 246 825 295 48 150 1225 267 1363 245 251 284 362 286 1057 153 1487 194 1256 171 1433 251 541 82 606
171 15 308 135 40 178 784 139 860 287 878 278 1162 202 837 246 107 130 1250 240 678 210 673 268 670 215 197 99 667 182 700 278 1165
172 15 278 298 147 172 1453 71 1226 242 1057 267 1198 101 423 95 481 243 324 233 1325 122 1412 56 558 269 1212 262 675 79 786 275 190
173 15 276 238 361 127 1406 142 1461 115 408 166 1267 240 1371 122 414 294 544 271 952 125 496 195 523 40 1158 125 878 289 878 276 314
174 15 266 86 208 288 681 266 1043 282 605 51 1059 156 302 60 363 185 1274 245 249 96 978 249 685 262 583 55 1361 106 201 281 919
175 15 329 251 945 222 490 276 1022 227 437 175 1234 140 624 161 333 256 75 151 1160 281 615 218 690 280 358 90 793 263 1140 299 360
176 15 311 91 1226 86 79 246 223 254 1491 273 1412 20 469 231 52 239 797 150 447 230 755 172 125 244 1192 300 62 299 396 279 190
177 15 298 262 700 160 91 194 1237 85 579 261 1379 185 1208 299 916 254 118 17 252 280 665 93 764 159 164 210 812 268 13 260 230
178 15 290 266 1461 141 340 186 1469 240 618 286 365 20 1126 131 334 269 901 191 524 176 1224 214 560 86 229 288 993 222 877 188 600
179 15 325 145 314 284 381 31 825 129 1411 144 684 249 679 236 852 182 879 284 59 156 394 292 510 296 1000 273 1232 261 866 293 1388
180 15 249 154 175 214 335 108 639 199 1477 175 215 296 1378 172 156 212 834 130 200 70 733 263 1277 41 821 215 1481 201 1462 45 1435
181 15 300 211 1492 83 815 180 1481 279 458 275 800 240 94 122 1230 175 492 205 719 108 353 240 420 229 1247 166 446 258 810 238 255
182 15 308 225 854 269 713 184 1322 166 1066 206 252 265 945 188 255 109 458 230 136 293 1057 189 181 207 44 153 831 275 1062 123 1131
183 15 351 260 1307 288 720 261 797 284 1379 216 1439 141 1269 209 1008 187 1489 257 1498 156 66 234 1456 229 173 220 1230 277 1484 293 1270
184 15 303 289 436 204 413 292 1419 299 1090 231 1466 225 522 50 654 100 1455 70 356 291 448 192 1004 206 1025 234 949 187 964 160 1151
185 15 347 290 316 221 1004 172 813 137 1003 202 953 262 1081 274 35 271 327 279 862 273 220 91 196 284 274 232 136 278 1444 212 834
186 15 273 58 358 228 1358 81 942 93 1268 299 1057 51 425 214 525 142 298 229 1282 153 1355 236 310 293 1042 147 742 237 876 270 1245
187 15 302 263 1340 289 1043 211 7 69 445 277 776 113 939 126 623 179 514 192 1043 142 1307 299 709 261 715 296 443 85 823 227 42
188 15 249 196 322 179 626 192 757 108 920 180 286 214 1086 291 1287 126 747 117 712 268 568 77 723 208 1374 249 728 52 350 37 1236
189 15 283 186 491 258 352 181 744 96 824 224 338 61 1193 126 1433 204 1228 294 1385 298 547 238 755 102 214 139 721 227 204 198 850
190 15 294 81 853 269 1187 147 524 230 453 81 808 253 772 213 173 199 465 91 496 284 428 295 700 220 764 92 812 283 940 204 24
191 15 310 275 1108 262 1428 237 88 210 271 243 507 219 1243 240 495 219 108 147 1156 112 1409 130 419 144 240 175 891 269 1436 223 331
192 15 284 141 233 290 878 180 603 189 787 249 1211 113 805 298 147 51 1181 203 1464 127 841 138 633 284 1183 298 709 48 998 231 460
193 15 336 284 833 193 1444 289 441 299 401 136 1240 227 1075 225 1217 161 784 241 541 156 591 261 952 225 626 247 795 256 1116 161 44
194 15 250 183 869 289 1180 270 142 228 615 173 384 16 179 132 1081 232 876 158 120 197 190 125 920 148 390 163 1414 99 1472 95 1394
195 15 276 252 1456 162 553 213 1172 139 22 78 911 191 1241 204 663 111 1159 256 199 100 622 230 114 225 53 295 1118 256 779 49 1281
196 15 327 201 844 82 598 298 336 281 1048 135 760 278 1167 161 917 298 294 49 881 294 990 288 393 257 833 191 506 218 1378 242 344
197 15 275 226 1279 77 338 149 373 63 680 221 96 251 999 145 400 220 504 256 570 138 1229 189 22 145 1221 240 830 175 252 259 1009
198 15 321 264 1500 262 461 131 956 222 1360 163 1182 300 910 159 945 199 470 179 329 220 415 298 790 298 455 134 677 226 964 162 1150
199 15 229 137 837 89 803 34 838 165 833 183 134 241 1449 136 701 189 41 186 666 92 853 254 65 146 1038 119 793 174 371 151 500
200 15 277 113 101 242 762 259 907 243 501 72 749 286 1345 247 382 68 537 280 923 172 1269 133 20 254 605 46 584 275 1494 84 1163
201 15 295 121 874 195 1291 258 312 100 71 137 1376 202 614 297 285 222 1111 171 496 144 804 178 837 289 821 214 1499 145 453 283 734
202 15 305 204 476 135 265 172 964 288 938 243 450 292 1370 156 301 277 4 95 253 293 300 172 395 150 1154 246 812 188 1309 145 604
203 15 254 242 899 259 1425 227 1046 252 827 294 1188 62 464 80 1482 171 459 61 54 53 1382 247 1258 156 731 159 697 190 96 90 1261
204 15 341 252 1049 275 1167 78 771 298 525 195 97 268 1173 226 985 213 204 123 888 187 1225 285 17 286 419 287 663 169 1160 273 550
205 15 302 151 440 167 495 157 1435 153 777 183 1376 287 1280 294 1377 300 349 162 1233 87 236 260 522 141 956 286 1334 235 269 159 1196
206 15 261 138 1270 216 514 243 1296 86 1229 171 986 167 303 228 613 155 1383 279 676 153 106 111 1190 240 106 107 111 152 117 165 1404
207 15 259 288 869 293 679 272 1329 12 1071 123 708 158 1270 211 505 159 904 160 636 85 96 21 739 228 1271 184 446 202 929 202 811
208 15 314 242 1303 271 557 177 1314 211 141 209 344 198 1000 255 384 155 74 143 1268 182 528 278 92 192 367 203 614 241 970 184 779
209 15 369 140 1324 284 49 194 1244 128 1008 263 1407 287 319 253 1145 289 517 268 857 288 1018 275 195 294 278 243 1095 287 248 200 760
210 15 261 148 326 292 544 166 671 170 497 225 1444 113 858 153 445 114 43 201 1290 281 1046 178 1254 94 529 94 1298 265 945 117 1264
211 15 282 253 1458 262 1139 67 1476 270 1025 107 695 109 1305 206 1096 39 1135 215 1497 214 1028 128 1445 214 377 255 584 189 1223 292 1393
212 15 331 275 991 110 516 215 499 95 217 272 1090 239 1159 199 1332 162 1251 270 423 299 216 192 212 296 1132 292 1166 103 827 292 288
213 15 298 239 857 280 657 159 1089 144 749 291 416 91 945 128 320 268 1230 289 604 163 205 196 800 207 1490 237 326 111 1032 181 16
214 15 295 78 289 288 457 274 867 223 1282 250 1067 172 36 137 977 261 1395 149 883 149 493 146 1055 246 1307 238 41 293 679 51 611
215 15 261 106 1487 226 1237 279 971 154 1271 178 379 56 214 244 381 115 1343 97 1166 200 555 258 186 257 489 150 540 112 501 181 36
216 15 314 198 872 116 717 258 1347 206 779 265 1458 163 1055 131 71 237 838 221 214 199 729 139 956 295 855 293 400 202 1144 226 112
217 15 347 298 1386 134 696 249 113 234 458 145 118 278 177 295 356 222 1380 233 1208 235 1063 266 209 118 1305 272 910 208 1357 292 859
218 15 331 238 906 169 226 148 1124 261 1188 216 1429 115 1069 208 1491 217 1052 220 1315 215 1254 214 1468 257 1457 272 1204 286 754 278 1288
219 15 270 194 76 211 888 90 1385 104 1099 104 753 219 391 196 296 285 120 162 394 214 387 81 373 156 1452 286 1173 256 290 144 202
220 15 274 193 801 254 83 285 578 253 732 15 756 241 697 173 701 198 17 85 14 233 336 276 53 90 83 40 33 245 183 165 527
221 15 328 291 303 203 1130 299 1264 279 1473 141 1181 290 589 290 620 296 163 83 635 249 566 200 533 281 1407 263 1196 60 463 56 990
222 15 307 294 205 295 1434 49 1044 173 92 125 726 276 1410 177 75 114 1239 257 1050 252 1472 278 795 238 900 159 227 131 1091 256 225
223 15 327 297 549 140 1461 243 131 287 739 170 967 99 110 298 466 260 349 144 1300 203 1099 249 585 282 326 184 1052 295 243 123 672
224 15 310 209 1124 95 758 289 1303 281 864 172 1011 160 1062 84 110 288 1038 140 144 249 950 162 523 273 1033 292 317 226 393 188 389
225 15 308 256 1303 163 600 71 257 257 65 165 680 183 1153 175 270 281 447 281 339 201 798 199 551 187 1241 271 393 109 1362 285 649
226 15 287 222 940 295 1075 171 400 78 1144 108 404 165 1154 274 856 236 242 73 1086 144 1385 205 588 265 728 281 498 185 768 177 794
227 15 282 179 796 287 676 245 1256 178 798 275 545 288 1385 104 138 124 933 188 684 152 490 288 1313 126 420 77 445 205 901 104 19
228 15 310 283 639 140 124 206 745 263 202 248 1398 112 594 194 411 45 705 216 413 274 375 269 742 205 316 297 451 115 883 239 1174
229 15 298 300 1313 20 260 137 584 293 1376 241 295 278 484 225 270 273 1190 275 374 197 1026 25 289 95 1139 290 577 102 1131 235 714
230 15 272 213 6 88 1346 231 428 159 346 171 338 259 10 259 185 289 715 211 569 153 624 239 1005 50 529 41 953 200 452 165 180
231 15 322 249 169 285 61 94 132 221 454 192 956 166 1032 189 1377 209 591 136 962 201 27 300 1154 278 367 208 394 299 711 194 726
232 15 325 300 221 264 1343 246 1297 274 1014 168 59 198 592 120 1021 248 31 36 1245 283 792 191 1341 229 872 297 1402 105 779 294 575
233 15 320 196 184 275 356 267 1175 183 30 143 1342 193 548 195 1370 240 38 296 981 248 69 170 930 294 316 119 785 287 714 94 315
234 15 296 259 1485 246 403 164 1384 182 785 268 235 160 1391 219 1397 106 360 293 527 268 1157 200 1311 105 764 172 1215 103 1154 224 525
235 15 279 29 388 149 177 247 1035 124 1170 188 201 271 1157 65 1323 229 107 258 972 265 189 169 1335 201 1391 208 1495 202 830 192 1195
236 15 306 195 1451 213 15 294 535 221 1157 236 465 214 1313 164 781 292 943 86 932 119 438 200 1109 126 527 284 280 128 1004 293 944
237 15 282 228 115 237 1108 58 102 219 313 193 485 219 63 253 434 90 640 193 22 136 1032 140 1224 119 639 224 900 230 579 289 269
238 15 296 161 580 60 396 106 1422 236 391 284 1222 46 986 289 67 265 711 248 538 195 842 161 732 254 950 161 23 254 574 241 242
239 15 270 241 344 263 886 300 1446 199 640 205 1029 177 1140 171 179 243 266 112 923 219 226 224 1265 55 42 60 788 163 1462 73 571
240 15 285 240 311 130 564 165 333 208 140 55 477 246 1266 215 1118 246 696 195 626 119 1169 282 677 240 329 105 503 211 1041 193 539
241 15 269 117 1376 104 294 87 1458 283 1447 212 675 257 1176 63 655 259 155 152 1194 124 478 92 1037 274 706 189 1462 208 1093 272 690
242 15 316 179 1256 170 415 191 1014 298 938 230 1362 239 137 259 989 120 1174 197 248 226 438 291 268 248 853 124 1130 106 1252 283 790
243 15 323 210 871 175 300 205 1135 82 1409 159 1020 190 1372 224 400 224 387 193 1205 263 185 254 857 252 350 239 1378 273 174 290 173
244 15 295 218 1396 139 612 148 633 187 105 224 308 131 1290 250 1407 235 677 234 359 206 359 244 1354 166 1462 119 561 165 1184 289 230
245 15 297 273 659 263 9 243 515 258 286 128 407 144 1235 284 246 60 1214 295 1476 238 232 231 103 132 1498 111 55 273 1222 43 505
246 15 288 200 199 252 501 263 1304 158 282 249 424 179 1303 116 183 248 979 208 936 203 1333 175 1338 165 1187 113 24 236 1241 116 218
247 15 298 270 836 26 984 272 1477 287 484 160 400 229 1445 247 175 277 187 265 187 152 1 139 867 206 486 125 1175 119 1077 207 1255
248 15 305 69 1335 121 1193 204 197 287 443 292 774 218 173 198 181 283 1148 227 1353 175 1116 88 580 115 145 288 592 226 894 264 1157
249 15 299 209 1372 219 742 281 433 239 115 165 628 300 1340 61 1227 281 590 156 562 161 1178 84 1241 140 316 280 56 186 876 236 292
250 15 311 203 1439 290 1195 77 1145 48 404 289 611 263 154 194 1381 85 1271 257 727 300 801 238 1129 225 1169 147 1308 282 1062 221 240
251 15 351 262 1140 225 1367 250 786 296 1500 127 357 174 1225 269 1054 271 1451 275 888 233 1197 244 741 211 562 265 223 296 135 114 576
252 15 274 215 197 36 950 254 1273 199 1304 90 1165 197 1289 48 803 271 1169 40 1349 300 1167 243 559 183 741 196 533 259 1155 216 1178
253 15 291 296 1008 48 959 186 1470 278 1375 263 967 73 153 280 457 182 680 171 1405 291 936 111 249 86 686 277 566 265 1155 110 38
254 15 346 254 313 294 12 219 243 272 311 230 1450 241 408 284 1186 144 735 124 1401 282 730 237 85 281 980 126 1217 241 619 232 413
255 15 303 223 847 208 601 138 1256 293 1434 223 63 218 825 232 799 277 1475 160 681 196 108 246 421 107 1179 186 878 202 893 129 1236
256 15 278 50 578 238 818 86 1141 118 642 228 1190 297 141 170 1027 67 540 207 51 265 418 296 855 251 949 225 964 90 1176 195 36
257 15 318 300 1378 292 1258 77 331 143 1232 221 278 200 419 273 1216 294 203 165 123 271 476 239 1168 121 660 256 1120 231 7 101 358
258 15 335 131 1119 243 1354 283 868 231 1374 243 1224 235 804 256 946 295 96 197 1273 207 242 252 1141 277 1360 114 1003 191 1124 204 339
259 15 303 191 735 162 201 28 839 157 701 294 581 242 1390 244 1152 87 138 117 94 208 520 279 590 234 939 291 628 254 378 246 272
260 15 283 274 878 238 348 130 1041 236 234 265 1454 152 855 109 455 209 1273 159 248 175 1450 197 1352 292 357 92 572 171 783 132 363
261 15 263 81 453 207 33 181 822 37 1035 231 1407 256 1469 139 1229 256 1148 262 950 254 442 132 143 145 908 71 102 148 320 231 813
262 15 322 296 674 202 246 189 360 295 156 106 703 103 1448 275 933 87 354 125 1197 282 884 220 108 275 507 298 1188 234 1420 238 1025
263 15 211 197 1135 122 827 264 1178 37 1162 20 387 243 1247 117 1453 117 1077 190 1277 46 960 270 1313 162 3 64 1165 124 1442 138 1190
264 15 298 218 1148 65 259 289 226 230 145 182 280 197 1395 273 1416 113 1072 191 680 164 490 96 978 240 315 268 126 276 150 183 1272
265 15 283 173 1042 153 1012 134 937 286 1173 89 172 262 4 224 809 138 451 207 619 213 459 112 1180 161 104 286 414 270 357 127 808
266 15 347 200 242 192 408 299 652 167 630 280 596 255 1368 72 1268 194 227 262 1037 291 1468 261 607 276 668 270 70 201 343 255 1324
267 15 308 300 712 184 615 292 1230 207 648 229 11 36 1003 128 377 175 1458 220 343 292 1096 216 1159 128 307 157 81 294 4 231 366
268 15 334 58 358 299 1098 178 588 289 191 197 1219 229 787 272 1131 191 571 238 942 227 1436 243 1382 296 809 178 865 268 1189 181 82
269 15 296 168 583 147 1175 296 968 127 645 92 837 230 1083 245 567 120 856 188 775 177 354 274 1371 293 998 158 561 222 575 229 730
270 15 310 135 987 229 1048 257 1357 263 743 258 843 299 1140 165 308 150 1060 239 444 54 1173 258 1101 201 922 139 277 297 948 161 437
271 15 314 165 663 273 1093 228 1058 271 147 237 438 276 448 261 1261 290 679 78 1210 285 1314 97 210 228 1113 167 606 74 24 211 827
272 15 314 206 182 220 272 216 945 229 313 298 142 207 858 260 1495 168 285 104 340 40 1270 183 1105 211 591 237 256 269 611 292 1466
273 15 311 59 1307 246 932 269 598 157 743 252 1019 83 1215 269 781 232 805 111 520 280 1346 175 453 255 1250 200 1125 248 816 283 782
274 15 289 79 1010 213 1154 237 714 66 591 275 864 119 1210 236 1342 187 475 290 1432 65 1380 236 409 166 624 296 388 140 884 287 1344
275 15 304 299 765 150 1292 233 96 243 66 263 1227 287 345 238 410 134 683 244 149 236 1404 81 934 141 411 255 1162 201 142 43 968
276 15 219 129 659 31 1358 281 175 195 282 51 4 111 286 181 134 112 837 115 1204 264 153 250 468 164 1109 196 683 51 66 61 1272
277 15 298 286 915 284 508 75 436 233 1063 242 1142 214 851 162 1151 167 1101 132 478 118 843 170 790 195 158 286 1093 142 1349 275 161
278 15 302 234 1277 158 946 227 1279 89 1241 193 768 170 346 216 1328 275 1266 227 1354 217 1465 283 568 76 423 160 238 259 910 241 480
279 15 310 273 580 213 618 212 1252 53 26 278 215 185 159 183 1078 129 421 299 1413 204 978 131 683 190 655 289 366 175 1190 291 942
280 15 312 162 520 270 1253 244 893 295 931 262 410 236 832 115 1311 136 338 139 702 272 765 92 1023 254 93 293 173 219 419 133 459
281 15 250 107 1080 284 1179 282 332 198 1402 220 16 96 1265 162 172 255 485 119 985 125 1026 165 1015 53 62 138 416 137 830 163 849
282 15 316 136 1085 299 978 290 1265 251 91 257 1045 238 802 187 605 83 913 104 451 293 1201 289 963 210 418 217 29 164 182 145 294
283 15 328 257 1140 178 796 245 60 146 867 164 1247 229 136 146 96 278 557 184 82 159 1288 221 951 280 148 297 936 211 1176 291 1411
284 15 343 231 1261 169 521 201 1438 121 1046 245 1477 264 572 295 394 293 692 236 283 217 87 300 1354 171 1068 291 236 165 573 233 711
285 15 269 257 1443 266 659 73 130 33 331 224 993 108 967 240 6 232 1054 262 229 223 1462 271 841 133 473 121 75 19 399 234 854
286 15 315 244 273 273 408 151 843 174 544 234 711 223 1215 233 138 85 1408 245 417 236 367 158 64 66 1213 287 466 261 1420 286 1312
287 15 304 221 996 194 1399 229 717 283 136 161 187 162 1050 209 76 148 680 276 449 105 68 145 1303 212 128 300 858 224 1326 172 1239
288 15 321 207 93 299 1296 282 1295 82 440 228 339 190 712 106 688 204 450 229 1178 284 961 183 31 250 1311 270 1371 201 1110 196 939
289 15 312 215 985 256 722 231 1333 295 1311 171 870 155 312 237 891 256 770 296 603 170 527 53 525 125 1063 273 647 214 1099 179 1479
290 15 233 122 34 128 33 175 604 36 803 27 756 255 645 252 515 145 1226 200 1092 127 446 198 1310 228 1399 125 568 131 279 184 146
291 15 304 46 1470 188 447 246 140 179 92 171 720 174 765 292 1365 268 1486 129 331 214 1209 264 1442 220 468 205 340 211 521 233 1154
292 15 306 246 1289 241 638 258 1098 17 975 290 1104 203 302 300 75 190 790 214 102 223 951 68 1350 254 1078 119 546 172 1045 273 1113
293 15 349 228 813 292 1422 293 153 206 583 245 757 275 197 232 122 118 612 212 195 247 1 242 203 278 791 280 686 192 176 151 769
294 15 306 73 868 59 175 261 949 298 1249 270 29 182 262 145 567 218 323 111 324 198 1216 300 507 220 844 276 50 154 577 298 1483
295 15 281 208 230 248 474 145 1350 284 134 113 190 128 176 201 1498 174 1366 173 893 134 902 30 999 218 1088 178 322 286 82 295 256
296 15 260 73 91 289 1100 153 685 218 143 201 715 245 600 95 1112 250 283 267 404 251 1315 165 932 141 339 101 324 142 174 12 1273
297 15 268 89 937 273 228 195 716 174 1313 157 609 227 119 197 988 197 10 211 35 186 1460 106 105 68 134 41 61 282 1336 282 1404
298 15 316 204 1143 243 598 46 933 247 1401 232 1150 160 213 281 1429 273 374 153 1119 256 850 248 1026 210 328 65 1028 253 971 292 862
299 15 309 211 343 285 522 267 913 114 543 236 775 253 1399 188 1426 226 1419 299 896 128 872 148 56 202 553 126 298 294 277 113 384
300 15 288 277 1462 268 39 168 1473 136 1006 88 1386 291 442 100 1293 152 1122 225 693 153 263 294 1144 181 833 228 996 49 691 275 607
301 15 311 280 957 217 1405 283 903 287 49 49 590 293 371 212 100 56 1018 292 738 131 275 200 595 30 1384 198 165 294 309 296 593
302 15 263 144 30 189 50 235 56 155 1064 218 755 213 1129 97 244 172 1279 94 738 253 931 225 219 231 1053 96 163 254 285 63 1148
303 15 322 221 231 70 169 31 1455 269 660 241 92 263 1153 199 208 227 1203 294 280 295 148 156 689 103 683 271 1221 294 753 288 803
304 15 342 297 200 203 150 246 472 268 745 190 505 258 36 276 1315 252 872 255 801 274 376 262 350 65 1291 166 1387 244 649 164 1090
305 15 281 211 1351 258 1347 194 1364 257 588 93 36 146 1236 226 465 189 905 176 674 116 1491 51 262 216 946 217 696 179 583 281 69
306 15 332 281 869 296 1486 263 86 191 1397 220 1131 293 156 230 1210 81 710 78 689 94 275 279 1003 251 411 245 449 236 31 282 932
307 15 272 169 1419 268 343 57 693 153 274 89 313 262 1244 262 441 222 975 116 562 271 139 279 462 166 265 82 518 210 694 114 1337
308 15 318 159 1260 153 699 258 697 206 1116 148 684 247 27 292 206 280 63 292 1097 219 27 204 1360 236 386 175 222 176 815 143 1386
309 15 288 64 341 200 1483 297 774 206 287 178 695 104 802 293 97 234 865 49 64 280 409 283 935 170 225 188 1332 271 144 67 850
310 15 273 246 1269 256 1232 237 591 37 1039 20 771 188 1470 194 490 234 315 167 1094 229 454 174 296 128 777 277 1467 95 654 251 673
311 15 292 260 1464 88 79 265 1461 43 1369 81 1040 58 165 237 478 91 1199 286 760 280 972 265 1363 243 164 260 258 176 1198 290 624
312 15 255 215 86 239 1199 103 838 109 960 99 431 137 1093 222 1244 133 749 203 521 185 1430 217 467 295 1212 209 1220 64 1042 128 449
313 15 279 193 1131 36 968 12 144 143 1234 284 1405 233 847 235 1236 126 891 188 96 253 637 191 1400 189 1222 160 1147 256 1364 292 1095
314 15 345 207 687 281 1298 224 1450 275 517 256 146 154 164 227 1359 231 586 174 1261 288 142 198 1276 206 670 253 1264 188 747 297 1145
315 15 244 64 864 133 756 148 99 119 1183 144 586 296 327 184 884 58 63 143 378 132 522 123 894 167 631 222 17 263 157 251 839
316 15 325 209 173 270 520 205 772 255 437 118 711 294 1464 224 1470 259 1282 200 295 281 1058 279 896 79 81 228 1245 73 1066 279 1319
317 15 324 282 1229 202 1147 185 808 280 73 190 1423 118 439 268 477 30 1129 279 1253 276 993 274 1289 165 643 271 788 145 343 282 99
318 15 251 112 379 115 804 86 128 195 161 259 937 35 219 164 538 248 994 255 694 229 1296 156 1448 237 802 123 1472 234 932 66 215
319 15 276 109 1011 164 1037 274 1435 243 563 191 740 222 298 197 339 212 81 298 1051 179 242 243 1231 77 1155 85 421 127 1266 141 1387
320 15 264 114 360 13 759 220 515 186 478 101 1093 256 1273 300 662 235 1336 87 469 191 392 105 1374 254 688 195 530 105 27 282 46
321 15 330 179 793 109 624 267 312 220 891 292 57 267 688 268 25 273 558 73 1112 174 672 250 864 152 575 216 635 274 478 291 1123
322 15 288 69 686 236 861 198 510 291 446 148 366 147 1114 117 475 227 1000 199 259 147 586 230 1058 296 1365 201 314 181 941 197 1410
323 15 292 187 829 185 839 143 789 258 1477 228 1373 297 1135 293 24 111 932 171 720 170 1265 276 458 121 33 228 592 174 1006 81 347
324 15 291 118 1226 249 596 246 813 140 1195 187 781 256 859 51 395 167 766 258 1455 295 1236 257 358 50 738 171 935 245 310 226 1248
325 15 362 208 1346 168 281 271 475 275 1195 271 409 214 1428 257 342 230 1081 199 829 277 1068 299 1353 231 825 264 1300 169 376 293 643
326 15 321 242 309 102 522 192 147 161 722 206 63 273 478 117 1335 160 834 293 1431 276 1021 249 280 259 233 295 1319 145 1221 246 955
327 15 326 277 1068 291 195 159 918 164 834 299 1473 282 290 262 440 9 968 272 1272 185 678 189 903 270 528 227 432 263 457 114 352
328 15 315 234 1438 190 335 275 835 249 530 117 883 230 1136 188 1071 244 1231 124 790 212 174 299 407 260 730 236 926 131 1142 165 20
329 15 248 242 773 195 744 282 352 153 1004 134 843 222 96 109 774 182 358 264 1332 18 1328 100 698 94 655 218 177 178 615 91 838
330 15 257 271 628 84 174 259 175 135 1172 225 1110 125 1055 118 818 261 1143 87 219 185 348 253 232 224 570 197 8 74 488 77 474
331 15 353 143 1094 262 500 273 1092 293 278 229 984 266 1007 165 838 283 432 176 1184 235 1025 225 1398 284 1367 272 223 279 137 153 411
332 15 259 240 939 223 784 214 592 115 50 18 1261 271 245 267 206 274 265 151 461 184 1484 123 640 52 365 103 203 90 314 269 870
333 15 322 278 889 231 1156 269 913 125 1361 256 934 270 457 261 320 60 680 159 949 252 419 289 261 173 626 233 297 99 1146 271 221
334 15 244 293 648 45 850 242 39 242 687 129 600 205 45 179 742 126 339 167 1385 100 1373 81 1032 128 499 106 593 212 1392 192 1206
335 15 313 200 1494 228 1226 267 1271 270 808 279 1038 53 112 123 942 189 1375 244 80 177 680 200 1221 277 39 262 26 233 262 135 1273
336 15 306 270 759 121 465 147 1353 300 397 294 25 188 603 262 218 257 31 56 611 283 208 109 1359 245 1249 186 630 296 1353 54 1404
337 15 329 268 1345 188 460 162 1171 266 876 279 1035 234 461 189 104 200 819 181 1118 285 513 161 97 161 1410 226 68 241 838 253 1287
338 15 339 293 238 154 171 282 794 237 1356 202 129 169 1195 219 744 168 520 247 281 205 213 266 665 262 293 221 28 185 1494 285 96
339 15 375 269 31 216 1207 280 1096 160 1482 300 198 207 687 195 572 290 1008 249 779 264 572 296 1138 296 114 280 332 214 1373 243 1361
340 15 309 263 1184 131 529 158 1316 105 834 256 1222 78 644 261 21 121 846 224 1213 207 1108 253 486 200 14 249 144 300 867 285 1273
341 15 279 164 282 194 1332 192 222 156 606 140 228 84 534 253 77 203 240 207 693 223 923 266 283 233 786 46 400 211 51 221 1228
342 15 283 100 791 253 84 266 752 208 101 266 805 37 978 135 1059 175 257 122 443 87 448 235 329 150 463 264 104 285 568 251 1031
343 15 240 39 975 221 506 220 1294 61 768 288 873 143 1385 267 1329 88 104 53 1000 170 1082 153 370 218 202 135 1020 197 1163 148 679
344 15 285 276 283 177 840 181 177 193 820 270 1289 252 456 238 1064 192 1049 283 841 128 1318 164 35 161 1484 126 617 32 889 185 486
345 15 280 271 168 117 1394 223 1316 263 517 36 943 80 996 279 115 210 979 50 1421 32 1429 201 931 297 967 243 981 285 446 213 995
346 15 281 222 520 138 184 202 1340 262 1433 62 784 253 521 67 349 185 1478 235 64 124 772 246 454 136 868 261 338 169 718 254 1000
347 15 318 208 708 263 1192 297 1415 185 352 144 1141 243 370 169 1222 174 489 162 634 235 792 253 1299 236 215 65 1395 282 1319 272 959
348 15 315 93 1024 231 117 279 394 277 480 147 1412 65 1465 221 46 209 459 239 405 181 1278 243 643 198 948 240 1341 289 1432 241 1176
349 15 268 124 470 139 12 271 1389 159 585 100 420 159 896 278 431 205 75 283 204 258 956 80 1465 203 820 127 1133 217 1488 78 914
350 15 284 181 1055 96 441 243 750 212 93 245 560 206 204 118 210 212 750 201 210 276 489 298 162 114 446 130 1419 79 150 233 571
351 15 273 20 80 167 56 217 985 253 1479 257 1405 260 382 109 803 225 637 175 816 162 584 54 988 296 307 250 1375 15 1356 276 1274
352 15 286 258 899 179 214 176 360 265 1286 120 540 221 871 59 324 140 105 192 968 255 172 109 406 284 1107 280 1319 161 1131 161 573
353 15 294 153 1341 250 1269 188 1016 105 277 175 1271 266 142 217 1272 235 141 256 1480 175 1234 152 1309 279 1340 159 380 289 1487 47 582
354 15 273 238 951 125 2 75 1458 285 122 141 1241 126 774 226 1204 300 921 250 472 98 879 224 523 96 130 132 1494 232 442 182 153
355 15 274 203 1438 57 96 273 1308 189 86 126 504 118 1147 218 506 224 502 193 900 225 697 174 229 186 212 247 488 180 329 132 1473
356 15 331 178 1473 273 1295 75 645 259 705 177 106 234 612 287 853 297 917 159 859 252 1211 282 1395 187 522 243 1206 245 1485 167 624
357 15 278 136 575 226 164 147 2 279 1281 83 1006 153 193 221 684 157 710 187 416 180 1171 206 834 187 77 257 1236 204 568 160 44
358 15 332 240 1288 219 62 88 1493 212 759 141 484 214 811 223 180 225 937 236 645 289 1097 219 1102 254 712 252 781 253 273 260 1202
359 15 337 71 348 272 146 158 346 262 756 131 769 295 1187 219 673 277 49 211 1193 258 161 166 773 208 429 278 989 291 898 277 1290
360 15 291 40 207 257 1070 243 1022 111 1161 300 681 86 695 155 1132 280 30 222 462 252 862 119 65 131 1186 232 327 247 750 244 673
361 15 330 204 889 86 1069 291 1429 259 659 254 1055 231 708 202 905 294 222 271 1097 207 5 264 1286 100 277 178 969 184 1163 277 26
362 15 323 239 33 230 940 137 1438 242 1401 261 805 288 1370 288 975 279 1339 182 44 94 1186 264 35 234 223 249 299 213 561 38 168
363 15 321 235 1493 299 1415 175 480 159 247 296 286 284 106 81 574 219 1016 234 187 213 827 206 715 78 6 204 1096 253 1329 274 1422
364 15 317 249 504 212 1364 151 5 300 252 179 1336 286 1211 157 8 194 1154 160 642 300 456 165 76 256 604 112 828 168 1232 286 1020
365 15 277 225 247 269 1357 79 505 288 1396 232 604 280 1062 135 890 40 111 240 1119 124 647 274 811 53 752 89 578 157 622 288 363
366 15 289 146 1402 62 488 281 552 74 53 69 236 93 1281 300 603 233 376 166 1490 260 911 211 556 234 711 287 1087 201 111 278 3
367 15 334 205 575 292 511 242 488 285 221 166 1335 138 783 293 462 195 491 125 1385 245 339 253 165 252 479 205 1173 174 151 273 1148
368 15 292 168 910 290 806 170 730 183 1223 66 709 275 224 286 181 298 1247 237 1491 278 1318 173 507 89 257 271 51 34 1066 105 751
369 15 286 227 9 191 821 96 278 281 231 45 603 245 354 283 783 183 1371 154 1326 291 1028 156 1390 87 1043 280 1483 149 871 196 1123
370 15 306 214 790 239 481 104 1222 268 875 269 508 124 1230 268 932 290 883 190 982 109 1374 121 660 282 1242 163 145 179 1375 242 917
371 15 323 255 504 116 1242 288 868 260 886 228 913 141 417 290 284 231 7 214 744 82 423 117 178 292 1429 282 1227 243 506 199 1362
372 15 255 221 815 127 968 94 1402 117 546 162 725 287 781 266 234 63 904 174 728 290 976 245 17 94 151 193 345 130 1214 87 924
373 15 285 216 195 248 2 234 1156 208 1093 229 1376 51 76 129 1179 261 1126 267 1379 249 892 159 1010 124 232 131 231 124 602 220 105
374 15 302 245 425 228 992 271 1206 206 317 62 390 204 1165 292 295 268 1423 205 565 157 101 185 1392 120 1419 122 1329 285 175 172 756
375 15 292 77 1368 253 557 162 411 269 482 155 959 112 54 236 744 143 660 280 216 256 86 256 236 201 227 69 1252 250 1464 210 1155
376 15 311 99 146 228 1281 149 942 171 261 228 886 152 1196 125 42 296 86 213 549 238 959 290 222 262 239 282 920 93 872 290 1153
377 15 306 281 494 254 1061 296 176 11 458 163 599 270 266 42 1371 298 153 200 1401 232 480 193 464 185 1081 194 1031 224 1223 226 1253
378 15 292 161 1428 267 883 46 273 228 154 289 446 267 1060 250 318 110 547 102 1105 248 1041 237 289 298 1475 49 279 108 1390 264 1260
379 15 283 193 21 144 1069 241 712 193 294 139 697 265 1034 258 1125 117 591 218 193 178 99 50 496 113 874 179 1037 245 80 297 513
380 15 313 106 1030 125 661 269 316 127 1433 239 1316 229 125 280 272 231 1334 137 640 159 1448 300 851 244 649 146 474 290 1034 254 585
381 15 286 133 1490 155 1375 275 699 266 1283 229 1409 151 922 266 410 7 204 299 1325 204 1149 240 1235 101 514 282 656 152 414 102 1388
382 15 301 104 578 229 721 243 814 277 685 281 508 176 161 54 108 296 81 251 1017 299 726 128 425 179 1413 51 1056 237 820 209 877
383 15 277 188 640 273 882 71 394 116 175 203 372 267 766 209 26 23 413 214 1301 300 1313 254 860 115 428 139 472 200 850 206 251
384 15 318 241 67 232 608 242 1173 186 240 120 134 213 1380 244 1138 258 1341 257 173 264 271 157 977 159 446 240 1041 226 769 142 702
385 15 284 195 215 227 636 92 643 274 1454 243 1293 192 1288 197 1192 181 524 105 1454 291 1315 298 887 144 911 77 1123 157 1302 176 508
386 15 294 258 1378 227 745 200 48 238 943 155 1146 225 245 205 1206 209 1416 184 120 193 218 256 847 207 1395 265 1105 72 179 53 10
387 15 338 137 899 189 293 123 1355 278 568 154 861 216 198 238 1378 279 494 222 485 281 216 241 948 262 135 265 994 229 420 270 238
388 15 301 233 1241 258 11 213 369 187 913 167 784 109 1105 156 1086 251 1183 190 641 175 995 266 848 245 2 226 479 234 436 106 895
389 15 301 210 1040 161 428 233 5 261 1220 267 227 163 296 268 406 115 414 105 1223 285 484 147 332 215 781 271 467 70 442 246 216
390 15 292 199 1092 168 1428 208 1040 263 798 248 1230 264 125 100 120 259 447 261 1279 143 1444 208 529 91 1085 112 597 111 1228 294 1290
391 15 311 235 688 211 226 134 1283 191 240 274 977 48 488 191 666 290 894 201 1499 200 59 264 1491 270 178 289 1446 217 344 103 996
392 15 283 256 445 239 588 278 1299 107 919 272 1411 104 1120 163 50 108 311 249 998 284 478 271 384 118 1307 98 1424 223 1028 62 926
393 15 337 255 1276 287 928 267 1409 254 158 227 1033 252 1111 137 534 190 583 169 460 106 196 285 762 132 795 242 385 286 309 288 1199
394 15 306 193 1103 295 1496 267 1375 144 57 157 822 63 579 278 625 191 804 238 935 165 1172 258 503 296 1374 108 154 227 364 182 16
395 15 310 74 924 263 798 167 822 198 113 238 1187 249 352 261 338 106 887 163 100 298 525 284 1250 189 104 102 526 269 769 243 1075
396 15 349 299 1485 238 150 231 1248 172 660 206 720 286 152 238 703 296 461 287 909 209 239 132 253 236 1215 104 340 275 1315 288 29
397 15 341 282 264 271 1002 202 611 286 886 273 1061 259 268 146 1376 233 672 297 1479 275 83 166 873 221 355 84 1035 266 1349 155 944
398 15 294 225 1038 178 1471 233 683 150 987 156 1342 253 518 234 1443 269 1227 120 612 173 313 107 635 80 1097 277 879 194 1203 292 10
399 15 313 153 1314 300 1463 294 950 161 637 274 142 216 435 210 600 175 1099 278 359 282 928 183 304 187 944 74 397 207 327 136 1144
400 15 320 191 191 292 789 149 1094 176 841 209 752 248 805 255 1045 134 708 170 1011 281 1167 139 196 255 353 194 1343 277 1308 234 1456
401 15 316 244 196 215 967 236 1070 253 1372 61 675 215 122 173 206 222 376 295 580 193 376 293 283 91 1092 226 1176 178 902 269 890
402 15 275 298 136 189 1393 106 1082 215 816 106 8 243 1109 64 1279 125 607 256 1044 184 980 175 664 155 744 235 52 218 1074 183 651
403 15 311 169 1150 267 716 258 514 163 1195 165 201 266 1362 200 979 236 890 270 965 241 1396 114 484 58 1060 265 594 174 246 271 1084
404 15 329 120 1276 33 759 289 743 252 247 283 711 187 40 140 1177 262 1322 297 834 257 1310 274 115 248 637 164 355 197 70 291 1484
405 15 293 214 1070 225 1153 198 124 214 410 192 570 283 20 64 809 259 364 220 76 137 762 137 996 289 1320 180 5 198 851 124 1154
406 15 331 298 1473 243 1053 192 274 255 734 218 1314 158 1221 250 1234 244 593 167 159 266 1043 287 667 266 593 91 1429 204 1055 175 80
407 15 266 178 609 204 226 226 31 122 436 46 37 251 807 291 1160 121 1399 196 696 274 1106 246 1048 48 504 28 33 163 369 275 186
408 15 260 297 402 119 1290 84 906 185 1214 166 129 292 1215 87 1252 143 355 95 243 225 121 122 508 176 157 280 1184 188 68 143 404
409 15 310 296 1295 57 1353 240 194 141 577 281 1054 144 854 274 978 295 581 138 1410 118 264 236 1397 207 38 211 1223 261 1215 209 667
410 15 305 290 1480 229 838 217 981 288 607 255 363 131 193 243 217 127 1129 227 961 169 259 229 647 51 1119 294 65 227 1433 79 390
411 15 321 151 374 214 468 68 239 295 148 190 286 228 156 257 321 125 629 230 462 300 477 250 615 273 530 166 912 274 1238 192 58
412 15 321 228 417 233 462 138 1434 235 1010 277 33 235 516 155 210 254 1458 241 217 293 71 114 1069 279 372 190 321 49 719 296 836
413 15 286 167 820 281 372 244 507 117 530 230 916 211 225 23 858 172 1068 128 838 244 1304 178 1435 147 405 234 1016 230 698 258 472
414 15 315 226 1210 278 170 270 87 128 227 134 582 293 687 220 1345 231 748 202 653 200 186 88 107 185 512 226 829 212 708 266 997
415 15 291 100 541 221 915 207 551 237 511 270 1235 166 338 244 285 139 1019 90 1000 271 1497 73 545 224 169 179 999 235 834 263 82
416 15 349 235 119 101 528 300 831 285 665 258 884 260 1449 167 381 212 387 269 666 288 1233 293 2 273 234 300 870 232 449 23 442
417 15 245 197 585 282 95 149 248 24 1273 77 272 126 1116 177 964 177 276 151 1261 222 155 47 599 156 1491 200 827 226 1027 241 562
418 15 309 113 1327 297 1220 161 1067 292 229 275 746 297 323 298 1383 80 1193 170 845 35 711 228 530 267 189 190 707 181 1416 207 377
419 15 314 285 1178 187 611 263 1251 234 875 293 1006 279 739 66 192 54 83 159 1095 198 848 100 660 300 530 297 879 183 816 243 506
420 15 312 294 1257 288 694 284 360 256 921 112 383 256 66 155 650 219 1386 298 233 30 1275 264 1489 268 361 93 1391 125 692 186 1302
421 15 328 283 960 115 419 161 56 118 1067 193 480 270 750 294 1473 162 792 240 742 266 454 246 1260 271 1146 266 923 134 559 267 1334
422 15 299 175 921 267 299 170 208 291 1454 76 866 292 432 166 520 298 1468 260 1457 71 661 100 1140 194 752 181 441 297 991 161 127
423 15 313 152 146 233 460 289 976 267 1068 283 341 226 1094 272 195 244 1307 237 60 156 1143 126 568 296 1500 110 518 91 503 157 3
424 15 311 145 745 249 1359 162 1296 65 435 185 1393 221 139 177 769 297 926 292 928 250 540 288 9 198 429 197 219 206 726 179 1107
425 15 291 95 945 288 99 180 591 258 134 273 215 83 1137 139 715 263 422 227 392 130 508 163 1258 282 1102 245 1263 64 1192 225 577
426 15 261 101 681 223 1099 244 841 92 286 288 461 222 996 205 858 276 1130 62 969 104 1150 134 526 221 707 88 165 271 201 82 1184
427 15 253 137 1283 220 913 208 585 137 1372 284 994 17 830 278 424 29 1139 28 1317 139 550 254 1137 254 1105 172 1058 156 174 225 703
428 15 309 274 1157 195 975 299 878 242 645 278 683 236 1100 66 696 178 524 111 1291 242 78 184 485 175 99 131 888 256 555 227 1386
429 15 286 289 1096 264 990 265 763 218 625 277 840 69 1243 164 975 112 587 64 1406 153 1053 282 1076 237 868 37 81 183 936 254 954
430 15 322 59 1048 226 637 266 1200 293 969 257 918 196 1162 299 441 198 1220 139 1465 275 402 276 1204 73 713 241 1061 157 820 273 828
431 15 330 226 1344 250 36 243 535 250 754 276 324 116 397 184 780 213 794 195 718 100 61 196 963 288 340 278 5 230 647 257 362
432 15 305 283 291 251 279 257 378 172 462 152 1214 280 1128 297 319 203 541 199 979 253 1171 180 1489 121 900 115 1405 79 1351 212 182
433 15 283 190 1349 261 893 226 621 158 761 81 253 201 190 155 769 290 719 65 1282 202 501 230 678 225 195 126 1323 249 1136 175 979
434 15 315 242 731 276 968 144 186 268 1246 19 212 292 39 226 340 199 920 157 1254 197 1147 143 75 197 1025 280 98 299 537 214 338
435 15 312 289 1400 88 817 227 782 41 879 244 1326 178 89 49 1437 299 1446 289 754 263 1495 250 972 226 574 255 1061 137 1111 293 446
436 15 308 135 490 223 651 264 864 194 1160 9 687 215 925 234 1236 251 494 254 578 276 679 236 297 272 416 105 101 187 266 225 297
437 15 282 205 687 172 581 164 554 168 1024 212 7 286 457 103 728 110 1471 259 1468 51 1143 77 1015 281 158 236 956 226 247 278 358
438 15 303 228 359 166 505 134 896 226 1194 273 191 246 461 14 175 125 1014 200 979 174 1059 267 778 226 268 240 27 297 1113 219 402
439 15 263 229 515 82 1408 288 690 52 122 254 735 77 695 198 769 6 1193 228 824 246 151 284 815 161 1113 67 1001 269 236 193 1243
440 15 251 69 337 201 873 198 1274 111 461 222 473 84 1402 232 1318 82 578 149 1083 207 471 296 466 214 480 163 639 137 649 147 1145
441 15 301 105 739 186 295 288 574 89 449 138 1435 278 38 281 1197 256 25 229 46 299 1149 210 248 77 635 238 1285 192 998 151 1217
442 15 276 186 110 188 820 299 405 172 1497 300 814 89 1208 202 764 296 1053 196 1024 24 847 76 831 107 1219 284 69 293 690 56 1396
443 15 289 98 765 90 501 246 496 270 1420 53 1318 251 1463 188 202 287 684 164 5 106 1207 212 1424 189 562 254 1165 232 1364 250 754
444 15 322 167 366 201 466 281 12 300 206 61 249 281 1188 293 431 51 831 214 1409 290 500 244 989 202 135 252 1068 205 1182 183 649
445 15 329 247 3 209 59 100 198 263 1472 169 1084 294 690 268 959 257 577 270 717 285 772 21 460 293 947 259 1001 171 1150 193 505
446 15 298 141 627 229 1332 181 518 71 1194 212 183 233 516 218 275 186 223 268 892 262 1136 277 1283 222 1330 131 1277 62 1307 290 1180
447 15 290 199 203 225 1001 151 1413 192 68 212 809 198 1464 180 595 158 1154 239 521 201 816 119 1135 222 1150 117 1411 285 552 203 154
448 15 279 104 929 227 756 237 3 157 982 161 889 270 1465 170 1349 115 1353 223 1119 273 971 81 1389 135 841 181 1079 284 931 181 927
449 15 328 226 558 166 365 173 734 236 1051 276 19 296 917 236 1022 279 537 168 646 162 846 252 22 263 1332 218 972 51 835 278 656
450 15 308 188 714 238 86 185 787 39 811 282 429 225 1421 294 860 270 1366 107 875 137 450 172 50 211 225 206 375 245 155 285 553
451 15 312 196 1376 202 1256 250 293 263 51 53 529 206 1466 297 1223 105 770 258 1474 188 669 278 1000 288 1072 141 788 275 41 126 440
452 15 300 275 1190 254 1390 120 402 286 874 171 696 194 895 53 812 259 815 125 1149 261 1325 120 1306 268 698 119 721 206 916 294 1104
453 15 269 253 577 65 428 159 1111 258 289 293 1221 129 1190 276 1019 43 1075 47 1282 267 1107 183 173 289 1032 160 368 119 751 157 395
454 15 371 278 322 267 736 224 1264 273 588 183 1101 218 1379 226 1068 259 1318 183 910 288 1137 289 898 255 851 241 108 254 312 278 1172
455 15 271 196 1241 149 862 190 1343 243 1308 84 1414 129 446 286 457 130 517 267 1382 234 802 60 919 119 847 300 923 92 694 235 355
456 15 334 276 727 276 527 156 812 288 88 235 334 265 521 227 390 132 255 269 708 221 138 258 1133 165 112 188 470 160 856 229 633
457 15 289 208 341 157 1485 272 1138 57 1039 166 1195 242 1295 107 1324 130 639 291 1486 285 1169 122 1424 34 1499 281 403 272 621 270 339
458 15 292 171 471 161 320 144 881 240 63 253 468 238 1008 207 110 145 1451 215 798 233 1217 225 1246 238 1250 52 1281 109 155 295 326
459 15 308 177 609 241 435 277 855 164 1424 153 1007 266 1035 203 711 268 1163 157 1183 267 824 127 1446 262 986 137 690 144 388 245 1138
460 15 298 267 1070 294 815 209 1291 275 786 81 662 189 426 228 1284 277 315 274 904 129 309 171 733 228 1317 103 489 75 1095 182 23
461 15 298 48 862 198 690 257 314 214 224 253 1426 150 881 286 799 137 267 161 1044 196 627 280 632 293 1215 151 1092 168 885 188 592
462 15 322 275 692 211 514 280 1388 136 116 11 1264 246 65 157 1467 260 329 204 1245 277 1415 279 1437 261 32 164 744 239 291 226 607
463 15 247 29 515 184 1256 99 1311 83 1128 205 1434 61 1091 174 76 215 1341 195 517 277 1136 198 1336 174 1155 300 215 207 617 71 890
464 15 281 245 765 128 1084 247 408 198 467 209 291 199 1109 144 387 280 1328 152 1448 258 137 56 510 251 163 249 1260 149 270 47 21
465 15 242 292 56 71 103 35 764 161 1051 134 121 218 641 127 1234 298 731 272 493 112 1206 203 1344 160 132 162 359 168 330 15 307
466 15 371 230 1368 156 147 260 471 283 909 199 1059 271 203 284 1183 294 250 275 1139 244 1123 228 537 285 932 209 240 299 1131 197 178
467 15 306 205 392 141 494 230 512 142 1112 230 850 195 1249 215 1071 129 694 294 932 141 684 266 835 286 557 215 211 151 299 220 1403
468 15 292 147 293 128 1258 267 94 245 1273 290 1103 144 673 295 171 250 1166 126 1241 73 39 257 398 213 1041 157 1060 215 1092 120 1317
469 15 276 180 1125 288 908 182 487 227 450 191 683 94 1252 235 341 177 1273 184 580 173 818 182 683 89 1440 73 214 232 748 255 189
470 15 212 116 832 65 85 291 1489 224 41 154 1277 60 592 128 557 68 707 38 1064 245 1260 157 888 122 979 29 1486 201 725 226 1141
471 15 318 195 773 297 735 187 1410 277 502 214 537 243 143 220 813 73 184 229 1022 275 558 53 359 130 752 234 1145 289 547 273 1491
472 15 257 121 1099 93 523 84 1155 260 205 141 1 297 896 133 1485 283 453 64 1325 129 157 81 1187 104 49 269 1326 272 888 240 161
473 15 284 87 174 90 16 288 455 145 706 269 624 170 599 236 682 204 1139 150 409 273 1022 163 1314 202 685 134 297 137 1015 296 1270
474 15 273 213 388 158 1315 245 1418 292 340 190 1174 109 305 144 656 165 861 205 886 32 768 116 1269 231 641 276 296 169 19 185 2
475 15 314 132 664 223 447 229 1447 234 755 264 580 199 130 260 304 211 841 92 93 229 896 256 239 258 937 151 915 234 63 177 866
476 15 256 66 73 207 1298 226 771 289 296 197 1133 215 71 66 503 136 27 122 1085 210 1389 180 364 90 522 197 269 109 1401 259 112
477 15 350 184 1238 270 420 298 993 298 1215 214 162 262 376 158 329 289 1043 136 179 251 1173 184 647 211 909 293 1420 154 386 299 588
478 15 337 197 945 237 473 298 1437 295 241 214 354 78 926 204 1392 223 808 277 53 215 488 178 1445 285 20 285 1441 199 662 190 1315
479 15 271 253 344 207 453 100 413 252 935 264 702 37 761 157 1418 92 310 247 662 159 114 272 1322 212 209 162 1349 117 292 186 81
480 15 261 124 1397 55 134 293 541 93 1226 245 224 87 914 136 1238 141 317 215 55 247 696 235 1322 257 135 46 1323 279 1202 164 1130
481 15 336 258 1378 287 692 276 591 221 1489 232 821 230 949 268 1305 197 762 242 1040 257 204 254 59 48 300 165 671 181 876 253 700
482 15 324 166 336 296 1204 206 1355 132 1061 155 985 102 327 289 75 166 937 56 216 300 789 271 915 234 1010 285 949 293 336 290 102
483 15 336 254 33 79 1362 267 833 296 1278 185 112 264 938 232 1380 256 1220 229 212 199 1256 228 690 227 596 233 796 118 312 297 969
484 15 260 197 455 259 120 160 111 141 86 40 1035 91 872 241 950 233 324 236 689 239 1274 122 1174 186 817 262 254 30 1361 172 665
485 15 261 84 1307 184 1268 287 1004 84 438 129 1229 280 1263 101 1269 149 48 232 256 296 704 141 217 67 207 97 867 205 867 276 589
486 15 327 155 446 245 1044 156 1271 272 569 119 1241 242 285 215 1012 219 660 221 518 298 469 135 1396 270 830 258 1485 287 1435 186 893
487 15 311 106 397 248 1386 175 138 160 1055 170 1244 235 595 282 1408 300 501 270 123 149 878 219 780 299 1027 181 1033 100 802 224 1400
488 15 262 213 589 243 406 93 1233 78 466 281 999 132 1434 236 1278 115 541 110 921 253 581 216 601 98 1397 125 1015 167 667 261 777
489 15 323 256 151 266 193 251 613 110 874 128 1423 262 353 164 1349 208 1333 290 341 135 194 174 1423 256 338 273 1174 197 662 261 327
490 15 281 243 940 227 1449 198 1341 115 213 150 920 252 546 122 1438 218 405 224 501 177 1256 174 1154 124 459 215 403 166 377 210 134
491 15 250 163 1301 163 727 167 477 90 909 111 856 176 1273 206 353 170 276 185 1475 260 258 23 332 149 1477 279 72 188 706 171 408
492 15 241 253 1410 122 1324 167 1191 16 291 177 376 116 746 70 1031 225 49 171 1112 278 545 180 225 173 1084 182 1310 166 381 118 1407
493 15 330 27 397 293 337 257 519 246 1073 166 1058 261 131 218 529 189 93 267 961 195 767 245 486 257 379 165 533 260 664 260 693
494 15 320 275 46 31 1051 218 1448 298 470 181 1454 223 619 209 783 16 1218 233 1155 254 1274 263 158 183 190 294 574 242 100 284 1326
495 15 301 256 161 253 731 127 1411 291 752 270 920 233 583 298 569 96 837 104 991 95 78 220 1278 175 988 72 342 246 429 279 608
496 15 274 165 1026 168 937 227 1440 260 1421 126 1355 156 384 164 692 250 736 187 1026 85 1082 244 835 178 880 120 233 164 655 247 346
497 15 336 293 1050 148 895 263 746 222 936 263 840 212 931 90 711 288 516 278 1297 214 829 218 1126 149 787 187 845 243 1470 293 1391
498 15 306 271 452 268 1466 174 1442 212 247 248 1214 259 137 223 72 95 703 11 410 203 619 287 1389 213 1495 97 902 266 1345 238 146
499 15 329 260 937 99 392 213 1098 247 540 69 1408 173 242 218 648 259 764 294 993 206 1375 260 864 154 131 291 1134 253 154 296 935
500 15 294 116 1399 275 1075 197 1174 260 1051 268 565 156 1444 152 672 183 707 245 1306 228 1229 80 134 186 365 149 1200 242 1070 207 731
