1 15 70 58 892 50 388 44 404 131 133 81 728 20 500 7 1185 52 530 78 1316 18 1431 14 881 51 323 15 888 12 910 78 207
2 15 63 29 262 70 494 79 1424 101 483 6 1193 81 1259 29 1175 16 187 98 1335 25 952 7 962 46 868 21 1485 7 1488 17 1165
3 15 66 90 275 6 675 64 185 65 735 85 411 4 859 103 1392 3 475 17 963 56 87 8 588 121 414 1 8 31 390 6 1
4 15 62 22 734 9 1323 29 453 14 1499 12 229 70 1222 61 1347 37 1438 61 1126 87 619 41 1290 67 1354 64 296 7 1131 42 1291
5 15 68 23 177 70 50 83 787 130 1465 21 112 40 1273 27 1175 27 345 29 836 46 371 9 629 16 1347 2 355 121 978 36 440
6 15 49 68 1228 10 979 10 177 3 551 18 1103 70 795 7 1164 69 1222 8 740 122 149 63 1287 21 251 11 553 10 827 9 1255
7 15 44 28 1400 7 546 61 55 39 384 44 1148 6 685 50 1272 45 1017 15 79 26 1106 17 1306 11 532 24 754 4 1396 64 1464
8 15 52 17 171 3 1260 44 169 1 7 67 78 25 735 27 269 100 769 10 1490 1 472 29 814 37 592 98 280 54 860 10 1377
9 15 47 16 553 54 1056 104 735 76 1359 2 245 9 1464 13 233 12 734 12 62 13 947 27 818 15 56 40 61 46 1308 37 1037
10 15 69 25 812 49 274 36 413 83 821 58 610 6 560 6 1199 6 1209 176 836 7 578 1 1441 68 553 41 74 53 573 83 709
11 15 54 78 524 29 1412 19 35 61 212 1 1153 42 645 72 1273 105 512 31 33 3 313 9 1259 48 1092 4 1140 12 1052 26 453
12 15 80 27 642 87 1075 136 816 42 1119 37 88 6 111 13 980 58 318 3 971 119 1260 113 1007 61 1395 6 494 42 184 56 303
13 15 74 57 1500 15 1296 94 73 62 224 85 505 35 1460 5 580 5 168 77 259 15 510 2 1242 25 670 57 1266 187 233 25 420
14 15 70 8 264 19 205 2 1072 34 1127 32 151 47 982 54 1341 34 504 140 455 218 133 6 1169 8 1034 43 594 43 525 17 347
15 15 68 67 1396 16 1485 59 667 2 358 101 62 13 272 7 1291 20 41 80 217 30 1023 115 1013 30 539 82 1226 22 646 36 566
16 15 66 80 555 26 13 95 1496 43 206 2 1350 60 196 9 442 13 268 12 472 56 929 38 661 38 1274 31 1142 110 1077 55 1035
17 15 58 107 581 20 159 42 875 60 1115 15 636 29 956 8 1468 18 1006 72 1221 12 278 44 353 64 314 20 201 18 1355 53 924
18 15 50 29 1061 2 942 22 1214 15 34 65 1103 10 418 21 1408 83 598 53 1268 13 120 64 452 27 689 77 492 14 416 13 707
19 15 76 16 798 9 61 110 213 82 265 63 1499 52 88 68 741 5 616 19 424 1 596 41 867 76 1214 93 1372 82 75 49 15
20 15 68 73 933 5 1394 97 697 58 1449 61 1070 33 127 39 159 18 436 71 1015 15 70 52 692 79 1257 52 758 13 359 16 438
21 15 64 43 1203 102 1221 19 547 61 1182 36 1442 40 1272 22 1048 22 6 19 485 9 591 28 410 87 1097 76 1201 47 330 31 916
22 15 49 31 1198 20 492 18 1198 11 650 1 618 69 1135 1 518 29 1026 62 410 69 417 34 1067 79 1031 47 1292 9 381 16 285
23 15 58 60 31 8 376 1 800 23 754 50 1407 73 1380 39 1354 73 1238 11 457 36 1098 13 114 57 121 26 919 48 666 70 1355
24 15 66 49 736 44 836 15 77 78 164 17 432 19 381 54 113 11 547 21 129 48 314 46 786 25 447 51 1023 114 649 72 871
25 15 54 94 104 56 892 30 1287 50 55 1 1257 21 1294 9 759 47 1027 25 701 5 984 63 1467 23 21 34 1180 66 1246 16 1133
26 15 73 6 378 10 490 4 625 8 219 9 798 35 798 126 1372 111 1196 48 1201 13 177 72 1447 101 510 16 1016 7 926 171 1307
27 15 49 84 357 8 1025 44 302 81 102 11 166 23 1081 31 914 12 95 24 1248 27 903 13 1378 13 1058 13 1224 41 1262 73 1132
28 15 31 30 893 26 657 15 1489 22 1322 2 1002 15 71 5 969 5 443 24 83 33 630 20 1148 25 1447 47 1171 33 399 11 241
29 15 62 102 1480 13 178 90 456 7 794 16 1359 3 85 92 14 50 1451 11 544 45 482 88 1406 17 303 10 944 50 1462 30 1009
30 15 63 21 702 103 847 33 798 13 67 32 938 11 44 96 258 17 1231 3 181 115 503 16 569 82 215 26 737 24 361 43 882
31 15 64 160 170 1 1489 76 799 40 216 22 1379 10 1216 28 1235 60 737 81 1176 7 332 13 622 36 684 68 652 10 65 32 244
32 15 61 2 1160 58 357 47 353 37 547 40 1054 13 1192 13 1463 18 950 9 139 53 1158 48 749 81 980 134 465 24 897 35 938
33 15 73 25 1425 17 1461 50 689 134 44 122 888 5 749 32 570 95 259 56 75 1 547 79 1302 13 172 18 929 44 70 39 928
34 15 71 57 1081 64 266 81 1228 16 578 33 306 16 983 38 801 27 334 75 622 21 1337 30 186 25 358 129 688 95 231 12 279
35 15 39 6 55 4 1249 58 950 12 385 1 833 26 902 22 521 3 514 108 1343 51 21 13 74 45 47 19 266 18 736 8 732
36 15 50 8 647 15 559 55 1448 31 1325 18 1494 31 1142 31 524 10 761 74 1465 32 609 10 1146 66 378 12 882 67 1396 47 209
37 15 106 46 19 36 782 105 145 85 867 61 698 60 288 218 115 43 569 7 203 94 762 74 1301 37 144 23 958 166 179 5 1478
38 15 32 14 17 3 1072 22 1090 8 1243 25 1299 14 1068 1 226 18 1297 68 1436 10 615 39 776 31 1270 6 1378 11 348 55 548
39 15 44 20 1185 112 336 29 854 7 911 77 162 17 179 48 1256 29 495 17 846 5 344 13 168 2 534 42 676 19 1465 4 1196
40 15 59 19 779 35 1246 17 790 4 1259 31 299 31 1025 36 368 110 148 75 380 1 1421 33 910 81 409 105 351 8 318 8 913
41 15 83 76 387 59 1478 102 1035 120 150 30 232 68 738 30 1233 30 395 55 1132 44 417 55 690 57 789 60 1282 28 1070 25 1236
42 15 84 29 915 47 509 99 739 160 1227 21 871 66 63 23 114 21 315 10 60 82 1267 20 306 25 92 90 607 47 1293 108 1439
43 15 68 83 183 31 566 25 556 5 685 30 1362 29 1084 107 702 62 637 94 1495 43 962 5 1402 36 1235 50 517 67 836 21 1330
44 15 61 41 1143 22 626 50 929 24 944 99 344 67 926 86 1062 26 750 101 300 5 1369 18 458 2 1401 5 1279 15 447 58 379
45 15 62 20 1232 53 386 31 1041 25 377 44 352 13 1423 10 80 10 1241 11 276 134 406 30 173 42 1279 55 1374 82 1121 61 413
46 15 76 74 1416 10 659 7 319 22 49 63 1467 19 157 139 258 15 1043 53 1012 64 62 163 1383 5 1490 32 96 6 98 95 364
47 15 61 33 1036 9 463 7 365 6 995 4 1390 60 503 79 942 13 1114 2 280 31 1260 77 1248 44 378 116 618 26 714 111 1180
48 15 67 52 396 76 690 58 1009 28 418 147 1030 55 782 41 775 63 204 4 633 3 1224 1 35 27 1159 82 936 5 1059 29 78
49 15 53 71 918 14 559 108 595 21 1156 2 753 11 1070 6 42 8 1190 28 408 46 288 62 638 67 41 2 322 74 226 12 785
50 15 77 59 1472 49 178 30 389 78 1242 17 554 14 1497 37 478 113 1142 101 1070 31 778 20 258 28 153 24 1056 76 66 94 1495
51 15 77 55 1328 72 913 14 1270 12 1185 71 1107 11 197 43 651 108 1321 66 768 72 1373 84 1394 4 1310 136 1234 20 771 3 286
52 15 79 53 1223 49 1409 19 736 49 1179 5 638 33 940 108 1121 23 255 38 871 42 470 95 361 19 347 67 1296 168 1004 27 1492
53 15 76 141 283 9 864 118 255 39 432 45 846 8 744 54 491 5 710 8 109 47 663 14 1271 139 591 109 751 2 40 23 669
54 15 33 8 932 13 1420 52 1198 7 501 17 272 18 66 15 866 38 517 6 361 59 885 7 361 40 122 37 235 8 1448 9 1232
55 15 62 23 693 45 859 70 1009 33 1219 40 1295 107 890 55 1158 30 186 31 1221 8 463 84 1475 10 154 57 851 5 656 25 612
56 15 64 32 509 41 680 62 146 15 331 32 40 11 928 98 588 35 841 19 733 7 489 66 218 97 1380 48 44 11 332 74 1104
57 15 56 66 1031 12 1227 3 599 22 391 76 1290 51 127 7 612 52 88 52 866 100 1238 48 179 9 678 22 464 6 356 34 252
58 15 59 12 329 1 844 90 75 28 532 38 917 59 1112 20 853 138 1258 12 1188 5 857 5 1328 52 1193 21 874 43 78 70 143
59 15 72 36 920 133 1187 5 1298 54 374 4 233 26 1316 17 1388 2 1059 81 1469 91 720 88 386 25 204 60 666 72 243 34 356
60 15 49 50 1053 18 675 35 859 59 1184 2 1448 14 1001 45 680 72 1048 62 273 8 174 29 107 21 815 56 159 9 300 13 798
61 15 51 12 249 56 354 9 1027 82 1241 10 1485 72 724 8 386 1 170 16 771 7 1433 111 313 33 899 62 124 23 618 10 447
62 15 59 79 1231 15 189 130 232 1 149 9 703 31 430 17 467 36 29 11 1367 137 803 57 525 19 296 11 6 33 1075 5 1217
63 15 54 8 1177 122 576 47 607 35 119 13 357 53 1371 30 1148 22 162 12 322 15 962 3 1032 99 214 43 902 38 55 9 1181
64 15 52 28 453 18 570 1 798 13 1240 3 336 67 917 90 1280 33 833 94 535 9 811 22 120 7 511 22 1405 44 492 78 645
65 15 37 4 771 20 1435 3 447 13 918 17 378 1 1369 80 332 48 1375 2 1399 64 966 10 1446 15 824 81 1029 13 730 5 436
66 15 81 7 460 20 126 81 1243 34 792 81 109 20 1003 49 717 126 426 12 1417 125 666 6 915 13 1034 89 133 51 1077 99 318
67 15 65 24 1098 55 825 6 48 151 1225 28 730 15 1382 17 362 15 1057 3 739 50 541 129 601 14 878 23 1162 67 647 61 678
68 15 61 33 670 10 32 55 932 59 1057 68 1325 18 149 39 675 57 1186 63 361 19 928 8 1258 26 921 30 952 19 990 106 523
69 15 66 49 1474 12 878 7 524 46 541 56 249 88 1134 28 1021 45 75 69 1186 21 358 55 150 2 274 18 82 103 1193 66 417
70 15 77 129 125 62 854 1 62 2 396 22 190 59 464 2 916 21 665 91 812 33 13 8 466 52 850 80 1161 125 1224 87 560
71 15 82 4 27 148 1352 113 600 17 381 136 1037 18 1316 17 59 145 394 9 510 5 1000 54 818 87 335 45 100 8 83 14 471
72 15 49 90 1492 22 458 26 800 16 939 55 1067 43 810 76 854 32 713 7 544 8 1057 41 1307 13 720 40 797 17 1379 13 646
73 15 66 1 265 181 300 9 1468 24 1484 8 1270 2 1090 7 569 76 522 67 949 63 1101 110 1229 39 1081 23 1256 30 327 22 862
74 15 70 2 1057 159 298 24 776 23 244 8 513 39 1046 2 709 58 1268 10 1287 93 1374 52 728 31 139 115 491 11 882 77 338
75 15 76 14 1200 55 1015 7 1385 3 547 20 1471 81 764 178 183 18 940 97 24 52 761 58 507 82 1243 61 495 23 46 20 527
76 15 91 126 891 32 1436 78 331 31 392 52 1211 188 805 3 147 17 1183 3 709 101 567 70 460 12 1324 20 680 45 1116 140 44
77 15 55 31 142 20 829 143 120 104 190 4 1029 6 984 49 1456 18 896 45 199 45 779 3 336 20 1048 18 842 31 37 13 393
78 15 55 59 344 31 657 45 570 33 539 37 1500 29 514 3 790 3 455 119 908 52 1324 2 1059 17 30 54 382 26 1494 43 312
79 15 44 4 285 12 821 1 476 13 938 43 411 9 1370 42 874 39 252 59 899 42 1425 7 1188 24 1497 49 1038 26 1167 71 755
80 15 76 67 907 66 1279 14 663 132 1160 28 550 14 1280 7 1377 1 349 139 1233 3 372 41 216 61 433 103 1154 51 1007 35 1447
81 15 76 75 957 54 1465 25 471 8 679 35 1083 47 628 48 549 57 928 125 399 11 342 59 1303 30 557 38 607 103 1000 47 495
82 15 52 23 92 60 970 36 792 17 49 35 417 14 319 33 857 13 1018 26 195 7 278 101 760 9 544 76 1444 20 1046 50 1313
83 15 42 18 1390 6 212 9 1434 39 1139 5 1391 31 1025 81 1483 87 1028 12 899 2 216 9 1166 65 787 8 205 3 1087 51 1067
84 15 60 71 1498 40 1395 90 1421 55 1307 30 482 8 679 3 1014 28 641 22 971 46 1491 57 381 32 423 67 603 44 489 9 496
85 15 56 83 893 6 855 8 400 45 528 75 112 30 1059 3 1386 67 458 6 356 79 1380 68 1208 19 1156 35 209 29 1294 9 859
86 15 91 119 306 132 226 15 214 43 506 107 76 81 1352 51 810 16 295 9 1387 45 290 138 698 47 83 16 578 68 336 25 53
87 15 42 39 1046 30 1352 10 303 98 1130 2 1264 22 1473 11 620 5 163 38 1196 6 1434 23 795 82 1078 4 549 8 140 51 365
88 15 83 3 466 41 349 117 1052 6 243 50 311 20 864 40 727 52 950 139 523 28 1033 9 317 124 518 45 1303 138 600 20 339
89 15 63 57 340 114 1241 30 393 45 1376 12 1069 32 2 8 6 28 925 13 1313 120 605 18 639 61 811 32 742 8 1376 60 295
90 15 86 26 374 95 89 33 447 14 386 3 1202 58 1053 62 1005 43 201 101 886 80 363 109 956 135 1032 1 1154 2 711 107 726
91 15 69 1 221 37 1343 41 464 27 1014 141 1025 76 33 110 1341 72 872 20 243 39 982 34 1175 47 397 32 1192 14 714 4 813
92 15 63 24 876 47 613 33 235 22 1242 82 1397 33 1157 38 1467 70 407 94 1471 67 712 72 1160 27 673 2 920 10 989 10 283
93 15 73 7 535 38 720 127 1077 79 224 48 434 116 700 20 306 94 1444 8 289 65 564 56 49 8 646 1 1446 18 142 48 547
94 15 64 13 8 32 656 61 311 26 988 136 333 55 1266 106 626 67 485 19 677 61 329 25 271 6 1217 9 1467 18 1447 8 669
95 15 72 29 690 131 415 71 1362 62 137 42 989 66 1144 10 268 50 1331 108 1205 38 185 62 1378 8 1281 15 62 20 863 12 230
96 15 58 28 659 38 9 68 34 66 897 17 246 58 786 6 1476 63 232 10 87 40 25 14 1340 53 979 54 446 34 1291 33 848
97 15 59 31 836 12 73 36 187 95 486 34 744 14 443 9 774 83 173 103 181 18 1148 30 522 55 713 20 433 1 1340 55 1238
98 15 43 21 56 11 1195 72 16 12 685 12 611 14 665 24 284 46 948 44 727 1 801 39 1017 19 1062 80 240 5 1500 32 1054
99 15 67 26 888 68 1197 152 299 90 562 16 1379 43 199 31 370 1 1167 21 293 42 1155 5 1008 23 1375 21 457 119 680 20 382
100 15 60 24 566 36 1155 28 403 2 730 11 781 20 421 20 937 19 730 78 847 93 601 13 548 24 1475 55 421 53 1009 125 300
101 15 76 80 699 99 1322 5 855 9 1258 43 955 54 1435 80 278 7 203 136 123 30 476 62 1168 29 871 45 1120 70 7 18 868
102 15 71 103 1265 3 970 7 581 59 1390 57 1152 70 734 36 1311 11 681 30 412 9 357 109 904 69 285 70 1407 45 1469 33 460
103 15 56 70 813 21 384 26 933 19 884 3 1188 17 1375 32 214 68 23 10 1085 68 268 71 310 94 1005 12 226 22 1427 28 1416
104 15 69 37 532 54 240 105 1471 61 315 33 126 25 150 46 1120 75 1374 65 434 31 357 20 804 59 1387 2 652 43 1040 39 1037
105 15 88 40 607 25 668 18 979 39 517 46 1324 149 179 81 343 9 1096 85 1159 7 4 70 366 80 753 60 985 110 571 63 942
106 15 69 33 749 5 809 123 865 63 563 5 968 71 1083 27 1371 8 998 143 561 72 1048 43 843 2 1140 22 320 4 948 73 1058
107 15 87 40 1261 11 679 179 1151 98 1100 3 142 29 179 13 2 47 989 118 1105 90 591 9 1466 55 932 32 598 21 1346 126 453
108 15 69 22 493 14 345 63 410 65 1404 46 1162 45 160 20 175 184 1454 15 915 17 508 59 1142 31 480 26 161 52 279 35 529
109 15 39 18 568 56 860 60 480 37 1202 2 1413 16 871 38 365 10 1372 8 173 82 419 19 332 20 1004 13 495 2 978 11 1265
110 15 56 9 392 8 1201 12 963 123 796 56 60 23 557 36 609 21 148 4 936 37 572 6 394 84 87 1 1354 130 1068 10 236
111 15 78 68 711 35 659 87 55 69 1054 39 229 8 1365 30 841 28 408 150 843 78 1215 56 417 65 367 14 466 40 1420 15 1312
112 15 53 67 803 19 900 25 449 89 128 1 858 35 1335 53 1032 2 1296 42 368 11 1060 65 1050 17 961 26 912 11 570 70 1333
113 15 51 5 603 81 1497 122 1479 32 655 5 224 1 862 7 312 40 1008 9 1365 3 632 12 654 90 521 11 1104 98 302 1 75
114 15 40 31 1077 47 1078 28 1113 9 1422 8 153 26 197 120 1209 23 791 21 686 32 1141 3 96 3 1249 31 29 20 1431 1 507
115 15 85 48 1429 137 448 3 1483 17 134 1 437 27 1286 32 648 83 1088 109 1472 53 19 2 123 56 600 97 822 50 1315 136 932
116 15 59 26 658 32 27 46 444 28 228 106 716 104 10 20 1020 20 717 15 1268 28 374 77 1369 2 1245 53 1026 26 626 9 862
117 15 41 34 913 21 1100 15 1204 75 1419 2 896 12 350 90 618 7 277 6 852 10 442 23 1166 20 1252 18 903 14 49 69 59
118 15 74 9 1255 7 309 5 593 108 772 65 1060 68 1226 130 493 122 216 12 934 4 1424 30 1221 7 753 13 803 138 1377 25 1315
119 15 58 46 801 27 376 39 350 43 1347 28 905 59 377 27 853 2 643 20 69 5 1486 38 86 110 1397 74 989 8 156 59 236
120 15 82 22 1003 33 343 39 441 30 139 22 462 135 265 33 795 95 1116 134 742 57 1398 102 1460 65 386 24 1279 27 432 4 774
121 15 58 8 97 67 865 18 935 104 1159 3 84 93 32 26 1388 7 648 24 1467 51 934 41 1464 73 1473 15 760 21 972 36 1363
122 15 49 11 624 61 361 52 365 15 1219 57 57 40 902 29 902 45 1364 9 1095 3 604 11 1391 3 1452 45 146 70 586 48 1058
123 15 44 4 1145 40 452 4 557 64 906 50 839 31 520 7 1450 42 1282 22 896 30 1179 22 1319 14 656 16 81 69 629 33 477
124 15 72 22 1253 100 805 23 828 37 880 32 968 72 1296 11 21 2 1020 6 496 3 829 27 1435 58 563 153 576 79 298 104 339
125 15 62 2 770 13 523 23 566 28 572 49 1392 66 1336 106 530 3 128 71 1404 77 1099 9 57 34 688 33 25 28 558 78 595
126 15 61 51 864 27 478 10 1123 65 861 14 139 41 933 19 935 24 530 5 1461 75 45 130 720 52 596 44 358 26 1195 30 409
127 15 67 44 342 84 1024 42 797 24 1068 2 1353 136 571 37 1300 111 1143 8 408 42 233 7 88 56 1040 24 1068 19 290 39 440
128 15 78 6 534 22 598 13 326 8 1444 26 835 52 530 86 1414 54 725 17 1451 165 1434 19 352 148 1004 119 542 23 347 30 628
129 15 86 48 232 77 570 104 8 39 500 63 1396 8 278 72 984 35 1007 76 1398 17 1367 29 223 22 137 148 411 78 784 48 255
130 15 55 34 206 27 265 25 606 4 724 55 398 69 1018 32 913 23 378 12 261 71 1279 30 221 28 1367 5 1499 26 235 109 1206
131 15 72 2 1141 54 1118 46 1418 31 808 22 1038 85 1243 57 80 124 680 78 434 24 39 39 26 1 397 7 25 113 603 39 218
132 15 78 5 927 46 240 20 1339 35 876 94 188 67 461 42 804 128 1203 48 1287 29 211 54 281 96 213 5 1065 39 293 80 28
133 15 81 16 96 75 1077 21 1096 141 1482 1 198 11 1008 52 779 5 114 21 332 26 477 58 1361 170 529 143 1316 37 897 40 21
134 15 74 30 137 1 867 16 1273 107 1332 59 1257 58 1015 98 1144 22 135 80 1228 51 436 35 805 16 568 50 1031 80 506 42 108
135 15 63 13 873 16 1348 97 1167 28 1460 31 1289 91 328 18 841 158 803 19 1367 15 149 24 1090 15 882 58 981 16 446 33 829
136 15 76 130 555 14 74 56 1026 48 521 66 64 58 370 56 1372 66 792 48 1299 68 620 22 1294 19 1319 74 1090 24 480 18 198
137 15 52 80 46 45 1498 4 875 12 1432 60 1176 1 329 30 1389 6 852 8 881 84 1488 56 560 89 750 3 162 6 1347 44 1405
138 15 67 126 816 5 307 51 1375 29 1352 25 1274 26 349 19 1101 46 172 21 1319 13 1224 32 1329 51 1269 113 1016 30 573 84 1272
139 15 76 78 1012 54 854 39 341 22 1340 63 951 38 57 52 347 44 943 22 46 125 253 77 523 13 1461 13 21 112 86 13 185
140 15 54 54 488 10 574 6 1229 28 1295 4 535 4 917 19 1395 4 594 99 1386 5 133 61 1288 12 1097 92 563 26 462 124 266
141 15 52 90 1193 43 161 23 989 10 898 11 1151 68 818 1 681 13 465 74 1459 49 862 57 673 3 1212 10 1429 26 925 47 1055
142 15 58 37 1286 20 778 3 1366 42 1108 24 26 59 1401 13 975 22 1339 37 35 94 10 66 1493 2 1415 126 480 17 106 27 1422
143 15 55 33 1286 15 1211 57 824 45 604 15 1020 32 1357 123 1383 95 574 27 811 54 516 20 1292 12 1325 20 552 4 579 3 605
144 15 60 14 1087 21 286 96 575 9 511 34 294 56 339 31 1250 49 479 66 933 11 806 15 181 3 1247 2 1388 110 821 85 225
145 15 63 18 783 26 1402 35 1065 3 1336 23 686 62 481 56 944 33 875 32 508 55 999 138 145 26 1196 13 868 41 886 73 913
146 15 51 11 284 9 1429 19 1227 47 304 20 625 14 781 56 17 58 335 67 1156 4 1434 34 1379 20 635 56 425 73 992 30 1206
147 15 65 9 295 33 1423 22 51 17 717 35 974 32 482 48 479 109 1347 21 216 45 86 73 886 5 86 88 549 109 203 11 222
148 15 76 60 1408 4 1085 5 176 65 190 101 1401 47 1138 12 446 92 580 37 1260 135 716 12 351 36 1034 43 1125 30 818 83 193
149 15 85 62 1485 41 1109 32 316 14 434 21 272 34 229 1 851 11 1034 47 585 71 1250 54 218 156 61 138 99 125 161 50 1017
150 15 66 113 640 28 882 51 477 34 766 107 10 1 1313 47 860 9 568 66 864 33 106 57 1138 43 1341 44 173 4 275 29 1051
151 15 89 39 434 75 769 58 1293 120 524 10 762 47 743 43 1378 17 1299 45 847 99 890 86 1189 22 494 111 1124 52 1419 68 1241
152 15 88 69 665 114 913 35 848 56 2 94 1391 67 436 4 1217 57 1330 34 227 186 414 2 956 15 680 14 656 94 566 40 1279
153 15 82 189 597 19 107 105 727 31 178 12 1446 84 344 41 982 17 478 41 1224 39 1300 16 371 49 1111 132 460 19 657 34 80
154 15 44 13 1199 6 1496 34 1375 5 1374 63 1182 52 352 5 1418 63 150 51 293 15 152 14 909 92 239 13 29 15 886 4 1479
155 15 85 41 828 80 355 81 706 55 1452 24 879 56 1003 7 950 173 1217 27 142 19 928 87 300 9 789 92 752 53 805 46 1045
156 15 75 32 793 3 1131 9 1218 107 553 6 580 82 894 32 890 127 1071 45 192 28 807 33 242 60 1396 36 594 105 1371 45 239
157 15 64 12 743 39 1322 4 834 44 1310 27 115 53 637 4 1068 70 1143 103 124 15 739 163 316 42 364 3 1473 46 734 17 225
158 15 50 14 667 35 593 15 1278 15 892 10 1160 21 515 55 1048 13 669 26 186 9 476 4 402 182 1290 21 1184 82 459 5 1295
159 15 52 20 1054 6 581 19 75 40 1215 11 1480 13 607 3 931 75 641 111 1377 77 1374 7 65 74 1433 16 1444 6 148 44 321
160 15 61 14 338 66 1010 24 33 33 1427 10 1465 9 1446 111 321 20 372 57 507 77 33 14 92 71 698 59 1283 23 170 31 87
161 15 61 81 1345 70 748 3 1406 8 354 31 1235 55 612 57 285 16 403 38 82 41 1449 8 2 69 449 106 234 2 562 26 746
162 15 44 3 1383 69 889 73 530 34 854 7 637 17 105 16 1178 67 875 8 1006 22 739 4 879 74 1066 7 1257 13 694 34 669
163 15 44 54 401 9 796 37 1489 33 361 22 315 31 750 7 1473 35 454 49 272 30 1146 35 923 27 839 34 1334 34 299 6 1357
164 15 54 43 826 3 1468 41 1457 4 991 12 976 88 1219 27 132 5 1500 152 781 29 754 41 221 4 926 9 928 56 987 28 215
165 15 67 56 1263 62 1155 56 545 3 1381 42 444 23 21 64 194 81 913 57 1102 26 1376 17 994 73 118 37 142 47 1105 27 1157
166 15 69 35 648 65 1100 12 1096 37 990 19 595 64 868 47 954 46 227 35 1200 8 969 44 918 68 302 2 441 50 599 162 1465
167 15 49 25 1204 11 1420 58 535 6 1177 16 581 34 575 105 963 13 340 23 5 7 478 18 291 50 279 44 378 78 1015 3 1335
168 15 47 20 916 30 883 79 627 25 968 26 1073 9 39 75 340 102 920 50 1022 2 115 21 98 2 537 12 1400 13 943 12 754
169 15 84 51 972 75 574 46 1061 78 460 8 446 69 842 96 687 15 457 42 1468 72 100 65 956 110 348 23 358 62 516 28 191
170 15 109 101 979 89 744 34 778 29 860 61 27 4 1113 72 515 78 75 52 34 20 1283 103 1274 190 461 37 627 66 1263 154 69
171 15 41 13 574 12 1167 17 1047 2 1149 109 1100 6 1102 2 405 1 802 1 814 59 1420 52 1050 5 1053 96 94 22 56 17 69
172 15 46 21 68 79 524 37 892 8 541 113 202 14 684 37 127 28 1361 20 12 1 206 8 431 11 500 49 1068 6 1026 33 959
173 15 52 17 1215 52 775 42 1001 34 446 33 892 39 1136 24 1283 35 186 45 210 39 1095 11 1180 14 1435 18 286 103 1464 18 237
174 15 44 50 480 5 324 64 3 8 1152 31 101 30 702 23 23 17 931 25 19 5 917 88 1337 38 1332 19 1102 24 766 16 144
175 15 37 16 553 24 475 51 293 38 51 4 1223 13 1072 26 1190 23 535 36 1498 15 874 7 1104 5 703 8 1221 86 18 23 322
176 15 68 80 649 42 1318 12 898 47 312 23 1172 58 1308 18 389 140 275 31 293 25 527 74 390 4 481 36 201 59 1295 36 293
177 15 62 10 1486 16 1169 16 21 1 1476 20 403 29 621 132 59 23 729 48 468 10 512 44 169 137 1424 98 711 34 824 11 1414
178 15 57 76 308 7 815 92 1291 26 786 5 585 24 315 27 904 37 184 48 1426 105 627 26 692 30 1009 7 94 49 251 20 1174
179 15 44 22 1437 40 32 8 1182 49 641 14 1052 82 697 6 1344 127 1155 1 215 4 982 44 276 11 1155 9 56 3 731 29 493
180 15 58 23 363 133 330 27 489 18 909 19 835 30 203 17 1183 7 250 26 1139 2 1131 104 178 51 1046 89 433 15 557 20 731
181 15 74 34 94 56 1273 11 1103 35 138 52 34 86 1092 121 1125 13 908 119 487 50 797 3 1319 77 41 45 1445 21 71 17 189
182 15 62 3 283 24 502 67 1145 12 547 28 1491 41 205 4 692 69 1183 32 1326 29 888 55 467 156 706 4 883 99 685 5 1270
183 15 79 88 388 9 340 47 1327 58 628 31 60 121 443 11 978 90 841 45 239 43 937 79 688 15 814 110 326 12 296 32 223
184 15 59 53 931 31 420 8 1420 99 980 3 1437 6 241 22 1052 78 808 24 53 86 488 16 1441 94 453 17 264 31 465 31 564
185 15 58 21 1055 100 1062 36 1421 44 135 75 448 8 861 43 1378 14 692 69 821 71 949 33 1305 5 1204 30 1392 1 789 30 915
186 15 60 11 102 3 136 86 1080 28 727 34 833 5 1278 116 112 81 79 68 796 36 1375 13 1420 1 1447 60 950 62 1274 1 655
187 15 49 39 254 36 1439 39 1070 11 470 74 558 5 704 25 589 5 84 17 579 29 569 52 806 82 660 46 321 14 1435 19 1408
188 15 48 31 123 2 1027 21 560 14 540 45 358 55 84 45 151 35 193 50 613 39 353 31 1322 45 338 28 1174 11 847 32 233
189 15 103 13 270 112 400 24 669 155 1368 107 1117 146 750 25 1205 41 258 15 154 85 937 19 1253 36 433 62 41 44 182 148 198
190 15 71 130 1112 23 545 19 650 106 113 78 908 7 276 16 1431 45 1120 41 693 93 313 86 1396 3 470 10 1328 47 1274 7 574
191 15 55 105 1417 10 1231 45 161 48 731 31 920 68 583 3 569 20 95 24 392 18 1157 74 1440 16 1335 30 83 12 424 54 346
192 15 61 8 1050 13 516 41 283 85 283 83 1126 58 1470 30 452 33 1466 12 781 2 127 88 1098 28 1076 83 648 42 764 7 993
193 15 47 19 491 107 660 10 1134 41 1051 33 565 12 272 56 1054 55 1151 12 411 23 40 25 601 14 176 7 139 53 1360 4 932
194 15 60 44 991 63 568 1 1172 42 1135 63 1065 1 587 23 354 60 630 91 617 29 278 62 559 1 1143 28 296 33 765 64 183
195 15 73 22 1228 26 1177 75 219 90 1329 12 768 1 193 13 609 16 1489 82 115 87 393 21 745 109 1309 79 20 14 892 86 1251
196 15 83 60 1211 85 719 111 152 11 848 72 491 8 79 106 1033 85 543 24 62 55 1274 10 783 40 857 107 1402 8 1176 52 656
197 15 70 16 1325 52 630 3 640 11 260 2 956 169 1061 74 723 48 57 26 574 20 585 63 782 132 220 30 558 37 137 25 1439
198 15 68 10 825 114 424 38 1023 17 1047 57 1335 49 985 38 1499 27 888 66 1332 41 1284 9 1165 68 53 5 369 127 185 15 611
199 15 55 25 33 19 90 23 40 17 1428 148 1055 34 181 58 1236 20 286 88 202 7 834 8 1112 3 1406 33 1325 13 990 60 745
200 15 76 24 1032 16 16 38 1410 61 417 71 551 78 513 66 1179 3 1413 117 491 87 703 53 571 39 360 17 106 73 94 24 443
201 15 81 93 83 54 2 2 1420 136 516 55 110 5 703 6 457 91 195 11 716 84 457 107 1007 45 1260 113 53 5 1232 9 1112
202 15 42 5 328 5 401 10 490 6 1050 88 1220 3 893 39 920 119 872 41 642 7 819 5 1233 4 297 3 1484 42 1254 48 36
203 15 69 28 953 4 643 90 1462 90 872 25 1349 84 1459 70 512 8 28 130 163 51 175 35 993 13 663 17 1336 29 476 20 1216
204 15 62 27 360 44 40 35 426 48 1214 21 385 67 1286 54 914 10 5 49 585 24 373 15 717 13 548 36 460 103 619 83 268
205 15 61 26 1173 47 1085 64 625 6 918 72 28 34 970 53 141 37 1365 10 1261 49 1010 28 1461 36 149 17 1350 130 819 4 280
206 15 66 44 328 77 963 48 1446 120 973 72 201 14 803 41 905 95 1436 17 407 22 1499 50 129 26 1051 9 1283 15 1062 16 823
207 15 61 89 474 73 686 85 1091 75 999 8 1377 81 1103 5 27 54 228 6 777 6 1417 3 1275 43 196 34 265 21 1125 36 185
208 15 88 148 1455 32 766 51 76 16 147 66 1044 54 1260 104 1219 3 364 48 1080 103 1057 1 1246 14 1094 89 1150 104 171 47 557
209 15 71 19 1013 76 174 66 124 70 890 9 1454 74 1437 8 1113 63 155 110 531 23 92 46 203 17 1256 44 565 73 244 13 372
210 15 77 28 447 2 1400 2 365 160 855 19 964 70 47 62 1227 32 162 40 262 52 290 104 1043 35 434 101 438 57 1409 8 345
211 15 62 77 1091 93 1301 4 442 35 1103 86 458 65 596 29 1229 44 1438 47 1429 51 1235 26 1439 8 1291 4 940 51 625 5 746
212 15 35 2 726 33 474 47 1277 13 237 57 131 3 1424 72 686 3 313 10 1372 7 1163 52 1403 34 82 5 426 14 12 6 1321
213 15 75 33 374 17 1235 105 592 99 1140 3 174 16 1230 76 313 130 378 20 755 5 1451 10 64 66 1302 135 686 21 524 23 1418
214 15 56 29 659 24 1414 7 1442 44 82 111 559 74 969 22 668 27 75 42 237 3 81 24 802 39 1004 1 23 36 1330 85 1368
215 15 67 47 1483 56 1323 22 29 1 1308 27 54 12 873 215 271 59 121 3 1369 90 525 13 61 46 1422 42 168 13 314 24 909
216 15 58 35 57 163 1082 30 1474 19 695 13 1236 80 1226 57 155 26 19 9 618 7 119 17 359 11 820 39 602 29 1188 49 1084
217 15 66 112 508 97 1033 46 1127 9 400 32 664 28 1124 33 854 16 186 117 1251 47 1468 7 527 15 1462 25 1425 1 256 79 766
218 15 66 34 338 117 654 11 816 77 1092 70 1098 100 911 26 1461 30 709 36 706 23 1280 50 443 10 1345 26 279 41 935 14 1354
219 15 69 46 1217 22 841 121 398 11 1049 37 1150 41 1317 105 625 41 488 73 966 2 1001 21 764 8 285 29 268 41 1378 101 867
220 15 56 5 1281 53 217 78 1206 2 1145 9 620 43 385 36 327 26 439 98 912 54 6 60 977 11 7 12 1377 49 750 30 422
221 15 52 30 456 8 895 2 1353 2 1223 134 1467 6 1295 31 1119 46 1017 1 706 16 579 5 1057 12 770 12 655 157 1054 63 1093
222 15 52 4 531 18 640 55 349 8 864 14 748 13 1109 15 109 31 716 75 351 73 725 19 216 26 268 75 1466 25 617 71 361
223 15 60 63 382 64 1118 67 1248 11 1107 11 898 46 881 34 100 32 1414 91 353 32 1277 97 1358 7 636 3 1067 39 1308 8 713
224 15 85 26 1281 50 1336 22 37 90 1089 67 108 15 242 45 748 22 1466 44 1387 83 1361 120 290 58 820 62 9 51 61 95 1092
225 15 59 75 1038 104 891 73 1433 26 1097 3 1186 23 1232 23 16 22 87 31 309 35 589 52 528 63 929 11 349 20 580 35 810
226 15 70 14 749 28 200 46 755 15 1079 97 1407 29 801 100 891 35 104 4 227 132 355 84 1169 30 923 57 1336 18 937 14 1358
227 15 51 34 1166 30 898 2 344 21 401 24 810 9 882 3 1059 7 147 34 735 28 648 2 64 78 1459 64 912 82 1457 101 1265
228 15 60 7 981 18 1171 38 897 6 1223 8 201 30 500 81 919 103 718 18 1017 115 694 49 362 87 169 9 35 1 629 34 127
229 15 58 47 2 18 268 25 1218 26 349 33 1011 15 555 7 159 5 910 57 644 45 923 59 275 37 1287 114 1471 69 688 28 709
230 15 74 21 971 52 964 7 415 93 109 9 1386 42 603 88 643 37 1057 139 427 25 1157 121 1282 38 1005 16 1417 30 324 24 1484
231 15 78 51 31 50 768 14 1249 82 1498 37 938 45 1048 49 566 27 220 177 433 25 1422 32 344 95 295 29 774 15 998 55 1066
232 15 55 5 1140 96 23 1 454 119 493 35 1037 33 964 27 1112 10 694 13 108 50 515 28 84 30 615 57 1133 48 1199 4 204
233 15 79 18 513 81 847 136 541 23 1001 15 549 122 901 58 582 71 593 74 1473 116 192 8 1328 14 1376 25 212 9 543 26 1047
234 15 53 30 728 21 1130 8 329 52 756 24 775 20 900 7 127 92 756 48 1302 94 1114 13 1298 44 1137 31 222 8 947 43 399
235 15 60 16 147 18 547 30 1265 68 82 123 82 43 256 16 587 52 803 49 129 68 949 4 14 54 1007 16 448 46 1062 5 225
236 15 71 84 797 5 1171 56 216 119 1489 143 924 1 194 54 1490 77 152 16 308 45 566 55 1336 2 56 38 511 7 672 16 547
237 15 55 63 1039 69 1316 9 616 49 557 6 118 60 1335 66 60 12 516 104 965 22 37 23 1261 38 78 6 666 5 385 21 273
238 15 55 64 180 22 798 13 176 16 519 76 1304 2 1487 13 355 82 735 36 969 1 1205 78 1123 12 976 23 714 5 636 108 1247
239 15 45 18 929 62 1163 17 797 2 216 75 1105 25 1395 28 530 20 455 38 1383 11 292 11 263 72 1244 17 118 37 1181 25 5
240 15 96 4 384 52 1389 52 1 55 1254 92 91 9 882 123 87 123 890 21 1483 174 868 107 1378 28 410 100 119 20 1482 1 244
241 15 57 70 758 37 99 23 1193 88 129 4 1047 102 1215 6 909 3 1320 74 205 38 341 14 1479 83 870 5 1474 17 1028 11 511
242 15 74 83 1309 81 333 67 348 24 929 109 482 83 986 14 1247 91 274 23 535 26 1147 1 213 7 344 5 990 94 1438 37 758
243 15 88 104 1214 43 8 43 1375 76 423 96 126 41 381 90 21 63 1190 7 515 14 810 90 1064 106 816 72 1191 37 457 2 1437
244 15 68 14 1008 4 307 90 141 119 1419 42 1248 1 1269 27 954 31 1309 11 246 28 943 6 141 180 774 59 856 43 1231 29 780
245 15 63 4 444 16 809 79 1051 19 756 6 498 37 116 66 1313 88 173 18 943 46 1455 3 1072 118 838 28 570 70 373 38 1407
246 15 83 15 508 23 836 34 1500 168 1372 205 63 17 816 58 22 121 379 91 1444 34 555 7 1198 20 961 24 768 13 789 9 1198
247 15 67 31 1149 30 821 29 406 50 242 36 604 97 805 73 44 1 161 20 1173 58 366 7 1202 34 1107 31 908 103 1351 79 209
248 15 46 52 1000 12 1374 18 1444 41 675 48 539 20 522 21 1219 16 1128 22 482 45 355 34 779 69 97 38 364 23 218 3 1233
249 15 63 26 558 87 888 43 693 20 1279 12 87 76 537 38 274 111 180 13 303 77 357 9 1008 65 1095 34 872 12 1244 7 1070
250 15 49 27 422 55 270 23 187 37 512 46 278 33 468 40 1111 25 1378 54 747 9 649 17 1314 4 1238 62 699 46 632 18 1082
251 15 41 2 973 1 1073 27 1424 18 346 26 1207 11 1423 26 910 29 1186 31 1061 23 543 85 864 33 28 4 1245 78 444 22 1416
252 15 69 58 882 101 722 30 979 68 850 37 664 57 141 7 1272 5 1370 71 400 98 986 21 1110 17 987 55 449 49 756 25 786
253 15 65 139 231 45 91 9 1013 48 261 28 1126 97 267 19 1117 30 733 1 861 31 524 57 415 22 1100 2 186 93 690 32 1225
254 15 69 52 1446 99 450 81 92 43 72 90 1120 15 1144 8 66 68 523 31 517 24 683 37 930 31 1336 3 856 26 1035 87 694
255 15 75 130 1457 2 651 20 183 19 65 42 190 2 222 25 186 138 821 13 332 23 552 21 1034 113 1319 73 3 87 1429 46 1496
256 15 73 88 270 112 553 16 1031 36 1074 1 67 97 824 12 1428 65 789 18 185 4 1298 34 51 3 187 4 69 119 798 125 969
257 15 60 55 1201 1 1215 4 1268 122 1352 25 992 86 283 2 305 75 1121 61 534 14 227 23 759 12 1007 113 1248 8 378 4 486
258 15 65 42 671 91 921 24 1144 78 364 9 50 40 848 41 543 9 198 87 678 51 949 34 1430 34 197 28 424 38 28 45 662
259 15 63 27 116 83 1140 17 1291 40 137 8 876 114 603 42 304 46 250 55 543 27 275 50 71 34 716 36 1332 18 328 41 292
260 15 77 41 969 21 1271 34 13 32 1142 8 1196 114 1003 35 1266 171 13 81 1355 126 379 37 1302 39 616 6 161 21 398 5 957
261 15 74 1 1432 8 379 73 1159 100 1054 86 812 94 233 5 166 9 1378 35 1230 62 320 45 537 68 1042 64 1412 41 544 52 1438
262 15 64 1 1423 90 1221 29 443 9 403 6 1342 57 357 21 1097 52 715 32 95 30 593 51 493 21 628 21 240 123 410 99 837
263 15 85 81 1241 39 1253 93 1351 150 944 12 29 63 895 131 308 1 1046 84 1237 30 1135 44 724 47 1218 57 352 10 1370 12 192
264 15 68 23 422 126 1021 146 312 53 130 6 549 11 1496 2 383 26 787 98 1334 1 1283 70 143 10 1360 20 928 53 482 35 3
265 15 34 15 373 15 385 2 761 32 1198 2 106 36 808 79 633 30 767 5 997 12 608 28 635 35 1337 30 1368 13 1420 13 873
266 15 65 18 680 32 1402 4 901 27 686 78 615 37 10 44 481 9 374 72 645 151 1070 106 363 31 327 8 895 6 774 36 1016
267 15 62 65 588 21 139 33 766 61 496 52 186 54 1251 61 708 1 1059 55 505 75 186 66 180 12 1025 20 1269 19 558 26 1393
268 15 51 7 1456 38 197 13 993 5 600 57 665 13 712 67 46 109 638 17 697 50 663 54 1474 7 1368 47 1371 4 664 25 771
269 15 35 13 428 28 1434 47 768 9 1173 46 1435 40 89 15 174 14 1382 19 848 3 695 6 728 14 786 12 766 23 1117 65 722
270 15 51 15 522 45 509 69 599 67 691 85 500 34 1475 42 1030 11 1151 15 203 42 253 13 228 15 1134 9 1373 43 321 6 202
271 15 63 31 476 85 220 16 755 2 1019 5 1290 58 1265 6 521 59 1480 100 563 59 1331 91 912 23 837 66 1350 28 17 3 459
272 15 91 58 61 14 146 158 267 17 1152 57 1160 76 370 92 1039 190 801 46 472 26 215 2 982 47 727 23 401 51 554 54 1094
273 15 116 23 466 76 1076 84 1047 40 1294 55 699 104 576 123 1105 65 110 143 382 92 1277 106 123 12 242 79 1173 128 1200 33 1204
274 15 54 9 261 17 790 33 636 8 965 34 724 26 540 38 1342 37 1046 17 78 86 1222 71 1029 77 476 51 677 19 1404 22 752
275 15 64 23 748 129 1237 19 275 70 1354 91 872 47 361 3 843 46 1452 17 298 37 1291 5 636 85 50 28 573 21 376 24 1005
276 15 54 96 825 10 25 77 161 20 1059 5 112 31 1055 48 984 90 103 2 30 22 17 29 1139 1 538 30 311 40 1424 46 941
277 15 70 68 1305 88 1194 4 732 12 256 2 1200 33 1003 38 1326 28 1023 49 671 71 1392 118 687 52 62 40 1419 75 1420 22 1439
278 15 57 10 880 52 1462 41 626 46 290 118 1052 1 361 16 177 112 521 9 301 7 1374 14 978 38 627 49 1003 30 823 31 412
279 15 82 48 702 42 1232 101 1488 30 9 42 71 50 948 52 422 16 461 109 108 24 223 10 717 85 1112 2 946 57 1230 158 1228
280 15 54 28 581 28 121 33 777 78 130 68 550 13 632 52 718 17 902 29 17 3 1216 18 227 30 1274 41 1449 80 582 24 123
281 15 52 15 264 33 1218 40 820 23 404 82 1049 9 734 57 768 49 906 1 977 39 1041 139 386 2 256 12 493 20 799 2 164
282 15 77 142 1076 50 293 8 1303 55 1121 17 1418 16 878 112 529 38 321 79 745 19 890 86 915 3 1478 26 721 64 554 61 1317
283 15 57 95 885 82 104 9 511 42 1416 87 53 54 1277 5 1052 8 1475 21 1053 36 729 19 659 71 632 9 1389 12 1478 28 5
284 15 33 11 1406 2 209 24 932 23 873 3 28 105 1156 5 906 20 862 27 122 21 969 36 163 10 431 9 380 4 193 34 894
285 15 69 56 896 33 155 40 1406 15 1034 28 1236 59 1165 87 663 112 65 69 315 5 1032 39 1356 29 1029 64 1483 22 116 34 519
286 15 66 37 876 46 143 13 1298 38 261 49 1476 113 56 111 1005 12 1330 15 410 76 1257 37 616 12 1404 56 298 16 58 34 841
287 15 75 72 233 155 1009 37 1048 14 837 36 760 15 917 3 366 67 279 30 167 20 160 72 507 151 109 21 13 26 174 37 1187
288 15 39 6 45 83 591 27 1402 20 87 31 1457 11 815 27 391 19 1002 84 1329 2 616 20 1114 23 1083 36 755 7 252 2 1122
289 15 63 76 1096 27 86 23 571 94 1491 37 1409 20 1102 20 635 3 843 99 1246 22 1292 32 175 57 633 26 562 47 536 52 249
290 15 81 35 502 62 755 58 356 88 731 64 1108 27 1391 7 1159 54 933 2 1023 105 286 124 1106 120 958 3 513 41 971 21 901
291 15 98 38 1328 11 1260 153 18 20 813 69 1057 143 919 14 1004 132 922 30 1313 62 1050 109 395 70 812 90 88 32 874 15 126
292 15 55 16 716 1 793 2 463 65 548 41 1090 59 1139 25 884 47 264 5 1049 45 182 98 1482 18 1342 53 1028 65 1004 13 1364
293 15 49 82 944 16 558 57 1171 27 1036 18 1445 6 439 84 465 5 364 53 565 8 1231 10 1213 64 1269 3 358 49 977 15 45
294 15 73 4 1442 63 1492 148 690 29 586 15 1178 33 496 100 466 139 217 39 277 37 488 29 94 11 791 24 1358 50 1190 11 799
295 15 58 20 1275 7 675 37 1203 60 1243 10 1195 5 754 9 1157 1 86 30 726 75 1053 72 754 60 566 131 160 15 1017 48 170
296 15 77 12 408 121 326 5 1226 64 978 85 1203 61 1297 23 1384 27 408 69 258 54 1459 41 195 86 1463 49 408 13 613 67 1107
297 15 48 18 1203 26 763 16 120 3 1149 6 271 134 1116 25 752 10 667 40 1274 30 1484 6 81 18 522 44 1367 54 924 54 128
298 15 62 22 751 21 1201 5 755 104 588 49 1254 71 117 20 930 25 205 20 41 74 159 1 360 30 491 40 485 31 448 108 841
299 15 64 25 748 115 54 22 1313 46 1300 15 40 37 1351 38 1113 30 1387 32 1396 25 242 38 1318 79 1048 66 807 7 1465 73 507
300 15 81 30 1376 14 982 31 532 99 98 54 1323 45 317 19 1010 28 867 109 1116 146 1337 42 1287 17 561 49 1194 69 220 61 1482
301 15 54 32 921 8 102 6 1127 3 882 51 84 17 185 7 1284 92 150 60 1338 13 700 25 121 71 861 142 759 11 1378 11 120
302 15 49 85 153 16 690 2 1406 90 481 55 1409 10 866 4 600 23 19 60 795 19 519 64 430 1 1243 29 763 33 1438 3 696
303 15 49 79 323 2 151 86 1072 19 1022 46 278 11 510 17 1416 14 1238 11 250 69 1080 29 262 62 440 9 1064 23 463 19 785
304 15 40 2 1452 100 687 34 15 3 937 23 20 45 1289 43 923 39 193 9 688 12 130 29 155 21 668 13 1201 10 656 21 220
305 15 82 72 1087 111 90 5 915 6 290 36 275 60 1205 26 445 33 1243 91 250 139 812 91 467 17 1403 31 688 92 814 12 899
306 15 88 80 107 3 1272 82 648 10 265 147 1111 11 214 48 234 23 474 68 234 137 1450 26 1196 69 1187 10 1174 80 680 91 1229
307 15 52 69 1454 54 1198 60 1281 12 1064 158 1195 23 143 17 1121 15 1286 13 1306 17 1187 48 1009 14 51 12 1250 7 816 6 1063
308 15 48 68 1157 19 1107 89 1424 19 699 1 819 22 1414 5 1480 10 696 43 35 17 425 1 1488 83 1184 32 85 41 544 39 11
309 15 71 99 209 4 1001 80 1341 17 1485 65 1333 58 218 62 8 20 109 57 1472 34 1139 44 762 2 93 103 1384 13 131 55 621
310 15 54 14 499 5 1345 29 558 161 754 92 814 4 899 60 1417 2 1123 1 1391 40 295 7 1183 20 751 72 1051 18 771 16 584
311 15 49 4 1022 16 438 3 1378 19 1459 13 198 12 677 16 1361 47 542 29 1407 40 1486 108 1326 26 99 30 645 20 567 107 1036
312 15 61 14 993 16 196 25 1181 26 722 54 690 29 768 31 740 63 315 47 203 105 1005 78 308 65 892 49 825 1 1377 16 572
313 15 53 2 961 58 639 65 503 75 1043 28 851 5 165 3 320 89 108 47 1174 37 596 59 38 6 176 21 875 26 1202 18 1447
314 15 47 2 333 6 5 100 364 15 730 17 13 23 273 53 1438 21 227 63 1258 61 699 43 983 26 1010 18 447 15 524 10 989
315 15 54 16 1417 77 531 63 356 2 326 24 26 3 333 40 208 34 15 35 667 51 1255 75 821 24 1438 86 942 8 390 6 690
316 15 53 32 317 76 610 24 1390 66 204 43 705 7 238 71 338 42 697 26 86 7 577 10 1489 65 1133 23 589 1 168 43 234
317 15 56 8 619 38 192 122 786 83 581 59 862 25 10 9 409 16 574 56 1352 79 1128 31 819 1 1060 10 202 3 1032 21 194
318 15 69 18 39 66 811 152 1245 20 614 54 428 20 481 103 97 12 448 46 1338 80 142 18 1274 39 1311 18 999 16 50 30 517
319 15 75 7 1341 113 926 39 585 23 1410 42 293 78 952 145 65 2 466 18 1453 24 1194 20 1028 19 656 83 648 93 318 51 942
320 15 74 17 231 33 259 20 559 88 1287 149 181 5 1500 80 1368 49 366 12 528 13 159 32 254 47 905 33 502 144 1162 18 568
321 15 77 17 63 180 367 137 1328 93 446 28 1219 5 1192 28 250 13 351 26 466 24 423 14 1054 84 1159 32 1077 36 1063 58 1212
322 15 78 26 769 36 260 66 1043 99 355 34 175 40 409 56 273 47 1242 3 460 4 885 3 912 37 375 158 1335 95 240 81 1105
323 15 59 44 699 3 1499 161 1129 26 207 55 28 2 403 34 76 24 518 79 1334 43 1141 10 86 18 1042 41 1399 22 80 31 1329
324 15 58 140 99 58 15 10 860 85 442 21 1362 30 1275 43 818 7 1433 14 1430 5 362 28 1174 24 1405 22 1233 4 395 90 801
325 15 56 92 1415 58 676 47 1268 113 1230 3 335 35 1293 54 1050 19 1201 36 964 4 349 58 7 3 222 23 762 8 912 15 762
326 15 64 15 1270 25 574 22 209 111 34 62 314 14 198 83 816 41 1311 18 647 29 227 18 1408 15 344 130 959 59 710 6 595
327 15 58 89 1115 5 1066 21 1109 37 405 87 122 42 1190 1 263 2 1103 44 943 3 1034 24 377 93 1417 2 241 109 573 24 981
328 15 60 64 1466 7 1247 26 1114 18 1185 34 844 2 273 73 383 38 1424 15 640 25 1443 15 422 110 475 51 1351 59 1306 72 840
329 15 66 3 1426 27 276 38 860 44 782 58 1076 82 809 30 458 10 912 79 1259 93 148 42 642 77 634 26 471 33 1240 25 925
330 15 42 20 1491 8 1238 23 1125 3 289 17 151 67 535 77 414 9 806 50 226 1 11 31 24 4 24 16 1344 43 565 55 837
331 15 57 15 335 23 1389 28 1261 7 852 6 1257 93 1500 43 871 22 1094 122 1484 50 488 93 1128 8 529 41 1313 3 745 19 1326
332 15 94 15 789 22 1279 85 1149 53 1147 207 504 28 10 34 247 8 995 14 1258 83 703 104 25 77 1107 11 1213 75 532 124 1363
333 15 69 18 354 20 1295 50 22 31 603 63 1495 177 689 7 969 26 1265 111 251 23 410 15 968 50 339 11 50 36 857 60 885
334 15 60 31 495 5 806 32 99 106 1270 15 404 6 102 43 1234 124 398 33 1272 1 196 79 1050 20 915 19 1376 24 1473 71 415
335 15 54 7 1360 11 1330 16 677 24 299 122 272 31 159 93 203 43 1136 37 441 7 1320 2 1441 18 150 9 813 58 241 68 1407
336 15 57 57 310 82 1423 18 1038 35 560 1 797 22 854 12 979 117 1046 87 895 8 418 30 575 17 955 4 36 62 1120 22 1019
337 15 75 48 1249 10 835 4 442 129 1407 32 129 108 1320 85 557 50 1064 45 895 45 203 9 364 71 504 26 403 78 1401 12 954
338 15 61 80 1410 51 296 23 259 27 1133 26 255 54 1449 28 1231 20 1449 2 1377 4 1376 59 114 2 520 63 321 15 31 161 538
339 15 74 4 356 4 499 97 642 56 1297 39 779 88 973 62 1302 69 306 36 970 105 735 73 324 18 676 57 1436 3 1201 31 994
340 15 75 26 1473 1 125 6 991 85 335 25 688 123 330 83 45 112 610 65 19 69 582 49 522 13 581 5 1323 20 62 74 1066
341 15 36 24 387 13 1492 14 642 38 303 10 20 12 875 76 267 12 122 3 711 16 391 37 613 2 315 1 774 62 131 49 823
342 15 56 10 390 34 624 15 400 5 920 65 814 97 430 44 947 58 345 10 2 67 308 7 27 60 282 7 1104 37 1346 51 278
343 15 83 1 483 124 107 79 1038 3 1374 8 1181 79 340 110 76 44 628 14 389 78 229 104 1342 44 1351 27 1226 86 328 35 725
344 15 84 41 378 104 810 77 1023 78 1439 10 1068 107 1231 7 656 103 1179 2 190 152 1466 81 1303 24 423 7 1123 26 598 26 674
345 15 62 5 964 26 575 12 258 7 1425 6 726 34 158 47 282 14 841 99 1114 60 738 154 641 28 1017 66 447 54 6 14 187
346 15 66 9 979 95 648 105 607 15 1135 23 18 12 1129 1 1122 61 851 24 1059 40 1007 38 947 59 1271 92 445 64 530 26 771
347 15 57 17 740 18 773 26 693 107 96 150 277 49 963 94 862 13 888 4 862 17 764 11 1162 57 1180 7 1272 7 208 1 827
348 15 67 51 615 51 319 13 510 61 620 140 1009 4 376 33 1274 74 1099 25 400 90 688 5 63 23 506 18 713 41 1386 47 1064
349 15 80 114 1493 109 900 23 1196 30 1220 95 1065 12 656 87 865 43 596 38 1268 88 1095 11 744 14 90 74 436 66 44 3 1034
350 15 72 68 372 103 1360 81 1329 19 539 29 1427 6 585 12 1400 33 345 94 593 2 1395 180 586 6 192 14 94 73 1081 3 1445
351 15 53 19 1212 3 1343 17 901 13 82 35 1020 42 703 43 941 84 869 2 1105 60 182 2 198 22 1133 39 1393 129 559 23 1190
352 15 81 124 756 64 405 21 367 47 1164 7 632 30 1099 90 415 57 569 19 1240 66 53 21 246 73 1028 37 49 156 267 3 964
353 15 71 96 849 12 354 40 322 47 948 9 1075 31 387 11 98 11 787 65 3 24 556 36 819 147 876 107 1150 57 559 26 1334
354 15 93 86 782 122 1342 22 930 67 1435 27 578 39 59 205 55 42 904 87 1202 54 1216 11 1203 58 1209 49 1145 38 1331 30 31
355 15 45 14 994 13 916 6 707 101 1439 36 602 56 1109 10 531 37 105 61 713 15 727 31 1409 11 1169 18 88 31 1415 19 1337
356 15 84 120 275 152 474 6 1417 50 1399 5 256 29 625 77 567 13 67 19 87 23 271 109 583 27 1118 76 222 70 1295 70 615
357 15 100 121 1303 141 854 37 1145 66 785 77 684 79 981 31 1486 79 200 54 203 63 17 8 1441 100 6 9 1467 110 1493 28 904
358 15 51 63 284 50 598 45 1404 90 1495 23 751 1 1247 12 305 2 80 7 1287 15 995 10 1041 1 266 31 395 140 1203 21 662
359 15 67 39 657 27 36 29 175 24 871 48 885 12 911 25 91 47 473 106 236 104 229 13 297 109 1145 53 896 15 80 19 1393
360 15 72 12 58 19 587 27 1078 13 193 38 91 20 1197 1 1357 4 938 3 703 174 795 233 750 69 385 40 788 70 804 1 1036
361 15 65 13 938 59 697 8 132 50 723 17 1125 15 1440 26 533 45 783 89 859 32 1439 77 282 22 833 36 1233 39 559 122 1202
362 15 109 7 128 35 1355 130 1067 38 432 53 867 140 154 108 306 39 337 50 938 92 1078 172 1014 73 476 19 1028 105 1313 35 1032
363 15 60 17 674 138 50 30 1257 173 1091 22 174 16 1047 51 1187 36 184 15 676 12 954 11 245 57 1499 5 129 10 426 12 1083
364 15 55 14 1401 84 402 7 1458 8 1065 22 1177 22 223 43 761 53 972 10 798 50 956 16 803 31 400 96 1003 48 854 55 491
365 15 70 60 898 140 904 106 1327 42 1140 11 375 25 867 9 729 1 82 65 1377 48 1028 6 393 60 551 107 1195 19 1281 7 1091
366 15 73 54 229 5 894 11 104 225 528 28 13 146 1440 7 303 28 675 16 374 37 530 3 155 165 945 5 529 2 709 3 494
367 15 59 14 780 66 1478 7 880 34 962 19 950 26 147 37 1334 30 610 38 1038 14 392 102 972 79 117 11 1010 80 1358 33 1251
368 15 50 41 921 21 1057 27 323 21 167 9 38 92 1304 14 1402 34 829 16 1472 84 1286 66 430 36 856 9 52 27 158 12 1067
369 15 46 33 941 6 265 15 1074 24 581 21 1391 11 202 104 1393 27 414 29 189 82 542 17 1210 5 88 21 491 25 930 42 218
370 15 74 17 174 7 84 35 485 32 972 28 543 95 43 88 1022 22 598 126 1213 41 1454 25 1063 24 1228 75 1472 114 893 19 1443
371 15 55 32 1489 9 921 22 508 22 506 15 86 17 381 15 1016 39 1125 32 735 38 870 13 722 34 376 94 1494 135 837 42 967
372 15 53 9 476 12 427 11 1176 45 412 36 1233 81 680 30 1143 131 533 5 1274 82 813 28 1122 19 399 17 584 4 729 27 1416
373 15 77 15 225 33 1345 123 533 45 1053 37 1373 44 277 72 679 19 1191 8 705 62 641 78 396 136 453 55 1110 33 901 10 565
374 15 95 101 231 90 1396 30 756 10 1286 105 122 80 1151 144 466 25 696 11 382 23 130 127 900 42 60 60 1306 22 718 82 928
375 15 70 33 1141 111 456 50 813 44 1085 25 1159 39 606 8 647 68 331 26 715 59 1355 53 1010 40 587 17 369 71 838 62 1275
376 15 77 20 1057 76 257 13 734 6 128 125 424 24 1062 20 672 4 513 47 215 174 1082 57 1301 18 1380 66 892 80 219 42 958
377 15 56 7 195 38 47 34 1350 181 254 42 842 9 17 61 1495 20 80 9 879 21 1103 4 268 32 1428 47 827 60 512 4 394
378 15 71 8 1243 18 629 154 1149 128 1009 34 557 53 711 39 461 20 1235 5 1379 45 124 33 778 23 1310 3 684 28 1169 122 331
379 15 54 40 1302 23 94 74 1016 17 1274 2 1317 40 265 73 1416 48 795 43 16 51 950 13 860 1 271 22 640 52 167 49 289
380 15 69 77 699 19 1175 2 1400 57 870 137 396 27 1303 116 514 4 535 10 621 3 1064 69 252 7 942 88 220 39 93 41 1047
381 15 65 20 6 29 220 27 787 30 1484 67 1456 31 1392 38 330 76 1071 150 41 26 158 14 1263 14 102 68 460 8 1146 58 1490
382 15 77 58 774 78 1289 19 237 53 820 18 449 41 172 45 1177 61 1218 22 42 6 1262 76 776 79 1297 101 1218 84 703 34 117
383 15 79 80 749 60 90 107 276 24 451 2 1384 6 356 35 1352 27 1205 67 777 75 556 44 161 7 497 28 624 64 1478 169 1312
384 15 92 19 454 21 1286 14 55 7 1019 6 196 55 567 101 373 58 826 86 667 45 854 146 1399 92 1398 116 19 153 966 9 687
385 15 58 28 344 8 875 55 490 41 73 25 326 67 95 46 565 9 45 8 172 13 56 163 1099 6 1440 1 232 24 1375 88 325
386 15 70 13 167 66 787 16 218 23 962 115 578 15 827 79 1475 7 1244 24 1136 23 460 62 732 3 92 101 103 107 616 53 535
387 15 43 29 637 37 1061 13 1398 13 1223 31 465 49 44 46 845 33 1030 31 399 5 893 22 10 58 1142 25 1440 37 79 10 97
388 15 71 5 223 19 1164 14 1220 96 408 95 947 17 1152 22 621 145 130 46 989 49 281 2 270 29 1338 9 653 14 1265 149 37
389 15 44 10 649 35 887 10 1181 34 1393 15 273 86 972 23 142 37 1035 39 715 32 1027 22 418 57 87 26 943 20 1277 3 1137
390 15 58 133 267 21 1183 23 33 65 891 51 1080 51 976 89 1273 1 855 19 681 1 10 8 346 28 58 18 1445 14 969 58 235
391 15 51 8 1489 31 454 45 498 60 188 28 1157 13 888 14 287 28 1392 74 1397 24 1035 10 92 63 458 1 238 70 158 42 102
392 15 48 31 1150 19 934 11 65 48 1429 21 424 68 865 50 940 23 1282 12 1360 67 1294 18 912 18 129 12 1359 34 631 54 914
393 15 73 3 252 56 305 4 1339 35 935 79 838 96 714 18 839 13 1463 36 1093 29 230 71 855 81 1185 67 600 119 1175 26 1336
394 15 55 20 304 14 281 59 368 51 790 73 250 2 946 126 671 83 654 22 1032 12 551 1 1282 42 37 32 375 15 249 6 746
395 15 53 48 955 1 889 21 1186 46 1201 67 710 41 922 132 70 46 151 23 925 3 395 59 604 19 1174 5 846 14 1037 8 1483
396 15 58 11 774 23 1020 5 1051 9 706 2 1087 99 760 58 284 19 1208 13 24 40 407 126 245 32 394 77 1460 17 1021 53 649
397 15 63 44 1 50 310 87 1199 12 179 3 1121 92 1243 1 702 26 1109 102 246 48 711 5 749 17 543 95 293 31 1346 23 1382
398 15 65 51 1395 58 1415 2 260 56 1217 12 1417 76 870 9 391 85 144 45 1012 6 109 84 1477 48 1167 52 1062 41 236 33 1015
399 15 63 40 1494 13 962 70 199 9 585 74 255 32 885 37 773 73 69 27 521 21 909 118 1213 78 1271 2 162 20 1174 21 962
400 15 64 6 943 12 785 50 1334 9 817 46 933 131 1394 14 980 81 1361 96 728 3 804 34 40 26 1109 9 936 31 1072 97 37
401 15 37 14 1280 15 657 27 452 37 92 16 1342 8 229 7 1303 19 1113 78 1431 53 572 5 280 33 935 40 212 18 721 4 1034
402 15 67 53 41 21 463 5 380 52 25 19 1286 126 985 21 943 26 204 92 775 43 1174 17 1137 24 172 56 963 63 518 53 1284
403 15 62 96 660 24 1465 41 1497 43 431 58 718 83 1010 24 539 28 1397 12 1274 33 936 56 354 6 1052 65 616 33 942 24 953
404 15 51 46 340 2 1274 76 515 8 633 34 1477 25 236 35 72 49 75 3 901 75 993 78 1438 8 1447 27 375 15 560 30 1166
405 15 70 9 1338 56 784 27 431 30 278 120 787 145 806 37 1166 3 378 47 50 50 1460 103 1051 40 1259 14 1265 12 492 10 1306
406 15 66 2 927 17 624 75 860 3 1225 12 206 57 328 14 1067 90 163 113 1216 86 120 8 1221 5 1229 125 292 16 1300 37 971
407 15 72 87 1063 37 187 4 1011 31 1010 67 1011 3 1094 52 809 22 115 15 1006 4 73 134 1268 25 1441 53 214 127 993 61 1206
408 15 54 21 957 13 161 47 639 19 1408 35 247 13 1490 29 1147 29 1207 31 1163 26 812 7 24 131 772 7 302 131 810 7 60
409 15 49 35 1031 58 976 31 1498 7 361 37 27 22 33 3 920 39 495 17 223 62 275 85 256 20 979 1 1163 45 1234 35 151
410 15 69 80 1391 10 1477 17 549 9 736 19 374 123 124 114 904 10 138 4 345 50 684 11 119 104 679 7 195 43 805 93 1196
411 15 57 26 67 3 668 73 1294 39 868 6 1423 2 629 3 1058 38 95 72 1409 14 895 167 1094 17 297 1 1028 76 664 38 1144
412 15 50 33 1028 1 694 6 982 4 1425 138 233 42 1232 62 679 1 1089 33 1352 55 123 3 572 9 1281 50 1454 41 48 27 496
413 15 56 9 1233 7 671 2 734 64 628 34 1187 18 1399 31 32 73 441 42 366 141 1382 65 223 9 952 43 94 10 1047 21 595
414 15 59 62 386 23 245 21 1194 29 899 40 1401 100 1109 43 542 4 356 13 267 72 1312 30 840 18 457 50 165 26 1299 64 415
415 15 61 27 419 10 425 123 575 10 968 16 945 63 526 40 109 33 818 9 122 5 533 182 452 72 1438 9 494 1 355 15 615
416 15 48 117 653 28 337 3 498 56 387 7 744 32 1377 1 823 45 977 21 677 39 1411 26 267 50 474 23 1499 9 248 29 386
417 15 45 21 257 112 220 4 1005 31 36 5 964 43 446 8 860 54 108 67 1031 22 1279 5 273 24 726 14 553 19 1015 26 816
418 15 69 4 743 22 1335 51 351 12 746 94 337 79 1106 15 1331 40 1414 79 341 14 242 62 113 48 1118 88 1242 13 695 77 1483
419 15 77 172 644 4 1047 37 390 7 831 11 1033 70 925 60 1479 98 903 23 942 2 1109 69 978 74 435 7 156 26 67 115 1222
420 15 63 12 1225 91 1381 72 188 2 210 29 421 83 9 21 907 17 1314 85 734 6 1051 35 90 16 1306 23 1402 31 1319 111 139
421 15 54 52 1500 32 967 50 208 49 715 77 1257 2 728 61 723 65 628 23 490 22 182 18 176 1 1157 2 561 54 519 33 1420
422 15 63 17 492 19 550 57 1140 7 110 148 1452 13 325 50 551 5 509 35 626 8 167 43 273 6 498 55 925 94 1291 82 346
423 15 76 13 1363 7 1021 10 468 9 1169 64 595 92 1049 90 1123 103 1093 68 65 81 331 73 1170 11 908 91 72 37 551 18 831
424 15 80 35 947 24 242 70 941 73 1337 81 671 32 1031 19 1440 108 1495 54 711 34 797 33 840 148 864 42 14 5 50 46 634
425 15 47 40 248 24 983 19 625 15 1351 97 356 22 307 95 4 32 31 34 1453 3 1250 68 1425 1 1336 19 423 2 277 5 137
426 15 50 26 688 26 768 7 1475 21 1424 7 996 60 1154 53 431 139 858 55 1259 45 682 21 827 23 546 2 1101 5 941 16 1140
427 15 73 91 1282 67 693 3 403 9 519 105 873 51 859 27 1390 165 895 23 1367 6 84 31 658 12 94 51 456 14 7 80 196
428 15 75 59 251 25 969 50 213 101 510 61 718 45 941 14 81 33 736 75 1242 55 658 62 522 28 385 15 883 6 318 129 117
429 15 62 10 677 45 232 53 514 9 720 80 1061 4 65 61 71 86 1120 105 1031 1 832 8 1217 91 190 21 289 7 184 41 715
430 15 55 39 959 12 1292 9 971 44 78 31 906 61 655 36 61 56 612 3 1168 118 70 9 341 45 767 25 1374 4 361 60 21
431 15 57 10 1237 6 1294 94 1263 69 7 72 915 23 153 2 422 8 505 42 1112 6 1215 11 1456 2 930 107 1265 99 1106 21 189
432 15 57 76 23 13 1188 83 827 23 890 4 1471 43 1120 112 1010 14 351 36 977 50 865 6 308 9 1245 74 1200 1 134 30 656
433 15 81 87 644 50 264 59 423 1 231 9 871 80 71 154 963 91 1341 87 232 1 683 41 1222 63 1217 61 955 5 867 26 218
434 15 49 6 749 10 749 3 638 40 190 47 331 9 901 73 1429 30 965 78 833 5 211 33 139 23 1255 25 468 45 1349 70 20
435 15 55 3 26 35 1425 29 1398 20 1204 25 421 53 292 42 1298 3 777 110 757 19 1127 9 1431 46 515 74 1009 29 570 55 1016
436 15 93 49 448 123 1449 24 1307 53 427 44 575 75 926 142 975 99 1086 29 569 23 1484 8 1376 112 1058 27 203 36 1180 90 1049
437 15 70 20 695 16 573 65 1130 113 616 29 256 1 512 75 1368 112 1221 5 430 15 1159 63 642 25 1291 28 25 97 302 37 934
438 15 69 32 565 134 1275 61 304 4 430 88 260 4 194 18 137 73 758 85 796 5 74 36 594 17 1461 79 271 24 78 36 264
439 15 72 111 388 102 943 4 266 56 29 34 576 20 941 4 914 121 1362 37 1320 114 125 1 10 18 1202 6 609 78 142 23 1375
440 15 98 5 1324 75 482 140 756 89 531 129 645 34 1013 139 1346 65 1321 149 1237 20 1021 42 1058 15 424 59 406 9 422 13 1261
441 15 58 4 1434 29 1029 95 372 14 1089 31 336 25 1282 151 1439 6 1485 63 190 62 623 10 246 15 833 74 1216 6 268 4 367
442 15 60 11 742 26 626 50 65 23 57 3 592 68 131 65 475 23 1255 155 945 19 1335 38 823 12 439 58 1338 33 313 21 702
443 15 65 15 1090 15 663 98 1328 70 958 8 1306 170 60 19 906 10 164 21 987 52 1197 34 1074 24 347 26 429 28 1056 65 794
444 15 54 5 432 51 731 16 796 41 754 33 1469 53 324 65 790 12 523 30 1468 133 547 1 351 55 1186 13 1011 27 1201 6 171
445 15 81 68 1361 10 463 15 242 9 931 166 1269 92 931 33 969 72 304 23 49 87 605 22 395 43 1199 70 27 7 393 99 752
446 15 58 7 237 5 364 35 1285 24 267 97 364 9 373 5 620 123 315 1 291 4 941 18 578 185 1003 9 1247 29 1182 36 814
447 15 51 7 980 50 1214 17 34 2 1424 3 620 20 308 4 739 10 1290 79 238 46 1384 31 582 32 149 94 1115 71 1042 52 1162
448 15 58 3 825 96 667 13 450 33 914 19 444 50 194 139 1455 24 64 74 1225 25 993 5 1205 2 1041 56 908 16 811 25 1448
449 15 63 28 202 96 1395 43 99 12 403 112 361 6 1428 50 1010 23 578 12 212 91 889 23 4 56 29 38 852 42 114 3 970
450 15 92 49 746 31 1499 7 562 131 1031 56 905 38 562 90 248 32 736 32 253 59 850 117 391 79 1416 5 1404 104 464 98 1201
451 15 89 111 915 54 613 124 671 82 1301 23 1351 3 1473 67 269 5 128 19 134 67 380 69 593 123 1137 21 1240 31 1042 96 225
452 15 90 24 1096 101 1015 38 200 41 491 5 671 75 682 93 649 42 1206 32 952 16 272 89 1491 90 1005 91 885 77 437 92 890
453 15 42 9 1123 32 460 19 395 13 591 2 556 14 1010 94 436 60 538 35 395 12 175 54 799 1 1382 13 136 20 389 49 1037
454 15 79 55 129 6 741 80 730 161 280 23 693 13 220 65 209 14 428 6 316 52 621 66 576 54 394 34 1213 46 1136 119 424
455 15 53 44 1452 21 414 9 1105 4 1178 3 1190 62 1349 8 227 53 1220 25 153 10 261 93 1113 53 88 42 552 36 459 68 1382
456 15 40 65 202 9 1138 1 419 43 1431 1 1428 6 220 35 666 4 230 43 357 21 294 28 1491 1 1158 122 342 7 895 16 843
457 15 55 56 921 10 16 6 973 29 252 26 1225 106 945 31 1086 46 1010 59 993 31 67 103 836 37 770 7 933 6 856 5 784
458 15 59 27 374 16 845 12 1382 107 999 46 755 87 149 48 1255 82 371 13 405 13 634 9 1089 53 1142 10 693 45 1431 29 1350
459 15 66 30 715 33 555 21 131 15 144 6 907 18 600 58 507 40 84 10 1297 141 760 68 1217 89 457 7 1467 107 323 20 88
460 15 51 50 73 26 119 32 198 44 1408 32 698 24 1437 30 1437 80 22 31 842 27 88 42 596 11 1075 15 1093 47 7 27 70
461 15 49 16 1281 5 1227 20 774 47 1067 28 10 23 281 73 409 10 465 1 652 1 66 16 447 124 634 44 1098 2 336 82 110
462 15 86 18 179 11 1488 15 930 20 1103 98 710 4 1054 7 585 94 1384 93 707 201 622 68 698 54 315 88 1232 43 217 46 313
463 15 65 103 1189 13 1445 12 706 13 1256 52 1477 38 642 49 1148 173 405 48 864 20 1310 7 175 57 1310 20 351 40 718 10 1354
464 15 63 54 1450 34 934 36 1475 49 172 9 1106 7 1110 8 603 114 1351 4 1399 43 597 78 1299 31 1272 24 1071 94 1323 47 217
465 15 61 15 696 24 282 90 332 39 1101 6 203 57 1333 48 920 84 1131 3 961 27 793 72 802 63 974 19 1442 31 1167 35 754
466 15 48 104 1224 65 1413 9 1054 87 941 20 309 30 1240 51 356 40 369 27 783 11 1221 10 1106 3 142 13 717 13 1260 3 613
467 15 51 8 774 18 8 10 1068 63 1048 4 283 54 31 61 1191 30 375 56 453 59 209 1 1049 37 115 12 1329 47 159 51 455
468 15 51 2 361 4 591 2 705 51 158 27 1496 15 99 13 1389 31 1489 24 1352 136 522 32 94 17 828 57 1363 68 415 38 727
469 15 55 9 647 32 1426 48 370 32 94 48 85 47 1367 49 628 24 547 12 164 75 1236 25 614 30 1127 44 270 42 514 41 94
470 15 50 37 186 33 1216 10 1188 56 932 14 133 24 447 23 1252 12 140 77 507 3 896 95 473 30 992 25 188 23 1404 38 886
471 15 98 123 94 14 563 40 245 21 1078 120 1249 27 358 24 720 109 635 24 515 117 1058 103 518 134 246 26 1264 47 989 59 307
472 15 75 17 404 26 726 77 185 23 1337 68 873 66 450 71 1257 33 30 21 1067 7 1220 55 405 115 1218 4 946 95 593 72 1034
473 15 53 26 844 23 1180 29 1163 1 501 73 63 12 677 14 114 70 141 9 1268 18 1281 8 873 94 1402 53 337 72 1449 37 1283
474 15 47 1 1422 19 1169 6 1424 30 11 16 873 32 1240 129 1356 74 405 34 625 27 550 5 471 19 316 1 132 39 368 46 24
475 15 67 15 1397 1 80 1 84 47 1090 82 1456 61 989 47 186 55 838 75 705 84 313 39 1105 6 61 42 509 83 417 35 586
476 15 53 50 1066 31 566 18 495 59 90 24 1167 25 557 92 889 38 1409 64 204 43 79 7 1129 23 1385 39 185 14 870 9 369
477 15 42 42 1196 52 978 26 455 13 91 32 1104 16 376 20 610 54 1475 21 134 37 1385 31 576 25 511 7 456 8 775 43 2
478 15 90 4 671 127 676 76 995 23 149 60 460 3 1279 3 445 23 1213 24 1168 173 1452 193 361 28 1009 56 1057 60 1381 52 1020
479 15 56 28 729 50 634 28 361 18 711 6 1235 28 196 10 481 82 896 73 517 1 1188 29 1479 15 563 25 1186 124 507 48 1267
480 15 84 10 82 9 1340 115 681 86 1173 9 381 172 848 64 1199 47 420 35 759 33 1325 21 806 99 1090 16 911 55 309 74 297
481 15 56 35 367 14 1462 9 541 20 134 136 492 42 1081 23 667 10 1350 100 1109 14 788 27 499 49 663 27 1259 16 1133 43 794
482 15 55 5 367 15 403 23 701 36 526 81 794 5 1015 105 64 32 107 76 31 19 587 28 841 41 389 2 1297 60 1493 29 1233
483 15 60 4 609 90 1203 64 1372 8 897 28 759 55 386 11 157 21 979 72 726 1 1046 19 358 3 1238 51 656 80 1027 100 108
484 15 41 26 1282 26 1268 20 17 32 752 10 522 50 1239 51 233 53 164 9 1073 26 369 29 932 10 238 41 544 25 189 9 1113
485 15 75 43 1312 8 1203 11 630 106 1082 111 367 55 1316 75 1178 4 765 130 560 78 1347 45 721 13 603 32 1371 27 613 20 921
486 15 78 66 364 109 619 65 1244 39 407 135 1341 4 476 15 1423 114 621 17 1467 14 495 5 21 53 1345 92 1052 1 29 56 312
487 15 53 25 1430 39 1380 18 933 38 391 74 1450 21 58 14 1227 6 1162 37 1069 34 16 65 595 102 71 4 994 7 817 48 7
488 15 52 120 1249 60 294 8 568 26 534 13 950 47 1023 19 427 8 61 10 995 69 1233 12 727 10 829 66 1365 12 814 44 1310
489 15 72 6 1388 24 71 82 538 10 1059 27 249 13 1476 15 1177 53 313 175 1150 119 1356 41 1335 56 1124 5 1097 76 551 26 13
490 15 58 30 367 27 158 59 994 15 528 16 513 12 503 18 628 49 261 18 428 36 543 70 463 16 519 14 1403 87 130 121 1162
491 15 35 58 129 1 962 16 1239 5 111 2 189 30 569 3 1225 14 728 16 1061 26 844 8 455 117 1375 38 906 11 910 10 463
492 15 60 51 188 82 606 23 626 22 1355 61 111 10 644 3 1444 61 1238 80 1314 15 655 3 1198 95 1106 52 354 44 648 7 242
493 15 55 21 1224 46 320 13 66 9 1109 3 570 46 413 10 1426 43 134 95 1059 10 347 90 586 73 815 39 80 39 1357 13 143
494 15 85 4 598 96 898 212 1101 17 1428 101 255 7 171 65 970 61 1104 3 778 45 116 21 1190 10 447 133 1450 61 432 21 1382
495 15 54 19 537 11 1472 29 834 20 203 13 1241 45 391 84 1163 131 172 47 466 20 390 3 723 51 552 16 1467 58 1299 1 1264
496 15 44 30 1180 2 201 32 787 56 475 89 245 13 1407 22 231 66 1038 23 1061 4 704 33 371 14 434 8 1041 36 744 20 337
497 15 54 51 787 49 681 16 1441 13 674 1 522 33 390 29 587 5 85 5 1444 7 1220 38 183 12 1177 70 584 199 1283 16 1143
498 15 69 48 165 115 354 1 1246 12 1237 43 747 47 244 39 342 59 389 119 188 47 34 27 75 89 642 17 357 28 613 7 767
499 15 57 4 247 117 1159 23 1295 22 1084 53 1100 60 453 39 922 15 1476 46 705 2 1348 21 1193 50 1175 18 44 58 1268 50 1335
500 15 87 56 18 45 52 32 729 35 1350 3 727 30 1162 83 376 31 755 152 1107 69 1329 91 813 32 898 66 1301 81 1473 69 963
