1 10 53 58 892 50 388 44 404 131 133 81 728 20 500 7 1185 52 530 78 1316 18 1431
2 10 52 51 323 15 888 12 910 78 207 70 494 79 1424 101 483 6 1193 81 1259 29 1175
3 10 29 39 1153 16 187 98 1335 25 952 7 962 46 868 21 1485 7 1488 17 1165 18 1363
4 10 48 43 120 90 275 6 675 64 185 65 735 85 411 4 859 103 1392 3 475 17 963
5 10 29 21 213 56 87 8 588 121 414 1 8 31 390 6 1 9 1323 29 453 14 1499
6 10 60 103 1009 12 229 70 1222 61 1347 37 1438 61 1126 87 619 41 1290 67 1354 64 296
7 10 56 23 591 7 1131 42 1291 128 200 23 177 70 50 83 787 130 1465 21 112 40 1273
8 10 36 27 345 29 836 46 371 9 629 16 1347 2 355 121 978 36 440 10 1448 68 1228
9 10 39 10 177 3 551 18 1103 70 795 7 1164 69 1222 8 740 122 149 63 1287 21 251
10 10 28 10 827 9 1255 7 546 61 55 39 384 44 1148 6 685 50 1272 45 1017 15 79
11 10 19 17 1306 11 532 24 754 4 1396 64 1464 10 633 17 171 3 1260 44 169 1 7
12 10 39 25 735 27 269 100 769 10 1490 1 472 29 814 37 592 98 280 54 860 10 1377
13 10 31 16 553 54 1056 104 735 76 1359 2 245 9 1464 13 233 12 734 12 62 13 947
14 10 40 15 56 40 61 46 1308 37 1037 19 629 25 812 49 274 36 413 83 821 58 610
15 10 49 35 228 6 1209 176 836 7 578 1 1441 68 553 41 74 53 573 83 709 29 1412
16 10 39 48 1049 19 35 61 212 1 1153 42 645 72 1273 105 512 31 33 3 313 9 1259
17 10 42 4 1140 12 1052 26 453 87 1075 136 816 42 1119 37 88 6 111 13 980 58 318
18 10 65 119 1260 113 1007 61 1395 6 494 42 184 56 303 15 1296 94 73 62 224 85 505
19 10 48 5 580 5 168 77 259 15 510 2 1242 25 670 57 1266 187 233 25 420 87 970
20 10 58 19 205 2 1072 34 1127 32 151 47 982 54 1341 34 504 140 455 218 133 6 1169
21 10 32 43 594 43 525 17 347 16 1485 59 667 2 358 101 62 13 272 7 1291 20 41
22 10 58 69 401 80 217 30 1023 115 1013 30 539 82 1226 22 646 36 566 26 13 95 1496
23 10 36 2 1350 60 196 9 442 13 268 12 472 56 929 38 661 38 1274 31 1142 110 1077
24 10 35 34 1144 55 1035 20 159 42 875 60 1115 15 636 29 956 8 1468 18 1006 72 1221
25 10 31 44 353 64 314 20 201 18 1355 53 924 2 942 22 1214 15 34 65 1103 10 418
26 10 46 83 598 53 1268 13 120 64 452 27 689 77 492 14 416 13 707 109 593 16 798
27 10 44 41 1259 3 427 110 213 82 265 63 1499 52 88 68 741 5 616 19 424 1 596
28 10 59 76 1214 93 1372 82 75 49 15 5 1394 97 697 58 1449 61 1070 33 127 39 159
29 10 48 71 1015 15 70 52 692 79 1257 52 758 13 359 16 438 102 1221 19 547 61 1182
30 10 38 48 849 36 1442 40 1272 22 1048 22 6 19 485 9 591 28 410 87 1097 76 1201
31 10 24 31 916 36 1411 31 1198 20 492 18 1198 11 650 1 618 69 1135 1 518 29 1026
32 10 35 25 1149 62 410 69 417 34 1067 79 1031 47 1292 9 381 16 285 8 376 1 800
33 10 42 50 1407 73 1380 39 1354 73 1238 11 457 36 1098 13 114 57 121 26 919 48 666
34 10 43 44 102 70 1355 40 676 49 736 44 836 15 77 78 164 17 432 19 381 54 113
35 10 47 67 571 11 547 21 129 48 314 46 786 25 447 51 1023 114 649 72 871 17 15
36 10 30 56 892 30 1287 50 55 1 1257 21 1294 9 759 47 1027 25 701 5 984 63 1467
37 10 28 34 1180 66 1246 16 1133 101 1370 6 378 10 490 4 625 8 219 9 798 35 798
38 10 72 55 68 126 1372 111 1196 48 1201 13 177 72 1447 101 510 16 1016 7 926 171 1307
39 10 34 84 357 8 1025 44 302 81 102 11 166 23 1081 31 914 12 95 24 1248 27 903
40 10 27 13 1058 13 1224 41 1262 73 1132 43 1020 30 893 26 657 15 1489 22 1322 2 1002
41 10 28 78 201 15 71 5 969 5 443 24 83 33 630 20 1148 25 1447 47 1171 33 399
42 10 54 57 1160 11 241 154 27 102 1480 13 178 90 456 7 794 16 1359 3 85 92 14
43 10 39 11 544 45 482 88 1406 17 303 10 944 50 1462 30 1009 20 764 21 702 103 847
44 10 41 13 67 32 938 11 44 96 258 17 1231 3 181 115 503 16 569 82 215 26 737
45 10 57 96 1468 24 361 43 882 107 1123 160 170 1 1489 76 799 40 216 22 1379 10 1216
46 10 40 74 791 28 1235 60 737 81 1176 7 332 13 622 36 684 68 652 10 65 32 244
47 10 29 2 1160 58 357 47 353 37 547 40 1054 13 1192 13 1463 18 950 9 139 53 1158
48 10 64 81 980 134 465 24 897 35 938 23 241 25 1425 17 1461 50 689 134 44 122 888
49 10 34 4 1098 5 749 32 570 95 259 56 75 1 547 79 1302 13 172 18 929 44 70
50 10 40 64 266 81 1228 16 578 33 306 16 983 38 801 27 334 75 622 21 1337 30 186
51 10 36 129 688 95 231 12 279 4 1249 58 950 12 385 1 833 26 902 22 521 3 514
52 10 35 41 66 108 1343 51 21 13 74 45 47 19 266 18 736 8 732 42 864 7 1109
53 10 35 55 1448 31 1325 18 1494 31 1142 31 524 10 761 74 1465 32 609 10 1146 66 378
54 10 76 74 88 12 882 67 1396 47 209 36 782 105 145 85 867 61 698 60 288 218 115
55 10 56 13 992 43 569 7 203 94 762 74 1301 37 144 23 958 166 179 5 1478 100 918
56 10 19 22 341 14 17 3 1072 22 1090 8 1243 25 1299 14 1068 1 226 18 1297 68 1436
57 10 37 30 538 10 615 39 776 31 1270 6 1378 11 348 55 548 59 1335 20 1185 112 336
58 10 26 27 171 29 854 7 911 77 162 17 179 48 1256 29 495 17 846 5 344 13 168
59 10 39 19 618 195 1447 42 676 19 1465 4 1196 45 9 19 779 35 1246 17 790 4 1259
60 10 48 31 1025 36 368 110 148 75 380 1 1421 33 910 81 409 105 351 8 318 8 913
61 10 61 76 387 59 1478 102 1035 120 150 30 232 68 738 30 1233 30 395 55 1132 44 417
62 10 62 68 1280 55 690 57 789 60 1282 28 1070 25 1236 47 509 99 739 160 1227 21 871
63 10 38 1 933 66 63 23 114 21 315 10 60 82 1267 20 306 25 92 90 607 47 1293
64 10 54 75 295 83 183 31 566 25 556 5 685 30 1362 29 1084 107 702 62 637 94 1495
65 10 37 5 1402 36 1235 50 517 67 836 21 1330 60 576 41 1143 22 626 50 929 24 944
66 10 38 67 926 86 1062 26 750 101 300 5 1369 18 458 2 1401 5 1279 15 447 58 379
67 10 35 20 1232 53 386 31 1041 25 377 44 352 13 1423 10 80 10 1241 11 276 134 406
68 10 40 34 1038 30 173 42 1279 55 1374 82 1121 61 413 10 659 7 319 22 49 63 1467
69 10 50 8 688 19 157 139 258 15 1043 53 1012 64 62 163 1383 5 1490 32 96 6 98
70 10 33 4 1097 95 364 40 266 33 1036 9 463 7 365 6 995 4 1390 60 503 79 942
71 10 51 37 324 13 1114 2 280 31 1260 77 1248 44 378 116 618 26 714 111 1180 57 1444
72 10 55 30 576 52 396 76 690 58 1009 28 418 147 1030 55 782 41 775 63 204 4 633
73 10 30 1 35 27 1159 82 936 5 1059 29 78 14 559 108 595 21 1156 2 753 11 1070
74 10 36 58 503 6 42 8 1190 28 408 46 288 62 638 67 41 2 322 74 226 12 785
75 10 52 59 1472 49 178 30 389 78 1242 17 554 14 1497 37 478 113 1142 101 1070 31 778
76 10 45 28 153 24 1056 76 66 94 1495 8 790 55 1328 72 913 14 1270 12 1185 71 1107
77 10 58 44 564 11 197 43 651 108 1321 66 768 72 1373 84 1394 4 1310 136 1234 20 771
78 10 50 64 567 3 286 125 452 53 1223 49 1409 19 736 49 1179 5 638 33 940 108 1121
79 10 49 6 671 23 255 38 871 42 470 95 361 19 347 67 1296 168 1004 27 1492 9 864
80 10 46 39 432 45 846 8 744 54 491 5 710 8 109 47 663 14 1271 139 591 109 751
81 10 19 36 1492 2 40 23 669 21 1423 8 932 13 1420 52 1198 7 501 17 272 18 66
82 10 31 38 517 6 361 59 885 7 361 40 122 37 235 8 1448 9 1232 92 62 23 693
83 10 46 70 1009 33 1219 40 1295 107 890 55 1158 30 186 31 1221 8 463 84 1475 10 154
84 10 34 5 656 25 612 41 680 62 146 15 331 32 40 11 928 98 588 35 841 19 733
85 10 35 66 218 97 1380 48 44 11 332 74 1104 11 369 7 1101 12 1227 3 599 22 391
86 10 45 36 186 76 1290 51 127 7 612 52 88 52 866 100 1238 48 179 9 678 22 464
87 10 44 34 252 20 999 12 329 1 844 90 75 28 532 38 917 59 1112 20 853 138 1258
88 10 37 5 857 5 1328 52 1193 21 874 43 78 70 143 6 1159 36 920 133 1187 5 1298
89 10 46 4 233 26 1316 17 1388 2 1059 81 1469 91 720 88 386 25 204 60 666 72 243
90 10 37 77 645 34 356 37 169 50 1053 18 675 35 859 59 1184 2 1448 14 1001 45 680
91 10 31 15 279 91 450 62 273 8 174 29 107 21 815 56 159 9 300 13 798 9 375
92 10 37 56 354 9 1027 82 1241 10 1485 72 724 8 386 1 170 16 771 7 1433 111 313
93 10 40 62 124 23 618 10 447 47 551 79 1231 15 189 130 232 1 149 9 703 31 430
94 10 36 41 968 17 467 36 29 11 1367 137 803 57 525 19 296 11 6 33 1075 5 1217
95 10 35 8 1177 122 576 47 607 35 119 13 357 53 1371 30 1148 22 162 12 322 15 962
96 10 28 57 955 3 1032 99 214 43 902 38 55 9 1181 18 570 1 798 13 1240 3 336
97 10 42 90 1280 33 833 94 535 9 811 22 120 7 511 22 1405 44 492 78 645 21 1065
98 10 25 20 1435 3 447 13 918 17 378 1 1369 80 332 48 1375 2 1399 64 966 10 1446
99 10 35 8 1281 15 824 81 1029 13 730 5 436 20 126 81 1243 34 792 81 109 20 1003
100 10 50 7 498 12 1417 125 666 6 915 13 1034 89 133 51 1077 99 318 79 592 24 1098
101 10 42 6 48 151 1225 28 730 15 1382 17 362 15 1057 3 739 50 541 129 601 14 878
102 10 50 67 647 61 678 91 673 33 670 10 32 55 932 59 1057 68 1325 18 149 39 675
103 10 33 63 361 19 928 8 1258 26 921 30 952 19 990 106 523 12 878 7 524 46 541
104 10 49 88 1134 28 1021 45 75 69 1186 21 358 55 150 2 274 18 82 103 1193 66 417
105 10 42 129 125 62 854 1 62 2 396 22 190 59 464 2 916 21 665 91 812 33 13
106 10 83 69 1070 8 466 52 850 80 1161 125 1224 87 560 148 1352 113 600 17 381 136 1037
107 10 40 17 59 145 394 9 510 5 1000 54 818 87 335 45 100 8 83 14 471 22 458
108 10 33 16 939 55 1067 43 810 76 854 32 713 7 544 8 1057 41 1307 13 720 40 797
109 10 36 13 646 47 169 1 265 181 300 9 1468 24 1484 8 1270 2 1090 7 569 76 522
110 10 39 10 62 67 949 63 1101 110 1229 39 1081 23 1256 30 327 22 862 28 220 2 1057
111 10 50 89 1398 159 298 24 776 23 244 8 513 39 1046 2 709 58 1268 10 1287 93 1374
112 10 57 31 139 115 491 11 882 77 338 55 1015 7 1385 3 547 20 1471 81 764 178 183
113 10 53 97 24 52 761 58 507 82 1243 61 495 23 46 20 527 32 1436 78 331 31 392
114 10 47 11 878 52 1211 188 805 3 147 17 1183 3 709 101 567 70 460 12 1324 20 680
115 10 52 16 1045 45 1116 140 44 12 1180 31 142 20 829 143 120 104 190 4 1029 6 984
116 10 29 18 896 45 199 45 779 3 336 20 1048 18 842 31 37 13 393 44 833 59 344
117 10 39 45 107 31 657 45 570 33 539 37 1500 29 514 3 790 3 455 119 908 52 1324
118 10 31 103 728 2 1059 17 30 54 382 26 1494 43 312 12 821 1 476 13 938 43 411
119 10 31 17 1147 9 1370 42 874 39 252 59 899 42 1425 7 1188 24 1497 49 1038 26 1167
120 10 47 3 525 67 907 66 1279 14 663 132 1160 28 550 14 1280 7 1377 1 349 139 1233
121 10 39 15 1334 3 372 41 216 61 433 103 1154 51 1007 35 1447 54 1465 25 471 8 679
122 10 56 47 628 48 549 57 928 125 399 11 342 59 1303 30 557 38 607 103 1000 47 495
123 10 26 23 92 60 970 36 792 17 49 35 417 14 319 33 857 13 1018 26 195 7 278
124 10 32 14 248 101 760 9 544 76 1444 20 1046 50 1313 6 212 9 1434 39 1139 5 1391
125 10 35 81 1483 87 1028 12 899 2 216 9 1166 65 787 8 205 3 1087 51 1067 40 1395
126 10 34 55 1307 30 482 8 679 3 1014 28 641 22 971 46 1491 57 381 32 423 67 603
127 10 39 110 1405 44 489 9 496 6 855 8 400 45 528 75 112 30 1059 3 1386 67 458
128 10 42 13 882 6 356 79 1380 68 1208 19 1156 35 209 29 1294 9 859 45 635 119 306
129 10 55 15 214 43 506 107 76 81 1352 51 810 16 295 9 1387 45 290 138 698 47 83
130 10 30 68 336 25 53 30 1352 10 303 98 1130 2 1264 22 1473 11 620 5 163 38 1196
131 10 33 7 205 6 1434 23 795 82 1078 4 549 8 140 51 365 32 437 117 1052 6 243
132 10 54 40 1121 50 311 20 864 40 727 52 950 139 523 28 1033 9 317 124 518 45 1303
133 10 44 20 339 100 798 57 340 114 1241 30 393 45 1376 12 1069 32 2 8 6 28 925
134 10 37 14 676 13 1313 120 605 18 639 61 811 32 742 8 1376 60 295 23 484 26 374
135 10 63 33 447 14 386 3 1202 58 1053 62 1005 43 201 101 886 80 363 109 956 135 1032
136 10 48 15 556 1 1154 2 711 107 726 111 229 1 221 37 1343 41 464 27 1014 141 1025
137 10 38 110 1341 72 872 20 243 39 982 34 1175 47 397 32 1192 14 714 4 813 14 629
138 10 55 47 613 33 235 22 1242 82 1397 33 1157 38 1467 70 407 94 1471 67 712 72 1160
139 10 46 9 938 27 673 2 920 10 989 10 283 38 720 127 1077 79 224 48 434 116 700
140 10 39 94 1444 8 289 65 564 56 49 8 646 1 1446 18 142 48 547 32 656 61 311
141 10 50 136 333 55 1266 106 626 67 485 19 677 61 329 25 271 6 1217 9 1467 18 1447
142 10 65 102 1350 8 669 131 415 71 1362 62 137 42 989 66 1144 10 268 50 1331 108 1205
143 10 33 62 1378 8 1281 15 62 20 863 12 230 22 493 28 659 38 9 68 34 66 897
144 10 39 87 299 6 1476 63 232 10 87 40 25 14 1340 53 979 54 446 34 1291 33 848
145 10 43 31 836 12 73 36 187 95 486 34 744 14 443 9 774 83 173 103 181 18 1148
146 10 31 33 770 30 522 55 713 20 433 1 1340 55 1238 20 590 21 56 11 1195 72 16
147 10 28 12 611 14 665 24 284 46 948 44 727 1 801 39 1017 19 1062 80 240 5 1500
148 10 61 127 1225 32 1054 30 1451 26 888 68 1197 152 299 90 562 16 1379 43 199 31 370
149 10 26 3 862 1 1167 21 293 42 1155 5 1008 23 1375 21 457 119 680 20 382 10 936
150 10 26 29 350 24 566 36 1155 28 403 2 730 11 781 20 421 20 937 19 730 78 847
151 10 38 13 548 24 1475 55 421 53 1009 125 300 4 141 5 855 9 1258 43 955 54 1435
152 10 52 7 203 136 123 30 476 62 1168 29 871 45 1120 70 7 18 868 26 1065 103 1265
153 10 45 7 581 59 1390 57 1152 70 734 36 1311 11 681 30 412 9 357 109 904 69 285
154 10 31 45 1469 33 460 46 922 70 813 21 384 26 933 19 884 3 1188 17 1375 32 214
155 10 49 65 129 68 23 10 1085 68 268 71 310 94 1005 12 226 22 1427 28 1416 54 240
156 10 41 61 315 33 126 25 150 46 1120 75 1374 65 434 31 357 20 804 59 1387 2 652
157 10 45 39 1037 10 1468 40 607 25 668 18 979 39 517 46 1324 149 179 81 343 9 1096
158 10 58 7 4 70 366 80 753 60 985 110 571 63 942 5 809 123 865 63 563 5 968
159 10 42 27 1371 8 998 143 561 72 1048 43 843 2 1140 22 320 4 948 73 1058 30 147
160 10 56 25 448 40 1261 11 679 179 1151 98 1100 3 142 29 179 13 2 47 989 118 1105
161 10 45 9 1466 55 932 32 598 21 1346 126 453 46 1250 22 493 14 345 63 410 65 1404
162 10 48 45 160 20 175 184 1454 15 915 17 508 59 1142 31 480 26 161 52 279 35 529
163 10 32 18 568 56 860 60 480 37 1202 2 1413 16 871 38 365 10 1372 8 173 82 419
164 10 31 20 1004 13 495 2 978 11 1265 62 1323 9 392 8 1201 12 963 123 796 56 60
165 10 36 36 609 21 148 4 936 37 572 6 394 84 87 1 1354 130 1068 10 236 35 659
166 10 57 32 144 87 55 69 1054 39 229 8 1365 30 841 28 408 150 843 78 1215 56 417
167 10 30 14 466 40 1420 15 1312 4 590 67 803 19 900 25 449 89 128 1 858 35 1335
168 10 25 2 1296 42 368 11 1060 65 1050 17 961 26 912 11 570 70 1333 6 1311 5 603
169 10 31 17 609 81 1497 122 1479 32 655 5 224 1 862 7 312 40 1008 9 1365 3 632
170 10 40 90 521 11 1104 98 302 1 75 78 951 31 1077 47 1078 28 1113 9 1422 8 153
171 10 33 56 757 26 197 120 1209 23 791 21 686 32 1141 3 96 3 1249 31 29 20 1431
172 10 42 83 323 1 507 72 554 48 1429 137 448 3 1483 17 134 1 437 27 1286 32 648
173 10 71 101 283 83 1088 109 1472 53 19 2 123 56 600 97 822 50 1315 136 932 32 27
174 10 44 1 21 46 444 28 228 106 716 104 10 20 1020 20 717 15 1268 28 374 77 1369
175 10 26 53 1026 26 626 9 862 16 522 34 913 21 1100 15 1204 75 1419 2 896 12 350
176 10 20 7 277 6 852 10 442 23 1166 20 1252 18 903 14 49 69 59 24 327 9 1255
177 10 54 27 539 7 309 5 593 108 772 65 1060 68 1226 130 493 122 216 12 934 4 1424
178 10 40 7 753 13 803 138 1377 25 1315 27 376 39 350 43 1347 28 905 59 377 27 853
179 10 36 20 1197 2 643 20 69 5 1486 38 86 110 1397 74 989 8 156 59 236 33 343
180 10 68 39 1244 39 441 30 139 22 462 135 265 33 795 95 1116 134 742 57 1398 102 1460
181 10 51 2 1223 65 386 24 1279 27 432 4 774 197 802 8 97 67 865 18 935 104 1159
182 10 36 30 144 3 84 93 32 26 1388 7 648 24 1467 51 934 41 1464 73 1473 15 760
183 10 40 36 1363 58 164 11 624 61 361 52 365 15 1219 57 57 40 902 29 902 45 1364
184 10 24 3 604 11 1391 3 1452 45 146 70 586 48 1058 13 142 4 1145 40 452 4 557
185 10 30 50 839 31 520 7 1450 42 1282 22 896 30 1179 22 1319 14 656 16 81 69 629
186 10 31 100 805 23 828 37 880 32 968 72 1296 11 21 2 1020 6 496 3 829 27 1435
187 10 62 153 576 79 298 104 339 13 523 23 566 28 572 49 1392 66 1336 106 530 3 128
188 10 37 77 1099 9 57 34 688 33 25 28 558 78 595 27 478 10 1123 65 861 14 139
189 10 42 19 935 24 530 5 1461 75 45 130 720 52 596 44 358 26 1195 30 409 15 500
190 10 49 84 1024 42 797 24 1068 2 1353 136 571 37 1300 111 1143 8 408 42 233 7 88
191 10 34 24 1068 19 290 39 440 22 598 13 326 8 1444 26 835 52 530 86 1414 54 725
192 10 82 165 1434 19 352 148 1004 119 542 23 347 30 628 90 387 48 232 77 570 104 8
193 10 44 82 249 39 500 63 1396 8 278 72 984 35 1007 76 1398 17 1367 29 223 22 137
194 10 40 78 784 48 255 30 245 34 206 27 265 25 606 4 724 55 398 69 1018 32 913
195 10 36 5 273 23 378 12 261 71 1279 30 221 28 1367 5 1499 26 235 109 1206 54 1118
196 10 46 31 808 22 1038 85 1243 57 80 124 680 78 434 24 39 39 26 1 397 7 25
197 10 52 39 218 44 31 5 927 46 240 20 1339 35 876 94 188 67 461 42 804 128 1203
198 10 40 26 854 48 1287 29 211 54 281 96 213 5 1065 39 293 80 28 2 581 21 1096
199 10 52 1 198 11 1008 52 779 5 114 21 332 26 477 58 1361 170 529 143 1316 37 897
200 10 52 1 867 16 1273 107 1332 59 1257 58 1015 98 1144 22 135 80 1228 51 436 35 805
201 10 47 20 1238 16 568 50 1031 80 506 42 108 16 1348 97 1167 28 1460 31 1289 91 328
202 10 40 158 803 19 1367 15 149 24 1090 15 882 58 981 16 446 33 829 14 74 56 1026
203 10 50 66 64 58 370 56 1372 66 792 48 1299 68 620 22 1294 19 1319 74 1090 24 480
204 10 26 10 1053 18 198 8 1401 80 46 45 1498 4 875 12 1432 60 1176 1 329 30 1389
205 10 36 18 607 6 852 8 881 84 1488 56 560 89 750 3 162 6 1347 44 1405 54 346
206 10 26 5 307 51 1375 29 1352 25 1274 26 349 19 1101 46 172 21 1319 13 1224 32 1329
207 10 53 113 1016 30 573 84 1272 54 854 39 341 22 1340 63 951 38 57 52 347 44 943
208 10 50 1 921 51 472 125 253 77 523 13 1461 13 21 112 86 13 185 46 1174 54 488
209 10 18 6 783 10 574 6 1229 28 1295 4 535 4 917 19 1395 4 594 99 1386 5 133
210 10 41 12 1097 92 563 26 462 124 266 43 161 23 989 10 898 11 1151 68 818 1 681
211 10 38 33 327 13 465 74 1459 49 862 57 673 3 1212 10 1429 26 925 47 1055 70 708
212 10 26 7 222 37 1286 20 778 3 1366 42 1108 24 26 59 1401 13 975 22 1339 37 35
213 10 46 52 299 94 10 66 1493 2 1415 126 480 17 106 27 1422 28 1113 33 1286 15 1211
214 10 39 1 456 15 1020 32 1357 123 1383 95 574 27 811 54 516 20 1292 12 1325 20 552
215 10 35 53 250 4 579 3 605 21 286 96 575 9 511 34 294 56 339 31 1250 49 479
216 10 31 11 806 15 181 3 1247 2 1388 110 821 85 225 26 1402 35 1065 3 1336 23 686
217 10 47 21 1483 62 481 56 944 33 875 32 508 55 999 138 145 26 1196 13 868 41 886
218 10 32 9 1429 19 1227 47 304 20 625 14 781 56 17 58 335 67 1156 4 1434 34 1379
219 10 45 56 425 73 992 30 1206 33 1423 22 51 17 717 35 974 32 482 48 479 109 1347
220 10 50 45 86 73 886 5 86 88 549 109 203 11 222 4 1085 5 176 65 190 101 1401
221 10 66 12 446 92 580 37 1260 135 716 12 351 36 1034 43 1125 30 818 83 193 188 874
222 10 32 41 1109 32 316 14 434 21 272 34 229 1 851 11 1034 47 585 71 1250 54 218
223 10 71 19 656 156 61 138 99 125 161 50 1017 2 726 113 640 28 882 51 477 34 766
224 10 41 7 560 107 10 1 1313 47 860 9 568 66 864 33 106 57 1138 43 1341 44 173
225 10 54 29 1051 75 769 58 1293 120 524 10 762 47 743 43 1378 17 1299 45 847 99 890
226 10 62 23 568 86 1189 22 494 111 1124 52 1419 68 1241 43 11 69 665 114 913 35 848
227 10 56 94 1391 67 436 4 1217 57 1330 34 227 186 414 2 956 15 680 14 656 94 566
228 10 55 12 812 189 597 19 107 105 727 31 178 12 1446 84 344 41 982 17 478 41 1224
229 10 41 16 371 49 1111 132 460 19 657 34 80 6 1496 34 1375 5 1374 63 1182 52 352
230 10 33 65 527 5 1418 63 150 51 293 15 152 14 909 92 239 13 29 15 886 4 1479
231 10 56 41 828 80 355 81 706 55 1452 24 879 56 1003 7 950 173 1217 27 142 19 928
232 10 38 9 789 92 752 53 805 46 1045 23 608 32 793 3 1131 9 1218 107 553 6 580
233 10 55 8 283 82 894 32 890 127 1071 45 192 28 807 33 242 60 1396 36 594 105 1371
234 10 52 39 1322 4 834 44 1310 27 115 53 637 4 1068 70 1143 103 124 15 739 163 316
235 10 21 3 1473 46 734 17 225 35 1043 14 667 35 593 15 1278 15 892 10 1160 21 515
236 10 42 27 1106 55 1048 13 669 26 186 9 476 4 402 182 1290 21 1184 82 459 5 1295
237 10 37 20 1054 6 581 19 75 40 1215 11 1480 13 607 3 931 75 641 111 1377 77 1374
238 10 34 116 502 16 1444 6 148 44 321 13 1220 14 338 66 1010 24 33 33 1427 10 1465
239 10 47 111 321 20 372 57 507 77 33 14 92 71 698 59 1283 23 170 31 87 8 687
240 10 32 70 748 3 1406 8 354 31 1235 55 612 57 285 16 403 38 82 41 1449 8 2
241 10 44 56 1496 69 449 106 234 2 562 26 746 4 323 3 1383 69 889 73 530 34 854
242 10 26 17 105 16 1178 67 875 8 1006 22 739 4 879 74 1066 7 1257 13 694 34 669
243 10 30 54 401 9 796 37 1489 33 361 22 315 31 750 7 1473 35 454 49 272 30 1146
244 10 17 27 839 34 1334 34 299 6 1357 9 432 5 417 3 1468 41 1457 4 991 12 976
245 10 45 39 1184 88 1219 27 132 5 1500 152 781 29 754 41 221 4 926 9 928 56 987
246 10 50 155 494 28 215 19 1102 56 1263 62 1155 56 545 3 1381 42 444 23 21 64 194
247 10 37 13 281 15 996 57 1102 26 1376 17 994 73 118 37 142 47 1105 27 1157 65 1100
248 10 37 59 78 12 1096 37 990 19 595 64 868 47 954 46 227 35 1200 8 969 44 918
249 10 39 2 441 50 599 162 1465 26 402 25 1204 11 1420 58 535 6 1177 16 581 34 575
250 10 34 13 340 23 5 7 478 18 291 50 279 44 378 78 1015 3 1335 30 883 79 627
251 10 43 126 979 25 968 26 1073 9 39 75 340 102 920 50 1022 2 115 21 98 2 537
252 10 30 7 1129 12 1400 13 943 12 754 2 1434 51 972 75 574 46 1061 78 460 8 446
253 10 54 96 687 15 457 42 1468 72 100 65 956 110 348 23 358 62 516 28 191 33 58
254 10 54 89 744 34 778 29 860 61 27 4 1113 72 515 78 75 52 34 20 1283 103 1274
255 10 40 37 627 66 1263 154 69 12 1167 17 1047 2 1149 109 1100 6 1102 2 405 1 802
256 10 33 2 442 52 1050 5 1053 96 94 22 56 17 69 8 690 21 68 79 524 37 892
257 10 28 113 202 14 684 37 127 28 1361 20 12 1 206 8 431 11 500 49 1068 6 1026
258 10 35 35 621 33 959 44 577 17 1215 52 775 42 1001 34 446 33 892 39 1136 24 1283
259 10 32 45 210 39 1095 11 1180 14 1435 18 286 103 1464 18 237 5 324 64 3 8 1152
260 10 28 30 702 23 23 17 931 25 19 5 917 88 1337 38 1332 19 1102 24 766 16 144
261 10 24 16 553 24 475 51 293 38 51 4 1223 13 1072 26 1190 23 535 36 1498 15 874
262 10 32 42 815 7 1104 5 703 8 1221 86 18 23 322 20 523 80 649 42 1318 12 898
263 10 46 23 1172 58 1308 18 389 140 275 31 293 25 527 74 390 4 481 36 201 59 1295
264 10 42 99 902 36 293 16 1169 16 21 1 1476 20 403 29 621 132 59 23 729 48 468
265 10 47 44 169 137 1424 98 711 34 824 11 1414 7 815 92 1291 26 786 5 585 24 315
266 10 33 2 28 48 1426 105 627 26 692 30 1009 7 94 49 251 20 1174 24 1415 22 1437
267 10 34 8 1182 49 641 14 1052 82 697 6 1344 127 1155 1 215 4 982 44 276 11 1155
268 10 34 58 93 9 56 3 731 29 493 133 330 27 489 18 909 19 835 30 203 17 1183
269 10 44 26 1139 2 1131 104 178 51 1046 89 433 15 557 20 731 49 1487 34 94 56 1273
270 10 60 35 138 52 34 86 1092 121 1125 13 908 119 487 50 797 3 1319 77 41 45 1445
271 10 37 17 189 105 19 3 283 24 502 67 1145 12 547 28 1491 41 205 4 692 69 1183
272 10 49 29 888 55 467 156 706 4 883 99 685 5 1270 9 340 47 1327 58 628 31 60
273 10 54 11 978 90 841 45 239 43 937 79 688 15 814 110 326 12 296 32 223 103 1399
274 10 37 31 420 8 1420 99 980 3 1437 6 241 22 1052 78 808 24 53 86 488 16 1441
275 10 54 111 1315 94 453 17 264 31 465 31 564 100 1062 36 1421 44 135 75 448 8 861
276 10 28 14 692 69 821 71 949 33 1305 5 1204 30 1392 1 789 30 915 24 1462 11 102
277 10 42 47 33 28 727 34 833 5 1278 116 112 81 79 68 796 36 1375 13 1420 1 1447
278 10 38 68 64 60 950 62 1274 1 655 36 1439 39 1070 11 470 74 558 5 704 25 589
279 10 29 17 579 29 569 52 806 82 660 46 321 14 1435 19 1408 1 501 31 123 2 1027
280 10 38 14 540 45 358 55 84 45 151 35 193 50 613 39 353 31 1322 45 338 28 1174
281 10 66 20 746 11 847 32 233 49 546 13 270 112 400 24 669 155 1368 107 1117 146 750
282 10 48 13 769 25 1205 41 258 15 154 85 937 19 1253 36 433 62 41 44 182 148 198
283 10 55 130 1112 23 545 19 650 106 113 78 908 7 276 16 1431 45 1120 41 693 93 313
284 10 33 50 167 86 1396 3 470 10 1328 47 1274 7 574 10 1231 45 161 48 731 31 920
285 10 26 3 569 20 95 24 392 18 1157 74 1440 16 1335 30 83 12 424 54 346 13 516
286 10 49 67 893 41 283 85 283 83 1126 58 1470 30 452 33 1466 12 781 2 127 88 1098
287 10 38 19 450 28 1076 83 648 42 764 7 993 107 660 10 1134 41 1051 33 565 12 272
288 10 25 55 1151 12 411 23 40 25 601 14 176 7 139 53 1360 4 932 63 568 1 1172
289 10 39 63 1065 1 587 23 354 60 630 91 617 29 278 62 559 1 1143 28 296 33 765
290 10 34 7 1171 22 1228 26 1177 75 219 90 1329 12 768 1 193 13 609 16 1489 82 115
291 10 66 21 745 109 1309 79 20 14 892 86 1251 90 791 60 1211 85 719 111 152 11 848
292 10 49 8 79 106 1033 85 543 24 62 55 1274 10 783 40 857 107 1402 8 1176 52 656
293 10 42 16 1325 52 630 3 640 11 260 2 956 169 1061 74 723 48 57 26 574 20 585
294 10 47 132 220 30 558 37 137 25 1439 15 654 10 825 114 424 38 1023 17 1047 57 1335
295 10 39 38 1499 27 888 66 1332 41 1284 9 1165 68 53 5 369 127 185 15 611 2 977
296 10 46 35 1458 25 33 19 90 23 40 17 1428 148 1055 34 181 58 1236 20 286 88 202
297 10 38 8 1112 3 1406 33 1325 13 990 60 745 16 16 38 1410 61 417 71 551 78 513
298 10 59 3 1413 117 491 87 703 53 571 39 360 17 106 73 94 24 443 92 1118 93 83
299 10 54 2 1420 136 516 55 110 5 703 6 457 91 195 11 716 84 457 107 1007 45 1260
300 10 23 5 1232 9 1112 66 115 5 328 5 401 10 490 6 1050 88 1220 3 893 39 920
301 10 21 41 642 7 819 5 1233 4 297 3 1484 42 1254 48 36 28 1260 28 953 4 643
302 10 52 90 872 25 1349 84 1459 70 512 8 28 130 163 51 175 35 993 13 663 17 1336
303 10 36 20 1216 43 1451 27 360 44 40 35 426 48 1214 21 385 67 1286 54 914 10 5
304 10 46 12 366 49 585 24 373 15 717 13 548 36 460 103 619 83 268 102 1315 26 1173
305 10 40 28 746 47 1085 64 625 6 918 72 28 34 970 53 141 37 1365 10 1261 49 1010
306 10 55 23 1167 28 1461 36 149 17 1350 130 819 4 280 77 963 48 1446 120 973 72 201
307 10 38 41 905 95 1436 17 407 22 1499 50 129 26 1051 9 1283 15 1062 16 823 98 711
308 10 49 16 394 89 474 73 686 85 1091 75 999 8 1377 81 1103 5 27 54 228 6 777
309 10 43 3 1275 43 196 34 265 21 1125 36 185 54 816 148 1455 32 766 51 76 16 147
310 10 56 54 1260 104 1219 3 364 48 1080 103 1057 1 1246 14 1094 89 1150 104 171 47 557
311 10 51 19 1013 76 174 66 124 70 890 9 1454 74 1437 8 1113 63 155 110 531 23 92
312 10 40 1 621 76 628 17 1256 44 565 73 244 13 372 2 1400 2 365 160 855 19 964
313 10 59 46 18 70 47 62 1227 32 162 40 262 52 290 104 1043 35 434 101 438 57 1409
314 10 42 12 970 8 345 11 1215 77 1091 93 1301 4 442 35 1103 86 458 65 596 29 1229
315 10 28 47 1429 51 1235 26 1439 8 1291 4 940 51 625 5 746 33 474 47 1277 13 237
316 10 26 23 1036 57 131 3 1424 72 686 3 313 10 1372 7 1163 52 1403 34 82 5 426
317 10 45 64 836 14 12 6 1321 98 550 33 374 17 1235 105 592 99 1140 3 174 16 1230
318 10 46 130 378 20 755 5 1451 10 64 66 1302 135 686 21 524 23 1418 26 1259 29 659
319 10 39 7 1442 44 82 111 559 74 969 22 668 27 75 42 237 3 81 24 802 39 1004
320 10 49 42 963 1 23 36 1330 85 1368 56 1323 22 29 1 1308 27 54 12 873 215 271
321 10 45 3 1369 90 525 13 61 46 1422 42 168 13 314 24 909 23 181 35 57 163 1082
322 10 28 23 808 30 1474 19 695 13 1236 80 1226 57 155 26 19 9 618 7 119 17 359
323 10 47 39 602 29 1188 49 1084 35 1103 112 508 97 1033 46 1127 9 400 32 664 28 1124
324 10 47 133 1476 33 854 16 186 117 1251 47 1468 7 527 15 1462 25 1425 1 256 79 766
325 10 52 34 338 117 654 11 816 77 1092 70 1098 100 911 26 1461 30 709 36 706 23 1280
326 10 34 10 1345 26 279 41 935 14 1354 3 174 57 1278 22 841 121 398 11 1049 37 1150
327 10 38 21 641 41 1317 105 625 41 488 73 966 2 1001 21 764 8 285 29 268 41 1378
328 10 45 53 217 78 1206 2 1145 9 620 43 385 36 327 26 439 98 912 54 6 60 977
329 10 39 124 497 27 126 12 1377 49 750 30 422 8 895 2 1353 2 1223 134 1467 6 1295
330 10 38 46 1017 1 706 16 579 5 1057 12 770 12 655 157 1054 63 1093 18 640 55 349
331 10 36 14 748 13 1109 15 109 31 716 75 351 73 725 19 216 26 268 75 1466 25 617
332 10 46 39 1296 71 361 64 1118 67 1248 11 1107 11 898 46 881 34 100 32 1414 91 353
333 10 39 97 1358 7 636 3 1067 39 1308 8 713 50 1336 22 37 90 1089 67 108 15 242
334 10 71 22 1466 44 1387 83 1361 120 290 58 820 62 9 51 61 95 1092 104 891 73 1433
335 10 28 3 1186 23 1232 23 16 22 87 31 309 35 589 52 528 63 929 11 349 20 580
336 10 51 122 140 35 810 28 200 46 755 15 1079 97 1407 29 801 100 891 35 104 4 227
337 10 31 84 1169 30 923 57 1336 18 937 14 1358 29 414 34 1166 30 898 2 344 21 401
338 10 40 9 882 3 1059 7 147 34 735 28 648 2 64 78 1459 64 912 82 1457 101 1265
339 10 42 7 981 18 1171 38 897 6 1223 8 201 30 500 81 919 103 718 18 1017 115 694
340 10 52 43 605 49 362 87 169 9 35 1 629 34 127 213 540 25 1218 26 349 33 1011
341 10 48 74 1204 15 555 7 159 5 910 57 644 45 923 59 275 37 1287 114 1471 69 688
342 10 51 24 42 21 971 52 964 7 415 93 109 9 1386 42 603 88 643 37 1057 139 427
343 10 58 121 1282 38 1005 16 1417 30 324 24 1484 159 57 51 31 50 768 14 1249 82 1498
344 10 54 45 1048 49 566 27 220 177 433 25 1422 32 344 95 295 29 774 15 998 55 1066
345 10 38 5 1140 96 23 1 454 119 493 35 1037 33 964 27 1112 10 694 13 108 50 515
346 10 48 59 1498 28 84 30 615 57 1133 48 1199 4 204 81 847 136 541 23 1001 15 549
347 10 50 10 881 122 901 58 582 71 593 74 1473 116 192 8 1328 14 1376 25 212 9 543
348 10 37 21 1130 8 329 52 756 24 775 20 900 7 127 92 756 48 1302 94 1114 13 1298
349 10 47 31 222 8 947 43 399 105 974 1 365 18 547 30 1265 68 82 123 82 43 256
350 10 35 52 803 49 129 68 949 4 14 54 1007 16 448 46 1062 5 225 5 1171 56 216
351 10 43 143 924 1 194 54 1490 77 152 16 308 45 566 55 1336 2 56 38 511 7 672
352 10 45 14 1331 63 1039 69 1316 9 616 49 557 6 118 60 1335 66 60 12 516 104 965
353 10 21 46 727 22 37 23 1261 38 78 6 666 5 385 21 273 22 798 13 176 16 519
354 10 32 1 1474 76 1304 2 1487 13 355 82 735 36 969 1 1205 78 1123 12 976 23 714
355 10 43 45 732 33 303 108 1247 48 275 18 929 62 1163 17 797 2 216 75 1105 25 1395
356 10 33 20 455 38 1383 11 292 11 263 72 1244 17 118 37 1181 25 5 52 1389 52 1
357 10 78 54 732 55 1254 92 91 9 882 123 87 123 890 21 1483 174 868 107 1378 28 410
358 10 36 20 1482 1 244 10 948 70 758 37 99 23 1193 88 129 4 1047 102 1215 6 909
359 10 43 74 205 38 341 14 1479 83 870 5 1474 17 1028 11 511 32 288 83 1309 81 333
360 10 38 24 929 109 482 83 986 14 1247 91 274 23 535 26 1147 1 213 7 344 5 990
361 10 58 5 482 94 1438 37 758 43 8 43 1375 76 423 96 126 41 381 90 21 63 1190
362 10 39 38 217 7 515 14 810 90 1064 106 816 72 1191 37 457 2 1437 12 485 14 1008
363 10 53 90 141 119 1419 42 1248 1 1269 27 954 31 1309 11 246 28 943 6 141 180 774
364 10 30 49 1442 59 856 43 1231 29 780 3 174 4 444 16 809 79 1051 19 756 6 498
365 10 49 66 1313 88 173 18 943 46 1455 3 1072 118 838 28 570 70 373 38 1407 23 579
366 10 75 23 836 34 1500 168 1372 205 63 17 816 58 22 121 379 91 1444 34 555 7 1198
367 10 40 24 768 13 789 9 1198 84 434 31 1149 30 821 29 406 50 242 36 604 97 805
368 10 36 1 161 20 1173 58 366 7 1202 34 1107 31 908 103 1351 79 209 12 1374 18 1444
369 10 38 69 1032 41 675 48 539 20 522 21 1219 16 1128 22 482 45 355 34 779 69 97
370 10 37 34 238 38 364 23 218 3 1233 87 888 43 693 20 1279 12 87 76 537 38 274
371 10 33 13 303 77 357 9 1008 65 1095 34 872 12 1244 7 1070 55 270 23 187 37 512
372 10 30 33 468 40 1111 25 1378 54 747 9 649 17 1314 4 1238 62 699 46 632 18 1082
373 10 19 2 973 1 1073 27 1424 18 346 26 1207 11 1423 26 910 29 1186 31 1061 23 543
374 10 43 33 28 4 1245 78 444 22 1416 101 722 30 979 68 850 37 664 57 141 7 1272
375 10 54 71 400 98 986 21 1110 17 987 55 449 49 756 25 786 23 422 139 231 45 91
376 10 33 48 261 28 1126 97 267 19 1117 30 733 1 861 31 524 57 415 22 1100 2 186
377 10 49 32 1225 2 449 52 1446 99 450 81 92 43 72 90 1120 15 1144 8 66 68 523
378 10 29 24 683 37 930 31 1336 3 856 26 1035 87 694 6 22 20 183 19 65 42 190
379 10 50 8 294 2 222 25 186 138 821 13 332 23 552 21 1034 113 1319 73 3 87 1429
380 10 43 32 1138 46 1496 112 553 16 1031 36 1074 1 67 97 824 12 1428 65 789 18 185
381 10 43 21 450 4 1298 34 51 3 187 4 69 119 798 125 969 1 1215 4 1268 122 1352
382 10 55 139 118 25 992 86 283 2 305 75 1121 61 534 14 227 23 759 12 1007 113 1248
383 10 52 212 188 8 378 4 486 17 1438 42 671 91 921 24 1144 78 364 9 50 40 848
384 10 42 9 198 87 678 51 949 34 1430 34 197 28 424 38 28 45 662 83 1140 17 1291
385 10 46 50 180 40 137 8 876 114 603 42 304 46 250 55 543 27 275 50 71 34 716
386 10 39 18 328 41 292 53 723 41 969 21 1271 34 13 32 1142 8 1196 114 1003 35 1266
387 10 49 81 1355 126 379 37 1302 39 616 6 161 21 398 5 957 8 379 73 1159 100 1054
388 10 47 94 233 5 166 9 1378 35 1230 62 320 45 537 68 1042 64 1412 41 544 52 1438
389 10 32 1 1423 90 1221 29 443 9 403 6 1342 57 357 21 1097 52 715 32 95 30 593
390 10 75 21 628 21 240 123 410 99 837 39 1253 93 1351 150 944 12 29 63 895 131 308
391 10 60 84 1237 30 1135 44 724 47 1218 57 352 10 1370 12 192 126 1021 146 312 53 130
392 10 26 20 609 6 549 11 1496 2 383 26 787 98 1334 1 1283 70 143 10 1360 20 928
393 10 32 35 3 76 1273 15 373 15 385 2 761 32 1198 2 106 36 808 79 633 30 767
394 10 33 67 306 5 997 12 608 28 635 35 1337 30 1368 13 1420 13 873 114 918 18 680
395 10 55 4 901 27 686 78 615 37 10 44 481 9 374 72 645 151 1070 106 363 31 327
396 10 39 75 535 8 895 6 774 36 1016 37 927 65 588 21 139 33 766 61 496 52 186
397 10 42 57 960 54 1251 61 708 1 1059 55 505 75 186 66 180 12 1025 20 1269 19 558
398 10 42 38 197 13 993 5 600 57 665 13 712 67 46 109 638 17 697 50 663 54 1474
399 10 44 191 1279 7 1368 47 1371 4 664 25 771 28 1434 47 768 9 1173 46 1435 40 89
400 10 32 150 61 15 174 14 1382 19 848 3 695 6 728 14 786 12 766 23 1117 65 722
401 10 42 15 522 45 509 69 599 67 691 85 500 34 1475 42 1030 11 1151 15 203 42 253
402 10 29 1 388 13 228 15 1134 9 1373 43 321 6 202 74 450 31 476 85 220 16 755
403 10 49 5 1290 58 1265 6 521 59 1480 100 563 59 1331 91 912 23 837 66 1350 28 17
404 10 72 15 1490 58 61 14 146 158 267 17 1152 57 1160 76 370 92 1039 190 801 46 472
405 10 53 2 982 47 727 23 401 51 554 54 1094 76 1076 84 1047 40 1294 55 699 104 576
406 10 70 65 110 143 382 92 1277 106 123 12 242 79 1173 128 1200 33 1204 17 790 33 636
407 10 45 34 724 26 540 38 1342 37 1046 17 78 86 1222 71 1029 77 476 51 677 19 1404
408 10 52 79 124 23 748 129 1237 19 275 70 1354 91 872 47 361 3 843 46 1452 17 298
409 10 40 5 636 85 50 28 573 21 376 24 1005 37 94 96 825 10 25 77 161 20 1059
410 10 37 27 519 98 964 31 1055 48 984 90 103 2 30 22 17 29 1139 1 538 30 311
411 10 32 17 1299 40 1424 46 941 18 866 68 1305 88 1194 4 732 12 256 2 1200 33 1003
412 10 54 28 1023 49 671 71 1392 118 687 52 62 40 1419 75 1420 22 1439 52 1462 41 626
413 10 39 118 1052 1 361 16 177 112 521 9 301 7 1374 14 978 38 627 49 1003 30 823
414 10 47 42 1232 101 1488 30 9 42 71 50 948 52 422 16 461 109 108 24 223 10 717
415 10 48 2 946 57 1230 158 1228 16 691 28 581 28 121 33 777 78 130 68 550 13 632
416 10 31 17 902 29 17 3 1216 18 227 30 1274 41 1449 80 582 24 123 33 1218 40 820
417 10 41 82 1049 9 734 57 768 49 906 1 977 39 1041 139 386 2 256 12 493 20 799
418 10 48 50 293 8 1303 55 1121 17 1418 16 878 112 529 38 321 79 745 19 890 86 915
419 10 43 26 721 64 554 61 1317 82 104 9 511 42 1416 87 53 54 1277 5 1052 8 1475
420 10 25 30 240 21 1053 36 729 19 659 71 632 9 1389 12 1478 28 5 21 937 11 1406
421 10 23 5 1141 2 209 24 932 23 873 3 28 105 1156 5 906 20 862 27 122 21 969
422 10 30 10 431 9 380 4 193 34 894 76 1125 56 896 33 155 40 1406 15 1034 28 1236
423 10 52 87 663 112 65 69 315 5 1032 39 1356 29 1029 64 1483 22 116 34 519 60 1136
424 10 43 5 367 37 876 46 143 13 1298 38 261 49 1476 113 56 111 1005 12 1330 15 410
425 10 49 24 855 76 1257 37 616 12 1404 56 298 16 58 34 841 9 1389 72 233 155 1009
426 10 30 7 1249 37 1048 14 837 36 760 15 917 3 366 67 279 30 167 20 160 72 507
427 10 47 38 37 151 109 21 13 26 174 37 1187 66 1155 6 45 83 591 27 1402 20 87
428 10 28 29 1405 31 1457 11 815 27 391 19 1002 84 1329 2 616 20 1114 23 1083 36 755
429 10 31 2 1122 9 429 76 1096 27 86 23 571 94 1491 37 1409 20 1102 20 635 3 843
430 10 47 20 313 99 1246 22 1292 32 175 57 633 26 562 47 536 52 249 62 755 58 356
431 10 54 64 1108 27 1391 7 1159 54 933 2 1023 105 286 124 1106 120 958 3 513 41 971
432 10 54 11 860 21 901 62 798 38 1328 11 1260 153 18 20 813 69 1057 143 919 14 1004
433 10 61 74 1052 132 922 30 1313 62 1050 109 395 70 812 90 88 32 874 15 126 1 793
434 10 44 59 405 2 463 65 548 41 1090 59 1139 25 884 47 264 5 1049 45 182 98 1482
435 10 31 3 883 54 1054 53 1028 65 1004 13 1364 16 558 57 1171 27 1036 18 1445 6 439
436 10 42 129 1248 84 465 5 364 53 565 8 1231 10 1213 64 1269 3 358 49 977 15 45
437 10 60 4 1442 63 1492 148 690 29 586 15 1178 33 496 100 466 139 217 39 277 37 488
438 10 24 11 791 24 1358 50 1190 11 799 13 42 20 1275 7 675 37 1203 60 1243 10 1195
439 10 54 148 905 5 754 9 1157 1 86 30 726 75 1053 72 754 60 566 131 160 15 1017
440 10 55 121 326 5 1226 64 978 85 1203 61 1297 23 1384 27 408 69 258 54 1459 41 195
441 10 37 49 408 13 613 67 1107 42 958 18 1203 26 763 16 120 3 1149 6 271 134 1116
442 10 28 10 667 40 1274 30 1484 6 81 18 522 44 1367 54 924 54 128 21 1201 5 755
443 10 49 102 619 104 588 49 1254 71 117 20 930 25 205 20 41 74 159 1 360 30 491
444 10 47 31 448 108 841 115 54 22 1313 46 1300 15 40 37 1351 38 1113 30 1387 32 1396
445 10 45 38 1318 79 1048 66 807 7 1465 73 507 14 504 30 1376 14 982 31 532 99 98
446 10 58 45 317 19 1010 28 867 109 1116 146 1337 42 1287 17 561 49 1194 69 220 61 1482
447 10 28 32 921 8 102 6 1127 3 882 51 84 17 185 7 1284 92 150 60 1338 13 700
448 10 41 71 861 142 759 11 1378 11 120 16 690 2 1406 90 481 55 1409 10 866 4 600
449 10 25 17 145 23 19 60 795 19 519 64 430 1 1243 29 763 33 1438 3 696 2 151
450 10 28 19 1022 46 278 11 510 17 1416 14 1238 11 250 69 1080 29 262 62 440 9 1064
451 10 36 36 814 23 463 19 785 100 687 34 15 3 937 23 20 45 1289 43 923 39 193
452 10 35 136 1188 9 688 12 130 29 155 21 668 13 1201 10 656 21 220 32 1078 72 1087
453 10 50 5 915 6 290 36 275 60 1205 26 445 33 1243 91 250 139 812 91 467 17 1403
454 10 48 53 1469 31 688 92 814 12 899 3 1272 82 648 10 265 147 1111 11 214 48 234
455 10 60 68 234 137 1450 26 1196 69 1187 10 1174 80 680 91 1229 54 1198 60 1281 12 1064
456 10 32 12 254 158 1195 23 143 17 1121 15 1286 13 1306 17 1187 48 1009 14 51 12 1250
457 10 23 6 1063 19 1107 89 1424 19 699 1 819 22 1414 5 1480 10 696 43 35 17 425
458 10 48 83 1184 32 85 41 544 39 11 4 1001 80 1341 17 1485 65 1333 58 218 62 8
459 10 43 21 959 20 109 57 1472 34 1139 44 762 2 93 103 1384 13 131 55 621 81 188
460 10 41 46 102 14 499 5 1345 29 558 161 754 92 814 4 899 60 1417 2 1123 1 1391
461 10 19 7 1183 20 751 72 1051 18 771 16 584 16 438 3 1378 19 1459 13 198 12 677
462 10 44 47 542 29 1407 40 1486 108 1326 26 99 30 645 20 567 107 1036 16 196 25 1181
463 10 52 54 690 29 768 31 740 63 315 47 203 105 1005 78 308 65 892 49 825 1 1377
464 10 33 20 1485 16 572 61 254 2 961 58 639 65 503 75 1043 28 851 5 165 3 320
465 10 37 38 79 89 108 47 1174 37 596 59 38 6 176 21 875 26 1202 18 1447 38 978
466 10 40 6 5 100 364 15 730 17 13 23 273 53 1438 21 227 63 1258 61 699 43 983
467 10 26 22 1236 26 1010 18 447 15 524 10 989 77 531 63 356 2 326 24 26 3 333
468 10 36 5 690 40 208 34 15 35 667 51 1255 75 821 24 1438 86 942 8 390 6 690
469 10 39 32 317 76 610 24 1390 66 204 43 705 7 238 71 338 42 697 26 86 7 577
470 10 46 65 1133 23 589 1 168 43 234 38 192 122 786 83 581 59 862 25 10 9 409
471 10 44 56 1352 79 1128 31 819 1 1060 10 202 3 1032 21 194 151 146 25 228 66 811
472 10 41 20 614 54 428 20 481 103 97 12 448 46 1338 80 142 18 1274 39 1311 18 999
473 10 40 39 760 16 50 30 517 14 620 7 1341 113 926 39 585 23 1410 42 293 78 952
474 10 36 2 466 18 1453 24 1194 20 1028 19 656 83 648 93 318 51 942 33 259 20 559
475 10 56 149 181 5 1500 80 1368 49 366 12 528 13 159 32 254 47 905 33 502 144 1162
476 10 60 78 372 17 63 180 367 137 1328 93 446 28 1219 5 1192 28 250 13 351 26 466
477 10 47 26 1084 24 423 14 1054 84 1159 32 1077 36 1063 58 1212 36 260 66 1043 99 355
478 10 52 40 409 56 273 47 1242 3 460 4 885 3 912 37 375 158 1335 95 240 81 1105
479 10 47 44 699 3 1499 161 1129 26 207 55 28 2 403 34 76 24 518 79 1334 43 1141
480 10 44 32 249 10 86 18 1042 41 1399 22 80 31 1329 87 166 140 99 58 15 10 860
481 10 19 21 1362 30 1275 43 818 7 1433 14 1430 5 362 28 1174 24 1405 22 1233 4 395
482 10 48 25 1029 92 1415 58 676 47 1268 113 1230 3 335 35 1293 54 1050 19 1201 36 964
483 10 37 105 219 4 349 58 7 3 222 23 762 8 912 15 762 25 574 22 209 111 34
484 10 41 14 198 83 816 41 1311 18 647 29 227 18 1408 15 344 130 959 59 710 6 595
485 10 33 89 1115 5 1066 21 1109 37 405 87 122 42 1190 1 263 2 1103 44 943 3 1034
486 10 38 93 1417 2 241 109 573 24 981 7 1247 26 1114 18 1185 34 844 2 273 73 383
487 10 40 15 640 25 1443 15 422 110 475 51 1351 59 1306 72 840 25 1341 3 1426 27 276
488 10 54 44 782 58 1076 82 809 30 458 10 912 79 1259 93 148 42 642 77 634 26 471
489 10 28 25 925 8 1238 23 1125 3 289 17 151 67 535 77 414 9 806 50 226 1 11
490 10 21 2 821 31 24 4 24 16 1344 43 565 55 837 23 1389 28 1261 7 852 6 1257
491 10 42 43 871 22 1094 122 1484 50 488 93 1128 8 529 41 1313 3 745 19 1326 28 1303
492 10 63 22 1279 85 1149 53 1147 207 504 28 10 34 247 8 995 14 1258 83 703 104 25
493 10 58 11 1213 75 532 124 1363 20 1295 50 22 31 603 63 1495 177 689 7 969 26 1265
494 10 37 36 215 111 251 23 410 15 968 50 339 11 50 36 857 60 885 5 806 32 99
495 10 43 10 704 106 1270 15 404 6 102 43 1234 124 398 33 1272 1 196 79 1050 20 915
496 10 34 19 552 19 1376 24 1473 71 415 36 484 7 1360 11 1330 16 677 24 299 122 272
497 10 34 93 203 43 1136 37 441 7 1320 2 1441 18 150 9 813 58 241 68 1407 9 43
498 10 41 82 1423 18 1038 35 560 1 797 22 854 12 979 117 1046 87 895 8 418 30 575
499 10 36 12 630 17 955 4 36 62 1120 22 1019 54 69 48 1249 10 835 4 442 129 1407
500 10 52 108 1320 85 557 50 1064 45 895 45 203 9 364 71 504 26 403 78 1401 12 954
