1 25 11501 0 0 0 0 0 1 1 0 0 1 1 0 1 1 0 0 1 0 1 0 1 0 0 1 1 0.0
2 25 12763 1 1 1 1 0 1 0 0 0 1 0 0 1 0 1 0 1 0 0 1 0 1 0 0 1 0.0
3 25 11120 0 0 1 0 0 1 1 0 0 0 0 0 0 1 1 1 1 0 1 1 1 0 0 1 0 0.0
4 25 10590 0 1 1 0 1 0 1 0 0 0 1 1 1 1 0 0 0 1 0 0 0 1 1 0 1 0.0
5 25 10507 1 1 0 1 0 0 0 1 0 0 1 1 1 0 0 0 1 0 1 0 0 0 1 1 0 0.0
6 25 10913 0 1 1 0 0 1 0 1 1 0 0 0 0 1 1 1 0 1 1 0 0 0 0 1 0 0.0
7 25 11149 1 0 1 0 0 1 1 0 1 1 0 0 0 1 0 0 1 0 1 0 0 1 1 0 0 0.0
8 25 12555 1 1 0 0 0 1 1 1 0 1 1 1 0 0 1 0 1 1 0 0 1 0 0 0 1 0.0
9 25 8712 0 0 0 1 0 1 0 1 1 0 0 1 0 1 0 1 1 0 0 0 1 0 1 1 1 0.0
10 25 10545 0 0 1 0 0 0 0 0 1 1 1 1 0 0 0 0 0 1 0 1 1 0 0 1 1 0.0
11 25 8291 1 0 1 0 0 1 0 1 1 0 1 0 0 0 1 0 0 1 0 1 1 0 0 0 0 0.0
12 25 8228 0 1 0 1 0 0 0 0 0 0 0 0 0 0 0 0 1 0 1 1 1 0 1 1 0 0.0
13 25 9470 0 0 0 0 1 1 1 0 1 1 1 0 1 1 0 0 0 0 0 1 0 0 1 1 0 0.0
14 25 6211 1 0 1 1 0 0 1 0 0 0 0 0 0 0 1 1 0 1 0 0 0 0 1 0 0 0.0
15 25 11386 0 0 1 0 1 1 1 0 0 1 0 0 1 0 1 0 1 1 1 0 1 0 0 0 1 0.0
16 25 12230 1 0 0 0 1 1 0 1 0 0 0 1 1 0 1 0 1 1 1 0 0 0 0 0 1 0.0
17 25 10898 1 1 1 0 1 1 0 0 1 1 0 0 1 0 0 0 0 1 1 1 0 1 1 0 0 0.0
18 25 10703 1 1 1 1 0 0 0 0 1 0 0 1 1 0 1 0 1 0 0 0 0 1 0 0 1 0.0
19 25 9309 1 0 0 1 1 0 0 0 0 0 0 0 1 1 1 1 1 0 0 0 0 1 0 0 1 0.0
20 25 8326 0 0 0 1 0 0 0 1 1 1 1 0 1 0 0 1 0 1 1 0 0 1 0 0 0 0.0
21 25 10214 0 1 0 0 1 1 0 1 0 0 0 0 0 1 1 0 1 1 0 1 1 0 0 1 0 0.0
22 25 11014 1 0 1 0 1 1 0 1 0 0 0 0 0 0 0 0 1 0 1 0 1 0 0 1 1 0.0
23 25 10629 1 1 1 1 0 1 0 1 1 0 0 0 1 0 0 1 0 0 0 0 1 0 0 1 0 0.0
24 25 12250 1 0 1 1 1 1 0 1 0 0 0 1 1 0 0 0 1 0 0 1 0 0 0 0 1 0.0
25 25 8277 1 0 1 0 0 0 1 1 1 0 0 0 1 0 0 0 1 0 0 0 0 1 0 0 0 0.0
26 25 10391 1 0 1 1 1 1 0 0 0 0 1 1 0 0 1 0 0 1 0 1 0 0 0 1 0 0.0
27 25 10463 0 1 1 1 0 0 1 0 0 1 0 1 0 0 0 1 1 0 0 1 1 0 0 0 0 0.0
28 25 11526 1 1 0 0 0 1 0 1 0 0 1 1 1 1 1 0 0 1 1 1 0 0 0 1 0 0.0
29 25 10622 0 0 1 0 0 0 1 0 1 1 1 1 0 1 0 1 0 1 1 1 0 1 0 0 0 0.0
30 25 10259 1 0 1 0 1 0 0 0 1 1 0 0 0 0 0 0 1 0 0 1 1 0 1 1 0 0.0
31 25 8839 0 0 0 0 0 0 0 1 0 1 1 0 1 1 1 1 1 1 0 0 0 0 0 1 0 0.0
32 25 11738 0 0 1 1 0 0 1 1 0 1 0 0 1 0 0 0 1 1 1 1 0 1 0 0 1 0.0
33 25 9561 1 0 1 0 0 1 1 0 1 0 0 1 1 0 0 0 1 1 0 0 0 1 1 0 0 0.0
34 25 8852 0 1 0 1 0 1 1 1 0 0 0 1 0 1 1 1 1 0 1 0 1 0 0 0 0 0.0
35 25 11826 0 1 0 1 0 1 0 0 1 0 1 0 1 1 1 0 1 0 0 1 1 0 1 0 1 0.0
36 25 9701 1 1 0 0 0 0 0 0 0 0 0 1 1 1 1 1 0 0 0 1 0 1 0 1 1 0.0
37 25 10171 1 0 1 0 1 0 1 1 1 1 0 1 0 1 1 0 0 0 0 1 1 0 1 0 1 0.0
38 25 10682 0 0 0 0 0 1 1 0 0 0 0 1 1 0 1 1 1 0 0 0 1 0 1 1 1 0.0
39 25 13567 0 0 0 1 0 1 1 0 0 1 1 1 1 1 0 1 0 0 1 0 1 1 0 1 1 0.0
40 25 11752 1 0 0 1 0 1 0 0 1 0 1 1 0 1 0 0 1 0 1 0 1 1 0 1 1 0.0
41 25 9677 0 1 1 0 0 0 0 0 0 0 0 0 0 1 0 1 1 1 1 1 0 1 1 0 0 0.0
42 25 6521 1 0 1 0 1 0 0 1 0 0 0 0 1 1 0 0 1 1 0 0 1 1 0 0 0 0.0
43 25 9606 1 0 0 1 0 1 0 0 1 1 0 0 0 1 1 1 1 1 0 0 0 1 1 1 1 0.0
44 25 13716 0 1 1 0 1 0 1 1 1 1 1 0 0 0 0 1 1 0 1 0 1 0 1 0 1 0.0
45 25 12567 1 1 1 1 1 0 0 0 0 1 0 1 1 1 1 0 0 1 0 0 0 0 0 0 1 0.0
46 25 13353 0 1 0 0 1 0 0 1 1 0 0 1 0 1 0 1 0 1 0 0 1 1 1 1 0 0.0
47 25 9765 1 0 1 1 1 0 1 0 0 0 0 0 1 0 1 1 0 0 1 0 0 1 0 1 1 0.0
48 25 12885 1 1 0 1 0 0 0 1 1 1 0 1 0 1 0 0 1 0 0 1 1 1 0 1 0 0.0
49 25 7448 0 0 1 1 0 1 1 0 0 0 0 1 0 1 0 0 0 0 0 0 0 0 1 1 0 0.0
50 25 12427 0 1 0 1 0 1 1 1 1 0 0 0 1 1 1 0 1 1 0 1 0 0 0 1 1 0.0
51 25 10537 1 1 0 0 0 0 1 1 1 0 0 1 1 0 1 0 0 1 0 1 1 0 0 0 1 0.0
52 25 12841 1 0 0 0 0 1 1 0 0 0 1 0 0 1 1 0 1 1 1 1 1 1 1 0 1 0.0
53 25 8022 0 1 0 0 0 1 0 1 1 1 0 1 1 0 1 0 0 0 0 0 0 1 1 0 0 0.0
54 25 10902 1 1 1 0 1 0 1 1 0 1 0 0 1 0 1 1 0 0 0 0 0 0 1 1 0 0.0
55 25 9953 1 1 0 0 0 0 0 0 0 0 1 0 1 1 1 1 0 0 0 1 0 1 1 0 0 0.0
56 25 9316 1 1 1 1 1 0 0 0 0 0 0 0 1 0 0 1 1 0 0 1 0 1 0 1 0 0.0
57 25 10372 1 0 0 1 1 1 1 0 0 0 0 0 1 1 0 0 0 1 0 1 0 1 1 0 0 0.0
58 25 8900 0 0 1 0 0 0 1 0 0 1 1 0 1 0 0 0 1 1 1 0 0 1 0 0 0 0.0
59 25 11420 0 0 0 1 0 1 1 1 0 0 0 1 1 1 0 1 1 1 0 0 0 0 1 0 0 0.0
60 25 11704 1 1 0 0 1 1 0 0 0 1 0 1 0 1 1 0 1 1 0 0 1 1 0 0 0 0.0
61 25 10535 0 0 1 1 1 0 0 0 0 0 0 1 1 0 1 1 0 1 1 0 0 0 1 1 0 0.0
62 25 11083 0 0 0 1 0 1 0 1 1 1 1 1 0 0 1 0 0 0 0 1 1 0 0 0 0 0.0
63 25 9870 1 0 0 0 1 1 1 1 0 1 0 0 1 0 1 0 0 1 0 0 0 0 0 0 0 0.0
64 25 11217 1 1 0 0 1 0 1 1 0 0 1 1 1 1 0 0 1 1 0 0 1 0 0 1 0 0.0
65 25 8651 1 0 1 1 0 1 1 1 0 0 1 0 0 0 1 1 0 0 0 0 0 0 1 0 0 0.0
66 25 11841 0 0 1 1 0 1 0 0 0 1 1 1 1 0 1 1 1 0 0 1 0 0 1 0 1 0.0
67 25 10858 0 0 1 0 1 1 0 0 0 1 1 1 0 0 0 0 1 1 1 1 0 1 1 0 1 0.0
68 25 12725 0 1 0 1 0 1 1 1 0 1 1 0 0 0 0 1 1 1 1 1 1 0 1 0 1 0.0
69 25 12090 1 0 1 1 1 0 0 1 0 1 0 1 0 1 1 0 0 0 1 0 1 1 0 0 0 0.0
70 25 11185 1 0 0 1 0 0 0 0 0 0 1 1 1 0 0 1 0 0 1 1 1 1 1 0 1 0.0
71 25 13499 0 1 1 1 1 1 1 0 0 0 1 1 1 0 0 0 0 0 1 1 1 1 1 0 1 0.0
72 25 8421 0 1 0 1 1 0 1 1 0 1 0 0 0 1 0 0 0 0 1 0 1 0 0 1 0 0.0
73 25 12221 1 0 1 0 1 0 0 0 1 0 1 0 1 1 1 0 1 0 0 1 1 0 1 0 0 0.0
74 25 12492 0 1 0 0 0 1 1 1 1 1 0 0 0 0 1 0 1 0 0 0 1 0 1 0 1 0.0
75 25 10256 1 1 0 0 0 0 1 1 1 0 0 1 1 1 1 0 0 0 0 1 0 0 1 0 0 0.0
76 25 8081 0 0 1 0 0 0 0 0 0 0 1 0 0 1 1 1 1 0 0 0 0 1 0 1 0 0.0
77 25 10648 0 0 1 1 1 0 1 0 1 0 0 0 1 0 0 1 1 1 1 0 0 0 1 0 0 0.0
78 25 7404 0 0 1 0 0 0 0 0 1 1 0 1 1 1 0 0 0 0 0 0 0 0 1 1 0 0.0
79 25 8819 0 0 1 0 1 0 0 1 1 0 0 1 1 1 1 0 0 0 0 0 0 1 0 0 0 0.0
80 25 9852 1 0 1 1 0 0 0 0 1 0 0 0 1 0 0 1 1 0 1 1 0 1 0 0 1 0.0
81 25 11972 0 1 0 1 1 0 1 0 0 0 0 0 1 1 0 0 0 1 0 1 1 0 1 0 1 0.0
82 25 9731 0 0 1 1 0 0 0 0 0 0 0 0 1 0 0 0 1 1 0 0 0 1 0 1 1 0.0
83 25 12969 0 1 0 1 1 1 1 0 0 0 1 1 0 0 0 1 0 1 1 0 1 0 1 1 0 0.0
84 25 11048 0 0 0 0 0 1 0 0 0 1 0 0 0 1 0 0 1 1 0 1 1 1 1 1 1 0.0
85 25 11915 0 1 0 1 0 1 0 0 0 0 1 1 1 0 1 1 0 0 0 1 1 1 1 0 1 0.0
86 25 13796 1 0 0 0 1 1 0 0 0 1 0 0 1 1 1 1 0 0 1 1 0 0 0 0 1 0.0
87 25 11427 1 1 1 0 0 1 0 0 1 0 0 1 0 1 1 0 0 1 1 1 1 0 0 0 0 0.0
88 25 11255 1 0 0 1 1 0 0 1 1 0 0 1 0 0 0 1 1 1 0 0 0 1 0 1 0 0.0
89 25 7915 0 1 0 0 0 0 0 0 0 0 0 1 1 0 0 1 1 0 1 0 1 1 1 1 0 0.0
90 25 10185 1 1 0 1 0 0 1 1 0 0 0 0 0 0 1 1 0 1 0 1 0 1 0 1 0 0.0
91 25 9391 0 1 0 0 1 0 1 0 1 0 1 1 0 0 0 0 0 1 0 0 0 0 1 0 0 0.0
92 25 11687 1 0 0 0 1 1 1 0 1 1 0 0 0 0 1 0 1 1 1 1 0 0 0 1 0 0.0
93 25 14345 1 1 1 1 0 0 1 0 0 0 1 0 0 1 1 0 0 1 1 0 1 0 0 1 0 0.0
94 25 9926 0 1 0 0 1 0 0 1 1 0 1 0 1 0 0 1 0 0 0 0 0 1 1 1 0 0.0
95 25 13086 1 0 0 1 0 0 1 0 1 1 1 0 1 1 1 1 0 1 0 1 1 0 1 0 1 0.0
96 25 12870 1 1 0 1 1 1 1 0 0 0 0 0 1 0 0 1 0 0 0 1 1 1 0 0 0 0.0
97 25 9793 1 0 0 0 1 0 0 1 0 0 1 1 1 0 0 1 0 1 0 0 0 1 0 1 1 0.0
98 25 11050 0 0 1 0 1 0 1 1 1 0 1 1 0 1 0 1 1 0 0 0 1 0 0 0 0 0.0
99 25 14269 1 0 1 1 1 1 1 1 1 0 0 1 0 0 0 1 1 0 0 1 0 0 0 1 0 0.0
100 25 9736 0 0 0 0 0 1 1 0 0 0 1 0 1 1 1 0 0 0 1 1 1 0 1 0 0 0.0
101 25 9865 1 1 0 1 1 0 0 1 0 1 1 0 0 0 1 1 0 1 1 0 0 0 0 1 0 0.0
102 25 9959 1 1 1 1 0 0 1 0 1 0 0 1 1 0 0 0 1 0 0 0 0 0 1 1 0 0.0
103 25 12822 0 0 0 1 0 0 1 1 0 1 1 1 0 1 1 1 1 1 0 1 0 0 0 1 0 0.0
104 25 9063 0 1 0 1 0 1 0 1 1 0 0 1 0 0 1 0 0 0 0 1 1 0 0 0 1 0.0
105 25 9472 0 0 0 0 0 1 0 0 0 1 0 1 0 1 1 0 0 0 1 0 0 0 1 1 1 0.0
106 25 10438 1 1 1 1 1 0 0 0 0 1 1 0 1 0 0 0 0 0 0 1 0 0 0 1 0 0.0
107 25 9448 0 0 0 1 0 1 0 0 0 0 1 1 0 1 1 0 1 0 1 0 0 1 1 0 1 0.0
108 25 13545 1 0 1 0 1 0 1 0 1 1 0 1 0 1 0 0 0 1 1 0 1 1 1 1 0 0.0
109 25 9608 0 0 0 1 1 1 0 1 1 0 0 0 0 1 0 0 1 0 1 0 0 0 1 1 0 0.0
110 25 11242 1 0 1 0 1 1 0 0 1 0 1 1 1 0 0 0 1 0 0 1 0 1 0 1 0 0.0
111 25 11571 0 0 1 0 1 0 1 0 0 0 1 0 0 0 1 0 1 0 0 1 1 1 0 0 1 0.0
112 25 13512 0 1 1 1 1 1 0 1 0 0 0 1 0 0 0 1 1 1 0 0 1 1 0 0 0 0.0
113 25 8966 1 1 1 0 0 0 0 1 1 1 0 1 0 0 0 0 0 0 0 0 1 0 1 1 0 0.0
114 25 9408 1 0 1 0 0 0 1 0 0 0 1 1 0 0 0 1 0 1 1 0 0 1 1 1 1 0.0
115 25 9994 0 1 1 0 1 1 0 0 1 0 1 0 0 1 0 1 0 1 0 1 0 0 0 1 0 0.0
116 25 9133 1 0 0 1 0 0 1 0 1 0 0 0 0 0 1 0 0 0 1 1 1 0 1 1 0 0.0
117 25 10830 1 0 0 0 0 1 1 1 0 1 1 1 0 0 1 1 1 1 0 0 1 0 0 1 0 0.0
118 25 10065 1 0 0 1 0 1 0 0 0 1 1 1 0 1 1 0 1 0 1 1 1 0 0 0 0 0.0
119 25 10758 0 0 0 0 1 1 1 0 0 1 0 0 1 1 0 1 1 0 1 0 1 1 0 0 0 0.0
120 25 12908 1 1 0 0 1 1 0 1 1 1 1 1 0 0 1 0 0 0 0 1 0 0 0 0 1 0.0
121 25 11861 1 0 1 0 0 0 1 0 0 1 1 0 1 0 0 1 0 1 1 0 1 1 1 1 1 0.0
122 25 12546 0 1 1 0 0 1 1 0 1 0 0 1 1 1 0 0 1 0 0 0 0 0 1 1 1 0.0
123 25 8322 1 1 0 0 0 1 0 0 0 0 0 0 1 1 0 0 0 0 1 1 0 1 0 0 0 0.0
124 25 12944 1 0 1 0 1 0 0 0 1 0 0 1 1 0 0 1 0 1 1 1 1 0 0 0 0 0.0
125 25 12286 1 0 1 0 0 0 1 1 1 0 0 1 0 0 0 1 0 1 0 1 0 1 1 0 1 0.0
126 25 10153 0 0 0 0 0 0 1 1 1 0 0 0 0 1 1 0 1 1 1 0 1 0 1 0 0 0.0
127 25 11617 0 0 0 0 0 0 1 1 0 0 1 1 0 0 1 1 1 0 1 1 1 0 1 0 0 0.0
128 25 13569 0 1 0 1 1 1 1 0 1 0 1 0 0 1 0 0 1 1 0 0 1 1 0 1 0 0.0
129 25 11038 0 1 1 1 0 1 1 0 0 0 1 0 0 0 1 0 0 1 0 0 0 1 0 1 0 0.0
130 25 10045 1 0 0 1 0 1 1 0 0 0 1 1 1 0 0 0 1 0 0 1 0 1 0 0 0 0.0
131 25 10453 0 0 0 0 0 1 0 0 0 1 1 1 1 1 0 1 0 0 1 0 0 0 1 1 0 0.0
132 25 11174 0 1 0 1 0 0 1 1 0 1 0 1 1 1 0 0 0 1 0 1 0 1 0 0 0 0.0
133 25 12742 1 0 0 0 0 0 0 0 1 0 0 1 1 1 0 1 1 0 1 1 1 1 1 0 1 0.0
134 25 9921 1 1 0 1 1 1 0 1 0 0 0 0 0 1 0 0 0 1 1 0 0 1 0 1 0 0.0
135 25 11428 0 1 1 1 1 1 0 0 0 0 0 1 1 0 0 0 0 0 0 0 0 1 1 1 0 0.0
136 25 8892 0 0 0 0 1 0 1 0 0 1 0 1 0 0 1 0 0 1 0 1 1 0 1 1 1 0.0
137 25 10185 1 1 1 1 0 1 1 0 0 0 0 1 1 1 1 1 1 0 0 0 1 0 0 0 0 0.0
138 25 10396 1 1 0 0 1 0 1 1 1 1 0 1 0 1 0 0 0 0 1 0 1 0 1 0 0 0.0
139 25 12007 0 1 0 0 1 0 1 0 0 0 1 0 1 1 0 0 0 1 0 0 1 1 1 0 1 0.0
140 25 10197 1 0 1 1 1 1 0 0 0 0 0 1 1 0 0 1 0 0 0 0 0 0 1 1 0 0.0
141 25 9616 1 1 0 0 1 1 0 0 1 0 1 0 0 1 0 0 1 0 1 0 0 0 1 0 0 0.0
142 25 8204 0 0 1 0 1 1 0 0 0 1 1 0 0 0 1 1 0 1 1 1 0 0 1 0 1 0.0
143 25 10545 0 0 0 0 1 0 1 1 0 1 0 1 0 1 0 0 1 1 0 1 1 1 0 0 1 0.0
144 25 10003 1 1 0 1 1 1 1 1 0 0 0 1 0 1 0 0 0 1 0 0 1 0 0 0 0 0.0
145 25 13917 1 1 1 1 0 0 1 0 1 0 1 1 0 1 1 0 1 1 1 0 0 0 0 1 0 0.0
146 25 10864 1 0 1 1 1 1 1 0 1 0 1 0 0 0 0 0 1 1 0 0 0 0 1 1 1 0.0
147 25 10767 0 0 0 1 1 1 0 1 1 0 0 0 0 1 1 1 0 1 1 0 0 0 1 1 1 0.0
148 25 12131 1 0 0 0 1 0 0 1 1 0 0 1 0 0 0 0 1 1 1 1 1 0 1 1 0 0.0
149 25 11215 1 0 0 0 0 1 1 0 1 1 1 0 0 1 1 0 0 0 1 1 0 0 0 0 0 0.0
150 25 11461 1 0 0 1 0 0 0 0 1 0 1 0 1 1 1 0 0 0 0 0 1 1 0 1 1 0.0
151 25 13476 0 1 0 0 1 1 1 0 1 1 1 1 0 0 0 0 1 0 1 0 0 0 0 0 1 0.0
152 25 10693 0 0 1 1 0 0 1 0 0 0 1 0 1 0 1 1 1 0 0 1 1 0 1 1 0 0.0
153 25 8190 0 0 0 1 1 0 0 1 1 1 1 1 0 0 0 0 0 1 0 0 1 1 1 0 0 0.0
154 25 12284 1 0 1 0 1 1 1 0 1 1 0 1 0 1 1 0 0 1 1 0 1 0 1 0 0 0.0
155 25 9657 1 1 0 1 1 1 0 0 1 0 0 1 0 0 0 0 1 0 0 0 0 0 1 0 1 0.0
156 25 9763 0 0 0 0 0 0 1 1 0 0 1 1 0 1 1 0 1 0 0 0 1 0 0 0 1 0.0
157 25 10277 1 1 0 0 0 0 1 1 1 0 0 0 1 0 1 0 0 1 1 0 1 0 0 0 0 0.0
158 25 11048 0 0 0 1 0 0 0 1 0 1 0 1 1 1 0 1 1 0 0 0 1 1 1 1 0 0.0
159 25 10994 0 1 0 0 0 0 0 0 1 1 1 0 0 0 1 1 0 0 1 1 1 0 0 1 1 0.0
160 25 8546 1 1 0 0 0 1 0 0 0 0 1 1 1 1 0 0 1 0 0 1 0 1 0 0 0 0.0
161 25 11685 1 0 1 0 1 1 0 1 0 0 1 0 0 1 0 1 0 1 0 1 0 0 0 1 0 0.0
162 25 10177 0 1 1 1 1 1 0 0 1 0 0 0 0 1 0 1 0 0 1 1 1 0 1 0 0 0.0
163 25 11829 1 1 1 0 1 1 0 1 0 0 1 0 1 1 0 0 0 1 0 0 0 0 0 0 1 0.0
164 25 9095 0 0 1 0 0 1 0 0 0 0 0 0 0 0 0 0 1 1 1 1 1 0 1 1 0 0.0
165 25 9080 0 0 0 1 1 0 1 0 0 0 0 0 1 1 0 1 1 0 1 1 1 0 0 0 0 0.0
166 25 9396 0 1 0 0 0 0 1 1 0 1 0 1 0 0 1 0 1 0 0 1 0 0 0 0 1 0.0
167 25 9857 1 0 1 1 0 0 0 1 1 0 1 1 1 0 0 1 0 1 0 0 0 0 0 1 0 0.0
168 25 10530 1 0 1 0 1 0 0 0 0 0 1 0 0 1 0 1 0 1 0 1 1 0 0 1 0 0.0
169 25 11748 0 1 0 0 1 1 0 1 1 1 1 0 1 0 1 1 0 0 0 1 0 1 0 0 1 0.0
170 25 12601 0 0 1 0 0 0 1 1 1 0 1 0 1 1 0 1 1 0 0 1 0 0 1 1 0 0.0
171 25 9395 0 1 1 1 0 0 0 0 1 1 1 0 0 0 0 1 1 1 0 0 0 0 0 0 1 0.0
172 25 10858 1 0 1 0 0 1 1 0 0 1 0 0 1 1 0 0 1 1 0 1 0 0 0 0 0 0.0
173 25 9863 0 0 0 0 0 0 0 0 1 0 1 1 0 1 0 1 1 1 0 1 1 1 0 0 1 0.0
174 25 11801 1 1 1 1 0 1 0 0 1 0 0 0 0 0 0 1 1 0 1 0 0 0 1 1 1 0.0
175 25 11323 1 1 0 0 0 0 1 0 1 0 0 0 0 1 1 1 1 0 1 1 1 0 1 0 0 0.0
176 25 11561 1 0 0 0 1 1 0 1 1 1 0 1 0 1 1 0 1 0 0 1 0 0 1 0 0 0.0
177 25 11403 1 0 0 0 0 1 1 0 1 1 1 1 1 0 1 1 1 1 0 0 0 0 0 1 0 0.0
178 25 10490 0 0 1 0 0 0 1 0 0 1 0 0 0 1 0 0 1 1 0 1 0 0 1 1 1 0.0
179 25 8912 0 1 1 0 0 1 1 0 0 0 1 0 0 0 1 0 0 0 0 0 1 0 0 1 1 0.0
180 25 11349 1 0 1 0 0 1 0 1 1 1 0 0 0 0 1 0 0 0 1 1 0 0 0 1 0 0.0
181 25 11800 0 0 1 1 0 0 1 0 1 1 0 0 0 1 1 1 1 0 1 1 1 0 0 0 0 0.0
182 25 10195 0 1 1 1 0 1 0 1 1 1 1 0 0 0 1 0 1 0 0 1 0 0 0 0 1 0.0
183 25 10758 0 0 0 1 1 1 0 1 0 0 1 1 0 0 1 1 0 0 0 1 1 0 1 1 0 0.0
184 25 13135 0 0 0 1 0 0 1 0 1 0 0 1 0 1 0 0 1 1 1 1 0 0 1 1 1 0.0
185 25 12104 0 1 0 1 1 1 1 0 0 0 1 0 0 0 0 1 0 1 0 0 0 0 1 1 0 0.0
186 25 14087 0 0 0 0 1 1 0 0 0 1 1 1 1 0 1 0 0 1 1 0 1 1 0 1 1 0.0
187 25 9859 1 1 0 0 1 0 0 0 1 1 0 1 1 0 0 0 0 0 0 1 1 0 1 0 0 0.0
188 25 7537 0 0 1 1 1 0 0 0 0 1 1 1 1 0 1 0 0 1 0 0 1 0 0 0 0 0.0
189 25 9057 1 1 0 0 1 0 0 1 0 1 0 0 0 1 0 1 0 1 1 0 1 0 0 0 0 0.0
190 25 9202 0 1 1 1 1 1 0 0 0 0 0 0 1 1 1 0 1 1 0 1 0 0 0 0 0 0.0
191 25 11779 0 0 0 0 1 0 1 0 1 0 0 1 1 0 0 1 0 0 0 1 1 1 1 1 0 0.0
192 25 9283 0 0 1 0 1 0 0 1 1 0 1 0 0 1 1 0 1 0 0 0 0 0 1 1 0 0.0
193 25 8623 1 1 1 0 1 0 1 1 0 0 0 0 0 0 0 1 1 1 1 0 0 0 0 1 0 0.0
194 25 12069 0 0 0 1 0 0 0 0 0 1 1 0 1 0 0 0 1 0 1 1 0 1 1 1 1 0.0
195 25 9539 1 1 0 1 0 0 1 0 1 1 0 1 0 1 0 0 1 1 1 0 0 0 0 0 0 0.0
196 25 11998 1 0 1 0 0 0 1 0 0 1 1 0 0 1 1 1 0 1 0 0 1 0 1 1 1 0.0
197 25 10092 0 1 0 1 1 1 1 0 1 0 0 1 1 0 1 0 0 0 0 1 0 0 0 0 0 0.0
198 25 11615 1 1 1 1 0 0 0 1 0 1 0 1 1 0 0 1 1 1 1 0 0 1 0 0 0 0.0
199 25 14235 1 1 1 1 1 1 0 1 0 0 0 1 1 0 0 0 1 0 0 1 0 1 0 0 1 0.0
200 25 11230 0 0 1 0 0 1 0 1 0 0 0 0 0 0 1 1 0 1 1 1 0 0 1 1 1 0.0
201 25 11033 0 0 0 1 0 1 1 1 1 0 0 0 0 1 1 0 1 1 1 0 0 1 0 1 0 0.0
202 25 10512 1 0 0 1 1 0 0 0 0 0 0 0 1 0 0 0 1 0 1 1 0 1 1 1 1 0.0
203 25 9753 0 1 0 0 0 0 1 1 0 1 0 0 0 0 1 0 0 1 1 1 1 1 1 0 1 0.0
204 25 8847 1 0 0 0 0 0 0 1 1 0 1 1 1 0 0 1 0 0 1 1 0 1 1 0 0 0.0
205 25 9489 1 1 1 1 1 0 1 0 0 0 0 0 1 1 0 0 0 1 1 0 0 0 1 0 0 0.0
206 25 11581 1 1 1 0 1 0 0 0 0 0 1 0 1 0 1 0 0 0 1 1 1 1 1 0 1 0.0
207 25 12543 1 1 1 0 0 1 0 0 0 1 0 0 0 0 1 0 0 1 0 1 1 0 1 1 1 0.0
208 25 11863 1 0 0 0 1 0 1 1 1 0 0 1 0 1 1 1 1 0 1 1 1 0 1 0 0 0.0
209 25 9930 0 1 1 0 0 0 1 0 1 1 0 0 1 1 0 1 0 0 1 0 1 0 0 0 1 0.0
210 25 13599 0 0 0 1 1 1 1 0 0 1 0 1 1 0 1 0 1 1 1 0 1 0 1 0 1 0.0
211 25 9890 0 1 1 0 1 0 0 1 1 1 0 0 1 0 0 0 0 0 1 0 0 0 1 0 0 0.0
212 25 10092 1 1 0 1 1 0 0 0 1 0 1 0 0 0 0 1 0 0 1 0 1 1 0 0 1 0.0
213 25 11027 0 1 1 0 0 0 1 0 0 1 1 1 0 1 1 0 1 1 0 0 0 0 0 0 0 0.0
214 25 12083 0 1 0 0 1 0 0 0 1 0 0 0 1 0 1 0 1 1 0 0 1 0 1 1 0 0.0
215 25 8839 0 1 1 1 1 0 1 0 0 0 0 1 1 1 0 0 0 0 0 0 0 0 1 1 0 0.0
216 25 12284 0 1 1 0 0 1 1 1 1 0 0 0 1 0 1 1 1 0 0 0 1 1 1 0 0 0.0
217 25 10432 0 1 1 0 0 1 1 1 0 0 1 0 0 0 1 0 0 0 1 0 1 1 1 0 1 0.0
218 25 11495 0 1 0 0 1 1 0 0 0 0 1 1 1 0 1 1 1 0 0 0 1 0 1 0 0 0.0
219 25 10368 0 1 0 0 0 1 1 1 1 1 1 0 1 0 0 1 1 1 0 0 0 0 1 0 1 0.0
220 25 9407 1 0 1 1 1 0 1 0 1 0 1 0 1 0 0 0 1 0 1 0 0 1 0 0 0 0.0
221 25 9392 1 0 1 0 0 0 0 0 1 1 1 1 1 0 0 0 0 0 1 0 0 1 0 0 0 0.0
222 25 10511 1 1 0 0 0 1 0 1 1 1 0 0 1 1 0 0 0 0 1 0 0 0 1 0 0 0.0
223 25 10811 0 0 0 0 1 0 1 0 1 0 1 0 1 0 0 1 1 0 0 1 0 0 1 0 0 0.0
224 25 9566 1 0 0 0 1 1 1 0 1 1 0 0 0 1 1 0 0 0 1 1 0 0 1 0 0 0.0
225 25 9152 1 1 1 0 1 0 0 0 0 0 0 0 0 1 1 0 1 1 0 1 1 1 0 0 0 0.0
226 25 10489 0 0 1 0 1 0 0 0 1 0 1 1 1 1 0 0 1 0 0 0 0 0 0 1 1 0.0
227 25 10663 1 0 0 1 1 1 0 0 1 0 0 1 1 0 0 0 0 0 1 1 0 0 0 1 0 0.0
228 25 13789 1 1 1 0 0 1 0 1 0 1 0 1 0 0 1 1 0 0 1 1 0 1 0 0 0 0.0
229 25 9840 1 0 0 1 1 0 0 0 1 0 1 1 0 1 0 0 0 0 0 0 0 0 0 1 1 0.0
230 25 10275 1 1 0 0 0 1 0 1 0 1 0 1 1 0 0 1 0 1 0 0 0 0 1 1 0 0.0
231 25 9490 0 0 0 0 1 0 0 1 1 1 0 0 1 0 0 1 0 1 1 1 1 1 0 0 0 0.0
232 25 10502 0 0 0 0 0 1 1 1 0 0 0 1 0 1 0 0 1 0 0 1 1 1 1 0 0 0.0
233 25 11668 1 0 0 0 1 1 1 1 0 1 1 0 1 1 0 0 0 0 0 0 0 0 1 1 1 0.0
234 25 9961 0 1 0 0 0 0 0 1 1 1 1 0 1 1 0 0 0 0 1 1 0 1 0 1 0 0.0
235 25 9911 1 0 0 0 1 1 0 0 0 0 0 1 1 0 1 0 1 0 0 1 1 0 1 1 0 0.0
236 25 10842 1 1 1 0 0 0 0 0 1 1 0 0 0 1 0 0 1 1 1 0 0 1 1 1 0 0.0
237 25 13283 0 1 1 1 0 0 0 0 0 1 0 1 1 1 1 1 1 1 1 0 0 1 0 0 0 0.0
238 25 12614 0 1 0 1 0 0 0 1 1 0 1 1 0 0 1 1 0 1 1 0 1 0 1 0 1 0.0
239 25 8611 0 0 0 0 0 0 0 0 1 1 0 1 0 1 0 0 0 1 0 0 0 1 1 1 1 0.0
240 25 11879 0 0 1 0 0 1 0 1 1 1 0 1 1 1 0 0 1 1 1 1 0 0 1 0 0 0.0
241 25 11349 1 0 1 0 1 0 1 0 0 0 1 0 0 0 0 1 1 0 0 0 0 1 1 1 0 0.0
242 25 11458 0 0 1 1 0 1 0 1 1 0 0 0 1 0 0 1 0 0 1 1 1 0 0 0 0 0.0
243 25 13574 1 1 0 1 0 1 1 1 1 0 0 1 1 0 1 0 0 0 1 1 0 1 0 0 0 0.0
244 25 12410 0 0 1 0 0 1 0 0 1 0 0 1 0 0 0 1 0 0 0 1 0 1 1 1 1 0.0
245 25 9628 1 1 0 0 1 0 0 0 1 1 0 0 1 0 0 0 0 1 1 1 0 1 0 1 1 0.0
246 25 11362 1 1 1 0 0 1 1 0 0 0 1 1 0 0 0 1 1 1 1 0 1 1 0 0 1 0.0
247 25 14195 1 0 0 0 0 1 1 1 0 0 0 1 1 0 1 1 1 0 0 1 1 0 1 1 0 0.0
248 25 9417 0 0 0 1 0 1 0 1 0 0 1 1 1 0 0 1 0 0 1 1 0 1 0 1 0 0.0
249 25 9542 1 0 0 0 0 1 0 0 1 1 1 0 1 0 1 1 1 0 0 1 0 0 1 1 0 0.0
250 25 11038 0 0 1 0 1 0 1 0 0 1 1 0 0 1 1 1 0 1 0 0 1 1 0 0 0 0.0
251 25 10540 0 1 1 1 0 1 0 1 1 0 1 0 1 1 0 0 0 0 0 0 1 0 0 1 0 0.0
252 25 12212 0 0 1 1 0 1 0 1 1 1 0 0 1 1 0 0 0 1 0 0 0 0 0 1 1 0.0
253 25 8385 0 0 1 0 1 1 1 0 0 1 0 1 1 1 0 1 0 0 0 1 1 1 0 0 0 0.0
254 25 8771 0 0 0 1 0 0 1 0 0 0 0 1 1 0 0 1 1 0 0 1 1 1 0 1 1 0.0
255 25 12416 0 1 0 0 0 0 1 1 0 1 0 1 0 0 0 1 1 1 1 0 0 0 1 0 1 0.0
256 25 10151 1 1 1 1 0 0 1 1 0 1 1 0 1 1 1 1 0 0 0 0 0 1 0 0 0 0.0
257 25 7871 0 1 1 0 0 0 1 1 0 0 0 1 0 1 0 0 0 1 1 0 0 1 1 0 1 0.0
258 25 12362 1 0 1 0 0 0 1 0 1 0 1 1 0 0 1 1 0 0 0 0 1 1 1 1 1 0.0
259 25 9999 0 0 0 0 0 1 0 1 1 1 0 1 1 1 0 1 0 1 1 0 0 1 1 0 0 0.0
260 25 11178 1 0 0 1 1 0 0 1 0 1 1 1 1 0 0 1 0 0 0 1 0 1 0 1 0 0.0
261 25 11132 1 1 1 1 0 0 1 1 0 1 1 0 0 1 0 0 0 0 1 0 0 0 0 0 1 0.0
262 25 10993 0 1 1 0 0 1 0 1 0 0 1 1 1 0 1 1 0 1 0 0 1 0 0 1 0 0.0
263 25 9587 0 1 1 0 0 0 1 1 0 0 0 1 0 0 1 0 1 1 1 0 1 0 1 1 1 0.0
264 25 13792 1 0 0 0 0 1 0 1 0 1 1 1 0 0 1 0 1 1 0 1 0 1 0 1 0 0.0
265 25 9656 1 0 1 1 0 1 1 1 0 0 1 0 0 1 0 1 0 1 0 0 1 0 1 1 0 0.0
266 25 11314 0 0 1 0 1 0 1 0 1 0 0 1 0 1 0 0 1 0 1 0 0 1 1 0 1 0.0
267 25 9575 1 1 1 1 0 1 0 1 0 0 1 0 0 0 0 1 0 1 0 0 1 1 1 0 0 0.0
268 25 13555 1 0 1 0 1 1 1 0 1 1 0 1 1 0 0 1 1 0 1 1 0 1 0 0 0 0.0
269 25 10865 0 0 1 0 1 1 0 0 0 0 0 1 1 1 0 1 1 0 0 0 0 1 0 1 1 0.0
270 25 9432 1 0 0 0 1 0 1 1 1 0 1 0 0 1 0 0 0 1 1 0 0 1 0 0 0 0.0
271 25 9867 1 0 1 1 0 1 0 0 0 0 1 1 0 0 0 1 1 0 0 1 1 1 0 0 0 0.0
272 25 8958 0 0 1 0 1 1 1 1 0 0 0 0 0 1 0 0 1 1 0 1 0 0 1 0 0 0.0
273 25 9264 0 0 0 0 1 1 0 0 1 1 1 1 1 1 1 0 0 0 0 0 0 0 0 0 0 0.0
274 25 11474 0 1 1 1 1 0 0 1 0 0 1 1 0 1 0 0 0 0 1 0 1 0 1 0 0 0.0
275 25 10934 1 0 0 0 1 1 1 0 0 1 1 0 0 0 0 0 0 1 1 0 1 1 1 0 0 0.0
276 25 11563 0 0 1 1 0 0 1 0 0 0 1 0 0 0 0 1 0 1 1 0 1 0 0 1 1 0.0
277 25 11292 0 1 1 1 0 0 0 1 1 1 1 0 1 1 0 0 0 1 1 1 0 1 1 0 0 0.0
278 25 11758 0 0 0 0 0 1 0 1 1 1 1 0 0 0 0 1 0 0 0 0 1 0 1 0 1 0.0
279 25 12013 1 1 1 0 1 0 0 1 1 0 0 1 1 0 0 0 1 0 0 0 1 1 0 0 1 0.0
280 25 10038 0 1 0 0 1 0 1 1 0 0 0 1 1 0 1 1 1 0 1 0 1 0 0 0 0 0.0
281 25 12278 1 0 1 0 1 0 0 0 1 1 1 0 1 0 1 1 1 0 0 1 0 0 0 1 0 0.0
282 25 8689 0 0 0 0 0 0 1 1 0 0 0 1 1 0 0 0 1 0 0 1 0 1 0 1 0 0.0
283 25 9516 0 1 0 1 0 0 1 0 1 0 0 0 1 1 0 0 0 1 0 1 0 0 1 0 1 0.0
284 25 13850 1 1 0 0 1 0 0 0 1 1 1 1 0 1 0 0 1 1 1 0 0 0 1 0 1 0.0
285 25 9047 1 1 1 0 1 1 0 0 1 0 1 0 1 0 0 0 1 1 1 1 0 0 0 0 0 0.0
286 25 8842 1 0 0 0 0 0 0 0 1 0 1 0 0 1 0 0 1 1 0 1 0 1 1 0 0 0.0
287 25 10957 0 0 1 1 1 1 0 1 0 0 1 1 0 0 1 0 0 0 0 1 1 1 1 0 0 0.0
288 25 11260 0 1 0 0 0 0 1 0 1 0 0 1 1 1 1 0 1 1 0 0 1 0 0 0 1 0.0
289 25 10399 1 0 1 0 0 1 1 0 0 1 0 1 0 1 0 0 1 1 0 0 1 0 1 0 0 0.0
290 25 11593 0 1 0 0 0 1 1 0 1 1 1 0 1 0 0 1 0 0 0 1 0 1 1 1 0 0.0
291 25 10045 0 0 1 1 0 0 0 0 0 0 1 0 1 0 0 0 1 1 1 1 1 0 0 0 0 0.0
292 25 10582 0 0 0 1 1 1 1 0 0 0 0 1 1 0 1 0 1 1 0 1 0 1 1 0 0 0.0
293 25 11462 1 1 1 0 0 0 1 1 0 0 0 0 1 0 1 0 0 0 1 0 1 1 0 1 1 0.0
294 25 10702 1 0 0 1 0 1 1 0 0 0 1 0 1 0 0 1 0 0 0 1 1 1 1 0 1 0.0
295 25 11015 0 0 0 1 1 0 0 1 1 1 1 0 1 1 1 1 1 0 1 1 1 0 0 0 0 0.0
296 25 10634 0 1 0 1 1 1 0 1 1 0 0 1 0 0 0 1 1 0 1 0 0 1 0 0 0 0.0
297 25 12105 1 1 0 1 0 0 0 1 0 1 0 0 1 0 1 1 0 0 1 0 1 1 1 0 1 0.0
298 25 10778 0 0 0 0 0 1 1 0 1 1 1 1 1 0 0 1 0 0 1 1 0 1 1 0 0 0.0
299 25 12310 1 0 1 1 1 0 1 1 1 1 0 1 0 0 1 0 0 0 1 1 1 0 0 0 0 0.0
300 25 10077 1 0 0 0 0 0 1 0 1 0 1 1 0 0 0 1 0 1 1 0 0 0 1 0 0 0.0
301 25 9883 1 0 1 1 1 1 0 1 0 0 0 1 1 0 0 0 0 0 0 1 1 0 1 0 0 0.0
302 25 12241 1 1 1 0 0 1 1 1 0 0 1 0 0 1 0 0 1 1 0 0 0 0 0 0 1 0.0
303 25 12739 1 0 1 0 0 0 0 1 0 1 1 0 0 0 0 0 0 1 1 1 1 0 1 1 1 0.0
304 25 10469 1 1 1 0 1 1 0 0 1 0 1 0 1 0 0 1 0 0 1 1 0 1 1 0 0 0.0
305 25 10392 1 0 0 0 1 1 0 0 1 1 0 1 0 0 0 0 0 0 1 0 0 0 1 1 0 0.0
306 25 9903 1 0 0 0 0 1 0 1 1 1 0 0 1 1 0 1 0 0 1 0 0 1 1 0 0 0.0
307 25 11290 1 1 0 1 0 0 1 1 0 0 1 0 1 0 0 1 1 0 1 1 0 0 1 0 0 0.0
308 25 8179 1 1 1 1 0 0 0 1 0 0 1 0 0 0 0 1 0 0 0 1 0 1 1 0 0 0.0
309 25 11714 0 1 0 1 1 0 0 1 1 1 0 0 1 0 1 0 0 1 0 1 0 1 0 1 1 0.0
310 25 9240 1 1 0 0 0 0 1 0 0 1 0 0 0 1 1 0 1 1 1 1 0 0 1 0 1 0.0
311 25 11389 0 1 1 1 1 0 1 1 0 0 0 1 1 0 0 1 0 0 0 0 1 1 0 0 0 0.0
312 25 12246 1 0 1 0 1 0 1 1 1 0 0 0 1 1 1 0 1 0 0 0 1 1 0 1 0 0.0
313 25 10859 0 1 0 0 0 1 0 1 1 0 0 1 1 1 1 0 0 0 1 0 1 0 1 1 0 0.0
314 25 7510 0 1 1 0 1 0 1 1 0 0 0 0 0 1 0 0 1 0 0 0 1 1 0 0 1 0.0
315 25 9639 0 0 0 1 1 1 0 0 0 0 1 1 0 0 1 0 1 0 1 1 1 1 1 0 0 0.0
316 25 10401 0 0 0 0 1 0 1 1 0 1 1 1 0 0 1 1 0 0 1 0 1 0 0 1 0 0.0
317 25 12038 1 1 0 0 1 0 1 0 0 1 1 1 1 0 1 0 0 0 0 1 0 1 0 0 1 0.0
318 25 11153 0 1 0 0 1 0 0 1 1 1 0 0 0 0 0 1 1 1 1 0 1 0 0 0 0 0.0
319 25 11665 0 0 1 0 0 0 1 1 0 1 0 1 1 1 1 0 0 0 1 0 1 1 0 0 1 0.0
320 25 10488 0 0 0 1 1 1 1 0 1 1 0 0 0 0 0 0 1 0 0 1 1 1 0 0 0 0.0
321 25 12640 0 1 0 1 0 0 0 0 1 1 1 1 0 1 0 0 1 1 0 0 1 1 1 0 0 0.0
322 25 11249 0 0 1 1 0 1 0 1 0 1 0 0 1 0 0 0 1 0 1 0 1 1 1 0 0 0.0
323 25 11298 1 1 0 1 1 1 0 1 0 0 1 1 0 0 0 1 0 1 0 1 1 0 0 1 0 0.0
324 25 9685 0 0 0 1 1 1 1 1 1 1 0 0 1 1 1 0 0 1 0 1 0 0 0 0 0 0.0
325 25 10556 0 1 1 0 1 1 1 0 0 1 0 1 0 1 0 1 0 1 0 0 1 0 0 1 0 0.0
326 25 11577 0 0 1 1 1 0 0 1 0 1 0 0 1 0 0 1 0 0 1 0 1 0 1 1 1 0.0
327 25 12489 1 0 1 1 0 0 0 1 1 0 0 1 0 0 1 0 0 1 1 0 1 0 1 0 1 0.0
328 25 8318 1 0 0 1 0 0 0 0 0 0 0 1 0 0 1 0 0 1 1 1 0 0 1 0 1 0.0
329 25 10569 0 0 0 1 0 1 0 1 1 0 0 1 1 0 1 1 1 0 0 0 1 1 0 0 1 0.0
330 25 10694 0 0 1 0 0 0 1 0 1 1 1 0 0 1 1 0 1 0 0 1 1 1 0 0 1 0.0
331 25 11132 0 0 0 0 1 0 1 1 1 1 1 1 1 0 1 0 0 1 0 1 0 1 0 0 1 0.0
332 25 11973 0 0 0 1 0 1 1 1 0 0 0 0 1 0 1 0 0 0 0 0 1 1 1 0 1 0.0
333 25 9630 0 0 0 1 0 0 1 0 0 1 1 1 0 0 1 1 0 1 0 1 0 1 0 0 0 0.0
334 25 12214 1 1 0 0 0 1 1 0 1 0 0 0 1 0 0 1 1 1 0 1 1 0 0 1 1 0.0
335 25 12361 0 1 1 1 1 1 1 0 0 1 0 0 1 0 1 1 1 0 0 0 0 0 0 0 0 0.0
336 25 11884 1 1 0 1 1 1 1 1 0 0 0 0 1 1 0 0 0 1 1 1 1 0 0 0 1 0.0
337 25 10614 1 0 1 0 0 1 0 1 1 0 0 0 0 0 1 0 1 1 1 1 1 0 0 0 0 0.0
338 25 8985 0 0 1 1 0 0 0 0 1 1 1 0 0 0 1 1 0 0 0 0 0 1 0 0 0 0.0
339 25 10722 0 1 0 1 0 1 1 0 1 0 0 1 0 0 0 0 1 1 1 0 1 1 0 0 1 0.0
340 25 12983 1 0 0 0 1 0 0 1 1 1 1 1 0 0 0 0 1 0 0 1 0 1 1 1 0 0.0
341 25 11689 0 0 1 1 1 1 0 0 1 0 1 1 1 1 1 0 0 0 0 1 0 0 0 1 0 0.0
342 25 12010 0 1 0 0 0 0 1 1 0 1 0 1 0 1 0 0 1 0 0 1 1 0 0 1 1 0.0
343 25 11292 1 1 0 1 0 1 0 1 0 0 0 1 0 0 0 1 1 1 1 0 0 1 1 0 0 0.0
344 25 10337 0 0 0 0 1 1 0 0 1 0 1 0 1 1 1 0 0 1 1 1 1 0 1 0 1 0.0
345 25 12144 0 0 0 1 0 1 0 0 0 1 0 1 0 1 0 1 1 1 0 0 1 1 0 0 1 0.0
346 25 10118 0 1 1 1 0 0 1 1 0 0 1 0 1 0 1 1 1 1 0 0 1 0 1 1 0 0.0
347 25 9739 1 1 1 0 1 0 0 0 1 0 0 0 1 1 0 0 1 1 0 0 0 0 1 0 1 0.0
348 25 7987 0 1 1 0 0 1 0 0 0 1 0 1 0 0 1 1 0 1 0 0 0 0 1 0 0 0.0
349 25 8756 0 0 1 0 1 1 0 0 1 0 1 1 0 0 0 1 0 0 0 0 1 0 0 0 0 0.0
350 25 8244 0 0 0 0 0 1 1 1 0 0 0 0 1 0 0 0 0 1 0 1 1 1 0 0 0 0.0
351 25 9963 0 1 1 1 0 1 1 0 1 1 0 0 0 0 0 0 1 0 0 0 1 0 1 1 0 0.0
352 25 10698 1 1 1 1 0 0 0 1 1 1 0 1 1 0 0 0 0 0 1 0 0 1 1 0 0 0.0
353 25 10528 0 0 0 1 0 0 0 1 1 0 0 1 1 1 0 0 0 1 1 1 0 1 1 0 1 0.0
354 25 9476 0 1 0 1 1 1 0 0 0 0 1 0 1 1 1 0 1 0 1 1 0 1 0 0 0 0.0
355 25 10299 0 0 1 1 0 1 1 0 1 0 0 1 1 1 1 1 1 0 0 0 0 1 0 0 0 0.0
356 25 8607 0 1 0 0 0 0 1 0 0 1 0 0 0 0 1 0 0 1 1 0 0 0 1 1 1 0.0
357 25 10981 0 0 0 0 0 1 1 0 1 1 0 1 0 0 1 0 1 1 0 0 0 1 0 1 1 0.0
358 25 10533 1 1 0 0 0 1 1 1 0 1 0 1 0 0 0 0 0 0 1 1 0 0 1 1 0 0.0
359 25 9121 0 0 1 1 1 0 1 1 0 0 1 0 1 0 0 0 0 1 1 1 0 0 0 1 0 0.0
360 25 13332 1 1 0 0 1 0 0 0 1 1 0 0 1 1 0 1 1 1 1 1 0 0 0 1 1 0.0
361 25 9439 0 0 0 0 1 0 1 1 0 0 0 1 0 1 0 0 1 1 0 0 1 1 0 1 0 0.0
362 25 11108 1 1 1 1 1 0 0 0 1 1 1 0 1 0 0 0 0 0 1 0 0 0 1 0 0 0.0
363 25 11429 1 1 0 0 0 1 1 1 0 0 1 0 1 0 0 0 1 0 1 0 1 0 1 0 1 0.0
364 25 10475 0 0 0 1 1 0 0 1 1 0 0 0 0 0 1 0 1 0 1 0 1 0 1 1 0 0.0
365 25 11564 0 1 1 1 0 1 0 0 0 0 1 1 1 1 0 0 1 1 1 0 0 1 0 0 1 0.0
366 25 10751 1 1 0 1 0 1 0 1 0 0 0 1 1 1 1 1 0 0 1 0 1 0 0 0 0 0.0
367 25 12012 0 1 0 0 0 1 1 0 1 1 1 0 1 0 1 0 1 0 1 0 1 0 0 0 1 0.0
368 25 10196 0 1 1 0 0 1 1 1 0 1 0 0 1 0 0 0 1 0 1 1 0 0 0 1 0 0.0
369 25 9459 0 0 0 0 1 1 0 0 0 0 0 0 1 0 1 0 0 1 1 0 1 0 0 1 1 0.0
370 25 11388 0 1 0 0 0 1 0 0 1 0 1 1 1 1 0 0 0 1 0 0 1 1 0 1 1 0.0
371 25 12396 0 0 1 0 0 1 1 1 1 1 0 1 0 1 0 0 1 1 0 1 0 0 1 0 1 0.0
372 25 10159 1 0 0 0 0 0 0 1 0 1 0 0 0 1 1 0 0 1 1 0 1 0 1 0 0 0.0
373 25 8064 1 1 1 1 0 0 0 1 1 0 0 0 1 1 1 0 0 0 0 0 0 0 0 0 0 0.0
374 25 9711 1 0 1 1 1 0 0 0 1 0 0 1 1 0 0 0 0 1 0 1 0 1 0 0 1 0.0
375 25 10511 1 1 0 0 0 0 0 0 1 0 1 0 1 1 1 1 1 1 0 0 1 0 0 0 1 0.0
376 25 7813 1 1 1 0 0 1 0 0 0 0 0 0 0 1 1 0 0 1 1 0 1 1 0 1 0 0.0
377 25 10321 1 1 0 1 1 0 1 0 1 1 0 0 0 0 1 1 0 0 0 1 1 1 0 0 0 0.0
378 25 7866 1 0 0 1 1 0 0 0 0 0 0 1 0 0 0 1 1 0 0 1 0 0 0 1 1 0.0
379 25 9986 1 1 0 1 1 0 1 1 0 0 1 0 0 0 0 0 1 0 0 0 1 1 0 0 0 0.0
380 25 11159 0 1 1 1 1 1 1 1 1 0 1 0 1 0 1 0 0 0 0 0 0 1 1 0 1 0.0
381 25 11694 1 1 1 1 0 1 0 1 1 1 0 1 1 0 0 0 0 0 0 0 0 1 0 0 1 0.0
382 25 11436 0 1 0 1 1 0 0 0 0 0 1 0 0 1 1 1 0 0 0 1 1 0 1 1 1 0.0
383 25 8664 0 0 0 1 1 1 0 0 0 1 0 1 0 1 0 1 1 1 0 1 0 0 0 0 1 0.0
384 25 10512 1 0 0 0 0 1 0 1 0 1 1 1 0 1 0 0 0 0 1 1 0 1 1 0 0 0.0
385 25 10367 0 0 1 1 0 1 1 0 1 0 0 0 1 1 0 0 1 0 1 1 1 0 1 0 1 0.0
386 25 10154 0 0 1 1 1 0 0 1 1 0 1 0 0 0 0 1 1 1 0 0 0 1 0 1 1 0.0
387 25 12610 0 1 0 1 1 0 1 1 1 0 0 1 0 1 1 0 0 1 1 0 1 0 1 0 0 0.0
388 25 11391 0 1 0 1 0 0 1 1 0 1 0 0 1 1 0 1 0 1 1 0 0 1 0 0 1 0.0
389 25 13486 1 1 0 1 0 1 1 0 0 0 1 1 0 0 0 1 1 1 0 1 1 0 0 0 1 0.0
390 25 11225 0 0 1 0 0 1 1 0 0 1 0 0 0 0 0 1 1 1 0 1 0 1 1 0 1 0.0
391 25 7530 1 0 0 1 1 0 0 0 0 0 1 0 0 1 0 1 1 1 0 1 1 1 0 1 1 0.0
392 25 10295 1 0 1 1 0 1 0 0 1 1 1 0 0 0 0 1 1 0 0 0 0 1 1 0 0 0.0
393 25 10706 0 0 1 0 1 0 1 0 1 0 0 0 1 1 0 0 1 0 0 1 1 1 1 0 0 0.0
394 25 8621 1 0 1 0 0 0 0 0 1 1 1 0 0 1 1 0 0 0 0 1 1 1 1 1 0 0.0
395 25 11357 1 1 1 1 0 1 0 0 1 1 0 0 0 1 0 1 0 0 0 1 1 0 0 0 0 0.0
396 25 10803 0 0 1 0 1 0 1 1 0 1 0 0 1 1 0 0 1 0 1 0 0 1 0 1 0 0.0
397 25 10090 1 1 0 1 0 0 0 0 1 0 0 1 0 0 0 0 1 0 1 0 1 1 0 0 0 0.0
398 25 13079 1 1 0 1 1 0 0 1 1 1 1 0 1 1 1 1 0 0 1 0 0 0 0 1 0 0.0
399 25 10098 0 1 0 1 1 1 0 0 1 0 1 1 0 1 0 0 1 0 0 0 1 1 0 1 0 0.0
400 25 10313 0 0 0 1 1 1 0 0 0 0 1 1 1 0 0 1 1 1 0 0 1 0 0 1 0 0.0
401 25 11287 0 1 0 0 1 0 0 1 1 0 1 1 0 0 0 0 1 1 0 0 0 1 1 1 1 0.0
402 25 11348 0 0 0 1 1 0 1 0 0 0 0 0 0 1 1 1 1 0 1 0 1 1 1 0 0 0.0
403 25 10579 0 0 1 0 1 1 0 0 0 1 1 1 0 0 0 0 1 0 0 1 0 1 0 1 0 0.0
404 25 10756 0 0 0 1 1 1 1 0 0 1 0 1 1 1 0 0 0 0 1 0 0 1 0 1 0 0.0
405 25 9805 1 0 1 1 1 1 1 0 0 1 0 0 0 0 0 0 0 1 1 0 0 0 1 0 0 0.0
406 25 10356 1 1 1 0 0 0 0 1 0 1 0 0 0 1 0 0 1 1 0 1 0 0 1 0 1 0.0
407 25 11032 0 0 0 1 1 0 0 0 0 1 1 0 0 0 0 1 1 0 1 1 1 0 1 1 0 0.0
408 25 13895 0 0 1 1 0 1 1 0 0 0 1 0 1 1 1 0 1 1 1 1 0 0 1 0 1 0.0
409 25 12822 1 0 0 0 0 1 1 0 1 1 0 1 0 1 0 1 1 1 0 1 0 0 1 0 0 0.0
410 25 13182 0 1 0 1 1 0 0 1 1 0 1 0 0 1 0 1 1 1 0 0 0 0 1 1 0 0.0
411 25 12251 1 1 0 1 1 0 0 0 1 0 0 1 1 0 0 1 0 0 0 1 1 1 0 1 1 0.0
412 25 9408 0 0 1 1 1 1 0 0 0 1 0 1 0 1 1 1 1 0 1 0 0 0 0 0 1 0.0
413 25 12918 0 0 0 0 0 1 0 1 0 1 1 0 1 0 0 1 1 0 1 1 0 1 1 1 0 0.0
414 25 9836 1 0 1 1 0 0 0 1 0 0 0 0 0 0 1 0 1 0 0 0 1 1 0 0 1 0.0
415 25 11275 0 1 0 0 0 1 0 0 0 0 0 1 1 1 0 1 0 0 1 0 1 1 1 1 0 0.0
416 25 9504 1 0 0 0 1 1 0 0 0 0 0 0 0 1 0 1 0 1 0 1 1 1 0 1 0 0.0
417 25 9077 0 0 1 0 0 0 0 1 0 0 1 0 0 1 0 0 1 1 1 0 0 1 1 1 0 0.0
418 25 10405 0 1 1 1 0 1 0 1 1 0 0 1 0 0 0 0 1 0 0 0 1 1 1 0 0 0.0
419 25 10310 0 0 0 1 0 0 0 0 1 0 1 1 0 1 0 0 0 1 0 1 0 1 0 1 1 0.0
420 25 10696 1 0 1 0 1 1 1 1 1 0 0 0 0 0 1 0 0 0 0 1 1 0 1 0 0 0.0
421 25 10229 0 1 1 0 1 0 1 0 1 0 0 0 0 0 1 0 0 0 1 0 1 0 1 1 0 0.0
422 25 9956 0 0 0 0 1 0 1 0 0 1 0 0 1 0 1 0 0 1 1 1 0 0 1 0 1 0.0
423 25 10498 1 0 1 0 0 0 0 0 1 1 1 0 1 0 1 0 0 0 1 1 0 1 0 0 1 0.0
424 25 10747 0 0 0 1 0 0 1 1 1 0 1 0 0 1 1 0 1 1 0 0 1 0 0 0 1 0.0
425 25 10306 1 0 0 0 0 1 1 0 0 1 0 0 1 1 0 1 0 1 1 1 0 0 0 0 0 0.0
426 25 10931 1 1 0 0 1 0 1 0 0 1 0 1 1 0 0 0 1 1 1 1 0 1 0 1 0 0.0
427 25 12352 0 0 0 1 0 1 1 0 0 1 1 0 1 0 1 0 0 1 0 1 0 1 0 1 0 0.0
428 25 10041 0 0 0 1 1 0 0 1 1 1 1 0 0 0 1 1 0 0 0 0 1 0 1 1 0 0.0
429 25 10408 0 1 1 0 1 0 1 1 0 0 0 1 0 1 1 1 1 0 0 0 0 1 0 1 0 0.0
430 25 10231 1 0 1 0 0 1 0 0 1 1 0 1 1 1 1 0 0 1 1 1 1 0 0 0 0 0.0
431 25 10427 0 1 1 0 1 0 0 1 0 1 0 1 1 1 0 0 0 0 0 1 0 1 0 0 1 0.0
432 25 8940 0 1 0 0 1 0 0 1 0 0 1 0 1 1 1 0 0 0 1 1 1 0 1 1 0 0.0
433 25 12153 1 1 1 0 1 1 0 0 0 0 0 1 0 1 0 0 1 1 0 0 1 1 1 0 1 0.0
434 25 11746 0 1 1 1 0 1 0 0 0 1 1 0 1 1 0 0 0 1 1 1 0 0 0 0 0 0.0
435 25 9379 1 0 0 0 0 0 0 0 1 1 0 1 1 1 1 0 0 0 1 0 0 0 1 0 0 0.0
436 25 9122 0 0 0 1 0 0 0 0 1 0 0 0 1 1 1 0 1 1 1 0 1 1 1 0 0 0.0
437 25 11607 0 0 1 1 1 1 0 0 0 0 1 1 1 1 1 1 0 1 0 0 0 1 1 0 0 0.0
438 25 11131 0 0 0 1 1 0 0 1 0 0 1 1 0 1 0 0 1 0 0 1 1 1 1 1 1 0.0
439 25 12558 0 1 0 1 0 0 0 0 0 0 0 1 1 1 0 1 1 1 0 1 0 0 0 1 1 0.0
440 25 9979 0 0 1 1 1 1 0 1 1 1 0 1 1 0 0 0 0 0 0 1 1 0 0 0 1 0.0
441 25 9858 1 1 0 1 0 0 0 0 1 0 0 0 1 0 0 0 0 0 1 0 1 1 1 1 0 0.0
442 25 11728 1 0 0 1 1 1 1 1 1 1 0 0 0 0 0 1 1 0 0 0 1 0 1 0 0 0.0
443 25 12494 0 0 1 0 0 1 0 0 1 1 1 1 0 0 0 1 1 0 1 1 1 1 1 1 1 0.0
444 25 9166 0 0 1 0 0 0 1 0 0 0 0 0 1 1 0 0 1 0 0 0 0 0 1 1 1 0.0
445 25 9815 0 0 1 0 1 1 1 0 1 0 1 1 0 1 1 1 1 1 1 0 1 0 0 1 1 0.0
446 25 13032 0 0 1 1 0 0 1 0 0 1 0 1 0 1 0 1 1 1 0 0 1 1 1 1 0 0.0
447 25 11793 0 1 0 0 1 0 1 1 0 1 0 0 1 1 0 1 0 1 0 1 1 0 1 1 0 0.0
448 25 12286 0 0 1 1 1 0 1 0 1 1 0 0 1 0 1 0 1 0 0 0 0 0 0 1 1 0.0
449 25 11895 1 0 0 0 0 0 0 1 0 1 1 1 0 0 0 1 0 1 0 1 0 1 1 1 0 0.0
450 25 8901 0 1 1 0 1 1 0 0 0 0 0 1 0 0 0 0 0 1 0 1 1 0 1 1 0 0.0
451 25 9943 1 1 0 1 0 0 1 0 0 1 1 0 0 1 0 1 0 1 0 0 0 1 0 1 0 0.0
452 25 10688 0 0 0 0 1 0 1 1 0 0 1 1 1 1 1 1 1 0 0 0 1 0 1 1 0 0.0
453 25 10011 0 0 1 1 1 0 1 0 0 1 0 1 1 0 1 1 0 1 0 1 0 0 0 0 0 0.0
454 25 9657 0 0 1 0 0 0 1 0 1 0 0 0 1 1 1 1 1 1 0 0 0 0 0 0 1 0.0
455 25 13228 1 1 0 0 1 0 1 0 1 1 0 0 1 1 1 1 0 0 1 0 1 0 0 0 0 0.0
456 25 11306 1 0 1 0 1 1 0 0 1 0 0 1 0 0 1 0 1 0 0 1 0 1 1 1 1 0.0
457 25 13281 1 1 1 1 0 1 0 1 0 0 0 1 1 1 0 1 1 1 0 0 0 0 0 1 0 0.0
458 25 9995 0 0 0 0 0 0 0 1 0 0 1 0 0 1 0 1 1 0 1 0 0 1 0 1 1 0.0
459 25 12646 0 0 1 0 0 1 0 0 1 0 0 1 1 0 1 0 0 1 1 1 1 1 0 1 1 0.0
460 25 11943 1 0 0 1 0 1 0 1 1 0 0 0 1 0 0 1 1 0 0 1 1 0 1 1 0 0.0
461 25 10979 1 0 1 1 0 0 0 0 0 1 1 0 1 0 1 0 0 0 1 1 1 1 0 0 0 0.0
462 25 12819 0 0 1 1 0 1 0 0 1 1 1 0 1 0 0 0 1 0 1 0 0 0 0 1 0 0.0
463 25 8660 0 1 1 0 1 1 1 1 0 0 1 1 0 0 0 0 0 1 0 0 0 0 0 0 1 0.0
464 25 13371 1 1 1 1 1 0 0 0 0 1 0 0 0 1 1 1 0 1 0 0 1 1 1 1 0 0.0
465 25 9438 0 1 0 0 0 0 1 1 1 1 1 0 1 0 0 0 1 0 1 1 1 0 0 1 0 0.0
466 25 10756 0 0 1 1 1 0 0 1 0 0 1 1 1 0 1 1 0 1 1 0 1 1 0 0 0 0.0
467 25 10394 0 0 1 1 0 0 0 0 1 1 0 0 1 0 0 1 0 0 1 1 0 1 1 0 0 0.0
468 25 9827 1 0 1 0 0 0 0 0 0 0 0 0 1 1 1 1 0 0 0 0 1 1 1 0 1 0.0
469 25 10035 1 0 0 1 1 1 1 0 1 0 1 1 0 0 1 0 0 0 1 1 0 1 1 0 0 0.0
470 25 11102 1 0 0 0 0 0 1 1 0 1 0 0 1 0 1 1 0 1 0 1 1 1 0 0 1 0.0
471 25 11336 1 0 1 0 0 0 1 1 0 1 0 0 0 0 1 1 1 0 0 1 1 0 0 1 1 0.0
472 25 9490 0 1 1 0 0 0 1 0 0 1 0 1 0 1 0 0 0 0 1 1 1 1 1 0 1 0.0
473 25 11105 0 1 0 0 1 0 0 1 0 1 0 1 0 0 1 0 0 0 0 1 0 1 1 1 0 0.0
474 25 11679 1 1 1 1 0 1 0 0 0 1 1 0 0 0 1 0 0 0 1 0 0 1 1 0 1 0.0
475 25 9107 1 1 0 0 0 0 0 0 1 1 0 0 0 0 1 0 1 1 0 0 1 1 1 0 1 0.0
476 25 12104 1 1 1 0 0 0 0 1 1 0 0 0 1 0 0 1 1 1 0 0 0 0 0 1 0 0.0
477 25 9599 0 0 1 1 1 0 0 1 1 0 0 1 0 1 1 1 0 0 0 0 0 1 1 1 0 0.0
478 25 10987 0 1 1 1 1 0 1 0 1 1 0 0 0 1 0 1 1 0 1 0 0 0 1 1 1 0.0
479 25 10223 0 0 1 0 1 0 0 0 1 0 1 1 0 0 0 1 1 0 1 1 1 0 0 0 1 0.0
480 25 9601 1 0 1 1 1 0 0 0 0 0 0 0 0 0 1 0 0 1 1 0 1 0 1 1 0 0.0
481 25 9138 0 1 0 1 1 0 0 0 1 0 0 1 0 0 0 0 1 1 1 1 1 1 1 0 0 0.0
482 25 10503 1 1 0 1 0 0 1 0 0 0 1 0 0 1 0 0 1 0 1 0 0 0 0 1 1 0.0
483 25 12713 1 1 1 1 0 0 1 1 1 0 0 0 0 1 1 0 1 0 1 1 0 0 0 0 0 0.0
484 25 13163 0 0 1 0 0 0 0 1 1 1 1 1 0 0 1 1 0 1 1 0 1 1 0 1 1 0.0
485 25 9003 0 1 1 0 0 0 0 0 0 0 0 1 1 1 0 1 0 0 1 1 1 1 1 0 0 0.0
486 25 10001 1 1 0 0 1 0 0 1 0 1 1 0 1 1 0 1 0 1 0 1 0 0 1 0 0 0.0
487 25 10025 1 1 0 0 0 1 1 1 0 0 1 0 0 1 1 1 0 0 0 0 0 1 1 1 1 0.0
488 25 8767 1 0 1 0 0 0 1 1 1 0 0 1 1 0 0 0 0 0 0 1 0 0 1 1 1 0.0
489 25 12259 0 0 0 1 0 1 1 1 1 0 1 1 1 1 1 0 0 0 0 0 1 0 0 0 1 0.0
490 25 10014 1 1 1 0 1 0 1 0 0 0 1 0 0 1 0 1 0 0 1 1 0 1 0 0 0 0.0
491 25 10515 0 0 1 0 1 1 1 0 1 1 0 0 0 1 1 1 0 0 1 1 0 1 0 0 1 0.0
492 25 12470 1 0 0 0 0 0 0 1 1 0 1 0 1 0 1 1 1 0 1 0 0 1 1 1 0 0.0
493 25 9619 1 1 0 0 0 0 0 0 0 1 0 1 1 0 0 1 1 1 0 0 1 1 0 0 1 0.0
494 25 10945 1 1 1 0 0 0 0 0 0 1 1 0 1 1 0 0 0 0 1 1 1 0 1 0 1 0.0
495 25 8890 0 0 1 1 1 0 0 0 1 0 1 1 0 1 0 1 0 0 1 1 0 1 0 1 0 0.0
496 25 9200 1 0 0 1 0 1 0 0 0 1 0 0 0 1 0 0 0 0 0 1 1 0 1 1 1 0.0
497 25 10420 0 0 1 1 1 1 1 0 1 1 1 0 0 0 0 0 0 1 0 0 1 1 0 0 1 0.0
498 25 12610 1 1 0 1 0 0 1 1 1 0 1 0 1 0 1 1 1 0 0 1 0 1 0 1 0 0.0
499 25 12215 1 1 1 0 0 0 0 1 1 1 1 0 1 1 0 0 0 0 0 1 1 1 0 0 1 0.0
500 25 9908 1 1 0 1 0 0 1 0 0 0 0 0 0 1 0 1 1 1 1 1 0 0 0 0 0 0.0
