1 22 9774 0 0 0 0 0 1 1 0 0 1 1 0 1 1 0 0 1 0 1 0 1 1 0.0
2 22 11851 0 0 1 1 1 1 1 1 1 0 1 0 0 0 1 0 1 1 0 1 0 1 0.0
3 22 9698 0 1 1 1 0 0 0 1 0 0 1 0 0 1 1 0 0 0 0 0 0 1 0.0
4 22 10133 0 1 0 1 1 1 0 0 1 0 1 1 1 1 0 1 0 1 0 0 1 1 0.0
5 22 9592 1 1 1 1 0 0 0 1 0 0 0 1 1 0 0 1 0 1 0 1 0 1 0.0
6 22 9375 1 0 0 1 1 0 0 0 0 1 1 1 0 0 0 1 1 0 1 0 1 1 0.0
7 22 10185 0 1 1 1 1 0 0 0 0 1 1 1 0 1 1 0 0 0 0 1 0 0 0.0
8 22 9815 0 0 0 0 1 1 1 1 1 0 0 0 1 0 0 1 0 1 0 0 1 1 0.0
9 22 9527 0 0 0 1 0 0 0 1 1 1 0 1 1 1 0 0 1 0 1 1 0 1 0.0
10 22 9234 1 0 0 1 1 0 0 1 1 0 1 0 1 1 0 0 1 0 1 0 1 1 0.0
11 22 8746 0 0 0 0 1 0 1 0 1 0 0 1 1 0 0 0 0 0 1 1 1 1 0.0
12 22 8225 1 0 0 0 1 0 1 1 0 0 1 1 0 0 0 0 1 0 1 1 0 1 0.0
13 22 8107 1 1 0 0 1 0 0 1 0 1 1 0 0 0 0 1 0 1 0 0 0 0 0.0
14 22 6739 0 0 0 0 0 0 0 1 0 1 0 1 1 1 0 1 1 0 0 0 0 1 0.0
15 22 8119 1 0 1 1 1 0 1 1 0 0 0 0 0 1 0 1 1 0 0 0 1 0 0.0
16 22 4855 1 0 0 1 0 0 0 0 1 0 0 1 0 0 1 0 0 0 0 1 0 0 0.0
17 22 9807 0 0 1 0 1 1 1 0 0 1 0 0 1 0 1 0 0 1 1 0 1 0 0.0
18 22 11226 0 0 0 1 0 0 0 1 1 0 1 0 0 1 1 0 0 1 1 1 1 1 0.0
19 22 9370 0 0 0 0 1 1 1 1 1 0 1 1 0 0 1 1 0 0 0 0 0 0 0.0
20 22 8161 1 0 1 1 1 0 0 1 0 0 0 1 0 1 1 1 0 0 0 1 0 0 0.0
21 22 9326 1 0 1 0 1 0 1 0 0 1 0 0 1 1 1 0 0 1 1 1 0 0 0.0
22 22 10268 0 0 0 1 1 1 1 1 0 0 0 0 1 1 0 1 1 0 0 0 1 0 0.0
23 22 7009 1 0 0 1 0 0 1 0 1 0 0 1 0 1 1 0 0 1 0 1 0 0 0.0
24 22 9134 1 0 0 1 0 0 1 0 0 0 0 0 1 1 0 1 0 0 1 1 1 0 0.0
25 22 8919 1 1 1 0 1 1 0 1 0 0 0 0 0 0 1 0 0 0 1 0 1 0 0.0
26 22 10769 0 0 1 1 1 1 1 1 1 0 0 0 0 1 0 0 0 1 0 0 1 0 0.0
27 22 10126 0 0 1 1 0 1 0 1 1 0 0 1 1 1 0 1 0 0 0 1 0 0 0.0
28 22 7775 0 0 1 1 0 0 1 0 0 0 0 1 1 1 0 0 0 0 1 1 0 0 0.0
29 22 6883 1 0 0 0 1 0 0 0 0 1 0 0 0 1 0 1 1 1 0 0 0 1 0.0
30 22 11328 1 1 1 0 0 1 0 0 1 0 1 0 0 0 1 0 1 0 1 1 1 0 0.0
31 22 8670 1 0 1 0 0 1 0 1 1 0 0 1 0 0 0 1 1 0 0 1 0 1 0.0
32 22 9892 0 0 1 0 0 0 0 1 0 1 1 1 0 0 1 1 1 1 0 0 1 0 0.0
33 22 10031 0 0 0 1 0 0 1 0 1 1 1 1 0 1 0 1 0 1 1 1 0 1 0.0
34 22 7130 0 1 0 0 0 1 0 1 0 1 0 0 0 1 1 0 0 0 1 1 0 1 0.0
35 22 10264 0 1 1 0 1 1 0 0 0 0 0 0 0 1 0 1 1 0 0 1 1 1 0.0
36 22 8826 0 1 1 0 0 1 0 0 0 1 0 1 1 0 0 0 1 0 1 0 0 1 0.0
37 22 9277 0 1 0 1 1 1 0 1 0 0 1 0 1 0 1 0 0 1 1 0 1 0 0.0
38 22 7335 1 1 0 0 0 1 1 0 0 0 1 0 0 0 1 0 1 0 0 1 1 0 0.0
39 22 7972 0 1 0 1 1 1 1 1 0 0 1 0 0 0 0 1 1 1 0 1 0 1 0.0
40 22 12513 0 0 0 1 0 1 1 1 1 1 0 0 1 0 0 1 0 0 1 1 1 0 0.0
41 22 6681 0 0 0 0 0 0 1 0 1 1 1 0 1 1 0 0 0 1 0 1 0 1 0.0
42 22 8712 1 1 0 1 0 1 0 1 1 1 1 0 1 0 1 1 0 0 0 0 1 1 0.0
43 22 8639 0 0 1 0 1 0 0 0 0 1 1 0 0 0 0 1 1 0 0 1 1 0 0.0
44 22 10570 0 0 0 1 1 1 1 1 0 0 0 0 1 0 1 1 0 0 1 1 1 1 0.0
45 22 12061 1 1 1 1 0 1 1 0 1 1 0 1 1 0 0 0 0 1 0 0 1 0 0.0
46 22 10482 0 1 1 0 1 0 0 1 0 1 0 1 1 1 1 1 0 0 1 1 0 0 0.0
47 22 7706 0 0 0 0 0 0 0 1 0 1 1 1 0 1 0 1 1 0 0 0 1 0 0.0
48 22 5644 0 0 1 0 0 0 1 1 1 0 0 1 1 0 0 1 1 1 0 0 0 0 0.0
49 22 8906 0 1 0 0 1 1 0 0 0 0 0 0 1 1 0 0 0 1 1 1 1 1 0.0
50 22 12938 1 1 0 0 0 1 1 1 1 1 0 0 0 0 1 1 0 1 0 1 0 1 0.0
51 22 10296 0 0 0 1 1 1 1 0 0 0 0 1 0 0 1 1 1 0 0 1 0 1 0.0
52 22 10342 0 0 0 1 1 0 0 1 0 1 1 1 0 0 1 1 1 0 1 0 1 0 0.0
53 22 8394 1 1 0 1 0 0 1 1 1 0 0 0 0 0 0 0 1 1 1 1 0 0 0.0
54 22 10793 0 1 0 0 1 0 1 1 1 0 1 0 0 0 1 1 1 0 0 0 1 0 0.0
55 22 9528 1 0 0 1 1 1 0 1 0 0 0 0 1 1 1 1 1 0 0 0 0 1 0.0
56 22 7626 1 0 0 0 0 0 0 0 0 0 1 0 1 0 1 0 1 0 1 1 1 1 0.0
57 22 10309 1 0 0 0 1 1 1 0 0 1 0 1 0 0 0 1 1 0 1 1 0 0 0.0
58 22 9241 0 1 1 1 0 0 1 1 0 1 1 0 1 0 1 1 0 0 0 0 0 0 0.0
59 22 10402 0 0 0 0 1 0 0 0 1 0 0 1 1 0 1 1 1 0 1 1 1 0 0.0
60 22 7634 1 0 0 0 1 0 1 0 1 0 1 1 0 1 0 1 0 0 0 0 1 1 0.0
61 22 8739 0 1 1 0 1 0 1 1 0 1 0 0 0 0 1 1 1 0 0 0 0 0 0.0
62 22 9842 0 1 1 0 0 1 1 0 1 0 0 0 0 0 0 1 0 1 1 1 1 1 0.0
63 22 8180 0 1 0 1 1 0 0 0 1 1 1 1 1 0 0 0 0 0 0 0 1 0 0.0
64 22 10812 1 1 0 0 0 0 1 0 1 0 0 1 0 0 1 1 1 1 0 0 0 1 0.0
65 22 7711 1 1 0 0 0 1 0 1 0 1 1 0 0 0 0 0 1 0 0 0 1 0 0.0
66 22 8151 1 1 0 0 0 0 0 0 1 1 0 0 1 1 0 0 1 0 1 0 1 0 0.0
67 22 10679 1 1 0 0 0 1 0 1 0 1 0 1 1 0 0 0 1 0 0 1 0 1 0.0
68 22 10132 0 1 1 1 0 0 1 0 1 0 1 1 0 1 1 0 0 1 1 0 0 0 0.0
69 22 9496 0 0 1 1 0 1 0 1 0 0 0 1 0 0 1 1 0 1 1 1 0 0 0.0
70 22 8894 1 0 1 0 0 0 1 0 1 0 0 1 1 1 1 0 0 1 0 0 0 0 0.0
71 22 8431 1 0 0 0 0 0 1 0 0 0 1 0 1 0 0 1 0 1 1 0 1 0 0.0
72 22 10225 1 0 1 0 0 0 0 1 0 1 1 0 0 1 0 1 1 0 0 1 1 0 0.0
73 22 8386 0 0 1 1 0 0 1 0 0 0 0 0 1 0 0 1 0 1 1 1 0 1 0.0
74 22 8164 0 0 0 1 1 1 0 0 0 0 0 1 0 0 1 1 1 0 1 1 0 0 0.0
75 22 10094 1 1 1 1 1 1 1 0 0 1 0 0 1 0 1 0 1 0 1 0 0 0 0.0
76 22 11443 1 1 0 0 0 0 0 1 1 1 1 0 1 0 0 1 1 0 1 0 1 0 0.0
77 22 10173 1 1 0 1 1 0 0 0 0 1 0 1 1 1 1 0 1 0 1 0 1 0 0.0
78 22 11071 1 0 0 0 0 1 1 0 1 0 1 1 0 1 0 1 0 1 1 0 0 0 0.0
79 22 9085 1 0 0 1 0 0 0 0 0 0 1 1 1 0 0 1 0 0 1 1 1 1 0.0
80 22 9663 0 1 0 0 1 1 0 1 1 1 0 0 0 1 1 1 0 0 1 0 0 1 0.0
81 22 10053 0 1 1 1 1 0 1 0 0 1 1 0 0 1 0 1 0 0 0 1 0 0 0.0
82 22 8888 1 0 0 1 0 1 0 0 1 0 0 1 1 1 0 1 0 1 0 1 0 1 0.0
83 22 10623 0 1 1 0 0 0 1 0 1 0 1 0 0 1 0 0 0 0 1 1 1 1 0.0
84 22 8656 0 0 0 1 0 1 0 0 0 1 1 1 1 1 0 0 0 0 0 1 0 0 0.0
85 22 8995 1 0 0 1 1 1 1 0 0 0 0 1 1 1 1 0 0 0 0 0 0 1 0.0
86 22 8032 0 0 1 0 0 1 0 0 1 1 1 1 0 0 0 0 1 0 1 0 0 1 0.0
87 22 9823 1 0 1 0 1 0 0 1 1 0 0 1 1 1 1 0 0 0 1 0 0 0 0.0
88 22 6421 0 0 1 1 0 0 0 0 0 1 1 0 1 1 1 0 0 0 0 0 0 0 0.0
89 22 8373 1 1 0 0 1 0 0 0 0 1 1 0 0 0 1 1 1 0 0 0 0 0 0.0
90 22 8397 1 1 0 0 0 1 0 1 1 0 0 1 0 1 0 0 0 1 0 0 1 1 0.0
91 22 7761 1 1 0 0 1 0 1 0 0 1 0 1 1 0 1 0 0 0 0 0 0 1 0.0
92 22 9649 0 0 1 0 1 1 0 1 0 1 0 1 1 0 0 0 0 0 0 0 0 1 0.0
93 22 11761 0 0 1 1 0 1 0 1 0 0 1 1 0 1 1 1 1 0 0 0 1 1 0.0
94 22 10651 0 1 0 0 1 0 1 1 0 1 0 1 1 1 0 0 0 0 0 0 1 0 0.0
95 22 10589 0 0 0 0 0 1 0 0 1 1 0 1 1 1 1 1 1 1 0 1 0 1 0.0
96 22 11180 0 0 0 0 0 1 1 1 0 1 1 0 0 0 1 1 1 0 0 1 1 1 0.0
97 22 11138 0 0 1 1 0 0 0 1 0 0 1 1 1 1 0 0 1 1 0 0 0 0 0.0
98 22 11514 1 0 1 1 0 0 1 0 0 1 0 0 1 0 1 1 0 0 1 1 1 0 0.0
99 22 10672 1 0 0 1 0 0 0 1 1 0 0 1 1 0 0 1 0 0 0 1 1 0 0.0
100 22 6795 0 0 1 1 1 0 1 1 0 0 0 0 0 0 0 0 0 1 1 1 0 0 0.0
101 22 8462 1 0 1 0 1 1 1 1 0 0 0 1 0 1 0 0 1 1 0 0 0 0 0.0
102 22 8977 0 0 1 0 1 0 1 0 1 0 1 0 0 0 1 0 1 1 0 1 0 1 0.0
103 22 9265 1 0 1 1 0 0 0 1 0 1 1 0 0 0 0 0 0 0 1 1 0 0 0.0
104 22 9119 1 1 1 1 0 1 1 0 0 0 0 1 0 0 1 0 1 1 0 0 1 0 0.0
105 22 13417 1 1 1 1 0 0 1 0 0 0 1 0 0 1 1 0 0 1 1 0 1 0 0.0
106 22 8789 0 0 1 0 1 0 0 1 1 1 1 1 0 1 0 1 0 0 1 0 0 0 0.0
107 22 10667 1 0 0 1 1 1 0 0 1 0 0 1 0 0 1 0 0 0 1 0 1 1 0.0
108 22 11713 0 1 0 0 1 0 1 1 0 1 0 1 1 1 1 0 1 1 0 1 0 0 0.0
109 22 9120 0 0 1 1 0 1 0 0 0 1 1 1 0 0 0 0 0 0 1 0 0 1 0.0
110 22 9381 0 1 1 1 0 0 0 0 1 0 0 0 1 0 1 1 0 0 1 1 0 1 0.0
111 22 9642 0 0 1 0 1 0 1 1 0 1 0 1 1 0 0 0 1 0 0 1 0 0 0.0
112 22 12308 0 1 1 1 1 1 1 1 0 0 1 0 1 0 1 1 0 0 1 0 0 0 0.0
113 22 8377 0 0 0 0 0 1 1 0 0 0 1 0 1 1 1 0 0 0 1 1 0 0 0.0
114 22 9521 0 0 1 1 1 0 1 1 0 0 0 0 1 0 0 0 0 1 1 0 1 1 0.0
115 22 9637 0 0 1 1 0 1 1 1 1 1 0 0 1 0 1 0 0 1 1 0 0 0 0.0
116 22 8496 0 1 0 0 0 0 0 1 1 0 1 0 0 0 1 0 0 1 1 0 1 1 0.0
117 22 9078 0 1 1 1 1 1 0 1 0 0 0 1 0 0 0 1 0 1 0 1 0 1 0.0
118 22 8894 1 1 0 0 1 0 0 1 0 0 0 0 1 1 0 0 0 1 1 0 0 0 0.0
119 22 8282 0 0 0 1 0 0 0 1 0 1 0 1 1 0 0 0 1 0 0 0 1 1 0.0
120 22 9195 0 1 1 1 1 1 1 1 0 0 0 0 0 1 0 1 0 0 0 0 0 0 0.0
121 22 9230 0 1 0 0 0 1 0 1 1 1 0 1 0 1 0 0 0 1 1 1 0 1 0.0
122 22 10714 0 1 0 0 0 0 1 0 0 1 1 1 0 1 0 1 0 1 0 1 1 0 0.0
123 22 9127 0 1 0 1 0 0 0 1 1 0 1 0 1 1 0 0 0 1 0 1 0 0 0.0
124 22 8873 0 0 0 0 1 0 0 1 0 1 0 0 0 0 0 1 1 1 0 1 0 1 0.0
125 22 8196 0 0 1 0 1 1 1 0 0 0 1 0 0 1 0 1 0 1 0 0 1 1 0.0
126 22 10507 0 1 0 1 1 1 0 0 0 1 0 0 0 1 0 1 0 0 1 1 1 0 0.0
127 22 12527 1 1 1 1 0 1 0 1 0 0 0 1 0 0 0 0 1 1 0 0 1 1 0.0
128 22 7897 1 0 1 1 1 1 0 0 0 0 1 1 1 0 1 1 1 0 0 0 0 0 0.0
129 22 8566 1 0 1 0 1 1 0 0 1 0 1 0 0 0 1 0 1 0 1 1 0 0 0.0
130 22 9621 1 0 0 0 0 1 0 0 1 1 1 0 0 0 1 1 1 1 1 0 0 1 0.0
131 22 7903 1 0 0 1 0 1 0 1 0 1 0 0 0 0 1 1 1 1 0 1 0 0 0.0
132 22 8135 0 1 0 1 0 0 1 0 0 1 0 0 0 1 1 1 0 1 1 0 1 0 0.0
133 22 10180 0 0 0 1 0 1 0 1 1 1 0 0 1 1 1 1 0 0 1 0 0 1 0.0
134 22 9409 0 1 0 0 1 0 1 0 0 0 1 1 1 0 1 0 0 1 0 1 1 1 0.0
135 22 8795 0 0 0 0 1 1 0 0 0 0 1 1 1 0 0 1 0 0 1 1 0 1 0.0
136 22 10748 0 1 0 1 1 0 0 0 1 0 0 0 1 0 1 1 1 1 1 0 0 1 0.0
137 22 7809 0 0 1 1 0 0 0 1 0 0 1 1 0 0 1 0 0 1 1 0 1 0 0.0
138 22 11859 1 0 1 1 0 1 1 1 1 0 1 0 0 0 1 1 1 1 0 0 1 0 0.0
139 22 8386 1 1 0 0 1 0 0 0 0 0 0 1 1 1 1 1 0 0 0 0 0 0 0.0
140 22 9215 0 0 0 1 0 0 0 0 0 1 0 0 1 0 1 0 1 1 0 1 0 1 0.0
141 22 9810 0 0 0 0 1 0 0 1 0 1 1 1 0 1 1 1 1 0 0 0 0 0 0.0
142 22 9457 0 0 0 1 1 1 0 0 1 0 0 0 1 0 1 0 1 0 1 1 0 1 0.0
143 22 9511 1 0 0 0 0 0 1 1 1 0 0 0 0 1 0 0 1 1 1 0 1 0 0.0
144 22 9768 0 0 0 0 0 0 0 1 1 0 0 1 0 0 0 1 1 1 0 1 1 1 0.0
145 22 10302 1 0 0 1 0 1 0 1 1 1 1 0 1 0 1 0 0 1 0 0 1 1 0.0
146 22 9837 0 1 1 0 0 0 1 1 1 0 1 1 0 0 0 1 0 0 1 1 0 1 0.0
147 22 10008 0 1 0 1 0 1 0 1 0 0 1 0 0 1 0 0 1 0 0 0 1 0 0.0
148 22 7702 0 1 0 0 0 1 0 1 1 0 1 0 1 0 0 0 1 0 1 1 0 0 0.0
149 22 10875 1 1 1 0 0 1 0 0 1 0 0 0 1 0 0 1 0 1 0 0 1 0 0.0
150 22 9550 1 0 1 1 1 0 0 0 1 1 1 0 1 0 0 0 1 1 0 0 0 0 0.0
151 22 12502 1 0 0 0 1 0 0 1 1 1 0 1 1 0 1 0 1 1 1 0 0 1 0.0
152 22 8750 1 1 1 0 1 0 0 0 0 0 1 0 0 0 1 1 0 0 1 0 1 0 0.0
153 22 9252 0 1 1 1 1 1 0 0 0 1 0 1 1 0 0 0 0 0 0 0 0 1 0.0
154 22 6527 1 0 0 0 0 0 0 1 1 0 0 0 1 0 1 0 0 1 0 0 1 1 0.0
155 22 9333 1 0 1 0 1 0 0 1 1 0 0 0 1 0 0 0 0 1 1 1 0 1 0.0
156 22 8244 1 0 0 1 0 0 0 1 1 0 0 1 0 1 1 1 1 0 1 0 1 0 0.0
157 22 9925 0 0 1 0 1 0 1 0 1 0 0 1 0 1 0 1 1 1 1 0 0 0 0.0
158 22 8978 0 1 0 0 1 0 0 0 1 0 0 0 1 0 0 1 0 1 1 1 1 0 0.0
159 22 9000 0 0 0 1 0 1 0 0 0 1 1 0 0 0 0 0 1 1 1 1 1 1 0.0
160 22 8348 0 0 1 0 0 1 0 1 1 0 1 0 0 1 1 1 0 0 0 1 0 0 0.0
161 22 7484 1 0 1 0 1 1 0 0 0 1 1 0 0 0 1 1 0 1 1 1 0 0 0.0
162 22 8337 0 0 0 0 1 0 0 1 0 1 1 0 1 1 1 0 1 1 0 1 1 0 0.0
163 22 6829 0 1 0 0 1 0 1 1 0 1 0 0 1 1 0 0 0 1 0 0 0 0 0.0
164 22 12365 1 0 0 1 0 1 0 0 1 1 1 0 0 1 0 1 0 1 1 0 0 1 0.0
165 22 10016 1 1 1 0 0 0 0 1 0 0 1 0 0 1 1 1 1 0 1 0 1 0 0.0
166 22 10047 0 0 0 0 1 1 1 0 0 0 0 1 0 1 1 0 0 1 1 1 1 0 0.0
167 22 9130 1 1 0 0 0 1 0 1 1 1 0 1 1 0 0 0 1 1 1 0 0 0 0.0
168 22 10941 0 1 1 1 1 1 0 0 1 0 0 0 0 1 1 0 1 1 0 1 0 0 0.0
169 22 10307 1 0 0 0 0 1 1 0 1 1 0 0 0 1 1 0 0 0 1 1 0 0 0.0
170 22 8214 0 0 0 1 0 1 1 0 0 0 0 1 0 1 0 1 1 1 0 0 1 0 0.0
171 22 11384 0 1 0 0 1 1 0 0 1 1 1 0 1 1 0 0 0 0 0 0 1 0 0.0
172 22 10424 0 1 0 1 0 1 1 0 0 1 1 0 0 1 0 0 0 1 0 1 0 1 0.0
173 22 8941 1 0 0 1 1 0 1 1 0 0 0 0 0 1 1 0 0 1 0 1 1 1 0.0
174 22 7845 1 0 0 0 0 0 1 0 0 1 1 1 0 0 0 1 0 1 1 1 0 1 0.0
175 22 9011 0 0 1 1 0 1 1 0 0 1 1 0 1 0 1 1 0 1 1 1 0 1 0.0
176 22 7976 1 0 0 1 0 0 1 0 0 0 1 1 0 0 0 0 0 1 0 1 0 0 0.0
177 22 8775 1 0 0 0 0 0 1 0 0 0 1 1 0 1 1 0 1 0 0 0 1 0 0.0
178 22 9257 0 1 0 0 0 0 0 0 1 1 0 0 0 1 0 1 0 0 1 1 0 1 0.0
179 22 8207 0 0 0 1 0 1 1 0 0 1 0 0 0 0 0 1 0 1 1 1 0 1 0.0
180 22 10417 0 0 0 1 1 1 1 0 1 0 1 1 0 0 0 1 1 1 1 1 1 0 0.0
181 22 11021 1 0 0 1 1 1 1 0 1 1 1 0 0 0 0 1 0 0 0 0 1 1 0.0
182 22 8840 0 1 1 0 0 0 0 0 0 0 1 0 0 0 1 1 1 1 0 1 1 0 0.0
183 22 10224 0 0 1 0 0 1 0 1 0 0 0 1 0 0 0 1 1 1 1 1 1 1 0.0
184 22 8903 1 0 0 1 0 0 0 0 1 1 1 0 0 0 1 1 0 1 0 0 0 1 0.0
185 22 9825 1 1 1 1 0 1 0 1 0 0 1 1 0 0 0 1 0 0 0 0 0 0 0.0
186 22 7676 1 0 0 1 0 0 1 0 0 0 0 0 0 0 1 0 0 1 1 1 1 1 0.0
187 22 8766 1 1 0 0 0 0 0 1 1 0 0 0 0 0 0 0 1 1 0 1 1 0 0.0
188 22 6362 0 0 0 1 0 0 0 0 1 1 1 0 0 1 0 1 1 0 1 0 0 0 0.0
189 22 9218 0 0 1 1 1 0 1 1 0 0 0 0 1 0 1 1 0 0 0 1 0 0 0.0
190 22 8242 0 1 1 1 0 1 0 0 1 0 0 0 0 0 1 0 0 1 0 1 1 0 0.0
191 22 7652 0 0 0 0 0 1 0 1 0 1 1 1 1 0 0 1 0 0 0 1 0 0 0.0
192 22 10418 0 1 1 0 1 1 1 1 0 1 0 1 1 0 0 0 1 0 1 1 0 0 0.0
193 22 11343 0 0 1 0 0 0 1 1 1 0 0 0 1 1 0 1 1 1 1 1 1 0 0.0
194 22 8449 0 1 1 0 1 0 1 1 1 0 0 0 0 1 1 1 0 0 0 0 1 0 0.0
195 22 9666 1 0 0 0 1 0 1 0 1 0 0 1 1 0 0 1 0 0 0 1 0 0 0.0
196 22 8275 1 0 1 0 1 1 0 0 0 0 0 0 0 1 0 1 0 1 0 1 1 0 0.0
197 22 9262 0 1 1 1 0 1 1 1 0 0 0 0 1 1 0 1 0 1 0 0 0 0 0.0
198 22 11471 0 0 0 1 1 1 0 1 0 0 0 1 1 1 0 1 1 0 1 0 0 1 0.0
199 22 8962 0 0 1 0 0 0 0 1 1 1 1 0 1 0 1 0 1 0 0 1 1 0 0.0
200 22 10163 0 1 1 0 1 1 1 0 1 0 1 1 0 1 1 0 0 0 0 1 0 0 0.0
201 22 9867 1 0 0 0 0 1 1 0 1 0 1 1 0 0 1 1 1 1 1 0 0 0 0.0
202 22 9031 0 0 1 0 0 1 0 0 0 1 1 0 1 0 0 0 1 0 1 1 1 0 0.0
203 22 9036 1 1 0 0 0 1 1 1 0 1 0 0 0 1 1 0 0 0 1 0 0 0 0.0
204 22 9270 0 0 0 0 0 1 0 0 1 0 1 1 0 0 0 0 1 0 0 1 1 0 0.0
205 22 9867 1 0 0 0 1 1 0 0 1 1 0 0 0 1 1 0 1 1 0 0 1 0 0.0
206 22 10426 0 0 1 0 0 0 1 0 1 1 0 1 1 1 0 0 0 0 1 0 1 1 0.0
207 22 8662 0 1 0 1 0 1 1 1 1 0 0 0 1 0 1 0 0 1 0 1 0 0 0.0
208 22 9057 0 1 0 0 1 1 1 0 1 0 0 1 0 0 1 0 1 0 0 0 1 0 0.0
209 22 9536 0 0 1 1 0 1 0 0 0 0 0 0 1 1 1 0 0 1 1 1 0 0 0.0
210 22 12118 1 0 1 1 0 0 0 1 1 1 0 0 0 1 1 1 0 0 0 1 0 0 0.0
211 22 9266 0 1 0 1 1 0 0 0 1 1 0 1 0 0 0 0 1 1 0 0 0 1 0.0
212 22 12236 0 0 1 1 0 1 0 0 1 0 0 1 1 0 1 1 0 1 1 0 0 0 0.0
213 22 7992 1 1 0 0 1 1 0 1 1 0 0 0 0 0 0 1 1 0 1 0 0 0 0.0
214 22 6686 1 1 0 0 0 0 1 1 1 1 0 1 0 0 1 0 0 1 0 0 0 0 0.0
215 22 8447 1 1 1 1 1 0 0 0 0 1 0 0 0 0 0 1 0 1 1 0 1 0 0.0
216 22 6590 1 0 0 0 0 0 1 1 0 1 1 0 0 0 0 0 0 1 1 1 0 1 0.0
217 22 9458 0 1 0 0 0 0 0 1 0 1 0 1 1 0 1 1 1 0 0 1 1 0 0.0
218 22 9895 1 0 0 0 1 1 1 1 1 0 0 1 0 1 0 0 1 0 0 1 1 0 0.0
219 22 8310 1 0 1 0 0 0 0 0 1 1 0 0 0 1 1 0 1 1 1 0 0 0 0.0
220 22 8567 1 0 1 1 1 1 0 0 0 0 1 0 1 0 0 0 1 0 1 0 1 0 0.0
221 22 11650 0 0 1 0 0 0 1 0 1 0 0 1 1 0 1 1 1 1 0 1 0 0 0.0
222 22 7794 0 0 0 1 1 0 1 0 1 0 1 1 1 1 0 0 0 0 0 0 1 1 0.0
223 22 9976 1 0 1 1 0 0 1 0 0 1 1 0 0 1 1 1 1 1 0 0 0 0 0.0
224 22 9887 1 0 1 1 1 0 1 0 0 1 1 1 0 0 0 0 1 1 0 0 0 0 0.0
225 22 8072 0 1 0 0 0 0 1 1 1 1 1 0 0 0 0 1 0 1 0 0 1 0 0.0
226 22 12043 1 1 1 1 0 0 0 0 0 0 1 1 1 1 1 1 1 0 0 0 0 0 0.0
227 22 10918 0 1 1 0 0 0 1 0 0 1 0 1 1 0 1 1 0 0 1 0 0 1 0.0
228 22 10639 1 0 0 0 0 1 0 1 1 0 1 1 1 0 0 1 1 1 0 0 0 0 0.0
229 22 10322 0 0 0 1 1 0 1 0 0 0 0 1 1 0 1 1 1 0 0 1 1 1 0.0
230 22 7463 0 1 0 1 1 1 0 0 0 0 1 0 0 1 0 1 0 1 0 0 1 0 0.0
231 22 10530 1 1 1 1 0 1 0 0 0 0 1 1 0 1 1 0 0 0 1 0 0 1 0.0
232 22 9454 1 1 1 1 0 1 0 0 0 0 0 1 1 1 0 0 1 1 0 1 1 0 0.0
233 22 7395 1 1 1 0 0 1 1 0 0 0 1 1 0 0 1 0 0 0 0 0 1 1 0.0
234 22 9568 0 0 1 1 0 0 0 1 0 0 1 1 0 1 1 0 0 0 1 1 0 1 0.0
235 22 10271 1 0 1 0 0 0 1 1 1 1 1 1 1 1 1 0 0 1 0 0 0 1 0.0
236 22 9662 0 0 0 1 0 0 1 0 1 1 0 1 1 1 0 0 0 1 0 1 1 0 0.0
237 22 10078 0 0 0 1 0 1 1 1 1 1 1 0 1 0 1 0 0 1 1 0 0 0 0.0
238 22 9220 0 0 0 1 1 0 0 1 1 0 1 0 0 1 0 1 0 0 0 1 1 0 0.0
239 22 11861 0 0 1 1 1 0 0 1 0 1 0 0 1 0 1 1 1 0 1 0 1 0 0.0
240 22 10220 0 1 0 1 1 1 0 1 0 1 1 1 1 0 0 1 0 0 0 0 0 1 0.0
241 22 7997 0 1 0 1 1 0 0 1 0 1 0 0 0 0 1 0 1 1 1 0 0 0 0.0
242 22 9483 1 0 0 1 0 0 1 0 0 1 1 1 0 0 0 1 0 0 1 1 1 0 0.0
243 22 9453 1 0 1 1 1 0 0 0 0 0 0 1 0 1 0 0 1 0 0 0 1 0 0.0
244 22 11300 0 0 0 1 0 1 0 1 1 0 0 1 0 0 1 1 0 1 1 1 1 0 0.0
245 22 6798 0 0 1 0 1 0 0 1 0 1 0 0 0 0 1 0 0 0 1 1 0 1 0.0
246 22 12081 1 1 0 0 1 1 1 1 0 0 0 1 0 1 0 1 0 0 0 1 1 1 0.0
247 22 8406 1 1 0 1 0 1 1 1 0 1 1 1 0 0 0 0 0 0 1 0 0 0 0.0
248 22 11346 0 1 1 1 0 1 0 0 1 0 0 1 1 0 0 0 0 1 1 1 0 1 0.0
249 22 7392 1 0 0 0 1 0 1 0 0 0 0 0 0 1 1 1 1 1 0 1 1 0 0.0
250 22 10257 1 1 1 0 0 0 0 1 1 0 0 1 0 1 1 1 0 1 1 1 0 1 0.0
251 22 9260 1 0 0 0 0 0 1 0 1 0 0 1 0 0 0 0 1 1 1 0 0 1 0.0
252 22 7400 0 1 1 1 0 1 0 0 0 0 0 1 0 1 1 0 0 0 1 0 0 0 0.0
253 22 8972 0 1 1 1 0 0 1 1 0 0 0 0 1 1 0 0 1 0 0 0 0 0 0.0
254 22 9689 0 1 0 1 0 1 0 1 0 0 0 0 1 1 0 0 1 0 0 1 0 0 0.0
255 22 8425 1 0 0 0 1 1 1 0 1 1 0 0 0 1 1 0 0 0 1 1 0 0 0.0
256 22 7785 0 1 0 0 1 1 0 1 0 1 0 0 0 0 0 0 1 1 0 1 1 0 0.0
257 22 9105 1 1 0 0 0 1 0 0 0 0 1 0 0 1 1 0 1 1 1 1 0 0 0.0
258 22 12863 1 1 1 0 0 0 0 0 1 1 0 0 1 1 1 0 0 1 0 0 1 1 0.0
259 22 10401 1 0 0 0 0 0 1 1 1 0 0 1 0 1 1 0 0 1 0 1 1 1 0.0
260 22 9443 1 0 0 1 1 0 0 1 1 0 1 0 0 0 0 1 1 0 1 0 0 0 0.0
261 22 8944 1 0 1 0 1 0 0 1 0 0 0 0 0 0 0 0 0 1 1 1 1 1 0.0
262 22 8397 0 0 1 1 1 0 1 1 1 1 0 0 1 0 1 0 0 0 0 1 1 0 0.0
263 22 8863 0 0 0 0 1 0 0 1 1 1 0 0 0 0 0 1 0 1 1 1 1 0 0.0
264 22 8585 1 0 1 0 0 0 0 0 1 1 1 0 0 0 1 0 1 0 0 1 0 1 0.0
265 22 11499 0 1 1 0 0 1 0 0 0 0 1 1 1 1 0 1 1 0 1 1 1 0 0.0
266 22 8296 1 0 0 0 1 0 0 0 1 1 1 0 0 0 0 0 1 0 1 1 0 1 0.0
267 22 7721 1 0 0 0 0 0 1 1 1 1 0 1 0 0 1 0 0 0 1 1 0 0 0.0
268 22 10151 0 0 0 0 1 1 0 1 0 1 0 0 1 1 0 1 0 0 0 1 1 1 0.0
269 22 9291 0 0 0 0 1 1 0 0 0 1 0 0 1 1 1 0 0 1 1 1 1 1 0.0
270 22 11854 0 0 1 0 0 1 1 0 1 1 1 1 1 1 1 1 0 0 1 0 0 0 0.0
271 22 10937 0 1 0 1 0 0 0 1 1 0 1 1 0 0 1 1 0 1 1 0 1 0 0.0
272 22 7048 0 1 0 1 0 1 0 1 0 0 0 0 0 1 1 0 1 0 1 0 0 1 0.0
273 22 10484 0 1 0 0 1 1 1 1 0 1 0 0 1 0 0 1 0 1 1 1 0 1 0.0
274 22 9682 0 1 0 0 0 1 0 1 1 0 0 1 0 0 1 1 0 1 0 1 0 1 0.0
275 22 9303 0 0 0 0 1 0 0 0 0 1 1 0 0 0 1 1 1 0 0 1 0 1 0.0
276 22 10505 1 0 1 0 1 1 0 0 0 1 0 0 1 0 0 1 1 1 0 0 0 0 0.0
277 22 12532 1 1 0 0 0 1 1 1 1 1 0 1 0 0 1 0 0 0 1 1 0 1 0.0
278 22 10199 1 1 0 0 0 1 1 0 1 0 0 1 1 0 1 0 0 0 1 1 0 0 0.0
279 22 8765 0 1 1 1 1 0 0 0 0 0 0 0 1 1 0 0 1 0 0 0 0 1 0.0
280 22 8006 1 0 0 0 1 1 1 1 0 0 0 1 0 0 0 1 1 0 0 0 1 1 0.0
281 22 13049 1 0 0 1 0 1 1 0 1 0 0 1 1 1 0 1 0 1 1 0 1 1 0.0
282 22 9475 1 0 0 0 1 1 0 1 1 0 0 0 0 0 1 0 1 1 1 0 0 1 0.0
283 22 8164 1 0 0 1 0 0 1 1 0 1 0 1 0 1 1 0 0 1 1 1 0 0 0.0
284 22 9050 1 0 0 1 0 1 1 1 0 1 0 0 0 1 1 0 0 1 0 1 0 1 0.0
285 22 9212 1 0 0 1 1 0 0 1 0 1 0 1 0 0 1 1 0 0 0 0 0 1 0.0
286 22 9376 1 1 1 0 1 1 0 1 0 1 1 0 0 1 0 0 0 1 0 0 1 1 0.0
287 22 10494 0 0 1 1 0 1 0 1 1 1 0 0 1 1 0 0 0 1 0 0 0 0 0.0
288 22 7926 1 1 0 1 0 1 1 1 1 0 0 0 1 0 0 0 1 0 0 0 1 1 0.0
289 22 8693 1 1 0 0 0 0 0 0 0 1 0 1 1 0 0 1 0 1 1 0 0 1 0.0
290 22 9540 1 1 0 0 1 0 1 0 1 1 1 0 0 0 0 1 1 0 1 0 1 1 0.0
291 22 10935 1 1 1 1 1 0 0 0 0 0 1 1 1 1 1 1 0 0 1 0 0 0 0.0
292 22 6023 0 1 1 1 0 0 0 0 0 0 1 0 0 0 1 0 1 0 0 0 1 1 0.0
293 22 8310 0 0 1 1 0 0 0 0 0 1 1 0 0 1 1 0 1 1 1 0 1 0 0.0
294 22 11770 0 1 0 1 0 1 1 0 1 1 1 0 0 0 0 1 1 1 1 1 1 0 0.0
295 22 8840 1 0 0 0 0 1 0 1 1 1 0 0 1 0 1 1 0 1 0 0 0 1 0.0
296 22 8830 0 0 0 0 1 1 0 1 1 0 1 1 1 1 0 0 1 0 1 0 0 0 0.0
297 22 10082 1 1 0 0 0 1 1 1 0 0 0 1 0 1 1 0 0 0 0 0 0 0 0.0
298 22 9078 1 1 0 0 0 0 0 0 1 1 0 0 1 0 1 0 0 0 1 1 0 1 0.0
299 22 8142 0 1 1 1 0 0 1 0 0 1 0 1 0 0 0 1 1 1 0 0 0 1 0.0
300 22 9169 0 0 1 1 0 1 1 1 0 1 0 1 1 1 0 1 0 0 0 0 1 0 0.0
301 22 11338 0 0 0 1 1 1 0 1 1 0 1 1 0 1 0 1 0 1 0 0 0 1 0.0
302 22 8840 1 1 0 0 0 1 0 0 1 0 1 1 1 0 0 1 0 1 1 0 0 1 0.0
303 22 7951 1 1 1 0 0 0 0 0 0 1 1 0 1 0 1 0 0 0 1 0 1 0 0.0
304 22 8168 0 1 1 1 1 0 1 1 1 0 0 1 0 0 0 0 1 0 1 0 0 1 0.0
305 22 12248 1 0 0 0 1 0 1 1 1 0 1 1 0 1 1 0 0 1 1 0 1 1 0.0
306 22 8958 1 0 0 0 0 1 0 0 1 0 0 0 0 0 1 1 1 0 1 1 0 0 0.0
307 22 7672 0 1 0 1 1 0 1 0 0 0 1 0 1 1 1 0 0 0 0 1 0 0 0.0
308 22 10231 0 0 1 1 0 0 1 0 0 0 1 1 1 0 1 0 0 0 0 1 1 0 0.0
309 22 8332 1 0 0 0 1 0 0 1 1 1 0 0 0 0 0 0 1 1 1 1 1 1 0.0
310 22 6742 1 0 0 0 0 0 1 0 1 0 1 0 1 0 0 1 1 0 1 1 0 0 0.0
311 22 8494 1 0 1 0 0 0 1 1 1 1 1 0 1 0 0 1 0 0 0 0 0 0 0.0
312 22 10388 0 0 1 1 1 1 0 0 1 0 0 1 1 0 1 0 0 0 0 1 0 1 0.0
313 22 9190 0 0 1 1 0 0 0 0 1 1 1 0 0 1 1 0 0 0 1 0 1 1 0.0
314 22 9549 0 1 0 1 1 1 0 1 0 0 0 1 1 0 0 1 0 0 0 1 0 0 0.0
315 22 8142 0 0 0 1 0 1 1 0 0 0 0 1 1 0 0 1 0 0 0 0 0 1 0.0
316 22 8670 1 1 0 1 1 0 0 1 1 1 1 0 1 1 1 0 0 0 0 0 0 0 0.0
317 22 10936 0 1 1 1 0 0 0 0 0 1 1 0 0 0 1 1 0 1 1 0 1 1 0.0
318 22 9306 1 1 0 1 0 0 1 1 0 0 0 1 0 0 1 0 0 0 0 1 1 0 0.0
319 22 10313 0 0 1 1 0 0 1 0 0 1 0 0 0 1 1 1 0 1 1 0 1 0 0.0
320 22 10095 0 1 0 0 0 0 0 1 0 1 0 0 0 1 1 1 0 1 0 1 1 1 0.0
321 22 6128 0 0 0 1 0 0 0 1 0 0 0 1 0 0 1 0 0 1 0 0 0 1 0.0
322 22 8397 0 0 0 1 0 0 1 0 1 0 1 1 1 0 1 0 1 0 0 0 0 0 0.0
323 22 9210 0 0 0 0 1 1 0 0 1 1 0 1 0 0 1 0 1 1 0 0 1 0 0.0
324 22 11234 0 0 1 0 1 0 1 0 0 1 1 1 0 0 0 0 1 1 1 1 0 1 0.0
325 22 5850 0 0 1 1 1 1 1 0 0 0 1 1 1 1 0 0 0 0 0 0 1 0 0.0
326 22 8582 0 0 0 0 0 0 0 0 0 1 0 0 1 0 0 1 1 0 1 1 1 1 0.0
327 22 7755 0 0 0 0 1 0 1 1 0 1 0 0 1 1 0 0 1 0 0 0 0 1 0.0
328 22 11110 1 1 0 0 1 0 0 0 0 0 1 1 0 1 0 0 1 1 0 1 0 1 0.0
329 22 10242 0 1 0 0 0 0 0 0 1 1 1 0 1 0 0 1 1 0 0 1 1 1 0.0
330 22 8634 1 0 0 1 1 0 0 1 0 1 0 0 1 0 0 0 0 1 0 1 0 1 0.0
331 22 9240 1 0 0 1 1 0 1 1 0 1 0 1 0 0 0 1 1 1 0 0 1 0 0.0
332 22 9631 0 1 0 1 0 0 0 1 1 1 1 1 0 0 0 0 1 0 0 0 0 1 0.0
333 22 10363 1 0 0 0 0 1 1 0 1 0 0 1 0 1 0 1 1 0 0 0 1 1 0.0
334 22 8618 1 1 0 0 0 1 1 0 0 0 0 1 0 1 1 0 1 1 0 1 1 0 0.0
335 22 10904 1 1 1 0 0 1 0 1 1 0 0 0 1 0 1 0 0 1 0 0 0 1 0.0
336 22 9451 1 1 0 1 0 0 1 1 0 0 1 1 1 1 0 1 1 1 0 1 0 0 0.0
337 22 9302 1 0 0 0 1 1 0 1 1 1 0 1 1 0 0 0 0 0 0 1 1 0 0.0
338 22 9090 0 1 0 0 1 0 0 0 1 0 1 0 0 0 1 0 0 1 1 1 0 1 0.0
339 22 10423 0 1 0 0 1 0 1 1 0 0 1 0 0 0 0 1 1 0 1 1 1 1 0.0
340 22 9065 0 0 1 0 0 1 1 0 1 1 0 1 0 0 0 1 1 1 0 0 0 1 0.0
341 22 9775 1 1 0 1 0 0 1 1 0 0 1 1 1 0 0 0 0 0 0 0 1 1 0.0
342 22 10055 0 1 0 1 1 0 0 0 1 0 1 1 0 0 0 1 0 0 0 0 1 1 0.0
343 22 8428 0 1 0 1 0 1 0 1 0 0 0 0 0 1 1 0 1 0 0 1 1 0 0.0
344 22 10026 1 1 1 0 0 0 0 0 1 0 0 1 1 0 1 0 0 0 0 1 0 1 0.0
345 22 10556 1 0 1 0 0 1 0 0 1 0 0 0 0 0 0 1 1 1 1 0 1 1 0.0
346 22 8801 0 1 0 1 0 1 1 0 0 1 0 1 0 1 0 0 1 0 1 1 1 0 0.0
347 22 8364 1 0 0 0 1 1 0 0 0 1 0 1 1 1 0 1 0 0 0 0 0 1 0.0
348 22 8504 0 1 0 0 0 1 1 0 0 0 0 0 1 0 0 0 1 0 0 1 1 0 0.0
349 22 9234 1 1 0 1 1 0 0 1 1 0 0 1 0 1 0 1 0 1 0 0 1 0 0.0
350 22 8759 0 0 1 1 0 1 1 0 0 1 0 0 0 1 0 0 1 0 0 0 1 0 0.0
351 22 9214 1 0 1 0 0 1 0 1 1 1 0 1 1 0 0 1 0 1 1 0 0 1 0.0
352 22 8862 1 0 0 1 0 1 0 0 1 0 1 1 1 0 0 1 0 1 1 0 0 0 0.0
353 22 8319 1 0 1 0 0 1 0 0 0 1 1 0 1 1 1 0 0 0 1 0 1 0 0.0
354 22 9822 0 0 1 1 1 1 0 1 0 0 0 0 1 1 0 0 1 0 0 0 0 1 0.0
355 22 9762 1 0 0 0 1 0 1 0 1 1 1 0 0 0 1 1 1 0 1 0 0 1 0.0
356 22 9275 0 1 1 0 1 0 1 0 0 0 1 1 0 0 0 0 1 1 1 1 0 0 0.0
357 22 6716 0 0 1 1 1 1 0 0 0 1 1 0 0 0 1 1 0 0 0 0 0 1 0.0
358 22 9666 1 0 0 1 1 0 0 1 1 1 0 1 0 0 1 1 1 0 0 0 0 1 0.0
359 22 8191 0 0 1 1 1 0 0 1 0 1 1 0 0 1 0 0 0 1 1 0 1 1 0.0
360 22 9153 0 0 1 1 1 0 0 1 1 0 0 1 0 1 0 0 0 0 0 0 0 1 0.0
361 22 9402 0 0 1 0 0 1 1 1 0 0 1 0 0 0 0 0 0 1 1 1 1 0 0.0
362 22 10438 1 0 1 0 0 1 0 0 1 1 1 0 0 1 0 0 0 1 1 1 0 0 0.0
363 22 10476 0 0 1 0 0 0 1 0 1 0 1 1 0 1 0 1 1 1 1 0 0 0 0.0
364 22 8856 1 1 0 0 0 1 0 0 0 0 1 1 0 1 1 0 0 0 0 0 0 1 0.0
365 22 10323 0 0 0 0 1 1 0 0 0 1 0 1 0 1 0 0 1 1 1 1 0 1 0.0
366 22 11558 0 0 0 1 1 0 1 1 1 1 0 0 1 0 0 1 1 0 1 0 1 1 0.0
367 22 9340 0 0 1 0 0 0 0 0 1 0 1 0 1 0 0 1 1 1 0 1 0 1 0.0
368 22 9283 1 0 0 0 1 0 0 0 1 0 1 0 1 1 1 0 0 0 0 0 1 1 0.0
369 22 8430 0 1 1 1 1 1 0 0 1 1 0 0 0 1 0 0 1 0 0 0 0 1 0.0
370 22 9093 1 1 0 1 1 1 0 0 0 0 1 0 1 0 1 0 1 0 0 1 0 0 0.0
371 22 9621 1 1 0 0 1 1 1 0 1 1 0 0 0 0 1 0 1 1 0 1 1 0 0.0
372 22 11590 0 1 0 1 1 1 1 1 0 1 1 0 0 0 1 1 0 0 1 0 0 1 0.0
373 22 8976 1 1 0 1 1 0 1 0 1 0 1 0 0 1 0 0 0 0 0 0 1 1 0.0
374 22 9350 1 0 0 1 0 0 1 1 1 0 0 0 0 1 1 0 0 0 1 0 1 1 0.0
375 22 8851 1 0 0 1 1 0 1 1 1 0 0 1 1 1 0 0 1 0 0 0 1 0 0.0
376 22 9426 1 1 0 1 0 1 1 0 0 0 1 1 0 1 0 0 1 1 1 0 0 1 0.0
377 22 9308 0 1 0 0 1 0 1 1 1 1 0 1 1 0 1 0 0 1 0 1 0 1 0.0
378 22 10396 0 1 0 1 1 0 1 1 1 1 1 0 0 0 0 1 0 1 0 0 0 0 0.0
379 22 9137 0 0 1 1 1 1 1 0 0 1 0 0 0 0 0 1 1 0 0 0 1 1 0.0
380 22 8063 1 0 1 0 1 0 1 0 0 0 1 0 0 0 1 1 0 1 1 0 0 1 0.0
381 22 13232 0 1 1 1 0 1 1 0 0 1 0 0 0 0 1 1 1 1 1 0 0 1 0.0
382 22 8366 1 0 0 1 0 1 1 0 0 0 0 0 0 0 0 0 0 1 1 1 1 1 0.0
383 22 8789 1 1 0 0 0 1 1 1 0 1 0 1 1 0 1 0 0 0 1 0 1 0 0.0
384 22 9316 0 1 1 0 1 1 0 0 0 0 0 1 0 0 1 1 1 1 0 0 0 0 0.0
385 22 8223 0 0 1 1 0 0 0 0 1 1 1 0 0 0 1 0 0 0 0 0 1 1 0.0
386 22 9232 0 0 0 0 1 0 1 1 0 1 0 0 1 0 0 0 0 1 1 1 1 1 0.0
387 22 11681 1 0 0 0 1 1 1 0 0 0 1 0 0 1 1 0 1 1 0 0 1 0 0.0
388 22 11186 0 0 1 0 1 1 1 0 0 0 0 1 1 1 0 0 0 1 0 1 1 1 0.0
389 22 11069 1 0 0 0 0 1 0 0 1 1 0 1 0 0 0 1 1 1 0 1 0 1 0.0
390 22 8696 1 1 0 1 0 0 0 1 0 0 1 1 0 0 1 0 1 0 0 0 0 0 0.0
391 22 9419 0 0 0 1 1 1 1 0 0 1 1 0 0 0 0 0 1 1 1 1 1 0 0.0
392 22 9991 0 1 1 1 1 1 0 0 1 1 1 1 0 1 0 1 0 0 0 0 1 0 0.0
393 22 9687 0 0 0 1 1 0 1 1 0 1 1 0 0 0 1 1 0 0 1 1 0 1 0.0
394 22 10286 1 0 0 1 1 0 0 1 0 1 0 1 1 1 1 0 0 1 0 1 1 0 0.0
395 22 7524 1 0 1 0 1 0 0 1 1 0 0 0 1 1 0 0 1 1 0 0 0 0 0.0
396 22 8510 0 1 1 1 0 0 1 1 0 0 1 0 0 0 1 0 1 0 0 1 1 0 0.0
397 22 7855 0 0 0 0 1 0 0 0 0 0 1 1 0 1 1 0 1 1 0 0 0 1 0.0
398 22 7504 0 0 0 1 0 0 0 0 0 1 0 0 1 1 1 0 0 0 1 1 0 0 0.0
399 22 8659 0 0 0 1 0 1 1 0 0 0 0 0 0 1 0 1 0 1 1 0 1 1 0.0
400 22 7707 1 0 0 0 0 1 0 1 0 0 0 1 1 0 0 1 0 1 1 0 0 0 0.0
401 22 9572 1 1 0 1 1 0 0 0 0 0 1 0 1 1 1 1 1 0 0 0 0 1 0.0
402 22 7489 0 0 0 1 0 0 1 1 0 0 0 0 1 0 1 0 1 1 0 1 1 0 0.0
403 22 8590 1 1 0 0 1 0 1 0 0 1 1 0 1 0 1 1 0 1 0 0 0 0 0.0
404 22 8671 0 0 1 0 1 1 0 1 0 0 1 0 1 1 1 1 0 0 0 0 1 0 0.0
405 22 7177 0 1 0 1 0 0 1 0 0 1 0 0 1 0 1 0 0 1 1 0 0 0 0.0
406 22 9042 1 1 0 1 0 0 1 1 0 1 1 0 0 0 0 1 0 1 1 0 0 0 0.0
407 22 8186 0 1 1 1 0 0 0 1 0 1 0 1 0 0 0 0 0 0 0 0 1 1 0.0
408 22 11251 0 0 0 1 1 0 1 0 0 0 1 1 0 1 1 1 0 1 0 1 0 0 0.0
409 22 7532 0 0 0 1 1 1 0 0 0 1 1 1 0 0 1 0 0 0 1 1 0 1 0.0
410 22 11243 1 1 1 0 1 1 1 0 1 0 0 0 1 0 0 0 0 1 1 0 1 0 0.0
411 22 11440 1 0 0 1 0 1 0 0 1 1 0 0 0 1 0 1 1 1 1 1 1 1 0.0
412 22 8348 1 1 0 0 0 0 1 1 0 1 0 0 0 0 0 1 0 0 0 1 1 0 0.0
413 22 10540 1 1 0 0 0 1 1 1 0 0 1 0 1 0 0 0 1 1 1 0 1 0 0.0
414 22 9178 0 1 0 1 1 0 0 0 1 1 0 1 1 1 0 0 0 0 0 1 0 1 0.0
415 22 8592 0 0 1 0 0 1 0 0 0 1 1 0 0 0 0 0 0 0 1 1 1 1 0.0
416 22 11030 1 0 0 1 1 1 0 0 1 0 0 1 0 1 1 0 1 0 1 0 1 0 0.0
417 22 8976 1 1 1 1 1 1 0 0 0 0 1 0 1 0 0 0 0 1 0 0 0 1 0.0
418 22 10000 0 1 0 1 0 1 0 1 0 1 0 1 0 1 0 1 0 0 0 1 1 1 0.0
419 22 9084 0 1 1 1 1 1 0 0 1 0 0 0 1 0 1 1 0 0 0 0 0 1 0.0
420 22 8476 0 1 1 0 0 0 0 0 0 0 0 1 0 0 1 1 0 1 0 0 1 1 0.0
421 22 10035 0 1 0 1 0 1 0 0 1 0 1 1 1 0 0 0 0 1 0 0 1 0 0.0
422 22 10582 1 1 0 0 0 1 1 0 0 1 0 1 1 0 1 0 1 0 0 1 1 0 0.0
423 22 9861 1 1 0 1 1 0 1 0 1 0 0 1 0 0 0 1 0 1 0 0 0 1 0.0
424 22 7557 0 0 0 1 0 1 0 0 1 0 1 0 1 0 0 0 0 1 0 0 0 1 0.0
425 22 7121 0 1 1 0 0 0 0 0 0 0 0 1 0 1 1 0 1 1 1 0 0 0 0.0
426 22 7490 1 0 1 1 0 0 0 0 1 1 1 0 1 0 0 0 0 1 1 1 0 0 0.0
427 22 8734 0 0 1 0 1 0 1 1 1 1 0 1 0 0 1 0 0 0 1 0 0 1 0.0
428 22 7930 1 1 0 1 1 0 0 0 0 0 0 0 1 0 0 0 1 1 0 1 1 0 0.0
429 22 9899 0 1 0 1 1 0 1 0 1 1 0 0 0 0 1 1 0 0 0 1 1 1 0.0
430 22 6045 0 0 0 1 1 1 0 0 0 0 0 0 1 0 0 0 1 1 0 0 1 0 0.0
431 22 9461 0 0 0 1 1 0 1 1 0 1 0 1 1 1 0 0 1 0 0 0 0 0 0.0
432 22 8016 0 0 0 1 1 0 0 0 0 0 1 1 0 1 1 1 0 0 0 1 0 1 0.0
433 22 11351 0 0 0 0 0 1 1 0 0 0 1 1 1 1 0 1 0 1 1 1 0 1 0.0
434 22 8885 1 1 0 1 1 0 0 0 0 0 1 0 0 1 1 0 1 1 0 0 0 0 0.0
435 22 10364 1 0 0 1 1 1 0 0 1 1 1 0 0 1 1 0 0 0 1 0 0 0 0.0
436 22 6333 0 0 0 0 1 0 1 0 0 1 1 0 1 0 0 0 0 1 1 0 1 0 0.0
437 22 8508 0 1 1 1 1 1 0 1 0 0 0 0 1 1 0 0 1 0 0 0 0 0 0.0
438 22 9809 0 0 1 1 0 1 0 0 0 1 1 0 0 1 0 1 1 1 0 1 1 1 0.0
439 22 9191 0 0 1 1 1 0 0 0 1 0 1 0 0 0 0 1 1 1 0 0 0 1 0.0
440 22 10972 1 0 1 1 1 0 1 1 0 0 1 1 0 0 1 0 1 1 0 0 1 1 0.0
441 22 10276 0 0 1 0 1 0 0 1 0 1 0 0 1 1 0 1 1 0 1 1 0 1 0.0
442 22 10084 1 1 0 0 1 0 0 1 1 0 0 0 1 1 0 0 0 1 1 0 0 0 0.0
443 22 10714 1 1 0 1 1 0 0 0 1 1 0 0 1 0 0 1 1 0 0 1 0 0 0.0
444 22 9273 0 0 0 1 1 0 1 0 1 1 0 1 0 1 0 1 1 1 0 0 0 0 0.0
445 22 7586 0 0 0 1 0 1 0 1 0 1 1 0 0 1 1 0 1 1 0 1 0 0 0.0
446 22 9400 1 1 1 1 1 0 0 0 0 1 0 0 0 0 1 1 0 0 0 1 0 1 0.0
447 22 8870 0 0 0 0 1 0 0 0 1 1 1 0 1 0 0 0 1 1 1 0 0 1 0.0
448 22 7753 0 1 0 0 0 0 0 1 1 1 0 0 0 1 0 0 0 1 1 1 1 1 0.0
449 22 10371 0 0 1 1 1 1 0 1 0 0 1 1 0 0 0 1 0 1 0 0 0 1 0.0
450 22 8672 0 0 0 0 0 1 0 1 0 1 1 1 1 0 0 1 1 0 0 1 1 0 0.0
451 22 7488 1 0 0 1 0 1 0 1 1 0 0 0 0 0 0 1 1 0 0 1 0 0 0.0
452 22 11516 1 0 0 1 0 1 0 1 1 0 1 0 1 0 0 1 0 0 1 1 1 1 0.0
453 22 10161 0 0 1 1 1 1 0 0 1 0 1 0 0 1 0 1 0 1 1 1 0 0 0.0
454 22 8535 0 1 1 0 0 0 0 1 0 0 0 1 1 0 1 1 0 1 1 1 1 0 0.0
455 22 10404 0 0 1 1 1 0 0 1 0 1 0 0 1 1 0 1 0 1 0 1 0 0 0.0
456 22 10098 0 0 1 1 0 1 1 0 0 0 0 1 1 0 1 0 1 1 1 1 0 0 0.0
457 22 10118 0 0 0 1 1 1 1 0 0 0 0 0 0 1 1 0 1 0 0 0 1 1 0.0
458 22 8684 1 1 0 0 0 0 1 1 0 1 0 0 1 0 1 1 1 0 0 0 0 1 0.0
459 22 11495 0 1 0 0 0 1 0 1 0 0 0 1 1 1 1 0 0 1 0 1 1 1 0.0
460 22 7436 0 0 0 1 0 0 1 0 1 0 0 1 1 1 1 1 0 0 1 0 0 0 0.0
461 22 8446 1 0 1 0 0 1 0 0 0 0 1 1 0 1 1 1 1 0 0 0 0 1 0.0
462 22 9262 1 0 0 0 1 0 0 1 1 0 0 1 1 1 0 1 0 0 0 0 1 0 0.0
463 22 9944 1 0 0 1 1 1 0 0 1 1 1 0 0 1 1 0 1 0 1 0 0 0 0.0
464 22 12025 0 1 1 0 0 1 0 0 0 1 0 1 1 0 0 0 1 1 1 0 0 1 0.0
465 22 11096 0 0 1 1 0 1 0 0 0 1 1 0 1 1 0 0 0 1 0 1 1 1 0.0
466 22 12771 1 0 0 1 0 0 0 1 1 1 1 0 1 0 0 1 0 1 1 0 1 1 0.0
467 22 9975 0 1 0 0 0 0 1 1 1 0 1 1 0 1 1 0 0 0 1 0 0 1 0.0
468 22 9760 0 0 1 0 0 0 1 1 1 1 0 0 0 0 0 1 1 1 0 0 1 0 0.0
469 22 7746 0 1 0 1 1 1 1 0 1 0 1 0 0 0 1 0 0 0 0 1 0 1 0.0
470 22 11320 1 1 0 1 0 0 0 1 0 1 1 0 1 1 1 0 0 1 0 0 0 0 0.0
471 22 8096 1 1 0 0 0 0 0 0 1 0 1 0 0 0 1 1 0 0 1 1 0 1 0.0
472 22 9621 0 0 0 0 1 1 0 0 0 0 1 1 1 0 1 0 0 1 0 1 1 1 0.0
473 22 9827 0 1 0 1 1 0 0 0 1 1 0 0 1 1 0 0 0 1 0 1 0 1 0.0
474 22 7511 0 0 1 1 1 0 1 0 0 0 0 1 1 0 0 0 1 0 0 1 0 0 0.0
475 22 9951 0 0 1 0 1 0 0 1 1 1 0 1 1 1 0 1 0 1 1 0 0 1 0.0
476 22 6079 0 0 0 1 0 0 0 1 1 1 0 1 1 0 0 0 0 0 0 0 0 1 0.0
477 22 11635 0 1 0 1 0 0 0 1 0 1 0 1 0 1 1 1 1 0 0 0 0 1 0.0
478 22 10123 1 1 0 0 0 1 0 1 0 0 0 0 1 1 0 1 0 1 0 0 1 1 0.0
479 22 7897 0 0 1 0 1 0 1 0 0 0 0 0 1 0 0 0 1 0 1 0 1 1 0.0
480 22 7885 1 1 1 0 0 0 0 0 0 1 0 0 1 0 0 1 0 1 0 0 1 1 0.0
481 22 9545 1 1 1 0 1 0 1 0 0 0 0 0 1 1 1 0 1 0 1 0 0 0 0.0
482 22 9303 1 0 1 0 0 1 0 0 0 0 1 0 0 1 1 1 0 1 0 0 1 1 0.0
483 22 9048 1 1 0 0 1 0 0 0 0 0 1 0 0 0 1 1 1 0 0 1 1 0 0.0
484 22 9221 0 1 1 0 1 1 1 1 1 0 0 0 0 0 1 0 0 1 0 1 0 0 0.0
485 22 9226 0 1 0 1 0 0 0 1 1 1 1 1 0 1 0 1 0 0 0 1 0 1 0.0
486 22 10919 0 1 0 0 0 1 0 1 0 1 0 0 1 0 1 0 1 1 1 0 1 0 0.0
487 22 9162 0 0 1 0 0 1 1 1 1 0 0 0 1 1 0 0 1 0 0 0 1 1 0.0
488 22 9109 1 0 0 1 1 1 1 0 0 0 1 0 1 1 1 1 0 0 1 0 0 0 0.0
489 22 8696 0 1 0 1 0 0 1 1 0 0 0 1 0 1 1 1 1 0 0 1 1 1 0.0
490 22 9555 0 0 0 0 1 1 0 1 0 1 1 0 1 0 1 1 1 0 1 0 0 0 0.0
491 22 7546 1 1 0 1 0 0 0 1 0 0 1 0 1 1 0 0 1 0 1 1 1 0 0.0
492 22 11806 0 1 1 1 0 0 1 0 1 1 1 1 1 1 1 0 0 0 0 0 1 0 0.0
493 22 8555 0 0 1 1 0 1 1 1 1 0 0 1 0 0 0 1 0 0 0 1 0 0 0.0
494 22 10510 1 1 1 0 0 0 1 1 1 0 1 0 0 0 1 1 1 0 0 1 0 0 0.0
495 22 8260 0 0 1 1 0 1 1 1 1 0 0 0 1 0 0 0 1 0 0 0 0 0 0.0
496 22 8067 0 0 0 0 0 1 0 0 0 0 1 1 0 1 1 1 0 1 1 1 0 0 0.0
497 22 10946 0 0 1 1 1 1 0 0 0 0 1 1 1 1 1 1 0 1 0 0 0 1 0.0
498 22 9552 0 0 0 0 1 1 0 0 1 0 0 1 1 0 1 0 1 1 0 0 1 1 0.0
499 22 10514 0 1 0 0 0 1 0 1 0 0 0 0 0 0 0 1 1 1 1 1 1 1 0.0
500 22 10326 0 0 1 0 0 0 1 1 0 1 1 1 1 0 1 1 1 0 0 1 1 0 0.0
