1 20 104 58 892 50 388 44 404 131 133 81 728 20 500 7 1185 52 530 78 1316 18 1431 14 881 51 323 15 888 12 910 78 207 70 494 79 1424 101 483 6 1193 81 1259
2 20 79 69 1329 29 1175 16 187 98 1335 25 952 7 962 46 868 21 1485 7 1488 17 1165 18 1363 90 275 6 675 64 185 65 735 85 411 4 859 103 1392 3 475 17 963
3 20 80 21 213 56 87 8 588 121 414 1 8 31 390 6 1 9 1323 29 453 14 1499 12 229 70 1222 61 1347 37 1438 61 1126 87 619 41 1290 67 1354 64 296 7 1131
4 20 95 28 698 42 1291 128 200 23 177 70 50 83 787 130 1465 21 112 40 1273 27 1175 27 345 29 836 46 371 9 629 16 1347 2 355 121 978 36 440 10 1448 68 1228
5 20 67 10 177 3 551 18 1103 70 795 7 1164 69 1222 8 740 122 149 63 1287 21 251 11 553 10 827 9 1255 7 546 61 55 39 384 44 1148 6 685 50 1272 45 1017
6 20 61 26 1106 17 1306 11 532 24 754 4 1396 64 1464 10 633 17 171 3 1260 44 169 1 7 67 78 25 735 27 269 100 769 10 1490 1 472 29 814 37 592 98 280
7 20 60 10 1377 26 540 16 553 54 1056 104 735 76 1359 2 245 9 1464 13 233 12 734 12 62 13 947 27 818 15 56 40 61 46 1308 37 1037 19 629 25 812 49 274
8 20 92 80 295 36 413 83 821 58 610 6 560 6 1199 6 1209 176 836 7 578 1 1441 68 553 41 74 53 573 83 709 29 1412 19 35 61 212 1 1153 42 645 72 1273
9 20 85 31 33 3 313 9 1259 48 1092 4 1140 12 1052 26 453 87 1075 136 816 42 1119 37 88 6 111 13 980 58 318 3 971 119 1260 113 1007 61 1395 6 494 42 184
10 20 95 52 683 56 303 15 1296 94 73 62 224 85 505 35 1460 5 580 5 168 77 259 15 510 2 1242 25 670 57 1266 187 233 25 420 87 970 2 1072 34 1127 32 151
11 20 94 3 781 47 982 54 1341 34 504 140 455 218 133 6 1169 8 1034 43 594 43 525 17 347 16 1485 59 667 2 358 101 62 13 272 7 1291 20 41 80 217 30 1023
12 20 88 14 687 115 1013 30 539 82 1226 22 646 36 566 26 13 95 1496 43 206 2 1350 60 196 9 442 13 268 12 472 56 929 38 661 38 1274 31 1142 110 1077 55 1035
13 20 69 107 581 20 159 42 875 60 1115 15 636 29 956 8 1468 18 1006 72 1221 12 278 44 353 64 314 20 201 18 1355 53 924 2 942 22 1214 15 34 65 1103 10 418
14 20 91 83 598 53 1268 13 120 64 452 27 689 77 492 14 416 13 707 109 593 16 798 9 61 110 213 82 265 63 1499 52 88 68 741 5 616 19 424 1 596 41 867
15 20 102 12 462 76 1214 93 1372 82 75 49 15 5 1394 97 697 58 1449 61 1070 33 127 39 159 18 436 71 1015 15 70 52 692 79 1257 52 758 13 359 16 438 102 1221
16 20 66 61 1182 36 1442 40 1272 22 1048 22 6 19 485 9 591 28 410 87 1097 76 1201 47 330 31 916 36 1411 31 1198 20 492 18 1198 11 650 1 618 69 1135 1 518
17 20 76 32 1316 29 1026 62 410 69 417 34 1067 79 1031 47 1292 9 381 16 285 8 376 1 800 23 754 50 1407 73 1380 39 1354 73 1238 11 457 36 1098 13 114 57 121
18 20 87 27 549 26 919 48 666 70 1355 40 676 49 736 44 836 15 77 78 164 17 432 19 381 54 113 11 547 21 129 48 314 46 786 25 447 51 1023 114 649 72 871
19 20 66 94 104 56 892 30 1287 50 55 1 1257 21 1294 9 759 47 1027 25 701 5 984 63 1467 23 21 34 1180 66 1246 16 1133 101 1370 6 378 10 490 4 625 8 219
20 20 97 35 798 126 1372 111 1196 48 1201 13 177 72 1447 101 510 16 1016 7 926 171 1307 8 1025 44 302 81 102 11 166 23 1081 31 914 12 95 24 1248 27 903 13 1378
21 20 63 13 1224 41 1262 73 1132 43 1020 30 893 26 657 15 1489 22 1322 2 1002 15 71 5 969 5 443 24 83 33 630 20 1148 25 1447 47 1171 33 399 11 241 154 27
22 20 74 13 178 90 456 7 794 16 1359 3 85 92 14 50 1451 11 544 45 482 88 1406 17 303 10 944 50 1462 30 1009 20 764 21 702 103 847 33 798 13 67 32 938
23 20 102 86 1160 11 44 96 258 17 1231 3 181 115 503 16 569 82 215 26 737 24 361 43 882 107 1123 160 170 1 1489 76 799 40 216 22 1379 10 1216 28 1235 60 737
24 20 84 50 788 81 1176 7 332 13 622 36 684 68 652 10 65 32 244 58 357 47 353 37 547 40 1054 13 1192 13 1463 18 950 9 139 53 1158 48 749 81 980 134 465
25 20 94 35 938 23 241 25 1425 17 1461 50 689 134 44 122 888 5 749 32 570 95 259 56 75 1 547 79 1302 13 172 18 929 44 70 39 928 64 266 81 1228 16 578
26 20 76 16 983 38 801 27 334 75 622 21 1337 30 186 25 358 129 688 95 231 12 279 4 1249 58 950 12 385 1 833 26 902 22 521 3 514 108 1343 51 21 13 74
27 20 62 19 266 18 736 8 732 42 864 7 1109 15 559 55 1448 31 1325 18 1494 31 1142 31 524 10 761 74 1465 32 609 10 1146 66 378 12 882 67 1396 47 209 36 782
28 20 115 2 1066 105 145 85 867 61 698 60 288 218 115 43 569 7 203 94 762 74 1301 37 144 23 958 166 179 5 1478 100 918 14 17 3 1072 22 1090 8 1243 25 1299
29 20 69 39 580 14 1068 1 226 18 1297 68 1436 10 615 39 776 31 1270 6 1378 11 348 55 548 59 1335 20 1185 112 336 29 854 7 911 77 162 17 179 48 1256 29 495
30 20 56 24 961 17 846 5 344 13 168 2 534 42 676 19 1465 4 1196 45 9 19 779 35 1246 17 790 4 1259 31 299 31 1025 36 368 110 148 75 380 1 1421 33 910
31 20 121 92 1370 81 409 105 351 8 318 8 913 102 867 76 387 59 1478 102 1035 120 150 30 232 68 738 30 1233 30 395 55 1132 44 417 55 690 57 789 60 1282 28 1070
32 20 106 47 509 99 739 160 1227 21 871 66 63 23 114 21 315 10 60 82 1267 20 306 25 92 90 607 47 1293 108 1439 75 295 83 183 31 566 25 556 5 685 30 1362
33 20 103 43 1378 29 1084 107 702 62 637 94 1495 43 962 5 1402 36 1235 50 517 67 836 21 1330 60 576 41 1143 22 626 50 929 24 944 99 344 67 926 86 1062 26 750
34 20 70 5 1369 18 458 2 1401 5 1279 15 447 58 379 53 386 31 1041 25 377 44 352 13 1423 10 80 10 1241 11 276 134 406 30 173 42 1279 55 1374 82 1121 61 413
35 20 86 74 1416 10 659 7 319 22 49 63 1467 19 157 139 258 15 1043 53 1012 64 62 163 1383 5 1490 32 96 6 98 95 364 40 266 33 1036 9 463 7 365 6 995
36 20 110 24 260 4 1390 60 503 79 942 13 1114 2 280 31 1260 77 1248 44 378 116 618 26 714 111 1180 57 1444 52 396 76 690 58 1009 28 418 147 1030 55 782 41 775
37 20 64 55 498 63 204 4 633 3 1224 1 35 27 1159 82 936 5 1059 29 78 14 559 108 595 21 1156 2 753 11 1070 6 42 8 1190 28 408 46 288 62 638 67 41
38 20 95 51 788 2 322 74 226 12 785 40 207 59 1472 49 178 30 389 78 1242 17 554 14 1497 37 478 113 1142 101 1070 31 778 20 258 28 153 24 1056 76 66 94 1495
39 20 106 55 1328 72 913 14 1270 12 1185 71 1107 11 197 43 651 108 1321 66 768 72 1373 84 1394 4 1310 136 1234 20 771 3 286 125 452 53 1223 49 1409 19 736 49 1179
40 20 97 62 896 5 638 33 940 108 1121 23 255 38 871 42 470 95 361 19 347 67 1296 168 1004 27 1492 9 864 118 255 39 432 45 846 8 744 54 491 5 710 8 109
41 20 63 14 1271 139 591 109 751 2 40 23 669 21 1423 8 932 13 1420 52 1198 7 501 17 272 18 66 15 866 38 517 6 361 59 885 7 361 40 122 37 235 8 1448
42 20 84 21 460 9 1232 92 62 23 693 45 859 70 1009 33 1219 40 1295 107 890 55 1158 30 186 31 1221 8 463 84 1475 10 154 57 851 5 656 25 612 41 680 62 146
43 20 82 126 124 15 331 32 40 11 928 98 588 35 841 19 733 7 489 66 218 97 1380 48 44 11 332 74 1104 11 369 7 1101 12 1227 3 599 22 391 76 1290 51 127
44 20 75 52 88 52 866 100 1238 48 179 9 678 22 464 6 356 34 252 20 999 12 329 1 844 90 75 28 532 38 917 59 1112 20 853 138 1258 12 1188 5 857 5 1328
45 20 94 60 587 52 1193 21 874 43 78 70 143 6 1159 36 920 133 1187 5 1298 54 374 4 233 26 1316 17 1388 2 1059 81 1469 91 720 88 386 25 204 60 666 72 243
46 20 66 77 645 34 356 37 169 50 1053 18 675 35 859 59 1184 2 1448 14 1001 45 680 72 1048 62 273 8 174 29 107 21 815 56 159 9 300 13 798 9 375 12 249
47 20 75 9 1027 82 1241 10 1485 72 724 8 386 1 170 16 771 7 1433 111 313 33 899 62 124 23 618 10 447 47 551 79 1231 15 189 130 232 1 149 9 703 31 430
48 20 71 41 968 17 467 36 29 11 1367 137 803 57 525 19 296 11 6 33 1075 5 1217 122 576 47 607 35 119 13 357 53 1371 30 1148 22 162 12 322 15 962 3 1032
49 20 72 14 1146 99 214 43 902 38 55 9 1181 18 570 1 798 13 1240 3 336 67 917 90 1280 33 833 94 535 9 811 22 120 7 511 22 1405 44 492 78 645 21 1065
50 20 65 20 1435 3 447 13 918 17 378 1 1369 80 332 48 1375 2 1399 64 966 10 1446 15 824 81 1029 13 730 5 436 20 126 81 1243 34 792 81 109 20 1003 49 717
51 20 98 12 1417 125 666 6 915 13 1034 89 133 51 1077 99 318 79 592 24 1098 55 825 6 48 151 1225 28 730 15 1382 17 362 15 1057 3 739 50 541 129 601 14 878
52 20 84 67 647 61 678 91 673 33 670 10 32 55 932 59 1057 68 1325 18 149 39 675 57 1186 63 361 19 928 8 1258 26 921 30 952 19 990 106 523 12 878 7 524
53 20 84 56 249 88 1134 28 1021 45 75 69 1186 21 358 55 150 2 274 18 82 103 1193 66 417 62 854 1 62 2 396 22 190 59 464 2 916 21 665 91 812 33 13
54 20 123 69 1070 8 466 52 850 80 1161 125 1224 87 560 148 1352 113 600 17 381 136 1037 18 1316 17 59 145 394 9 510 5 1000 54 818 87 335 45 100 8 83 14 471
55 20 76 90 1492 22 458 26 800 16 939 55 1067 43 810 76 854 32 713 7 544 8 1057 41 1307 13 720 40 797 17 1379 13 646 47 169 1 265 181 300 9 1468 24 1484
56 20 79 2 1090 7 569 76 522 67 949 63 1101 110 1229 39 1081 23 1256 30 327 22 862 28 220 2 1057 159 298 24 776 23 244 8 513 39 1046 2 709 58 1268 10 1287
57 20 112 13 984 93 1374 52 728 31 139 115 491 11 882 77 338 55 1015 7 1385 3 547 20 1471 81 764 178 183 18 940 97 24 52 761 58 507 82 1243 61 495 23 46
58 20 103 19 559 20 527 32 1436 78 331 31 392 52 1211 188 805 3 147 17 1183 3 709 101 567 70 460 12 1324 20 680 45 1116 140 44 12 1180 31 142 20 829 143 120
59 20 53 4 1029 6 984 49 1456 18 896 45 199 45 779 3 336 20 1048 18 842 31 37 13 393 44 833 59 344 31 657 45 570 33 539 37 1500 29 514 3 790 3 455
60 20 76 108 366 119 908 52 1324 2 1059 17 30 54 382 26 1494 43 312 12 821 1 476 13 938 43 411 9 1370 42 874 39 252 59 899 42 1425 7 1188 24 1497 49 1038
61 20 92 71 755 3 525 67 907 66 1279 14 663 132 1160 28 550 14 1280 7 1377 1 349 139 1233 3 372 41 216 61 433 103 1154 51 1007 35 1447 54 1465 25 471 8 679
62 20 90 47 628 48 549 57 928 125 399 11 342 59 1303 30 557 38 607 103 1000 47 495 60 970 36 792 17 49 35 417 14 319 33 857 13 1018 26 195 7 278 101 760
63 20 73 76 1444 20 1046 50 1313 6 212 9 1434 39 1139 5 1391 31 1025 81 1483 87 1028 12 899 2 216 9 1166 65 787 8 205 3 1087 51 1067 40 1395 90 1421 55 1307
64 20 70 8 679 3 1014 28 641 22 971 46 1491 57 381 32 423 67 603 44 489 9 496 6 855 8 400 45 528 75 112 30 1059 3 1386 67 458 6 356 79 1380 68 1208
65 20 106 35 209 29 1294 9 859 45 635 119 306 132 226 15 214 43 506 107 76 81 1352 51 810 16 295 9 1387 45 290 138 698 47 83 16 578 68 336 25 53 30 1352
66 20 80 98 1130 2 1264 22 1473 11 620 5 163 38 1196 6 1434 23 795 82 1078 4 549 8 140 51 365 32 437 117 1052 6 243 50 311 20 864 40 727 52 950 139 523
67 20 101 9 317 124 518 45 1303 138 600 20 339 100 798 57 340 114 1241 30 393 45 1376 12 1069 32 2 8 6 28 925 13 1313 120 605 18 639 61 811 32 742 8 1376
68 20 108 23 484 26 374 95 89 33 447 14 386 3 1202 58 1053 62 1005 43 201 101 886 80 363 109 956 135 1032 1 1154 2 711 107 726 111 229 1 221 37 1343 41 464
69 20 95 141 1025 76 33 110 1341 72 872 20 243 39 982 34 1175 47 397 32 1192 14 714 4 813 14 629 24 876 47 613 33 235 22 1242 82 1397 33 1157 38 1467 70 407
70 20 104 103 875 94 1471 67 712 72 1160 27 673 2 920 10 989 10 283 38 720 127 1077 79 224 48 434 116 700 20 306 94 1444 8 289 65 564 56 49 8 646 1 1446
71 20 111 96 1029 73 1489 48 547 32 656 61 311 26 988 136 333 55 1266 106 626 67 485 19 677 61 329 25 271 6 1217 9 1467 18 1447 8 669 131 415 71 1362 62 137
72 20 84 107 372 42 989 66 1144 10 268 50 1331 108 1205 38 185 62 1378 8 1281 15 62 20 863 12 230 22 493 28 659 38 9 68 34 66 897 17 246 58 786 6 1476
73 20 85 7 83 110 656 10 87 40 25 14 1340 53 979 54 446 34 1291 33 848 65 1241 31 836 12 73 36 187 95 486 34 744 14 443 9 774 83 173 103 181 18 1148
74 20 60 33 770 30 522 55 713 20 433 1 1340 55 1238 20 590 21 56 11 1195 72 16 12 685 12 611 14 665 24 284 46 948 44 727 1 801 39 1017 19 1062 80 240
75 20 81 32 1054 30 1451 26 888 68 1197 152 299 90 562 16 1379 43 199 31 370 1 1167 21 293 42 1155 5 1008 23 1375 21 457 119 680 20 382 10 936 24 566 36 1155
76 20 75 19 1162 28 403 2 730 11 781 20 421 20 937 19 730 78 847 93 601 13 548 24 1475 55 421 53 1009 125 300 4 141 5 855 9 1258 43 955 54 1435 80 278
77 20 83 28 1216 7 203 136 123 30 476 62 1168 29 871 45 1120 70 7 18 868 26 1065 103 1265 3 970 7 581 59 1390 57 1152 70 734 36 1311 11 681 30 412 9 357
78 20 82 69 285 70 1407 45 1469 33 460 46 922 70 813 21 384 26 933 19 884 3 1188 17 1375 32 214 68 23 10 1085 68 268 71 310 94 1005 12 226 22 1427 28 1416
79 20 82 37 532 54 240 105 1471 61 315 33 126 25 150 46 1120 75 1374 65 434 31 357 20 804 59 1387 2 652 43 1040 39 1037 10 1468 40 607 25 668 18 979 39 517
80 20 127 149 179 81 343 9 1096 85 1159 7 4 70 366 80 753 60 985 110 571 63 942 5 809 123 865 63 563 5 968 71 1083 27 1371 8 998 143 561 72 1048 43 843
81 20 88 12 1390 2 1140 22 320 4 948 73 1058 30 147 40 1261 11 679 179 1151 98 1100 3 142 29 179 13 2 47 989 118 1105 90 591 9 1466 55 932 32 598 21 1346
82 20 95 46 1250 22 493 14 345 63 410 65 1404 46 1162 45 160 20 175 184 1454 15 915 17 508 59 1142 31 480 26 161 52 279 35 529 84 1465 18 568 56 860 60 480
83 20 57 28 580 37 1202 2 1413 16 871 38 365 10 1372 8 173 82 419 19 332 20 1004 13 495 2 978 11 1265 62 1323 9 392 8 1201 12 963 123 796 56 60 23 557
84 20 95 21 148 4 936 37 572 6 394 84 87 1 1354 130 1068 10 236 35 659 87 55 69 1054 39 229 8 1365 30 841 28 408 150 843 78 1215 56 417 65 367 14 466
85 20 64 15 1312 4 590 67 803 19 900 25 449 89 128 1 858 35 1335 53 1032 2 1296 42 368 11 1060 65 1050 17 961 26 912 11 570 70 1333 6 1311 5 603 81 1497
86 20 65 32 655 5 224 1 862 7 312 40 1008 9 1365 3 632 12 654 90 521 11 1104 98 302 1 75 78 951 31 1077 47 1078 28 1113 9 1422 8 153 26 197 120 1209
87 20 76 50 481 23 791 21 686 32 1141 3 96 3 1249 31 29 20 1431 1 507 72 554 48 1429 137 448 3 1483 17 134 1 437 27 1286 32 648 83 1088 109 1472 53 19
88 20 91 12 1100 2 123 56 600 97 822 50 1315 136 932 32 27 46 444 28 228 106 716 104 10 20 1020 20 717 15 1268 28 374 77 1369 2 1245 53 1026 26 626 9 862
89 20 56 34 913 21 1100 15 1204 75 1419 2 896 12 350 90 618 7 277 6 852 10 442 23 1166 20 1252 18 903 14 49 69 59 24 327 9 1255 7 309 5 593 108 772
90 20 93 75 864 65 1060 68 1226 130 493 122 216 12 934 4 1424 30 1221 7 753 13 803 138 1377 25 1315 27 376 39 350 43 1347 28 905 59 377 27 853 2 643 20 69
91 20 111 20 869 5 1486 38 86 110 1397 74 989 8 156 59 236 33 343 39 441 30 139 22 462 135 265 33 795 95 1116 134 742 57 1398 102 1460 65 386 24 1279 27 432
92 20 87 15 225 4 774 197 802 8 97 67 865 18 935 104 1159 3 84 93 32 26 1388 7 648 24 1467 51 934 41 1464 73 1473 15 760 21 972 36 1363 58 164 11 624
93 20 77 160 94 61 361 52 365 15 1219 57 57 40 902 29 902 45 1364 9 1095 3 604 11 1391 3 1452 45 146 70 586 48 1058 13 142 4 1145 40 452 4 557 64 906
94 20 62 5 327 50 839 31 520 7 1450 42 1282 22 896 30 1179 22 1319 14 656 16 81 69 629 33 477 100 805 23 828 37 880 32 968 72 1296 11 21 2 1020 6 496
95 20 96 5 479 3 829 27 1435 58 563 153 576 79 298 104 339 13 523 23 566 28 572 49 1392 66 1336 106 530 3 128 71 1404 77 1099 9 57 34 688 33 25 28 558
96 20 77 27 478 10 1123 65 861 14 139 41 933 19 935 24 530 5 1461 75 45 130 720 52 596 44 358 26 1195 30 409 15 500 44 342 84 1024 42 797 24 1068 2 1353
97 20 95 37 1300 111 1143 8 408 42 233 7 88 56 1040 24 1068 19 290 39 440 22 598 13 326 8 1444 26 835 52 530 86 1414 54 725 17 1451 165 1434 19 352 148 1004
98 20 119 72 501 119 542 23 347 30 628 90 387 48 232 77 570 104 8 39 500 63 1396 8 278 72 984 35 1007 76 1398 17 1367 29 223 22 137 148 411 78 784 48 255
99 20 78 34 206 27 265 25 606 4 724 55 398 69 1018 32 913 23 378 12 261 71 1279 30 221 28 1367 5 1499 26 235 109 1206 54 1118 46 1418 31 808 22 1038 85 1243
100 20 103 124 680 78 434 24 39 39 26 1 397 7 25 113 603 39 218 44 31 5 927 46 240 20 1339 35 876 94 188 67 461 42 804 128 1203 48 1287 29 211 54 281
101 20 97 5 1065 39 293 80 28 2 581 21 1096 141 1482 1 198 11 1008 52 779 5 114 21 332 26 477 58 1361 170 529 143 1316 37 897 40 21 1 867 16 1273 107 1332
102 20 102 58 1015 98 1144 22 135 80 1228 51 436 35 805 16 568 50 1031 80 506 42 108 16 1348 97 1167 28 1460 31 1289 91 328 18 841 158 803 19 1367 15 149 24 1090
103 20 78 16 134 15 882 58 981 16 446 33 829 14 74 56 1026 48 521 66 64 58 370 56 1372 66 792 48 1299 68 620 22 1294 19 1319 74 1090 24 480 18 198 8 1401
104 20 73 45 1498 4 875 12 1432 60 1176 1 329 30 1389 6 852 8 881 84 1488 56 560 89 750 3 162 6 1347 44 1405 54 346 126 816 5 307 51 1375 29 1352 25 1274
105 20 93 43 899 26 349 19 1101 46 172 21 1319 13 1224 32 1329 51 1269 113 1016 30 573 84 1272 54 854 39 341 22 1340 63 951 38 57 52 347 44 943 22 46 125 253
106 20 74 13 1461 13 21 112 86 13 185 46 1174 54 488 10 574 6 1229 28 1295 4 535 4 917 19 1395 4 594 99 1386 5 133 61 1288 12 1097 92 563 26 462 124 266
107 20 69 90 1193 43 161 23 989 10 898 11 1151 68 818 1 681 13 465 74 1459 49 862 57 673 3 1212 10 1429 26 925 47 1055 70 708 37 1286 20 778 3 1366 42 1108
108 20 104 167 618 62 33 59 1401 13 975 22 1339 37 35 94 10 66 1493 2 1415 126 480 17 106 27 1422 28 1113 33 1286 15 1211 57 824 45 604 15 1020 32 1357 123 1383
109 20 68 60 142 95 574 27 811 54 516 20 1292 12 1325 20 552 4 579 3 605 21 286 96 575 9 511 34 294 56 339 31 1250 49 479 66 933 11 806 15 181 3 1247
110 20 90 110 821 85 225 26 1402 35 1065 3 1336 23 686 62 481 56 944 33 875 32 508 55 999 138 145 26 1196 13 868 41 886 73 913 9 1429 19 1227 47 304 20 625
111 20 80 30 241 14 781 56 17 58 335 67 1156 4 1434 34 1379 20 635 56 425 73 992 30 1206 33 1423 22 51 17 717 35 974 32 482 48 479 109 1347 21 216 45 86
112 20 101 30 523 73 886 5 86 88 549 109 203 11 222 4 1085 5 176 65 190 101 1401 47 1138 12 446 92 580 37 1260 135 716 12 351 36 1034 43 1125 30 818 83 193
113 20 108 62 1485 41 1109 32 316 14 434 21 272 34 229 1 851 11 1034 47 585 71 1250 54 218 156 61 138 99 125 161 50 1017 2 726 113 640 28 882 51 477 34 766
114 20 86 7 560 107 10 1 1313 47 860 9 568 66 864 33 106 57 1138 43 1341 44 173 4 275 29 1051 75 769 58 1293 120 524 10 762 47 743 43 1378 17 1299 45 847
115 20 125 45 443 99 890 86 1189 22 494 111 1124 52 1419 68 1241 43 11 69 665 114 913 35 848 56 2 94 1391 67 436 4 1217 57 1330 34 227 186 414 2 956 15 680
116 20 102 38 798 14 656 94 566 40 1279 12 812 189 597 19 107 105 727 31 178 12 1446 84 344 41 982 17 478 41 1224 39 1300 16 371 49 1111 132 460 19 657 34 80
117 20 74 13 1199 6 1496 34 1375 5 1374 63 1182 52 352 5 1418 63 150 51 293 15 152 14 909 92 239 13 29 15 886 4 1479 80 355 81 706 55 1452 24 879 56 1003
118 20 98 1 1463 7 950 173 1217 27 142 19 928 87 300 9 789 92 752 53 805 46 1045 23 608 32 793 3 1131 9 1218 107 553 6 580 82 894 32 890 127 1071 45 192
119 20 101 92 1378 28 807 33 242 60 1396 36 594 105 1371 45 239 39 1322 4 834 44 1310 27 115 53 637 4 1068 70 1143 103 124 15 739 163 316 42 364 3 1473 46 734
120 20 61 35 1043 14 667 35 593 15 1278 15 892 10 1160 21 515 55 1048 13 669 26 186 9 476 4 402 182 1290 21 1184 82 459 5 1295 30 1266 20 1054 6 581 19 75
121 20 71 65 1397 40 1215 11 1480 13 607 3 931 75 641 111 1377 77 1374 7 65 74 1433 16 1444 6 148 44 321 13 1220 14 338 66 1010 24 33 33 1427 10 1465 9 1446
122 20 83 8 71 111 321 20 372 57 507 77 33 14 92 71 698 59 1283 23 170 31 87 8 687 81 1345 70 748 3 1406 8 354 31 1235 55 612 57 285 16 403 38 82
123 20 71 66 119 41 1449 8 2 69 449 106 234 2 562 26 746 4 323 3 1383 69 889 73 530 34 854 7 637 17 105 16 1178 67 875 8 1006 22 739 4 879 74 1066
124 20 51 13 694 34 669 13 902 54 401 9 796 37 1489 33 361 22 315 31 750 7 1473 35 454 49 272 30 1146 35 923 27 839 34 1334 34 299 6 1357 9 432 5 417
125 20 75 41 1457 4 991 12 976 88 1219 27 132 5 1500 152 781 29 754 41 221 4 926 9 928 56 987 28 215 19 1102 56 1263 62 1155 56 545 3 1381 42 444 23 21
126 20 81 81 913 57 1102 26 1376 17 994 73 118 37 142 47 1105 27 1157 65 1100 12 1096 37 990 19 595 64 868 47 954 46 227 35 1200 8 969 44 918 68 302 2 441
127 20 81 162 1465 26 402 25 1204 11 1420 58 535 6 1177 16 581 34 575 105 963 13 340 23 5 7 478 18 291 50 279 44 378 78 1015 3 1335 30 883 79 627 25 968
128 20 78 33 1246 26 1073 9 39 75 340 102 920 50 1022 2 115 21 98 2 537 12 1400 13 943 12 754 2 1434 51 972 75 574 46 1061 78 460 8 446 69 842 96 687
129 20 100 14 567 15 457 42 1468 72 100 65 956 110 348 23 358 62 516 28 191 33 58 101 979 89 744 34 778 29 860 61 27 4 1113 72 515 78 75 52 34 20 1283
130 20 87 190 461 37 627 66 1263 154 69 12 1167 17 1047 2 1149 109 1100 6 1102 2 405 1 802 1 814 59 1420 52 1050 5 1053 96 94 22 56 17 69 8 690 21 68
131 20 62 37 892 8 541 113 202 14 684 37 127 28 1361 20 12 1 206 8 431 11 500 49 1068 6 1026 33 959 44 577 17 1215 52 775 42 1001 34 446 33 892 39 1136
132 20 65 48 1311 24 1283 35 186 45 210 39 1095 11 1180 14 1435 18 286 103 1464 18 237 5 324 64 3 8 1152 31 101 30 702 23 23 17 931 25 19 5 917 88 1337
133 20 48 19 1102 24 766 16 144 31 553 16 553 24 475 51 293 38 51 4 1223 13 1072 26 1190 23 535 36 1498 15 874 7 1104 5 703 8 1221 86 18 23 322 20 523
134 20 76 28 588 80 649 42 1318 12 898 47 312 23 1172 58 1308 18 389 140 275 31 293 25 527 74 390 4 481 36 201 59 1295 36 293 16 1169 16 21 1 1476 20 403
135 20 96 132 59 23 729 48 468 10 512 44 169 137 1424 98 711 34 824 11 1414 7 815 92 1291 26 786 5 585 24 315 27 904 37 184 48 1426 105 627 26 692 30 1009
136 20 69 41 329 20 1174 24 1415 22 1437 40 32 8 1182 49 641 14 1052 82 697 6 1344 127 1155 1 215 4 982 44 276 11 1155 9 56 3 731 29 493 133 330 27 489
137 20 76 41 471 18 909 19 835 30 203 17 1183 7 250 26 1139 2 1131 104 178 51 1046 89 433 15 557 20 731 49 1487 34 94 56 1273 11 1103 35 138 52 34 86 1092
138 20 81 13 908 119 487 50 797 3 1319 77 41 45 1445 21 71 17 189 105 19 3 283 24 502 67 1145 12 547 28 1491 41 205 4 692 69 1183 32 1326 29 888 55 467
139 20 108 13 455 156 706 4 883 99 685 5 1270 9 340 47 1327 58 628 31 60 121 443 11 978 90 841 45 239 43 937 79 688 15 814 110 326 12 296 32 223 103 1399
140 20 85 31 420 8 1420 99 980 3 1437 6 241 22 1052 78 808 24 53 86 488 16 1441 94 453 17 264 31 465 31 564 100 1062 36 1421 44 135 75 448 8 861 43 1378
141 20 74 69 821 71 949 33 1305 5 1204 30 1392 1 789 30 915 24 1462 11 102 3 136 86 1080 28 727 34 833 5 1278 116 112 81 79 68 796 36 1375 13 1420 1 1447
142 20 67 68 64 60 950 62 1274 1 655 36 1439 39 1070 11 470 74 558 5 704 25 589 5 84 17 579 29 569 52 806 82 660 46 321 14 1435 19 1408 1 501 31 123
143 20 84 39 1207 2 1027 21 560 14 540 45 358 55 84 45 151 35 193 50 613 39 353 31 1322 45 338 28 1174 11 847 32 233 49 546 13 270 112 400 24 669 155 1368
144 20 114 2 566 107 1117 146 750 25 1205 41 258 15 154 85 937 19 1253 36 433 62 41 44 182 148 198 36 863 130 1112 23 545 19 650 106 113 78 908 7 276 16 1431
145 20 72 34 961 45 1120 41 693 93 313 86 1396 3 470 10 1328 47 1274 7 574 10 1231 45 161 48 731 31 920 68 583 3 569 20 95 24 392 18 1157 74 1440 16 1335
146 20 86 12 424 54 346 13 516 41 283 85 283 83 1126 58 1470 30 452 33 1466 12 781 2 127 88 1098 28 1076 83 648 42 764 7 993 107 660 10 1134 41 1051 33 565
147 20 68 56 1054 55 1151 12 411 23 40 25 601 14 176 7 139 53 1360 4 932 63 568 1 1172 42 1135 63 1065 1 587 23 354 60 630 91 617 29 278 62 559 1 1143
148 20 95 89 608 28 296 33 765 64 183 7 1171 22 1228 26 1177 75 219 90 1329 12 768 1 193 13 609 16 1489 82 115 87 393 21 745 109 1309 79 20 14 892 86 1251
149 20 106 60 1211 85 719 111 152 11 848 72 491 8 79 106 1033 85 543 24 62 55 1274 10 783 40 857 107 1402 8 1176 52 656 150 53 16 1325 52 630 3 640 11 260
150 20 98 19 292 2 956 169 1061 74 723 48 57 26 574 20 585 63 782 132 220 30 558 37 137 25 1439 15 654 10 825 114 424 38 1023 17 1047 57 1335 49 985 38 1499
151 20 85 53 1331 27 888 66 1332 41 1284 9 1165 68 53 5 369 127 185 15 611 2 977 25 33 19 90 23 40 17 1428 148 1055 34 181 58 1236 20 286 88 202 7 834
152 20 103 3 1406 33 1325 13 990 60 745 16 16 38 1410 61 417 71 551 78 513 66 1179 3 1413 117 491 87 703 53 571 39 360 17 106 73 94 24 443 92 1118 93 83
153 20 85 2 1420 136 516 55 110 5 703 6 457 91 195 11 716 84 457 107 1007 45 1260 113 53 5 1232 9 1112 66 115 5 328 5 401 10 490 6 1050 88 1220 3 893
154 20 91 119 872 41 642 7 819 5 1233 4 297 3 1484 42 1254 48 36 28 1260 28 953 4 643 90 1462 90 872 25 1349 84 1459 70 512 8 28 130 163 51 175 35 993
155 20 84 17 1336 29 476 20 1216 43 1451 27 360 44 40 35 426 48 1214 21 385 67 1286 54 914 10 5 49 585 24 373 15 717 13 548 36 460 103 619 83 268 102 1315
156 20 94 19 61 26 1173 47 1085 64 625 6 918 72 28 34 970 53 141 37 1365 10 1261 49 1010 28 1461 36 149 17 1350 130 819 4 280 77 963 48 1446 120 973 72 201
157 20 87 41 905 95 1436 17 407 22 1499 50 129 26 1051 9 1283 15 1062 16 823 98 711 89 474 73 686 85 1091 75 999 8 1377 81 1103 5 27 54 228 6 777 6 1417
158 20 96 45 1136 3 1275 43 196 34 265 21 1125 36 185 54 816 148 1455 32 766 51 76 16 147 66 1044 54 1260 104 1219 3 364 48 1080 103 1057 1 1246 14 1094 89 1150
159 20 99 47 557 76 174 66 124 70 890 9 1454 74 1437 8 1113 63 155 110 531 23 92 46 203 17 1256 44 565 73 244 13 372 2 1400 2 365 160 855 19 964 70 47
160 20 99 32 162 40 262 52 290 104 1043 35 434 101 438 57 1409 8 345 11 1215 77 1091 93 1301 4 442 35 1103 86 458 65 596 29 1229 44 1438 47 1429 51 1235 26 1439
161 20 57 49 1392 8 1291 4 940 51 625 5 746 33 474 47 1277 13 237 57 131 3 1424 72 686 3 313 10 1372 7 1163 52 1403 34 82 5 426 14 12 6 1321 98 550
162 20 84 1 1411 33 374 17 1235 105 592 99 1140 3 174 16 1230 76 313 130 378 20 755 5 1451 10 64 66 1302 135 686 21 524 23 1418 26 1259 29 659 24 1414 7 1442
163 20 94 111 559 74 969 22 668 27 75 42 237 3 81 24 802 39 1004 1 23 36 1330 85 1368 56 1323 22 29 1 1308 27 54 12 873 215 271 59 121 3 1369 90 525
164 20 73 46 1422 42 168 13 314 24 909 23 181 35 57 163 1082 30 1474 19 695 13 1236 80 1226 57 155 26 19 9 618 7 119 17 359 11 820 39 602 29 1188 49 1084
165 20 93 112 508 97 1033 46 1127 9 400 32 664 28 1124 33 854 16 186 117 1251 47 1468 7 527 15 1462 25 1425 1 256 79 766 34 1205 34 338 117 654 11 816 77 1092
166 20 86 100 911 26 1461 30 709 36 706 23 1280 50 443 10 1345 26 279 41 935 14 1354 3 174 57 1278 22 841 121 398 11 1049 37 1150 41 1317 105 625 41 488 73 966
167 20 76 21 764 8 285 29 268 41 1378 101 867 53 217 78 1206 2 1145 9 620 43 385 36 327 26 439 98 912 54 6 60 977 11 7 12 1377 49 750 30 422 8 895
168 20 71 2 1223 134 1467 6 1295 31 1119 46 1017 1 706 16 579 5 1057 12 770 12 655 157 1054 63 1093 18 640 55 349 8 864 14 748 13 1109 15 109 31 716 75 351
169 20 80 19 216 26 268 75 1466 25 617 71 361 64 1118 67 1248 11 1107 11 898 46 881 34 100 32 1414 91 353 32 1277 97 1358 7 636 3 1067 39 1308 8 713 50 1336
170 20 118 137 462 47 650 90 1089 67 108 15 242 45 748 22 1466 44 1387 83 1361 120 290 58 820 62 9 51 61 95 1092 104 891 73 1433 26 1097 3 1186 23 1232 23 16
171 20 100 118 608 35 589 52 528 63 929 11 349 20 580 35 810 28 200 46 755 15 1079 97 1407 29 801 100 891 35 104 4 227 132 355 84 1169 30 923 57 1336 18 937
172 20 61 4 1042 14 1358 29 414 34 1166 30 898 2 344 21 401 24 810 9 882 3 1059 7 147 34 735 28 648 2 64 78 1459 64 912 82 1457 101 1265 37 1085 7 981
173 20 96 52 1027 18 1171 38 897 6 1223 8 201 30 500 81 919 103 718 18 1017 115 694 49 362 87 169 9 35 1 629 34 127 213 540 25 1218 26 349 33 1011 15 555
174 20 97 44 1308 7 159 5 910 57 644 45 923 59 275 37 1287 114 1471 69 688 28 709 24 42 21 971 52 964 7 415 93 109 9 1386 42 603 88 643 37 1057 139 427
175 20 111 121 1282 38 1005 16 1417 30 324 24 1484 159 57 51 31 50 768 14 1249 82 1498 37 938 45 1048 49 566 27 220 177 433 25 1422 32 344 95 295 29 774 15 998
176 20 98 96 23 1 454 119 493 35 1037 33 964 27 1112 10 694 13 108 50 515 28 84 30 615 57 1133 48 1199 4 204 81 847 136 541 23 1001 15 549 122 901 58 582
177 20 77 10 748 71 593 74 1473 116 192 8 1328 14 1376 25 212 9 543 26 1047 21 1130 8 329 52 756 24 775 20 900 7 127 92 756 48 1302 94 1114 13 1298 44 1137
178 20 81 8 947 43 399 105 974 1 365 18 547 30 1265 68 82 123 82 43 256 16 587 52 803 49 129 68 949 4 14 54 1007 16 448 46 1062 5 225 5 1171 56 216
179 20 80 143 924 1 194 54 1490 77 152 16 308 45 566 55 1336 2 56 38 511 7 672 16 547 14 1331 63 1039 69 1316 9 616 49 557 6 118 60 1335 66 60 12 516
180 20 63 38 1120 104 965 22 37 23 1261 38 78 6 666 5 385 21 273 22 798 13 176 16 519 76 1304 2 1487 13 355 82 735 36 969 1 1205 78 1123 12 976 23 714
181 20 74 45 732 33 303 108 1247 48 275 18 929 62 1163 17 797 2 216 75 1105 25 1395 28 530 20 455 38 1383 11 292 11 263 72 1244 17 118 37 1181 25 5 52 1389
182 20 137 233 184 54 732 55 1254 92 91 9 882 123 87 123 890 21 1483 174 868 107 1378 28 410 100 119 20 1482 1 244 10 948 70 758 37 99 23 1193 88 129 4 1047
183 20 90 13 145 58 94 6 909 3 1320 74 205 38 341 14 1479 83 870 5 1474 17 1028 11 511 32 288 83 1309 81 333 67 348 24 929 109 482 83 986 14 1247 91 274
184 20 95 26 1147 1 213 7 344 5 990 94 1438 37 758 43 8 43 1375 76 423 96 126 41 381 90 21 63 1190 7 515 14 810 90 1064 106 816 72 1191 37 457 2 1437
185 20 80 14 1008 4 307 90 141 119 1419 42 1248 1 1269 27 954 31 1309 11 246 28 943 6 141 180 774 59 856 43 1231 29 780 3 174 4 444 16 809 79 1051 19 756
186 20 127 42 956 66 1313 88 173 18 943 46 1455 3 1072 118 838 28 570 70 373 38 1407 23 579 15 508 23 836 34 1500 168 1372 205 63 17 816 58 22 121 379 91 1444
187 20 75 7 1198 20 961 24 768 13 789 9 1198 84 434 31 1149 30 821 29 406 50 242 36 604 97 805 73 44 1 161 20 1173 58 366 7 1202 34 1107 31 908 103 1351
188 20 68 12 1374 18 1444 41 675 48 539 20 522 21 1219 16 1128 22 482 45 355 34 779 69 97 38 364 23 218 3 1233 87 888 43 693 20 1279 12 87 76 537 38 274
189 20 66 13 303 77 357 9 1008 65 1095 34 872 12 1244 7 1070 55 270 23 187 37 512 46 278 33 468 40 1111 25 1378 54 747 9 649 17 1314 4 1238 62 699 46 632
190 20 70 34 209 18 1082 1 1073 27 1424 18 346 26 1207 11 1423 26 910 29 1186 31 1061 23 543 85 864 33 28 4 1245 78 444 22 1416 101 722 30 979 68 850 37 664
191 20 81 7 1272 5 1370 71 400 98 986 21 1110 17 987 55 449 49 756 25 786 23 422 139 231 45 91 9 1013 48 261 28 1126 97 267 19 1117 30 733 1 861 31 524
192 20 84 22 1100 2 186 93 690 32 1225 2 449 52 1446 99 450 81 92 43 72 90 1120 15 1144 8 66 68 523 31 517 24 683 37 930 31 1336 3 856 26 1035 87 694
193 20 101 130 1457 2 651 20 183 19 65 42 190 2 222 25 186 138 821 13 332 23 552 21 1034 113 1319 73 3 87 1429 46 1496 112 553 16 1031 36 1074 1 67 97 824
194 20 91 65 789 18 185 4 1298 34 51 3 187 4 69 119 798 125 969 1 1215 4 1268 122 1352 25 992 86 283 2 305 75 1121 61 534 14 227 23 759 12 1007 113 1248
195 20 97 212 188 8 378 4 486 17 1438 42 671 91 921 24 1144 78 364 9 50 40 848 41 543 9 198 87 678 51 949 34 1430 34 197 28 424 38 28 45 662 83 1140
196 20 84 40 137 8 876 114 603 42 304 46 250 55 543 27 275 50 71 34 716 36 1332 18 328 41 292 53 723 41 969 21 1271 34 13 32 1142 8 1196 114 1003 35 1266
197 20 100 81 1355 126 379 37 1302 39 616 6 161 21 398 5 957 8 379 73 1159 100 1054 86 812 94 233 5 166 9 1378 35 1230 62 320 45 537 68 1042 64 1412 41 544
198 20 109 111 1141 52 1438 90 1221 29 443 9 403 6 1342 57 357 21 1097 52 715 32 95 30 593 51 493 21 628 21 240 123 410 99 837 39 1253 93 1351 150 944 12 29
199 20 96 131 308 1 1046 84 1237 30 1135 44 724 47 1218 57 352 10 1370 12 192 126 1021 146 312 53 130 6 549 11 1496 2 383 26 787 98 1334 1 1283 70 143 10 1360
200 20 64 53 482 35 3 76 1273 15 373 15 385 2 761 32 1198 2 106 36 808 79 633 30 767 5 997 12 608 28 635 35 1337 30 1368 13 1420 13 873 114 918 18 680
201 20 93 4 901 27 686 78 615 37 10 44 481 9 374 72 645 151 1070 106 363 31 327 8 895 6 774 36 1016 37 927 65 588 21 139 33 766 61 496 52 186 54 1251
202 20 75 1 1059 55 505 75 186 66 180 12 1025 20 1269 19 558 26 1393 38 197 13 993 5 600 57 665 13 712 67 46 109 638 17 697 50 663 54 1474 7 1368 47 1371
203 20 61 25 771 28 1434 47 768 9 1173 46 1435 40 89 15 174 14 1382 19 848 3 695 6 728 14 786 12 766 23 1117 65 722 50 190 15 522 45 509 69 599 67 691
204 20 59 7 254 85 500 34 1475 42 1030 11 1151 15 203 42 253 13 228 15 1134 9 1373 43 321 6 202 74 450 31 476 85 220 16 755 2 1019 5 1290 58 1265 6 521
205 20 116 100 563 59 1331 91 912 23 837 66 1350 28 17 3 459 15 1490 58 61 14 146 158 267 17 1152 57 1160 76 370 92 1039 190 801 46 472 26 215 2 982 47 727
206 20 133 51 554 54 1094 76 1076 84 1047 40 1294 55 699 104 576 123 1105 65 110 143 382 92 1277 106 123 12 242 79 1173 128 1200 33 1204 17 790 33 636 8 965 34 724
207 20 97 38 1342 37 1046 17 78 86 1222 71 1029 77 476 51 677 19 1404 22 752 79 124 23 748 129 1237 19 275 70 1354 91 872 47 361 3 843 46 1452 17 298 37 1291
208 20 74 85 145 5 636 85 50 28 573 21 376 24 1005 37 94 96 825 10 25 77 161 20 1059 5 112 31 1055 48 984 90 103 2 30 22 17 29 1139 1 538 30 311
209 20 87 17 1299 40 1424 46 941 18 866 68 1305 88 1194 4 732 12 256 2 1200 33 1003 38 1326 28 1023 49 671 71 1392 118 687 52 62 40 1419 75 1420 22 1439 52 1462
210 20 91 46 290 118 1052 1 361 16 177 112 521 9 301 7 1374 14 978 38 627 49 1003 30 823 31 412 42 1232 101 1488 30 9 42 71 50 948 52 422 16 461 109 108
211 20 76 14 1399 24 223 10 717 85 1112 2 946 57 1230 158 1228 16 691 28 581 28 121 33 777 78 130 68 550 13 632 52 718 17 902 29 17 3 1216 18 227 30 1274
212 20 74 80 582 24 123 33 1218 40 820 23 404 82 1049 9 734 57 768 49 906 1 977 39 1041 139 386 2 256 12 493 20 799 2 164 50 293 8 1303 55 1121 17 1418
213 20 85 3 1066 16 878 112 529 38 321 79 745 19 890 86 915 3 1478 26 721 64 554 61 1317 82 104 9 511 42 1416 87 53 54 1277 5 1052 8 1475 21 1053 36 729
214 20 47 71 632 9 1389 12 1478 28 5 21 937 11 1406 2 209 24 932 23 873 3 28 105 1156 5 906 20 862 27 122 21 969 36 163 10 431 9 380 4 193 34 894
215 20 88 56 896 33 155 40 1406 15 1034 28 1236 59 1165 87 663 112 65 69 315 5 1032 39 1356 29 1029 64 1483 22 116 34 519 60 1136 37 876 46 143 13 1298 38 261
216 20 88 10 448 49 1476 113 56 111 1005 12 1330 15 410 76 1257 37 616 12 1404 56 298 16 58 34 841 9 1389 72 233 155 1009 37 1048 14 837 36 760 15 917 3 366
217 20 77 30 167 20 160 72 507 151 109 21 13 26 174 37 1187 66 1155 6 45 83 591 27 1402 20 87 31 1457 11 815 27 391 19 1002 84 1329 2 616 20 1114 23 1083
218 20 73 49 208 36 755 7 252 2 1122 9 429 76 1096 27 86 23 571 94 1491 37 1409 20 1102 20 635 3 843 99 1246 22 1292 32 175 57 633 26 562 47 536 52 249
219 20 109 35 502 62 755 58 356 88 731 64 1108 27 1391 7 1159 54 933 2 1023 105 286 124 1106 120 958 3 513 41 971 21 901 62 798 38 1328 11 1260 153 18 20 813
220 20 111 108 897 69 1057 143 919 14 1004 132 922 30 1313 62 1050 109 395 70 812 90 88 32 874 15 126 1 793 2 463 65 548 41 1090 59 1139 25 884 47 264 5 1049
221 20 77 78 874 45 182 98 1482 18 1342 53 1028 65 1004 13 1364 16 558 57 1171 27 1036 18 1445 6 439 84 465 5 364 53 565 8 1231 10 1213 64 1269 3 358 49 977
222 20 87 63 1492 148 690 29 586 15 1178 33 496 100 466 139 217 39 277 37 488 29 94 11 791 24 1358 50 1190 11 799 13 42 20 1275 7 675 37 1203 60 1243 10 1195
223 20 110 148 905 5 754 9 1157 1 86 30 726 75 1053 72 754 60 566 131 160 15 1017 48 170 121 326 5 1226 64 978 85 1203 61 1297 23 1384 27 408 69 258 54 1459
224 20 74 86 1463 49 408 13 613 67 1107 42 958 18 1203 26 763 16 120 3 1149 6 271 134 1116 25 752 10 667 40 1274 30 1484 6 81 18 522 44 1367 54 924 54 128
225 20 85 22 751 21 1201 5 755 104 588 49 1254 71 117 20 930 25 205 20 41 74 159 1 360 30 491 40 485 31 448 108 841 115 54 22 1313 46 1300 15 40 37 1351
226 20 98 30 1387 32 1396 25 242 38 1318 79 1048 66 807 7 1465 73 507 14 504 30 1376 14 982 31 532 99 98 54 1323 45 317 19 1010 28 867 109 1116 146 1337 42 1287
227 20 76 10 1369 17 561 49 1194 69 220 61 1482 25 1450 32 921 8 102 6 1127 3 882 51 84 17 185 7 1284 92 150 60 1338 13 700 25 121 71 861 142 759 11 1378
228 20 58 8 1468 11 120 16 690 2 1406 90 481 55 1409 10 866 4 600 23 19 60 795 19 519 64 430 1 1243 29 763 33 1438 3 696 2 151 86 1072 19 1022 46 278
229 20 61 17 1416 14 1238 11 250 69 1080 29 262 62 440 9 1064 23 463 19 785 100 687 34 15 3 937 23 20 45 1289 43 923 39 193 9 688 12 130 29 155 21 668
230 20 97 10 656 21 220 32 1078 72 1087 111 90 5 915 6 290 36 275 60 1205 26 445 33 1243 91 250 139 812 91 467 17 1403 31 688 92 814 12 899 3 1272 82 648
231 20 99 60 30 11 214 48 234 23 474 68 234 137 1450 26 1196 69 1187 10 1174 80 680 91 1229 54 1198 60 1281 12 1064 158 1195 23 143 17 1121 15 1286 13 1306 17 1187
232 20 54 14 51 12 1250 7 816 6 1063 19 1107 89 1424 19 699 1 819 22 1414 5 1480 10 696 43 35 17 425 1 1488 83 1184 32 85 41 544 39 11 4 1001 80 1341
233 20 96 65 1333 58 218 62 8 20 109 57 1472 34 1139 44 762 2 93 103 1384 13 131 55 621 81 188 14 499 5 1345 29 558 161 754 92 814 4 899 60 1417 2 1123
234 20 65 40 295 7 1183 20 751 72 1051 18 771 16 584 16 438 3 1378 19 1459 13 198 12 677 16 1361 47 542 29 1407 40 1486 108 1326 26 99 30 645 20 567 107 1036
235 20 88 14 993 16 196 25 1181 26 722 54 690 29 768 31 740 63 315 47 203 105 1005 78 308 65 892 49 825 1 1377 16 572 61 254 2 961 58 639 65 503 75 1043
236 20 64 5 165 3 320 89 108 47 1174 37 596 59 38 6 176 21 875 26 1202 18 1447 38 978 2 333 6 5 100 364 15 730 17 13 23 273 53 1438 21 227 63 1258
237 20 74 47 43 61 699 43 983 26 1010 18 447 15 524 10 989 77 531 63 356 2 326 24 26 3 333 40 208 34 15 35 667 51 1255 75 821 24 1438 86 942 8 390
238 20 86 31 188 32 317 76 610 24 1390 66 204 43 705 7 238 71 338 42 697 26 86 7 577 10 1489 65 1133 23 589 1 168 43 234 38 192 122 786 83 581 59 862
239 20 95 9 409 16 574 56 1352 79 1128 31 819 1 1060 10 202 3 1032 21 194 151 146 25 228 66 811 152 1245 20 614 54 428 20 481 103 97 12 448 46 1338 80 142
240 20 87 39 1311 18 999 16 50 30 517 14 620 7 1341 113 926 39 585 23 1410 42 293 78 952 145 65 2 466 18 1453 24 1194 20 1028 19 656 83 648 93 318 51 942
241 20 124 17 231 33 259 20 559 88 1287 149 181 5 1500 80 1368 49 366 12 528 13 159 32 254 47 905 33 502 144 1162 18 568 78 372 17 63 180 367 137 1328 93 446
242 20 82 97 1247 28 1219 5 1192 28 250 13 351 26 466 24 423 14 1054 84 1159 32 1077 36 1063 58 1212 36 260 66 1043 99 355 34 175 40 409 56 273 47 1242 3 460
243 20 97 3 912 37 375 158 1335 95 240 81 1105 38 1098 44 699 3 1499 161 1129 26 207 55 28 2 403 34 76 24 518 79 1334 43 1141 10 86 18 1042 41 1399 22 80
244 20 82 13 994 31 1329 87 166 140 99 58 15 10 860 85 442 21 1362 30 1275 43 818 7 1433 14 1430 5 362 28 1174 24 1405 22 1233 4 395 90 801 25 1029 92 1415
245 20 77 47 1268 113 1230 3 335 35 1293 54 1050 19 1201 36 964 4 349 58 7 3 222 23 762 8 912 15 762 25 574 22 209 111 34 62 314 14 198 83 816 41 1311
246 20 74 29 227 18 1408 15 344 130 959 59 710 6 595 42 457 89 1115 5 1066 21 1109 37 405 87 122 42 1190 1 263 2 1103 44 943 3 1034 24 377 93 1417 2 241
247 20 75 24 290 109 573 24 981 7 1247 26 1114 18 1185 34 844 2 273 73 383 38 1424 15 640 25 1443 15 422 110 475 51 1351 59 1306 72 840 25 1341 3 1426 27 276
248 20 85 44 782 58 1076 82 809 30 458 10 912 79 1259 93 148 42 642 77 634 26 471 33 1240 25 925 8 1238 23 1125 3 289 17 151 67 535 77 414 9 806 50 226
249 20 73 31 24 4 24 16 1344 43 565 55 837 23 1389 28 1261 7 852 6 1257 93 1500 43 871 22 1094 122 1484 50 488 93 1128 8 529 41 1313 3 745 19 1326 28 1303
250 20 127 22 1279 85 1149 53 1147 207 504 28 10 34 247 8 995 14 1258 83 703 104 25 77 1107 11 1213 75 532 124 1363 20 1295 50 22 31 603 63 1495 177 689 7 969
251 20 81 111 251 23 410 15 968 50 339 11 50 36 857 60 885 5 806 32 99 106 1270 15 404 6 102 43 1234 124 398 33 1272 1 196 79 1050 20 915 19 1376 24 1473
252 20 63 36 484 7 1360 11 1330 16 677 24 299 122 272 31 159 93 203 43 1136 37 441 7 1320 2 1441 18 150 9 813 58 241 68 1407 9 43 7 15 16 1132 18 1038
253 20 82 24 1008 35 560 1 797 22 854 12 979 117 1046 87 895 8 418 30 575 17 955 4 36 62 1120 22 1019 54 69 48 1249 10 835 4 442 129 1407 32 129 108 1320
254 20 82 106 281 85 557 50 1064 45 895 45 203 9 364 71 504 26 403 78 1401 12 954 51 296 23 259 27 1133 26 255 54 1449 28 1231 20 1449 2 1377 4 1376 59 114
255 20 102 6 23 2 520 63 321 15 31 161 538 69 232 4 356 4 499 97 642 56 1297 39 779 88 973 62 1302 69 306 36 970 105 735 73 324 18 676 57 1436 3 1201
256 20 89 1 125 6 991 85 335 25 688 123 330 83 45 112 610 65 19 69 582 49 522 13 581 5 1323 20 62 74 1066 13 1492 14 642 38 303 10 20 12 875 76 267
257 20 65 12 756 12 122 3 711 16 391 37 613 2 315 1 774 62 131 49 823 34 624 15 400 5 920 65 814 97 430 44 947 58 345 10 2 67 308 7 27 60 282
258 20 111 136 330 7 1104 37 1346 51 278 124 107 79 1038 3 1374 8 1181 79 340 110 76 44 628 14 389 78 229 104 1342 44 1351 27 1226 86 328 35 725 11 159 41 378
259 20 80 77 1023 78 1439 10 1068 107 1231 7 656 103 1179 2 190 152 1466 81 1303 24 423 7 1123 26 598 26 674 12 1373 5 964 26 575 12 258 7 1425 6 726 34 158
260 20 100 14 841 99 1114 60 738 154 641 28 1017 66 447 54 6 14 187 91 1386 9 979 95 648 105 607 15 1135 23 18 12 1129 1 1122 61 851 24 1059 40 1007 38 947
261 20 101 46 1430 59 1271 92 445 64 530 26 771 146 363 17 740 18 773 26 693 107 96 150 277 49 963 94 862 13 888 4 862 17 764 11 1162 57 1180 7 1272 7 208
262 20 94 59 134 1 827 51 319 13 510 61 620 140 1009 4 376 33 1274 74 1099 25 400 90 688 5 63 23 506 18 713 41 1386 47 1064 109 900 23 1196 30 1220 95 1065
263 20 90 87 865 43 596 38 1268 88 1095 11 744 14 90 74 436 66 44 3 1034 30 1003 68 372 103 1360 81 1329 19 539 29 1427 6 585 12 1400 33 345 94 593 2 1395
264 20 80 71 88 180 586 6 192 14 94 73 1081 3 1445 79 317 19 1212 3 1343 17 901 13 82 35 1020 42 703 43 941 84 869 2 1105 60 182 2 198 22 1133 39 1393
265 20 90 15 20 129 559 23 1190 25 17 3 102 47 1164 7 632 30 1099 90 415 57 569 19 1240 66 53 21 246 73 1028 37 49 156 267 3 964 12 354 40 322 47 948
266 20 119 63 1391 9 1075 31 387 11 98 11 787 65 3 24 556 36 819 147 876 107 1150 57 559 26 1334 122 1342 22 930 67 1435 27 578 39 59 205 55 42 904 87 1202
267 20 70 28 883 54 1216 11 1203 58 1209 49 1145 38 1331 30 31 41 451 14 994 13 916 6 707 101 1439 36 602 56 1109 10 531 37 105 61 713 15 727 31 1409 11 1169
268 20 101 43 677 18 88 31 1415 19 1337 152 474 6 1417 50 1399 5 256 29 625 77 567 13 67 19 87 23 271 109 583 27 1118 76 222 70 1295 70 615 141 854 37 1145
269 20 94 77 684 79 981 31 1486 79 200 54 203 63 17 8 1441 100 6 9 1467 110 1493 28 904 22 943 63 284 50 598 45 1404 90 1495 23 751 1 1247 12 305 2 80
270 20 90 15 995 10 1041 1 266 31 395 140 1203 21 662 50 133 39 657 27 36 29 175 24 871 48 885 12 911 25 91 47 473 106 236 104 229 13 297 109 1145 53 896
271 20 88 19 1393 38 1420 12 58 19 587 27 1078 13 193 38 91 20 1197 1 1357 4 938 3 703 174 795 233 750 69 385 40 788 70 804 1 1036 36 564 13 938 59 697
272 20 108 50 723 17 1125 15 1440 26 533 45 783 89 859 32 1439 77 282 22 833 36 1233 39 559 122 1202 7 356 7 128 35 1355 130 1067 38 432 53 867 140 154 108 306
273 20 115 61 302 39 337 50 938 92 1078 172 1014 73 476 19 1028 105 1313 35 1032 3 731 17 674 138 50 30 1257 173 1091 22 174 16 1047 51 1187 36 184 15 676 12 954
274 20 64 57 1499 5 129 10 426 12 1083 6 1033 14 1401 84 402 7 1458 8 1065 22 1177 22 223 43 761 53 972 10 798 50 956 16 803 31 400 96 1003 48 854 55 491
275 20 112 60 898 140 904 106 1327 42 1140 11 375 25 867 9 729 1 82 65 1377 48 1028 6 393 60 551 107 1195 19 1281 7 1091 5 894 11 104 225 528 28 13 146 1440
276 20 72 28 675 16 374 37 530 3 155 165 945 5 529 2 709 3 494 66 1478 7 880 34 962 19 950 26 147 37 1334 30 610 38 1038 14 392 102 972 79 117 11 1010
277 20 70 23 1381 80 1358 33 1251 51 771 41 921 21 1057 27 323 21 167 9 38 92 1304 14 1402 34 829 16 1472 84 1286 66 430 36 856 9 52 27 158 12 1067 6 265
278 20 84 24 581 21 1391 11 202 104 1393 27 414 29 189 82 542 17 1210 5 88 21 491 25 930 42 218 7 84 35 485 32 972 28 543 95 43 88 1022 22 598 126 1213
279 20 82 25 1063 24 1228 75 1472 114 893 19 1443 9 921 22 508 22 506 15 86 17 381 15 1016 39 1125 32 735 38 870 13 722 34 376 94 1494 135 837 42 967 44 386
280 20 81 12 427 11 1176 45 412 36 1233 81 680 30 1143 131 533 5 1274 82 813 28 1122 19 399 17 584 4 729 27 1416 32 676 15 225 33 1345 123 533 45 1053 37 1373
281 20 116 72 679 19 1191 8 705 62 641 78 396 136 453 55 1110 33 901 10 565 90 1396 30 756 10 1286 105 122 80 1151 144 466 25 696 11 382 23 130 127 900 42 60
282 20 100 22 718 82 928 139 242 33 1141 111 456 50 813 44 1085 25 1159 39 606 8 647 68 331 26 715 59 1355 53 1010 40 587 17 369 71 838 62 1275 31 1119 20 1057
283 20 105 3 415 76 257 13 734 6 128 125 424 24 1062 20 672 4 513 47 215 174 1082 57 1301 18 1380 66 892 80 219 42 958 38 47 34 1350 181 254 42 842 9 17
284 20 75 20 80 9 879 21 1103 4 268 32 1428 47 827 60 512 4 394 18 629 154 1149 128 1009 34 557 53 711 39 461 20 1235 5 1379 45 124 33 778 23 1310 3 684
285 20 86 122 331 67 1472 40 1302 23 94 74 1016 17 1274 2 1317 40 265 73 1416 48 795 43 16 51 950 13 860 1 271 22 640 52 167 49 289 34 1128 77 699 19 1175
286 20 85 57 870 137 396 27 1303 116 514 4 535 10 621 3 1064 69 252 7 942 88 220 39 93 41 1047 15 1280 20 6 29 220 27 787 30 1484 67 1456 31 1392 38 330
287 20 102 150 41 26 158 14 1263 14 102 68 460 8 1146 58 1490 78 1289 19 237 53 820 18 449 41 172 45 1177 61 1218 22 42 6 1262 76 776 79 1297 101 1218 84 703
288 20 94 36 633 34 117 49 768 80 749 60 90 107 276 24 451 2 1384 6 356 35 1352 27 1205 67 777 75 556 44 161 7 497 28 624 64 1478 169 1312 21 1286 14 55
289 20 118 64 405 7 1019 6 196 55 567 101 373 58 826 86 667 45 854 146 1399 92 1398 116 19 153 966 9 687 8 875 55 490 41 73 25 326 67 95 46 565 9 45
290 20 97 13 56 163 1099 6 1440 1 232 24 1375 88 325 131 790 13 167 66 787 16 218 23 962 115 578 15 827 79 1475 7 1244 24 1136 23 460 62 732 3 92 101 103
291 20 73 98 89 107 616 53 535 21 206 29 637 37 1061 13 1398 13 1223 31 465 49 44 46 845 33 1030 31 399 5 893 22 10 58 1142 25 1440 37 79 10 97 21 850
292 20 81 19 1164 14 1220 96 408 95 947 17 1152 22 621 145 130 46 989 49 281 2 270 29 1338 9 653 14 1265 149 37 3 941 10 649 35 887 10 1181 34 1393 15 273
293 20 72 61 1029 86 972 23 142 37 1035 39 715 32 1027 22 418 57 87 26 943 20 1277 3 1137 21 1183 23 33 65 891 51 1080 51 976 89 1273 1 855 19 681 1 10
294 20 63 7 670 8 346 28 58 18 1445 14 969 58 235 31 454 45 498 60 188 28 1157 13 888 14 287 28 1392 74 1397 24 1035 10 92 63 458 1 238 70 158 42 102
295 20 58 31 1150 19 934 11 65 48 1429 21 424 68 865 50 940 23 1282 12 1360 67 1294 18 912 18 129 12 1359 34 631 54 914 4 252 3 252 56 305 4 1339 35 935
296 20 118 116 653 79 838 96 714 18 839 13 1463 36 1093 29 230 71 855 81 1185 67 600 119 1175 26 1336 14 281 59 368 51 790 73 250 2 946 126 671 83 654 22 1032
297 20 65 5 1075 12 551 1 1282 42 37 32 375 15 249 6 746 35 1024 48 955 1 889 21 1186 46 1201 67 710 41 922 132 70 46 151 23 925 3 395 59 604 19 1174
298 20 67 29 1232 5 846 14 1037 8 1483 23 1020 5 1051 9 706 2 1087 99 760 58 284 19 1208 13 24 40 407 126 245 32 394 77 1460 17 1021 53 649 2 1390 44 1
299 20 86 87 1199 12 179 3 1121 92 1243 1 702 26 1109 102 246 48 711 5 749 17 543 95 293 31 1346 23 1382 72 1215 51 1395 58 1415 2 260 56 1217 12 1417 76 870
300 20 94 85 144 45 1012 6 109 84 1477 48 1167 52 1062 41 236 33 1015 13 962 70 199 9 585 74 255 32 885 37 773 73 69 27 521 21 909 118 1213 78 1271 2 162
301 20 72 3 779 20 1174 21 962 12 785 50 1334 9 817 46 933 131 1394 14 980 81 1361 96 728 3 804 34 40 26 1109 9 936 31 1072 97 37 12 774 14 1280 15 657
302 20 76 173 713 27 452 37 92 16 1342 8 229 7 1303 19 1113 78 1431 53 572 5 280 33 935 40 212 18 721 4 1034 21 463 5 380 52 25 19 1286 126 985 21 943
303 20 84 66 94 26 204 92 775 43 1174 17 1137 24 172 56 963 63 518 53 1284 24 1465 41 1497 43 431 58 718 83 1010 24 539 28 1397 12 1274 33 936 56 354 6 1052
304 20 64 33 942 24 953 38 1469 46 340 2 1274 76 515 8 633 34 1477 25 236 35 72 49 75 3 901 75 993 78 1438 8 1447 27 375 15 560 30 1166 27 800 9 1338
305 20 91 61 1257 56 784 27 431 30 278 120 787 145 806 37 1166 3 378 47 50 50 1460 103 1051 40 1259 14 1265 12 492 10 1306 17 624 75 860 3 1225 12 206 57 328
306 20 99 90 163 113 1216 86 120 8 1221 5 1229 125 292 16 1300 37 971 62 184 87 1063 37 187 4 1011 31 1010 67 1011 3 1094 52 809 22 115 15 1006 4 73 134 1268
307 20 85 53 214 127 993 61 1206 8 1443 21 957 13 161 47 639 19 1408 35 247 13 1490 29 1147 29 1207 31 1163 26 812 7 24 131 772 7 302 131 810 7 60 58 976
308 20 76 7 361 37 27 22 33 3 920 39 495 17 223 62 275 85 256 20 979 1 1163 45 1234 35 151 15 141 80 1391 10 1477 17 549 9 736 19 374 123 124 114 904
309 20 95 4 345 50 684 11 119 104 679 7 195 43 805 93 1196 132 621 73 1294 39 868 6 1423 2 629 3 1058 38 95 72 1409 14 895 167 1094 17 297 1 1028 76 664
310 20 70 90 132 33 1028 1 694 6 982 4 1425 138 233 42 1232 62 679 1 1089 33 1352 55 123 3 572 9 1281 50 1454 41 48 27 496 7 671 2 734 64 628 34 1187
311 20 82 30 700 18 1399 31 32 73 441 42 366 141 1382 65 223 9 952 43 94 10 1047 21 595 18 547 62 386 23 245 21 1194 29 899 40 1401 100 1109 43 542 4 356
312 20 90 62 216 13 267 72 1312 30 840 18 457 50 165 26 1299 64 415 10 425 123 575 10 968 16 945 63 526 40 109 33 818 9 122 5 533 182 452 72 1438 9 494
313 20 56 35 1411 1 355 15 615 28 337 3 498 56 387 7 744 32 1377 1 823 45 977 21 677 39 1411 26 267 50 474 23 1499 9 248 29 386 112 220 4 1005 31 36
314 20 69 20 225 5 964 43 446 8 860 54 108 67 1031 22 1279 5 273 24 726 14 553 19 1015 26 816 22 1335 51 351 12 746 94 337 79 1106 15 1331 40 1414 79 341
315 20 102 66 1493 14 242 62 113 48 1118 88 1242 13 695 77 1483 28 486 172 644 4 1047 37 390 7 831 11 1033 70 925 60 1479 98 903 23 942 2 1109 69 978 74 435
316 20 79 3 1424 7 156 26 67 115 1222 14 176 12 1225 91 1381 72 188 2 210 29 421 83 9 21 907 17 1314 85 734 6 1051 35 90 16 1306 23 1402 31 1319 111 139
317 20 71 52 1500 32 967 50 208 49 715 77 1257 2 728 61 723 65 628 23 490 22 182 18 176 1 1157 2 561 54 519 33 1420 75 645 17 492 19 550 57 1140 7 110
318 20 98 13 325 50 551 5 509 35 626 8 167 43 273 6 498 55 925 94 1291 82 346 7 1021 10 468 9 1169 64 595 92 1049 90 1123 103 1093 68 65 81 331 73 1170
319 20 98 91 72 37 551 18 831 24 242 70 941 73 1337 81 671 32 1031 19 1440 108 1495 54 711 34 797 33 840 148 864 42 14 5 50 46 634 4 632 40 248 24 983
320 20 54 3 979 19 625 15 1351 97 356 22 307 95 4 32 31 34 1453 3 1250 68 1425 1 1336 19 423 2 277 5 137 40 235 26 688 26 768 7 1475 21 1424 7 996
321 20 97 32 265 60 1154 53 431 139 858 55 1259 45 682 21 827 23 546 2 1101 5 941 16 1140 6 626 91 1282 67 693 3 403 9 519 105 873 51 859 27 1390 165 895
322 20 86 6 84 31 658 12 94 51 456 14 7 80 196 45 319 59 251 25 969 50 213 101 510 61 718 45 941 14 81 33 736 75 1242 55 658 62 522 28 385 15 883
323 20 97 129 117 45 232 53 514 9 720 80 1061 4 65 61 71 86 1120 105 1031 1 832 8 1217 91 190 21 289 7 184 41 715 127 604 39 959 12 1292 9 971 44 78
324 20 74 6 1239 31 906 61 655 36 61 56 612 3 1168 118 70 9 341 45 767 25 1374 4 361 60 21 16 355 10 1237 6 1294 94 1263 69 7 72 915 23 153 2 422
325 20 79 42 1112 6 1215 11 1456 2 930 107 1265 99 1106 21 189 34 102 76 23 13 1188 83 827 23 890 4 1471 43 1120 112 1010 14 351 36 977 50 865 6 308 9 1245
326 20 90 44 1437 74 1200 1 134 30 656 50 264 59 423 1 231 9 871 80 71 154 963 91 1341 87 232 1 683 41 1222 63 1217 61 955 5 867 26 218 26 1101 6 749
327 20 68 3 638 40 190 47 331 9 901 73 1429 30 965 78 833 5 211 33 139 23 1255 25 468 45 1349 70 20 35 1425 29 1398 20 1204 25 421 53 292 42 1298 3 777
328 20 109 19 1127 9 1431 46 515 74 1009 29 570 55 1016 57 477 49 448 123 1449 24 1307 53 427 44 575 75 926 142 975 99 1086 29 569 23 1484 8 1376 112 1058 27 203
329 20 109 87 251 36 1180 90 1049 16 573 65 1130 113 616 29 256 1 512 75 1368 112 1221 5 430 15 1159 63 642 25 1291 28 25 97 302 37 934 134 1275 61 304 4 430
330 20 82 22 1093 88 260 4 194 18 137 73 758 85 796 5 74 36 594 17 1461 79 271 24 78 36 264 11 1363 111 388 102 943 4 266 56 29 34 576 20 941 4 914
331 20 136 68 559 121 1362 37 1320 114 125 1 10 18 1202 6 609 78 142 23 1375 75 482 140 756 89 531 129 645 34 1013 139 1346 65 1321 149 1237 20 1021 42 1058 15 424
332 20 77 57 1028 59 406 9 422 13 1261 45 801 4 1434 29 1029 95 372 14 1089 31 336 25 1282 151 1439 6 1485 63 190 62 623 10 246 15 833 74 1216 6 268 4 367
333 20 84 11 742 26 626 50 65 23 57 3 592 68 131 65 475 23 1255 155 945 19 1335 38 823 12 439 58 1338 33 313 21 702 46 457 15 1090 15 663 98 1328 70 958
334 20 78 37 197 8 1306 170 60 19 906 10 164 21 987 52 1197 34 1074 24 347 26 429 28 1056 65 794 24 1378 5 432 51 731 16 796 41 754 33 1469 53 324 65 790
335 20 93 30 1468 133 547 1 351 55 1186 13 1011 27 1201 6 171 26 1351 68 1361 10 463 15 242 9 931 166 1269 92 931 33 969 72 304 23 49 87 605 22 395 43 1199
336 20 77 7 393 99 752 59 555 7 237 5 364 35 1285 24 267 97 364 9 373 5 620 123 315 1 291 4 941 18 578 185 1003 9 1247 29 1182 36 814 12 1051 7 980
337 20 73 14 1175 50 1214 17 34 2 1424 3 620 20 308 4 739 10 1290 79 238 46 1384 31 582 32 149 94 1115 71 1042 52 1162 96 667 13 450 33 914 19 444 50 194
338 20 86 24 64 74 1225 25 993 5 1205 2 1041 56 908 16 811 25 1448 140 195 28 202 96 1395 43 99 12 403 112 361 6 1428 50 1010 23 578 12 212 91 889 23 4
339 20 114 38 852 42 114 3 970 31 1499 7 562 131 1031 56 905 38 562 90 248 32 736 32 253 59 850 117 391 79 1416 5 1404 104 464 98 1201 16 876 111 915 54 613
340 20 103 82 1301 23 1351 3 1473 67 269 5 128 19 134 67 380 69 593 123 1137 21 1240 31 1042 96 225 101 1015 38 200 41 491 5 671 75 682 93 649 42 1206 32 952
341 20 89 41 198 16 272 89 1491 90 1005 91 885 77 437 92 890 49 721 9 1123 32 460 19 395 13 591 2 556 14 1010 94 436 60 538 35 395 12 175 54 799 1 1382
342 20 100 59 960 13 136 20 389 49 1037 65 1430 55 129 6 741 80 730 161 280 23 693 13 220 65 209 14 428 6 316 52 621 66 576 54 394 34 1213 46 1136 119 424
343 20 73 44 1452 21 414 9 1105 4 1178 3 1190 62 1349 8 227 53 1220 25 153 10 261 93 1113 53 88 42 552 36 459 68 1382 85 630 65 202 9 1138 1 419 43 1431
344 20 65 43 785 1 1428 6 220 35 666 4 230 43 357 21 294 28 1491 1 1158 122 342 7 895 16 843 64 450 56 921 10 16 6 973 29 252 26 1225 106 945 31 1086
345 20 77 59 993 31 67 103 836 37 770 7 933 6 856 5 784 14 186 27 374 16 845 12 1382 107 999 46 755 87 149 48 1255 82 371 13 405 13 634 9 1089 53 1142
346 20 81 45 1431 29 1350 21 313 30 715 33 555 21 131 15 144 6 907 18 600 58 507 40 84 10 1297 141 760 68 1217 89 457 7 1467 107 323 20 88 26 119 32 198
347 20 57 32 698 24 1437 30 1437 80 22 31 842 27 88 42 596 11 1075 15 1093 47 7 27 70 5 1227 20 774 47 1067 28 10 23 281 73 409 10 465 1 652 1 66
348 20 117 124 634 44 1098 2 336 82 110 61 157 18 179 11 1488 15 930 20 1103 98 710 4 1054 7 585 94 1384 93 707 201 622 68 698 54 315 88 1232 43 217 46 313
349 20 83 103 1189 13 1445 12 706 13 1256 52 1477 38 642 49 1148 173 405 48 864 20 1310 7 175 57 1310 20 351 40 718 10 1354 9 65 54 1450 34 934 36 1475 49 172
350 20 80 8 1122 9 1106 7 1110 8 603 114 1351 4 1399 43 597 78 1299 31 1272 24 1071 94 1323 47 217 58 1357 15 696 24 282 90 332 39 1101 6 203 57 1333 48 920
351 20 69 9 76 84 1131 3 961 27 793 72 802 63 974 19 1442 31 1167 35 754 65 1413 9 1054 87 941 20 309 30 1240 51 356 40 369 27 783 11 1221 10 1106 3 142
352 20 57 13 1260 3 613 18 8 10 1068 63 1048 4 283 54 31 61 1191 30 375 56 453 59 209 1 1049 37 115 12 1329 47 159 51 455 51 366 2 361 4 591 2 705
353 20 82 27 1496 15 99 13 1389 31 1489 24 1352 136 522 32 94 17 828 57 1363 68 415 38 727 32 1426 48 370 32 94 48 85 47 1367 49 628 24 547 12 164 75 1236
354 20 71 67 1247 25 614 30 1127 44 270 42 514 41 94 33 1216 10 1188 56 932 14 133 24 447 23 1252 12 140 77 507 3 896 95 473 30 992 25 188 23 1404 38 886
355 20 123 123 94 14 563 40 245 21 1078 120 1249 27 358 24 720 109 635 24 515 117 1058 103 518 134 246 26 1264 47 989 59 307 107 449 17 404 26 726 77 185 23 1337
356 20 82 21 941 68 873 66 450 71 1257 33 30 21 1067 7 1220 55 405 115 1218 4 946 95 593 72 1034 22 326 26 844 23 1180 29 1163 1 501 73 63 12 677 14 114
357 20 69 10 79 18 1281 8 873 94 1402 53 337 72 1449 37 1283 14 566 1 1422 19 1169 6 1424 30 11 16 873 32 1240 129 1356 74 405 34 625 27 550 5 471 19 316
358 20 93 104 504 1 132 39 368 46 24 73 71 15 1397 1 80 1 84 47 1090 82 1456 61 989 47 186 55 838 75 705 84 313 39 1105 6 61 42 509 83 417 35 586
359 20 68 50 1066 31 566 18 495 59 90 24 1167 25 557 92 889 38 1409 64 204 43 79 7 1129 23 1385 39 185 14 870 9 369 13 1057 42 1196 52 978 26 455 13 91
360 20 74 16 376 20 610 54 1475 21 134 37 1385 31 576 25 511 7 456 8 775 43 2 140 873 4 671 127 676 76 995 23 149 60 460 3 1279 3 445 23 1213 24 1168
361 20 93 193 361 28 1009 56 1057 60 1381 52 1020 50 634 28 361 18 711 6 1235 28 196 10 481 82 896 73 517 1 1188 29 1479 15 563 25 1186 124 507 48 1267 9 1340
362 20 109 25 957 115 681 86 1173 9 381 172 848 64 1199 47 420 35 759 33 1325 21 806 99 1090 16 911 55 309 74 297 14 1462 9 541 20 134 136 492 42 1081 23 667
363 20 77 100 1109 14 788 27 499 49 663 27 1259 16 1133 43 794 37 316 5 367 15 403 23 701 36 526 81 794 5 1015 105 64 32 107 76 31 19 587 28 841 41 389
364 20 87 68 1373 2 1297 60 1493 29 1233 113 196 4 609 90 1203 64 1372 8 897 28 759 55 386 11 157 21 979 72 726 1 1046 19 358 3 1238 51 656 80 1027 100 108
365 20 62 26 1282 26 1268 20 17 32 752 10 522 50 1239 51 233 53 164 9 1073 26 369 29 932 10 238 41 544 25 189 9 1113 35 1232 43 1312 8 1203 11 630 106 1082
366 20 109 4 920 111 367 55 1316 75 1178 4 765 130 560 78 1347 45 721 13 603 32 1371 27 613 20 921 109 619 65 1244 39 407 135 1341 4 476 15 1423 114 621 17 1467
367 20 77 5 21 53 1345 92 1052 1 29 56 312 39 1380 18 933 38 391 74 1450 21 58 14 1227 6 1162 37 1069 34 16 65 595 102 71 4 994 7 817 48 7 57 705
368 20 55 60 294 8 568 26 534 13 950 47 1023 19 427 8 61 10 995 69 1233 12 727 10 829 66 1365 12 814 44 1310 4 964 6 1388 24 71 82 538 10 1059 27 249
369 20 82 5 493 13 1476 15 1177 53 313 175 1150 119 1356 41 1335 56 1124 5 1097 76 551 26 13 13 570 30 367 27 158 59 994 15 528 16 513 12 503 18 628 49 261
370 20 64 36 543 70 463 16 519 14 1403 87 130 121 1162 1 962 16 1239 5 111 2 189 30 569 3 1225 14 728 16 1061 26 844 8 455 117 1375 38 906 11 910 10 463
371 20 72 51 188 82 606 23 626 22 1355 61 111 10 644 3 1444 61 1238 80 1314 15 655 3 1198 95 1106 52 354 44 648 7 242 46 320 13 66 9 1109 3 570 46 413
372 20 120 133 310 10 1426 43 134 95 1059 10 347 90 586 73 815 39 80 39 1357 13 143 27 490 73 587 96 898 212 1101 17 1428 101 255 7 171 65 970 61 1104 3 778
373 20 83 13 645 45 116 21 1190 10 447 133 1450 61 432 21 1382 53 41 19 537 11 1472 29 834 20 203 13 1241 45 391 84 1163 131 172 47 466 20 390 3 723 51 552
374 20 61 58 1299 1 1264 2 201 32 787 56 475 89 245 13 1407 22 231 66 1038 23 1061 4 704 33 371 14 434 8 1041 36 744 20 337 18 131 51 787 49 681 16 1441
375 20 78 21 812 13 674 1 522 33 390 29 587 5 85 5 1444 7 1220 38 183 12 1177 70 584 199 1283 16 1143 67 683 48 165 115 354 1 1246 12 1237 43 747 47 244
376 20 87 59 389 119 188 47 34 27 75 89 642 17 357 28 613 7 767 83 1215 4 247 117 1159 23 1295 22 1084 53 1100 60 453 39 922 15 1476 46 705 2 1348 21 1193
377 20 119 18 44 58 1268 50 1335 49 598 56 18 45 52 32 729 35 1350 3 727 30 1162 83 376 31 755 152 1107 69 1329 91 813 32 898 66 1301 81 1473 69 963 141 534
378 20 102 102 467 123 497 11 551 26 1027 90 483 1 432 79 1154 31 209 14 673 31 1290 163 1161 66 1300 24 788 26 1279 3 1236 18 31 53 634 26 691 56 1082 81 1228
379 20 128 113 431 20 226 33 1078 48 1371 157 111 31 899 107 1482 32 280 56 345 121 824 37 975 136 525 12 1019 80 690 9 833 111 724 70 1085 60 1053 47 864 7 847
380 20 120 117 990 37 338 35 912 24 931 173 794 123 1200 74 182 87 720 69 959 47 214 9 1290 7 686 17 1363 40 1165 79 109 49 1100 2 1256 26 1337 177 392 9 77
381 20 93 33 185 38 645 23 1405 134 1440 2 1290 4 584 36 413 101 213 26 720 89 121 22 735 46 6 3 312 29 292 124 1219 52 1264 95 675 60 1269 4 553 16 592
382 20 79 12 1291 41 302 2 1170 12 1122 43 290 70 477 73 674 15 585 18 598 48 113 73 336 38 988 23 908 41 581 44 1270 14 1449 38 1342 67 957 15 969 107 960
383 20 95 32 68 37 853 110 417 11 121 38 1265 104 1368 99 1487 59 977 54 1465 2 1421 53 610 101 17 23 278 14 28 94 80 22 847 29 418 15 469 27 773 26 1481
384 20 103 26 541 56 924 49 688 13 576 49 1449 63 496 20 1159 71 212 31 587 4 405 111 270 118 928 18 771 6 931 112 372 74 303 1 1389 84 860 28 925 96 1047
385 20 94 32 359 10 531 101 1386 37 187 31 1464 41 346 12 532 68 814 77 270 42 1458 19 1487 56 757 20 1196 9 112 59 1035 182 1370 3 1204 24 279 30 224 88 627
386 20 80 25 570 16 625 27 873 48 1039 70 833 32 3 28 951 34 710 119 345 11 1148 36 71 26 849 105 821 33 497 11 645 35 12 51 869 26 296 6 678 62 928
387 20 89 23 765 85 19 54 262 1 704 43 510 1 1462 6 593 123 855 138 240 14 759 16 1274 20 1032 13 46 142 255 40 914 54 420 11 1075 39 124 59 1093 10 417
388 20 92 14 172 37 196 38 1403 40 709 4 767 74 290 34 643 8 671 84 396 9 1369 7 505 104 1218 49 298 62 630 124 561 22 614 79 555 58 75 3 449 70 598
389 20 72 60 1000 20 1217 1 284 59 1181 9 451 31 1352 76 1463 10 263 25 249 98 253 20 835 45 255 1 438 113 1177 49 856 24 665 1 1098 21 1288 39 1488 25 238
390 20 80 16 516 24 485 45 1180 48 1126 2 1350 16 921 33 560 92 1455 10 412 21 76 56 905 67 50 65 495 33 1154 7 1051 51 1008 94 1485 34 241 81 813 8 1099
391 20 80 9 784 61 549 27 1254 69 596 33 1405 2 1472 9 406 24 190 77 623 156 1338 8 219 9 1216 11 557 27 200 25 867 96 330 75 237 15 259 26 676 49 1438
392 20 83 46 1114 59 347 3 849 134 950 9 1055 115 102 36 468 22 397 4 1400 25 467 72 1459 40 963 81 881 54 68 20 985 4 752 28 841 7 812 49 662 30 141
393 20 96 21 348 145 581 40 920 61 1224 10 1095 6 229 156 1367 54 640 58 816 20 652 21 942 11 50 39 409 89 1188 9 87 6 658 61 12 56 178 64 898 42 145
394 20 107 116 1186 72 131 23 208 40 1463 14 192 41 48 83 1153 12 857 5 648 49 933 99 1444 19 885 44 689 84 339 5 1330 5 631 17 736 230 363 63 387 51 702
395 20 92 92 946 35 215 32 696 43 912 91 1375 79 900 2 1167 13 168 25 1346 41 635 19 230 7 333 33 576 54 1184 5 498 87 79 93 188 27 584 18 182 124 333
396 20 71 21 485 8 478 82 395 15 1407 3 541 60 547 28 1117 2 288 8 1054 32 970 51 731 30 1253 33 1370 83 447 40 996 7 1256 21 566 37 1336 86 543 65 790
397 20 95 21 68 40 1482 127 679 19 197 24 1479 76 51 17 1152 15 7 131 153 21 864 7 636 14 1312 53 1354 105 33 14 1249 11 94 62 1215 73 423 93 333 36 728
398 20 96 25 738 46 1106 64 1451 3 894 41 137 49 109 44 1408 175 923 44 398 36 1449 91 1116 33 348 38 1483 12 1127 10 1395 11 27 6 33 17 739 157 677 65 550
399 20 122 17 610 41 1069 9 596 8 318 5 1250 70 1009 41 1058 74 1346 55 186 97 389 45 859 86 1362 164 314 122 591 10 1385 168 636 60 1107 73 642 19 1375 62 1435
400 20 92 64 5 129 1077 13 312 122 170 7 1392 45 944 23 658 16 1009 56 15 51 934 89 1306 18 506 28 482 22 711 27 448 28 227 39 4 20 1490 71 550 53 324
401 20 101 45 657 24 204 37 825 5 1078 31 1302 112 63 72 1484 13 850 5 71 26 200 147 471 66 322 88 872 83 495 10 1459 116 928 71 1240 57 1206 1 640 7 1440
402 20 90 26 756 76 425 53 180 47 165 12 1131 68 1324 28 879 44 762 40 501 82 847 46 187 3 1363 10 1185 21 978 38 1104 34 290 40 1102 91 311 136 163 9 1333
403 20 73 129 952 22 115 19 479 18 762 2 1340 66 50 107 882 2 826 67 288 17 43 5 989 18 1141 49 115 1 1488 27 64 15 1337 33 764 27 1275 85 281 22 365
404 20 63 43 792 16 624 36 369 30 223 55 470 13 493 49 664 6 1108 41 1275 4 1346 10 228 21 1220 49 535 30 465 22 1202 32 1308 6 647 80 632 26 1164 65 1361
405 20 101 11 383 4 721 117 465 27 1082 133 263 100 470 11 248 6 877 156 637 54 778 153 265 26 1481 58 78 15 338 44 480 16 699 1 684 46 1341 25 61 16 688
406 20 73 31 571 47 605 64 48 30 194 59 1395 26 1386 2 298 8 554 7 1189 3 906 26 1387 45 66 31 409 27 988 11 487 13 315 99 543 147 465 14 665 42 608
407 20 81 121 1315 6 115 56 1181 74 1034 35 258 47 749 85 1142 9 775 72 663 17 1036 20 1392 95 1034 9 867 9 1251 7 239 41 680 35 526 33 686 32 518 12 1277
408 20 70 5 735 20 20 18 1057 43 121 13 738 43 876 5 104 50 1470 52 472 12 1132 68 542 45 488 6 777 50 653 143 150 10 313 16 1082 28 1252 68 982 9 154
409 20 77 33 1448 10 1264 83 560 79 1168 63 449 125 1116 6 934 80 761 24 273 5 1198 88 154 40 651 11 585 45 656 5 1079 21 191 7 206 22 1268 16 1228 14 1094
410 20 90 77 1357 15 1422 28 708 38 392 56 467 55 1259 4 1275 3 451 130 1286 72 1116 26 975 139 1476 18 544 19 1015 16 98 90 643 8 736 47 1344 35 6 27 1485
411 20 105 29 830 92 1246 3 1379 43 491 75 285 68 1489 106 508 80 708 45 218 45 163 37 498 171 560 20 117 5 450 57 253 57 299 7 1285 35 419 71 485 11 345
412 20 90 103 947 37 1283 7 574 62 876 30 264 84 1058 87 449 28 1280 5 1090 89 213 71 364 67 65 7 981 17 132 35 1369 7 10 30 682 5 152 95 1495 35 216
413 20 76 58 586 2 1067 5 1242 60 393 11 1372 15 673 19 853 14 333 71 1062 60 732 2 669 3 630 68 333 73 1043 40 879 63 233 90 1033 76 1036 6 582 27 327
414 20 73 2 79 14 369 113 1488 11 743 64 1291 17 1284 20 944 46 1134 45 636 52 962 18 1332 20 717 40 1110 15 956 44 64 92 1432 6 1035 20 838 1 442 92 1325
415 20 76 12 923 41 464 10 687 22 1219 39 468 15 279 48 166 95 827 2 127 138 1325 9 611 9 746 4 479 22 1147 26 622 26 986 11 415 39 806 3 1176 195 1192
416 20 89 25 1125 49 10 52 1447 89 805 7 770 123 978 14 91 13 1481 41 510 16 368 16 386 79 1116 13 1367 22 637 51 1449 33 1321 40 1240 48 289 57 1013 106 651
417 20 101 32 779 141 1007 8 817 78 515 4 1330 129 708 16 253 187 1273 31 290 37 87 24 764 7 1086 25 1116 10 221 29 1483 95 1200 34 852 32 1266 60 33 40 375
418 20 94 34 866 36 512 2 121 7 1170 52 1282 82 1204 100 439 16 886 8 1024 59 496 34 1355 31 22 8 102 97 237 32 1319 98 759 77 711 111 590 23 1433 38 650
419 20 86 103 1234 42 739 7 575 46 411 8 726 42 661 48 282 123 1344 11 605 97 303 77 327 12 1429 18 1075 8 1199 57 603 1 381 7 769 53 1192 66 1021 35 1338
420 20 97 78 369 144 1135 28 727 26 1341 8 960 8 1249 31 1466 14 736 200 528 31 223 9 1289 29 290 27 33 9 1343 71 843 6 918 51 1166 62 1166 119 993 20 179
421 20 76 1 917 49 458 82 1122 71 181 118 1084 58 85 67 634 18 349 8 648 15 1161 32 891 8 675 5 761 1 1290 2 1384 5 1120 69 29 75 1247 59 1233 22 630
422 20 67 5 626 29 634 34 727 85 1321 18 1187 13 528 10 428 25 1382 56 154 33 16 38 365 2 100 76 1394 9 511 60 839 25 1014 56 467 33 732 20 1264 49 395
423 20 108 12 1046 101 1489 111 426 25 6 117 1199 32 615 21 1332 60 659 18 505 24 850 56 1473 40 1400 12 387 165 241 68 461 28 188 22 24 142 479 23 1494 7 976
424 20 100 51 365 71 1118 100 204 4 1131 3 224 52 947 22 95 83 1257 122 1394 46 1431 68 1378 73 406 38 403 38 417 13 104 46 616 55 1404 33 8 57 957 27 489
425 20 89 32 279 40 742 40 506 3 224 116 995 7 675 31 1012 8 95 5 562 86 1361 46 329 31 1481 91 1339 143 1320 29 322 84 394 18 1223 3 1453 2 165 82 1369
426 20 99 57 859 138 138 24 165 6 1258 9 1426 19 473 62 1124 111 1142 43 341 34 1465 116 1235 80 719 7 1474 17 859 46 1022 68 1472 13 1314 55 644 72 698 17 466
427 20 80 1 1066 226 291 52 847 9 1270 35 238 5 456 18 1045 16 1067 93 142 14 194 63 176 5 151 12 922 5 1167 29 1327 11 223 57 59 59 336 21 870 74 453
428 20 63 2 831 15 628 8 1433 32 1001 8 889 6 1126 28 262 34 336 41 1102 38 489 8 1336 56 1012 139 1085 33 445 1 767 9 167 33 1377 34 33 68 978 43 345
429 20 83 1 1341 21 1441 108 318 12 1003 109 631 29 1377 85 475 38 1263 37 1119 52 460 17 1235 121 450 32 143 23 375 4 994 51 74 21 210 5 530 20 1074 52 1250
430 20 93 93 979 48 341 10 1134 49 40 17 1347 41 701 19 349 25 261 35 28 43 412 2 683 178 776 45 475 47 597 9 494 14 1333 43 979 40 1046 59 154 121 930
431 20 86 39 1490 20 1113 1 1185 140 464 81 1051 159 645 87 852 34 281 13 872 32 1100 36 656 39 627 4 14 54 33 35 938 30 487 20 584 1 1280 9 1352 32 205
432 20 116 48 981 29 157 3 1057 23 1082 3 390 28 814 124 132 4 49 84 787 6 805 137 1448 60 28 80 63 88 915 31 1153 124 835 2 1229 91 798 90 79 106 1267
433 20 59 4 77 9 360 14 386 3 1186 5 22 22 1191 23 1212 53 1104 25 269 100 1445 48 1469 17 1184 10 207 105 844 9 578 2 605 10 384 3 321 90 1114 39 350
434 20 92 2 1145 142 540 39 25 17 1162 44 178 42 979 52 868 15 435 30 1257 3 144 30 496 20 94 137 318 19 942 77 180 6 1184 25 798 196 676 18 345 15 445
435 20 96 45 1378 108 813 12 622 41 235 67 356 25 450 10 1122 80 271 53 444 54 47 13 424 11 1382 23 309 75 554 44 1151 25 689 162 1453 22 52 67 545 30 392
436 20 103 42 211 8 1219 26 449 17 1101 76 1380 105 1096 33 855 37 917 73 929 5 217 34 1092 75 242 44 577 54 865 20 618 64 1029 27 863 176 1373 119 100 2 911
437 20 95 61 157 48 794 102 1364 33 101 14 39 66 612 55 1452 69 264 56 45 77 509 69 1396 68 778 4 661 8 1311 53 708 3 293 52 1422 48 950 28 923 40 1089
438 20 106 149 229 18 141 29 704 14 70 81 262 124 956 33 33 14 1250 66 394 32 286 67 241 51 53 69 161 30 897 31 699 98 670 52 1477 39 1368 41 1409 28 710
439 20 63 51 1359 9 48 31 1055 10 20 68 1075 19 289 21 165 12 426 36 995 3 1138 6 532 22 839 104 160 70 951 26 690 33 86 64 344 10 1459 20 432 15 782
440 20 116 74 1150 63 1124 16 722 29 1333 95 923 32 1213 33 1054 156 1442 30 621 203 551 24 255 26 393 41 631 42 1262 88 125 64 1496 59 733 14 209 53 212 20 994
441 20 102 39 331 77 297 24 1270 3 204 30 780 13 781 77 1264 149 349 124 423 10 847 29 1049 15 1284 45 456 17 1053 31 1444 74 892 82 942 75 119 77 631 38 167
442 20 111 152 86 38 879 48 58 7 254 4 523 2 584 35 512 41 510 84 575 144 522 208 514 18 261 2 1480 27 455 31 260 60 510 27 534 35 1443 44 60 103 1243
443 20 97 62 657 45 1081 68 241 204 415 51 319 14 979 9 46 4 1235 132 839 11 499 52 1181 31 191 50 1143 3 102 27 167 46 1481 16 715 14 715 96 565 35 205
444 20 78 40 205 18 1164 26 568 7 139 4 852 33 1207 72 1073 9 883 57 381 9 1212 2 240 141 1006 25 766 16 390 75 54 81 474 16 217 97 291 30 442 22 509
445 20 60 28 910 8 259 2 856 34 441 26 1092 61 257 67 553 10 1343 39 1119 3 1035 25 995 45 1472 11 1071 41 296 20 494 60 412 53 112 5 193 38 594 33 183
446 20 77 55 1491 21 176 12 299 24 613 25 237 25 1342 59 498 62 1063 15 510 63 107 56 1013 58 1273 21 445 1 1119 64 790 54 184 20 746 11 397 81 538 44 615
447 20 75 10 274 17 878 29 906 46 190 52 907 39 648 86 852 7 147 24 797 42 29 9 147 12 1388 41 3 41 820 101 882 81 89 12 1104 89 1200 7 1495 11 1273
448 20 71 4 760 58 768 83 749 33 545 26 1328 55 813 28 1082 37 1400 17 1356 15 347 48 48 45 691 9 473 34 1077 33 1399 65 201 11 937 55 1155 22 500 39 45
449 20 82 29 632 29 757 32 204 56 90 91 1186 52 1294 23 677 1 862 140 1274 91 17 19 1451 26 1201 56 280 12 1473 53 986 77 326 5 198 6 807 8 445 17 316
450 20 58 6 1194 17 1280 25 1450 41 1374 16 193 17 977 24 416 3 793 129 1173 54 123 11 79 59 842 27 916 36 1215 1 514 16 114 78 1308 18 225 3 526 7 171
451 20 63 7 408 7 574 128 1178 22 413 9 932 38 178 99 100 10 79 6 1309 19 785 97 1046 30 590 23 849 45 1355 44 45 5 548 2 1282 25 1366 7 412 11 1144
452 20 106 37 487 107 1347 163 198 60 1333 1 1481 29 887 23 59 31 286 115 605 16 1276 5 373 51 1337 34 1000 74 124 125 420 65 913 23 905 45 645 3 630 53 1022
453 20 67 4 38 3 872 21 879 14 735 59 1145 52 270 45 1016 5 961 118 1438 9 700 29 471 6 1306 4 628 11 1125 2 1324 25 599 35 868 64 1065 81 510 87 812
454 20 76 14 806 23 255 18 1349 26 1354 25 180 35 1312 40 216 67 188 39 250 42 198 31 74 17 1186 157 338 42 23 71 1022 1 1108 53 789 37 495 21 536 5 916
455 20 82 32 1088 5 711 93 1107 88 182 33 138 13 464 16 854 7 827 48 350 16 285 5 1310 105 1163 47 1239 107 350 40 922 86 1474 17 1423 10 157 16 1254 40 473
456 20 105 96 1269 3 77 77 719 31 969 57 1159 72 203 86 1059 43 230 15 1466 10 1189 129 1141 29 287 23 1271 34 638 35 252 57 13 84 973 80 87 88 210 2 1345
457 20 97 19 777 62 717 42 804 33 47 2 1142 44 307 61 1044 25 799 10 140 67 830 103 683 26 1293 30 1472 13 351 113 239 7 196 41 337 57 809 38 455 177 1275
458 20 80 2 187 26 1048 30 1223 67 512 57 609 7 348 2 301 37 1241 45 276 28 23 6 1142 131 400 143 436 1 1334 31 289 2 841 1 572 48 303 54 1281 84 1350
459 20 85 53 989 15 1393 69 626 79 1352 46 1224 1 1040 18 738 2 827 12 727 55 1437 55 1176 94 615 13 313 77 1464 3 123 120 80 32 587 54 252 23 216 37 69
460 20 71 7 81 53 46 15 1421 82 958 83 921 63 118 4 852 16 455 50 121 3 921 49 1450 6 1272 100 256 21 963 28 745 4 861 50 925 32 1367 37 989 14 818
461 20 82 123 316 32 967 3 508 74 447 96 576 21 406 25 1124 2 1163 6 548 19 176 18 11 18 1374 40 1174 8 857 18 202 19 578 33 390 74 770 9 1282 187 473
462 20 87 98 577 19 489 95 1090 6 442 10 1318 74 312 107 854 14 78 69 971 22 7 55 1368 44 1427 23 578 28 1451 19 993 28 183 44 182 27 140 7 85 88 343
463 20 80 56 766 11 190 28 983 90 350 5 903 38 380 83 312 25 1376 22 911 57 659 27 1149 104 967 59 399 32 1076 11 617 9 1043 42 211 53 1107 48 1018 6 972
464 20 98 87 1497 57 935 82 906 12 1388 30 298 2 664 23 1433 6 755 18 583 90 528 136 211 25 120 48 1398 102 88 111 101 46 1275 23 337 43 92 16 717 23 823
465 20 88 169 1250 63 463 14 425 35 780 97 1077 43 922 25 1082 30 704 6 996 1 1413 49 603 19 809 158 1230 14 1371 91 673 16 293 14 1490 21 676 13 206 2 103
466 20 86 51 795 16 1103 119 1419 23 1302 7 203 2 1189 57 367 30 491 9 384 52 885 87 259 57 842 28 1161 50 86 8 1460 66 1015 76 227 73 996 22 1296 36 1343
467 20 79 42 1476 34 343 41 841 33 966 5 478 53 861 41 1465 101 320 31 801 46 1370 26 379 44 1306 51 1111 9 1008 43 182 35 116 46 629 20 883 31 927 67 382
468 20 100 37 706 91 1351 64 853 7 1003 31 785 13 610 56 260 58 483 54 783 31 202 64 1370 96 934 82 1310 37 39 57 880 83 1 2 374 36 1190 70 1270 32 1265
469 20 100 35 756 33 77 107 1080 92 1074 16 952 23 242 54 141 22 809 20 1378 34 413 154 1065 53 95 62 629 10 728 40 651 9 183 67 794 16 1103 77 783 78 850
470 20 94 9 227 6 86 53 91 29 1386 5 556 38 454 131 761 84 757 120 1474 80 271 78 512 64 1207 71 341 27 909 20 77 31 1151 6 783 39 1013 3 1331 46 500
471 20 111 100 860 7 844 63 381 122 702 2 96 110 598 99 1418 37 155 4 735 15 140 70 1073 17 665 2 569 23 303 66 971 18 436 94 10 67 422 115 922 82 935
472 20 87 145 1442 49 164 19 676 35 492 53 336 45 221 29 1222 11 966 94 66 33 1114 15 506 117 1213 2 94 37 282 15 574 64 1064 21 1164 7 1208 55 630 32 1393
473 20 80 26 1473 1 582 187 1095 50 975 64 706 34 446 6 329 12 455 18 297 31 112 69 1146 26 1374 4 433 17 914 47 1450 74 320 14 101 53 316 47 903 29 762
474 20 89 17 983 28 918 78 1361 50 102 115 719 24 178 13 25 12 363 41 1023 26 45 58 291 29 529 14 924 15 836 83 225 64 76 15 679 68 83 44 422 96 108
475 20 74 8 203 13 948 47 1406 72 888 34 1065 48 1403 60 677 8 1299 24 943 15 468 8 1323 8 886 53 1300 44 851 8 663 56 1168 97 1304 40 380 48 638 52 594
476 20 48 20 276 63 894 49 501 7 728 8 505 40 193 18 113 18 328 20 489 7 365 6 406 36 1459 21 700 4 871 8 1361 11 1367 27 751 5 110 102 505 15 544
477 20 86 5 775 139 380 36 857 27 177 64 566 79 1112 145 646 15 1233 28 1139 79 1298 12 340 41 853 8 1222 17 1336 25 909 32 1150 68 644 3 932 35 263 5 472
478 20 84 54 1353 4 1034 1 1328 50 399 18 596 22 827 51 861 57 1390 27 1084 28 846 37 927 60 1210 73 1075 63 702 19 953 120 1073 48 861 24 935 11 902 73 497
479 20 91 26 1219 37 944 100 914 63 507 97 81 36 431 39 1405 48 749 57 6 23 925 8 1315 18 705 34 724 160 1288 40 1206 4 620 14 1362 77 1144 15 333 15 1105
480 20 65 19 564 15 924 66 1185 75 452 49 1244 3 797 57 1373 55 393 41 218 71 339 2 12 80 261 4 846 12 255 18 741 26 598 10 420 17 946 14 1143 17 270
481 20 61 48 748 11 764 34 744 47 385 75 406 75 1174 3 378 31 747 34 492 32 768 30 595 18 1041 27 568 3 928 17 591 11 566 25 1116 8 1381 54 144 35 1466
482 20 76 44 338 100 425 106 781 29 321 25 45 15 1127 34 1181 56 76 6 339 2 152 49 678 62 622 8 56 75 1289 15 196 3 294 15 526 120 923 1 1239 1 918
483 20 60 8 660 61 831 81 1243 14 175 15 265 38 1103 88 199 30 174 17 842 24 149 4 1383 5 1044 4 613 73 1473 30 1156 12 262 8 324 53 345 8 272 31 1039
484 20 93 11 1476 16 1044 65 1194 54 1189 15 180 26 533 42 598 3 1287 106 771 40 485 65 331 77 592 26 747 13 1400 56 1373 70 351 89 916 54 407 23 1496 87 469
485 20 60 58 256 15 729 1 54 6 1190 31 145 6 1477 23 1456 27 122 27 605 23 1129 1 680 81 370 122 888 4 1345 26 284 4 825 20 633 90 29 40 628 2 388
486 20 107 72 586 11 734 23 36 48 1426 68 120 138 268 1 662 189 44 48 1394 54 911 55 194 1 641 2 666 130 234 9 585 43 938 97 549 18 1373 20 377 49 511
487 20 99 54 909 2 1480 66 1236 21 1130 14 784 125 726 22 96 39 1201 21 311 56 1038 43 1098 18 933 94 1280 11 379 97 179 14 1457 32 1192 131 1231 119 516 16 332
488 20 120 32 881 86 981 53 1176 97 173 17 1277 12 1122 35 1362 86 1354 24 959 15 1208 81 1439 71 930 44 471 3 446 62 1322 69 983 107 1035 21 839 139 331 152 1111
489 20 106 25 791 130 780 49 816 41 1222 131 185 38 584 26 185 56 240 52 531 74 1110 3 1095 3 115 94 686 3 1093 112 568 39 1268 43 1028 62 225 16 1221 65 1291
490 20 66 24 113 54 851 3 839 8 777 22 243 67 845 65 790 49 816 16 39 12 184 103 563 102 1486 2 4 36 432 12 1142 32 531 9 166 32 454 11 404 1 117
491 20 86 32 93 18 1092 16 768 19 340 49 1380 7 1336 110 557 36 1177 87 1345 65 723 46 880 4 993 22 911 50 650 63 482 44 25 66 452 36 588 4 1304 88 762
492 20 105 133 958 151 166 11 451 18 386 57 138 76 1018 73 4 27 1156 129 833 27 1459 36 273 17 311 16 20 15 1491 35 77 81 1036 57 396 21 711 19 1408 54 1244
493 20 66 24 1176 27 303 50 918 22 575 8 102 25 1173 4 1144 67 803 44 479 4 421 8 583 81 570 39 970 37 287 24 165 38 118 77 629 76 516 4 240 3 1331
494 20 85 10 91 48 237 17 610 11 805 100 1257 182 1371 66 739 30 715 33 726 14 503 3 1269 3 337 17 390 45 331 157 71 28 1326 22 1114 6 444 40 1434 26 426
495 20 99 19 429 16 530 21 1152 2 1462 104 395 65 542 49 652 12 873 50 873 4 314 53 341 41 983 119 408 45 1356 7 986 85 248 60 280 72 1226 10 88 156 1388
496 20 91 25 341 25 1228 124 812 15 1116 42 406 26 1300 2 1075 50 871 6 228 62 953 85 204 21 648 50 1227 62 966 115 351 6 410 26 569 44 771 73 1488 59 818
497 20 103 77 805 54 1414 51 585 6 821 45 1109 67 1406 70 562 34 951 64 788 26 226 38 220 20 304 20 716 41 716 43 729 14 1253 40 712 47 546 108 356 168 52
498 20 85 73 1138 16 1446 77 549 7 702 174 809 13 1012 45 1495 11 110 27 632 106 408 5 69 56 616 33 940 2 1269 64 304 83 64 24 637 4 851 32 945 1 1334
499 20 82 112 13 21 146 12 995 5 756 13 878 3 1391 71 1365 70 143 13 1274 105 250 52 515 19 132 57 92 1 737 64 120 7 606 115 37 30 947 42 1342 12 720
500 20 82 44 495 83 1040 59 269 4 775 47 839 1 1331 16 437 70 1251 61 1302 62 1473 80 402 2 563 15 105 42 933 59 1225 18 588 1 470 103 461 11 1017 47 1282
