1 22 6537 0 0 1 1 0 0 1 0 1 0 0 0 1 0 0 0 1 0 0 0 0 0 0.0
2 22 7651 0 0 0 0 0 0 0 0 1 0 0 0 1 1 1 0 1 0 0 0 1 0 0.0
3 22 7835 0 0 1 0 1 1 0 0 1 0 0 0 0 1 0 0 0 1 0 1 0 0 0.0
4 22 6194 0 0 0 0 1 0 0 0 1 0 0 0 1 0 0 0 0 0 1 0 1 0 0.0
5 22 7229 0 1 0 0 0 0 0 1 0 1 0 0 0 0 0 0 1 0 1 1 0 0 0.0
6 22 6771 1 0 0 0 1 0 0 0 0 1 0 0 1 0 1 0 0 0 1 0 0 0 0.0
7 22 7329 1 1 0 0 1 0 1 0 0 0 0 0 1 0 0 0 0 1 1 0 0 0 0.0
8 22 6176 0 0 0 0 0 1 0 0 1 1 0 0 1 0 1 0 1 0 0 0 0 0 0.0
9 22 7085 0 0 1 0 0 0 0 1 1 0 0 0 0 1 0 0 0 0 0 0 1 1 0.0
10 22 6962 0 1 0 0 0 1 1 0 0 0 0 0 0 1 1 0 0 0 0 0 1 0 0.0
11 22 6295 0 0 0 0 1 0 0 0 1 1 0 0 0 0 1 0 0 1 0 0 0 0 0.0
12 22 7041 0 1 1 0 0 0 1 0 0 0 1 0 0 0 0 0 1 0 0 1 0 0 0.0
13 22 7111 1 0 1 0 0 0 0 0 1 0 0 0 1 0 0 1 0 1 0 0 0 0 0.0
14 22 5856 0 1 1 0 0 0 1 0 1 0 1 0 0 0 0 0 0 0 1 0 0 0 0.0
15 22 6278 0 0 0 0 0 0 0 1 0 0 0 0 1 1 0 0 0 0 0 0 1 1 0.0
16 22 6697 0 1 0 0 0 0 0 1 0 0 0 0 0 0 1 0 0 0 1 1 0 1 0.0
17 22 4286 0 0 0 0 0 0 1 0 0 0 1 1 0 1 0 0 0 1 0 0 0 0 0.0
18 22 6964 0 0 0 0 0 1 0 0 1 0 1 0 0 0 0 1 1 0 0 0 1 1 0.0
19 22 6304 1 1 0 0 1 0 0 1 0 1 0 1 0 0 0 0 0 0 0 0 0 0 0.0
20 22 7066 0 0 0 0 0 1 0 0 0 1 1 0 0 0 0 0 1 1 0 1 0 1 0.0
21 22 7995 0 0 0 0 0 1 0 1 1 1 0 0 0 0 1 1 0 0 0 0 0 1 0.0
22 22 6820 1 0 1 0 0 0 1 0 0 0 0 1 0 1 1 0 0 0 0 0 0 0 0.0
23 22 8281 0 0 0 1 0 0 1 0 0 1 0 0 0 1 1 1 0 0 0 0 0 1 0.0
24 22 6099 1 0 0 0 0 0 0 1 0 1 0 1 0 1 1 0 0 0 0 0 0 1 0.0
25 22 7794 0 1 0 0 0 0 1 0 1 0 0 0 0 0 0 1 0 1 0 0 0 1 0.0
26 22 7827 0 1 1 0 0 1 0 0 0 0 0 1 1 0 1 0 0 1 0 1 0 0 0.0
27 22 6742 1 0 1 0 0 0 0 0 1 0 0 0 1 0 0 0 0 0 0 1 1 0 0.0
28 22 6262 1 0 0 0 0 1 0 0 0 1 0 1 0 0 0 1 0 0 0 1 0 0 0.0
29 22 7025 1 0 0 0 1 0 0 0 0 0 0 1 0 1 0 0 0 0 1 0 1 0 0.0
30 22 6488 0 1 0 0 0 0 0 1 1 0 0 0 0 0 1 0 1 0 0 0 0 1 0.0
31 22 6054 0 0 1 0 1 0 0 0 0 0 1 1 0 0 0 0 0 0 0 1 0 0 0.0
32 22 7727 0 1 0 0 0 0 0 1 1 0 0 0 0 1 0 0 1 0 0 0 1 1 0.0
33 22 6231 0 0 1 0 1 0 0 0 1 0 1 0 0 1 1 0 0 0 0 0 0 0 0.0
34 22 6317 0 0 0 1 0 0 0 1 0 0 0 0 1 0 1 0 0 0 1 0 0 0 0.0
35 22 6577 0 0 1 1 1 0 1 0 0 0 0 0 0 0 0 0 1 1 0 0 0 0 0.0
36 22 8022 0 0 1 0 0 0 0 1 0 0 0 0 1 0 1 0 0 1 1 1 1 0 0.0
37 22 6799 1 1 0 1 1 0 0 1 0 0 0 0 0 0 0 0 1 0 0 0 1 0 0.0
38 22 5147 0 0 0 0 0 1 1 0 1 0 0 0 0 0 0 0 0 0 1 0 0 1 0.0
39 22 6201 1 1 1 0 0 0 0 0 0 0 0 0 0 0 0 1 0 0 1 1 1 0 0.0
40 22 6916 1 1 1 0 0 1 0 0 1 0 1 1 0 0 0 0 0 0 0 0 0 0 0.0
41 22 6542 0 1 1 0 1 0 0 0 0 0 0 0 0 0 0 1 0 0 0 1 1 0 0.0
42 22 8301 1 0 0 1 1 0 0 0 0 0 0 1 0 0 1 1 0 1 0 1 0 0 0.0
43 22 6527 1 1 0 1 0 0 1 0 0 0 0 1 0 0 0 0 0 0 1 0 0 0 0.0
44 22 7583 1 0 0 1 0 0 0 0 1 1 0 0 0 0 0 0 1 0 0 0 1 1 0.0
45 22 5682 0 0 1 0 0 0 1 0 1 0 0 0 0 0 0 0 1 1 0 0 0 0 0.0
46 22 7140 0 0 1 0 0 0 0 0 0 0 0 1 0 1 0 0 1 1 0 0 0 1 0.0
47 22 6309 0 0 1 0 0 0 0 1 1 1 0 0 0 0 0 0 0 1 0 0 1 0 0.0
48 22 7095 0 1 0 0 0 1 0 0 0 1 0 1 0 0 0 1 1 1 0 0 0 0 0.0
49 22 7919 0 0 0 1 0 0 0 1 0 0 0 1 1 0 0 0 0 1 1 0 0 1 0.0
50 22 4962 0 0 0 0 1 0 0 0 0 0 0 0 0 1 0 0 1 1 0 0 0 1 0.0
51 22 7731 0 1 0 0 0 0 0 0 1 1 0 0 1 0 0 0 0 0 1 0 1 0 0.0
52 22 7787 0 0 1 0 0 1 0 0 0 0 1 0 0 1 0 0 0 1 1 0 1 0 0.0
53 22 6387 0 1 0 0 0 1 0 0 0 0 0 1 0 1 0 0 0 0 0 1 0 0 0.0
54 22 5740 1 0 0 0 0 0 1 0 0 0 0 1 1 0 0 0 0 1 0 0 1 0 0.0
55 22 7761 0 0 0 0 1 0 1 0 1 0 0 0 0 1 1 1 0 0 0 0 0 0 0.0
56 22 6189 0 0 0 0 0 1 0 0 0 1 0 1 0 1 0 0 0 0 1 0 1 0 0.0
57 22 7746 0 1 1 0 0 0 0 1 1 0 0 0 0 0 0 0 1 1 0 0 1 0 0.0
58 22 8668 1 1 1 0 0 0 0 0 0 0 1 0 0 1 0 0 1 0 0 0 1 0 0.0
59 22 8404 1 0 0 0 0 0 0 0 0 0 1 0 0 1 1 0 1 1 0 0 0 1 0.0
60 22 4587 0 0 0 1 1 0 0 0 0 1 0 0 0 0 0 0 1 0 1 0 0 1 0.0
61 22 7439 0 0 0 0 1 0 0 0 0 1 0 0 0 0 1 0 1 1 0 0 0 1 0.0
62 22 6685 1 1 0 0 0 0 0 0 0 0 0 0 0 1 0 0 1 0 0 0 1 1 0.0
63 22 6325 0 0 0 0 0 0 0 1 1 0 1 0 0 0 0 0 1 0 0 1 0 0 0.0
64 22 5729 0 0 0 0 0 1 0 0 0 0 1 0 0 1 0 1 0 0 0 0 1 0 0.0
65 22 8118 0 0 0 0 1 0 1 0 0 1 1 1 0 1 0 0 1 0 0 1 0 1 0.0
66 22 6087 0 0 0 1 0 0 1 1 1 0 0 0 0 0 1 0 0 1 0 0 0 0 0.0
67 22 5134 1 0 0 0 1 0 0 0 0 0 0 0 0 1 0 1 0 0 1 1 1 0 0.0
68 22 6495 1 0 1 0 0 0 1 0 1 0 0 0 1 0 1 0 0 0 0 0 0 0 0.0
69 22 6330 1 1 0 0 1 0 0 1 0 0 0 0 0 0 0 0 0 1 1 0 0 0 0.0
70 22 6251 1 0 0 0 0 1 1 0 0 0 0 0 0 0 1 0 1 0 0 0 0 1 0.0
71 22 6639 0 0 1 0 0 1 0 0 0 0 0 0 1 0 1 0 0 0 0 0 1 1 0.0
72 22 6495 1 1 0 1 0 0 0 1 0 0 0 0 0 0 0 0 0 0 1 0 1 0 0.0
73 22 5460 0 0 0 0 0 1 0 1 0 0 0 0 0 0 1 0 0 0 0 0 1 1 0.0
74 22 7726 0 0 1 0 1 0 0 0 1 0 0 0 0 1 0 0 0 0 0 1 0 1 0.0
75 22 6692 0 0 0 0 0 1 0 0 1 0 1 0 0 0 0 0 1 0 0 0 1 0 0.0
76 22 5423 0 1 0 0 0 0 0 1 0 0 0 0 0 1 1 0 0 0 0 0 1 0 0.0
77 22 5623 0 1 0 0 0 0 0 0 1 0 0 0 1 0 1 0 0 0 0 1 0 1 0.0
78 22 7747 0 0 0 1 0 1 1 0 0 1 0 0 1 0 0 0 0 0 1 0 0 0 0.0
79 22 6673 0 0 0 0 0 0 1 0 0 0 0 1 1 1 0 0 0 0 0 0 0 1 0.0
80 22 5803 0 0 0 1 0 0 0 0 0 0 0 1 1 0 0 1 0 0 0 0 1 0 0.0
81 22 7635 0 0 0 0 1 0 0 0 0 1 0 0 0 1 1 0 0 0 0 1 0 1 0.0
82 22 7504 0 1 0 0 0 0 1 0 1 0 0 0 0 1 1 0 0 0 1 0 1 0 0.0
83 22 7094 1 1 1 1 0 0 0 0 1 0 0 0 0 0 0 0 1 0 0 0 0 0 0.0
84 22 6396 1 0 0 0 0 1 0 0 0 0 1 0 0 0 0 0 0 1 0 1 0 1 0.0
85 22 4964 1 0 0 0 1 0 1 0 0 0 0 0 1 0 0 1 0 1 0 0 0 0 0.0
86 22 7976 0 0 1 1 0 1 0 0 0 1 0 1 0 0 0 0 0 0 1 0 1 0 0.0
87 22 5469 0 1 0 0 0 0 1 0 0 0 0 1 0 0 0 0 1 0 1 0 0 0 0.0
88 22 6458 0 0 0 0 0 1 0 0 0 0 0 1 0 0 0 1 0 1 0 0 1 1 0.0
89 22 6114 0 0 0 1 0 0 1 0 0 0 0 1 0 0 1 0 1 0 0 0 0 1 0.0
90 22 6774 0 0 0 1 0 0 0 0 1 0 0 1 0 1 0 1 0 0 1 0 0 0 0.0
91 22 6477 0 0 0 0 1 1 0 0 0 1 1 0 1 1 0 0 1 0 0 0 0 0 0.0
92 22 6712 0 0 0 0 1 0 0 0 0 1 0 0 1 0 0 0 0 0 1 1 0 0 0.0
93 22 7772 0 0 1 1 1 1 0 0 0 0 0 0 0 0 1 0 0 0 1 0 0 0 0.0
94 22 6460 1 0 1 0 0 0 0 0 0 0 0 0 1 0 1 0 0 0 0 0 1 1 0.0
95 22 6045 1 0 0 0 0 1 0 0 0 1 0 0 0 0 0 0 0 1 1 0 0 1 0.0
96 22 7327 1 0 0 1 0 0 0 0 1 0 1 0 0 0 0 0 1 0 0 1 0 0 0.0
97 22 7994 0 1 1 0 0 0 1 0 0 0 0 0 0 0 0 1 0 1 0 1 0 1 0.0
98 22 6543 0 0 0 0 0 1 0 0 0 0 1 1 0 1 1 0 0 0 0 1 0 0 0.0
99 22 7152 1 1 0 1 0 0 0 0 0 1 1 0 0 0 1 0 0 0 0 0 0 0 0.0
100 22 6408 0 0 0 0 0 1 1 0 1 0 0 0 1 1 0 0 0 1 0 0 0 0 0.0
101 22 6272 1 1 0 0 1 0 0 0 1 0 0 0 0 0 0 0 0 0 0 0 1 0 0.0
102 22 6061 0 0 0 0 0 1 0 1 0 1 1 0 1 0 0 0 0 0 1 0 0 0 0.0
103 22 5058 1 0 0 0 0 0 0 0 0 1 0 0 1 0 0 0 0 1 0 1 0 1 0.0
104 22 8157 0 0 0 0 0 1 0 0 1 0 1 0 0 0 0 1 0 1 0 1 0 1 0.0
105 22 6489 1 0 0 0 0 0 1 1 0 0 0 0 0 0 0 1 1 1 0 0 0 0 0.0
106 22 8260 0 1 0 0 0 0 1 0 1 1 0 0 1 0 1 0 0 1 0 0 0 0 0.0
107 22 8030 0 0 0 0 1 0 0 0 1 0 0 1 0 0 1 1 1 1 0 0 0 0 0.0
108 22 6882 0 0 1 0 0 0 0 0 0 0 0 0 1 0 0 0 0 1 1 0 1 1 0.0
109 22 6571 0 1 0 0 0 0 0 0 0 0 1 0 1 0 0 1 0 0 1 0 1 0 0.0
110 22 6764 0 0 1 0 0 0 0 0 0 0 1 1 1 0 1 0 1 0 0 0 0 1 0.0
111 22 7242 0 1 1 0 0 0 0 0 0 0 0 0 1 0 0 0 1 0 0 1 0 1 0.0
112 22 6193 1 0 0 0 0 1 1 0 0 0 0 1 0 0 0 0 0 1 0 0 1 0 0.0
113 22 6281 0 0 0 1 0 0 0 0 1 0 1 1 0 0 0 0 0 1 0 1 0 0 0.0
114 22 4736 0 0 0 0 0 1 1 0 0 1 0 0 0 0 0 1 0 0 0 0 0 0 0.0
115 22 6055 1 1 0 0 0 0 0 0 0 0 0 0 0 1 0 0 1 0 0 1 0 0 0.0
116 22 6953 0 0 0 1 1 1 0 0 0 1 0 0 0 0 1 0 0 0 0 1 0 0 0.0
117 22 8163 0 1 1 0 0 0 0 0 0 1 1 0 0 1 0 0 0 0 1 0 1 0 0.0
118 22 8182 1 0 0 0 0 0 1 1 0 0 0 0 0 1 0 1 1 0 1 0 0 1 0.0
119 22 6693 1 0 0 0 1 0 1 0 0 0 0 0 0 0 1 0 0 0 0 1 0 1 0.0
120 22 5419 0 0 0 0 0 0 0 0 0 1 1 1 1 0 0 1 0 1 0 0 0 0 0.0
121 22 6976 1 0 1 0 0 1 0 0 0 0 0 0 0 0 0 0 0 0 1 1 1 0 0.0
122 22 7203 0 1 0 0 0 0 0 0 0 0 1 1 1 0 0 0 0 0 1 0 1 1 0.0
123 22 7915 0 1 1 0 1 1 1 0 0 0 1 0 0 0 0 0 0 0 0 0 0 0 0.0
124 22 6835 0 1 0 0 1 0 0 0 0 0 0 1 0 0 0 0 0 0 1 0 1 1 0.0
125 22 6966 0 0 0 0 1 0 0 1 1 0 0 0 1 1 0 0 0 0 0 0 1 0 0.0
126 22 6411 1 0 1 0 0 0 0 0 0 0 0 0 1 0 0 1 1 0 1 0 0 0 0.0
127 22 6254 0 0 0 0 0 1 0 0 0 1 0 1 1 0 0 1 0 0 0 1 0 1 0.0
128 22 7930 1 0 0 0 0 0 0 1 0 0 1 1 1 0 0 0 1 0 1 1 0 0 0.0
129 22 5231 0 0 0 0 1 0 1 0 1 1 0 0 1 0 0 0 0 0 0 0 1 0 0.0
130 22 7507 1 0 1 0 0 0 1 0 0 1 1 0 0 0 0 0 0 0 0 0 1 0 0.0
131 22 6771 1 1 0 0 0 1 0 1 0 0 1 0 0 1 0 0 0 0 0 0 0 0 0.0
132 22 7610 0 0 0 0 1 1 0 0 0 0 0 1 1 1 0 0 0 1 0 0 1 0 0.0
133 22 6890 1 0 0 0 0 0 1 1 0 0 0 0 0 0 1 0 1 0 0 0 0 1 0.0
134 22 6908 1 0 0 0 1 0 0 0 0 0 1 0 1 0 0 0 0 0 0 0 1 1 0.0
135 22 6172 0 0 0 0 0 0 0 0 1 1 0 1 1 0 0 1 0 0 0 1 0 0 0.0
136 22 7197 0 1 0 0 1 0 0 1 0 0 1 0 0 0 0 1 0 1 0 1 1 0 0.0
137 22 5671 1 0 0 0 0 0 0 0 1 0 0 0 1 0 0 1 0 0 0 0 0 1 0.0
138 22 7715 1 0 0 1 0 0 1 1 0 0 1 0 0 0 0 1 0 1 0 0 0 0 0.0
139 22 7288 1 0 0 0 0 1 0 0 1 0 1 0 0 0 1 0 0 0 0 0 1 0 0.0
140 22 8060 0 0 1 0 0 0 1 0 0 1 0 0 0 1 1 0 0 0 1 1 0 0 0.0
141 22 6054 0 0 0 0 1 1 0 0 0 1 0 0 1 0 0 0 0 0 1 0 0 0 0.0
142 22 6589 0 1 0 1 1 0 0 0 0 0 0 0 0 0 0 0 0 1 0 1 0 1 0.0
143 22 8618 0 0 0 0 0 0 0 0 1 0 1 0 1 0 1 1 0 1 0 0 1 0 0.0
144 22 6471 0 0 1 0 0 0 0 0 0 1 1 0 0 0 0 0 1 0 0 1 1 0 0.0
145 22 5949 0 0 0 0 0 1 0 1 0 0 0 0 0 0 0 0 1 1 0 0 1 0 0.0
146 22 6500 0 0 0 1 0 0 1 0 1 0 0 0 1 1 0 0 0 0 0 0 0 1 0.0
147 22 5993 0 0 1 1 0 0 0 0 1 0 0 1 0 0 0 0 0 0 0 0 0 1 0.0
148 22 7734 0 0 1 0 0 0 1 0 0 1 0 0 1 1 0 0 0 1 0 0 0 0 0.0
149 22 6991 0 0 1 1 1 0 0 0 0 0 1 1 1 0 0 0 0 0 0 0 1 0 0.0
150 22 5839 0 0 0 0 1 0 0 0 1 0 1 1 0 0 0 1 0 0 0 0 1 1 0.0
151 22 7274 0 0 1 0 0 0 0 1 0 1 0 0 0 1 0 0 0 1 0 0 1 0 0.0
152 22 6088 0 1 0 0 0 0 0 1 1 1 1 0 0 0 1 0 0 0 0 0 0 0 0.0
153 22 6259 1 1 0 0 0 0 0 1 0 0 0 1 0 1 0 1 0 0 0 0 0 0 0.0
154 22 6436 1 0 0 1 1 0 0 0 0 0 0 1 0 1 0 0 0 0 1 0 0 0 0.0
155 22 5486 1 0 0 1 0 0 0 0 1 1 0 1 0 0 0 0 0 1 0 1 0 0 0.0
156 22 7344 1 0 1 0 1 1 1 0 1 0 0 0 1 0 0 0 0 0 0 0 0 0 0.0
157 22 6129 1 0 0 1 0 0 0 0 0 1 1 0 0 0 0 0 0 0 0 0 0 1 0.0
158 22 7610 0 0 0 1 0 1 0 1 0 0 0 0 1 0 0 0 0 1 0 1 0 0 0.0
159 22 6789 0 0 1 0 0 0 0 0 1 0 0 1 0 0 0 0 1 1 0 1 0 0 0.0
160 22 7451 0 0 1 0 0 1 0 0 0 1 1 0 0 0 0 1 0 0 0 0 0 1 0.0
161 22 6655 1 0 0 0 0 1 0 1 0 0 0 0 0 1 0 1 1 1 0 0 0 0 0.0
162 22 6359 0 0 1 0 0 0 0 1 0 0 0 0 1 0 0 0 1 0 0 1 0 1 0.0
163 22 6804 1 0 1 1 1 0 0 1 0 0 0 0 0 0 0 1 0 0 0 0 0 0 0.0
164 22 7451 0 1 0 0 0 0 0 1 0 1 0 1 0 0 1 1 0 0 0 0 0 0 0.0
165 22 7715 0 1 0 0 0 0 1 1 0 0 0 1 0 1 0 0 0 0 0 0 1 0 0.0
166 22 6627 1 0 0 0 0 0 1 1 0 0 0 0 1 0 1 0 0 0 0 0 0 0 0.0
167 22 7228 0 1 0 0 0 1 0 0 1 0 0 0 0 0 0 1 1 0 0 0 1 1 0.0
168 22 7426 1 0 1 0 0 0 1 0 0 0 0 1 0 1 1 0 0 0 1 0 0 0 0.0
169 22 6743 0 0 1 1 0 0 0 0 0 0 0 0 1 0 1 0 0 1 1 0 0 0 0.0
170 22 7769 0 1 0 1 0 0 0 1 1 0 0 0 0 1 0 0 0 0 0 0 1 0 0.0
171 22 7477 0 0 0 0 0 0 0 1 0 1 1 1 1 0 1 0 0 0 0 0 0 1 0.0
172 22 6659 1 1 1 0 0 0 0 1 0 0 0 0 0 0 0 0 0 0 0 1 0 0 0.0
173 22 6905 1 0 0 0 1 0 0 0 1 0 1 0 0 0 0 0 0 0 0 1 0 1 0.0
174 22 5875 0 0 1 0 0 1 1 0 0 0 0 0 1 0 1 0 1 0 0 0 0 0 0.0
175 22 5796 0 0 1 1 0 0 1 0 0 0 0 0 0 0 1 0 0 0 1 1 0 0 0.0
176 22 5632 1 1 1 0 1 0 0 0 0 0 0 0 0 0 0 0 0 1 0 0 1 0 0.0
177 22 6546 0 1 1 0 1 0 0 0 0 1 0 0 1 0 0 0 0 1 0 0 0 0 0.0
178 22 8210 0 0 0 1 1 0 0 1 0 0 0 0 1 0 0 0 1 0 1 0 0 1 0.0
179 22 7608 0 0 0 1 0 0 1 1 1 0 0 0 0 1 0 1 0 0 0 0 0 0 0.0
180 22 6573 0 0 1 1 0 0 0 0 0 0 0 1 0 0 0 1 0 0 0 0 1 1 0.0
181 22 6255 0 1 0 1 0 0 0 0 0 0 0 0 0 0 0 1 0 1 0 0 1 0 0.0
182 22 6779 0 1 1 0 0 0 0 0 0 0 0 0 1 1 0 1 0 0 0 0 0 1 0.0
183 22 5929 0 1 0 0 0 0 1 0 0 0 1 0 0 0 0 1 0 1 0 1 0 0 0.0
184 22 5581 0 1 0 0 0 0 0 0 0 1 0 0 1 0 0 0 1 0 0 0 0 1 0.0
185 22 6402 0 0 0 1 1 0 0 0 1 0 0 0 0 0 0 1 0 0 0 1 0 0 0.0
186 22 7709 0 0 0 1 0 0 1 0 1 1 0 0 1 0 0 0 1 0 1 0 0 0 0.0
187 22 8098 1 0 0 0 1 0 0 0 1 1 0 1 0 0 0 0 0 0 1 0 0 1 0.0
188 22 7317 0 0 1 0 0 0 0 0 0 1 0 0 1 0 0 0 1 0 0 1 1 0 0.0
189 22 5196 0 0 0 0 0 1 0 1 0 0 0 0 1 0 0 0 1 0 0 1 0 0 0.0
190 22 7243 0 0 1 1 0 0 0 1 0 0 0 1 0 0 0 0 0 0 1 0 1 0 0.0
191 22 6048 0 0 1 1 1 0 0 0 0 1 1 0 0 0 0 0 0 1 1 0 0 0 0.0
192 22 6260 1 0 0 0 0 0 1 1 0 0 0 0 1 0 0 0 0 0 1 0 0 1 0.0
193 22 6359 1 0 0 0 0 0 0 1 0 0 0 0 0 0 0 1 0 1 0 1 0 1 0.0
194 22 6765 0 0 0 0 1 0 0 1 0 0 0 0 1 0 0 0 1 0 1 0 1 0 0.0
195 22 5946 0 0 0 0 0 0 0 0 1 0 0 1 1 1 0 1 0 0 1 0 0 0 0.0
196 22 6181 0 0 0 0 1 0 0 1 0 0 0 1 0 0 0 0 0 1 1 0 0 1 0.0
197 22 6964 0 0 0 1 1 0 0 1 0 0 1 1 0 0 0 0 1 0 0 0 0 0 0.0
198 22 6704 1 0 1 0 0 0 0 0 1 0 0 0 1 0 0 0 0 0 0 1 0 1 0.0
199 22 5179 0 1 0 1 0 0 0 0 0 1 0 0 0 0 0 0 1 1 1 0 0 0 0.0
200 22 6913 0 0 0 0 0 0 1 0 0 0 0 0 1 0 0 0 0 1 1 0 1 1 0.0
201 22 7753 0 0 0 1 0 0 0 0 1 0 0 1 0 0 1 0 1 0 1 1 0 0 0.0
202 22 6312 0 0 1 0 0 1 0 0 0 1 1 0 0 1 0 0 0 0 0 1 0 0 0.0
203 22 7517 0 0 0 1 0 0 1 1 0 0 0 0 0 0 0 1 0 0 1 0 1 0 0.0
204 22 7354 1 0 0 1 0 0 1 0 1 0 0 1 0 0 1 0 0 0 1 0 0 0 0.0
205 22 6813 0 0 0 1 0 1 0 1 1 0 0 0 0 0 1 0 0 0 1 0 0 0 0.0
206 22 7815 1 0 0 0 1 0 0 0 1 1 0 0 0 0 0 1 0 0 0 0 1 1 0.0
207 22 6840 1 0 1 0 0 1 0 0 0 1 1 0 0 0 0 0 0 1 0 0 0 0 0.0
208 22 5329 0 0 0 0 0 0 0 0 0 1 0 0 1 0 1 1 0 0 0 1 0 1 0.0
209 22 7075 1 0 0 0 0 0 0 0 0 0 1 0 0 0 1 1 1 1 0 0 0 0 0.0
210 22 7333 0 0 0 0 0 0 0 1 0 1 0 0 1 1 1 0 0 1 0 0 1 0 0.0
211 22 7275 1 0 0 0 0 0 0 1 1 0 0 1 0 0 0 0 0 1 0 0 0 1 0.0
212 22 7047 0 1 1 1 0 0 0 0 1 0 0 0 1 0 0 0 1 1 1 0 0 0 0.0
213 22 6747 0 0 1 0 1 0 0 1 0 0 1 0 0 0 0 0 1 0 0 0 0 0 0.0
214 22 5355 0 1 1 0 1 0 0 1 1 0 0 1 0 0 0 0 0 0 0 0 0 1 0.0
215 22 7174 1 1 0 0 0 0 0 1 0 0 0 0 1 0 1 0 0 1 0 0 0 0 0.0
216 22 6380 0 0 1 0 0 0 0 0 1 0 0 0 0 1 0 1 0 0 0 1 1 0 0.0
217 22 7924 0 0 0 0 0 0 0 1 1 1 1 1 0 0 1 0 0 0 1 0 1 0 0.0
218 22 4720 0 0 1 0 1 0 0 0 0 1 1 0 1 0 0 0 0 1 0 0 0 0 0.0
219 22 5986 0 0 0 0 0 0 0 0 1 0 0 0 1 0 0 1 0 1 0 0 0 1 0.0
220 22 6146 0 0 1 0 0 1 0 1 0 0 1 1 0 0 0 0 0 0 1 0 0 0 0.0
221 22 6158 0 0 0 0 1 0 0 1 0 1 0 0 0 0 1 1 0 0 0 0 0 1 0.0
222 22 6303 1 0 0 1 1 0 0 0 1 0 0 1 0 0 0 0 0 0 0 1 0 1 0.0
223 22 6579 0 0 1 0 0 0 0 1 0 0 0 1 1 0 1 0 0 1 1 0 0 0 0.0
224 22 5683 0 1 0 0 1 0 1 1 0 0 0 0 0 0 1 1 0 0 0 0 0 1 0.0
225 22 6627 1 0 1 0 0 0 0 1 0 0 0 0 1 0 0 0 0 1 0 1 0 0 0.0
226 22 6245 0 0 1 0 0 0 1 1 0 0 0 0 1 0 0 0 1 0 0 0 0 1 0.0
227 22 6964 0 0 1 1 1 0 1 0 1 0 0 0 0 0 0 1 0 0 0 0 0 0 0.0
228 22 7654 0 1 0 0 0 0 0 0 0 1 1 0 0 1 0 1 0 0 0 0 0 1 0.0
229 22 6271 0 0 0 0 0 0 0 1 0 1 1 0 0 0 0 0 0 1 0 0 0 1 0.0
230 22 6808 0 1 0 0 0 0 0 0 0 0 1 1 0 1 1 0 0 0 1 0 0 0 0.0
231 22 5377 0 1 0 1 0 0 0 1 0 0 0 0 0 0 1 0 1 1 1 0 0 0 0.0
232 22 7292 1 1 0 0 0 0 0 0 0 0 0 0 1 0 1 0 0 1 1 0 0 1 0.0
233 22 8402 0 0 1 0 0 0 0 0 0 0 0 1 0 1 0 1 0 1 0 0 1 1 0.0
234 22 8637 0 0 0 1 1 0 0 0 0 0 1 0 0 1 0 1 0 0 1 0 1 0 0.0
235 22 7098 0 1 0 0 0 0 0 0 1 0 1 0 0 0 0 0 1 0 0 0 1 1 0.0
236 22 9384 1 1 1 0 0 0 0 0 0 1 0 0 0 1 0 0 1 0 0 0 0 1 0.0
237 22 6279 0 1 1 0 0 0 0 0 0 0 0 0 0 0 1 0 0 1 0 0 1 0 0.0
238 22 6354 0 1 0 0 0 1 0 1 1 0 0 0 0 1 0 1 0 1 0 0 0 0 0.0
239 22 7383 0 1 1 0 0 0 1 0 0 0 0 1 1 0 0 0 1 0 0 0 1 0 0.0
240 22 6002 1 1 0 0 1 0 0 1 0 0 0 0 0 1 1 0 0 0 0 0 0 0 0.0
241 22 6118 0 0 1 1 0 0 0 0 0 0 1 0 0 0 0 1 0 0 0 0 1 0 0.0
242 22 5712 1 0 1 0 0 1 0 0 0 1 0 0 0 0 0 0 0 1 0 0 0 0 0.0
243 22 5460 1 0 0 0 0 0 0 0 1 0 1 0 0 0 1 0 0 0 0 1 0 1 0.0
244 22 5919 0 1 0 0 0 0 1 0 0 0 1 0 0 0 0 0 0 0 0 1 1 1 0.0
245 22 7139 0 1 0 1 1 1 1 0 0 0 0 1 0 0 0 0 0 0 0 0 0 0 0.0
246 22 5314 0 1 0 0 0 0 0 0 0 1 0 0 0 1 0 0 1 0 0 0 0 1 0.0
247 22 5851 0 1 1 0 0 0 1 0 0 0 0 1 1 0 0 1 0 0 0 1 0 0 0.0
248 22 7154 0 0 1 0 0 0 0 1 0 0 0 1 1 0 0 1 0 0 0 1 0 0 0.0
249 22 7214 0 0 0 1 1 0 0 0 1 0 0 0 0 1 1 0 0 0 1 0 0 1 0.0
250 22 8505 0 0 0 1 1 0 1 0 0 1 0 0 1 0 0 0 1 0 0 0 1 0 0.0
251 22 6668 0 1 0 0 0 0 0 0 0 1 0 0 0 0 1 0 0 1 1 1 1 0 0.0
252 22 6039 0 1 0 0 0 0 1 1 1 0 0 0 0 0 0 1 0 0 0 1 0 0 0.0
253 22 6644 0 1 0 0 0 0 0 1 0 0 0 0 1 1 1 0 1 0 0 0 0 0 0.0
254 22 6344 0 0 0 0 0 0 0 1 1 0 0 0 1 1 0 0 1 0 0 0 0 0 0.0
255 22 7289 0 0 0 1 0 1 0 0 0 1 0 0 1 0 1 0 0 1 1 0 0 0 0.0
256 22 6956 1 1 0 1 0 0 0 0 1 1 0 0 0 1 1 0 0 0 0 1 0 0 0.0
257 22 7148 0 1 0 0 1 1 1 0 0 0 1 0 0 1 0 0 0 0 0 1 0 0 0.0
258 22 7110 1 0 1 1 1 0 0 0 1 0 1 0 0 0 0 0 0 1 0 0 0 0 0.0
259 22 5904 1 0 0 0 0 0 0 0 1 1 1 0 0 1 0 0 1 0 0 0 0 1 0.0
260 22 5418 0 0 0 0 0 0 0 0 1 0 0 0 1 0 1 0 0 1 0 0 0 1 0.0
261 22 7224 0 0 0 0 0 1 0 0 1 0 0 1 1 1 0 0 0 0 0 0 1 0 0.0
262 22 6271 0 1 1 0 0 0 1 0 0 0 0 1 0 1 0 0 0 0 0 0 0 0 0.0
263 22 6728 0 0 0 0 1 1 0 0 1 1 1 0 0 1 0 0 0 0 1 0 0 0 0.0
264 22 6378 1 0 0 0 0 0 0 1 0 0 0 0 0 0 1 1 0 0 0 0 0 1 0.0
265 22 6985 0 0 0 0 0 1 0 0 1 0 0 1 0 0 1 0 1 0 0 0 1 0 0.0
266 22 7639 0 0 0 0 1 0 1 0 0 0 0 0 1 1 0 1 0 1 0 0 0 1 0.0
267 22 5353 0 0 0 1 0 0 0 1 0 0 1 1 0 0 0 1 0 0 0 0 0 1 0.0
268 22 5219 0 1 0 1 0 0 1 0 0 0 0 0 0 1 0 1 0 0 0 0 0 0 0.0
269 22 6838 1 0 0 1 0 0 0 0 0 0 0 0 1 0 0 0 0 0 1 0 1 1 0.0
270 22 6529 1 0 1 1 0 1 0 0 0 1 1 0 0 0 0 0 0 0 0 0 0 0 0.0
271 22 6508 0 0 1 0 1 1 0 0 0 0 0 1 0 0 0 0 1 0 1 0 0 0 0.0
272 22 7093 0 0 0 0 0 0 1 1 0 0 1 0 1 1 0 0 0 1 0 0 0 0 0.0
273 22 7326 0 0 0 1 0 0 0 1 0 0 0 0 0 0 1 1 0 0 0 1 1 1 0.0
274 22 5788 0 0 0 1 1 0 0 0 0 0 0 1 0 0 0 0 0 1 0 0 0 1 0.0
275 22 6647 0 0 1 0 1 0 0 0 1 0 0 0 0 0 0 0 1 0 0 1 0 0 0.0
276 22 7038 0 0 1 1 0 0 1 0 0 0 1 0 0 0 0 0 1 1 1 0 0 1 0.0
277 22 6237 0 0 0 0 0 0 0 0 0 1 0 0 0 1 0 0 1 0 1 0 1 0 0.0
278 22 6536 1 1 0 0 0 0 0 0 1 0 0 0 1 0 1 0 0 0 0 0 0 0 0.0
279 22 6482 1 0 0 0 0 0 0 1 0 0 0 0 1 0 0 0 0 1 0 0 1 0 0.0
280 22 6364 1 0 0 0 0 0 0 1 0 1 1 1 0 0 0 0 0 1 0 0 0 0 0.0
281 22 5406 1 0 0 0 0 0 0 0 0 0 0 0 0 0 0 1 1 1 1 0 0 0 0.0
282 22 5751 1 0 1 0 0 0 1 0 0 0 1 0 0 0 0 1 0 0 0 0 1 1 0.0
283 22 7649 0 0 1 0 1 1 0 0 0 0 1 0 1 0 0 0 0 1 0 1 0 0 0.0
284 22 5354 1 0 1 0 0 0 0 0 0 0 0 0 0 1 1 1 0 0 0 0 0 0 0.0
285 22 6911 0 0 0 0 0 0 0 1 1 0 1 0 1 0 0 0 0 0 1 0 0 1 0.0
286 22 6160 0 1 0 0 0 0 0 0 0 1 0 0 1 1 0 1 0 0 0 0 0 0 0.0
287 22 6077 0 0 0 0 0 1 0 1 0 0 0 1 0 0 0 0 1 1 1 0 0 0 0.0
288 22 6644 0 0 0 0 0 1 0 1 1 0 0 0 1 1 0 0 0 1 0 0 1 0 0.0
289 22 7316 1 0 0 0 0 0 0 1 1 1 0 0 0 0 1 0 0 0 0 1 0 1 0.0
290 22 7775 1 1 0 0 0 1 0 0 0 0 0 0 0 1 0 1 0 0 0 1 0 1 0.0
291 22 7816 0 0 0 0 0 1 1 0 1 1 0 0 0 0 0 1 1 0 0 0 0 1 0.0
292 22 5676 1 1 0 0 1 1 1 0 0 0 0 0 1 0 0 0 0 0 0 0 0 0 0.0
293 22 7381 0 0 0 0 1 0 0 0 0 0 1 1 1 1 0 0 0 0 1 0 1 0 0.0
294 22 6562 1 1 0 0 0 1 0 1 0 0 0 0 0 0 0 1 1 0 0 0 0 0 0.0
295 22 8555 0 1 0 1 1 0 1 0 0 0 0 0 0 1 0 0 1 0 0 1 1 0 0.0
296 22 6950 0 0 0 0 0 1 0 0 0 0 0 0 1 0 0 1 1 1 1 1 0 0 0.0
297 22 6530 1 0 0 0 1 0 0 0 1 1 0 1 0 0 0 0 0 1 0 0 0 1 0.0
298 22 7644 1 0 0 0 1 1 0 0 0 0 0 1 0 0 1 0 1 1 0 0 0 0 0.0
299 22 7117 1 0 1 0 0 1 1 0 0 0 0 0 0 1 0 0 1 0 0 0 0 1 0.0
300 22 9046 0 0 0 0 1 1 1 0 0 1 0 1 0 0 0 1 1 0 0 0 1 0 0.0
301 22 5951 1 1 0 0 0 0 0 0 0 0 0 1 1 0 0 0 0 1 0 0 0 0 0.0
302 22 6692 0 0 1 1 0 0 0 0 0 1 0 0 1 0 1 0 0 0 1 0 0 0 0.0
303 22 8303 0 0 0 0 1 1 0 1 0 0 1 0 0 1 0 0 0 0 0 0 1 0 0.0
304 22 7326 0 1 0 0 0 0 1 1 1 0 0 1 1 0 0 0 0 0 0 0 0 0 0.0
305 22 6154 0 0 0 1 0 0 0 1 0 0 0 0 0 1 0 1 0 1 1 0 0 0 0.0
306 22 6185 0 0 0 0 0 1 1 0 0 1 1 0 1 0 0 0 0 1 0 0 0 0 0.0
307 22 8214 0 0 0 0 1 0 1 0 1 0 0 0 0 1 0 1 1 0 0 1 0 1 0.0
308 22 5869 0 0 0 0 1 0 1 0 0 1 0 1 1 0 0 0 0 0 0 0 0 0 0.0
309 22 7131 0 1 1 0 1 0 0 0 0 0 1 1 0 1 0 1 0 0 0 0 0 0 0.0
310 22 8415 0 0 0 0 0 0 0 0 0 0 0 0 1 1 1 1 1 0 0 1 1 0 0.0
311 22 7294 0 0 0 0 1 0 0 0 0 1 0 0 0 1 1 0 0 0 0 1 1 0 0.0
312 22 6501 0 0 0 1 0 1 0 0 0 1 0 1 0 0 0 0 0 0 1 0 1 0 0.0
313 22 6923 1 0 0 0 0 1 0 0 1 0 0 0 1 1 0 1 0 0 0 0 1 0 0.0
314 22 8202 0 1 0 0 0 0 0 0 0 0 0 1 1 1 1 1 1 0 0 0 0 0 0.0
315 22 6243 0 1 0 0 0 1 0 0 0 0 0 0 1 0 1 0 0 0 0 1 1 1 0.0
316 22 6595 1 1 0 0 1 1 0 1 0 1 0 0 0 1 0 0 0 0 0 0 0 0 0.0
317 22 5731 0 0 0 1 0 1 0 1 0 0 0 0 0 0 1 0 0 1 0 0 0 0 0.0
318 22 7583 0 1 0 0 0 1 0 1 0 0 0 0 0 0 1 0 1 0 0 0 1 0 0.0
319 22 8103 1 1 0 0 0 0 1 1 0 0 1 0 0 1 1 0 0 0 0 0 0 0 0.0
320 22 7933 0 0 0 1 0 0 0 1 0 0 1 1 0 0 0 1 0 1 0 1 0 0 0.0
321 22 5793 0 0 0 0 0 1 0 0 0 1 0 0 1 0 0 1 0 1 0 1 0 0 0.0
322 22 5665 0 1 1 0 1 1 0 0 0 0 0 1 0 1 0 0 0 0 0 0 0 0 0.0
323 22 6330 0 0 0 1 0 0 0 0 0 0 1 0 1 1 0 1 0 1 0 0 0 0 0.0
324 22 5592 0 0 0 0 0 0 0 0 0 0 1 1 0 0 0 1 0 0 0 0 1 1 0.0
325 22 7698 0 0 0 0 1 0 0 0 1 1 0 0 0 0 0 1 1 0 0 0 1 0 0.0
326 22 8588 0 0 1 1 0 0 1 0 1 1 0 0 0 1 0 1 0 0 0 0 0 0 0.0
327 22 5232 0 0 0 0 0 0 0 1 0 0 0 1 1 1 1 0 0 1 1 0 0 0 0.0
328 22 7069 1 0 1 0 1 0 0 0 0 1 0 0 0 0 0 0 0 0 1 0 0 0 0.0
329 22 8646 0 0 1 1 0 0 0 0 1 0 0 1 0 0 0 1 0 1 1 0 1 0 0.0
330 22 7688 1 0 0 1 0 0 0 1 0 1 0 0 0 0 0 0 0 1 0 1 0 0 0.0
331 22 6991 0 0 0 0 1 0 0 0 0 1 0 0 0 1 1 0 0 0 1 0 0 1 0.0
332 22 7594 1 1 0 0 1 1 0 0 0 0 0 0 1 1 0 0 0 0 0 1 0 0 0.0
333 22 6352 0 1 0 0 1 0 0 0 1 0 0 0 0 0 0 0 0 0 0 1 0 1 0.0
334 22 6830 0 0 0 1 0 1 1 0 0 0 1 1 0 0 0 1 0 0 0 0 0 0 0.0
335 22 6604 1 0 0 1 0 1 1 0 0 0 0 0 0 0 0 0 0 0 0 1 1 0 0.0
336 22 7264 0 0 1 0 0 0 0 0 0 0 1 0 0 1 0 0 0 0 1 1 1 1 0.0
337 22 6193 0 0 0 0 0 0 1 1 1 0 0 0 0 1 0 0 0 0 0 1 0 0 0.0
338 22 6286 0 1 0 0 0 0 1 0 1 0 0 0 1 1 0 0 0 0 0 1 0 0 0.0
339 22 6662 1 0 0 1 0 1 1 0 1 0 0 0 0 1 0 0 0 0 0 0 0 0 0.0
340 22 6681 0 0 1 0 0 1 1 1 0 1 0 0 0 0 0 0 0 1 0 0 0 0 0.0
341 22 5766 1 0 1 0 0 0 1 0 0 0 0 0 0 0 0 1 0 0 0 0 0 0 0.0
342 22 5986 1 0 0 0 0 1 1 0 0 0 0 1 0 1 0 0 1 0 0 0 0 0 0.0
343 22 6366 0 1 0 1 1 0 0 0 0 0 0 0 1 1 0 0 0 0 0 1 0 0 0.0
344 22 5696 0 0 0 0 1 0 0 1 0 0 0 1 0 0 0 1 0 0 0 0 1 0 0.0
345 22 5163 0 0 0 0 0 0 0 0 0 0 0 0 0 0 1 1 1 1 0 0 1 0 0.0
346 22 7001 0 1 0 1 1 0 1 1 0 0 0 0 1 0 0 0 0 0 0 0 0 0 0.0
347 22 7633 1 0 0 1 1 1 1 0 0 0 0 0 1 0 0 0 0 0 0 0 0 0 0.0
348 22 7042 0 0 1 1 0 1 0 0 0 0 0 0 0 0 1 0 0 1 0 1 0 0 0.0
349 22 5444 1 0 0 1 1 0 1 0 0 0 0 1 0 0 0 0 0 0 0 1 0 0 0.0
350 22 8204 1 0 1 0 0 0 1 0 1 1 0 0 0 1 1 0 0 0 0 0 0 0 0.0
351 22 6654 0 0 0 0 1 1 0 0 0 0 0 1 0 0 1 0 0 1 1 0 0 0 0.0
352 22 6319 1 0 1 0 0 0 0 0 0 1 0 0 0 0 0 0 0 0 0 1 0 1 0.0
353 22 5738 0 1 1 0 0 1 0 0 0 0 0 0 0 0 0 1 1 0 0 0 0 0 0.0
354 22 6715 0 1 0 1 1 0 1 1 0 0 0 1 0 0 0 0 0 0 1 0 0 0 0.0
355 22 7043 1 0 0 0 1 0 0 0 1 0 0 0 1 0 0 1 0 1 0 0 0 0 0.0
356 22 6147 0 0 0 0 0 1 0 0 1 1 0 0 0 0 1 1 1 0 0 0 0 0 0.0
357 22 8100 1 0 1 0 0 0 0 1 0 0 1 1 0 0 0 0 0 1 0 0 1 0 0.0
358 22 5751 0 0 0 0 1 0 0 1 0 0 0 0 0 0 1 0 1 0 1 0 0 0 0.0
359 22 5332 1 0 0 0 0 0 0 0 1 0 0 0 0 0 0 1 0 0 0 0 1 1 0.0
360 22 6638 0 1 0 1 0 0 0 0 0 0 0 1 1 0 1 0 0 0 0 0 0 1 0.0
361 22 7059 0 0 0 0 0 0 1 0 1 0 1 0 0 0 0 0 1 0 1 0 1 0 0.0
362 22 8816 0 1 0 0 0 0 0 1 0 1 0 1 0 1 0 1 1 0 0 0 0 1 0.0
363 22 6016 0 0 1 0 0 0 0 0 1 1 0 0 0 1 0 0 1 0 0 1 0 0 0.0
364 22 6732 0 1 0 0 0 0 1 0 0 0 0 0 0 0 0 0 0 0 1 0 1 1 0.0
365 22 5827 0 0 0 1 1 0 0 0 1 0 0 0 1 1 0 0 0 1 0 0 0 0 0.0
366 22 8082 1 1 0 0 0 0 0 0 1 0 0 0 0 1 0 0 0 0 0 1 1 0 0.0
367 22 5948 0 0 0 0 1 1 1 1 0 0 0 1 0 0 0 0 0 1 0 0 1 1 0.0
368 22 6277 0 0 1 0 1 1 0 1 0 0 0 0 0 0 0 0 0 0 0 1 0 0 0.0
369 22 7267 1 0 1 0 0 0 0 0 0 1 1 0 1 0 0 1 0 0 0 0 1 0 0.0
370 22 6803 0 1 0 1 0 0 1 0 0 0 0 0 0 1 0 0 0 1 0 1 0 0 0.0
371 22 5964 0 1 1 1 0 0 0 1 0 1 0 0 1 0 0 0 1 0 0 0 0 0 0.0
372 22 5709 0 0 0 1 0 0 0 0 0 0 0 0 1 0 0 0 1 1 1 0 0 0 0.0
373 22 7639 0 0 1 1 0 0 1 0 0 1 1 0 1 0 0 0 0 1 0 0 0 0 0.0
374 22 6208 0 1 0 0 1 0 1 0 1 0 0 0 0 0 0 0 0 1 0 0 0 1 0.0
375 22 7404 0 1 0 0 0 0 0 0 0 0 0 0 0 1 0 1 0 1 0 1 1 0 0.0
376 22 6411 0 0 0 1 1 0 1 0 0 1 0 0 0 1 0 0 0 0 0 0 0 0 0.0
377 22 6969 1 0 0 0 1 0 1 0 0 0 1 0 0 1 1 0 0 1 0 0 0 0 0.0
378 22 7023 1 0 1 0 0 0 0 1 0 1 0 0 1 0 1 0 0 0 0 0 0 0 0.0
379 22 6288 0 0 1 0 1 0 1 0 0 1 0 0 0 0 1 0 0 0 0 1 0 0 0.0
380 22 8131 0 0 1 1 0 1 1 0 0 0 0 0 0 0 0 0 0 0 1 0 1 0 0.0
381 22 6123 1 0 0 0 0 0 0 0 0 0 1 1 0 1 0 0 0 0 1 0 1 0 0.0
382 22 5635 0 0 1 0 1 0 0 1 0 0 0 0 0 1 0 1 1 0 0 0 0 0 0.0
383 22 5477 1 0 0 0 0 0 1 1 0 1 0 1 0 0 0 0 1 0 0 0 0 0 0.0
384 22 7009 0 0 1 0 0 0 1 1 0 1 0 0 0 1 0 0 0 0 0 0 1 1 0.0
385 22 6827 1 0 1 1 0 0 1 0 0 0 1 0 0 0 1 0 1 0 1 0 0 0 0.0
386 22 7944 1 0 0 0 0 1 0 1 1 0 0 1 0 0 1 0 0 0 0 0 1 0 0.0
387 22 7936 0 0 0 0 0 0 0 1 0 0 1 0 0 1 1 0 1 1 0 0 1 0 0.0
388 22 6618 0 1 0 0 1 0 1 0 1 1 0 0 1 1 0 0 0 0 0 0 0 0 0.0
389 22 4594 0 0 1 0 0 0 1 0 0 1 1 0 0 0 0 0 0 0 0 1 0 0 0.0
390 22 7912 0 1 0 0 0 0 1 0 1 1 0 1 0 0 0 0 0 1 0 0 0 0 0.0
391 22 8816 1 1 0 1 0 0 0 1 1 0 0 0 0 1 0 1 1 0 0 0 0 0 0.0
392 22 6382 1 0 0 0 0 0 0 0 0 0 0 0 0 1 0 1 0 0 1 1 1 0 0.0
393 22 6992 0 0 0 0 1 0 1 0 0 0 1 0 0 1 0 0 0 0 1 0 1 0 0.0
394 22 8315 1 1 0 0 0 1 0 0 1 0 0 0 0 1 0 0 0 1 0 0 1 0 0.0
395 22 6873 1 0 0 1 0 0 0 0 0 0 1 0 0 1 1 1 0 0 0 0 0 0 0.0
396 22 7628 0 0 1 0 1 1 0 0 0 0 1 1 0 0 0 0 0 1 0 1 0 0 0.0
397 22 6262 0 0 0 0 1 0 0 1 0 1 0 1 1 0 0 0 0 0 0 0 1 0 0.0
398 22 6560 0 0 0 1 1 1 0 0 0 1 0 0 0 0 0 0 0 0 0 1 0 0 0.0
399 22 6441 0 0 0 0 1 0 0 0 0 1 1 0 0 0 0 0 0 0 0 1 1 0 0.0
400 22 8110 0 0 0 0 0 0 0 1 0 1 0 1 0 0 0 0 0 0 1 1 0 1 0.0
401 22 7569 0 0 0 0 0 0 0 0 0 1 0 1 0 0 0 0 0 0 1 1 1 1 0.0
402 22 6317 1 0 1 0 0 0 0 1 0 1 0 0 0 0 0 0 0 0 1 1 0 0 0.0
403 22 6241 0 1 0 0 0 0 0 0 1 0 0 0 0 1 0 0 0 1 1 0 0 1 0.0
404 22 5934 0 0 0 0 0 1 0 1 0 0 0 1 0 0 0 0 1 1 0 0 0 0 0.0
405 22 6322 1 0 0 0 1 0 1 0 0 0 0 1 0 0 1 1 0 0 1 0 0 0 0.0
406 22 6432 0 1 0 0 0 0 1 0 0 0 0 0 0 1 0 1 0 1 0 0 0 0 0.0
407 22 6445 0 1 0 0 1 0 0 0 0 0 0 1 0 1 0 0 0 0 0 1 0 1 0.0
408 22 8200 1 1 0 1 0 0 0 0 0 0 0 1 0 0 1 0 0 0 1 0 0 1 0.0
409 22 5445 0 0 0 0 1 1 1 0 0 1 0 0 0 0 1 0 0 0 0 0 0 0 0.0
410 22 7228 0 0 1 0 0 0 1 1 0 0 0 1 0 0 0 0 0 0 0 1 1 0 0.0
411 22 6387 0 1 0 0 1 0 0 0 0 0 0 0 0 0 1 0 1 1 1 0 0 0 0.0
412 22 6111 0 0 0 0 0 1 1 0 0 0 1 0 0 0 0 1 0 1 0 0 0 0 0.0
413 22 7390 0 0 0 0 0 1 0 0 0 1 1 0 1 0 1 0 0 0 0 0 1 0 0.0
414 22 6991 0 0 0 0 1 1 1 0 1 0 0 0 0 0 1 0 0 0 1 1 0 0 0.0
415 22 7143 0 0 0 1 0 0 1 0 1 0 0 0 1 0 0 1 1 0 0 0 0 0 0.0
416 22 7713 0 1 0 1 0 1 0 0 0 0 1 0 0 1 1 0 0 0 1 0 0 0 0.0
417 22 6587 1 1 0 1 0 0 0 0 0 0 1 0 1 0 0 0 0 0 1 0 0 0 0.0
418 22 5445 0 0 0 0 1 0 0 0 1 0 1 0 0 0 1 0 0 0 0 1 0 0 0.0
419 22 7487 0 0 1 1 1 0 1 1 0 0 0 1 0 0 0 0 0 0 0 0 0 0 0.0
420 22 7095 0 0 0 0 1 0 0 0 1 0 0 0 0 1 0 0 0 0 1 0 1 1 0.0
421 22 6275 0 0 0 1 0 0 0 0 0 1 0 0 0 1 0 1 0 0 0 1 1 0 0.0
422 22 6988 1 1 0 1 1 0 1 0 1 0 0 0 0 0 0 0 0 0 0 0 0 0 0.0
423 22 7132 0 0 0 0 0 1 1 1 1 0 1 0 0 0 1 0 0 1 0 0 0 0 0.0
424 22 7562 0 0 0 0 0 0 0 0 0 1 1 1 1 1 1 0 0 1 1 0 0 0 0.0
425 22 8114 0 1 0 1 1 0 1 1 0 1 1 0 0 0 0 0 0 0 0 0 0 0 0.0
426 22 6372 0 1 0 1 0 0 1 0 0 0 0 0 0 0 1 0 0 0 0 0 0 1 0.0
427 22 6316 0 0 0 0 0 1 1 1 0 1 0 1 0 0 0 0 1 1 0 0 0 0 0.0
428 22 7792 1 0 0 0 0 0 0 1 1 0 1 0 0 0 0 0 0 0 1 0 1 0 0.0
429 22 7131 1 0 0 0 0 0 0 0 1 0 0 1 1 0 0 0 0 0 1 1 1 0 0.0
430 22 7197 0 0 1 0 0 0 1 0 0 0 1 0 0 1 1 0 1 0 0 0 0 0 0.0
431 22 6512 0 0 0 0 0 1 0 0 0 0 1 1 1 1 0 0 0 0 0 0 0 0 0.0
432 22 5310 0 0 0 0 0 0 1 0 1 0 0 1 0 0 0 0 0 0 1 0 0 1 0.0
433 22 6428 1 0 1 1 0 1 0 0 0 0 0 0 0 0 0 1 0 0 1 0 0 0 0.0
434 22 5840 0 0 1 0 0 0 0 0 1 1 0 0 0 0 0 1 1 0 0 0 1 0 0.0
435 22 6105 0 1 0 1 0 1 0 0 1 0 0 0 1 0 0 0 0 0 1 1 0 0 0.0
436 22 6451 1 0 1 0 1 1 0 0 0 0 1 0 0 0 0 0 0 0 0 1 0 0 0.0
437 22 7827 0 0 0 0 1 1 1 0 0 1 0 0 1 0 0 1 0 0 1 0 0 0 0.0
438 22 5753 0 1 0 0 0 1 0 0 0 0 0 0 0 1 1 0 0 0 0 0 1 0 0.0
439 22 7607 1 1 0 0 0 0 0 0 1 1 0 0 0 0 0 0 1 0 0 0 1 0 0.0
440 22 6456 0 1 0 0 0 0 1 0 0 1 0 0 0 0 0 1 0 0 0 1 0 0 0.0
441 22 6371 1 0 0 0 0 1 1 1 0 0 0 0 0 0 0 0 0 0 0 1 0 1 0.0
442 22 6759 1 0 0 0 0 0 0 0 0 1 0 1 0 1 1 0 0 0 1 0 0 0 0.0
443 22 6944 0 0 0 0 1 0 0 0 0 0 1 0 1 0 0 1 0 1 0 0 0 1 0.0
444 22 6506 0 0 0 1 0 0 0 0 0 0 0 1 1 1 0 0 1 1 0 0 1 0 0.0
445 22 6504 0 0 0 0 0 0 0 1 0 0 0 1 0 0 0 0 0 1 1 0 1 0 0.0
446 22 6264 0 0 0 0 0 0 1 1 1 1 0 0 0 0 0 0 0 0 0 0 0 1 0.0
447 22 7230 0 1 0 1 0 0 1 1 1 0 0 0 0 0 1 0 0 0 0 0 1 0 0.0
448 22 6137 0 1 0 0 1 0 1 0 0 1 0 0 0 1 0 0 0 0 1 0 0 0 0.0
449 22 6637 0 0 0 0 0 0 0 0 0 0 0 0 0 0 0 1 1 1 1 0 1 1 0.0
450 22 7425 0 0 0 0 1 0 0 0 0 0 0 1 0 0 1 0 1 1 0 1 0 0 0.0
451 22 6611 1 0 0 0 0 0 1 1 1 0 0 0 0 1 0 0 0 0 1 0 0 0 0.0
452 22 5973 1 1 0 1 0 0 0 0 1 0 0 0 1 0 0 1 0 0 1 0 0 0 0.0
453 22 7480 0 0 1 1 0 1 1 0 0 0 0 0 0 0 1 0 0 0 0 0 1 0 0.0
454 22 6451 0 0 1 0 0 0 1 0 0 0 0 0 0 1 0 1 1 0 1 0 0 0 0.0
455 22 6390 1 0 1 0 0 1 0 0 0 1 0 1 1 0 0 1 0 0 0 0 0 0 0.0
456 22 6576 0 0 0 0 0 0 0 0 0 0 0 0 1 1 0 0 1 1 0 1 0 0 0.0
457 22 6742 0 1 0 1 1 0 0 0 0 1 1 0 0 0 0 0 0 0 0 0 1 0 0.0
458 22 7825 0 1 0 0 0 1 1 1 0 0 0 1 0 0 0 0 0 0 0 0 0 1 0.0
459 22 6806 0 0 0 1 0 1 1 0 0 0 0 0 0 0 0 1 0 1 0 1 0 0 0.0
460 22 7318 0 0 1 0 0 0 0 0 0 1 0 0 0 0 1 1 1 0 1 0 0 0 0.0
461 22 7542 0 1 0 0 0 0 0 0 1 1 0 0 0 0 1 1 0 1 1 0 0 0 0.0
462 22 7012 0 0 0 0 1 1 0 0 0 0 1 1 0 0 0 1 1 0 0 0 0 0 0.0
463 22 6205 0 0 1 0 1 0 0 1 0 0 0 0 0 0 0 1 0 0 0 1 0 1 0.0
464 22 7674 0 0 0 1 0 1 0 0 0 0 0 0 1 1 1 1 0 1 1 0 0 0 0.0
465 22 7057 0 0 1 1 0 0 0 1 1 0 0 1 0 0 0 0 0 0 0 1 0 0 0.0
466 22 5631 0 1 0 0 0 0 0 0 1 0 1 0 0 1 1 0 0 0 1 0 0 0 0.0
467 22 7193 0 0 0 1 0 0 0 0 0 0 1 1 1 1 1 0 1 0 0 0 0 0 0.0
468 22 8109 0 1 0 0 0 0 0 0 1 1 0 0 0 1 0 0 1 0 1 0 0 1 0.0
469 22 6428 0 0 1 0 1 1 0 0 1 0 0 0 0 0 0 0 0 0 1 0 0 0 0.0
470 22 7834 1 0 0 0 0 0 0 0 0 0 1 0 1 0 0 0 1 1 1 0 0 1 0.0
471 22 7088 0 1 0 0 0 1 0 0 0 0 0 1 1 0 0 0 1 0 1 0 1 0 0.0
472 22 7453 0 0 1 0 0 0 0 1 0 1 0 1 0 1 1 0 0 0 0 0 0 0 0.0
473 22 7970 0 0 1 1 0 0 0 1 0 0 0 0 0 1 0 1 0 0 1 1 0 0 0.0
474 22 5720 0 0 0 0 0 1 0 1 1 0 0 0 0 0 0 1 0 0 0 0 1 0 0.0
475 22 6413 0 0 0 0 1 0 0 0 0 1 0 0 0 0 0 0 1 0 1 0 0 1 0.0
476 22 8129 1 1 0 0 1 0 1 0 0 0 0 0 0 0 1 1 0 0 0 0 0 1 0.0
477 22 6399 0 0 0 0 0 0 0 0 1 1 0 0 0 0 0 0 0 0 1 1 1 1 0.0
478 22 6421 1 0 0 0 0 0 0 0 0 0 1 0 0 0 1 0 0 0 1 1 0 0 0.0
479 22 7324 1 1 0 0 1 0 0 0 1 1 1 0 0 0 0 0 1 1 0 0 0 0 0.0
480 22 7094 1 0 0 0 1 0 0 0 0 0 0 1 1 0 0 1 1 1 0 0 1 0 0.0
481 22 7129 0 1 0 0 0 0 0 0 1 1 0 0 1 0 0 0 0 0 0 1 1 0 0.0
482 22 6933 0 0 1 0 0 0 1 0 0 1 1 0 0 0 0 0 0 0 1 0 0 1 0.0
483 22 7181 0 1 0 0 0 1 0 0 0 0 0 0 1 0 1 0 1 0 0 0 0 1 0.0
484 22 6841 0 0 0 0 0 0 1 1 0 0 0 0 1 0 1 1 0 0 0 0 0 1 0.0
485 22 7155 1 0 0 0 0 1 0 0 1 0 0 0 1 0 0 0 0 0 0 1 0 1 0.0
486 22 6732 0 0 0 0 0 0 1 0 1 0 0 0 0 0 0 1 1 0 0 0 0 1 0.0
487 22 7103 0 0 0 1 0 0 1 0 0 1 0 0 1 0 0 1 0 0 0 1 0 0 0.0
488 22 7817 1 0 1 1 1 0 0 0 0 0 0 0 0 0 0 0 1 0 0 0 1 0 0.0
489 22 6000 0 0 0 0 0 0 1 0 0 0 0 1 0 1 0 0 0 1 0 1 0 0 0.0
490 22 4458 1 0 1 0 0 0 0 1 1 0 0 0 0 0 0 0 0 0 0 0 1 0 0.0
491 22 7584 0 0 0 1 1 0 1 0 0 0 0 1 0 0 0 0 0 0 0 0 1 1 0.0
492 22 6994 1 1 0 0 0 0 1 0 0 0 0 0 1 0 0 0 0 0 0 1 1 0 0.0
493 22 7081 0 0 0 0 0 0 1 0 1 1 1 0 0 0 0 0 1 0 0 0 1 0 0.0
494 22 6570 1 1 0 0 0 0 0 0 0 0 0 0 1 0 0 1 1 0 0 1 0 1 0.0
495 22 6168 1 0 0 0 0 0 0 1 0 1 1 0 0 1 0 0 0 0 0 0 0 0 0.0
496 22 8393 0 1 1 0 0 0 0 0 1 1 1 0 0 0 0 0 0 0 0 0 1 1 0.0
497 22 7370 0 0 1 1 0 0 0 0 0 1 0 0 0 1 0 1 0 0 0 1 1 0 0.0
498 22 7212 1 0 0 0 1 0 1 1 0 1 1 0 0 0 0 1 0 0 0 0 0 0 0.0
499 22 7282 1 0 0 1 0 0 0 0 0 0 0 1 0 1 0 1 0 0 0 0 0 1 0.0
500 22 6095 0 0 0 0 1 0 1 0 0 0 1 0 0 0 0 0 0 0 0 1 0 1 0.0
