1 15 4577 1 0 0 1 0 0 1 0 1 0 0 0 1 0 0 0.0
2 15 3904 0 0 1 0 0 1 0 0 0 0 0 0 1 0 0 0.0
3 15 6071 0 1 0 0 0 1 1 1 0 0 0 0 1 0 0 0.0
4 15 5770 0 0 1 0 1 1 0 0 1 0 0 0 0 1 0 0.0
5 15 4209 0 1 0 1 0 0 0 0 0 1 0 1 0 0 0 0.0
6 15 3785 0 0 0 1 0 1 0 0 0 0 0 1 0 1 0 0.0
7 15 3978 0 1 0 0 0 0 0 0 0 1 0 0 0 1 1 0.0
8 15 5257 0 0 1 1 0 0 0 0 0 1 0 0 0 0 1 0.0
9 15 5696 1 0 0 0 0 1 0 0 0 1 0 1 0 1 0 0.0
10 15 4598 1 0 1 0 0 0 0 0 0 0 0 0 0 1 1 0.0
11 15 5248 0 0 0 1 0 0 1 0 0 1 1 0 0 1 0 0.0
12 15 4485 0 1 0 0 0 0 0 1 0 0 1 1 0 0 0 0.0
13 15 4575 1 0 0 0 0 1 0 0 0 0 0 0 1 1 0 0.0
14 15 5546 1 0 0 0 0 1 0 0 0 0 0 0 1 1 0 0.0
15 15 4885 0 0 0 0 0 0 1 0 1 0 0 0 1 1 0 0.0
16 15 4306 0 0 0 0 1 0 0 1 0 0 0 1 0 0 1 0.0
17 15 3364 0 0 0 0 0 1 0 0 0 1 1 1 0 0 0 0.0
18 15 3951 0 0 1 0 1 0 0 1 1 0 0 0 0 0 0 0.0
19 15 4971 1 0 0 0 1 0 0 0 0 1 0 0 0 0 1 0.0
20 15 2973 0 0 0 1 0 1 0 0 0 0 0 0 0 1 0 0.0
21 15 3838 0 1 0 0 0 0 0 1 0 0 0 1 0 0 1 0.0
22 15 4496 1 1 0 0 0 0 0 0 1 0 0 0 1 0 0 0.0
23 15 4496 1 0 1 0 1 0 0 0 0 0 0 1 0 0 0 0.0
24 15 4437 1 0 1 1 0 0 0 0 0 0 1 0 0 0 0 0.0
25 15 2838 1 0 0 0 0 0 0 1 0 0 1 0 0 0 0 0.0
26 15 5120 0 0 1 0 0 1 0 1 0 0 0 0 1 1 0 0.0
27 15 4060 0 0 0 0 0 1 0 0 1 0 0 1 0 1 0 0.0
28 15 3535 1 1 0 0 0 0 0 1 0 1 0 0 0 0 0 0.0
29 15 4769 0 0 1 0 0 0 0 1 0 0 1 0 0 1 0 0.0
30 15 5302 0 0 0 0 0 0 0 1 0 1 0 1 1 1 0 0.0
31 15 5250 1 0 0 0 1 1 0 0 0 0 0 0 1 0 0 0.0
32 15 4648 0 0 0 1 0 0 0 0 1 0 1 1 0 0 0 0.0
33 15 4234 0 0 1 0 0 0 0 0 1 1 0 0 1 0 0 0.0
34 15 6123 0 1 0 0 0 1 1 1 0 0 0 0 0 0 1 0.0
35 15 3897 1 0 0 0 0 0 0 0 0 0 1 0 1 1 0 0.0
36 15 4778 1 0 0 0 0 1 0 0 0 0 1 0 0 0 1 0.0
37 15 6192 0 0 0 0 0 1 0 1 1 0 0 1 0 1 1 0.0
38 15 4821 0 1 0 0 0 0 1 0 0 0 0 1 0 1 0 0.0
39 15 3942 0 0 1 0 0 0 1 0 1 0 0 1 0 0 0 0.0
40 15 4038 0 0 0 1 1 0 0 0 0 1 0 0 1 0 0 0.0
41 15 4421 0 0 0 0 1 0 0 0 1 0 1 0 0 1 1 0.0
42 15 3595 1 0 0 0 0 0 0 0 0 0 1 0 0 0 1 0.0
43 15 4790 0 0 0 1 0 1 0 0 0 0 1 0 1 0 0 0.0
44 15 4445 0 0 0 0 1 1 1 0 0 0 0 0 0 1 0 0.0
45 15 3652 0 1 0 0 0 0 0 0 0 0 1 0 1 0 0 0.0
46 15 4078 0 0 0 1 1 0 0 0 0 0 0 1 0 0 0 0.0
47 15 4730 1 0 0 0 1 0 1 0 0 0 0 0 1 0 0 0.0
48 15 4046 0 1 0 1 1 0 0 0 0 0 0 0 0 0 1 0.0
49 15 4122 1 0 0 1 1 0 0 0 0 0 0 0 0 0 0 0.0
50 15 4154 0 0 0 0 0 0 0 1 0 1 0 0 0 1 0 0.0
51 15 3729 0 1 0 0 0 0 1 0 1 0 1 0 0 0 0 0.0
52 15 3934 0 0 0 0 1 1 0 0 0 0 0 1 1 0 0 0.0
53 15 5707 0 0 1 0 0 0 0 1 0 0 0 0 1 1 1 0.0
54 15 4545 0 0 1 0 1 0 1 0 0 1 0 0 0 0 0 0.0
55 15 3862 0 0 0 0 1 1 0 0 0 0 1 0 0 0 1 0.0
56 15 3958 0 1 0 0 0 0 0 0 0 0 1 1 0 0 1 0.0
57 15 3200 1 0 1 1 0 0 0 0 0 0 0 0 0 1 0 0.0
58 15 6174 0 0 1 1 1 0 1 1 0 1 0 0 0 0 0 0.0
59 15 3545 0 0 0 1 1 0 0 1 0 0 0 1 0 0 0 0.0
60 15 4518 0 1 1 0 1 0 0 0 1 0 0 0 0 0 0 0.0
61 15 4768 0 0 0 1 1 1 0 0 1 1 0 0 0 0 0 0.0
62 15 5046 0 0 1 0 0 1 1 1 1 0 1 0 0 0 0 0.0
63 15 3705 0 0 1 0 0 0 0 1 1 0 0 0 0 0 1 0.0
64 15 4567 0 0 0 1 0 0 1 0 0 0 0 1 1 0 1 0.0
65 15 5293 0 0 0 1 0 0 0 1 1 1 0 0 0 0 0 0.0
66 15 4059 1 0 1 0 0 0 0 0 0 0 0 0 1 1 0 0.0
67 15 4867 0 0 1 1 0 0 0 0 0 0 0 0 1 0 1 0.0
68 15 4118 1 0 0 1 0 1 0 0 1 0 0 0 0 0 0 0.0
69 15 4637 0 0 0 1 1 1 0 0 0 0 0 0 0 1 1 0.0
70 15 4342 0 0 1 0 0 0 1 0 0 1 1 0 0 0 0 0.0
71 15 4270 1 0 0 0 1 1 1 0 0 0 0 0 0 0 0 0.0
72 15 4385 0 1 0 0 0 1 0 0 0 1 1 0 0 0 0 0.0
73 15 4085 0 0 0 0 1 1 1 0 0 0 0 0 0 0 0 0.0
74 15 3676 1 0 0 0 0 0 0 1 1 0 0 0 1 0 0 0.0
75 15 4418 0 0 0 0 0 0 1 1 1 0 1 0 0 0 0 0.0
76 15 5392 1 0 0 0 0 0 0 0 0 1 1 0 1 0 0 0.0
77 15 6059 0 0 1 0 0 0 1 1 0 0 0 1 0 1 0 0.0
78 15 4716 1 0 0 0 0 0 0 0 0 1 0 1 0 0 1 0.0
79 15 3372 0 1 1 0 0 0 0 0 1 0 0 0 0 1 0 0.0
80 15 4388 0 1 0 0 0 0 1 0 0 1 0 0 0 0 1 0.0
81 15 5129 1 0 1 0 0 0 0 0 0 1 0 1 0 0 0 0.0
82 15 4122 0 1 1 0 0 0 0 0 0 0 1 0 0 0 1 0.0
83 15 5705 1 0 1 0 0 0 0 0 0 1 0 0 0 1 1 0.0
84 15 4433 0 0 0 0 0 1 1 0 0 1 0 0 0 0 1 0.0
85 15 4252 0 1 0 0 1 0 1 1 0 0 0 0 0 0 0 0.0
86 15 5364 0 0 1 0 1 1 0 0 0 1 0 0 0 0 0 0.0
87 15 4983 1 0 0 0 0 1 0 0 1 0 0 0 1 0 1 0.0
88 15 3994 0 0 1 1 0 0 0 0 0 1 0 0 1 0 0 0.0
89 15 3525 0 0 0 0 0 1 0 1 0 0 1 0 0 0 1 0.0
90 15 5019 0 0 0 0 0 0 0 0 1 0 1 1 1 0 0 0.0
91 15 4140 0 1 1 0 0 0 0 0 0 0 1 1 0 0 0 0.0
92 15 4524 1 1 0 0 0 0 1 0 0 0 0 0 1 0 0 0.0
93 15 5140 0 1 1 0 0 0 0 0 0 0 1 0 0 1 0 0.0
94 15 4245 0 0 0 0 1 0 0 0 0 1 0 0 1 0 1 0.0
95 15 4343 0 0 0 1 0 0 0 0 0 1 1 0 1 0 0 0.0
96 15 4858 1 1 0 1 0 0 0 1 0 1 0 1 0 0 0 0.0
97 15 4146 0 0 0 1 0 0 0 0 0 0 0 1 0 0 1 0.0
98 15 3214 1 0 0 0 0 1 1 0 0 0 1 0 0 0 0 0.0
99 15 3785 1 0 0 1 0 1 0 0 0 0 0 0 0 1 0 0.0
100 15 4343 0 1 0 0 0 1 0 0 0 1 0 1 0 0 0 0.0
101 15 4148 0 0 0 0 1 1 0 0 1 0 0 1 0 0 0 0.0
102 15 4108 0 0 1 0 1 1 1 0 0 0 0 0 0 0 0 0.0
103 15 3931 1 1 0 0 0 0 0 0 0 0 0 1 0 1 0 0.0
104 15 3765 0 0 0 0 1 0 1 0 0 1 0 1 0 0 0 0.0
105 15 4056 1 0 1 0 0 0 0 0 1 0 0 0 1 0 0 0.0
106 15 3722 0 0 1 0 1 0 0 0 0 0 0 0 0 0 1 0.0
107 15 4481 0 0 0 1 0 1 0 0 0 0 0 0 0 1 1 0.0
108 15 3197 1 0 0 0 0 0 1 0 1 0 0 0 0 0 0 0.0
109 15 4770 0 0 0 1 0 0 0 1 1 0 0 0 1 0 0 0.0
110 15 6196 0 1 1 0 1 1 0 0 0 0 0 0 0 0 1 0.0
111 15 4441 1 1 0 0 0 0 1 0 0 0 0 0 0 1 0 0.0
112 15 3479 1 0 1 0 0 0 0 0 0 1 0 0 0 0 0 0.0
113 15 4076 0 1 0 1 0 0 0 0 0 0 1 0 0 0 1 0.0
114 15 4502 1 0 0 0 0 1 0 1 0 0 0 0 1 0 1 0.0
115 15 4645 0 0 0 0 1 0 0 1 0 0 0 0 0 1 1 0.0
116 15 4698 0 0 0 0 0 0 1 0 0 1 0 1 1 0 0 0.0
117 15 3808 0 1 0 0 0 1 0 0 1 0 0 0 0 0 0 0.0
118 15 3517 1 1 0 0 0 0 1 0 0 1 0 0 0 0 0 0.0
119 15 4729 1 0 1 0 0 0 0 1 0 0 0 0 1 0 0 0.0
120 15 5071 0 0 0 1 0 1 1 0 0 0 0 0 0 1 0 0.0
121 15 6000 0 0 0 1 0 0 0 1 0 1 0 1 1 0 0 0.0
122 15 3608 0 0 1 1 0 0 0 0 0 0 1 0 0 0 0 0.0
123 15 4337 0 0 0 1 0 1 0 0 1 0 0 0 0 1 0 0.0
124 15 3935 0 0 0 0 1 0 1 0 0 0 1 0 0 0 1 0.0
125 15 3239 0 0 0 0 0 0 0 0 1 0 0 1 1 1 0 0.0
126 15 5981 0 1 0 0 1 0 0 0 0 0 1 1 1 0 0 0.0
127 15 3996 0 0 0 1 1 1 0 0 0 0 0 0 0 0 0 0.0
128 15 3446 0 0 0 1 0 0 0 0 1 0 1 0 0 0 0 0.0
129 15 4421 1 0 0 0 1 0 0 0 0 0 1 0 1 0 1 0.0
130 15 3636 0 0 0 1 1 0 0 0 0 0 1 0 0 0 0 0.0
131 15 5285 0 1 0 0 0 1 1 0 0 0 0 0 1 0 0 0.0
132 15 4785 1 0 0 0 0 0 0 0 0 0 1 0 1 0 1 0.0
133 15 3353 0 1 0 0 0 0 0 0 1 0 1 1 0 0 0 0.0
134 15 5141 1 0 0 1 0 0 1 0 0 0 0 0 0 1 0 0.0
135 15 4437 0 1 0 1 0 0 0 0 1 0 0 1 0 0 0 0.0
136 15 5096 0 1 0 0 0 0 0 0 0 0 1 1 1 1 0 0.0
137 15 4243 0 1 0 0 0 0 1 1 0 0 1 0 0 0 0 0.0
138 15 3887 0 1 0 0 0 0 0 0 1 0 0 1 0 1 0 0.0
139 15 3852 0 0 0 0 0 1 1 0 1 0 0 0 0 0 1 0.0
140 15 3490 0 0 0 1 0 0 0 0 1 0 0 1 0 0 0 0.0
141 15 4241 0 0 0 0 1 0 0 0 1 1 0 1 0 0 0 0.0
142 15 5017 0 1 0 0 1 0 1 0 0 0 0 0 0 0 1 0.0
143 15 5633 0 1 0 0 0 0 0 1 0 1 0 1 0 0 0 0.0
144 15 4657 0 0 0 0 1 0 0 0 0 1 1 0 0 1 0 0.0
145 15 4059 1 0 0 0 1 0 0 0 0 1 0 1 0 0 0 0.0
146 15 4889 0 1 0 0 1 0 0 0 1 0 1 0 0 0 0 0.0
147 15 3976 0 0 0 0 1 0 1 1 0 0 0 0 0 1 0 0.0
148 15 4358 0 0 1 0 0 0 0 0 0 0 1 0 0 0 1 0.0
149 15 3501 1 1 1 0 0 0 0 0 0 0 1 0 0 0 0 0.0
150 15 4697 0 0 1 0 0 0 1 1 0 1 0 0 0 0 0 0.0
151 15 3118 0 0 0 0 0 0 1 0 0 0 1 1 0 0 0 0.0
152 15 3258 0 0 0 0 0 0 0 1 0 0 0 1 0 0 1 0.0
153 15 5157 1 0 0 0 1 0 0 1 0 0 0 0 0 0 1 0.0
154 15 5085 0 0 0 1 1 0 1 0 1 0 0 0 0 0 1 0.0
155 15 4126 0 0 0 0 0 0 0 1 1 1 0 0 0 0 0 0.0
156 15 6054 0 0 0 1 0 1 1 0 0 1 0 1 0 0 0 0.0
157 15 5198 1 0 0 1 0 0 0 0 0 0 1 0 0 0 1 0.0
158 15 5546 0 0 0 1 0 0 1 1 1 1 0 0 0 0 0 0.0
159 15 4056 1 1 0 0 0 0 0 0 0 0 0 1 0 1 0 0.0
160 15 3979 0 0 0 1 1 0 0 0 0 0 0 1 0 0 1 0.0
161 15 5031 0 0 1 0 0 1 0 0 0 0 1 0 1 0 0 0.0
162 15 4623 0 0 0 0 0 1 1 1 0 0 0 1 0 0 0 0.0
163 15 4107 1 0 1 0 0 0 0 0 0 0 0 0 1 0 1 0.0
164 15 5728 0 0 1 0 0 1 0 1 0 0 0 0 1 1 0 0.0
165 15 3803 0 0 0 0 1 0 0 0 1 0 1 0 0 0 0 0.0
166 15 3648 0 0 0 1 0 0 0 0 1 0 1 1 0 0 0 0.0
167 15 4530 0 1 1 1 0 1 0 0 0 0 0 0 0 0 0 0.0
168 15 3264 0 0 0 0 1 0 0 0 0 0 0 0 0 1 1 0.0
169 15 4546 1 0 0 1 0 1 0 0 0 0 1 0 0 0 0 0.0
170 15 4782 0 0 0 0 0 0 0 0 0 0 1 1 1 0 1 0.0
171 15 3614 0 0 1 0 0 1 0 1 0 0 0 0 1 0 0 0.0
172 15 5435 0 1 1 0 0 0 0 0 0 1 1 0 0 1 0 0.0
173 15 5396 0 1 1 0 0 1 0 0 0 0 0 1 0 0 0 0.0
174 15 5243 1 0 0 0 1 0 1 1 0 1 0 0 1 0 0 0.0
175 15 3877 0 0 0 0 1 0 0 0 1 0 1 0 1 0 0 0.0
176 15 4378 1 0 0 1 0 1 0 0 0 0 0 1 0 0 0 0.0
177 15 4040 0 0 1 1 0 1 0 0 1 0 1 0 0 0 0 0.0
178 15 4419 0 0 1 0 0 1 0 0 0 1 0 0 0 0 1 0.0
179 15 4503 0 0 1 1 0 0 0 1 0 0 0 0 0 0 1 0.0
180 15 5195 0 0 0 1 0 0 0 0 0 0 0 1 0 1 1 0.0
181 15 5018 1 1 1 0 0 0 1 0 0 0 0 0 0 0 0 0.0
182 15 3977 0 0 1 1 0 0 0 1 0 0 0 0 0 0 1 0.0
183 15 4443 0 0 0 0 0 0 0 1 1 0 1 0 0 0 0 0.0
184 15 4726 0 0 0 0 1 0 1 1 0 0 0 0 0 0 1 0.0
185 15 3528 0 0 0 1 0 1 0 0 0 0 0 0 0 1 0 0.0
186 15 4732 0 0 1 1 0 1 0 0 0 1 0 0 1 0 0 0.0
187 15 4557 0 0 0 1 0 1 0 0 1 1 0 0 0 1 0 0.0
188 15 4603 0 0 0 1 0 0 0 0 0 0 1 1 0 1 1 0.0
189 15 4678 0 0 0 1 0 1 1 1 0 0 0 0 0 0 0 0.0
190 15 3733 1 0 0 0 1 0 0 0 1 0 0 1 1 0 0 0.0
191 15 4227 0 0 0 0 0 1 0 0 1 1 1 0 0 0 0 0.0
192 15 5289 0 0 0 0 0 1 0 1 1 1 0 0 0 1 0 0.0
193 15 4059 0 1 0 0 1 0 0 1 0 1 0 0 0 0 0 0.0
194 15 5379 0 0 0 0 0 1 0 0 0 0 1 0 1 1 1 0.0
195 15 5214 0 0 0 0 1 1 0 1 0 1 0 0 0 0 1 0.0
196 15 4534 0 1 0 0 1 0 1 0 1 0 0 0 0 1 0 0.0
197 15 3729 1 0 0 0 0 0 0 0 0 1 0 1 0 0 0 0.0
198 15 4233 0 0 1 0 1 0 1 0 0 0 0 0 0 0 1 0.0
199 15 3943 0 1 1 0 0 1 0 0 0 1 0 0 0 0 0 0.0
200 15 4527 0 0 0 0 1 0 0 1 0 0 0 0 1 1 1 0.0
201 15 4166 0 1 0 0 1 0 0 0 0 0 0 0 1 0 0 0.0
202 15 3680 0 0 1 0 0 0 0 0 1 0 0 1 0 1 0 0.0
203 15 5550 0 1 0 0 0 0 1 0 0 1 0 0 0 0 1 0.0
204 15 4141 0 0 1 0 0 0 1 0 0 1 0 0 0 1 0 0.0
205 15 4280 0 0 1 0 1 0 0 0 1 1 0 0 0 0 0 0.0
206 15 5206 0 0 0 1 0 0 0 1 0 0 1 0 0 0 1 0.0
207 15 4717 0 0 0 1 1 1 0 0 0 0 1 0 0 1 0 0.0
208 15 3885 1 0 1 0 0 0 0 0 1 0 0 0 0 0 0 0.0
209 15 4983 1 0 1 1 1 0 0 0 0 0 0 0 0 0 0 0.0
210 15 4674 0 0 0 0 0 1 0 0 0 0 1 0 1 0 1 0.0
211 15 6858 0 0 1 0 0 1 0 1 1 0 1 0 0 0 0 0.0
212 15 3926 0 1 0 0 0 0 1 1 0 0 0 0 0 1 0 0.0
213 15 4556 0 0 1 0 0 1 0 0 0 0 0 1 0 1 0 0.0
214 15 3950 0 0 0 0 0 0 1 0 0 0 1 1 0 0 1 0.0
215 15 5267 1 0 0 1 0 0 0 1 1 0 0 0 0 0 0 0.0
216 15 3872 0 1 0 0 0 1 0 0 0 0 1 0 0 1 0 0.0
217 15 4738 0 1 0 0 0 0 0 1 0 0 0 1 0 1 0 0.0
218 15 4388 0 0 0 0 1 0 1 0 0 0 1 0 0 0 0 0.0
219 15 5062 0 0 1 1 1 0 0 0 0 0 1 1 0 0 0 0.0
220 15 2785 1 0 0 0 1 0 1 0 0 0 0 0 0 0 1 0.0
221 15 4742 0 0 0 1 1 0 0 0 1 0 0 0 0 1 1 0.0
222 15 4846 0 0 1 0 0 0 0 1 0 1 0 0 0 1 0 0.0
223 15 4780 0 1 0 0 1 0 0 0 1 0 0 0 1 0 0 0.0
224 15 3376 0 0 1 0 1 1 0 0 0 0 0 0 0 0 0 0.0
225 15 4013 0 0 1 0 0 1 0 0 0 0 0 1 0 1 0 0.0
226 15 5173 0 0 0 1 1 1 0 0 1 1 0 0 0 0 0 0.0
227 15 2987 0 0 1 1 0 0 0 1 0 0 0 0 0 0 0 0.0
228 15 3731 0 0 1 0 1 0 0 1 0 0 0 0 0 1 0 0.0
229 15 4429 0 1 1 0 0 0 0 0 0 1 1 1 0 1 0 0.0
230 15 4021 0 1 0 0 0 0 0 0 1 1 0 1 1 0 0 0.0
231 15 3503 0 0 1 0 0 1 1 0 1 0 0 0 0 0 0 0.0
232 15 5009 0 0 0 0 0 0 1 0 1 0 1 0 1 0 0 0.0
233 15 4427 0 0 0 0 1 0 1 0 0 0 1 0 1 0 0 0.0
234 15 4706 0 0 0 0 0 1 1 0 0 0 0 1 0 1 0 0.0
235 15 5219 0 0 0 1 0 0 1 0 0 0 1 1 0 0 0 0.0
236 15 4496 1 0 0 0 0 0 0 0 1 0 1 0 0 1 0 0.0
237 15 3637 0 0 1 0 0 0 0 1 0 1 1 1 0 0 0 0.0
238 15 4378 0 1 1 0 0 1 0 0 0 1 1 0 0 0 0 0.0
239 15 4313 0 0 0 0 0 1 0 0 1 0 0 0 1 1 0 0.0
240 15 3476 0 1 0 0 1 1 0 0 0 1 0 0 0 0 0 0.0
241 15 5720 1 0 1 0 0 0 1 0 1 0 1 0 0 0 0 0.0
242 15 4918 0 0 0 0 1 0 0 1 0 0 0 0 1 1 0 0.0
243 15 5006 0 0 0 1 1 1 0 0 1 0 0 0 0 0 0 0.0
244 15 4497 0 0 0 0 0 1 0 0 0 0 0 1 1 1 0 0.0
245 15 4859 0 0 0 0 1 1 0 1 0 0 0 1 0 0 1 0.0
246 15 3974 0 0 0 0 0 1 0 0 0 1 1 0 0 0 0 0.0
247 15 4859 0 1 0 0 0 1 0 0 0 0 0 0 1 0 1 0.0
248 15 4997 1 1 0 0 0 0 0 0 1 1 0 0 0 0 0 0.0
249 15 5018 1 0 0 0 0 0 1 0 0 1 1 0 0 0 0 0.0
250 15 5640 1 0 1 1 0 0 1 1 0 0 0 0 0 0 0 0.0
251 15 4092 0 1 0 1 0 1 0 0 0 0 0 0 0 0 0 0.0
252 15 5695 0 1 0 1 0 1 1 0 1 0 0 0 0 0 0 0.0
253 15 4673 0 1 1 0 0 1 0 0 1 0 0 1 0 0 0 0.0
254 15 4803 0 0 0 0 1 0 0 1 1 0 0 0 1 0 0 0.0
255 15 4564 0 0 1 0 0 0 0 0 0 0 0 1 0 1 1 0.0
256 15 4625 1 0 1 0 1 0 0 1 0 0 0 0 0 1 0 0.0
257 15 3481 0 1 1 1 0 0 0 0 0 0 0 1 0 0 0 0.0
258 15 4620 1 0 0 1 0 0 0 0 0 0 0 0 1 1 0 0.0
259 15 3519 0 0 1 0 0 1 1 1 0 0 0 0 0 0 0 0.0
260 15 3918 0 0 1 0 0 1 0 0 0 1 0 0 1 0 0 0.0
261 15 4186 1 0 0 1 0 1 1 0 0 0 0 0 0 0 0 0.0
262 15 4768 0 0 0 0 1 1 0 0 1 0 0 0 0 1 0 0.0
263 15 6569 0 0 0 1 1 0 1 0 0 1 0 0 1 1 0 0.0
264 15 4717 0 0 0 0 0 1 0 1 0 0 1 0 0 0 1 0.0
265 15 4042 1 1 0 0 0 0 0 0 0 0 1 0 0 0 1 0.0
266 15 4104 0 0 0 0 0 1 1 0 0 1 0 0 0 0 0 0.0
267 15 4235 0 1 0 0 0 1 0 1 0 0 1 0 0 0 0 0.0
268 15 4037 0 0 0 0 1 0 0 0 0 1 1 0 0 0 0 0.0
269 15 3951 0 1 0 0 1 1 0 1 0 0 0 0 0 0 0 0.0
270 15 4577 1 0 1 0 0 0 0 1 0 1 0 0 0 0 0 0.0
271 15 3785 0 0 0 0 0 0 1 0 1 1 0 0 0 0 0 0.0
272 15 4231 0 0 0 0 0 0 1 0 0 1 0 0 0 0 1 0.0
273 15 4993 1 0 0 0 0 1 0 0 0 1 0 0 1 0 0 0.0
274 15 5533 1 0 0 1 0 1 1 0 0 1 0 0 0 0 0 0.0
275 15 4598 0 1 0 0 0 0 0 0 0 1 1 0 0 0 1 0.0
276 15 5009 0 1 0 0 0 0 0 0 1 0 0 1 0 1 1 0.0
277 15 4444 0 0 0 0 0 0 1 1 0 1 0 0 0 1 0 0.0
278 15 4457 0 0 0 1 0 0 1 0 0 1 0 1 0 0 0 0.0
279 15 3520 0 0 1 0 0 0 1 0 0 0 0 0 0 1 0 0.0
280 15 4289 0 1 0 0 0 0 1 0 1 0 1 0 0 0 0 0.0
281 15 4418 1 0 0 0 0 1 0 0 1 1 0 1 0 0 0 0.0
282 15 3714 1 0 1 0 0 0 0 1 1 0 0 0 0 0 0 0.0
283 15 4198 0 1 0 1 1 0 0 0 0 1 0 0 0 0 0 0.0
284 15 4176 1 0 1 0 1 0 0 0 0 0 0 0 0 0 0 0.0
285 15 3635 1 0 0 1 0 0 0 0 0 1 0 0 0 1 0 0.0
286 15 4884 0 0 1 0 0 0 0 1 0 0 0 1 0 1 0 0.0
287 15 4028 0 1 0 0 0 0 0 0 0 0 1 0 0 1 0 0.0
288 15 3549 0 0 0 1 0 0 1 0 0 0 0 1 0 1 0 0.0
289 15 4400 0 0 1 0 0 0 0 0 0 0 1 1 0 0 1 0.0
290 15 4184 0 0 0 1 1 0 0 1 0 0 0 1 0 0 0 0.0
291 15 4398 1 0 0 0 0 0 0 1 0 0 1 0 0 0 0 0.0
292 15 4867 0 0 0 1 0 0 0 0 0 1 1 0 1 1 0 0.0
293 15 3004 1 1 0 0 0 0 0 0 0 0 0 0 0 0 1 0.0
294 15 3567 1 0 0 0 0 0 0 0 0 1 0 0 0 0 1 0.0
295 15 5213 0 0 1 0 0 0 1 1 0 0 1 0 0 0 0 0.0
296 15 4385 0 0 1 0 0 0 1 0 0 1 0 0 0 0 1 0.0
297 15 3844 1 0 0 1 0 0 0 0 0 1 0 1 0 0 0 0.0
298 15 4540 0 0 1 0 1 0 1 0 0 0 0 0 1 0 0 0.0
299 15 3717 0 0 0 0 0 0 1 1 0 1 0 0 0 0 0 0.0
300 15 5965 0 0 1 0 1 0 1 1 0 0 0 0 0 1 0 0.0
301 15 4992 0 1 0 0 1 0 0 1 0 0 1 1 0 0 0 0.0
302 15 4229 0 0 0 1 0 0 0 1 1 0 0 0 0 0 1 0.0
303 15 4562 0 0 1 0 0 0 0 1 0 0 0 1 1 0 0 0.0
304 15 5083 0 0 0 0 0 0 1 0 0 0 0 1 1 0 1 0.0
305 15 4353 0 0 1 0 0 1 0 0 0 1 1 0 0 0 0 0.0
306 15 4282 0 1 0 1 0 0 0 1 1 0 0 0 0 0 0 0.0
307 15 4529 1 0 1 0 0 0 0 0 1 0 0 0 1 0 1 0.0
308 15 4160 1 1 0 0 0 0 0 0 0 0 0 0 0 1 1 0.0
309 15 4467 0 1 0 0 0 1 0 0 0 0 0 0 1 0 1 0.0
310 15 5151 0 0 0 1 1 1 0 0 1 0 0 1 0 0 0 0.0
311 15 5237 1 0 0 1 1 1 0 1 0 0 0 0 0 0 0 0.0
312 15 4525 0 0 0 1 0 1 0 0 0 1 0 0 0 1 0 0.0
313 15 4893 0 1 1 1 0 0 0 0 0 0 1 0 1 0 0 0.0
314 15 4085 0 0 1 0 0 0 1 0 0 0 1 0 0 0 0 0.0
315 15 3697 1 1 0 1 0 0 0 0 0 0 1 0 0 0 0 0.0
316 15 4492 0 0 0 0 1 0 1 0 0 0 0 0 1 1 0 0.0
317 15 4507 0 1 1 0 1 0 0 1 0 0 0 0 0 0 0 0.0
318 15 4158 0 1 0 0 0 1 0 0 0 0 1 0 1 0 1 0.0
319 15 5240 1 0 0 0 0 0 0 0 0 0 0 1 1 1 1 0.0
320 15 4562 0 1 0 0 1 0 0 1 0 0 1 0 0 0 0 0.0
321 15 3652 1 1 0 0 0 0 0 0 1 0 0 0 0 0 1 0.0
322 15 3796 1 0 0 0 0 1 0 0 0 1 0 0 0 0 1 0.0
323 15 3674 0 0 0 1 0 0 0 1 0 1 0 0 0 0 0 0.0
324 15 4614 1 0 0 1 0 0 0 0 1 0 0 1 0 0 0 0.0
325 15 4127 1 0 0 0 0 1 0 0 0 0 1 0 0 0 0 0.0
326 15 4112 0 0 0 1 0 0 1 1 0 0 0 0 0 1 0 0.0
327 15 4193 0 0 1 1 1 0 0 1 0 0 0 0 0 0 0 0.0
328 15 4253 1 0 0 0 1 0 0 0 1 0 0 0 0 1 0 0.0
329 15 4711 0 0 0 1 1 0 0 0 0 1 1 0 0 0 1 0.0
330 15 3533 0 0 0 1 0 1 1 0 0 0 0 0 0 1 0 0.0
331 15 4087 1 0 0 0 0 0 0 0 1 0 1 0 0 0 1 0.0
332 15 4064 0 0 0 0 1 0 0 0 0 1 1 1 0 1 0 0.0
333 15 4762 0 0 0 1 0 0 0 1 1 0 0 1 0 1 0 0.0
334 15 4647 0 1 0 0 0 0 0 0 0 1 1 0 0 1 0 0.0
335 15 4270 0 0 0 0 0 0 1 1 0 1 0 0 0 0 1 0.0
336 15 5976 0 0 1 0 0 0 0 0 1 0 1 1 0 0 1 0.0
337 15 3926 1 0 1 0 0 0 0 0 0 0 0 1 0 0 0 0.0
338 15 4045 0 0 0 1 0 1 0 0 0 0 0 0 0 1 0 0.0
339 15 4216 0 0 0 1 0 0 0 0 0 0 0 0 0 1 1 0.0
340 15 4209 0 0 1 1 0 0 0 1 1 0 0 0 0 0 0 0.0
341 15 3494 0 1 0 0 0 1 0 0 0 0 0 0 1 0 1 0.0
342 15 3859 1 0 0 0 0 1 1 0 0 0 0 0 0 0 1 0.0
343 15 5210 1 0 0 1 0 1 0 0 1 1 0 0 0 0 0 0.0
344 15 4755 0 0 0 0 0 0 1 0 0 1 0 1 0 1 0 0.0
345 15 7499 0 1 1 0 1 1 0 0 1 1 0 0 0 0 0 0.0
346 15 3951 0 0 1 0 1 0 1 1 0 0 0 0 0 0 0 0.0
347 15 5057 0 0 0 0 1 0 1 0 0 0 1 0 1 0 0 0.0
348 15 5333 1 0 0 0 1 1 0 0 0 0 0 0 0 1 0 0.0
349 15 5000 0 0 0 0 0 0 0 0 0 0 1 0 1 1 1 0.0
350 15 3361 1 1 0 0 0 0 0 0 0 0 0 1 1 0 0 0.0
351 15 4808 0 0 1 1 0 0 0 0 0 0 1 0 0 1 0 0.0
352 15 2990 0 0 0 0 1 0 0 0 0 0 0 0 1 1 0 0.0
353 15 4504 1 0 0 0 0 0 1 0 0 0 1 0 0 0 1 0.0
354 15 5202 0 0 1 0 1 0 0 0 0 1 0 1 1 0 0 0.0
355 15 4154 1 1 0 0 0 1 0 0 0 0 0 0 0 0 1 0.0
356 15 4462 1 0 1 0 0 0 0 0 1 0 0 0 0 1 0 0.0
357 15 3462 1 0 0 0 1 0 0 1 0 1 0 0 0 0 0 0.0
358 15 3983 1 0 1 0 0 0 0 0 0 0 0 0 0 0 1 0.0
359 15 3256 0 0 0 0 0 0 0 0 1 0 1 0 0 0 1 0.0
360 15 4381 1 0 0 1 0 1 1 0 0 0 0 1 0 0 0 0.0
361 15 4106 0 1 0 0 0 0 1 0 0 0 0 0 1 1 0 0.0
362 15 4193 0 0 1 1 0 0 0 0 0 1 0 0 0 0 1 0.0
363 15 3489 1 0 0 0 0 0 1 0 0 0 0 0 0 0 1 0.0
364 15 4038 0 0 0 0 1 0 0 0 1 0 0 0 1 1 0 0.0
365 15 3577 0 1 0 0 0 0 1 0 0 0 0 1 1 0 0 0.0
366 15 4897 1 1 0 0 1 1 0 0 1 0 0 0 0 0 0 0.0
367 15 4676 0 0 0 0 1 1 0 0 1 0 0 0 1 0 0 0.0
368 15 4659 1 0 0 1 1 0 0 0 0 0 0 0 0 1 1 0.0
369 15 4690 0 0 0 0 1 0 0 1 1 0 1 0 0 0 0 0.0
370 15 5201 0 0 1 0 0 1 0 0 0 1 0 0 0 1 0 0.0
371 15 4033 0 1 0 0 0 0 0 0 0 0 0 1 0 0 1 0.0
372 15 5412 0 1 1 0 0 0 0 1 0 0 0 0 0 1 1 0.0
373 15 3648 0 0 0 1 1 0 1 0 0 0 0 0 0 0 0 0.0
374 15 4896 0 0 0 0 0 0 0 0 0 0 1 1 1 0 1 0.0
375 15 5043 1 0 0 0 1 0 0 0 0 0 0 0 1 1 0 0.0
376 15 4291 0 1 1 0 0 1 0 0 0 0 0 0 0 1 0 0.0
377 15 4910 0 0 0 1 1 0 1 0 1 0 0 1 0 0 0 0.0
378 15 5022 1 0 1 0 0 0 0 1 1 0 0 0 1 1 0 0.0
379 15 3727 0 1 0 0 1 0 0 1 0 0 1 1 0 0 0 0.0
380 15 5245 1 0 0 1 0 0 0 1 0 1 0 0 0 0 0 0.0
381 15 5379 1 1 0 0 0 1 0 1 0 0 0 0 0 0 1 0.0
382 15 4064 1 0 0 0 0 0 0 0 1 0 0 1 1 0 0 0.0
383 15 3027 0 0 0 0 0 0 0 1 1 1 0 0 0 0 0 0.0
384 15 3698 0 0 0 0 0 1 0 1 0 0 1 0 0 0 0 0.0
385 15 5167 0 0 0 0 0 1 0 0 1 0 0 0 1 1 0 0.0
386 15 3957 0 0 0 0 1 0 0 1 0 0 0 1 0 0 0 0.0
387 15 4493 1 0 1 0 1 0 1 0 0 0 0 0 0 0 0 0.0
388 15 4081 0 0 0 0 0 1 1 0 0 1 0 0 0 0 1 0.0
389 15 3486 1 0 0 0 0 0 0 0 1 0 0 1 0 1 0 0.0
390 15 5185 0 1 0 0 0 0 0 0 0 1 0 1 0 1 0 0.0
391 15 4474 0 0 0 0 0 1 0 0 1 0 1 0 0 0 1 0.0
392 15 5696 0 0 0 1 0 1 0 0 0 0 0 1 1 0 1 0.0
393 15 3480 1 0 1 0 0 0 0 0 0 0 0 1 0 0 0 0.0
394 15 3676 1 0 0 0 1 1 0 0 0 1 0 0 0 0 0 0.0
395 15 3820 1 0 1 0 1 0 0 1 0 0 0 0 0 0 0 0.0
396 15 3223 0 0 1 1 0 0 0 0 0 0 0 0 0 1 0 0.0
397 15 4834 0 0 0 0 0 0 1 0 1 0 0 0 1 0 1 0.0
398 15 4897 0 1 0 1 1 0 0 0 0 0 0 1 0 0 0 0.0
399 15 4194 1 0 0 1 0 0 0 1 0 0 0 0 0 0 1 0.0
400 15 3893 0 0 1 0 0 0 0 0 0 0 0 0 1 0 1 0.0
401 15 4315 0 0 0 1 1 0 0 0 0 0 0 1 1 0 0 0.0
402 15 4734 0 1 1 0 0 0 1 0 0 1 0 0 0 0 0 0.0
403 15 4384 1 0 0 1 0 0 1 0 0 0 0 1 0 0 0 0.0
404 15 4696 1 1 0 0 0 0 1 0 0 0 0 0 0 0 1 0.0
405 15 4112 0 1 0 0 0 0 1 0 0 0 1 0 0 0 1 0.0
406 15 4238 0 0 1 0 1 1 0 0 0 0 0 0 1 0 0 0.0
407 15 3100 0 0 0 0 1 0 1 1 0 0 0 1 0 0 0 0.0
408 15 4662 0 1 1 1 0 0 1 0 0 0 0 0 0 0 0 0.0
409 15 5014 0 1 0 0 0 1 0 0 1 0 1 0 0 0 0 0.0
410 15 4118 1 0 0 0 0 0 0 1 0 0 0 1 0 0 1 0.0
411 15 3018 0 0 1 0 0 0 0 1 0 0 0 0 1 1 0 0.0
412 15 4680 0 0 1 0 0 0 0 1 0 0 1 0 0 1 0 0.0
413 15 4199 0 0 0 0 0 0 1 1 1 0 1 0 0 0 0 0.0
414 15 3137 1 0 0 0 1 0 1 0 0 0 0 0 0 0 0 0.0
415 15 4104 1 0 0 0 0 0 0 1 1 0 1 0 1 0 0 0.0
416 15 3652 0 1 0 0 0 1 0 0 0 1 0 0 0 0 1 0.0
417 15 5141 0 0 0 1 0 1 0 0 1 0 0 1 0 0 0 0.0
418 15 5714 1 0 1 0 0 0 0 1 0 1 0 0 0 1 0 0.0
419 15 3198 0 0 1 0 0 0 1 0 1 0 1 0 0 0 0 0.0
420 15 5541 0 0 0 0 0 0 0 1 0 1 1 0 1 0 0 0.0
421 15 3661 0 0 0 1 0 0 0 0 0 0 1 0 0 0 1 0.0
422 15 4135 0 0 0 0 1 0 0 1 0 1 1 0 0 0 0 0.0
423 15 3544 0 0 0 0 0 1 0 1 0 1 0 0 0 0 0 0.0
424 15 4231 0 0 1 1 1 0 0 0 0 0 0 0 0 0 1 0.0
425 15 5247 1 0 0 0 0 1 1 0 0 0 1 0 0 1 0 0.0
426 15 4510 1 0 0 0 0 0 0 0 1 1 1 0 0 0 1 0.0
427 15 6491 1 0 0 1 0 1 0 1 1 1 0 0 0 0 0 0.0
428 15 4348 0 1 0 0 0 0 1 0 1 0 0 0 0 0 1 0.0
429 15 5264 0 0 0 0 0 1 1 1 1 1 0 0 0 0 0 0.0
430 15 5266 1 0 0 0 0 0 0 1 1 0 0 1 0 1 0 0.0
431 15 3101 1 0 0 0 0 0 0 1 0 0 1 0 0 0 0 0.0
432 15 5459 0 0 0 0 1 0 0 0 0 0 1 0 1 1 0 0.0
433 15 4933 1 0 0 0 0 0 0 0 1 0 0 0 1 0 1 0.0
434 15 3647 0 0 0 1 0 0 0 0 1 1 0 0 0 0 0 0.0
435 15 5739 0 1 0 1 0 0 1 0 0 1 0 0 0 1 0 0.0
436 15 3573 1 0 0 1 1 0 1 0 0 0 0 0 0 0 0 0.0
437 15 5381 0 0 0 1 0 0 1 1 0 1 1 0 0 0 0 0.0
438 15 3474 0 1 1 0 0 0 0 1 0 1 0 0 0 0 0 0.0
439 15 5958 0 1 0 0 0 0 0 1 0 0 0 1 1 0 1 0.0
440 15 4208 0 0 0 0 0 1 0 1 1 0 0 0 0 0 1 0.0
441 15 4475 1 0 0 1 1 0 0 0 0 0 0 1 0 0 1 0.0
442 15 6998 0 0 0 1 0 1 0 0 0 1 1 1 0 0 1 0.0
443 15 5215 1 1 0 0 1 0 0 0 0 1 1 0 0 0 0 0.0
444 15 3788 1 0 0 0 0 0 0 1 1 0 0 0 0 1 0 0.0
445 15 4166 0 0 0 1 1 0 0 0 0 0 1 0 0 1 0 0.0
446 15 5163 0 1 0 1 0 0 0 0 0 0 0 1 0 1 0 0.0
447 15 5113 0 0 1 0 0 0 0 1 0 0 1 0 1 0 0 0.0
448 15 5170 0 0 0 0 0 0 1 1 0 0 1 0 1 0 0 0.0
449 15 3747 0 0 1 0 0 0 0 0 0 1 0 1 0 1 0 0.0
450 15 3894 0 0 1 1 0 1 0 0 1 0 0 0 0 0 0 0.0
451 15 4239 0 0 0 0 1 1 0 1 1 0 0 0 0 0 0 0.0
452 15 4684 0 0 0 0 1 0 1 0 1 0 1 0 1 0 0 0.0
453 15 5409 0 0 1 0 0 1 0 1 1 0 0 0 0 1 0 0.0
454 15 3961 0 0 1 0 0 1 0 1 0 0 0 0 0 0 0 0.0
455 15 4917 1 0 1 0 1 0 0 0 0 0 1 0 0 0 0 0.0
456 15 2801 0 0 1 0 0 0 0 0 0 0 1 0 0 1 0 0.0
457 15 6771 0 1 0 1 0 0 1 0 0 0 1 1 0 0 0 0.0
458 15 4863 0 0 1 0 0 0 0 1 0 0 0 1 1 0 0 0.0
459 15 5060 0 0 0 1 1 0 0 0 1 0 1 0 0 0 0 0.0
460 15 4365 0 0 1 0 1 0 0 0 0 0 0 1 0 1 0 0.0
461 15 3883 1 0 0 0 0 0 0 0 1 0 0 0 1 1 0 0.0
462 15 4912 0 0 0 0 1 0 1 0 0 0 1 0 1 0 0 0.0
463 15 5575 0 0 1 1 0 1 0 0 0 0 0 1 0 0 1 0.0
464 15 4151 0 1 0 0 0 1 0 0 1 0 1 0 0 0 0 0.0
465 15 4562 0 0 1 1 0 0 1 0 0 1 0 0 0 0 1 0.0
466 15 3610 1 0 0 0 1 0 1 0 0 0 0 0 0 0 0 0.0
467 15 3764 0 0 0 1 0 1 0 0 0 0 0 0 0 0 1 0.0
468 15 4876 0 1 0 0 0 0 0 0 1 0 0 0 1 0 1 0.0
469 15 5090 1 0 0 0 0 1 0 1 0 0 0 1 0 0 0 0.0
470 15 5513 0 0 0 0 1 0 0 1 1 0 0 1 1 0 0 0.0
471 15 3666 0 0 1 0 0 0 0 0 0 0 1 1 1 0 0 0.0
472 15 6251 1 0 1 0 0 0 1 0 1 0 1 0 0 0 0 0.0
473 15 3468 0 0 0 0 0 0 0 1 0 0 1 0 0 1 0 0.0
474 15 4526 0 1 0 0 1 0 0 0 0 1 1 0 0 0 0 0.0
475 15 3258 0 0 1 0 0 0 0 0 0 1 0 0 1 0 0 0.0
476 15 4378 0 0 0 0 0 0 1 0 1 1 0 0 0 1 0 0.0
477 15 3567 1 0 0 0 0 0 0 0 0 0 0 1 1 0 0 0.0
478 15 5078 0 0 0 0 0 1 1 0 0 0 1 0 0 0 1 0.0
479 15 3941 0 0 1 0 0 1 1 0 0 0 0 0 1 0 0 0.0
480 15 6098 1 0 0 1 0 1 1 0 0 0 0 0 1 0 0 0.0
481 15 3743 1 0 0 1 0 0 0 0 0 0 0 0 0 1 0 0.0
482 15 3728 0 0 1 1 1 1 0 0 0 0 0 0 0 0 0 0.0
483 15 4310 0 1 0 0 0 0 1 0 0 1 0 0 0 1 0 0.0
484 15 5259 0 0 0 0 1 1 0 0 0 0 1 1 0 1 0 0.0
485 15 5110 1 0 0 1 1 0 1 0 0 0 0 0 1 0 0 0.0
486 15 4952 0 1 1 0 1 0 0 0 0 0 1 0 0 0 0 0.0
487 15 4134 0 0 0 1 1 0 0 0 0 0 0 0 1 1 0 0.0
488 15 5451 0 0 1 1 0 1 0 0 1 0 0 1 0 0 0 0.0
489 15 5069 0 0 0 1 1 0 1 0 0 0 1 0 0 0 0 0.0
490 15 4228 0 1 1 0 0 0 1 0 0 0 0 0 0 0 0 0.0
491 15 4253 1 0 0 0 0 0 0 0 1 0 0 1 0 0 0 0.0
492 15 4953 0 1 1 0 0 0 1 0 0 0 0 0 0 0 1 0.0
493 15 3295 1 0 0 1 1 0 0 0 0 1 0 0 0 0 0 0.0
494 15 5361 0 1 1 0 1 0 0 1 0 0 0 1 0 0 0 0.0
495 15 4569 0 0 1 0 0 0 0 1 1 0 0 1 1 0 0 0.0
496 15 4400 1 1 0 0 1 0 0 0 0 1 0 0 0 0 0 0.0
497 15 3921 0 1 0 0 0 0 1 0 0 0 0 0 1 1 0 0.0
498 15 4952 0 0 1 0 0 0 0 1 1 0 0 1 1 0 0 0.0
499 15 4273 0 1 1 0 1 0 0 0 0 1 0 0 0 0 0 0.0
500 15 4715 1 0 0 0 0 1 1 0 0 0 0 0 1 0 0 0.0
