1 20 5893 1 0 0 1 0 0 1 0 1 0 0 0 1 0 0 0 1 0 0 0 0.0
2 20 7384 0 0 1 0 0 0 0 0 0 0 1 0 0 0 1 1 1 0 1 0 0.0
3 20 6934 0 0 1 0 0 0 0 0 1 0 1 1 0 0 1 0 0 0 0 1 0.0
4 20 5694 0 0 1 0 1 0 0 0 0 0 1 0 1 0 0 0 1 0 0 0 0.0
5 20 5784 0 0 1 0 0 0 0 1 0 1 0 0 0 0 0 1 0 1 0 0 0.0
6 20 6383 0 0 0 0 0 1 1 0 0 0 0 0 1 0 0 0 0 1 0 1 0.0
7 20 6719 0 1 0 0 0 1 0 0 0 1 0 0 1 1 0 0 1 0 0 0 0.0
8 20 7119 1 0 0 0 0 0 1 1 0 0 0 0 1 0 0 0 0 0 1 1 0.0
9 20 6192 0 0 0 1 0 1 0 0 0 0 0 1 0 0 1 0 0 0 0 1 0.0
10 20 7181 0 1 0 0 0 0 1 0 1 0 0 0 0 0 1 0 1 1 0 0 0.0
11 20 6353 0 1 0 1 0 0 0 0 0 0 1 1 1 0 0 0 0 0 0 0 0.0
12 20 5708 0 0 0 0 0 1 1 0 0 0 0 1 0 0 1 0 0 1 0 0 0.0
13 20 6534 1 0 1 1 0 0 0 1 0 0 0 1 0 0 0 0 0 1 0 0 0.0
14 20 6266 1 0 0 1 0 0 0 1 0 0 0 0 0 1 0 0 0 1 0 0 0.0
15 20 5721 1 1 0 0 0 1 1 1 0 0 0 0 0 1 0 0 0 0 0 0 0.0
16 20 7538 1 0 1 0 0 0 0 0 0 0 0 0 1 0 0 1 0 1 1 0 0.0
17 20 4962 1 1 0 0 0 0 1 0 0 0 1 0 0 0 0 0 1 0 0 0 0.0
18 20 6247 0 0 0 0 0 0 1 1 0 1 1 0 0 0 0 0 0 1 1 0 0.0
19 20 4229 0 1 0 1 0 0 0 1 0 0 1 0 0 0 0 0 0 0 1 0 0.0
20 20 6630 1 0 1 0 0 0 0 1 1 0 0 0 1 0 0 0 0 1 0 0 0.0
21 20 5746 0 1 0 1 0 1 0 0 0 0 0 1 0 0 0 0 0 0 0 1 0.0
22 20 6680 0 1 0 1 0 0 0 0 1 0 0 1 0 0 1 1 0 0 0 0 0.0
23 20 7437 0 0 0 0 0 1 0 1 1 1 0 0 1 0 1 1 0 0 0 0 0.0
24 20 6867 0 0 0 1 1 0 1 0 0 0 0 0 0 0 0 1 0 1 1 0 0.0
25 20 6383 0 1 1 0 1 0 0 0 0 1 0 0 1 0 0 0 0 0 0 1 0.0
26 20 5965 0 0 0 0 0 0 1 1 1 1 0 0 0 0 0 1 0 0 0 0 0.0
27 20 6454 1 0 1 1 0 0 0 0 0 0 1 0 0 0 1 0 0 0 1 0 0.0
28 20 8004 0 0 0 0 1 0 1 0 0 0 1 0 0 1 1 0 0 1 0 1 0.0
29 20 6237 1 0 0 0 1 1 0 0 0 0 1 0 1 0 0 0 0 0 1 0 0.0
30 20 5283 0 1 0 0 0 1 0 0 1 1 0 0 0 0 0 0 0 1 0 0 0.0
31 20 5601 0 0 0 0 1 0 0 0 1 0 1 0 1 0 0 0 0 0 1 0 0.0
32 20 5975 0 0 0 1 0 0 0 0 0 0 1 0 1 0 0 0 0 1 0 1 0.0
33 20 6031 0 0 1 0 0 0 0 0 1 1 0 0 0 0 1 1 0 0 0 0 0.0
34 20 5217 1 0 0 0 0 0 0 0 1 1 0 0 0 0 0 0 1 0 0 0 0.0
35 20 5504 1 1 0 1 0 0 0 0 0 0 0 0 0 0 1 0 0 0 0 0 0.0
36 20 6948 0 1 0 0 1 0 0 0 1 1 0 1 0 1 0 1 0 0 0 1 0.0
37 20 5430 1 0 0 1 1 0 0 0 0 0 0 0 0 0 0 0 0 0 1 0 0.0
38 20 5789 1 0 0 0 1 0 0 0 0 0 0 0 0 0 0 1 0 1 0 1 0.0
39 20 5714 0 1 0 0 0 1 0 1 0 0 1 1 0 0 0 0 0 0 1 0 0.0
40 20 6975 0 1 0 0 0 0 1 0 1 0 0 0 1 1 1 1 0 0 0 0 0.0
41 20 6366 1 1 0 1 0 0 0 0 0 0 0 0 1 0 0 0 1 0 1 0 0.0
42 20 5026 0 1 0 0 1 0 0 0 0 0 0 0 0 1 1 0 0 1 0 0 0.0
43 20 5975 0 0 0 0 0 0 0 0 1 0 0 0 0 0 1 1 1 0 1 1 0.0
44 20 6377 0 1 1 0 0 1 0 0 1 0 1 1 0 0 0 0 0 0 0 0 0.0
45 20 6667 0 1 0 1 0 1 1 0 1 0 0 0 0 0 0 0 0 0 0 1 0.0
46 20 7427 1 0 0 1 0 0 0 1 1 0 0 0 0 0 0 1 0 0 1 1 0.0
47 20 5953 0 0 1 0 1 0 0 1 0 1 0 0 1 0 0 0 0 1 0 0 0.0
48 20 5773 0 0 0 1 1 1 0 0 0 0 1 0 0 1 0 0 0 0 1 1 0.0
49 20 7557 1 0 0 0 0 1 0 0 0 1 1 1 0 0 0 0 0 0 1 0 0.0
50 20 4815 0 1 0 0 0 0 0 0 0 1 0 0 0 0 0 1 1 0 0 0 0.0
51 20 6243 0 0 0 0 0 0 1 0 1 0 0 1 0 1 0 0 1 0 0 0 0.0
52 20 7126 0 1 0 0 0 0 1 1 1 0 0 0 0 0 0 0 1 0 0 1 0.0
53 20 6707 1 0 0 0 1 0 0 0 1 0 0 0 0 0 1 0 0 0 1 1 0.0
54 20 5616 0 0 0 0 0 0 0 0 1 0 1 0 1 0 0 0 1 1 0 0 0.0
55 20 6235 0 1 1 0 1 1 1 0 0 0 0 0 0 0 0 0 0 0 0 0 0.0
56 20 5824 1 1 0 0 0 1 0 0 0 1 0 0 1 0 0 0 0 0 0 1 0.0
57 20 6226 0 0 0 0 1 0 0 0 0 1 1 0 0 0 0 0 0 1 0 1 0.0
58 20 7518 0 0 0 1 0 0 0 1 0 0 0 1 1 0 0 0 1 0 1 0 0.0
59 20 6219 1 0 0 0 0 0 0 0 0 1 0 1 0 0 0 0 0 1 1 0 0.0
60 20 5322 1 0 0 0 0 0 0 0 0 0 0 1 1 0 0 0 0 1 0 1 0.0
61 20 7166 0 0 0 0 1 0 1 0 0 1 0 0 0 1 1 1 0 0 0 0 0.0
62 20 5401 0 1 0 0 0 0 0 0 0 0 0 0 0 1 0 1 1 1 0 0 0.0
63 20 7109 0 1 0 1 0 0 0 1 0 0 0 0 0 1 1 0 0 1 0 0 0.0
64 20 6691 1 0 0 1 1 1 0 0 0 1 0 0 0 0 0 0 0 0 1 0 0.0
65 20 7209 1 0 1 0 0 1 0 0 0 1 0 0 1 0 0 0 0 0 0 1 0.0
66 20 7396 0 1 0 0 0 1 0 1 1 0 0 0 1 0 0 0 0 0 1 0 0.0
67 20 4713 0 0 1 0 1 0 0 0 0 0 0 1 0 0 1 0 0 0 1 0 0.0
68 20 6842 0 0 0 0 0 0 0 1 0 1 0 1 0 0 1 0 1 1 0 0 0.0
69 20 5538 0 0 1 0 0 0 0 0 0 0 1 0 0 1 0 0 0 1 1 0 0.0
70 20 5111 0 0 0 0 0 1 0 0 1 1 0 0 0 0 0 0 0 1 1 0 0.0
71 20 5362 0 0 0 0 0 0 1 0 0 0 1 1 0 0 1 0 1 0 0 0 0.0
72 20 7326 1 0 0 0 0 0 1 1 0 0 0 0 1 1 1 0 1 0 0 0 0.0
73 20 6372 0 1 0 1 0 0 0 0 0 0 0 1 1 1 0 0 0 0 0 1 0.0
74 20 5248 0 1 0 0 0 0 1 1 0 0 1 0 0 0 0 0 0 0 1 0 0.0
75 20 5644 0 1 0 0 0 0 0 0 0 0 0 1 0 1 0 1 0 0 0 1 0.0
76 20 5397 0 0 1 0 0 0 0 0 0 0 1 1 1 0 0 1 0 0 1 0 0.0
77 20 5381 0 0 0 0 1 0 0 1 1 0 0 0 0 0 0 0 0 0 1 1 0.0
78 20 5955 0 0 0 0 0 0 0 0 1 0 0 0 1 1 0 1 0 0 1 0 0.0
79 20 5577 0 0 0 0 1 0 1 0 1 0 0 0 1 0 0 1 1 0 0 0 0.0
80 20 5764 0 0 0 1 0 0 0 0 0 1 0 0 0 0 1 0 1 0 1 0 0.0
81 20 5120 1 0 0 1 0 1 0 0 0 0 0 0 1 0 0 0 0 0 1 0 0.0
82 20 6201 0 0 1 0 1 0 0 0 1 0 0 0 0 0 0 0 0 0 1 1 0.0
83 20 7773 1 1 1 0 0 0 0 0 0 0 1 0 1 0 0 0 0 0 1 0 0.0
84 20 5602 1 1 0 0 0 0 0 0 0 1 0 0 0 0 0 1 1 0 0 0 0.0
85 20 5280 1 0 0 0 0 1 0 0 0 1 0 0 1 0 0 0 1 0 0 0 0.0
86 20 6794 0 0 0 0 1 0 0 0 0 1 0 1 0 0 0 1 0 1 1 0 0.0
87 20 6783 1 0 0 0 0 1 0 0 0 0 0 0 0 0 1 0 1 1 0 1 0.0
88 20 5793 0 0 0 0 1 0 0 0 1 1 1 0 0 0 0 0 0 0 0 1 0.0
89 20 5467 0 1 0 0 0 0 0 1 0 0 0 0 0 1 0 0 1 1 0 0 0.0
90 20 6905 1 0 1 0 0 0 1 1 0 0 0 0 1 0 1 0 0 0 0 0 0.0
91 20 7488 0 1 0 0 0 0 1 1 0 0 1 1 0 1 0 0 1 0 0 0 0.0
92 20 5103 0 1 0 1 0 0 0 0 0 1 0 0 0 0 0 0 1 0 1 0 0.0
93 20 5603 0 0 0 0 0 0 1 1 0 0 0 0 0 0 1 0 1 0 1 0 0.0
94 20 4480 0 0 0 1 1 0 0 0 0 0 0 1 0 0 1 0 1 0 0 0 0.0
95 20 7443 0 0 1 0 0 0 0 0 1 0 1 0 0 0 1 0 0 1 0 1 0.0
96 20 5261 1 0 0 0 0 0 0 1 0 0 0 0 1 0 1 0 0 0 0 1 0.0
97 20 5284 0 0 0 0 0 0 1 0 1 0 0 0 1 0 0 0 1 0 1 0 0.0
98 20 5937 0 1 0 0 1 0 0 0 0 0 0 0 0 0 0 1 0 1 1 0 0.0
99 20 5991 0 0 1 0 0 0 1 0 0 0 0 0 1 0 1 0 0 0 1 0 0.0
100 20 5379 1 0 0 0 0 0 0 0 0 1 1 0 0 0 0 1 0 1 1 0 0.0
101 20 6703 1 0 0 0 0 0 0 1 0 0 0 1 0 0 0 0 1 0 0 1 0.0
102 20 6546 0 0 0 0 1 0 0 0 0 0 0 0 1 1 1 1 1 0 0 0 0.0
103 20 6299 0 0 1 0 1 0 0 0 1 0 0 0 0 1 0 1 0 1 0 0 0.0
104 20 5800 0 0 0 1 1 0 1 0 1 0 0 0 1 1 0 0 0 0 0 0 0.0
105 20 5032 0 0 0 1 0 0 0 0 1 0 0 1 1 0 0 1 0 0 0 0 0.0
106 20 5889 0 1 0 1 0 0 0 0 0 1 0 0 0 0 1 0 0 1 0 0 0.0
107 20 7458 0 0 1 0 0 0 1 0 0 1 0 0 0 0 0 1 0 1 0 1 0.0
108 20 5732 0 0 0 0 0 0 1 1 0 0 0 0 1 1 1 1 0 0 0 0 0.0
109 20 6150 0 0 1 0 0 0 0 1 0 1 0 0 0 1 0 0 1 0 0 0 0.0
110 20 6528 0 1 0 0 0 0 0 1 0 0 0 1 1 0 1 0 0 0 0 1 0.0
111 20 5742 0 0 1 1 1 0 0 1 0 0 0 0 0 0 1 0 0 0 0 0 0.0
112 20 5518 0 0 0 0 0 0 1 1 0 0 0 0 0 1 0 0 0 1 1 0 0.0
113 20 4385 0 0 0 0 0 1 0 0 0 0 1 0 0 0 0 1 0 0 1 1 0.0
114 20 5324 0 0 0 0 0 0 1 0 1 0 1 0 0 0 0 0 0 1 1 1 0.0
115 20 6345 1 1 0 0 0 0 1 0 0 1 1 0 1 0 0 0 0 0 0 0 0.0
116 20 5894 1 0 1 0 0 0 0 0 1 1 1 0 0 0 0 0 0 0 0 1 0.0
117 20 7433 1 1 0 1 0 0 0 1 0 1 0 0 1 0 0 1 0 0 0 0 0.0
118 20 7027 0 0 0 1 0 0 0 1 0 0 1 0 0 1 1 0 1 0 0 0 0.0
119 20 5602 0 0 0 1 0 0 0 0 0 0 0 0 0 1 0 1 0 0 1 1 0.0
120 20 6282 0 1 1 1 0 0 0 0 0 0 0 0 0 1 0 1 0 0 0 0 0.0
121 20 6594 0 0 1 0 1 0 1 0 0 0 0 0 0 0 0 1 1 1 0 0 0.0
122 20 5811 1 0 1 0 0 0 0 1 0 1 0 0 0 0 1 0 0 0 0 0 0.0
123 20 7318 1 0 1 0 0 1 1 1 0 0 0 0 1 1 0 0 0 0 0 0 0.0
124 20 5593 0 0 0 1 0 0 0 0 1 0 0 0 1 0 0 1 0 1 0 0 0.0
125 20 5329 0 0 0 1 0 1 0 0 0 0 0 1 0 0 1 1 0 0 0 0 0.0
126 20 5001 1 0 0 0 0 1 0 0 1 0 0 0 1 0 0 0 0 0 0 0 0.0
127 20 6650 0 0 0 0 0 1 0 0 0 0 0 1 0 0 0 0 1 1 1 0 0.0
128 20 6293 0 1 0 0 1 0 1 0 0 0 0 1 0 0 0 0 1 1 0 0 0.0
129 20 6297 0 0 0 1 0 0 0 1 0 0 0 0 1 0 1 1 0 0 0 0 0.0
130 20 7603 1 0 1 0 0 0 0 0 0 1 0 1 1 0 1 0 0 1 0 0 0.0
131 20 5771 0 0 0 0 1 1 0 0 1 0 0 0 1 0 0 0 0 1 0 1 0.0
132 20 5232 0 0 0 0 1 0 0 0 0 1 1 0 1 0 0 1 0 1 0 0 0.0
133 20 6132 1 0 1 0 1 0 0 1 0 0 0 1 0 0 0 0 0 0 0 0 0.0
134 20 5983 1 0 0 0 0 0 0 0 0 0 0 1 1 1 1 0 0 0 0 0 0.0
135 20 7274 0 1 0 0 1 0 1 1 1 0 0 0 1 0 0 0 0 0 0 0 0.0
136 20 5487 1 0 0 1 1 0 0 0 0 0 0 0 0 0 0 1 1 0 0 0 0.0
137 20 7343 0 1 0 1 0 0 0 0 0 0 0 1 1 0 0 0 1 1 0 0 0.0
138 20 5353 0 0 0 1 0 1 1 0 0 0 0 0 0 0 0 0 1 0 0 1 0.0
139 20 5282 0 1 0 0 0 1 0 0 0 0 0 1 1 0 0 0 0 1 0 0 0.0
140 20 6733 1 0 0 0 1 0 0 0 1 0 0 0 0 0 0 1 1 0 1 1 0.0
141 20 6381 0 0 0 1 0 1 1 1 0 0 0 0 0 0 1 0 1 0 0 0 0.0
142 20 4787 0 1 0 0 0 1 0 0 0 1 0 0 0 0 1 0 0 0 1 0 0.0
143 20 6333 0 0 0 1 0 0 0 0 0 0 0 0 0 1 0 1 1 1 1 0 0.0
144 20 6027 1 0 1 0 0 1 0 1 0 0 0 0 0 0 0 0 1 0 0 0 0.0
145 20 6538 0 0 0 1 0 0 0 0 1 0 1 1 1 0 0 0 0 0 0 1 0.0
146 20 5839 1 0 0 0 0 1 1 0 0 0 0 0 1 1 0 1 0 0 0 0 0.0
147 20 5348 1 0 1 0 0 1 0 0 0 0 0 1 0 1 0 0 0 0 0 0 0.0
148 20 5889 0 0 0 1 0 0 0 0 0 0 0 0 0 1 1 1 1 1 0 0 0.0
149 20 6344 1 0 0 0 0 1 0 1 0 0 0 1 0 0 1 0 0 0 0 1 0.0
150 20 6434 1 0 0 1 0 1 1 0 0 0 0 1 0 0 0 0 0 0 0 1 0.0
151 20 5553 1 0 0 0 0 0 0 0 0 0 1 0 0 1 0 1 0 1 0 0 0.0
152 20 7473 1 1 0 0 1 0 0 0 0 1 0 1 0 0 0 0 0 1 1 0 0.0
153 20 6400 0 1 0 0 1 0 1 0 0 0 1 0 0 0 0 0 1 0 0 0 0.0
154 20 7547 1 0 0 0 1 0 0 1 0 0 0 1 0 0 0 0 1 0 1 0 0.0
155 20 5723 0 1 0 0 1 1 0 0 0 0 0 0 1 0 0 0 0 0 1 0 0.0
156 20 5546 0 1 0 0 0 1 1 1 0 0 0 0 0 0 0 0 0 0 0 1 0.0
157 20 8031 0 0 0 1 0 0 0 0 0 0 1 0 1 0 1 0 1 1 0 1 0.0
158 20 6295 0 1 0 0 1 0 0 0 1 0 0 1 1 0 0 0 0 0 1 0 0.0
159 20 5838 0 0 1 0 0 1 0 0 0 0 0 1 0 1 0 0 0 0 0 1 0.0
160 20 6423 0 1 0 0 0 1 0 0 0 1 0 0 0 0 1 0 0 0 1 1 0.0
161 20 5027 1 0 0 0 0 0 0 0 0 1 1 0 0 1 0 0 0 0 1 0 0.0
162 20 6328 1 0 0 0 0 0 0 0 0 0 1 0 0 0 1 0 1 0 1 0 0.0
163 20 6872 0 0 0 0 1 0 1 0 0 0 1 0 0 0 0 0 0 0 1 1 0.0
164 20 5282 1 1 0 0 0 0 0 1 1 0 0 0 0 0 0 0 0 1 0 1 0.0
165 20 4817 1 1 0 0 0 0 0 0 0 0 0 1 1 0 0 0 1 0 0 0 0.0
166 20 7762 1 1 1 1 0 0 0 0 1 0 0 0 0 0 1 0 0 0 1 0 0.0
167 20 5416 0 0 0 0 1 0 0 0 0 0 0 1 1 1 0 0 0 1 0 0 0.0
168 20 4497 0 1 0 0 0 0 0 0 0 0 0 0 1 0 0 0 1 0 1 0 0.0
169 20 5453 0 0 0 0 0 0 0 0 1 1 0 0 0 1 1 0 1 0 0 1 0.0
170 20 4682 0 0 1 0 0 0 0 1 0 0 1 0 0 0 0 1 0 0 1 0 0.0
171 20 5902 0 0 0 1 1 1 0 0 0 0 0 0 0 1 1 1 0 1 0 0 0.0
172 20 5454 0 1 1 0 0 0 0 0 0 0 0 0 1 1 0 0 1 0 0 0 0.0
173 20 5735 0 1 1 0 1 0 0 0 0 0 0 0 0 1 0 0 0 0 1 0 0.0
174 20 6123 0 0 0 1 0 0 1 0 1 0 0 0 0 1 0 1 0 0 0 0 0.0
175 20 6178 0 0 0 0 0 0 1 0 1 0 0 1 0 0 0 0 0 1 0 1 0.0
176 20 6830 0 0 0 0 1 0 0 1 0 0 0 0 1 1 0 0 0 1 0 0 0.0
177 20 6274 1 0 0 1 0 0 1 0 0 0 0 1 0 1 0 0 0 0 0 1 0.0
178 20 6447 0 0 1 1 1 0 0 0 0 1 0 0 1 0 0 0 0 1 0 0 0.0
179 20 6258 0 0 0 0 0 0 0 1 0 0 1 0 0 0 1 1 1 0 0 1 0.0
180 20 5817 0 0 0 1 1 0 0 0 1 0 0 0 0 0 0 0 0 1 1 0 0.0
181 20 6029 0 0 0 0 0 0 1 1 0 1 1 0 0 0 0 0 0 1 0 0 0.0
182 20 7388 0 1 1 0 0 0 1 1 1 0 0 1 0 0 0 0 0 0 0 0 0.0
183 20 5974 1 0 0 1 0 0 0 0 1 1 0 0 0 0 0 0 0 0 0 1 0.0
184 20 5978 0 0 0 0 1 0 0 1 0 0 0 1 0 0 0 0 0 0 1 1 0.0
185 20 6741 0 0 0 1 0 0 0 1 0 0 0 0 1 0 1 1 0 0 0 1 0.0
186 20 5933 1 0 0 0 0 1 0 1 0 0 0 0 0 0 0 0 1 1 0 0 0.0
187 20 7713 1 0 0 0 0 0 1 0 0 0 1 1 0 0 0 0 1 0 0 1 0.0
188 20 7388 1 0 0 0 0 0 0 0 0 0 0 0 0 0 1 1 1 1 0 1 0.0
189 20 6538 1 0 0 0 0 0 0 1 0 1 1 0 0 0 0 0 1 0 0 1 0.0
190 20 5958 1 0 0 0 0 0 0 1 0 0 1 1 0 0 0 1 0 0 0 0 0.0
191 20 5919 1 0 0 0 0 0 1 0 0 1 0 0 1 0 0 0 0 0 1 1 0.0
192 20 6378 1 1 0 0 1 0 0 0 1 0 0 0 0 0 0 1 0 0 0 0 0.0
193 20 6059 1 0 0 0 0 0 0 0 1 0 0 0 1 1 0 0 0 0 1 1 0.0
194 20 5025 1 0 0 0 0 0 0 0 0 0 0 1 0 1 0 1 0 0 0 0 0.0
195 20 6029 0 1 0 0 0 0 0 0 0 1 1 0 1 0 0 0 0 1 0 0 0.0
196 20 6663 0 1 0 1 0 0 1 0 0 1 0 0 0 0 1 0 0 0 1 0 0.0
197 20 7674 1 0 1 1 0 1 0 0 1 1 1 0 0 0 0 0 0 0 0 0 0.0
198 20 5581 0 1 0 0 0 1 0 1 0 1 0 1 0 0 0 0 0 1 0 0 0.0
199 20 5772 0 0 1 0 0 0 0 1 1 0 0 1 0 0 0 0 0 1 0 0 0.0
200 20 5574 0 0 1 1 1 0 0 1 0 0 0 0 0 1 0 0 0 1 0 0 0.0
201 20 5376 0 0 0 1 1 0 1 0 0 0 0 0 1 0 0 1 0 0 0 0 0.0
202 20 5548 1 0 0 0 1 0 0 0 0 0 1 0 1 0 0 0 0 0 1 0 0.0
203 20 5132 0 0 0 0 0 0 1 1 0 1 0 0 0 0 0 0 0 0 1 0 0.0
204 20 5205 0 0 0 1 0 0 0 0 0 0 0 0 0 1 1 0 0 1 1 0 0.0
205 20 7118 0 0 0 0 1 0 0 0 0 1 1 0 0 1 0 0 0 1 0 1 0.0
206 20 7411 1 1 0 0 0 0 0 1 0 0 0 1 1 0 1 0 0 0 1 0 0.0
207 20 6761 0 1 1 0 0 0 0 0 1 1 0 0 0 0 0 0 1 0 0 1 0.0
208 20 6329 0 0 1 0 1 0 1 0 0 1 0 0 1 0 0 0 0 0 0 0 0.0
209 20 5630 0 0 1 0 0 0 0 0 0 1 0 1 0 0 0 0 1 0 1 0 0.0
210 20 5763 0 1 0 0 0 0 0 0 1 0 1 0 0 1 1 0 1 0 0 0 0.0
211 20 5377 1 0 1 0 0 0 0 1 0 0 0 0 0 0 0 0 0 1 1 0 0.0
212 20 7332 1 1 0 0 0 0 0 0 1 0 1 0 0 1 1 0 0 0 0 0 0.0
213 20 5193 1 0 0 1 0 0 0 0 0 0 0 0 0 1 0 0 0 1 0 1 0.0
214 20 5998 0 1 1 0 0 0 0 0 0 0 1 0 0 0 1 0 1 0 1 0 0.0
215 20 5506 0 0 0 0 0 0 0 0 1 0 0 1 1 1 0 0 0 0 1 0 0.0
216 20 5426 0 0 0 1 0 0 0 1 0 1 0 0 0 0 0 0 0 1 1 0 0.0
217 20 7044 1 0 0 1 1 0 0 1 0 0 1 0 0 0 0 0 1 0 0 0 0.0
218 20 5573 0 0 1 0 1 0 1 0 0 0 0 0 1 0 0 0 1 0 0 0 0.0
219 20 5170 0 1 1 0 1 1 0 1 0 0 0 0 0 0 0 1 0 0 0 0 0.0
220 20 4584 0 0 0 0 1 1 1 0 0 0 0 0 0 0 1 0 0 0 0 1 0.0
221 20 7557 0 0 1 0 0 0 1 1 0 1 1 0 0 0 0 1 0 0 0 0 0.0
222 20 5405 0 0 0 0 0 1 0 1 0 1 1 0 0 0 0 0 1 0 0 1 0.0
223 20 7062 1 0 0 0 1 1 0 0 1 0 0 0 0 0 1 0 0 1 0 0 0.0
224 20 7391 1 0 0 1 0 0 0 0 0 0 0 0 1 0 0 1 0 1 0 1 0.0
225 20 6516 0 0 0 1 0 1 0 1 0 0 1 0 0 1 0 0 1 1 0 0 0.0
226 20 6075 0 0 0 0 1 0 1 0 1 0 0 0 0 0 0 1 0 0 0 1 0.0
227 20 5863 0 0 1 0 0 1 0 0 0 1 0 0 0 1 1 1 0 0 0 0 0.0
228 20 7031 0 0 0 0 1 1 0 0 0 1 0 0 1 0 0 0 1 1 0 0 0.0
229 20 5496 0 1 0 1 0 0 1 1 0 0 0 0 0 0 0 0 0 0 1 0 0.0
230 20 5160 0 0 0 1 0 0 0 1 0 1 1 0 0 1 0 0 0 0 0 1 0.0
231 20 6637 0 0 1 1 1 1 0 0 0 0 0 0 0 0 0 0 1 0 1 0 0.0
232 20 6938 0 0 0 1 1 0 0 1 0 0 1 0 0 0 0 0 0 0 1 1 0.0
233 20 5519 0 0 0 0 0 0 0 1 0 0 0 0 1 1 0 1 0 0 0 1 0.0
234 20 6826 0 0 0 0 1 0 0 0 1 1 1 0 0 0 1 0 0 1 0 1 0.0
235 20 5579 0 1 0 1 0 0 1 0 0 0 0 0 0 0 1 0 0 0 0 0 0.0
236 20 4491 1 0 1 0 0 1 1 0 0 1 0 0 0 0 0 0 0 0 0 1 0.0
237 20 6414 1 0 0 0 0 1 1 1 0 0 0 0 0 0 1 0 0 1 0 0 0.0
238 20 5628 0 0 0 0 1 0 0 0 0 0 1 0 0 0 1 1 0 1 0 0 0.0
239 20 7092 1 0 0 0 0 0 0 0 0 0 0 1 1 1 1 1 0 0 1 0 0.0
240 20 5587 1 1 0 1 0 0 0 0 1 0 0 0 0 0 0 1 1 0 0 0 0.0
241 20 5035 1 0 0 0 0 0 0 1 0 0 0 0 1 0 0 0 1 0 0 0 0.0
242 20 5248 0 1 0 0 1 0 1 0 0 0 0 0 0 0 1 0 0 1 0 0 0.0
243 20 5430 0 1 1 0 1 0 0 0 0 1 0 1 0 0 0 0 0 0 0 0 0.0
244 20 6536 1 0 1 0 1 0 0 1 0 0 0 0 0 0 1 0 1 0 0 1 0.0
245 20 5425 0 0 0 1 1 0 0 0 0 0 0 0 0 0 1 0 1 1 0 0 0.0
246 20 6278 0 0 1 0 0 0 0 1 0 1 0 0 1 1 1 0 0 1 0 0 0.0
247 20 5129 1 1 1 0 0 0 0 0 0 1 1 0 0 0 0 0 0 0 1 0 0.0
248 20 5412 1 0 0 0 1 0 0 0 0 1 0 0 0 0 1 0 1 0 0 0 0.0
249 20 5918 0 1 0 1 0 0 0 1 1 0 0 1 0 1 0 0 0 0 0 0 0.0
250 20 6124 0 0 0 1 1 1 0 0 1 0 0 0 0 0 0 1 0 0 0 0 0.0
251 20 7576 1 0 0 0 1 1 1 0 0 0 0 0 1 0 1 0 0 0 1 0 0.0
252 20 5248 0 0 0 0 0 0 0 0 1 0 0 1 0 0 1 0 1 0 0 0 0.0
253 20 6113 0 0 0 1 0 1 0 1 0 1 0 0 0 0 0 0 0 1 0 0 0.0
254 20 5831 1 1 1 0 1 0 1 0 0 0 0 0 0 0 1 0 0 0 0 0 0.0
255 20 5960 1 0 0 0 0 0 1 0 0 1 1 0 0 0 0 1 1 0 0 1 0.0
256 20 5934 0 0 0 0 0 0 1 0 1 0 0 1 1 0 0 1 0 1 0 0 0.0
257 20 9874 0 0 0 0 0 1 0 1 0 1 0 1 0 0 1 1 0 0 1 1 0.0
258 20 5883 0 0 0 0 1 0 0 1 0 1 0 0 1 0 0 0 1 0 0 0 0.0
259 20 6555 0 0 1 0 1 0 1 0 0 0 0 0 1 0 0 0 0 1 0 0 0.0
260 20 7798 1 0 0 0 1 0 0 1 0 0 0 1 0 0 1 0 0 0 0 1 0.0
261 20 5815 0 1 1 1 0 0 0 0 0 0 0 0 0 0 1 0 0 1 1 0 0.0
262 20 6031 1 1 0 1 0 0 0 1 0 0 1 0 0 0 0 0 0 0 0 0 0.0
263 20 5749 0 0 1 0 0 0 0 1 1 0 0 0 1 0 0 0 0 1 1 0 0.0
264 20 7180 1 0 0 1 1 0 0 1 0 1 0 0 0 0 0 0 0 1 0 0 0.0
265 20 6176 1 0 0 0 0 1 0 0 0 0 0 0 0 0 1 0 1 0 1 0 0.0
266 20 5543 1 0 0 0 0 1 0 0 0 1 1 0 0 0 0 1 0 0 0 0 0.0
267 20 5033 0 0 1 0 0 0 1 0 0 0 0 0 0 0 1 0 0 0 1 0 0.0
268 20 4966 0 0 0 1 0 0 0 1 0 1 0 0 0 0 0 0 1 0 1 0 0.0
269 20 5721 0 0 1 0 0 0 0 1 0 0 0 1 1 0 0 0 1 0 0 0 0.0
270 20 7602 1 0 0 0 1 0 1 1 1 0 0 0 0 0 1 0 0 0 0 0 0.0
271 20 4941 1 0 0 0 0 0 0 1 0 0 0 0 1 0 0 0 0 0 1 0 0.0
272 20 5127 1 0 0 0 0 1 1 0 0 1 0 0 0 1 0 0 0 0 1 1 0.0
273 20 5928 1 0 0 1 0 0 1 1 0 0 1 0 0 0 0 0 0 0 1 0 0.0
274 20 6096 1 0 0 1 0 0 0 1 0 0 0 0 0 0 0 1 0 0 0 1 0.0
275 20 6608 0 0 0 0 1 0 0 0 0 1 1 0 0 0 1 0 0 1 1 0 0.0
276 20 7634 0 1 1 0 0 0 0 1 0 0 1 0 0 0 1 0 0 0 1 0 0.0
277 20 6241 0 1 0 0 0 0 0 0 0 0 0 0 0 0 1 1 0 1 1 0 0.0
278 20 6298 0 0 1 0 0 0 0 0 1 1 1 0 0 0 1 0 0 1 0 0 0.0
279 20 6536 0 0 0 0 0 1 0 0 0 0 1 0 0 1 0 0 1 1 1 0 0.0
280 20 6224 0 1 0 0 0 1 0 0 0 0 0 0 0 1 0 1 0 0 1 0 0.0
281 20 6125 0 1 0 0 0 0 0 0 0 1 1 1 0 0 0 1 0 0 1 0 0.0
282 20 5561 0 0 0 0 1 1 0 1 0 1 0 0 0 0 0 1 0 0 0 1 0.0
283 20 4824 0 0 1 0 0 0 1 0 0 1 0 0 1 1 0 0 0 0 1 0 0.0
284 20 6746 1 0 0 0 0 1 1 0 0 0 0 0 1 1 1 0 0 0 0 0 0.0
285 20 5699 0 1 1 1 0 0 1 0 0 0 0 0 0 0 0 0 0 0 0 1 0.0
286 20 4159 0 0 0 0 1 0 0 0 0 0 0 0 1 1 1 0 0 0 0 0 0.0
287 20 5419 0 0 0 0 0 1 0 0 0 0 1 0 0 0 0 1 1 0 0 1 0.0
288 20 6562 0 1 0 0 0 1 1 0 1 0 0 0 0 0 0 0 1 0 0 0 0.0
289 20 5517 0 1 0 0 0 1 1 0 1 0 1 0 0 0 0 0 0 0 0 0 0.0
290 20 5500 1 0 0 0 0 0 1 1 0 0 1 0 0 0 0 1 0 0 0 0 0.0
291 20 5363 0 0 0 0 0 0 1 0 0 0 0 1 0 1 1 0 1 0 0 0 0.0
292 20 7136 0 0 1 0 1 1 1 0 0 1 0 0 0 0 0 1 0 0 0 0 0.0
293 20 7184 1 0 0 0 0 0 1 1 0 0 0 0 0 1 1 0 1 0 0 0 0.0
294 20 4864 0 0 0 0 0 0 1 0 0 0 1 0 0 1 1 0 0 0 1 0 0.0
295 20 4835 0 0 0 1 1 0 1 0 1 0 0 1 0 0 0 0 1 0 0 0 0.0
296 20 4844 0 0 0 0 0 0 0 0 0 0 1 0 1 0 0 0 0 1 0 1 0.0
297 20 6567 0 0 1 0 0 1 0 1 1 0 0 0 0 0 1 1 0 0 0 0 0.0
298 20 5885 0 0 0 0 0 0 1 0 0 0 1 1 0 1 1 0 1 0 0 0 0.0
299 20 5938 0 0 0 0 1 0 1 0 0 1 1 0 0 0 0 0 0 1 0 0 0.0
300 20 6267 0 0 0 0 1 1 0 0 0 1 0 0 0 0 0 0 0 0 1 1 0.0
301 20 6550 1 0 0 0 1 0 0 0 0 1 0 0 0 1 1 1 0 0 0 0 0.0
302 20 5204 0 0 0 0 0 0 0 1 1 0 0 0 0 1 0 0 1 1 0 0 0.0
303 20 6395 1 0 0 0 0 0 1 1 0 0 0 0 0 0 1 0 0 1 0 0 0.0
304 20 5786 0 0 1 1 0 0 1 0 0 0 1 0 0 0 0 0 1 1 1 0 0.0
305 20 6164 1 0 0 0 0 0 0 0 0 0 1 1 0 0 0 1 0 0 1 0 0.0
306 20 5885 0 1 0 0 0 0 0 1 0 0 0 0 1 0 0 0 1 0 1 0 0.0
307 20 4594 0 0 0 0 0 0 0 0 0 0 0 0 1 1 0 0 0 0 1 1 0.0
308 20 6346 1 0 0 0 1 0 0 1 0 0 1 0 0 0 0 0 0 1 1 0 0.0
309 20 4698 1 0 0 0 0 0 1 0 0 0 0 0 1 0 0 0 0 0 0 1 0.0
310 20 5510 0 0 0 0 0 0 1 1 1 1 0 0 0 0 0 0 0 0 1 0 0.0
311 20 6018 1 0 0 0 0 0 0 0 1 0 0 0 0 1 1 1 1 0 1 0 0.0
312 20 7205 1 0 0 0 0 1 0 1 0 0 0 0 1 0 1 0 0 0 1 0 0.0
313 20 4376 1 0 1 0 0 0 1 0 1 0 1 0 0 0 0 0 0 0 0 0 0.0
314 20 6708 0 0 0 0 1 0 1 0 0 1 1 1 0 0 0 0 0 1 0 0 0.0
315 20 6119 1 0 0 0 1 0 0 0 0 0 0 0 1 0 0 0 1 1 1 0 0.0
316 20 4638 1 0 0 0 0 0 0 0 0 0 0 0 1 0 1 0 1 0 0 1 0.0
317 20 5882 1 0 1 0 0 0 0 0 0 0 0 0 1 0 0 1 0 0 0 1 0.0
318 20 6268 0 0 0 1 0 0 1 0 0 1 0 0 0 0 1 0 0 1 1 0 0.0
319 20 7615 0 0 1 0 1 0 0 0 0 1 0 1 0 1 1 1 0 0 1 0 0.0
320 20 5763 1 0 1 0 0 0 0 0 0 1 0 0 0 1 0 1 0 0 0 0 0.0
321 20 6922 0 0 0 1 0 0 1 1 0 0 1 0 0 1 1 0 0 0 0 1 0.0
322 20 5422 1 1 0 1 1 0 1 0 0 0 0 0 0 0 0 0 0 0 0 0 0.0
323 20 7675 0 1 0 0 0 0 1 0 0 0 0 0 1 1 1 1 0 0 0 0 0.0
324 20 5976 0 0 0 1 0 1 0 0 0 1 1 0 0 0 0 1 0 0 0 1 0.0
325 20 6800 0 1 0 1 0 0 0 0 0 1 0 1 0 0 1 0 0 1 0 0 0.0
326 20 5433 1 0 0 1 0 0 1 1 0 1 0 0 0 0 0 1 0 0 0 0 0.0
327 20 7014 0 0 0 0 1 1 1 1 1 0 0 0 0 0 0 0 0 0 1 1 0.0
328 20 7712 1 0 0 0 0 0 1 0 0 0 1 0 1 0 0 0 1 1 0 1 0.0
329 20 5542 0 0 1 0 0 1 0 0 0 0 0 0 0 0 1 1 1 0 0 0 0.0
330 20 6579 0 0 0 0 0 0 1 0 1 1 0 0 0 0 1 0 1 0 0 1 0.0
331 20 8160 1 1 0 0 1 0 1 0 0 0 1 0 0 0 0 1 1 0 0 0 0.0
332 20 5391 0 0 0 1 0 0 0 0 0 0 1 1 0 0 0 1 1 0 0 0 0.0
333 20 5847 0 0 0 0 1 0 0 0 0 0 1 0 0 1 0 1 1 0 0 1 0.0
334 20 7098 0 0 0 1 0 0 0 1 1 0 1 0 0 1 0 0 1 0 0 0 0.0
335 20 7649 1 0 1 0 0 1 1 0 0 0 0 0 0 1 0 0 1 0 0 0 0.0
336 20 4534 0 0 0 1 0 0 0 0 0 0 1 0 1 0 1 0 0 0 0 1 0.0
337 20 6527 1 1 0 1 0 0 1 0 0 0 0 0 0 0 0 0 0 0 1 1 0.0
338 20 6148 1 0 0 0 0 0 0 0 1 0 0 0 0 1 0 1 0 1 0 1 0.0
339 20 6980 0 0 0 1 0 1 1 0 0 1 0 1 1 0 0 0 0 1 0 0 0.0
340 20 6237 1 0 0 0 0 0 1 0 0 0 0 0 0 0 0 0 1 0 1 1 0.0
341 20 6068 1 0 0 0 1 0 1 1 0 1 0 0 0 0 1 0 0 0 0 0 0.0
342 20 7976 0 0 0 0 1 0 0 0 1 1 0 1 1 0 0 1 1 0 0 0 0.0
343 20 6413 0 0 0 0 0 0 0 1 0 0 0 1 1 0 0 0 0 1 1 0 0.0
344 20 5899 0 1 0 1 0 0 0 0 0 1 0 1 0 0 0 0 0 0 1 0 0.0
345 20 5319 0 0 1 0 0 0 1 0 0 0 1 0 0 0 1 0 0 1 0 0 0.0
346 20 8210 0 1 0 1 0 0 0 0 0 0 0 0 0 1 0 1 1 1 1 0 0.0
347 20 6170 0 1 0 0 1 1 0 0 1 0 0 0 0 0 0 0 0 0 1 0 0.0
348 20 5906 0 0 0 0 0 1 1 0 0 1 0 0 1 1 0 0 0 1 0 0 0.0
349 20 5185 1 0 0 0 0 0 0 0 0 0 0 0 0 1 0 1 1 1 0 0 0.0
350 20 5835 0 0 0 0 0 0 0 0 0 0 0 1 0 0 0 1 1 1 0 1 0.0
351 20 6541 0 0 0 1 0 1 0 0 0 1 0 0 0 0 0 0 1 1 0 1 0.0
352 20 6477 0 0 1 1 0 0 0 1 0 0 0 0 0 0 0 1 1 0 0 1 0.0
353 20 6957 1 0 1 0 0 0 1 0 1 0 1 0 0 0 0 0 0 0 0 1 0.0
354 20 5530 0 1 0 0 0 1 0 0 0 0 1 0 1 1 0 0 0 0 0 0 0.0
355 20 5136 1 0 0 0 0 0 1 0 1 0 0 0 0 1 0 0 0 0 1 0 0.0
356 20 5808 0 0 1 0 0 0 0 0 0 1 0 1 1 0 0 0 1 0 0 0 0.0
357 20 4202 0 0 0 0 0 0 0 0 0 1 1 0 0 0 0 0 1 0 1 0 0.0
358 20 7846 0 0 1 0 0 0 0 1 0 0 0 1 1 0 0 0 0 0 1 1 0.0
359 20 6183 0 0 0 0 1 0 0 0 0 1 0 1 0 1 1 0 0 0 1 0 0.0
360 20 5352 0 1 0 1 0 0 1 0 0 0 0 0 0 0 0 0 0 0 0 1 0.0
361 20 6144 0 0 0 1 1 0 0 0 0 0 0 0 1 1 0 1 0 0 1 0 0.0
362 20 5730 0 0 0 0 0 0 1 0 0 0 0 1 1 0 0 0 1 1 0 0 0.0
363 20 5938 0 0 0 0 0 1 0 1 1 0 1 0 0 0 0 0 1 1 0 0 0.0
364 20 6538 0 1 0 1 0 0 0 0 0 1 0 0 0 0 0 0 1 0 0 1 0.0
365 20 6332 0 0 0 1 0 0 0 0 1 0 0 0 1 1 0 1 0 0 1 0 0.0
366 20 6646 0 0 0 1 0 0 1 0 0 0 0 1 0 1 0 0 0 1 0 0 0.0
367 20 5914 0 1 0 0 0 0 1 0 1 0 0 1 0 0 0 0 0 0 0 1 0.0
368 20 6057 0 1 0 0 0 0 0 1 1 0 0 0 1 0 1 0 1 1 0 0 0.0
369 20 5426 0 0 0 1 1 0 1 0 0 1 0 0 1 0 0 0 0 0 0 0 0.0
370 20 6978 0 1 0 0 0 0 1 1 0 1 0 0 1 0 1 0 0 0 0 0 0.0
371 20 6100 0 0 1 0 0 0 0 1 1 0 0 0 0 0 0 0 0 0 1 1 0.0
372 20 6089 0 0 1 0 0 1 1 0 0 0 0 0 1 0 0 0 1 1 0 0 0.0
373 20 5972 0 1 0 0 1 0 0 0 0 0 1 0 0 0 0 1 1 0 0 1 0.0
374 20 5784 1 0 0 0 0 1 0 1 0 0 0 0 1 0 0 0 0 0 1 0 0.0
375 20 6049 0 0 0 1 0 0 1 0 0 0 1 0 1 0 0 0 0 0 1 0 0.0
376 20 5176 0 0 0 0 1 1 0 0 0 0 0 1 0 0 0 1 0 0 0 0 0.0
377 20 5913 0 0 0 0 1 0 1 0 0 0 1 0 1 1 0 0 0 0 1 0 0.0
378 20 5614 1 1 0 0 1 0 0 0 0 0 1 0 0 1 0 0 0 0 0 0 0.0
379 20 5152 1 0 1 1 0 0 0 0 0 0 0 0 0 0 0 0 0 1 0 0 0.0
380 20 4040 0 1 0 1 0 0 0 1 0 0 0 1 1 0 0 0 0 0 0 0 0.0
381 20 6977 0 0 0 0 0 0 0 0 0 1 0 1 0 0 0 0 1 1 1 0 0.0
382 20 6731 1 1 0 0 0 0 1 1 0 0 0 0 0 0 1 0 0 0 1 1 0.0
383 20 6143 1 0 0 0 0 0 1 0 0 0 1 1 0 0 0 0 0 1 0 0 0.0
384 20 5673 0 1 0 0 0 1 0 0 0 0 0 1 0 1 0 0 0 1 0 0 0.0
385 20 5527 1 0 0 0 0 0 0 1 0 0 0 0 0 0 1 1 0 0 0 1 0.0
386 20 6675 0 0 1 0 1 1 0 0 0 1 1 0 0 0 0 0 0 1 0 0 0.0
387 20 6205 0 0 0 0 1 1 0 0 0 0 0 1 1 0 1 0 0 0 1 0 0.0
388 20 5068 0 0 1 0 1 0 0 0 0 1 0 1 0 0 0 0 0 0 0 0 0.0
389 20 5823 0 1 1 0 1 0 1 0 0 1 0 0 0 0 0 0 0 0 1 0 0.0
390 20 5911 0 0 0 0 0 0 0 0 1 1 1 0 1 1 0 0 0 1 0 0 0.0
391 20 4901 0 0 0 0 0 0 1 0 0 0 1 0 1 0 0 0 1 1 0 0 0.0
392 20 6044 0 0 1 0 1 0 0 0 0 1 0 0 0 0 0 1 0 0 1 1 0.0
393 20 7644 0 0 0 0 1 1 0 0 0 0 0 1 1 0 1 0 0 0 0 1 0.0
394 20 5850 0 0 1 1 0 0 0 0 0 0 1 1 0 0 0 0 0 0 1 0 0.0
395 20 5584 1 0 0 0 0 0 0 0 0 1 1 1 0 0 0 0 0 0 0 0 0.0
396 20 5605 1 0 0 1 0 1 0 0 0 0 0 0 1 0 0 0 0 1 0 0 0.0
397 20 5916 1 0 1 0 0 0 0 0 1 0 1 1 0 1 0 0 0 0 0 0 0.0
398 20 6207 0 0 0 0 0 0 0 1 0 1 1 0 0 0 0 0 0 1 0 1 0.0
399 20 7037 1 0 0 0 0 0 0 1 1 0 0 0 1 0 1 0 0 1 0 0 0.0
400 20 6976 0 1 0 1 0 1 0 0 0 0 0 1 1 0 0 0 0 0 0 1 0.0
401 20 5319 0 1 0 0 0 1 1 1 0 0 0 1 0 0 0 0 0 0 0 0 0.0
402 20 6058 0 0 1 0 1 0 1 0 0 0 0 0 0 1 0 0 0 1 0 0 0.0
403 20 7098 0 1 0 0 0 0 0 0 0 0 1 1 1 0 0 0 0 0 1 1 0.0
404 20 6263 0 0 0 0 0 1 0 0 0 0 0 1 1 1 0 1 0 0 0 1 0.0
405 20 5652 1 1 0 0 0 0 0 0 1 0 0 1 0 1 0 1 0 0 1 0 0.0
406 20 5373 1 0 0 1 0 0 0 0 0 0 0 0 0 0 0 1 0 0 0 1 0.0
407 20 6300 0 0 0 0 0 1 0 1 1 0 1 0 0 1 0 0 0 0 1 0 0.0
408 20 6112 0 1 0 0 0 0 1 0 0 0 0 0 0 1 0 1 0 1 0 1 0.0
409 20 5820 0 0 1 1 1 1 0 0 0 1 0 0 0 0 0 0 0 0 1 0 0.0
410 20 4059 0 1 0 1 0 1 0 0 0 0 0 0 0 0 0 0 1 0 0 0 0.0
411 20 7615 1 1 0 0 0 0 0 0 1 1 0 0 0 0 0 1 1 0 1 0 0.0
412 20 5666 0 1 1 1 0 0 0 0 0 0 1 0 0 0 1 0 0 0 0 0 0.0
413 20 5227 0 1 0 0 0 0 0 0 0 1 1 1 0 0 0 0 0 1 0 0 0.0
414 20 7619 0 0 1 0 0 0 1 0 1 1 0 0 0 0 1 0 0 0 0 1 0.0
415 20 6196 1 0 0 0 0 0 0 0 0 0 0 0 0 0 1 1 0 0 1 1 0.0
416 20 5950 0 1 0 0 0 1 0 0 1 0 0 0 1 0 1 0 0 0 0 0 0.0
417 20 6155 0 1 1 0 1 0 0 1 0 1 0 0 1 0 0 0 0 0 0 0 0.0
418 20 5755 0 1 0 0 0 1 1 0 0 0 0 1 0 0 0 0 1 0 0 1 0.0
419 20 7644 1 1 1 0 1 1 0 0 0 0 0 0 0 0 0 0 0 0 0 1 0.0
420 20 6040 0 1 0 0 0 0 0 0 0 0 0 1 1 0 1 1 0 0 0 0 0.0
421 20 6317 0 0 1 1 0 0 0 0 1 0 0 0 0 0 1 1 1 0 0 0 0.0
422 20 4306 0 0 0 0 0 0 0 0 0 0 1 0 1 1 1 0 0 0 0 1 0.0
423 20 5743 1 0 0 0 0 0 0 0 0 0 0 1 1 0 1 1 0 0 0 0 0.0
424 20 7270 0 0 0 0 1 1 0 1 0 0 1 1 0 0 0 1 0 0 0 0 0.0
425 20 6447 0 0 0 0 1 0 1 0 1 1 0 0 0 0 1 0 0 1 0 0 0.0
426 20 6579 1 1 0 0 1 0 0 0 1 0 0 0 0 0 0 0 0 0 0 1 0.0
427 20 7580 0 0 0 0 1 0 0 1 1 0 1 1 0 0 1 0 0 0 0 1 0.0
428 20 6459 1 0 1 0 1 1 0 0 1 1 0 0 0 0 0 0 0 0 0 0 0.0
429 20 4439 1 0 1 0 1 0 0 1 0 0 0 0 0 0 0 0 0 1 0 0 0.0
430 20 7374 0 1 0 0 0 1 1 0 0 1 0 1 0 0 0 0 0 1 0 0 0.0
431 20 7904 0 0 1 1 0 0 0 0 0 1 1 0 0 0 1 0 0 1 1 0 0.0
432 20 5523 0 0 0 0 0 0 0 0 0 1 0 0 0 0 0 1 1 0 0 1 0.0
433 20 6463 1 0 0 1 0 0 0 1 0 0 0 0 1 0 1 0 0 0 1 0 0.0
434 20 5281 0 0 0 0 0 1 0 1 0 0 0 0 0 1 0 0 1 0 0 1 0.0
435 20 5312 0 0 0 0 1 0 0 1 0 0 0 0 1 1 0 0 0 1 0 0 0.0
436 20 6502 0 0 1 1 0 0 0 0 0 0 0 0 0 0 0 1 1 1 1 0 0.0
437 20 6249 0 0 0 1 1 1 0 0 0 0 1 0 1 0 1 0 0 0 0 0 0.0
438 20 5802 0 0 1 0 0 0 1 1 1 0 0 0 0 0 0 1 0 1 0 0 0.0
439 20 6295 1 1 1 0 0 0 1 0 0 0 0 0 0 1 0 0 0 0 0 0 0.0
440 20 6009 0 0 0 1 0 0 0 0 1 1 1 0 0 0 0 0 1 0 0 1 0.0
441 20 6848 0 0 0 0 1 0 0 1 1 0 1 0 0 0 0 0 0 1 1 0 0.0
442 20 5869 0 1 0 0 0 0 0 0 0 0 1 0 1 1 0 0 0 0 0 1 0.0
443 20 6038 1 1 0 1 0 0 0 0 0 0 1 0 1 0 0 0 0 0 0 0 0.0
444 20 6348 1 1 0 0 0 0 1 0 1 0 0 0 0 1 0 0 0 0 1 0 0.0
445 20 5142 0 1 0 1 0 0 0 1 0 0 0 0 0 0 1 0 0 0 1 0 0.0
446 20 5279 0 0 0 0 1 0 1 0 0 0 0 1 0 0 1 1 0 1 0 0 0.0
447 20 5923 0 0 0 1 0 0 1 1 0 1 1 0 0 0 1 0 1 0 0 0 0.0
448 20 5507 0 0 1 0 0 0 0 0 0 1 0 0 0 1 0 0 1 0 1 0 0.0
449 20 5651 1 0 1 0 0 0 0 0 0 1 0 0 0 0 0 0 0 1 0 1 0.0
450 20 7381 1 1 0 0 0 0 0 1 0 0 0 1 0 0 1 0 0 0 1 0 0.0
451 20 5085 1 1 0 0 0 0 0 1 0 0 1 1 0 0 0 0 0 0 0 0 0.0
452 20 5970 0 0 0 0 1 0 0 0 1 1 1 0 0 1 0 0 0 0 0 0 0.0
453 20 5680 0 1 0 1 0 0 0 0 0 0 0 1 0 0 0 0 0 0 1 1 0.0
454 20 5981 0 0 1 0 1 0 0 0 0 1 0 0 0 0 1 0 0 0 0 1 0.0
455 20 6588 1 0 0 0 0 0 0 0 0 1 0 0 0 1 1 0 1 0 1 0 0.0
456 20 6917 1 0 0 0 0 1 1 0 0 0 0 1 1 0 0 0 1 0 0 0 0.0
457 20 5748 0 0 0 1 1 0 0 1 1 0 0 0 0 0 0 0 1 0 1 0 0.0
458 20 7625 0 1 1 0 1 1 0 0 0 0 0 0 0 1 0 0 0 1 0 0 0.0
459 20 6942 0 1 0 0 0 0 0 0 0 1 0 0 0 1 1 1 0 1 0 0 0.0
460 20 6338 0 0 0 1 0 1 0 0 0 0 1 1 0 0 0 0 1 0 1 0 0.0
461 20 6176 0 0 0 0 0 0 0 1 0 0 0 0 1 0 0 1 0 0 1 1 0.0
462 20 5358 0 1 1 1 0 0 1 0 0 0 0 0 0 0 0 0 0 1 0 0 0.0
463 20 6235 0 0 0 0 0 1 0 0 1 0 0 0 0 0 0 1 0 1 1 0 0.0
464 20 5716 0 0 1 0 0 0 0 0 0 1 0 0 1 1 0 0 0 0 1 1 0.0
465 20 6328 1 1 0 0 1 0 0 1 0 1 0 0 0 0 1 0 0 0 0 0 0.0
466 20 7093 0 0 0 0 0 1 0 0 0 0 1 1 1 0 0 1 0 0 0 1 0.0
467 20 5865 0 0 1 1 0 0 0 0 1 0 0 0 0 0 0 1 0 0 1 0 0.0
468 20 6995 0 0 0 1 1 0 0 1 0 0 0 0 1 0 1 0 1 1 0 0 0.0
469 20 7257 0 1 1 0 0 0 0 0 0 0 0 0 0 0 1 0 1 0 1 1 0.0
470 20 5510 1 1 0 0 0 0 0 0 1 0 0 0 0 0 0 1 0 1 0 0 0.0
471 20 6016 0 1 1 1 0 1 0 1 0 0 0 0 1 0 0 0 0 0 0 0 0.0
472 20 6782 0 0 0 1 1 0 1 0 0 0 0 0 0 0 1 0 1 1 0 0 0.0
473 20 6331 0 1 0 0 1 0 0 0 1 0 0 0 1 0 0 0 0 0 1 1 0.0
474 20 7531 0 1 1 0 0 0 1 0 0 0 1 0 0 1 1 0 0 0 0 0 0.0
475 20 6319 0 0 0 1 0 0 0 1 0 0 0 0 1 1 1 0 0 0 0 0 0.0
476 20 4810 0 0 0 0 0 1 0 0 0 0 0 0 1 0 1 1 0 0 0 0 0.0
477 20 6115 0 0 0 1 0 0 1 0 1 0 1 0 0 1 0 1 0 0 0 0 0.0
478 20 5147 0 0 0 0 0 0 0 0 0 0 1 0 1 0 0 0 0 0 1 1 0.0
479 20 5402 0 1 0 0 0 0 1 1 0 0 0 1 0 0 1 0 0 1 0 0 0.0
480 20 5892 1 0 0 1 0 0 0 0 0 1 1 0 0 0 0 0 1 1 0 0 0.0
481 20 6292 0 0 0 0 0 1 0 0 1 0 1 0 0 0 0 0 1 1 1 0 0.0
482 20 6977 1 0 0 0 0 1 0 0 1 1 0 1 0 0 0 0 1 0 0 0 0.0
483 20 5626 1 0 0 0 0 0 0 0 0 1 0 0 0 0 0 0 0 1 1 1 0.0
484 20 6608 0 0 0 0 0 0 0 1 1 0 0 0 0 1 0 1 1 0 0 1 0.0
485 20 5514 0 1 1 0 0 0 0 0 0 0 0 0 1 0 0 1 1 0 0 0 0.0
486 20 5048 0 0 1 1 0 0 0 0 1 1 0 0 0 1 0 0 0 0 0 0 0.0
487 20 8096 1 1 0 1 0 0 0 0 0 0 0 0 0 0 0 0 1 0 1 1 0.0
488 20 6139 1 0 0 0 0 0 1 0 0 0 0 1 0 0 0 0 0 1 0 1 0.0
489 20 5567 0 1 0 1 1 0 0 0 0 0 0 0 1 0 1 0 0 0 1 0 0.0
490 20 4276 0 0 0 1 0 1 1 0 0 0 0 1 1 0 0 0 0 0 0 0 0.0
491 20 6923 0 0 0 0 0 0 0 1 1 0 1 0 0 0 0 0 0 1 0 1 0.0
492 20 6968 0 0 0 0 0 0 0 0 0 0 0 1 1 0 1 0 0 1 1 1 0.0
493 20 5628 0 0 0 0 0 1 1 0 0 0 0 0 0 0 0 0 1 0 1 1 0.0
494 20 4807 0 0 0 0 0 1 0 0 0 1 0 1 1 0 1 0 0 0 0 0 0.0
495 20 6181 1 1 0 0 0 0 0 0 0 0 0 0 0 0 1 1 1 0 0 1 0.0
496 20 6636 0 0 0 0 0 0 0 0 1 0 0 1 0 0 1 0 1 1 0 1 0.0
497 20 5872 0 0 0 0 0 1 0 0 1 1 0 1 0 0 0 1 0 0 0 0 0.0
498 20 5544 0 0 0 1 1 1 0 0 0 0 0 0 1 0 0 0 1 0 0 1 0.0
499 20 6258 0 0 0 0 0 0 0 1 0 0 1 1 0 1 1 0 0 0 0 0 0.0
500 20 5553 0 0 0 0 0 1 0 1 1 0 1 0 0 0 1 0 0 0 0 0 0.0
