1 22 844 44 258 251 388 176 902 73 852 257 404 170 133 164 989 183 602 163 1200 211 445 207 985 281 500 39 1278 202 857 165 284 249 530 223 1316 159 295 203 447 257 1415 287 881 259 1249
2 22 902 195 1062 211 129 289 910 223 1173 226 460 223 207 234 1301 217 498 95 1152 172 1023 246 152 285 71 66 964 118 1399 151 1392 278 656 202 1415 290 302 220 1259 146 1164 232 1329 192 830
3 22 863 266 1194 182 149 143 1356 231 94 80 956 137 1194 203 1335 194 1378 98 990 198 514 294 962 256 463 142 645 103 1274 280 1485 212 776 263 634 139 651 284 1165 123 1414 275 249 213 421
4 22 844 107 101 242 839 160 672 190 442 159 1472 237 185 236 735 247 701 254 1485 214 1220 185 384 201 468 52 337 116 179 261 746 241 1078 297 859 182 351 264 1410 187 750 89 1490 102 147
5 22 923 284 963 51 425 256 433 245 87 293 588 180 414 300 8 237 1346 114 314 190 1445 295 1 161 107 252 522 181 1160 168 948 269 708 116 1254 230 290 135 1326 142 1433 230 246 287 341
6 22 947 158 741 289 229 126 660 179 315 129 1151 277 950 269 253 270 1276 237 611 209 1347 217 225 240 1126 240 1298 280 1372 96 1066 282 1260 179 300 260 1290 89 1168 237 296 197 1173 278 591
7 22 922 124 617 90 1185 287 846 294 1131 43 645 261 1364 154 1126 291 919 259 1291 173 200 262 693 268 303 136 929 157 410 278 177 231 50 218 787 171 1465 170 1362 287 932 280 112 178 193
8 22 869 107 324 158 58 261 1273 246 1105 209 392 138 773 274 345 244 354 113 759 129 1156 151 29 264 100 75 1257 292 629 261 1421 184 184 140 810 146 86 202 248 299 355 180 978 275 1322
9 22 915 179 121 207 1013 108 1162 208 1062 291 177 298 551 195 13 155 1348 23 930 261 734 230 613 217 450 268 201 159 1070 294 1164 187 948 280 1111 158 743 293 740 179 149 225 1189 160 1386
10 22 859 226 827 89 1448 120 301 299 571 252 493 87 30 238 1488 292 1255 193 126 246 1363 249 1184 136 555 229 670 117 1197 66 1413 137 802 227 590 138 597 295 685 174 268 236 1386 251 1272
11 22 873 267 326 126 234 149 756 237 487 192 1349 132 121 286 79 275 1106 145 1419 197 1374 269 1259 200 210 174 332 221 1295 160 1370 211 517 145 113 165 783 182 447 297 1396 146 762 193 1103
12 22 888 176 539 57 1050 185 1488 257 169 227 46 178 832 104 870 230 573 278 874 234 78 121 954 276 1174 162 366 176 37 227 69 293 143 154 1468 119 135 252 1176 219 1211 225 272 291 1490
13 22 850 140 1318 178 331 57 1021 269 76 272 814 206 1080 255 711 155 294 228 1423 219 79 128 385 297 1086 139 1193 213 313 203 280 160 956 193 877 92 1200 214 488 294 246 276 218 63 417
14 22 994 293 563 201 1421 114 683 283 328 212 199 111 160 222 906 197 735 148 1123 280 850 182 455 299 245 125 14 288 233 289 734 244 104 282 944 225 348 127 1268 289 62 288 947 274 818
15 22 865 110 88 157 451 88 176 212 552 261 61 148 235 264 1037 110 1409 276 812 252 274 199 730 221 295 124 1325 105 1399 276 829 146 76 243 610 166 319 266 228 192 746 214 936 295 1209
16 22 874 241 992 125 836 120 22 244 954 206 151 65 344 278 425 129 1411 233 553 260 74 248 573 218 709 224 673 223 524 272 1412 232 48 270 1139 199 301 120 1259 123 704 294 1148 46 1075
17 22 919 282 35 240 212 300 1153 263 238 110 65 259 645 229 1273 128 551 99 10 196 512 247 976 102 482 239 367 112 388 270 33 192 742 272 554 214 1167 248 488 102 149 292 1236 199 98
18 22 792 248 402 260 93 290 9 271 766 223 68 131 956 173 76 185 867 168 1264 200 239 112 1442 56 324 254 1148 261 1341 180 279 26 684 54 774 275 453 159 273 139 801 130 1028 165 816
19 22 893 152 995 17 219 264 88 240 1335 162 1438 203 48 260 441 176 1143 244 142 182 1260 213 939 169 1249 243 349 193 117 242 338 279 158 220 512 84 693 201 645 176 388 295 494 253 848
20 22 839 259 184 226 181 264 1401 245 303 176 473 128 1220 171 1063 264 411 223 1021 140 756 116 1119 239 1 258 777 227 1416 144 225 216 525 38 1014 122 1093 159 265 168 929 286 1296 127 935
21 22 815 207 73 239 224 216 505 266 1460 186 158 89 770 296 580 61 1477 99 933 53 662 263 767 201 758 151 724 108 541 100 1494 148 1377 244 1266 229 564 213 878 215 326 238 854 256 1282
22 22 840 109 814 293 264 194 1358 150 126 129 183 299 1072 201 1332 269 151 271 1494 298 781 108 518 144 1354 258 323 130 1232 62 730 290 321 223 1227 141 369 191 975 121 1076 192 481 128 803
23 22 913 228 1 293 1034 231 1066 144 1235 258 594 221 979 113 857 258 525 284 347 38 539 242 667 299 358 213 26 33 1437 157 1320 256 1491 294 1291 229 386 246 265 168 399 195 174 169 1402
24 22 800 190 1158 208 1357 195 828 221 217 271 1023 179 814 234 706 66 712 173 505 37 230 178 151 94 753 131 232 37 613 130 1174 199 413 271 539 219 1226 283 961 265 566 178 1015 241 1459
25 22 887 221 555 191 1371 189 1121 232 97 300 1149 203 263 227 1415 297 213 106 1254 185 703 299 1350 144 495 217 1063 235 349 292 442 79 1440 145 407 143 1361 145 936 245 929 263 661 80 953
26 22 796 20 154 25 1348 35 991 245 400 268 999 106 616 281 159 209 1295 241 1115 289 1054 95 82 84 421 223 1457 286 636 90 1078 250 1329 201 219 87 761 272 956 136 1155 283 972 257 676
27 22 875 110 804 283 1006 119 1145 289 278 45 60 86 174 290 962 151 9 227 1285 237 314 281 201 283 1355 121 1163 237 201 248 924 240 805 146 58 119 100 272 185 210 925 86 1420 299 942
28 22 834 182 1139 279 1214 251 120 189 539 170 22 152 1076 286 34 236 1103 291 418 165 1065 158 448 50 1398 199 151 209 1140 68 220 115 662 218 598 168 466 265 146 169 922 234 688 117 465
29 22 860 120 1050 129 295 184 836 288 120 139 1185 121 209 286 125 195 778 260 1084 98 240 219 513 147 966 224 492 115 1434 288 707 192 593 241 1114 208 4 152 922 219 551 183 1468 292 61
30 22 864 298 427 94 703 199 1107 191 213 239 1095 238 1499 79 460 82 987 201 1434 233 741 296 616 111 357 105 188 236 1408 174 1499 260 867 146 890 289 462 210 1017 247 234 243 479 151 975
31 22 1014 81 49 172 245 234 1131 299 1462 208 1372 230 576 258 289 287 478 252 15 230 120 228 933 101 1169 271 1460 228 668 241 304 252 494 276 953 274 219 204 697 243 1449 240 1070 262 1222
32 22 856 191 682 203 1285 268 127 295 113 281 1053 180 987 162 164 216 1309 130 856 260 1300 283 436 245 265 229 867 47 1149 241 763 230 1015 15 1247 77 252 222 1257 270 299 127 801 111 1080
33 22 923 125 562 226 531 61 474 242 206 131 727 274 168 249 758 288 359 64 908 254 569 272 1422 181 221 258 1203 139 1349 248 1351 214 89 282 547 240 1182 269 800 253 849 225 646 123 226
34 22 1065 261 1272 220 707 291 662 128 855 283 817 279 1048 293 411 262 1308 279 6 282 485 289 352 190 283 243 1459 273 410 171 1372 294 34 254 330 286 14 241 1323 270 1198 56 234 183 766
35 22 889 91 396 275 483 225 1411 154 953 68 931 147 899 200 1153 252 344 127 237 290 650 300 618 70 423 235 330 227 866 300 518 245 740 177 1341 52 788 265 716 276 1149 239 410 232 417
36 22 840 224 1353 267 1067 90 513 254 1292 263 696 246 1001 292 381 38 714 286 1239 269 990 220 632 184 62 88 1366 256 921 114 593 186 749 284 400 209 1500 137 1386 55 741 104 1209 135 966
37 22 873 204 1252 70 222 113 592 146 834 159 1309 228 1238 290 457 96 1392 281 73 265 1098 288 114 151 252 250 551 197 553 269 292 244 121 168 1375 167 917 236 1029 253 666 29 415 261 676
38 22 954 156 427 128 612 232 195 271 99 257 836 152 933 276 975 240 541 267 1466 286 77 223 164 284 432 282 381 247 113 226 823 214 805 290 547 191 854 230 1330 102 198 192 803 27 443
39 22 877 62 647 227 1033 105 715 258 1273 255 786 77 175 245 266 128 130 242 611 276 447 236 834 293 396 250 1023 185 565 299 688 168 635 271 905 232 120 51 1201 181 1331 63 639 284 15
40 22 878 104 539 271 1287 71 1222 287 1117 251 55 143 872 280 696 300 1257 27 1098 289 1147 127 1207 117 691 193 519 246 1034 203 1047 164 506 212 394 295 691 144 600 205 592 174 195 291 943
41 22 878 256 392 87 1381 224 1414 296 984 238 1467 278 21 144 530 218 121 100 256 166 448 231 714 287 1022 267 1180 235 1246 219 401 111 857 264 810 254 1269 184 669 104 352 108 1071 123 766
42 22 801 200 1370 132 264 269 730 166 1459 74 1120 253 783 291 490 137 604 297 1316 245 651 293 219 18 253 266 798 231 469 141 1230 15 1026 118 694 175 1372 207 965 8 471 231 1318 242 1423
43 22 893 174 1364 190 1196 195 758 120 1188 253 1201 174 418 101 727 235 125 280 871 288 177 229 1447 149 999 190 926 240 1098 284 387 147 40 251 80 120 453 155 1053 239 166 157 302 296 889
44 22 805 76 981 276 295 294 926 130 1307 260 60 157 171 293 1025 257 302 110 1098 52 355 178 816 186 826 200 485 114 240 278 1081 194 291 147 1066 258 1251 212 612 159 774 68 1442 126 1334
45 22 976 277 1248 274 903 288 1378 288 1058 250 201 298 484 97 1438 261 358 228 1132 142 66 173 595 258 1020 271 893 275 657 208 980 286 1300 286 1489 58 245 199 765 122 602 299 1002 44 71
46 22 910 286 71 296 969 67 718 260 193 223 156 177 167 190 428 299 901 268 630 268 691 289 1213 164 1404 276 1447 153 1269 268 399 123 757 82 979 228 1290 147 1111 144 674 147 27 199 1480
47 22 901 283 918 240 472 147 512 279 1022 211 456 249 722 285 1359 247 1489 33 1042 16 583 232 938 273 239 193 472 205 304 290 544 269 810 272 172 173 1277 121 246 111 343 213 1406 163 110
48 22 918 284 303 45 1036 293 1263 291 944 251 1462 61 438 124 492 229 586 298 796 217 1351 281 764 174 1398 198 847 268 798 226 966 160 1222 207 1436 34 214 237 679 269 938 230 593 215 1160
49 22 827 151 965 187 490 199 278 111 1309 205 258 284 1231 298 181 52 442 271 105 186 793 265 889 83 1148 256 1486 186 503 157 238 291 496 285 569 115 1093 45 1057 147 554 205 1468 158 1384
50 22 880 160 193 196 452 188 52 141 170 300 1489 225 799 261 216 108 269 117 532 279 1379 291 1216 240 206 241 737 220 1176 21 85 227 560 151 786 88 591 289 372 288 622 265 684 107 920
51 22 824 206 675 118 1336 132 346 275 30 233 652 291 65 269 244 251 881 129 1491 144 1211 117 551 156 37 191 1165 170 628 254 353 165 200 179 165 136 993 41 1473 264 547 177 1055 222 943
52 22 891 288 1192 202 603 163 1097 149 688 235 1498 39 958 252 807 288 1463 283 950 235 1459 172 964 276 838 207 245 56 1051 248 1158 253 749 231 911 130 1411 146 1206 278 1485 159 1100 167 465
53 22 939 173 276 103 1008 266 938 278 241 186 939 284 1461 251 689 214 802 284 476 172 489 210 241 180 1213 281 7 197 1479 171 709 294 1102 174 899 149 207 269 570 162 1226 194 1176 206 259
54 22 870 215 1392 141 469 300 799 52 95 280 428 173 354 129 485 205 52 176 875 230 180 295 94 80 889 149 1143 284 1303 236 684 182 630 288 172 126 859 173 104 198 1039 155 972 283 929
55 22 903 150 145 257 70 262 928 201 139 108 1414 293 265 64 1208 268 868 220 1228 131 633 268 306 227 746 192 687 136 1341 197 1147 171 1423 263 801 156 357 244 1157 274 311 156 1126 280 1337
56 22 744 125 111 171 916 253 949 168 869 60 7 65 584 296 774 114 674 157 745 89 1044 201 404 192 1355 147 866 106 1010 227 62 138 2 206 231 172 947 229 1242 289 279 38 954 280 657
57 22 878 243 950 72 1441 137 945 241 49 219 516 252 579 241 420 36 669 164 1500 275 902 111 125 200 1303 279 521 229 46 256 834 298 514 147 961 64 771 151 904 291 1042 238 1459 250 21
58 22 921 156 953 68 1223 201 1279 282 266 283 736 293 732 259 864 294 1109 286 559 68 260 179 1343 246 1448 167 735 40 1121 247 789 283 1494 157 1298 284 975 236 1350 247 230 114 1451 215 717
59 22 901 157 1083 271 52 293 456 277 1065 270 909 124 44 247 843 151 994 269 718 269 609 179 1451 262 145 253 151 276 1186 26 702 235 1169 114 1266 58 1222 255 19 265 782 173 645 81 1494
60 22 939 280 600 196 145 129 343 210 918 216 867 212 31 293 1261 240 698 241 288 67 594 245 2 288 992 237 7 239 330 283 21 143 299 60 398 294 203 133 676 244 89 245 7 201 1134
61 22 991 261 1494 264 144 278 958 135 179 139 1317 216 212 130 569 219 453 296 1478 201 918 249 569 279 341 287 17 298 1072 77 1391 293 1243 144 1065 191 1264 276 1299 246 765 262 580 215 1484
62 22 898 80 1003 94 600 233 370 250 242 138 32 188 484 287 1068 300 226 190 146 207 1161 247 1376 271 538 291 615 134 1052 231 199 171 666 191 1334 153 831 206 495 237 105 232 1349 161 1347
63 22 971 153 262 281 772 295 1378 38 25 176 991 290 348 224 820 242 1335 78 987 243 245 281 1185 239 105 237 327 274 171 272 854 230 294 181 1351 211 447 293 1331 183 1467 257 840 179 957
64 22 873 203 1046 167 489 300 509 280 24 168 278 87 379 59 112 235 181 284 1322 210 1117 40 1419 59 108 272 495 232 1172 277 961 194 1275 185 298 91 288 296 344 251 324 288 1484 187 26
65 22 698 270 304 218 423 240 250 204 424 73 1039 299 534 124 898 261 1130 223 512 106 1447 98 1149 55 523 119 509 82 807 297 1196 256 9 53 436 120 560 150 222 23 1264 202 138 20 555
66 22 890 210 201 284 790 297 1259 43 195 191 938 265 368 185 1311 189 1223 92 523 234 1264 201 62 236 326 191 148 226 380 183 1496 124 485 210 558 154 1339 212 188 274 68 220 409 233 936
67 22 861 90 775 244 530 259 691 228 1102 112 618 140 280 196 351 293 318 175 148 268 762 293 913 199 867 292 1124 198 1207 150 111 37 496 277 565 256 105 35 373 162 630 199 1035 205 453
68 22 954 152 1340 292 1117 118 618 286 94 158 1161 271 1233 208 1355 159 209 230 1467 246 1132 257 417 280 1244 126 1165 211 561 95 550 246 690 244 789 241 1282 273 1070 211 747 191 618 276 1236
69 22 843 201 1358 53 254 259 1198 148 683 200 1309 210 1269 202 739 141 1227 280 871 250 1059 300 933 195 214 105 277 156 108 177 1253 235 63 161 673 96 985 131 1197 298 893 167 805 251 1166
70 22 881 132 920 108 369 250 281 219 181 91 110 200 1182 117 764 223 1137 216 23 185 620 229 367 244 673 251 543 234 656 159 1157 288 207 149 1263 262 561 276 92 211 607 254 1293 108 965
71 22 843 288 911 226 295 114 1088 280 942 288 417 209 1346 166 273 102 366 101 56 181 161 295 650 296 685 24 402 125 376 162 1352 272 1084 127 927 267 112 138 72 233 666 119 1071 203 1380
72 22 911 91 594 172 1231 258 962 113 914 142 310 296 1402 265 1235 154 1222 184 387 243 916 243 875 206 939 234 836 280 1330 241 576 170 457 245 1041 195 1098 220 1392 212 1165 141 1142 251 929
73 22 902 297 1124 242 598 209 886 277 944 202 344 150 697 106 333 111 1314 283 1347 247 812 156 160 146 509 138 501 234 926 242 1422 240 947 215 1062 275 750 200 300 148 464 107 642 289 1385
74 22 807 187 503 266 337 248 1494 296 1279 116 1429 243 379 190 681 211 419 129 1240 197 996 167 391 171 261 181 577 140 1105 246 507 138 485 97 335 257 1259 97 835 140 1203 288 1423 30 1255
75 22 966 197 1201 133 570 265 103 153 60 291 80 246 1452 179 816 225 215 106 1449 224 153 159 922 191 1034 282 68 267 1038 271 173 280 1019 183 1492 270 1247 177 131 225 601 250 1377 259 1279
76 22 931 168 165 246 1374 219 1121 240 413 280 73 284 1022 291 659 165 669 192 38 294 319 211 126 249 401 132 294 244 1168 166 1394 204 45 150 191 293 688 184 357 150 258 104 818 192 43
77 22 887 162 258 196 1426 248 1012 136 23 262 9 216 1179 280 33 207 841 70 686 192 366 252 316 296 1490 171 1345 62 11 161 890 295 98 182 287 297 1097 253 1026 139 627 257 498 103 649
78 22 825 292 463 294 365 295 995 122 1485 188 793 222 1354 185 1205 156 518 178 457 132 1170 252 591 107 773 53 1363 151 282 29 19 121 242 288 1150 293 582 96 1170 222 942 187 225 264 324
79 22 823 129 555 288 1114 299 280 96 108 135 162 270 1260 94 1273 174 269 224 1248 124 753 226 1119 207 1311 111 1361 137 1284 81 14 214 921 185 618 170 1121 280 53 197 782 231 376 244 1444
80 22 968 271 576 215 724 186 949 180 1243 225 690 148 102 273 418 242 767 246 782 260 775 219 219 149 1228 186 1188 288 1109 217 565 286 1155 193 396 176 596 228 1070 205 1017 156 989 295 82
81 22 923 297 633 194 1188 166 493 205 16 174 1499 74 522 285 476 271 768 219 936 193 1479 272 78 202 430 202 758 154 710 130 1149 287 559 193 595 280 1156 299 753 84 1412 252 623 182 1386
82 22 820 290 1070 217 1248 249 533 151 229 227 586 173 109 164 916 295 42 105 1025 193 849 293 1190 127 69 253 939 43 269 94 1282 210 306 242 1263 258 1363 103 1273 108 250 90 1491 216 738
83 22 834 45 1193 173 1169 14 785 198 1248 299 322 227 226 289 785 261 207 186 1204 206 909 151 749 114 289 181 714 169 229 148 170 148 12 165 1495 252 178 271 389 216 390 270 1313 190 854
84 22 889 56 544 263 653 220 1111 284 554 238 364 226 1319 147 749 209 804 207 938 200 1070 115 1363 191 615 98 547 274 843 162 965 281 258 292 1369 227 1385 225 66 207 1495 293 790 33 290
85 22 950 130 562 298 147 266 1104 229 913 70 591 289 1185 230 1107 188 846 247 566 179 190 257 564 290 197 174 915 213 793 214 627 186 1012 126 535 151 777 287 732 245 67 217 143 265 798
86 22 812 212 1461 212 450 131 845 77 1457 277 780 158 1082 287 852 235 768 268 87 23 1036 229 1373 25 794 245 238 185 380 268 1149 217 1394 105 18 139 411 192 1357 165 1234 201 1405 213 242
87 22 970 196 665 146 831 157 40 232 1013 298 286 188 889 199 1192 226 457 250 702 176 452 248 1223 252 1409 282 736 118 724 283 888 195 14 241 1284 252 1179 109 753 239 896 296 638 268 940
88 22 813 88 156 193 1121 299 1013 182 695 270 323 59 1360 299 563 222 970 216 264 231 494 259 470 118 484 224 216 84 282 201 584 143 1174 216 400 234 1296 117 108 172 42 148 1046 90 1098
89 22 931 299 568 260 1131 183 28 133 1004 192 190 221 903 274 1492 243 761 235 705 292 864 183 255 39 423 103 426 297 561 218 1107 288 1473 106 1325 237 1403 256 846 207 777 247 491 145 763
90 22 960 296 710 293 109 212 345 59 653 126 59 287 1271 162 591 189 956 183 1091 265 1492 299 40 171 1278 272 30 152 966 244 1244 152 1387 186 634 223 964 233 1399 293 932 223 643 283 871
91 22 942 169 205 255 1102 249 1198 294 501 54 419 100 683 284 272 107 307 283 1085 217 888 198 1427 263 517 143 714 121 1083 264 389 248 1160 103 1263 269 844 295 361 242 885 294 361 261 122
92 22 947 211 1209 136 78 289 983 264 235 214 1464 292 1232 209 62 123 419 273 564 200 1225 281 329 179 609 128 1383 231 1009 203 509 272 1002 197 484 174 464 153 1338 233 1302 215 711 261 1295
93 22 901 202 207 177 510 253 1214 246 1450 21 1226 143 1353 98 906 44 273 220 512 296 811 218 493 232 1177 270 1221 293 463 16 1054 289 1262 254 642 184 470 217 1475 264 549 278 567 291 154
94 22 727 83 729 297 1 182 1479 276 612 112 341 239 146 198 758 53 216 200 718 184 875 113 57 104 534 146 1430 269 40 57 676 249 1240 154 1014 66 58 225 1148 216 806 131 1116 85 1030
95 22 901 69 809 297 1176 234 783 286 1111 203 588 203 1174 185 890 266 841 229 435 208 1140 156 76 294 489 251 283 158 154 198 970 267 940 235 218 204 1380 33 262 102 189 271 36 160 1280
96 22 904 168 1220 195 32 292 1449 78 1002 275 286 221 592 119 197 235 1031 141 1468 294 1101 118 740 261 162 270 882 142 165 197 335 233 857 212 1407 154 170 250 181 113 1490 279 391 273 1122
97 22 866 258 342 198 1245 26 827 260 1038 249 866 261 789 58 998 80 167 214 1015 270 1458 190 53 172 521 268 395 245 889 246 1013 165 1474 218 991 162 1300 267 252 54 1401 289 329 184 749
98 22 881 232 844 194 389 189 1033 273 692 185 856 145 1201 229 1003 268 1225 277 350 211 75 31 871 171 1248 164 928 136 628 232 1337 212 489 218 34 173 342 218 108 160 1258 268 306 220 1065
99 22 921 230 1314 168 1209 281 853 163 1258 268 281 207 1188 207 117 183 982 180 79 167 943 157 1443 296 857 159 398 206 528 32 985 137 412 241 1479 256 1002 256 1201 249 1193 280 874 284 409
100 22 902 258 78 231 143 295 1159 193 648 260 340 143 1218 75 1084 231 9 238 1194 216 979 208 624 197 819 194 1026 8 401 173 864 296 1298 247 374 211 1485 155 787 157 817 298 994 228 475
101 22 997 284 1388 201 1249 210 215 299 1059 220 1469 93 112 226 1082 210 720 134 1404 276 313 213 386 191 671 230 1006 239 1005 273 742 223 617 254 1063 251 974 289 903 288 1266 127 762 255 253
102 22 963 229 243 280 342 129 148 252 508 203 159 261 1269 264 169 124 316 276 970 178 809 20 1412 266 859 114 1207 139 277 238 724 270 680 287 1001 256 680 229 1048 239 273 293 174 272 107
103 22 911 254 1226 280 815 245 159 292 300 195 486 265 1195 288 798 292 375 120 300 99 405 253 520 9 194 199 1136 245 354 134 347 274 146 292 1027 219 1241 231 643 68 518 236 541 69 532
104 22 785 172 12 291 1485 229 724 278 1102 271 516 64 1465 114 566 219 1002 37 733 117 570 198 1292 158 28 94 32 247 1241 228 246 141 1486 294 1433 215 1187 181 1003 60 958 273 1186 48 1036
105 22 857 177 993 277 29 190 313 268 899 239 124 156 176 99 1095 8 275 91 31 77 638 288 753 280 780 244 869 278 618 206 705 135 1497 259 1454 178 1175 157 264 173 355 261 548 248 1208
106 22 822 300 1255 222 1231 286 189 123 689 201 684 114 855 50 1082 175 755 93 867 180 1220 212 859 237 19 68 1499 288 631 79 1386 248 434 199 639 129 975 232 120 274 886 257 1346 145 759
107 22 760 284 467 184 423 123 88 281 34 66 1036 146 571 274 1072 225 314 127 1448 215 990 222 822 71 1259 250 887 164 803 61 716 80 919 145 1166 108 1486 205 860 281 532 124 667 167 827
108 22 1025 238 984 203 605 149 1446 269 212 282 296 290 6 268 1075 296 1217 247 665 254 607 233 1100 264 714 100 389 271 709 283 1275 255 114 183 777 128 1090 276 1402 288 357 248 1371 102 1184
109 22 900 252 543 177 1381 271 1148 117 280 180 297 253 615 289 322 135 353 290 798 286 962 84 1071 144 239 182 1479 202 214 221 55 115 958 239 715 222 259 93 547 263 55 185 1135 300 1471
110 22 868 277 3 292 1181 115 293 190 590 152 527 273 453 178 109 265 889 283 570 300 798 153 1087 129 930 180 1436 298 336 138 928 124 101 77 1170 216 1053 120 519 239 919 268 833 75 920
111 22 822 260 1032 232 1460 166 1394 151 623 105 131 136 123 261 1190 217 1252 258 1382 209 1000 253 1395 234 646 133 648 257 492 194 1145 155 460 94 884 288 411 258 1012 94 1457 63 445 92 1399
112 22 982 213 1290 297 771 211 964 278 1104 281 1435 43 489 226 1499 298 447 192 530 269 686 264 974 299 1476 172 472 238 708 230 1032 223 1047 288 918 149 1280 251 183 284 378 45 159 163 364
113 22 893 275 417 300 1369 221 332 104 507 296 62 127 555 253 588 253 1375 253 1494 240 702 85 768 157 879 99 464 237 966 123 29 216 795 170 369 86 1206 293 1281 203 1427 186 2 288 730
114 22 970 151 277 298 199 180 698 294 460 281 126 223 1100 182 898 269 87 56 63 257 1321 267 792 220 109 281 1003 252 717 197 838 289 1417 185 880 216 314 161 890 226 1053 70 196 295 915
115 22 923 158 758 101 1440 261 122 200 1048 92 298 212 237 238 551 218 295 218 1058 50 100 267 1218 177 359 286 1342 239 1249 202 318 222 592 273 1383 246 825 295 48 150 1225 267 1363 245 251
116 22 899 81 544 284 362 286 1057 153 1487 194 1256 171 1433 251 541 82 606 221 653 139 860 287 878 278 1162 202 837 246 107 130 1250 240 678 210 673 268 670 215 197 99 667 182 700 278 1165
117 22 822 298 147 172 1453 71 1226 242 1057 267 1198 101 423 95 481 243 324 233 1325 122 1412 56 558 269 1212 262 675 79 786 275 190 91 188 291 510 282 928 142 1461 115 408 166 1267 240 1371
118 22 803 185 1111 122 414 294 544 271 952 125 496 195 523 40 1158 125 878 289 878 276 314 188 383 266 1043 282 605 51 1059 156 302 60 363 185 1274 245 249 96 978 249 685 262 583 55 1361
119 22 876 205 1327 106 201 281 919 263 887 109 1379 227 437 175 1234 140 624 161 333 256 75 151 1160 281 615 218 690 280 358 90 793 263 1140 299 360 86 79 246 223 254 1491 273 1412 20 469
120 22 930 252 990 150 447 230 755 172 125 244 1192 300 62 299 396 279 190 160 91 194 1237 85 579 261 1379 185 1208 299 916 254 118 17 252 280 665 93 764 159 164 210 812 268 13 260 230
121 22 804 266 1461 141 340 186 1469 240 618 286 365 20 1126 131 334 269 901 191 524 176 1224 214 560 86 229 288 993 222 877 188 600 134 276 145 314 284 381 31 825 129 1411 144 684 249 679
122 22 889 282 723 171 984 182 879 284 59 156 394 292 510 296 1000 273 1232 261 866 293 1388 77 1068 108 639 199 1477 175 215 296 1378 172 156 212 834 130 200 70 733 263 1277 41 821 215 1481
123 22 863 254 420 201 1462 45 1435 188 854 211 1492 83 815 180 1481 279 458 275 800 240 94 122 1230 175 492 205 719 108 353 240 420 229 1247 166 446 258 810 238 255 269 713 184 1322 166 1066
124 22 944 300 859 125 990 265 945 188 255 109 458 230 136 293 1057 189 181 207 44 153 831 275 1062 123 1131 161 945 260 1307 288 720 261 797 284 1379 216 1439 141 1269 209 1008 187 1489 257 1498
125 22 842 53 23 120 300 234 1456 229 173 220 1230 277 1484 293 1270 106 1020 196 1456 299 1090 231 1466 225 522 50 654 100 1455 70 356 291 448 192 1004 206 1025 234 949 187 964 160 1151 238 1101
126 22 877 201 1329 172 813 137 1003 202 953 262 1081 274 35 271 327 279 862 273 220 91 196 284 274 232 136 278 1444 212 834 111 5 81 942 93 1268 299 1057 51 425 214 525 142 298 229 1282
127 22 915 236 310 293 1042 147 742 237 876 270 1245 217 1223 263 1340 289 1043 211 7 69 445 277 776 113 939 126 623 179 514 192 1043 142 1307 299 709 261 715 296 443 85 823 227 42 148 894
128 22 738 108 920 180 286 214 1086 291 1287 126 747 117 712 268 568 77 723 208 1374 249 728 52 350 37 1236 136 1251 186 491 258 352 181 744 96 824 224 338 61 1193 126 1433 204 1228 294 1385
129 22 888 228 728 298 547 238 755 102 214 139 721 227 204 198 850 273 686 81 853 269 1187 147 524 230 453 81 808 253 772 213 173 199 465 91 496 284 428 295 700 220 764 92 812 283 940
130 22 887 33 1466 275 1108 262 1428 237 88 210 271 243 507 219 1243 240 495 219 108 147 1156 112 1409 130 419 144 240 175 891 269 1436 223 331 270 392 180 603 189 787 249 1211 113 805 298 147
131 22 927 203 1464 127 841 138 633 284 1183 298 709 48 998 231 460 193 1444 289 441 299 401 136 1240 227 1075 225 1217 161 784 241 541 156 591 261 952 225 626 247 795 256 1116 161 44 232 1128
132 22 735 289 1180 270 142 228 615 173 384 16 179 132 1081 232 876 158 120 197 190 125 920 148 390 163 1414 99 1472 95 1394 162 553 213 1172 139 22 78 911 191 1241 204 663 111 1159 256 199
133 22 960 261 1462 100 622 230 114 225 53 295 1118 256 779 49 1281 214 971 169 239 256 969 298 336 281 1048 135 760 278 1167 161 917 298 294 49 881 294 990 288 393 257 833 191 506 218 1378
134 22 832 100 1236 226 1279 77 338 149 373 63 680 221 96 251 999 145 400 220 504 256 570 138 1229 189 22 145 1221 240 830 175 252 259 1009 268 539 264 1500 262 461 131 956 222 1360 163 1182
135 22 773 159 945 199 470 179 329 220 415 298 790 298 455 134 677 226 964 162 1150 140 1079 137 837 89 803 34 838 165 833 183 134 241 1449 136 701 189 41 186 666 92 853 254 65 146 1038
136 22 794 298 1199 119 793 174 371 151 500 59 1206 259 907 243 501 72 749 286 1345 247 382 68 537 280 923 172 1269 133 20 254 605 46 584 275 1494 84 1163 177 1030 121 874 195 1291 258 312
137 22 891 41 684 202 614 297 285 222 1111 171 496 144 804 178 837 289 821 214 1499 145 453 283 734 135 265 172 964 288 938 243 450 292 1370 156 301 277 4 95 253 293 300 172 395 150 1154
138 22 795 188 1309 145 604 259 1425 227 1046 252 827 294 1188 62 464 80 1482 171 459 61 54 53 1382 247 1258 156 731 159 697 190 96 90 1261 276 818 78 771 298 525 195 97 268 1173 226 985
139 22 953 123 888 187 1225 285 17 286 419 287 663 169 1160 273 550 153 581 157 1435 153 777 183 1376 287 1280 294 1377 300 349 162 1233 87 236 260 522 141 956 286 1334 235 269 159 1196 298 372
140 22 793 216 514 243 1296 86 1229 171 986 167 303 228 613 155 1383 279 676 153 106 111 1190 240 106 107 111 152 117 165 1404 137 1075 288 869 293 679 272 1329 12 1071 123 708 158 1270 211 505
141 22 851 213 356 181 1131 160 636 85 96 21 739 228 1271 184 446 202 929 202 811 269 1462 242 1303 271 557 177 1314 211 141 209 344 198 1000 255 384 155 74 143 1268 182 528 278 92 192 367
142 22 1041 241 970 184 779 284 49 194 1244 128 1008 263 1407 287 319 253 1145 289 517 268 857 288 1018 275 195 294 278 243 1095 287 248 200 760 252 647 135 874 213 506 145 1240 259 1079 225 1444
143 22 731 156 175 172 509 153 445 114 43 201 1290 281 1046 178 1254 94 529 94 1298 265 945 117 1264 262 1139 67 1476 270 1025 107 695 109 1305 206 1096 39 1135 215 1497 214 1028 128 1445 214 377
144 22 999 144 144 296 651 189 1223 292 1393 274 546 215 499 95 217 272 1090 239 1159 199 1332 162 1251 270 423 299 216 192 212 296 1132 292 1166 103 827 292 288 280 657 159 1089 144 749 291 416
145 22 873 128 320 268 1230 289 604 163 205 196 800 207 1490 237 326 111 1032 181 16 213 1040 78 289 288 457 274 867 223 1282 250 1067 172 36 137 977 261 1395 149 883 149 493 146 1055 246 1307
146 22 854 130 65 271 482 293 679 51 611 230 105 298 1014 226 1237 279 971 154 1271 178 379 56 214 244 381 115 1343 97 1166 200 555 258 186 257 489 150 540 112 501 181 36 296 1103 198 872
147 22 993 258 1347 206 779 265 1458 163 1055 131 71 237 838 221 214 199 729 139 956 295 855 293 400 202 1144 226 112 276 1354 298 1386 134 696 249 113 234 458 145 118 278 177 295 356 222 1380
148 22 975 235 1063 266 209 118 1305 272 910 208 1357 292 859 171 1277 238 906 169 226 148 1124 261 1188 216 1429 115 1069 208 1491 217 1052 220 1315 215 1254 214 1468 257 1457 272 1204 286 754 278 1288
149 22 842 194 76 211 888 90 1385 104 1099 104 753 219 391 196 296 285 120 162 394 214 387 81 373 156 1452 286 1173 256 290 144 202 268 978 193 801 254 83 285 578 253 732 15 756 241 697
150 22 851 198 17 85 14 233 336 276 53 90 83 40 33 245 183 165 527 138 1014 299 1264 279 1473 141 1181 290 589 290 620 296 163 83 635 249 566 200 533 281 1407 263 1196 60 463 56 990
151 22 881 294 205 295 1434 49 1044 173 92 125 726 276 1410 177 75 114 1239 257 1050 252 1472 278 795 238 900 159 227 131 1091 256 225 166 115 230 1130 140 1461 243 131 287 739 170 967 99 110
152 22 927 269 437 144 1300 203 1099 249 585 282 326 184 1052 295 243 123 672 192 1172 209 1124 95 758 289 1303 281 864 172 1011 160 1062 84 110 288 1038 140 144 249 950 162 523 273 1033 292 317
153 22 919 91 644 136 1061 188 389 163 600 71 257 257 65 165 680 183 1153 175 270 281 447 281 339 201 798 199 551 187 1241 271 393 109 1362 285 649 276 787 289 1069 269 2 293 6 229 231
154 22 912 165 1154 274 856 236 242 73 1086 144 1385 205 588 265 728 281 498 185 768 177 794 270 876 160 622 287 676 245 1256 178 798 275 545 288 1385 104 138 124 933 188 684 152 490 288 1313
155 22 826 77 445 205 901 104 19 189 1201 283 639 140 124 206 745 263 202 248 1398 112 594 194 411 45 705 216 413 274 375 269 742 205 316 297 451 115 883 239 1174 20 260 137 584 293 1376
156 22 867 63 1388 201 38 295 1025 275 374 197 1026 25 289 95 1139 290 577 102 1131 235 714 287 386 213 6 88 1346 231 428 159 346 171 338 259 10 259 185 289 715 211 569 153 624 239 1005
157 22 901 41 953 200 452 165 180 239 1424 200 886 221 363 94 132 221 454 192 956 166 1032 189 1377 209 591 136 962 201 27 300 1154 278 367 208 394 299 711 194 726 190 229 300 221 264 1343
158 22 925 274 1014 168 59 198 592 120 1021 248 31 36 1245 283 792 191 1341 229 872 297 1402 105 779 294 575 197 1291 196 184 275 356 267 1175 183 30 143 1342 193 548 195 1370 240 38 296 981
159 22 852 163 846 294 316 119 785 287 714 94 315 203 1422 259 1485 246 403 164 1384 182 785 268 235 160 1391 219 1397 106 360 293 527 268 1157 200 1311 105 764 172 1215 103 1154 224 525 132 40
160 22 919 149 177 247 1035 124 1170 188 201 271 1157 65 1323 229 107 258 972 265 189 169 1335 201 1391 208 1495 202 830 192 1195 291 989 195 1451 213 15 294 535 221 1157 236 465 214 1313 164 781
161 22 737 86 932 119 438 200 1109 126 527 284 280 128 1004 293 944 30 1184 58 102 219 313 193 485 219 63 253 434 90 640 193 22 136 1032 140 1224 119 639 224 900 230 579 289 269 60 396
162 22 940 236 391 284 1222 46 986 289 67 265 711 248 538 195 842 161 732 254 950 161 23 254 574 241 242 220 1313 300 1446 199 640 205 1029 177 1140 171 179 243 266 112 923 219 226 224 1265
163 22 754 176 1440 55 42 60 788 163 1462 73 571 289 46 157 336 113 1374 165 333 208 140 55 477 246 1266 215 1118 246 696 195 626 119 1169 282 677 240 329 105 503 211 1041 193 539 205 39
164 22 854 104 294 87 1458 283 1447 212 675 257 1176 63 655 259 155 152 1194 124 478 92 1037 274 706 189 1462 208 1093 272 690 129 1044 179 1256 170 415 191 1014 298 938 230 1362 239 137 259 989
165 22 907 209 1014 120 1174 197 248 226 438 291 268 248 853 124 1130 106 1252 283 790 175 300 205 1135 82 1409 159 1020 190 1372 224 400 224 387 193 1205 263 185 254 857 252 350 239 1378 273 174
166 22 917 189 1284 218 1396 139 612 148 633 187 105 224 308 131 1290 250 1407 235 677 234 359 206 359 244 1354 166 1462 119 561 165 1184 289 230 279 493 273 659 263 9 243 515 258 286 128 407
167 22 881 284 246 60 1214 295 1476 238 232 231 103 132 1498 111 55 273 1222 43 505 296 934 205 410 274 913 263 1304 158 282 249 424 179 1303 116 183 248 979 208 936 203 1333 175 1338 165 1187
168 22 872 94 685 116 218 26 984 272 1477 287 484 160 400 229 1445 247 175 277 187 265 187 152 1 139 867 206 486 125 1175 119 1077 207 1255 272 187 267 744 121 1193 204 197 287 443 292 774
169 22 883 198 181 283 1148 227 1353 175 1116 88 580 115 145 288 592 226 894 264 1157 219 742 281 433 239 115 165 628 300 1340 61 1227 281 590 156 562 161 1178 84 1241 140 316 280 56 186 876
170 22 915 118 450 203 1439 290 1195 77 1145 48 404 289 611 263 154 194 1381 85 1271 257 727 300 801 238 1129 225 1169 147 1308 282 1062 221 240 225 1367 250 786 296 1500 127 357 174 1225 269 1054
171 22 886 275 888 233 1197 244 741 211 562 265 223 296 135 114 576 78 176 254 1273 199 1304 90 1165 197 1289 48 803 271 1169 40 1349 300 1167 243 559 183 741 196 533 259 1155 216 1178 218 1391
172 22 939 48 959 186 1470 278 1375 263 967 73 153 280 457 182 680 171 1405 291 936 111 249 86 686 277 566 265 1155 110 38 282 1162 254 313 294 12 219 243 272 311 230 1450 241 408 284 1186
173 22 922 124 1401 282 730 237 85 281 980 126 1217 241 619 232 413 234 23 170 959 208 601 138 1256 293 1434 223 63 218 825 232 799 277 1475 160 681 196 108 246 421 107 1179 186 878 202 893
174 22 889 140 122 231 149 118 642 228 1190 297 141 170 1027 67 540 207 51 265 418 296 855 251 949 225 964 90 1176 195 36 292 1258 77 331 143 1232 221 278 200 419 273 1216 294 203 165 123
175 22 959 106 497 240 469 234 1378 121 660 256 1120 231 7 101 358 243 1354 283 868 231 1374 243 1224 235 804 256 946 295 96 197 1273 207 242 252 1141 277 1360 114 1003 191 1124 204 339 278 1124
176 22 891 176 806 28 839 157 701 294 581 242 1390 244 1152 87 138 117 94 208 520 279 590 234 939 291 628 254 378 246 272 220 226 250 1321 238 348 130 1041 236 234 265 1454 152 855 109 455
177 22 793 159 248 175 1450 197 1352 292 357 92 572 171 783 132 363 192 215 253 960 37 1035 231 1407 256 1469 139 1229 256 1148 262 950 254 442 132 143 145 908 71 102 148 320 231 813 144 385
178 22 844 202 246 189 360 295 156 106 703 103 1448 275 933 87 354 125 1197 282 884 220 108 275 507 298 1188 234 1420 238 1025 265 896 227 1341 122 827 264 1178 37 1162 20 387 243 1247 117 1453
179 22 844 217 218 216 360 256 106 192 1344 270 1313 162 3 64 1165 124 1442 138 1190 65 259 289 226 230 145 182 280 197 1395 273 1416 113 1072 191 680 164 490 96 978 240 315 268 126 276 150
180 22 892 279 232 255 406 153 1012 134 937 286 1173 89 172 262 4 224 809 138 451 207 619 213 459 112 1180 161 104 286 414 270 357 127 808 192 408 299 652 167 630 280 596 255 1368 72 1268
181 22 958 194 628 211 1167 262 1037 291 1468 261 607 276 668 270 70 201 343 255 1324 163 860 300 712 184 615 292 1230 207 648 229 11 36 1003 128 377 175 1458 220 343 292 1096 216 1159 128 307
182 22 896 240 404 73 1155 80 1104 58 358 299 1098 178 588 289 191 197 1219 229 787 272 1131 191 571 238 942 227 1436 243 1382 296 809 178 865 268 1189 181 82 232 202 296 968 127 645 92 837
183 22 943 245 567 120 856 188 775 177 354 274 1371 293 998 158 561 222 575 229 730 229 1048 257 1357 263 743 258 843 299 1140 165 308 150 1060 239 444 54 1173 258 1101 201 922 139 277 297 948
184 22 938 139 413 165 663 273 1093 228 1058 271 147 237 438 276 448 261 1261 290 679 78 1210 285 1314 97 210 228 1113 167 606 74 24 211 827 203 1100 216 945 229 313 298 142 207 858 260 1495
185 22 910 248 1144 168 285 104 340 40 1270 183 1105 211 591 237 256 269 611 292 1466 211 97 262 682 246 932 269 598 157 743 252 1019 83 1215 269 781 232 805 111 520 280 1346 175 453 255 1250
186 22 903 248 816 283 782 203 605 79 1010 213 1154 237 714 66 591 275 864 119 1210 236 1342 187 475 290 1432 65 1380 236 409 166 624 296 388 140 884 287 1344 150 1292 233 96 243 66 263 1227
187 22 688 80 1186 134 683 244 149 236 1404 81 934 141 411 255 1162 201 142 43 968 142 1339 129 659 31 1358 281 175 195 282 51 4 111 286 181 134 112 837 115 1204 264 153 250 468 164 1109
188 22 860 259 202 279 36 117 1454 286 915 284 508 75 436 233 1063 242 1142 214 851 162 1151 167 1101 132 478 118 843 170 790 195 158 286 1093 142 1349 275 161 158 946 227 1279 89 1241 193 768
189 22 905 219 620 225 401 266 529 275 1266 227 1354 217 1465 283 568 76 423 160 238 259 910 241 480 213 618 212 1252 53 26 278 215 185 159 183 1078 129 421 299 1413 204 978 131 683 190 655
190 22 933 285 871 291 942 161 1349 244 893 295 931 262 410 236 832 115 1311 136 338 139 702 272 765 92 1023 254 93 293 173 219 419 133 459 284 1179 282 332 198 1402 220 16 96 1265 162 172
191 22 810 199 809 255 485 119 985 125 1026 165 1015 53 62 138 416 137 830 163 849 59 573 136 1085 299 978 290 1265 251 91 257 1045 238 802 187 605 83 913 104 451 293 1201 289 963 210 418
192 22 823 39 54 91 427 185 375 59 419 178 796 245 60 146 867 164 1247 229 136 146 96 278 557 184 82 159 1288 221 951 280 148 297 936 211 1176 291 1411 113 1366 231 1261 169 521 201 1438
193 22 1025 245 1477 264 572 295 394 293 692 236 283 217 87 300 1354 171 1068 291 236 165 573 233 711 272 1145 289 549 269 144 265 1068 33 331 224 993 108 967 240 6 232 1054 262 229 223 1462
194 22 872 273 1122 271 841 133 473 121 75 19 399 234 854 202 365 151 843 174 544 234 711 223 1215 233 138 85 1408 245 417 236 367 158 64 66 1213 287 466 261 1420 286 1312 249 1482 221 996
195 22 867 229 717 283 136 161 187 162 1050 209 76 148 680 276 449 105 68 145 1303 212 128 300 858 224 1326 172 1239 106 950 282 1295 82 440 228 339 190 712 106 688 204 450 229 1178 284 961
196 22 941 207 665 183 31 250 1311 270 1371 201 1110 196 939 290 570 197 1134 256 722 231 1333 295 1311 171 870 155 312 237 891 256 770 296 603 170 527 53 525 125 1063 273 647 214 1099 179 1479
197 22 705 122 34 128 33 175 604 36 803 27 756 255 645 252 515 145 1226 200 1092 127 446 198 1310 228 1399 125 568 131 279 184 146 188 1182 46 1470 188 447 246 140 179 92 171 720 174 765
198 22 913 268 1486 129 331 214 1209 264 1442 220 468 205 340 211 521 233 1154 202 1138 246 1289 241 638 258 1098 17 975 290 1104 203 302 300 75 190 790 214 102 223 951 68 1350 254 1078 119 546
199 22 946 273 1113 136 666 228 813 292 1422 293 153 206 583 245 757 275 197 232 122 118 612 212 195 247 1 242 203 278 791 280 686 192 176 151 769 140 842 73 868 59 175 261 949 298 1249
200 22 845 256 884 270 29 182 262 145 567 218 323 111 324 198 1216 300 507 220 844 276 50 154 577 298 1483 84 932 277 952 284 134 113 190 128 176 201 1498 174 1366 173 893 134 902 30 999
201 22 760 178 322 286 82 295 256 20 1442 153 685 218 143 201 715 245 600 95 1112 250 283 267 404 251 1315 165 932 141 339 101 324 142 174 12 1273 118 10 104 974 174 1313 157 609 227 119
202 22 866 197 10 211 35 186 1460 106 105 68 134 41 61 282 1336 282 1404 243 598 46 933 247 1401 232 1150 160 213 281 1429 273 374 153 1119 256 850 248 1026 210 328 65 1028 253 971 292 862
203 22 880 211 343 285 522 267 913 114 543 236 775 253 1399 188 1426 226 1419 299 896 128 872 148 56 202 553 126 298 294 277 113 384 84 1270 277 1462 268 39 168 1473 136 1006 88 1386 291 442
204 22 879 152 1122 225 693 153 263 294 1144 181 833 228 996 49 691 275 607 217 1405 283 903 287 49 49 590 293 371 212 100 56 1018 292 738 131 275 200 595 30 1384 198 165 294 309 296 593
205 22 776 144 30 189 50 235 56 155 1064 218 755 213 1129 97 244 172 1279 94 738 253 931 225 219 231 1053 96 163 254 285 63 1148 199 12 171 493 70 169 31 1455 269 660 241 92 263 1153
206 22 943 227 1203 294 280 295 148 156 689 103 683 271 1221 294 753 288 803 41 1011 50 925 186 814 246 472 268 745 190 505 258 36 276 1315 252 872 255 801 274 376 262 350 65 1291 166 1387
207 22 867 164 1090 258 1347 194 1364 257 588 93 36 146 1236 226 465 189 905 176 674 116 1491 51 262 216 946 217 696 179 583 281 69 296 1486 263 86 191 1397 220 1131 293 156 230 1210 81 710
208 22 883 94 275 279 1003 251 411 245 449 236 31 282 932 197 246 284 692 268 343 57 693 153 274 89 313 262 1244 262 441 222 975 116 562 271 139 279 462 166 265 82 518 210 694 114 1337
209 22 861 159 1260 153 699 258 697 206 1116 148 684 247 27 292 206 280 63 292 1097 219 27 204 1360 236 386 175 222 176 815 143 1386 72 1245 64 341 200 1483 297 774 206 287 178 695 104 802
210 22 801 59 455 266 755 234 865 49 64 280 409 283 935 170 225 188 1332 271 144 67 850 256 1232 237 591 37 1039 20 771 188 1470 194 490 234 315 167 1094 229 454 174 296 128 777 277 1467
211 22 857 223 1270 95 654 251 673 293 147 293 472 88 79 265 1461 43 1369 81 1040 58 165 237 478 91 1199 286 760 280 972 265 1363 243 164 260 258 176 1198 290 624 88 170 141 94 239 1199
212 22 764 300 1432 103 838 109 960 99 431 137 1093 222 1244 133 749 203 521 185 1430 217 467 295 1212 209 1220 64 1042 128 449 250 867 227 1126 36 968 12 144 143 1234 284 1405 233 847 235 1236
213 22 984 188 96 253 637 191 1400 189 1222 160 1147 256 1364 292 1095 232 1489 207 687 281 1298 224 1450 275 517 256 146 154 164 227 1359 231 586 174 1261 288 142 198 1276 206 670 253 1264 188 747
214 22 810 276 1303 64 864 133 756 148 99 119 1183 144 586 296 327 184 884 58 63 143 378 132 522 123 894 167 631 222 17 263 157 251 839 273 1338 209 173 270 520 205 772 255 437 118 711
215 22 942 224 1470 259 1282 200 295 281 1058 279 896 79 81 228 1245 73 1066 279 1319 290 401 246 469 230 723 162 804 280 73 190 1423 118 439 268 477 30 1129 279 1253 276 993 274 1289 165 643
216 22 776 145 343 282 99 161 1193 112 379 115 804 86 128 195 161 259 937 35 219 164 538 248 994 255 694 229 1296 156 1448 237 802 123 1472 234 932 66 215 235 1144 109 1011 164 1037 274 1435
217 22 784 191 740 222 298 197 339 212 81 298 1051 179 242 243 1231 77 1155 85 421 127 1266 141 1387 13 759 220 515 186 478 101 1093 256 1273 300 662 235 1336 87 469 191 392 105 1374 254 688
218 22 924 105 27 282 46 109 624 267 312 220 891 292 57 267 688 268 25 273 558 73 1112 174 672 250 864 152 575 216 635 274 478 291 1123 96 239 138 846 236 861 198 510 291 446 148 366
219 22 898 163 119 223 362 199 259 147 586 230 1058 296 1365 201 314 181 941 197 1410 185 839 143 789 258 1477 228 1373 297 1135 293 24 111 932 171 720 170 1265 276 458 121 33 228 592 174 1006
220 22 929 212 390 246 813 140 1195 187 781 256 859 51 395 167 766 258 1455 295 1236 257 358 50 738 171 935 245 310 226 1248 168 281 271 475 275 1195 271 409 214 1428 257 342 230 1081 199 829
221 22 993 259 797 277 1068 299 1353 231 825 264 1300 169 376 293 643 205 946 242 309 102 522 192 147 161 722 206 63 273 478 117 1335 160 834 293 1431 276 1021 249 280 259 233 295 1319 145 1221
222 22 914 62 726 277 1068 291 195 159 918 164 834 299 1473 282 290 262 440 9 968 272 1272 185 678 189 903 270 528 227 432 263 457 114 352 190 335 275 835 249 530 117 883 230 1136 188 1071
223 22 839 283 534 247 725 124 790 212 174 299 407 260 730 236 926 131 1142 165 20 287 809 282 352 153 1004 134 843 222 96 109 774 182 358 264 1332 18 1328 100 698 94 655 218 177 178 615
224 22 833 283 1014 91 838 84 174 259 175 135 1172 225 1110 125 1055 118 818 261 1143 87 219 185 348 253 232 224 570 197 8 74 488 77 474 262 500 273 1092 293 278 229 984 266 1007 165 838
225 22 823 176 1184 235 1025 225 1398 284 1367 272 223 279 137 153 411 167 935 240 939 223 784 214 592 115 50 18 1261 271 245 267 206 274 265 151 461 184 1484 123 640 52 365 103 203 90 314
226 22 899 231 1156 269 913 125 1361 256 934 270 457 261 320 60 680 159 949 252 419 289 261 173 626 233 297 99 1146 271 221 159 43 118 102 273 1367 242 39 242 687 129 600 205 45 179 742
227 22 842 296 1499 126 339 167 1385 100 1373 81 1032 128 499 106 593 212 1392 192 1206 228 1226 267 1271 270 808 279 1038 53 112 123 942 189 1375 244 80 177 680 200 1221 277 39 262 26 233 262
228 22 899 121 465 147 1353 300 397 294 25 188 603 262 218 257 31 56 611 283 208 109 1359 245 1249 186 630 296 1353 54 1404 188 460 162 1171 266 876 279 1035 234 461 189 104 200 819 181 1118
229 22 976 259 804 137 28 226 68 241 838 253 1287 154 171 282 794 237 1356 202 129 169 1195 219 744 168 520 247 281 205 213 266 665 262 293 221 28 185 1494 285 96 226 1077 280 1096 160 1482
230 22 958 223 430 114 1078 207 687 195 572 290 1008 249 779 264 572 296 1138 296 114 280 332 214 1373 243 1361 257 655 158 1316 105 834 256 1222 78 644 261 21 121 846 224 1213 207 1108 253 486
231 22 822 251 681 55 209 285 1273 119 966 192 222 156 606 140 228 84 534 253 77 203 240 207 693 223 923 266 283 233 786 46 400 211 51 221 1228 142 1249 100 791 253 84 266 752 208 101
232 22 751 37 978 135 1059 175 257 122 443 87 448 235 329 150 463 264 104 285 568 251 1031 221 506 220 1294 61 768 288 873 143 1385 267 1329 88 104 53 1000 170 1082 153 370 218 202 135 1020
233 22 771 234 759 233 273 136 1378 131 332 181 177 193 820 270 1289 252 456 238 1064 192 1049 283 841 128 1318 164 35 161 1484 126 617 32 889 185 486 117 1394 223 1316 263 517 36 943 80 996
234 22 844 242 821 277 1090 210 979 50 1421 32 1429 201 931 297 967 243 981 285 446 213 995 178 1413 222 520 138 184 202 1340 262 1433 62 784 253 521 67 349 185 1478 235 64 124 772 246 454
235 22 914 236 640 136 868 261 338 169 718 254 1000 260 903 297 1415 185 352 144 1141 243 370 169 1222 174 489 162 634 235 792 253 1299 236 215 65 1395 282 1319 272 959 156 302 227 1090 158 1382
236 22 845 96 1452 147 1412 65 1465 221 46 209 459 239 405 181 1278 243 643 198 948 240 1341 289 1432 241 1176 300 329 38 1353 159 585 100 420 159 896 278 431 205 75 283 204 258 956 80 1465
237 22 787 177 635 217 1488 78 914 96 441 243 750 212 93 245 560 206 204 118 210 212 750 201 210 276 489 298 162 114 446 130 1419 79 150 233 571 144 1473 20 80 167 56 217 985 253 1479
238 22 820 260 382 109 803 225 637 175 816 162 584 54 988 296 307 250 1375 15 1356 276 1274 179 214 176 360 265 1286 120 540 221 871 59 324 140 105 192 968 255 172 109 406 284 1107 280 1319
239 22 804 161 573 21 188 153 1341 250 1269 188 1016 105 277 175 1271 266 142 217 1272 235 141 256 1480 175 1234 152 1309 279 1340 159 380 289 1487 47 582 170 1101 238 951 125 2 75 1458 285 122
240 22 852 126 774 226 1204 300 921 250 472 98 879 224 523 96 130 132 1494 232 442 182 153 210 868 288 21 189 86 126 504 118 1147 218 506 224 502 193 900 225 697 174 229 186 212 247 488
241 22 938 263 591 225 1176 178 1473 273 1295 75 645 259 705 177 106 234 612 287 853 297 917 159 859 252 1211 282 1395 187 522 243 1206 245 1485 167 624 226 164 147 2 279 1281 83 1006 153 193
242 22 924 157 710 187 416 180 1171 206 834 187 77 257 1236 204 568 160 44 219 62 88 1493 212 759 141 484 214 811 223 180 225 937 236 645 289 1097 219 1102 254 712 252 781 253 273 260 1202
243 22 925 71 348 272 146 158 346 262 756 131 769 295 1187 219 673 277 49 211 1193 258 161 166 773 208 429 278 989 291 898 277 1290 218 591 40 207 257 1070 243 1022 111 1161 300 681 86 695
244 22 920 82 149 155 1132 280 30 222 462 252 862 119 65 131 1186 232 327 247 750 244 673 86 1069 291 1429 259 659 254 1055 231 708 202 905 294 222 271 1097 207 5 264 1286 100 277 178 969
245 22 941 298 1366 184 1163 277 26 11 1146 137 1438 242 1401 261 805 288 1370 288 975 279 1339 182 44 94 1186 264 35 234 223 249 299 213 561 38 168 236 408 299 968 299 1415 175 480 159 247
246 22 893 284 106 81 574 219 1016 234 187 213 827 206 715 78 6 204 1096 253 1329 274 1422 161 234 151 5 300 252 179 1336 286 1211 157 8 194 1154 160 642 300 456 165 76 256 604 112 828
247 22 789 286 1020 269 1357 79 505 288 1396 232 604 280 1062 135 890 40 111 240 1119 124 647 274 811 53 752 89 578 157 622 288 363 62 488 281 552 74 53 69 236 93 1281 300 603 233 376
248 22 1001 297 579 298 605 168 1166 287 1087 201 111 278 3 227 94 115 1312 292 511 242 488 285 221 166 1335 138 783 293 462 195 491 125 1385 245 339 253 165 252 479 205 1173 174 151 273 1148
249 22 867 168 910 290 806 170 730 183 1223 66 709 275 224 286 181 298 1247 237 1491 278 1318 173 507 89 257 271 51 34 1066 105 751 281 209 96 278 281 231 45 603 245 354 283 783 183 1371
250 22 914 281 523 266 1065 291 1028 156 1390 87 1043 280 1483 149 871 196 1123 259 478 104 1222 268 875 269 508 124 1230 268 932 290 883 190 982 109 1374 121 660 282 1242 163 145 179 1375 242 917
251 22 901 255 504 116 1242 288 868 260 886 228 913 141 417 290 284 231 7 214 744 82 423 117 178 292 1429 282 1227 243 506 199 1362 263 1267 221 815 127 968 94 1402 117 546 162 725 287 781
252 22 820 255 313 174 728 290 976 245 17 94 151 193 345 130 1214 87 924 129 984 216 195 248 2 234 1156 208 1093 229 1376 51 76 129 1179 261 1126 267 1379 249 892 159 1010 124 232 131 231
253 22 876 220 105 31 583 245 425 228 992 271 1206 206 317 62 390 204 1165 292 295 268 1423 205 565 157 101 185 1392 120 1419 122 1329 285 175 172 756 153 316 274 1476 253 557 162 411 269 482
254 22 908 112 54 236 744 143 660 280 216 256 86 256 236 201 227 69 1252 250 1464 210 1155 161 331 251 472 257 1490 149 942 171 261 228 886 152 1196 125 42 296 86 213 549 238 959 290 222
255 22 937 253 668 262 239 282 920 93 872 290 1153 186 1075 281 494 254 1061 296 176 11 458 163 599 270 266 42 1371 298 153 200 1401 232 480 193 464 185 1081 194 1031 224 1223 226 1253 254 1138
256 22 882 164 1237 161 1428 267 883 46 273 228 154 289 446 267 1060 250 318 110 547 102 1105 248 1041 237 289 298 1475 49 279 108 1390 264 1260 229 829 241 712 193 294 139 697 265 1034 258 1125
257 22 855 172 289 119 830 218 193 178 99 50 496 113 874 179 1037 245 80 297 513 260 1109 106 1030 125 661 269 316 127 1433 239 1316 229 125 280 272 231 1334 137 640 159 1448 300 851 244 649
258 22 844 101 569 254 585 186 1162 133 1490 155 1375 275 699 266 1283 229 1409 151 922 266 410 7 204 299 1325 204 1149 240 1235 101 514 282 656 152 414 102 1388 229 30 116 203 229 721 243 814
259 22 833 153 1071 277 685 281 508 176 161 54 108 296 81 251 1017 299 726 128 425 179 1413 51 1056 237 820 209 877 225 1132 188 640 273 882 71 394 116 175 203 372 267 766 209 26 23 413
260 22 915 263 983 261 1054 300 1313 254 860 115 428 139 472 200 850 206 251 114 1018 257 896 186 240 120 134 213 1380 244 1138 258 1341 257 173 264 271 157 977 159 446 240 1041 226 769 142 702
261 22 871 195 215 227 636 92 643 274 1454 243 1293 192 1288 197 1192 181 524 105 1454 291 1315 298 887 144 911 77 1123 157 1302 176 508 203 1267 258 1378 227 745 200 48 238 943 155 1146 225 245
262 22 891 248 1115 205 1206 209 1416 184 120 193 218 256 847 207 1395 265 1105 72 179 53 10 209 1007 137 899 189 293 123 1355 278 568 154 861 216 198 238 1378 279 494 222 485 281 216 241 948
263 22 861 244 1324 229 420 270 238 284 145 53 1062 80 801 248 1160 187 913 167 784 109 1105 156 1086 251 1183 190 641 175 995 266 848 245 2 226 479 234 436 106 895 218 438 210 1040 161 428
264 22 931 177 1408 297 1217 261 1220 267 227 163 296 268 406 115 414 105 1223 285 484 147 332 215 781 271 467 70 442 246 216 168 1428 208 1040 263 798 248 1230 264 125 100 120 259 447 261 1279
265 22 895 234 348 289 812 106 213 217 4 120 608 111 1228 294 1290 211 226 134 1283 191 240 274 977 48 488 191 666 290 894 201 1499 200 59 264 1491 270 178 289 1446 217 344 103 996 223 1279
266 22 897 231 1320 256 445 239 588 278 1299 107 919 272 1411 104 1120 163 50 108 311 249 998 284 478 271 384 118 1307 98 1424 223 1028 62 926 287 928 267 1409 254 158 227 1033 252 1111 137 534
267 22 886 169 460 106 196 285 762 132 795 242 385 286 309 288 1199 295 1496 267 1375 144 57 157 822 63 579 278 625 191 804 238 935 165 1172 258 503 296 1374 108 154 227 364 182 16 55 489
268 22 999 276 136 167 822 198 113 238 1187 249 352 261 338 106 887 163 100 298 525 284 1250 189 104 102 526 269 769 243 1075 238 150 231 1248 172 660 206 720 286 152 238 703 296 461 287 909
269 22 915 101 797 209 239 132 253 236 1215 104 340 275 1315 288 29 192 674 202 611 286 886 273 1061 259 268 146 1376 233 672 297 1479 275 83 166 873 221 355 84 1035 266 1349 155 944 178 1471
270 22 899 164 1025 220 706 150 987 156 1342 253 518 234 1443 269 1227 120 612 173 313 107 635 80 1097 277 879 194 1203 292 10 201 553 294 950 161 637 274 142 216 435 210 600 175 1099 278 359
271 22 881 183 304 187 944 74 397 207 327 136 1144 91 1460 252 742 176 841 209 752 248 805 255 1045 134 708 170 1011 281 1167 139 196 255 353 194 1343 277 1308 234 1456 215 967 236 1070 253 1372
272 22 858 215 122 173 206 222 376 295 580 193 376 293 283 91 1092 226 1176 178 902 269 890 174 1071 298 136 189 1393 106 1082 215 816 106 8 243 1109 64 1279 125 607 256 1044 184 980 175 664
273 22 844 235 52 218 1074 183 651 147 1363 169 1150 267 716 258 514 163 1195 165 201 266 1362 200 979 236 890 270 965 241 1396 114 484 58 1060 265 594 174 246 271 1084 168 1189 120 1276 33 759
274 22 956 252 247 283 711 187 40 140 1177 262 1322 297 834 257 1310 274 115 248 637 164 355 197 70 291 1484 225 1153 198 124 214 410 192 570 283 20 64 809 259 364 220 76 137 762 137 996
275 22 918 180 5 198 851 124 1154 220 278 298 1473 243 1053 192 274 255 734 218 1314 158 1221 250 1234 244 593 167 159 266 1043 287 667 266 593 91 1429 204 1055 175 80 175 1277 178 609 204 226
276 22 819 286 892 226 31 122 436 46 37 251 807 291 1160 121 1399 196 696 274 1106 246 1048 48 504 28 33 163 369 275 186 292 476 297 402 119 1290 84 906 185 1214 166 129 292 1215 87 1252
277 22 869 95 243 225 121 122 508 176 157 280 1184 188 68 143 404 219 459 296 1295 57 1353 240 194 141 577 281 1054 144 854 274 978 295 581 138 1410 118 264 236 1397 207 38 211 1223 261 1215
278 22 879 179 1375 290 1480 229 838 217 981 288 607 255 363 131 193 243 217 127 1129 227 961 169 259 229 647 51 1119 294 65 227 1433 79 390 246 641 151 374 214 468 68 239 295 148 190 286
279 22 968 113 1283 76 200 230 462 300 477 250 615 273 530 166 912 274 1238 192 58 286 321 228 417 233 462 138 1434 235 1010 277 33 235 516 155 210 254 1458 241 217 293 71 114 1069 279 372
280 22 869 49 719 296 836 281 372 244 507 117 530 230 916 211 225 23 858 172 1068 128 838 244 1304 178 1435 147 405 234 1016 230 698 258 472 268 1280 226 1210 278 170 270 87 128 227 134 582
281 22 877 220 1345 231 748 202 653 200 186 88 107 185 512 226 829 212 708 266 997 221 915 207 551 237 511 270 1235 166 338 244 285 139 1019 90 1000 271 1497 73 545 224 169 179 999 235 834
282 22 896 48 554 235 119 101 528 300 831 285 665 258 884 260 1449 167 381 212 387 269 666 288 1233 293 2 273 234 300 870 232 449 23 442 211 336 197 585 282 95 149 248 24 1273 77 272
283 22 865 177 964 177 276 151 1261 222 155 47 599 156 1491 200 827 226 1027 241 562 215 798 113 1327 297 1220 161 1067 292 229 275 746 297 323 298 1383 80 1193 170 845 35 711 228 530 267 189
284 22 925 267 1335 190 707 181 1416 207 377 246 970 285 1178 187 611 263 1251 234 875 293 1006 279 739 66 192 54 83 159 1095 198 848 100 660 300 530 297 879 183 816 243 506 103 250 294 1257
285 22 851 284 360 256 921 112 383 256 66 155 650 219 1386 298 233 30 1275 264 1489 268 361 93 1391 125 692 186 1302 241 574 101 54 147 429 184 315 214 716 96 662 270 750 294 1473 162 792
286 22 893 200 362 130 1229 271 1146 266 923 134 559 267 1334 206 124 170 208 291 1454 76 866 292 432 166 520 298 1468 260 1457 71 661 100 1140 194 752 181 441 297 991 161 127 285 547 152 146
287 22 903 289 976 267 1068 283 341 226 1094 272 195 244 1307 237 60 156 1143 126 568 296 1500 110 518 91 503 157 3 260 225 149 781 249 1359 162 1296 65 435 185 1393 221 139 177 769 297 926
288 22 845 250 540 288 9 198 429 197 219 206 726 179 1107 164 110 53 286 161 949 180 591 258 134 273 215 83 1137 139 715 263 422 227 392 130 508 163 1258 282 1102 245 1263 64 1192 225 577
289 22 788 101 681 223 1099 244 841 92 286 288 461 222 996 205 858 276 1130 62 969 104 1150 134 526 221 707 88 165 271 201 82 1184 210 129 288 281 183 549 208 585 137 1372 284 994 17 830
290 22 815 29 1139 28 1317 139 550 254 1137 254 1105 172 1058 156 174 225 703 195 975 299 878 242 645 278 683 236 1100 66 696 178 524 111 1291 242 78 184 485 175 99 131 888 256 555 227 1386
291 22 862 289 1096 264 990 265 763 218 625 277 840 69 1243 164 975 112 587 64 1406 153 1053 282 1076 237 868 37 81 183 936 254 954 145 929 59 1048 226 637 266 1200 293 969 257 918 196 1162
292 22 941 198 1220 139 1465 275 402 276 1204 73 713 241 1061 157 820 273 828 250 36 243 535 250 754 276 324 116 397 184 780 213 794 195 718 100 61 196 963 288 340 278 5 230 647 257 362
293 22 885 283 291 251 279 257 378 172 462 152 1214 280 1128 297 319 203 541 199 979 253 1171 180 1489 121 900 115 1405 79 1351 212 182 261 893 226 621 158 761 81 253 201 190 155 769 290 719
294 22 865 142 577 65 1282 202 501 230 678 225 195 126 1323 249 1136 175 979 276 968 144 186 268 1246 19 212 292 39 226 340 199 920 157 1254 197 1147 143 75 197 1025 280 98 299 537 214 338
295 22 877 289 1400 88 817 227 782 41 879 244 1326 178 89 49 1437 299 1446 289 754 263 1495 250 972 226 574 255 1061 137 1111 293 446 255 139 98 1138 223 651 264 864 194 1160 9 687 215 925
296 22 873 251 494 254 578 276 679 236 297 272 416 105 101 187 266 225 297 239 485 205 687 172 581 164 554 168 1024 212 7 286 457 103 728 110 1471 259 1468 51 1143 77 1015 281 158 236 956
297 22 874 222 1368 226 247 278 358 211 177 174 811 226 1194 273 191 246 461 14 175 125 1014 200 979 174 1059 267 778 226 268 240 27 297 1113 219 402 82 1408 288 690 52 122 254 735 77 695
298 22 759 6 1193 228 824 246 151 284 815 161 1113 67 1001 269 236 193 1243 113 130 69 337 201 873 198 1274 111 461 222 473 84 1402 232 1318 82 578 149 1083 207 471 296 466 214 480 163 639
299 22 884 147 1145 120 982 105 739 186 295 288 574 89 449 138 1435 278 38 281 1197 256 25 229 46 299 1149 210 248 77 635 238 1285 192 998 151 1217 295 1102 186 110 188 820 299 405 172 1497
300 22 782 299 442 202 764 296 1053 196 1024 24 847 76 831 107 1219 284 69 293 690 56 1396 112 72 98 765 90 501 246 496 270 1420 53 1318 251 1463 188 202 287 684 164 5 106 1207 212 1424
301 22 964 254 1165 232 1364 250 754 123 452 152 901 201 466 281 12 300 206 61 249 281 1188 293 431 51 831 214 1409 290 500 244 989 202 135 252 1068 205 1182 183 649 295 1026 247 3 209 59
302 22 912 155 253 188 1062 263 1472 169 1084 294 690 268 959 257 577 270 717 285 772 21 460 293 947 259 1001 171 1150 193 505 190 1332 141 627 229 1332 181 518 71 1194 212 183 233 516 218 275
303 22 831 75 206 262 1136 277 1283 222 1330 131 1277 62 1307 290 1180 140 1431 199 203 225 1001 151 1413 192 68 212 809 198 1464 180 595 158 1154 239 521 201 816 119 1135 222 1150 117 1411 285 552
304 22 887 296 324 104 929 227 756 237 3 157 982 161 889 270 1465 170 1349 115 1353 223 1119 273 971 81 1389 135 841 181 1079 284 931 181 927 264 1264 226 558 166 365 173 734 236 1051 276 19
305 22 885 236 1022 279 537 168 646 162 846 252 22 263 1332 218 972 51 835 278 656 170 548 188 714 238 86 185 787 39 811 282 429 225 1421 294 860 270 1366 107 875 137 450 172 50 211 225
306 22 937 171 346 206 375 245 155 285 553 278 1384 196 1376 202 1256 250 293 263 51 53 529 206 1466 297 1223 105 770 258 1474 188 669 278 1000 288 1072 141 788 275 41 126 440 254 1390 120 402
307 22 846 265 1498 286 874 171 696 194 895 53 812 259 815 125 1149 261 1325 120 1306 268 698 119 721 206 916 294 1104 134 1143 253 577 65 428 159 1111 258 289 293 1221 129 1190 276 1019 43 1075
308 22 1034 267 1107 183 173 289 1032 160 368 119 751 157 395 282 1374 278 322 267 736 224 1264 273 588 183 1101 218 1379 226 1068 259 1318 183 910 288 1137 289 898 255 851 241 108 254 312 278 1172
309 22 879 196 1241 149 862 190 1343 243 1308 84 1414 129 446 286 457 130 517 267 1382 234 802 60 919 119 847 300 923 92 694 235 355 185 1052 276 727 276 527 156 812 288 88 235 334 265 521
310 22 870 275 1233 227 390 132 255 269 708 221 138 258 1133 165 112 188 470 160 856 229 633 242 372 272 1138 57 1039 166 1195 242 1295 107 1324 130 639 291 1486 285 1169 122 1424 34 1499 281 403
311 22 912 270 339 266 1037 171 471 161 320 144 881 240 63 253 468 238 1008 207 110 145 1451 215 798 233 1217 225 1246 238 1250 52 1281 109 155 295 326 241 435 277 855 164 1424 153 1007 266 1035
312 22 864 268 1163 157 1183 267 824 127 1446 262 986 137 690 144 388 245 1138 294 815 209 1291 275 786 81 662 189 426 228 1284 277 315 274 904 129 309 171 733 228 1317 103 489 75 1095 182 23
313 22 862 48 862 198 690 257 314 214 224 253 1426 150 881 286 799 137 267 161 1044 196 627 280 632 293 1215 151 1092 168 885 188 592 172 895 275 692 211 514 280 1388 136 116 11 1264 246 65
314 22 827 271 1009 157 1467 260 329 204 1245 277 1415 279 1437 261 32 164 744 239 291 226 607 81 549 29 515 184 1256 99 1311 83 1128 205 1434 61 1091 174 76 215 1341 195 517 277 1136 198 1336
315 22 769 215 13 126 1031 167 354 227 1170 245 765 128 1084 247 408 198 467 209 291 199 1109 144 387 280 1328 152 1448 258 137 56 510 251 163 249 1260 149 270 47 21 102 355 35 764 161 1051
316 22 918 86 1086 127 1234 298 731 272 493 112 1206 203 1344 160 132 162 359 168 330 15 307 156 147 260 471 283 909 199 1059 271 203 284 1183 294 250 275 1139 244 1123 228 537 285 932 209 240
317 22 941 227 985 141 494 230 512 142 1112 230 850 195 1249 215 1071 129 694 294 932 141 684 266 835 286 557 215 211 151 299 220 1403 133 639 267 94 245 1273 290 1103 144 673 295 171 250 1166
318 22 780 291 1264 126 1241 73 39 257 398 213 1041 157 1060 215 1092 120 1317 173 758 180 1125 288 908 182 487 227 450 191 683 94 1252 235 341 177 1273 184 580 173 818 182 683 89 1440 73 214
319 22 733 172 1274 155 1431 116 832 65 85 291 1489 224 41 154 1277 60 592 128 557 68 707 38 1064 245 1260 157 888 122 979 29 1486 201 725 226 1141 297 735 187 1410 277 502 214 537 243 143
320 22 804 288 561 163 91 214 1375 53 359 130 752 234 1145 289 547 273 1491 206 514 220 203 105 931 84 1155 260 205 141 1 297 896 133 1485 283 453 64 1325 129 157 81 1187 104 49 269 1326
321 22 852 240 161 241 1101 87 174 90 16 288 455 145 706 269 624 170 599 236 682 204 1139 150 409 273 1022 163 1314 202 685 134 297 137 1015 296 1270 30 304 213 388 158 1315 245 1418 292 340
322 22 848 109 305 144 656 165 861 205 886 32 768 116 1269 231 641 276 296 169 19 185 2 282 744 132 664 223 447 229 1447 234 755 264 580 199 130 260 304 211 841 92 93 229 896 256 239
323 22 830 151 915 234 63 177 866 225 1430 66 73 207 1298 226 771 289 296 197 1133 215 71 66 503 136 27 122 1085 210 1389 180 364 90 522 197 269 109 1401 259 112 280 165 248 931 270 420
324 22 986 240 578 298 993 298 1215 214 162 262 376 158 329 289 1043 136 179 251 1173 184 647 211 909 293 1420 154 386 299 588 121 253 197 945 237 473 298 1437 295 241 214 354 78 926 204 1392
325 22 880 262 834 223 808 277 53 215 488 178 1445 285 20 285 1441 199 662 190 1315 35 1437 253 344 207 453 100 413 252 935 264 702 37 761 157 1418 92 310 247 662 159 114 272 1322 212 209
326 22 882 270 465 270 564 142 1168 124 1397 55 134 293 541 93 1226 245 224 87 914 136 1238 141 317 215 55 247 696 235 1322 257 135 46 1323 279 1202 164 1130 293 861 258 1378 287 692 276 591
327 22 866 232 821 230 949 268 1305 197 762 242 1040 257 204 254 59 48 300 165 671 181 876 253 700 92 378 206 1355 132 1061 155 985 102 327 289 75 166 937 56 216 300 789 271 915 234 1010
328 22 928 277 1462 77 61 41 1490 254 33 79 1362 267 833 296 1278 185 112 264 938 232 1380 256 1220 229 212 199 1256 228 690 227 596 233 796 118 312 297 969 265 1375 197 455 259 120 160 111
329 22 789 288 1420 141 86 40 1035 91 872 241 950 233 324 236 689 239 1274 122 1174 186 817 262 254 30 1361 172 665 191 363 262 1070 184 1268 287 1004 84 438 129 1229 280 1263 101 1269 149 48
330 22 889 152 1478 141 217 67 207 97 867 205 867 276 589 296 84 90 1191 245 1044 156 1271 272 569 119 1241 242 285 215 1012 219 660 221 518 298 469 135 1396 270 830 258 1485 287 1435 186 893
331 22 869 106 397 248 1386 175 138 160 1055 170 1244 235 595 282 1408 300 501 270 123 149 878 219 780 299 1027 181 1033 100 802 224 1400 191 640 213 589 243 406 93 1233 78 466 281 999 132 1434
332 22 873 115 541 110 921 253 581 216 601 98 1397 125 1015 167 667 261 777 249 1436 256 151 266 193 251 613 110 874 128 1423 262 353 164 1349 208 1333 290 341 135 194 174 1423 256 338 273 1174
333 22 805 281 746 208 1391 261 327 227 1449 198 1341 115 213 150 920 252 546 122 1438 218 405 224 501 177 1256 174 1154 124 459 215 403 166 377 210 134 163 727 167 477 90 909 111 856 176 1273
334 22 718 89 849 155 90 218 889 185 1475 260 258 23 332 149 1477 279 72 188 706 171 408 122 1324 167 1191 16 291 177 376 116 746 70 1031 225 49 171 1112 278 545 180 225 173 1084 182 1310
335 22 920 118 1407 195 113 166 149 107 567 257 519 246 1073 166 1058 261 131 218 529 189 93 267 961 195 767 245 486 257 379 165 533 260 664 260 693 208 313 275 46 31 1051 218 1448 298 470
336 22 941 223 619 209 783 16 1218 233 1155 254 1274 263 158 183 190 294 574 242 100 284 1326 262 1451 256 161 253 731 127 1411 291 752 270 920 233 583 298 569 96 837 104 991 95 78 220 1278
337 22 850 72 342 246 429 279 608 283 1157 165 1026 168 937 227 1440 260 1421 126 1355 156 384 164 692 250 736 187 1026 85 1082 244 835 178 880 120 233 164 655 247 346 148 895 263 746 222 936
338 22 939 212 931 90 711 288 516 278 1297 214 829 218 1126 149 787 187 845 243 1470 293 1391 272 1434 271 452 268 1466 174 1442 212 247 248 1214 259 137 223 72 95 703 11 410 203 619 287 1389
339 22 974 97 902 266 1345 238 146 288 1487 260 937 99 392 213 1098 247 540 69 1408 173 242 218 648 259 764 294 993 206 1375 260 864 154 131 291 1134 253 154 296 935 134 558 280 851 275 1075
340 22 915 272 726 268 565 156 1444 152 672 183 707 245 1306 228 1229 80 134 186 365 149 1200 242 1070 207 731 272 177 131 43 282 183 289 411 176 312 40 1368 196 205 242 254 287 176 294 139
341 22 952 204 1483 263 23 228 1284 241 532 207 655 238 568 254 1499 181 197 199 102 259 1135 133 834 269 644 83 224 56 26 238 1065 253 1500 278 354 241 630 210 617 272 278 182 1145 273 1449
342 22 850 172 1027 290 768 285 220 141 850 258 165 173 1364 119 965 165 791 118 641 173 514 250 867 52 395 237 109 108 1059 102 210 160 241 205 1176 296 619 275 1177 226 219 242 47 203 196
343 22 804 232 1183 181 1221 264 107 125 1033 118 1106 150 201 245 390 153 359 194 80 144 477 289 768 250 887 78 1002 183 1422 123 105 270 1415 214 738 212 62 170 352 93 582 118 297 215 462
344 22 830 214 393 280 745 104 453 256 375 192 1309 222 20 287 892 88 1072 211 791 107 564 224 425 67 1025 204 858 195 784 234 994 241 1211 200 580 229 290 204 453 72 161 223 1079 98 91
345 22 876 227 681 213 177 190 152 90 46 226 106 290 848 229 491 293 79 199 738 124 161 123 83 216 543 277 62 217 576 99 104 86 1303 252 966 137 1465 249 656 151 53 285 1325 208 202
346 22 852 249 630 160 1489 260 1446 104 1274 208 1407 92 71 210 1186 77 500 233 407 264 814 224 999 227 723 91 1145 197 1173 253 57 275 574 281 585 238 782 169 239 188 33 44 257 220 656
347 22 878 75 841 261 1132 271 558 171 1318 79 1291 202 1485 162 1455 290 930 288 703 131 797 291 825 187 424 156 1243 275 1311 166 82 246 1196 127 1153 169 859 263 1023 162 136 136 61 284 1047
348 22 919 275 372 223 1097 204 1433 194 1218 252 985 137 1156 272 1053 263 1499 186 426 239 491 206 354 196 1148 144 436 175 902 135 1009 240 972 200 830 58 1020 274 888 187 1206 270 79 267 581
349 22 958 81 800 233 53 211 523 121 907 264 1422 248 911 141 574 290 557 296 369 193 870 286 611 247 1186 292 220 292 592 154 43 296 478 276 33 225 370 163 874 88 555 176 361 221 682
350 22 792 72 744 231 191 84 1490 101 161 281 369 239 170 106 989 293 1362 284 1428 150 925 176 364 245 763 210 1335 52 1211 36 1417 300 540 150 206 234 623 204 204 115 230 275 1297 125 705
351 22 879 239 335 199 796 234 883 257 1137 124 1065 103 748 293 1112 298 1406 245 6 181 241 219 1158 149 965 157 953 169 688 30 1086 199 232 166 587 240 1402 229 1388 288 990 220 908 158 427
352 22 875 197 1362 295 144 192 1421 94 467 270 455 258 896 230 504 163 875 258 1303 263 1410 173 734 147 517 142 351 204 932 240 417 230 551 220 1261 234 677 149 481 114 1200 223 513 79 926
353 22 904 235 1179 230 1486 96 853 243 59 248 571 218 1306 141 647 195 1062 127 141 187 419 268 859 140 72 300 1029 228 94 114 893 209 1094 150 999 262 35 277 443 200 1043 208 83 247 2
354 22 751 207 403 81 1261 277 1010 57 842 98 828 174 339 90 660 63 1049 263 377 246 110 113 603 153 1192 118 327 199 440 231 391 251 115 99 528 295 457 148 883 261 1116 210 195 123 569
355 22 892 115 1449 208 141 208 430 250 997 194 1007 240 575 278 350 187 281 241 1432 236 1278 259 752 192 476 83 1370 256 1260 211 940 22 477 257 1360 216 1308 185 112 235 566 138 197 252 984
356 22 897 235 115 296 328 296 401 254 399 169 769 78 518 169 452 232 1452 177 1177 192 1087 250 1471 220 220 267 80 121 39 148 1069 178 1118 118 1178 256 736 198 1018 206 479 241 298 187 580
357 22 857 42 1308 182 872 198 1433 248 307 253 1299 281 791 154 366 93 1119 218 319 185 1380 228 1496 31 284 204 653 297 297 298 1484 186 616 253 36 91 1362 168 968 280 87 172 1098 223 176
358 22 939 239 515 210 666 88 101 258 1252 117 644 165 386 297 643 211 1462 205 675 264 1130 275 654 232 404 142 130 207 600 211 872 209 45 177 1314 276 1349 217 1459 231 512 293 28 171 163
359 22 865 203 1075 250 175 266 993 288 663 81 33 119 339 163 640 183 699 147 838 272 476 281 1216 258 1451 146 67 245 541 257 668 252 1479 94 450 214 686 91 451 253 1355 168 1367 95 573
360 22 825 204 707 28 330 180 78 124 1327 100 17 213 538 253 1214 280 385 199 421 164 688 234 668 152 1370 60 1130 243 68 181 1071 240 1206 231 432 263 296 105 410 290 1229 142 362 241 1410
361 22 793 264 307 234 1286 235 1233 291 5 188 507 123 447 171 1319 193 324 74 943 233 1494 187 1257 277 373 286 717 87 365 74 147 255 1438 121 1323 134 450 112 1128 122 575 93 1089 215 993
362 22 832 263 1407 122 831 274 1073 292 1371 254 1085 220 1184 205 1475 145 1440 256 838 147 1041 91 327 91 710 296 432 118 1057 269 414 126 1016 66 1266 186 412 200 1333 248 141 281 1320 10 1455
363 22 827 253 964 252 1010 118 1362 95 554 189 236 265 149 178 78 244 1206 19 472 203 1154 284 1350 174 10 203 37 136 874 246 1051 134 187 203 1276 103 141 200 1141 123 878 289 769 224 963
364 22 974 260 890 253 1446 181 973 223 601 262 167 229 201 119 1272 260 905 265 1029 284 407 269 1135 251 129 216 1078 226 517 134 629 276 384 261 1420 137 59 174 1210 174 44 176 1430 241 1374
365 22 947 285 823 187 96 212 62 143 726 111 922 170 334 212 474 228 686 104 1076 287 304 291 565 146 539 245 1111 92 889 254 46 200 393 293 1377 220 1103 296 27 247 228 223 490 290 29
366 22 886 149 1473 188 1472 295 1417 259 69 231 1203 220 551 258 196 168 1335 139 1396 135 557 270 136 265 185 235 1233 153 1455 161 202 257 1088 269 766 163 650 220 126 105 1249 95 1037 198 1175
367 22 760 209 319 209 296 274 70 230 1231 18 109 135 1107 123 899 19 381 162 220 219 400 155 247 111 463 255 735 298 364 203 874 262 149 248 584 72 1249 253 1080 91 425 246 1275 10 465
368 22 977 198 1057 216 205 220 1096 300 1246 119 1432 212 1150 200 981 234 1340 233 107 189 145 292 1105 254 557 217 611 273 1299 252 397 200 268 187 111 272 1142 182 209 175 1259 225 174 235 124
369 22 780 112 886 169 359 104 958 231 890 292 1454 227 1437 293 1113 166 877 175 535 167 1190 37 1052 287 819 62 838 186 468 191 531 135 908 140 44 282 501 67 38 201 635 151 1435 229 130
370 22 813 175 670 118 1079 113 101 175 760 278 92 255 203 128 1333 175 168 289 55 257 565 137 515 291 393 139 210 42 1142 245 1140 70 69 88 265 128 1365 216 622 204 1124 250 1141 293 972
371 22 932 224 147 58 415 152 816 48 961 160 12 280 1031 299 365 141 855 282 964 70 324 236 705 231 47 239 1227 269 162 261 262 266 335 224 1366 189 106 285 917 237 185 226 1139 286 276
372 22 792 191 737 127 706 249 290 197 1043 55 256 200 438 192 372 175 517 176 307 154 161 178 189 107 167 161 912 191 204 156 489 276 1012 244 1409 96 1464 74 881 298 199 243 203 224 1091
373 22 908 297 442 266 1103 128 1074 38 509 292 393 120 612 188 1143 130 856 255 12 165 1448 69 1358 257 1438 135 881 236 424 254 1429 250 1235 275 1439 169 1226 253 1260 263 1207 207 156 293 1291
374 22 911 232 150 140 1485 250 625 296 746 87 1180 258 1104 147 1044 198 615 82 561 299 726 143 455 268 261 178 754 283 725 188 71 152 241 287 1221 175 672 230 796 126 208 259 554 280 1266
375 22 812 255 189 185 1386 214 1113 206 1115 244 131 104 296 232 686 142 101 229 686 49 179 168 832 298 313 232 555 43 1161 121 522 194 1263 228 340 210 1361 291 1372 54 1466 93 767 270 27
376 22 1017 178 23 299 1228 267 82 174 983 177 1447 161 120 221 1243 218 1207 174 557 145 1417 268 298 296 426 287 12 295 1321 268 841 248 1091 203 550 268 374 259 1237 202 157 193 549 285 747
377 22 884 85 1211 261 1389 236 1138 284 1235 103 978 202 1140 81 657 285 1230 225 313 171 378 32 813 130 505 281 755 204 1476 153 659 277 872 291 64 225 1175 166 686 219 997 288 333 224 152
378 22 923 238 1396 205 116 268 1445 278 1418 221 1372 272 659 277 1414 154 782 228 1283 120 1271 212 282 249 157 25 1063 266 1151 105 1066 190 559 227 969 113 559 274 75 241 25 261 65 195 662
379 22 878 284 1291 98 394 234 1486 116 559 123 658 143 368 222 1115 298 81 125 700 38 793 227 352 262 1004 264 106 193 267 204 1192 280 1070 300 23 279 600 168 394 57 1044 214 455 265 1330
380 22 902 227 238 187 374 87 1254 254 1483 245 1323 22 1394 52 1081 214 705 120 607 274 54 289 873 240 428 242 121 298 1369 211 525 288 61 192 274 262 1308 255 1422 161 258 203 1497 188 383
381 22 935 87 1047 299 840 259 168 288 314 277 909 278 181 236 994 276 1038 205 694 235 403 201 1330 67 801 267 21 217 1388 271 1474 94 201 217 467 131 611 264 1327 130 428 98 230 282 695
382 22 973 201 137 253 353 272 1307 288 1236 204 1105 244 155 275 19 133 1033 260 1108 292 618 294 119 284 359 290 820 202 1307 116 568 92 786 65 97 252 1084 266 1103 174 813 175 327 236 941
383 22 806 102 1273 204 1033 95 374 217 1074 255 1127 292 400 89 501 156 1100 235 702 76 518 143 603 258 1482 293 362 181 559 112 9 225 499 122 603 193 174 269 664 273 1124 164 908 80 387
384 22 893 244 921 185 238 146 760 235 68 291 753 208 294 80 833 222 1423 242 869 63 1340 273 1425 199 423 135 276 44 39 290 482 260 1252 255 703 236 198 289 241 241 904 145 1363 184 1251
385 22 801 101 568 263 790 86 614 22 256 294 527 286 1462 71 1221 238 706 240 424 221 383 39 1359 300 256 222 766 267 1205 207 1072 156 208 128 942 184 654 133 795 199 628 149 960 202 901
386 22 898 121 1422 290 816 179 166 231 1098 201 911 138 1191 231 875 97 695 194 1428 275 1461 271 709 162 1102 264 394 265 706 48 1389 254 1153 278 1280 257 635 191 1400 251 443 113 717 180 831
387 22 919 187 568 69 237 187 562 280 658 287 1354 298 174 244 1278 181 1392 197 854 252 1261 45 898 290 1049 264 1150 260 1317 26 976 260 488 228 966 60 1015 280 764 293 285 116 1372 291 996
388 22 804 146 3 84 594 212 837 200 867 82 1036 287 1036 93 960 133 159 126 1237 54 413 258 379 233 345 125 1172 223 1206 299 1145 97 83 208 592 258 1325 133 74 294 608 275 439 203 912
389 22 803 154 26 165 308 259 1412 204 964 176 822 119 215 103 1202 112 576 42 37 43 171 241 977 290 7 175 291 207 455 289 1377 259 385 191 141 252 750 169 258 156 832 179 115 230 410
390 22 887 294 368 130 1039 293 895 164 842 203 58 150 761 61 1493 213 862 228 1299 167 1467 295 1295 132 1350 186 609 241 322 255 1017 145 313 187 523 150 1264 295 1159 181 1193 168 379 300 706
391 22 866 128 948 57 1109 231 859 249 1424 296 1057 293 1445 244 366 45 857 62 1441 256 802 174 555 217 584 200 902 96 393 215 159 125 1415 75 1229 293 864 227 1064 273 619 287 748 288 1109
392 22 921 86 818 288 1169 131 426 287 1465 212 755 255 1129 228 725 282 216 112 174 209 1167 212 1425 267 91 182 703 226 1466 276 617 76 954 236 84 277 1150 189 1285 196 1190 143 669 239 1427
393 22 880 234 1248 211 511 286 711 290 1107 94 1187 180 512 123 744 253 533 278 14 177 146 82 1331 66 21 252 168 269 1414 167 186 268 387 210 353 269 1277 204 1358 176 119 52 958 262 1308
394 22 746 42 1308 48 1461 225 470 275 1281 80 202 234 1427 124 396 271 1026 104 629 209 952 251 1336 162 909 259 290 171 1392 164 462 254 650 165 207 47 1273 123 2 178 736 96 825 251 729
395 22 919 112 1450 211 1089 259 1166 71 582 231 595 286 242 256 748 279 1466 220 603 249 425 257 1387 214 1089 181 290 123 1122 123 1163 227 1169 223 851 163 293 290 1042 243 820 112 67 269 825
396 22 770 199 516 254 1013 152 1163 206 794 47 1246 110 1111 149 669 138 655 243 928 206 1092 74 575 158 1130 95 708 161 995 157 242 290 690 245 616 117 1245 267 526 96 1158 262 1451 228 1433
397 22 954 227 677 275 1097 188 555 273 1343 243 1442 135 351 295 988 141 1315 291 1186 160 696 221 248 59 345 224 1116 90 437 230 1008 249 809 249 544 278 1232 278 16 279 87 122 1348 266 589
398 22 958 206 680 263 552 238 929 105 1446 222 1405 144 1186 254 894 266 810 275 871 224 1435 80 142 287 60 245 812 274 1275 286 1079 213 245 88 823 237 480 287 911 231 1088 183 717 183 490
399 22 816 114 43 198 993 263 823 175 230 204 1407 247 1296 281 97 242 373 191 500 145 1019 85 1435 79 487 256 491 170 609 165 584 264 1141 70 325 45 411 260 1432 204 1330 146 1250 278 1451
400 22 910 156 751 233 1037 169 355 217 1169 253 743 167 529 275 701 244 1336 140 853 98 1320 297 1042 81 1362 239 897 287 1358 272 414 267 1166 271 898 240 279 125 1400 209 1384 166 449 144 1308
401 22 956 226 922 150 265 287 881 292 882 298 1059 294 147 251 713 227 231 267 735 153 1365 272 367 147 1302 198 1059 202 1036 142 369 273 844 215 821 258 750 225 1491 66 939 117 1013 223 1459
402 22 902 125 1095 55 13 141 748 200 1265 264 1085 294 981 283 1171 138 1128 174 95 213 1343 178 212 263 897 295 1223 293 201 242 1112 227 1208 271 500 220 919 99 1192 137 811 177 646 224 423
403 22 906 283 1017 127 1178 248 813 138 438 252 362 288 817 242 77 161 330 164 1443 185 299 196 228 300 629 266 1154 152 1286 267 127 193 535 174 766 88 540 209 1001 187 852 266 1374 144 793
404 22 970 275 349 268 1011 132 229 254 836 149 219 198 1134 173 115 192 1335 286 555 203 735 249 667 110 1260 177 334 266 582 210 138 294 159 230 1259 222 946 146 819 280 870 296 910 244 644
405 22 777 35 489 256 923 257 738 28 151 144 1105 245 499 140 1208 231 380 183 933 232 688 232 843 195 1247 258 1362 277 42 63 343 64 1190 228 567 81 283 122 740 249 964 80 228 285 424
406 22 990 216 377 101 1320 300 1176 294 415 208 109 213 334 168 1030 292 1386 259 603 213 643 264 1057 159 810 276 1157 180 1282 263 1005 285 1417 271 324 253 1383 142 57 250 31 113 558 232 190
407 22 831 166 922 124 1254 105 232 126 439 139 1432 199 505 195 605 219 1092 290 76 255 1027 121 152 85 1022 126 234 106 544 264 938 256 1048 252 566 274 220 212 618 184 1204 282 472 178 989
408 22 938 28 1378 174 1344 127 408 135 609 275 1028 272 774 258 151 246 1066 214 345 296 1140 205 23 222 1500 258 1150 290 1315 80 757 240 913 264 523 266 1037 87 1336 274 1112 291 694 192 1276
409 22 969 288 108 222 117 250 288 300 1082 233 1203 169 1006 199 1031 229 645 92 248 200 1446 176 6 192 397 273 84 184 204 143 759 251 333 292 713 252 515 56 91 253 1199 297 204 295 76
410 22 913 266 805 123 227 132 1098 165 541 278 1001 286 549 128 1054 177 1465 179 901 243 582 159 339 150 1452 176 369 271 1243 230 593 196 137 296 923 293 1328 283 257 250 1493 57 666 228 897
411 22 903 233 965 287 1376 185 669 205 343 44 473 200 84 276 212 267 166 64 225 201 1109 225 606 292 543 229 804 273 17 123 602 274 319 122 1076 146 1398 173 1462 235 237 213 672 251 1241
412 22 1055 131 1029 299 1051 222 149 278 458 209 756 218 1263 207 1114 288 1298 257 1137 270 222 213 1357 257 1192 293 947 259 591 283 714 149 1091 151 431 241 1286 196 974 300 365 283 547 271 1265
413 22 806 40 466 261 1270 118 313 269 512 178 82 129 1290 78 358 249 803 224 1062 112 984 156 1311 233 949 104 1107 244 537 124 1367 248 72 145 192 255 1062 169 283 284 100 151 1331 260 1393
414 22 804 251 940 269 1186 264 1328 43 235 68 1221 158 787 215 1090 138 216 107 1358 238 182 300 996 296 225 231 47 194 270 98 1025 154 640 296 1171 245 216 68 907 73 603 178 277 136 338
415 22 882 146 495 300 194 273 31 160 927 247 1490 259 801 181 1425 224 152 141 1148 206 209 84 433 92 11 130 1493 228 1276 219 189 205 1131 46 1019 271 544 268 602 244 13 264 435 226 316
416 22 962 169 630 79 1379 299 56 114 850 294 672 105 1327 247 1045 285 547 287 1331 238 1039 171 1157 292 616 252 557 139 521 251 1202 239 954 258 528 232 690 87 1277 214 569 297 1001 264 319
417 22 833 119 843 66 901 176 454 241 1392 146 1067 245 788 102 503 249 1138 226 673 263 78 153 1097 245 151 197 1473 164 696 205 4 180 103 237 180 110 515 52 881 279 798 288 176 224 450
418 22 917 221 666 160 283 285 519 169 899 117 948 264 1211 149 461 193 879 123 806 166 228 299 1487 244 1146 297 1313 288 355 183 1092 265 969 300 1205 212 4 237 982 190 1112 46 215 181 853
419 22 929 278 714 296 636 69 1220 223 1343 137 1212 170 696 193 1247 196 1273 82 151 253 275 283 929 109 1192 234 1179 225 745 263 1181 235 578 196 594 299 216 296 1128 152 700 273 530 184 7
420 22 882 124 428 192 457 118 485 280 37 193 1300 255 327 281 455 158 592 54 798 215 372 290 292 236 1372 121 253 160 932 229 1244 284 118 214 729 264 366 148 1319 276 5 86 1297 235 1449
421 22 865 297 1346 228 1166 255 835 78 539 250 330 278 338 96 419 203 155 247 732 150 966 100 494 207 364 256 124 109 860 193 1167 246 1254 209 91 292 882 178 87 166 1211 111 1445 178 890
422 22 885 127 868 97 702 255 1428 194 1378 234 1386 219 992 152 1380 256 614 69 1274 204 697 179 194 201 119 157 385 68 260 281 1482 231 80 276 1453 231 758 264 99 230 912 204 1061 297 1047
423 22 891 258 410 131 260 288 145 243 94 200 104 170 439 70 1474 175 1489 105 90 203 76 63 1132 237 235 207 505 199 418 173 1420 263 341 287 1479 135 1088 296 1474 195 136 290 511 269 288
424 22 829 227 185 290 120 277 929 228 956 268 483 239 930 181 603 287 1247 210 274 61 1386 52 326 156 1105 127 757 16 772 101 1138 224 856 275 1147 40 617 261 1461 300 213 198 947 131 529
425 22 811 208 903 178 1325 142 234 83 1022 58 655 238 373 150 1025 88 1210 256 41 162 1401 77 1476 243 826 265 313 120 87 259 485 108 111 239 976 278 867 189 229 207 1438 264 758 243 1
426 22 932 258 8 258 1375 225 423 178 1412 293 1344 175 490 47 1190 89 243 221 310 152 187 209 665 148 492 260 381 211 21 206 1342 277 25 238 252 190 165 263 217 294 515 287 810 184 1053
427 22 806 213 91 164 631 181 699 237 168 229 1191 47 1081 90 529 186 1320 299 1437 213 1443 99 256 39 590 137 548 139 694 172 222 297 307 160 1053 50 300 248 2 284 86 250 245 300 1269
428 22 913 198 1470 219 224 278 927 249 948 236 202 249 836 225 650 126 1146 139 1217 274 954 76 1346 290 246 184 128 299 805 273 943 162 265 247 778 194 6 155 1355 217 518 165 1258 112 460
429 22 878 142 1208 211 410 272 780 298 174 45 164 265 993 297 444 285 809 222 1051 219 330 291 485 92 531 142 1436 228 23 295 205 120 155 184 260 282 756 26 1255 130 1054 86 596 259 956
430 22 866 264 116 235 1313 166 1302 181 772 253 54 202 639 189 1361 206 527 213 173 283 943 255 1455 258 945 238 402 17 1471 50 770 277 83 183 838 92 325 111 146 273 570 258 1228 129 45
431 22 791 169 604 238 1299 277 310 106 224 158 551 81 1388 117 239 100 181 286 508 98 487 176 1333 133 1372 88 927 288 1492 221 965 186 592 96 63 284 816 243 22 180 379 233 306 201 649
432 22 945 278 988 126 297 281 961 161 444 294 586 239 816 185 1172 186 809 187 1172 235 1022 217 434 56 242 139 484 241 837 184 725 270 1149 271 821 126 438 198 1254 272 406 279 757 300 1470
433 22 974 72 1318 288 1171 32 671 204 805 228 44 210 1215 227 500 34 187 240 45 300 161 281 1173 243 366 294 1202 232 149 293 1451 190 1055 270 908 249 470 264 1364 245 852 205 184 271 612
434 22 834 289 1374 161 308 236 1395 139 585 203 383 292 1287 185 809 94 173 209 1159 97 1219 260 221 265 452 226 1106 170 2 216 267 88 637 57 721 64 47 284 23 225 63 120 709 293 728
435 22 931 225 147 72 144 253 813 83 477 292 1175 206 1405 280 1219 285 1128 187 1089 230 1182 279 482 259 201 145 1054 256 355 217 558 210 877 267 779 290 893 50 604 165 1332 129 7 278 218
436 22 890 184 1414 298 1233 142 747 275 558 48 800 132 920 158 403 223 681 265 1067 191 423 216 1268 173 315 214 888 258 693 143 367 168 84 235 800 189 1233 292 1146 153 1302 272 1084 221 93
437 22 820 51 438 276 1255 289 87 225 537 46 1177 166 1168 109 1045 211 796 263 274 143 947 288 303 224 357 57 1009 194 285 149 427 127 1149 243 1458 236 1095 125 1332 141 159 291 1084 246 1441
438 22 956 249 308 192 1415 273 402 287 699 280 709 128 656 147 46 205 883 292 489 108 93 202 928 229 684 146 617 217 1133 162 1319 255 278 175 275 275 834 262 157 207 540 250 1230 241 580
439 22 833 176 1304 136 1380 232 1232 256 428 233 403 183 725 284 1314 166 243 177 1282 31 1483 127 487 183 1084 239 699 223 683 132 531 255 632 45 663 162 1154 265 48 285 916 217 1495 160 807
440 22 990 300 1073 274 1424 283 346 272 18 145 398 275 1207 290 1423 275 910 200 336 263 1352 272 1186 243 1348 203 347 207 377 140 595 91 1080 295 286 268 628 199 567 61 1177 268 28 127 638
441 22 857 128 986 115 584 297 1245 241 61 211 541 139 808 214 1394 156 725 243 882 200 722 170 774 212 762 271 979 233 850 95 682 157 525 264 664 244 141 294 1272 166 1480 184 477 51 978
442 22 929 237 1312 179 414 278 677 247 1189 226 7 194 182 203 986 258 514 284 987 132 881 252 156 90 1405 289 1259 177 1378 190 1387 162 231 262 1276 180 85 103 396 232 926 215 358 257 498
443 22 824 273 1126 204 267 282 1117 271 733 188 1500 196 400 218 255 177 538 214 1038 219 302 102 845 172 158 160 1218 279 1100 55 33 58 1303 223 692 87 1038 79 228 247 983 208 135 210 1040
444 22 807 244 760 269 1225 299 449 76 822 163 332 191 1056 202 450 220 92 258 72 211 1120 257 713 195 1398 48 1429 23 353 95 242 231 927 144 1074 253 1265 258 545 147 214 54 165 201 994
445 22 999 300 118 186 187 190 535 233 523 233 68 241 152 212 410 282 1211 180 40 286 215 264 930 270 1336 298 856 275 1035 154 138 269 609 214 694 141 1474 171 1457 299 651 59 1026 239 106
446 22 981 196 749 281 183 175 287 279 1122 282 65 157 255 265 1473 82 732 234 1493 233 1292 63 77 293 294 187 762 220 995 299 222 276 186 264 7 253 1103 179 284 289 886 280 3 121 1274
447 22 895 262 845 57 1183 290 65 54 812 288 332 278 552 243 1276 188 1319 123 1104 253 76 127 57 233 97 274 1436 196 1068 124 912 225 220 187 583 142 490 281 518 282 373 80 624 292 924
448 22 893 234 180 126 1106 202 883 255 1496 115 1046 249 794 178 901 285 1031 183 776 144 854 265 1074 300 67 204 824 220 1442 141 447 168 449 206 1274 263 323 98 788 219 469 230 722 183 154
449 22 977 261 936 236 789 219 346 298 52 283 185 297 1298 288 972 148 420 267 51 211 853 289 1466 298 187 297 69 138 368 270 322 182 798 176 969 92 1500 192 1176 112 441 154 842 179 1352
450 22 870 162 118 276 992 281 1195 218 130 161 1305 256 199 292 829 156 543 131 516 235 1209 174 269 129 1196 276 613 147 250 94 967 240 534 167 1434 64 1135 273 632 187 1388 289 1007 146 157
451 22 967 188 1248 181 3 297 486 284 1438 91 210 299 476 159 1293 49 1122 271 1297 219 1248 257 58 210 921 277 1144 145 771 292 50 261 848 214 92 268 897 155 880 213 627 281 46 227 98
452 22 929 277 1456 84 264 250 949 267 1430 267 197 255 735 256 1100 158 127 84 827 263 339 263 28 256 662 33 696 284 1291 266 68 67 817 193 34 220 27 109 483 273 971 230 455 293 297
453 22 875 246 543 175 479 158 1339 18 1366 251 71 172 1142 273 1472 267 716 154 277 283 328 242 1297 248 723 100 94 295 472 127 829 133 409 260 969 280 1271 254 1097 205 723 97 1332 141 692
454 22 825 269 1142 286 537 104 997 293 1196 243 932 236 973 236 1435 110 11 190 778 224 311 220 482 208 188 158 648 5 912 182 263 220 1355 138 877 59 360 99 875 84 344 300 475 264 1302
455 22 853 84 892 262 616 21 728 249 326 296 957 172 950 300 1432 293 379 228 1159 171 1127 221 271 201 1054 36 529 257 646 72 451 156 1110 239 1071 207 233 296 166 77 125 205 602 223 501
456 22 906 164 337 228 267 183 712 133 179 248 68 266 1230 208 1327 285 995 239 320 256 537 233 1042 148 177 259 1475 198 1364 211 1256 173 672 56 1298 109 1001 273 162 249 1438 111 23 300 1423
457 22 855 178 568 49 821 117 522 162 890 94 1408 208 45 250 1038 258 1054 287 1264 183 921 187 1357 131 476 254 1121 230 194 149 19 244 357 280 1097 198 773 269 308 249 715 133 1345 165 772
458 22 703 130 1064 173 1156 97 313 193 1168 155 440 98 1320 105 1352 25 1248 172 772 144 636 280 628 90 1398 54 4 182 21 199 16 202 837 144 229 169 40 212 657 222 1009 262 1253 208 1351
459 22 879 252 823 99 335 194 454 151 944 246 1443 96 1225 133 1324 238 895 170 308 300 1046 217 1237 193 608 274 832 271 1135 222 856 141 966 257 724 151 1268 244 352 142 1079 115 71 291 1370
460 22 964 254 1021 218 748 195 1199 278 422 208 1073 259 25 205 394 197 774 248 130 173 701 231 1176 212 901 187 678 277 638 126 1396 114 1320 183 1487 295 549 170 1215 293 1186 290 1496 210 320
461 22 862 299 383 60 1373 190 114 198 245 221 191 205 47 284 1389 214 734 213 1155 53 728 281 928 128 138 224 913 248 482 128 660 117 1347 183 148 136 1122 92 1157 264 749 286 373 286 385
462 22 896 285 378 299 106 265 808 202 637 122 1268 82 864 185 963 222 633 271 767 296 997 225 1193 165 1399 289 608 205 919 129 149 132 1002 156 1286 273 635 128 395 228 741 266 1337 55 505
463 22 851 143 366 262 369 181 1352 214 1127 86 856 225 776 227 299 93 1436 288 873 187 918 76 92 225 1175 283 680 269 1402 297 901 224 1385 282 34 138 612 223 615 143 994 78 164 111 182
464 22 815 231 1374 250 221 292 374 55 1147 252 458 85 1145 179 131 168 478 280 1180 272 318 224 96 269 647 90 1217 203 1208 150 1070 49 975 116 236 42 372 134 540 246 340 270 327 222 715
465 22 905 253 880 226 535 94 1413 218 1308 265 1170 205 940 259 625 94 433 103 1201 173 1182 146 166 225 1305 264 457 222 935 265 1016 264 927 236 588 121 52 238 790 150 1397 205 1132 299 496
466 22 941 177 179 119 598 295 1004 230 1339 252 644 177 661 207 471 255 1104 189 1198 249 186 189 1234 240 708 300 1059 135 791 151 776 246 505 226 186 246 721 135 1034 177 455 265 1246 247 963
467 22 800 223 1055 181 275 157 518 141 513 156 748 227 1020 235 180 289 1025 192 107 236 1232 77 1403 86 726 149 1456 47 727 104 918 179 188 191 1450 169 636 255 862 282 558 275 1393 150 689
468 22 744 202 285 85 1436 87 7 245 484 205 330 188 800 296 600 116 536 120 875 141 1015 259 1497 244 665 288 712 104 901 21 142 285 41 104 1257 175 148 109 1206 192 307 192 638 63 1419
469 22 1011 243 1013 257 934 87 952 251 663 138 1179 283 1452 200 1331 292 895 247 1474 233 881 245 546 259 351 234 408 216 182 190 182 294 1368 286 681 221 799 254 1371 232 582 163 107 232 852
470 22 852 15 537 182 92 297 664 192 445 258 121 208 895 269 291 254 607 194 145 245 616 150 1280 254 768 85 1024 216 952 151 462 233 552 158 1457 255 1435 154 1267 285 1272 185 353 20 834
471 22 925 183 34 145 1116 286 174 142 473 275 170 51 278 294 902 287 1382 282 848 188 101 186 958 65 1181 252 1475 253 259 289 1124 287 786 180 1444 230 613 86 601 281 1261 127 993 257 1347
472 22 974 251 190 286 522 76 1240 233 574 195 604 171 922 232 1060 125 1156 234 691 144 1264 294 254 202 1076 254 312 112 1242 267 1475 259 1030 290 1151 286 203 218 797 223 1076 259 253 262 996
473 22 913 190 132 254 1499 109 1120 140 624 291 1115 286 1134 121 26 170 1126 292 1373 248 966 262 238 258 321 295 202 72 1134 270 476 140 1052 279 207 226 88 110 1423 164 1491 232 328 158 363
474 22 944 237 49 269 1446 243 1265 232 881 243 1222 244 1471 149 118 183 1259 242 1480 135 475 187 651 278 1005 242 1331 198 324 246 559 132 914 243 971 210 912 253 1398 229 686 107 596 219 413
475 22 961 274 66 278 837 189 810 272 825 235 1350 211 932 153 587 273 17 298 459 151 1429 243 61 287 146 173 955 248 336 143 267 141 528 269 1337 243 423 207 1434 245 427 188 104 87 863
476 22 726 114 1230 132 1071 168 101 261 795 118 1218 119 664 135 1466 201 1037 274 1057 244 1160 231 1124 233 1044 104 850 113 792 95 749 82 1156 111 801 162 1174 290 1061 255 472 142 1373 49 1239
477 22 900 299 982 254 727 278 401 250 554 123 192 171 687 290 1091 225 1076 48 1081 261 1294 118 534 300 882 161 571 284 1088 246 699 197 576 178 1105 236 110 58 666 238 1423 112 788 177 1147
478 22 881 209 1277 209 912 146 215 132 69 218 1018 195 123 86 870 233 578 250 186 284 1064 225 1286 211 129 138 154 216 869 64 1205 222 1173 274 861 248 453 149 1313 204 1340 202 1198 292 261
479 22 763 48 595 129 1463 235 1275 232 449 108 1014 277 275 267 724 216 729 157 1021 109 741 27 965 233 650 286 110 95 177 169 759 154 981 115 454 64 1071 151 934 290 262 206 470 251 904
480 22 891 137 912 287 1009 224 476 250 677 93 946 258 652 245 33 249 704 282 1404 279 752 222 124 57 1424 183 721 257 408 281 59 42 356 173 967 146 1371 230 1017 210 872 58 397 294 212
481 22 805 48 91 106 829 298 843 255 1452 213 860 101 178 205 143 264 1291 52 1180 200 1416 296 636 139 131 187 1076 216 50 102 287 283 269 273 573 185 607 199 88 157 1397 84 1231 166 85
482 22 826 221 1329 274 1385 160 1190 111 202 264 94 184 198 49 1304 152 364 291 25 12 247 262 1494 161 654 94 834 142 163 267 1248 177 238 209 620 224 161 161 1219 288 248 280 693 149 1479
483 22 863 144 977 130 1333 203 964 270 1055 253 984 99 1278 180 278 197 367 175 401 211 103 211 296 282 678 161 984 203 908 193 980 241 1191 99 1211 128 113 299 30 232 985 235 352 170 1395
484 22 874 300 538 212 469 243 706 172 549 247 669 99 381 114 1293 39 1299 204 120 271 311 145 8 77 286 141 846 284 1299 222 1038 116 1060 261 1424 212 39 263 160 238 779 281 490 233 1305
485 22 869 128 551 244 1414 255 503 67 206 273 110 92 1385 204 84 213 1194 184 1485 218 39 245 1401 74 155 143 983 154 566 294 1257 268 1003 263 1326 273 1023 241 560 91 1359 194 1258 230 1392
486 22 858 232 241 240 1254 249 62 178 661 187 765 85 45 129 1380 288 1249 226 1420 188 94 257 667 258 66 182 1032 110 115 269 922 184 1225 268 1313 163 133 233 433 156 84 165 584 47 1394
487 22 893 288 1452 222 353 180 267 249 1462 260 626 218 241 83 1201 276 1384 202 537 157 960 240 695 272 108 158 1424 108 727 234 370 116 977 216 1441 189 521 254 630 107 1079 141 143 298 709
488 22 896 111 1107 272 1087 152 1466 153 1269 188 1447 287 978 188 1312 144 736 127 738 211 1109 287 810 198 1178 250 1224 214 777 271 823 270 412 173 1192 253 702 220 24 139 701 107 1336 268 63
489 22 915 183 150 270 769 129 227 139 141 220 997 182 569 148 1253 143 66 246 604 271 9 251 729 152 1191 288 503 268 1489 239 476 293 1225 247 1087 139 1256 111 16 157 811 255 1085 247 687
490 22 885 157 897 251 1077 257 1295 95 370 170 443 183 359 188 358 226 956 27 198 287 1399 163 706 99 269 241 1023 167 450 286 1231 255 1103 116 170 278 839 277 223 291 717 216 1112 198 840
491 22 907 240 689 273 28 299 946 63 1219 143 1228 285 691 215 1364 273 121 282 478 209 352 229 525 229 1258 272 255 89 256 174 363 246 1432 234 519 96 608 286 431 154 126 131 1172 117 1343
492 22 864 268 1216 141 1340 248 748 291 917 223 130 240 743 184 1235 95 145 175 55 233 550 202 798 211 539 73 1438 249 718 204 177 181 480 249 759 272 17 236 836 63 659 48 1106 237 814
493 22 877 197 1134 298 1216 249 178 161 7 283 227 271 1274 260 1449 161 857 87 1258 42 1295 160 1070 221 582 188 827 157 405 277 123 129 2 171 1066 191 384 207 1142 246 401 156 943 275 450
494 22 859 180 1066 107 1038 155 828 261 820 278 404 219 1049 249 609 221 1074 237 1458 242 763 158 554 214 485 114 710 209 225 232 1479 100 1219 180 1258 230 1015 276 56 99 803 259 456 75 476
495 22 1007 89 776 300 1307 300 977 107 249 255 312 262 1041 151 832 229 1176 286 441 228 1324 250 1398 219 53 273 900 188 1494 251 498 253 359 210 357 291 822 236 262 278 703 219 139 164 801
496 22 786 297 1304 16 1046 232 1402 121 242 97 517 201 174 184 512 220 791 80 1254 83 895 83 1421 293 1303 208 1336 244 825 125 809 227 421 213 732 298 1066 285 878 189 529 99 1313 138 1062
497 22 889 228 946 255 266 114 1369 69 584 273 1186 224 134 188 990 207 1015 286 683 89 1113 293 554 272 251 275 721 120 671 181 349 209 1182 240 1317 234 48 177 788 235 1219 53 1232 226 89
498 22 870 152 1040 292 511 215 643 271 880 173 1291 211 496 221 1361 31 834 294 267 56 1068 15 318 296 1052 293 1475 280 1053 135 85 216 1300 265 729 282 659 134 585 175 690 53 360 292 1389
499 22 975 154 1107 193 228 293 524 170 1397 290 1406 299 209 193 476 235 378 237 1221 278 873 129 792 236 1444 196 177 112 541 296 906 204 1402 264 717 181 384 274 122 280 969 265 163 97 1391
500 22 912 169 972 280 75 291 431 292 380 95 470 200 970 144 1485 133 455 228 612 79 329 221 1365 267 894 214 1124 223 717 255 992 147 679 168 238 245 896 268 155 261 1406 203 805 181 1369
