1 20 8804 1 0 0 0 0 0 1 0 0 1 1 0 1 1 0 0 1 0 1 0 0.0
2 20 11562 0 1 0 0 1 1 0 1 1 1 1 0 1 0 0 0 1 0 1 1 0.0
3 20 7959 0 0 1 0 1 0 0 1 1 1 1 0 0 1 0 0 1 0 0 1 0.0
4 20 8354 0 1 0 0 0 0 0 0 1 1 0 1 0 1 1 1 0 0 1 0 0.0
5 20 8749 1 1 1 0 1 0 1 0 0 0 1 1 1 1 0 0 1 1 0 0 0.0
6 20 9159 1 1 0 1 1 0 1 0 1 0 1 0 1 0 0 1 1 0 0 0 0.0
7 20 7026 1 0 0 0 0 0 1 1 0 1 0 1 1 0 0 0 0 1 1 0 0.0
8 20 9470 0 0 0 0 1 1 1 0 1 1 0 0 0 0 1 0 0 1 1 1 0.0
9 20 8873 0 1 1 1 1 1 1 0 0 1 0 0 1 0 1 0 0 0 1 0 0.0
10 20 9223 0 0 1 0 0 0 1 1 0 0 1 1 1 1 0 0 0 1 1 0 0.0
11 20 9736 1 1 1 0 0 0 1 1 0 0 0 1 0 1 0 1 1 0 0 1 0.0
12 20 6847 1 0 0 0 1 1 0 0 0 1 0 1 1 1 0 0 1 1 0 0 0.0
13 20 8273 0 0 0 0 1 1 1 1 0 1 0 0 0 1 0 1 1 0 0 1 0.0
14 20 6188 0 0 0 0 1 0 1 1 0 1 0 0 0 1 0 0 1 0 1 1 0.0
15 20 5795 1 0 0 0 0 1 0 1 0 0 0 1 0 0 0 1 0 1 1 0 0.0
16 20 7263 0 1 0 1 0 0 1 0 0 0 0 0 0 1 0 1 1 1 0 1 0.0
17 20 6464 1 1 0 0 0 0 0 1 0 1 1 1 0 0 1 0 1 0 0 0 0.0
18 20 4276 0 1 0 1 0 0 0 0 0 1 0 0 1 0 0 0 0 1 0 0 0.0
19 20 9009 0 0 1 0 1 1 1 0 0 1 0 0 1 0 1 0 0 1 1 0 0.0
20 20 9289 1 0 0 0 0 0 0 1 1 0 1 0 0 0 1 1 0 1 1 1 0.0
21 20 9285 1 0 0 0 0 0 1 1 1 0 1 1 0 0 1 1 0 0 1 0 0.0
22 20 7054 0 0 1 1 0 0 0 1 0 0 0 1 0 1 1 1 0 0 0 1 0.0
23 20 9324 0 1 0 1 1 0 1 0 1 1 1 0 0 1 0 0 1 1 1 0 0.0
24 20 6910 0 0 1 1 0 0 0 0 0 0 0 1 1 1 1 1 1 0 0 0 0.0
25 20 8125 1 0 1 1 0 0 0 1 1 0 0 1 0 0 1 0 1 0 0 1 0.0
26 20 7525 1 1 0 0 1 0 0 0 0 0 1 0 1 1 1 1 1 0 0 0 0.0
27 20 8185 0 1 1 0 1 0 0 1 1 0 0 1 0 0 1 0 1 0 0 0 0.0
28 20 10408 1 0 0 1 0 0 0 1 0 1 0 1 0 1 0 0 1 1 1 1 0.0
29 20 8804 0 1 1 1 0 1 0 1 1 0 0 0 1 0 1 1 0 0 0 0 0.0
30 20 9595 1 1 1 0 1 0 1 1 0 1 0 1 1 0 0 0 0 0 1 0 0.0
31 20 7108 0 0 0 0 1 0 0 1 0 0 0 0 1 0 1 0 0 0 1 1 0.0
32 20 6034 0 0 0 1 0 0 0 0 1 0 0 0 1 0 0 0 0 1 1 1 0.0
33 20 8749 1 1 0 0 0 0 1 1 0 0 1 0 0 1 0 1 0 0 0 1 0.0
34 20 9767 1 1 1 1 0 0 0 1 0 0 1 0 1 1 0 0 1 0 0 0 0.0
35 20 7935 0 1 1 0 1 0 0 1 0 0 0 1 0 1 0 0 1 1 1 1 0.0
36 20 7629 0 1 0 0 1 1 1 0 0 0 1 0 1 0 0 1 1 0 0 0 0.0
37 20 9246 0 0 1 1 1 1 0 1 0 1 0 1 1 1 0 1 1 0 0 0 0.0
38 20 6853 0 1 0 1 0 1 0 1 0 1 1 0 0 0 1 0 0 1 0 0 0.0
39 20 8797 0 0 1 1 0 0 1 0 0 0 0 1 0 1 1 0 0 1 1 1 0.0
40 20 7555 0 1 1 0 0 1 0 0 0 1 0 1 1 0 0 0 1 0 1 0 0.0
41 20 9292 1 0 0 1 1 1 1 1 0 1 0 0 1 0 1 0 1 0 0 1 0.0
42 20 6933 0 1 0 1 0 0 1 1 0 0 0 1 1 0 1 0 1 0 0 0 0.0
43 20 7341 0 1 0 1 0 1 1 1 0 0 0 1 0 1 1 1 1 1 0 0 0.0
44 20 8813 0 0 0 0 1 1 1 0 1 1 1 0 0 1 0 1 0 1 1 1 0.0
45 20 9440 0 1 1 0 0 1 1 0 1 0 1 1 1 1 0 0 0 0 0 0 0.0
46 20 6445 0 0 0 0 1 1 0 1 1 0 0 0 1 0 1 0 1 1 1 0 0.0
47 20 8277 1 0 1 0 1 1 1 1 0 1 0 1 1 0 0 1 0 1 1 0 0.0
48 20 7947 0 1 0 1 0 0 0 0 1 1 0 0 0 1 0 1 0 1 1 1 0.0
49 20 9395 1 0 1 0 1 0 1 1 1 0 0 0 0 1 0 1 1 0 0 1 0.0
50 20 10385 1 1 1 1 1 0 0 1 0 1 1 0 1 1 0 0 0 0 1 0 0.0
51 20 10375 1 0 1 1 0 1 0 0 1 0 1 0 1 1 0 1 1 0 0 1 0.0
52 20 7153 0 0 0 1 1 0 0 0 0 0 0 0 1 1 1 1 1 0 1 1 0.0
53 20 5068 0 0 1 0 1 1 0 1 0 0 0 0 1 1 1 0 1 1 0 0 0.0
54 20 6882 1 1 1 0 0 0 0 0 1 0 1 0 0 1 1 1 0 0 0 1 0.0
55 20 9809 0 0 0 1 0 0 0 0 1 1 1 1 0 1 1 0 1 0 1 1 0.0
56 20 9470 1 1 0 0 0 0 1 1 0 1 0 1 0 0 0 1 1 1 0 1 0.0
57 20 8598 1 1 0 0 0 1 0 1 1 1 1 0 0 1 0 0 0 0 0 0 0.0
58 20 9690 1 1 1 0 0 0 0 1 1 1 0 0 1 1 1 0 1 0 1 0 0.0
59 20 7431 1 1 0 1 0 0 1 1 0 0 1 0 0 0 0 0 1 0 1 1 0.0
60 20 10268 0 0 0 1 0 0 1 0 1 1 1 0 1 0 0 0 1 1 1 0 0.0
61 20 8707 0 1 0 0 1 0 1 1 1 1 0 1 0 0 0 0 1 1 0 1 0.0
62 20 4909 0 0 0 0 1 1 0 0 0 0 0 1 0 0 1 1 1 0 1 0 0.0
63 20 10076 0 1 0 1 1 0 1 1 0 0 1 1 1 0 1 1 0 1 0 0 0.0
64 20 8351 1 1 0 1 1 0 0 0 0 1 1 1 0 0 1 1 0 0 0 0 0.0
65 20 7331 0 1 1 0 0 0 1 0 0 1 0 1 1 0 0 0 1 0 0 1 0.0
66 20 8741 0 1 1 1 1 1 1 1 0 1 1 0 0 0 1 0 1 0 0 0 0.0
67 20 8743 0 0 1 0 0 0 0 0 0 1 1 0 0 1 1 0 1 0 1 1 0.0
68 20 7559 1 0 0 0 1 1 1 1 0 0 0 0 0 1 1 0 0 1 1 0 0.0
69 20 8108 0 0 0 0 0 0 1 0 1 1 1 1 1 0 0 1 0 0 1 0 0.0
70 20 7460 0 1 0 0 1 1 1 0 1 0 0 0 0 1 0 1 0 0 1 1 0.0
71 20 9220 0 1 0 0 0 1 0 1 0 0 1 0 0 1 1 1 1 0 0 0 0.0
72 20 6867 0 1 0 1 1 0 0 0 1 0 1 0 0 1 0 0 0 0 0 1 0.0
73 20 6850 1 0 1 0 1 0 0 1 1 0 1 0 0 0 0 1 1 0 0 1 0.0
74 20 7471 0 1 0 0 1 0 1 0 1 0 1 1 1 0 0 0 1 0 1 0 0.0
75 20 9525 1 1 0 0 0 0 1 0 0 1 0 0 1 1 0 0 0 1 0 1 0.0
76 20 9038 1 0 1 1 1 1 1 0 0 1 1 0 0 0 1 1 1 0 0 0 0.0
77 20 7920 1 0 0 0 0 1 0 0 1 1 0 1 1 0 0 0 1 1 0 1 0.0
78 20 9119 0 0 1 0 0 0 0 1 0 1 1 0 0 1 0 0 0 1 1 1 0.0
79 20 6731 0 0 0 0 0 0 1 0 0 0 1 0 1 1 0 1 0 1 1 0 0.0
80 20 8327 0 0 1 1 0 0 0 0 0 0 1 0 0 1 1 1 1 0 0 1 0.0
81 20 9681 1 1 1 1 0 0 1 1 0 0 1 0 0 1 0 0 1 0 0 1 0.0
82 20 5299 1 0 0 0 1 1 0 0 0 1 0 0 0 0 0 0 0 1 0 0 0.0
83 20 10127 0 0 1 1 0 1 1 0 0 1 1 1 1 0 1 1 1 0 0 0 0.0
84 20 7466 0 1 0 1 0 1 0 1 1 0 0 0 1 1 0 0 1 0 0 1 0.0
85 20 10796 1 1 0 1 0 0 1 1 0 1 0 1 0 1 0 1 0 1 1 0 0.0
86 20 8993 0 1 1 1 0 1 1 1 0 1 0 1 0 1 0 1 1 1 0 0 0.0
87 20 9395 0 1 1 0 1 1 0 1 1 0 1 0 1 0 1 1 0 0 0 0 0.0
88 20 8676 1 1 0 0 1 0 0 0 0 0 0 1 1 1 0 0 1 1 0 1 0.0
89 20 8806 0 1 1 0 1 0 0 0 1 1 0 1 1 0 0 0 1 1 1 0 0.0
90 20 9445 0 0 0 0 0 1 1 1 0 1 0 1 0 0 1 1 0 1 1 0 0.0
91 20 7064 1 1 0 0 0 0 0 1 0 0 1 0 1 0 0 1 0 0 1 1 0.0
92 20 9116 0 1 0 0 0 1 0 1 0 1 1 1 0 1 0 1 1 0 0 1 0.0
93 20 9885 0 0 0 1 0 0 0 1 1 1 1 1 0 0 1 0 1 0 1 0 0.0
94 20 7515 1 0 0 1 0 1 1 1 0 0 0 0 0 1 0 0 0 0 1 1 0.0
95 20 6688 1 1 1 0 0 0 0 1 1 0 1 1 0 1 0 0 0 0 0 0 0.0
96 20 8643 1 1 0 0 0 1 1 1 0 0 0 0 1 0 1 0 0 0 1 1 0.0
97 20 7872 1 0 1 0 0 1 1 0 0 0 1 1 1 0 0 0 1 0 0 0 0.0
98 20 6074 0 0 0 1 0 0 0 0 0 1 1 0 1 1 1 0 0 0 0 0 0.0
99 20 7220 0 0 0 1 0 0 1 0 1 0 0 1 1 0 0 0 1 0 1 0 0.0
100 20 5911 0 0 0 0 1 0 0 0 0 1 0 1 1 0 0 1 0 1 0 1 0.0
101 20 8937 1 0 0 1 1 0 1 1 0 1 0 1 1 0 0 1 0 1 1 0 0.0
102 20 8994 0 0 0 0 0 0 1 1 0 0 1 0 1 1 0 1 0 1 0 1 0.0
103 20 7121 0 1 0 1 0 0 0 0 0 0 0 0 1 0 1 1 0 1 0 1 0.0
104 20 10346 1 1 1 0 1 1 1 1 0 0 0 1 1 0 0 0 1 0 0 1 0.0
105 20 7931 0 1 1 0 1 1 1 1 0 0 0 0 0 1 0 0 0 0 0 0 0.0
106 20 10271 1 0 0 0 1 0 1 1 1 1 1 1 1 0 0 0 1 0 0 0 0.0
107 20 10402 0 0 1 1 1 0 1 1 0 0 0 1 1 1 0 0 1 0 1 0 0.0
108 20 11244 0 0 0 1 1 0 0 0 1 0 1 1 1 1 1 0 0 1 1 0 0.0
109 20 8607 0 0 1 0 1 1 0 1 1 0 0 1 0 0 1 0 0 1 1 1 0.0
110 20 9834 0 0 1 1 1 1 0 0 0 0 0 0 1 1 0 0 1 1 0 1 0.0
111 20 7575 0 1 0 0 0 1 1 1 0 0 1 1 0 1 0 0 0 0 0 0 0.0
112 20 6701 0 0 1 0 0 0 1 1 0 0 1 1 0 1 0 1 1 1 0 0 0.0
113 20 7559 1 1 0 1 1 0 1 1 0 0 0 0 0 0 0 1 0 1 0 1 0.0
114 20 8547 1 0 1 0 1 0 0 0 1 0 1 1 0 0 0 1 0 1 1 0 0.0
115 20 7691 0 0 0 0 0 1 1 0 0 0 1 0 0 0 1 1 0 0 1 1 0.0
116 20 7852 0 1 0 1 1 0 0 0 0 1 0 0 1 1 1 0 0 0 1 0 0.0
117 20 11196 1 1 1 1 0 0 1 0 0 1 1 0 1 1 1 0 0 0 1 0 0.0
118 20 10395 1 1 0 0 1 0 1 0 0 1 1 1 1 1 0 1 0 1 0 0 0.0
119 20 8949 0 1 0 1 0 0 0 1 1 1 0 0 1 0 0 1 0 0 1 0 0.0
120 20 9182 0 1 0 1 1 1 0 0 1 0 0 1 0 1 0 1 0 1 1 0 0.0
121 20 10776 0 1 1 0 1 0 0 0 0 0 1 1 0 1 0 0 0 1 1 1 0.0
122 20 5903 1 0 1 0 0 1 0 1 0 0 1 0 0 1 1 1 0 0 1 0 0.0
123 20 9010 0 1 0 0 0 1 0 1 1 0 0 1 1 0 1 0 1 1 1 0 0.0
124 20 7560 1 0 1 0 1 1 0 0 0 1 0 0 0 0 0 0 0 1 1 1 0.0
125 20 10036 1 1 1 0 0 1 0 1 0 1 1 0 0 1 0 0 0 1 0 1 0.0
126 20 7828 0 0 1 1 0 0 0 1 0 1 0 1 0 0 0 1 1 0 0 1 0.0
127 20 8788 0 1 1 1 0 1 1 0 0 1 0 1 0 0 0 0 1 1 0 1 0.0
128 20 9009 1 1 0 0 0 0 1 0 1 1 1 1 1 0 0 1 0 1 0 0 0.0
129 20 6884 1 1 1 0 0 0 1 0 0 0 0 0 1 1 0 1 0 0 0 1 0.0
130 20 10699 0 0 0 0 1 1 1 0 1 1 1 1 1 1 1 0 0 0 1 0 0.0
131 20 6717 0 1 0 1 0 1 0 0 1 1 0 1 1 0 1 0 0 0 0 0 0.0
132 20 8317 0 1 0 0 1 1 1 0 0 0 1 0 1 0 0 0 1 0 1 0 0.0
133 20 8489 1 0 0 0 0 0 0 0 1 1 1 0 0 1 1 1 1 0 0 0 0.0
134 20 7629 1 0 1 1 0 1 0 0 0 0 1 0 1 0 0 0 1 0 1 0 0.0
135 20 8180 0 1 0 1 0 0 0 0 1 1 0 1 1 0 1 0 1 0 0 1 0.0
136 20 10743 0 1 1 1 0 1 0 1 0 1 0 1 1 0 1 1 1 0 0 0 0.0
137 20 8037 0 1 1 0 1 1 1 1 0 0 0 0 0 1 0 0 1 0 0 0 0.0
138 20 8352 1 0 0 1 0 1 0 0 0 1 0 0 0 1 0 1 0 1 1 0 0.0
139 20 7632 1 0 1 0 1 1 1 1 0 0 1 0 0 1 0 1 0 0 0 0 0.0
140 20 9574 0 1 0 1 0 1 0 0 0 1 0 0 0 1 0 1 0 0 1 1 0.0
141 20 11672 0 0 1 1 1 1 0 1 0 0 0 0 0 1 0 0 0 1 1 1 0.0
142 20 7864 0 0 0 1 1 0 1 0 1 1 1 1 0 0 0 0 1 1 1 0 0.0
143 20 7076 1 1 1 0 0 0 0 0 0 0 1 0 1 1 0 0 1 0 1 0 0.0
144 20 7697 1 0 0 1 0 0 0 1 0 0 0 0 1 0 1 1 0 1 1 1 0.0
145 20 8704 0 1 0 0 0 1 1 0 1 1 0 0 1 0 1 0 0 1 0 1 0.0
146 20 7568 1 0 1 0 0 0 0 0 1 1 1 0 1 0 0 1 0 1 1 0 0.0
147 20 7094 0 0 1 0 0 0 0 1 1 0 1 1 0 1 1 0 0 0 0 1 0.0
148 20 9037 0 0 1 0 1 1 1 0 0 1 1 1 1 0 0 1 0 0 1 0 0.0
149 20 8193 1 0 0 1 0 1 0 0 0 1 1 1 0 1 0 0 1 0 1 0 0.0
150 20 8602 0 1 0 0 0 1 1 0 0 0 0 1 1 1 0 1 1 0 0 1 0.0
151 20 8285 1 0 0 1 1 0 1 0 1 1 0 0 0 1 0 0 0 1 0 1 0.0
152 20 8272 1 1 1 0 0 1 0 0 0 1 1 0 0 0 0 1 0 1 0 0 0.0
153 20 10172 1 0 1 1 1 0 1 0 0 1 0 1 1 0 1 1 1 1 0 1 0.0
154 20 10285 0 0 1 1 1 1 1 0 1 1 1 0 0 1 0 0 0 0 0 1 0.0
155 20 6487 1 0 1 1 0 0 0 1 0 0 0 1 0 0 1 1 0 0 0 0 0.0
156 20 9254 0 1 0 0 1 0 0 0 1 1 0 1 0 1 0 1 0 1 0 0 0.0
157 20 10628 1 0 1 1 0 1 1 1 1 0 0 0 0 0 1 0 1 0 1 1 0.0
158 20 8580 1 1 0 0 1 0 0 0 0 0 0 0 1 0 1 1 0 1 1 0 0.0
159 20 8926 0 0 0 0 1 1 1 0 0 0 0 1 1 0 1 1 1 0 1 0 0.0
160 20 8295 0 0 0 0 0 0 0 0 1 0 0 1 1 0 0 1 1 1 0 1 0.0
161 20 10625 1 1 1 0 1 0 0 1 0 1 0 1 1 1 0 0 1 0 1 0 0.0
162 20 12313 1 0 1 0 0 1 1 0 0 1 1 0 0 0 1 1 1 0 1 1 0.0
163 20 8113 0 0 0 0 0 1 1 1 1 1 0 1 0 1 0 1 0 0 1 0 0.0
164 20 7059 0 0 0 1 0 0 0 1 1 1 0 0 0 1 1 0 1 0 1 0 0.0
165 20 8683 0 0 0 1 0 1 0 0 0 1 1 1 1 1 0 1 0 0 1 0 0.0
166 20 9189 0 1 1 0 1 0 1 0 0 1 0 0 1 0 1 1 0 0 0 0 0.0
167 20 7214 1 1 0 1 0 0 0 1 1 0 0 0 0 0 0 0 1 1 0 1 0.0
168 20 10765 1 0 1 1 0 1 1 1 1 1 0 0 1 0 1 1 1 0 0 0 0.0
169 20 8479 0 0 0 0 0 0 0 1 1 0 0 1 0 0 0 1 1 1 1 1 0.0
170 20 8549 0 0 0 0 0 1 1 1 0 0 0 0 0 0 0 1 1 1 1 0 0.0
171 20 6462 0 0 0 0 1 0 1 0 0 1 0 1 0 0 1 0 0 1 1 1 0.0
172 20 8128 1 1 0 1 0 1 0 0 1 1 1 0 0 1 0 0 0 0 1 1 0.0
173 20 8422 0 1 1 1 1 1 0 0 1 0 0 0 0 1 0 0 1 0 1 1 0.0
174 20 8202 1 1 1 0 0 0 1 0 0 1 0 1 0 1 0 1 0 0 1 0 0.0
175 20 9561 0 1 1 0 1 0 0 0 1 0 1 1 0 0 0 1 0 0 0 1 0.0
176 20 7214 0 1 0 1 1 1 1 0 0 0 0 0 1 1 0 0 1 1 0 0 0.0
177 20 9474 1 0 0 0 1 1 0 1 1 1 1 0 1 1 0 0 0 0 1 0 0.0
178 20 6631 1 0 0 1 1 1 0 0 0 1 0 0 0 1 0 1 1 1 1 0 0.0
179 20 6329 0 1 1 0 0 0 1 1 0 1 0 1 0 0 1 0 1 0 0 1 0.0
180 20 8417 1 0 0 1 0 1 1 0 1 0 1 0 1 0 0 0 1 0 1 0 0.0
181 20 6193 0 0 0 0 1 0 1 1 0 1 0 0 1 1 0 0 0 1 0 0 0.0
182 20 10023 0 1 1 0 1 0 0 1 0 0 0 0 1 1 1 1 0 1 0 1 0.0
183 20 10206 0 0 1 1 0 0 1 0 1 1 1 0 1 0 0 1 0 0 1 0 0.0
184 20 8046 1 1 1 1 0 1 0 1 0 0 0 0 0 1 1 0 0 0 1 1 0.0
185 20 8278 1 1 0 0 1 1 1 1 0 0 0 0 0 0 0 1 1 1 0 1 0.0
186 20 9686 0 0 0 1 1 1 0 1 0 1 1 1 1 1 0 0 1 0 0 0 0.0
187 20 8938 1 1 0 1 1 0 1 0 0 0 0 0 0 1 1 0 1 1 0 0 0.0
188 20 8681 1 1 0 0 1 1 1 1 0 0 0 0 0 1 0 0 1 0 0 0 0.0
189 20 9076 1 0 1 0 1 1 1 0 0 0 0 0 0 1 0 1 1 1 0 0 0.0
190 20 10056 0 1 1 1 0 1 1 0 1 0 0 0 0 1 0 1 0 0 0 0 0.0
191 20 10375 1 1 0 0 1 1 0 0 1 0 0 0 1 0 1 0 1 1 1 0 0.0
192 20 8080 1 1 0 1 1 0 0 0 0 0 1 1 0 0 1 0 1 1 1 0 0.0
193 20 6707 0 1 1 1 0 1 0 0 1 1 1 0 0 0 1 0 1 1 1 0 0.0
194 20 8564 0 1 1 0 1 0 0 0 1 1 0 1 0 1 1 0 1 1 1 0 0.0
195 20 6871 0 1 1 1 0 0 1 0 0 1 0 1 0 1 1 0 0 0 0 0 0.0
196 20 7411 0 1 0 0 0 0 0 0 0 1 1 0 0 0 1 0 1 1 0 1 0.0
197 20 7383 0 0 1 0 1 1 1 1 0 0 0 0 1 1 1 0 0 0 1 0 0.0
198 20 7226 0 1 0 1 1 1 0 1 0 0 1 0 1 0 0 0 1 0 0 1 0.0
199 20 11351 0 1 0 1 1 1 0 1 0 0 0 0 1 1 1 1 0 1 0 1 0.0
200 20 8044 0 0 0 0 0 1 0 0 0 0 0 1 1 0 1 1 1 1 0 1 0.0
201 20 6824 1 1 0 0 0 1 0 0 0 0 1 1 1 1 0 0 0 0 0 1 0.0
202 20 9790 1 0 0 0 1 1 0 1 0 1 1 0 1 0 0 0 0 0 1 1 0.0
203 20 8334 0 1 0 1 0 0 0 1 1 1 1 1 1 0 0 0 1 0 0 0 0.0
204 20 9200 1 0 1 0 1 0 0 1 1 1 0 0 0 0 0 1 1 1 0 1 0.0
205 20 8328 0 1 0 1 1 0 1 1 0 0 0 1 0 0 0 0 0 0 1 1 0.0
206 20 7244 0 1 0 0 1 0 0 0 0 0 0 0 0 1 0 1 1 0 1 1 0.0
207 20 7832 1 0 0 0 0 0 0 1 1 0 1 0 0 0 0 0 1 1 0 1 0.0
208 20 6147 0 1 0 1 0 1 0 0 0 0 1 1 1 0 0 1 0 1 1 0 0.0
209 20 9402 1 1 0 1 0 0 1 0 1 0 0 1 0 0 0 0 1 0 1 0 0.0
210 20 6533 0 0 1 0 0 1 1 1 0 1 1 0 1 0 0 0 0 0 1 0 0.0
211 20 8585 1 0 1 0 1 0 0 1 1 0 0 0 0 1 0 1 0 1 1 1 0.0
212 20 8403 0 0 1 0 0 0 1 0 0 1 1 0 1 1 1 1 0 1 0 1 0.0
213 20 10548 1 1 0 0 0 1 0 1 0 0 0 0 1 1 0 0 1 1 1 1 0.0
214 20 7918 0 1 1 0 1 1 1 0 0 0 0 1 0 0 1 0 1 0 1 0 0.0
215 20 8391 0 0 1 1 1 0 0 0 0 1 1 1 0 0 0 0 0 0 1 0 0.0
216 20 9625 1 1 0 0 1 1 0 0 1 0 0 0 1 0 0 1 1 0 1 1 0.0
217 20 7674 0 0 0 0 0 0 1 0 0 0 1 0 1 1 0 0 0 1 1 1 0.0
218 20 7655 0 0 1 1 1 0 0 1 0 1 1 1 1 0 1 0 0 0 0 0 0.0
219 20 9861 1 0 0 0 0 1 1 0 1 0 0 0 1 1 1 0 1 1 0 1 0.0
220 20 8609 0 0 0 1 0 1 0 0 0 0 1 0 1 1 0 1 1 1 0 1 0.0
221 20 9485 0 0 0 1 0 0 1 1 1 0 1 1 0 1 0 1 1 0 1 0 0.0
222 20 9060 0 0 1 1 0 0 0 0 0 0 1 1 0 1 0 1 1 1 0 1 0.0
223 20 9106 0 1 1 1 1 0 0 0 0 1 0 0 1 0 0 1 1 0 0 1 0.0
224 20 7424 0 0 1 0 0 1 1 0 1 1 0 0 1 1 1 0 0 0 0 0 0.0
225 20 7250 0 1 1 0 0 0 1 0 0 0 1 0 0 0 0 0 1 1 1 1 0.0
226 20 9438 1 1 0 1 0 0 1 0 1 1 1 0 0 0 0 1 0 0 0 0 0.0
227 20 10233 1 1 0 0 1 1 0 0 1 1 0 0 1 0 0 1 0 0 0 1 0.0
228 20 9948 1 0 1 1 0 0 1 1 0 0 1 0 1 0 1 1 0 0 1 0 0.0
229 20 7417 1 1 0 0 0 0 1 0 1 0 0 1 0 1 0 0 1 0 0 0 0.0
230 20 8961 1 0 1 0 0 1 1 0 1 0 1 0 0 0 1 0 0 1 1 0 0.0
231 20 10220 0 1 0 1 0 0 1 0 1 0 0 1 0 1 0 0 1 1 1 1 0.0
232 20 11833 0 1 1 1 1 0 1 1 1 1 1 0 0 1 0 0 0 0 1 0 0.0
233 20 8118 0 0 0 0 1 1 0 1 0 1 0 0 1 1 0 0 0 1 1 1 0.0
234 20 8987 0 1 1 0 1 0 0 1 1 0 1 1 0 1 0 0 0 0 0 0 0.0
235 20 7510 1 1 1 1 0 1 1 0 0 0 0 0 0 1 1 0 1 0 0 0 0.0
236 20 6061 0 1 0 0 0 0 1 1 1 1 1 1 0 0 1 0 0 0 0 0 0.0
237 20 6265 0 0 0 1 0 1 1 0 0 1 0 1 0 0 0 1 0 1 0 1 0.0
238 20 6051 0 0 0 1 0 1 0 0 0 0 1 1 1 1 1 0 0 0 0 0 0.0
239 20 7308 1 1 1 0 0 1 0 1 0 0 0 0 0 1 0 1 0 1 1 0 0.0
240 20 9858 1 1 0 0 0 1 0 0 1 0 0 0 1 1 1 1 1 0 0 0 0.0
241 20 6320 1 0 1 0 0 1 1 0 1 1 0 1 1 0 1 0 0 0 0 0 0.0
242 20 7307 0 1 1 0 0 0 0 1 0 1 1 0 0 0 0 0 0 0 1 1 0.0
243 20 8193 1 0 0 0 0 1 1 1 0 0 0 1 0 0 0 1 0 1 1 0 0.0
244 20 10929 0 0 0 0 0 1 0 1 1 0 1 1 1 1 1 1 1 0 0 0 0.0
245 20 7147 0 0 1 1 0 1 0 1 0 1 1 1 1 0 0 0 0 0 0 1 0.0
246 20 8952 0 1 0 0 0 1 0 0 1 1 0 0 1 1 1 1 1 0 0 1 0.0
247 20 9650 0 0 1 1 1 1 0 1 0 0 1 1 0 0 0 0 0 1 1 0 0.0
248 20 7611 0 1 0 0 1 0 0 0 0 0 1 1 1 1 1 0 0 0 1 0 0.0
249 20 10030 0 1 1 0 0 1 1 1 1 0 0 0 0 0 0 1 0 1 1 1 0.0
250 20 10254 1 0 1 0 0 0 1 1 0 0 0 1 0 0 1 0 1 1 0 1 0.0
251 20 8240 0 0 1 0 0 0 0 1 0 0 0 0 1 0 1 1 0 1 1 1 0.0
252 20 9613 0 1 1 0 0 0 0 0 1 0 1 1 0 1 0 0 1 0 1 1 0.0
253 20 8174 1 0 1 1 1 0 0 0 0 1 1 0 1 0 1 1 1 0 0 0 0.0
254 20 9333 0 0 0 0 0 1 0 0 0 1 0 0 1 0 1 1 1 1 1 0 0.0
255 20 7058 0 1 0 0 0 0 1 1 0 1 1 0 0 0 1 0 0 0 1 1 0.0
256 20 7803 1 1 0 1 0 0 0 0 0 0 1 1 0 1 1 1 0 1 1 0 0.0
257 20 5646 1 0 1 0 0 1 1 0 1 0 1 1 0 0 1 0 0 0 0 0 0.0
258 20 9324 0 1 1 0 0 0 1 1 0 0 1 1 0 0 1 1 0 1 0 0 0.0
259 20 9795 0 0 1 0 1 0 1 0 0 1 1 1 1 1 1 1 0 1 1 0 0.0
260 20 9423 1 0 0 0 1 0 0 1 0 1 0 0 1 0 1 1 0 1 1 1 0.0
261 20 9563 1 0 0 0 1 0 1 1 1 0 0 0 0 1 1 1 1 0 1 1 0.0
262 20 8008 0 1 0 1 0 0 1 1 0 0 0 0 1 1 1 0 0 1 1 0 0.0
263 20 9485 0 0 1 0 1 1 0 0 1 1 0 0 0 1 1 1 1 0 0 1 0.0
264 20 10024 0 0 1 0 0 1 0 1 1 1 1 1 0 0 0 1 0 1 1 1 0.0
265 20 7339 0 0 1 0 1 1 1 1 0 0 1 0 0 0 0 0 1 0 0 1 0.0
266 20 7840 0 1 0 0 1 0 1 1 0 0 0 1 0 1 1 0 0 0 1 0 0.0
267 20 8539 1 0 1 0 0 0 0 0 1 1 1 0 0 0 1 0 0 1 1 1 0.0
268 20 8456 0 0 1 1 0 1 1 0 1 0 0 0 0 0 1 0 0 0 0 1 0.0
269 20 10028 0 0 1 0 0 0 1 0 1 0 1 1 0 0 1 0 1 1 1 1 0.0
270 20 6334 1 1 1 1 0 1 0 0 0 0 1 0 1 0 0 0 0 1 0 1 0.0
271 20 10898 1 1 1 1 1 1 0 1 1 1 1 0 0 0 0 0 1 0 1 0 0.0
272 20 8692 0 1 1 0 1 0 1 0 1 1 0 0 1 1 1 0 0 0 0 0 0.0
273 20 8850 0 0 1 0 0 0 1 0 1 1 0 0 1 0 0 1 1 0 1 1 0.0
274 20 9467 0 0 1 1 1 1 0 1 1 1 1 0 0 1 0 1 0 0 0 0 0.0
275 20 8494 0 0 0 1 1 0 1 1 1 1 1 0 0 1 1 1 1 0 0 0 0.0
276 20 7491 0 0 0 1 0 1 1 1 0 1 0 1 0 1 0 1 1 0 0 1 0.0
277 20 7947 1 0 1 0 0 1 0 0 0 0 1 0 1 0 0 0 1 0 1 1 0.0
278 20 6261 1 1 0 0 0 0 0 1 1 1 1 0 0 0 1 0 0 0 1 0 0.0
279 20 7899 1 1 0 0 1 1 0 0 0 1 1 1 0 0 1 0 0 0 0 0 0.0
280 20 9019 0 1 0 0 0 0 0 1 0 1 0 1 1 1 0 0 1 0 0 1 0.0
281 20 7722 0 1 1 0 0 0 1 1 1 0 1 1 0 0 0 1 1 1 0 0 0.0
282 20 7295 1 0 0 1 0 0 1 1 0 1 0 0 0 0 0 1 0 0 1 1 0.0
283 20 8054 1 0 1 1 0 1 1 1 0 0 0 1 0 0 1 0 1 0 1 0 0.0
284 20 9309 0 1 1 1 1 0 0 1 1 0 0 0 0 0 1 1 0 0 1 1 0.0
285 20 8061 0 0 1 1 0 1 1 0 0 0 0 0 1 1 1 0 0 1 0 1 0.0
286 20 9668 0 0 1 0 1 1 1 0 1 0 0 1 1 0 0 0 1 0 1 0 0.0
287 20 7607 0 0 1 0 0 1 1 0 0 1 1 0 1 0 0 1 0 0 0 0 0.0
288 20 8009 0 0 0 0 0 0 1 1 1 1 1 0 0 0 1 0 1 0 1 0 0.0
289 20 5900 0 1 1 0 0 1 0 1 0 1 0 0 1 1 0 0 0 0 0 1 0.0
290 20 8858 0 0 1 1 1 0 0 1 0 0 1 0 1 1 1 1 0 0 0 0 0.0
291 20 7895 0 0 0 0 0 1 1 1 0 0 0 1 0 1 0 0 1 0 0 1 0.0
292 20 11226 1 1 0 0 1 0 0 0 0 1 1 1 1 0 1 1 0 1 1 0 0.0
293 20 7531 0 0 0 0 0 1 1 0 1 1 1 1 0 0 0 0 0 1 1 1 0.0
294 20 7270 1 1 0 1 1 0 0 0 0 0 1 1 1 0 1 0 0 1 0 0 0.0
295 20 8114 0 1 0 0 1 0 0 1 1 0 1 0 1 0 0 1 1 0 1 0 0.0
296 20 8175 0 0 0 1 1 1 0 0 1 0 0 1 1 0 0 0 1 0 0 1 0.0
297 20 9247 1 1 1 0 0 0 1 1 0 1 1 0 0 0 0 0 1 1 0 1 0.0
298 20 12081 1 1 1 1 1 1 1 1 0 0 1 0 0 0 0 0 1 0 1 0 0.0
299 20 10024 0 0 1 0 1 1 0 0 1 1 0 1 1 0 1 0 1 0 1 0 0.0
300 20 6206 0 0 0 0 1 0 0 1 1 0 1 0 1 0 0 1 1 0 0 1 0.0
301 20 10400 1 1 1 1 0 1 0 0 1 0 0 1 0 1 1 0 0 1 1 0 0.0
302 20 9337 0 0 0 1 0 1 1 0 0 1 1 0 1 1 0 1 0 1 0 1 0.0
303 20 8758 0 0 0 0 1 0 0 0 0 1 1 0 0 0 0 1 1 1 0 1 0.0
304 20 9492 0 1 1 0 1 0 1 1 0 0 0 1 0 0 1 0 0 0 0 1 0.0
305 20 8797 0 0 0 0 0 0 1 0 0 1 0 1 1 1 1 1 0 1 0 0 0.0
306 20 9926 0 0 0 1 1 0 1 1 0 0 0 1 1 1 1 0 0 1 1 0 0.0
307 20 9278 0 0 0 1 1 1 0 1 0 1 1 1 1 0 0 0 1 0 0 0 0.0
308 20 8016 1 0 0 1 0 1 0 0 1 1 1 0 0 0 1 1 1 1 0 0 0.0
309 20 8460 1 0 0 0 0 1 0 0 0 1 1 1 1 0 1 1 0 0 1 0 0.0
310 20 11015 0 1 1 1 1 0 0 0 1 1 0 1 1 0 0 0 1 1 0 1 0.0
311 20 7948 1 1 0 0 0 0 0 1 0 1 0 0 0 0 1 1 1 0 0 1 0.0
312 20 7168 0 1 0 1 1 0 1 0 1 0 1 1 0 0 1 1 1 0 0 1 0.0
313 20 7746 1 1 0 0 1 0 1 0 1 0 0 1 0 0 1 0 0 0 1 0 0.0
314 20 8619 0 1 0 1 0 0 1 1 0 0 1 1 1 0 1 0 0 1 0 0 0.0
315 20 8871 1 1 0 0 0 1 0 0 0 1 0 1 1 0 1 0 1 1 0 0 0.0
316 20 10490 1 1 0 0 1 1 0 0 1 0 0 1 1 0 1 0 1 1 1 0 0.0
317 20 6883 1 1 0 0 0 1 0 0 0 0 0 1 1 0 1 0 0 1 0 0 0.0
318 20 6252 1 0 1 0 1 0 1 1 0 0 1 1 1 0 0 0 0 0 0 1 0.0
319 20 6846 0 0 1 1 0 0 0 1 1 0 0 1 1 0 0 1 0 1 0 1 0.0
320 20 10678 1 0 1 0 0 0 0 1 1 0 1 0 1 1 0 0 0 1 1 1 0.0
321 20 9065 0 0 0 0 1 0 1 0 1 1 1 1 0 0 1 1 0 1 1 0 0.0
322 20 4365 1 1 1 0 0 0 0 0 1 0 0 0 1 0 1 0 0 0 0 1 0.0
323 20 7590 0 0 0 1 1 1 0 0 0 1 1 0 1 1 0 0 1 1 1 0 0.0
324 20 9123 1 1 0 0 0 1 0 0 1 1 1 0 1 1 1 0 0 0 0 1 0.0
325 20 10800 0 1 1 1 0 0 0 0 0 1 0 1 1 1 0 0 1 0 1 1 0.0
326 20 7951 1 0 1 1 0 0 1 1 0 0 0 0 1 1 0 0 1 0 1 1 0.0
327 20 7809 1 0 0 1 0 0 0 1 0 1 0 0 0 1 1 1 0 0 0 1 0.0
328 20 8886 1 1 0 0 1 1 0 0 0 1 0 1 0 0 0 0 1 1 0 0 0.0
329 20 7877 0 1 0 1 0 0 0 1 1 0 1 1 0 1 0 0 1 0 0 1 0.0
330 20 7476 1 0 1 0 0 0 1 1 1 0 0 0 1 0 0 1 0 1 1 1 0.0
331 20 9353 0 0 1 0 1 1 1 0 1 0 0 0 0 1 0 1 0 1 1 1 0.0
332 20 9716 0 0 1 1 0 1 1 0 1 0 1 0 1 0 0 1 1 0 1 1 0.0
333 20 7717 1 0 0 0 1 0 0 1 0 1 0 0 1 0 1 0 1 1 0 0 0.0
334 20 8330 0 1 0 1 0 1 0 0 0 0 1 0 1 1 0 1 0 1 0 0 0.0
335 20 8481 1 0 1 0 1 1 0 1 0 0 0 1 0 0 1 0 0 0 0 1 0.0
336 20 9542 1 0 0 1 1 1 0 0 1 1 0 1 1 1 0 1 1 0 1 1 0.0
337 20 8440 1 0 0 1 1 0 1 1 0 1 0 0 0 0 0 0 1 1 1 0 0.0
338 20 8917 0 0 1 1 1 0 1 1 0 0 0 0 1 0 1 1 1 0 0 0 0.0
339 20 8366 1 0 1 1 1 0 1 1 0 1 0 0 0 0 1 0 0 1 0 0 0.0
340 20 8554 0 1 1 0 1 0 0 0 0 1 1 0 0 0 1 1 0 0 1 1 0.0
341 20 6995 0 1 1 0 0 0 0 0 1 0 1 1 1 1 0 0 0 1 0 1 0.0
342 20 5957 0 0 0 0 1 0 1 0 0 1 0 0 1 1 0 0 0 1 1 0 0.0
343 20 8588 1 1 1 1 1 0 0 0 0 1 0 0 0 0 0 0 0 1 1 1 0.0
344 20 9549 0 1 1 0 1 0 0 1 1 0 1 1 0 0 0 1 0 1 0 1 0.0
345 20 8548 0 0 0 1 1 1 1 0 0 1 1 0 0 0 1 0 0 1 1 0 0.0
346 20 7911 1 1 0 1 0 0 1 1 1 0 0 1 0 0 0 1 0 0 0 0 0.0
347 20 7761 0 1 1 0 0 0 0 1 1 0 0 1 1 0 0 0 0 0 1 1 0.0
348 20 8157 0 1 1 0 0 1 1 1 1 0 1 1 1 0 0 0 0 0 0 0 0.0
349 20 9198 0 1 1 1 1 0 0 0 0 1 1 0 0 0 1 0 0 0 1 0 0.0
350 20 9683 1 1 1 1 0 1 0 0 1 1 0 0 0 1 0 0 1 1 0 0 0.0
351 20 8742 0 0 1 1 0 0 1 0 0 0 1 0 0 1 0 0 1 1 1 1 0.0
352 20 8450 1 1 0 1 0 1 0 1 0 0 0 1 0 1 0 0 0 1 1 1 0.0
353 20 8144 1 0 1 1 1 0 0 1 0 0 0 1 0 0 0 0 0 0 1 0 0.0
354 20 7223 0 0 1 0 0 0 1 1 0 0 0 1 1 0 1 0 0 0 1 0 0.0
355 20 7596 0 1 0 1 0 0 1 0 1 0 0 0 1 1 0 0 1 1 0 1 0.0
356 20 8653 1 0 0 0 0 1 1 0 0 1 0 0 0 1 1 1 1 0 1 1 0.0
357 20 9635 0 1 1 0 0 0 0 1 1 1 1 0 1 1 0 0 0 0 1 1 0.0
358 20 5344 0 1 0 0 0 1 1 1 1 1 0 0 0 0 0 1 0 0 0 0 0.0
359 20 7386 0 0 0 0 1 0 0 1 0 0 1 1 0 1 1 1 0 0 0 0 0.0
360 20 8378 1 1 0 0 1 0 0 1 1 0 0 1 0 0 0 0 1 1 1 1 0.0
361 20 10010 0 1 0 1 0 0 0 1 1 0 1 0 0 1 1 0 1 0 0 1 0.0
362 20 8509 1 0 0 0 0 0 0 1 1 1 0 1 0 0 1 1 0 0 1 1 0.0
363 20 7094 0 1 0 0 1 1 0 0 1 1 1 0 0 1 0 0 0 1 1 0 0.0
364 20 9909 0 1 1 1 0 1 0 0 1 1 0 0 1 0 1 1 1 0 0 0 0.0
365 20 7801 1 1 0 0 0 0 0 0 1 0 0 0 0 0 1 1 0 1 1 0 0.0
366 20 9983 1 0 1 0 1 0 0 1 1 1 0 1 0 0 0 0 1 1 0 1 0.0
367 20 7908 1 1 0 1 0 1 1 0 0 0 1 1 0 0 0 0 1 1 0 0 0.0
368 20 8828 0 1 1 1 0 0 0 1 0 1 1 0 1 0 1 1 0 0 1 0 0.0
369 20 8320 1 1 1 0 0 0 1 0 1 0 0 1 0 0 0 1 1 1 1 0 0.0
370 20 9590 0 0 0 1 0 0 1 1 1 1 0 1 1 1 1 1 0 0 1 1 0.0
371 20 8491 0 0 1 1 0 1 1 0 0 1 1 0 0 1 1 0 0 1 1 0 0.0
372 20 8071 0 1 0 0 1 0 0 0 1 0 1 0 0 0 1 0 1 1 1 1 0.0
373 20 8861 1 0 1 1 0 0 1 0 1 1 1 0 1 0 0 0 0 1 1 0 0.0
374 20 8340 0 1 1 1 0 0 1 0 0 1 1 0 1 1 0 0 0 0 0 1 0.0
375 20 10537 1 1 1 1 1 1 1 1 0 1 0 0 1 0 0 0 1 1 0 0 0.0
376 20 9123 0 0 0 0 0 0 1 1 0 1 0 1 1 1 0 0 1 0 1 1 0.0
377 20 7000 1 0 1 0 0 0 1 1 1 1 0 1 0 0 0 1 0 0 0 0 0.0
378 20 8576 0 0 1 1 0 1 0 0 1 1 0 1 1 1 1 0 0 0 0 0 0.0
379 20 8301 0 1 1 1 0 1 0 0 0 0 1 0 1 0 1 0 0 1 0 1 0.0
380 20 10117 0 0 1 1 0 0 0 0 0 0 1 1 1 1 0 1 1 1 0 1 0.0
381 20 8004 0 0 1 0 1 1 0 0 0 0 1 0 1 0 0 1 0 1 1 1 0.0
382 20 9434 1 0 1 1 0 0 0 1 1 0 0 0 1 0 0 1 1 0 1 0 0.0
383 20 7721 0 0 0 0 1 0 0 0 1 1 0 0 0 0 0 1 0 1 1 1 0.0
384 20 8733 1 0 0 1 1 0 1 0 1 1 0 0 1 1 0 0 1 0 1 0 0.0
385 20 8376 0 0 0 0 1 0 1 0 0 1 1 0 1 0 1 0 1 0 0 0 0.0
386 20 6479 0 1 1 0 0 0 1 1 0 1 0 1 0 0 1 0 0 0 1 0 0.0
387 20 9323 0 0 0 1 0 1 1 0 0 1 1 1 0 0 1 0 1 0 1 1 0.0
388 20 7302 1 0 1 1 1 0 1 1 0 1 1 0 0 0 0 1 0 0 1 0 0.0
389 20 8451 0 1 1 0 1 1 0 0 0 0 1 0 1 0 0 0 1 1 1 0 0.0
390 20 7881 0 0 1 1 1 1 0 0 0 0 0 0 0 1 1 0 0 0 0 1 0.0
391 20 8856 1 0 1 0 1 1 1 0 0 0 1 1 1 0 1 0 0 0 1 0 0.0
392 20 8771 1 0 1 0 1 0 0 0 1 0 0 1 0 0 1 1 1 1 0 0 0.0
393 20 6068 1 0 1 1 1 1 0 0 0 1 1 0 0 0 0 1 0 0 0 0 0.0
394 20 8364 0 0 0 1 1 0 0 1 1 1 0 1 1 0 1 1 1 0 0 0 0.0
395 20 6304 0 0 1 1 0 0 1 1 1 0 0 1 0 1 1 0 0 0 0 0 0.0
396 20 8847 0 1 0 1 1 0 1 1 1 0 0 0 1 0 0 1 0 1 0 0 0.0
397 20 9528 0 1 0 0 1 0 1 0 0 1 1 1 1 0 1 0 0 0 0 0 0.0
398 20 9266 1 0 0 1 0 0 1 0 0 1 0 0 1 1 1 0 1 1 0 0 0.0
399 20 9384 1 1 1 1 1 0 0 1 0 0 0 0 0 0 1 0 0 0 1 1 0.0
400 20 7192 0 0 0 0 1 1 1 1 0 0 0 1 1 1 0 0 0 1 0 0 0.0
401 20 9530 0 0 0 1 1 0 1 1 1 0 0 0 0 0 1 0 0 1 1 1 0.0
402 20 9075 0 0 0 0 1 0 1 0 0 0 0 1 1 1 1 0 1 0 0 1 0.0
403 20 10401 0 0 1 1 1 0 0 1 0 0 1 1 0 1 0 1 1 1 0 0 0.0
404 20 8032 0 1 0 0 0 1 0 1 0 1 1 1 0 0 1 0 1 0 1 0 0.0
405 20 8542 1 1 0 1 0 0 1 1 0 0 0 1 0 1 0 1 1 1 0 1 0.0
406 20 8175 0 0 0 0 0 1 1 1 1 1 1 0 0 1 1 1 0 0 1 0 0.0
407 20 8318 0 1 0 0 0 0 0 1 0 1 1 0 1 1 1 1 0 1 0 1 0.0
408 20 7609 1 0 1 0 0 0 1 1 0 1 0 0 1 0 0 0 1 1 0 0 0.0
409 20 10577 1 1 0 0 0 0 1 0 1 1 0 0 1 0 1 0 1 1 1 1 0.0
410 20 9411 0 1 1 0 0 0 1 1 0 0 1 0 0 1 0 0 1 1 0 1 0.0
411 20 6767 1 0 1 1 0 1 0 0 0 0 1 0 0 1 0 0 1 0 0 1 0.0
412 20 7553 0 1 1 0 0 0 0 1 1 0 0 0 1 1 1 1 1 1 0 0 0.0
413 20 8627 0 1 1 0 1 1 1 1 0 0 1 1 0 0 1 0 0 0 1 1 0.0
414 20 8739 1 1 0 1 0 1 1 0 0 0 1 1 0 1 0 0 1 1 1 0 0.0
415 20 8795 1 0 1 1 0 1 0 0 1 0 1 1 1 1 0 1 1 0 1 0 0.0
416 20 8327 1 0 0 0 1 0 0 1 0 0 1 0 1 1 0 1 1 0 0 0 0.0
417 20 9493 1 0 1 0 1 0 0 0 0 0 1 1 1 0 1 0 1 1 0 0 0.0
418 20 8692 0 0 1 1 1 0 0 1 1 0 1 0 1 0 1 0 0 0 1 0 0.0
419 20 9289 0 0 1 0 1 0 0 0 1 0 0 1 1 1 0 1 1 1 0 1 0.0
420 20 11195 0 0 1 1 1 1 1 1 0 0 1 0 0 1 0 1 1 0 0 0 0.0
421 20 10168 1 0 0 0 0 0 0 1 1 1 0 1 1 1 1 1 0 0 1 1 0.0
422 20 7040 1 0 0 0 1 1 1 1 0 0 0 1 0 1 0 1 0 0 1 0 0.0
423 20 9463 1 0 0 0 0 0 1 0 1 1 1 1 1 0 0 0 0 0 1 1 0.0
424 20 5833 0 0 0 1 0 0 0 0 0 1 1 0 0 0 0 0 1 0 0 1 0.0
425 20 7954 0 1 0 1 0 1 1 1 1 0 0 1 0 0 1 0 1 1 1 0 0.0
426 20 10207 0 0 0 1 1 1 0 0 0 1 0 0 1 1 0 1 1 0 0 1 0.0
427 20 9758 1 0 0 1 0 1 1 1 0 1 0 1 1 1 1 1 0 0 1 0 0.0
428 20 9555 1 1 1 1 1 1 0 0 0 0 1 0 0 0 1 1 1 0 0 0 0.0
429 20 10324 1 1 0 1 0 1 0 0 1 0 1 0 0 0 1 0 1 1 1 0 0.0
430 20 7717 0 0 1 0 1 1 0 0 0 0 1 0 0 0 1 1 1 1 0 0 0.0
431 20 9914 1 1 1 0 0 0 0 0 1 1 0 0 0 0 1 0 1 1 1 0 0.0
432 20 8426 1 0 1 1 1 1 0 0 0 1 0 0 0 1 1 0 1 0 0 0 0.0
433 20 7484 1 1 1 1 0 1 1 0 0 0 0 1 0 0 1 1 1 1 0 0 0.0
434 20 8491 1 0 0 1 0 1 0 1 1 1 0 0 0 1 0 1 1 0 0 1 0.0
435 20 7218 1 0 1 0 0 1 1 0 0 0 1 1 0 0 1 1 0 0 0 0 0.0
436 20 8025 0 1 1 1 0 0 1 1 0 0 1 0 0 0 1 0 1 0 0 1 0.0
437 20 7151 0 0 0 0 0 0 1 0 0 0 0 0 1 1 0 1 1 0 1 1 0.0
438 20 7111 0 0 0 0 0 0 0 1 0 0 0 0 0 1 0 0 1 1 1 1 0.0
439 20 6921 0 0 1 0 0 0 0 1 0 1 1 1 0 0 1 0 0 1 0 1 0.0
440 20 7592 0 0 1 1 0 1 1 0 1 0 0 1 0 1 0 0 0 0 0 1 0.0
441 20 8712 0 0 1 1 1 1 0 0 0 1 1 1 0 1 1 0 0 0 0 0 0.0
442 20 7174 0 1 0 1 1 1 1 1 0 0 0 0 1 1 0 0 1 1 0 0 0.0
443 20 7489 0 1 0 0 0 1 0 1 0 0 1 0 0 1 0 1 1 1 0 0 0.0
444 20 7540 0 1 1 1 1 1 0 1 0 1 1 0 1 0 0 0 0 0 0 1 0.0
445 20 7754 1 1 1 0 1 0 0 1 0 1 1 0 1 0 0 0 0 1 0 0 0.0
446 20 6218 1 0 0 1 0 1 0 0 1 0 0 0 0 1 0 0 1 1 0 0 0.0
447 20 8489 0 1 1 0 0 1 0 0 1 0 0 1 0 0 0 0 1 0 1 1 0.0
448 20 7682 1 0 0 0 1 0 1 0 1 1 0 0 1 0 1 0 1 0 0 0 0.0
449 20 8526 0 0 0 0 0 1 1 1 0 0 1 1 0 1 0 0 0 1 1 1 0.0
450 20 8120 1 1 1 0 0 1 0 1 0 0 0 0 0 1 1 0 0 0 1 1 0.0
451 20 9609 1 1 0 0 1 0 0 0 1 1 0 0 1 0 0 1 1 1 1 1 0.0
452 20 8538 0 0 0 0 1 1 0 0 0 1 0 1 1 0 0 0 1 0 1 1 0.0
453 20 9675 0 1 1 1 1 0 0 1 0 1 0 1 1 1 1 0 0 0 0 0 0.0
454 20 8567 1 0 1 1 0 1 0 0 0 0 0 1 0 0 0 1 0 0 1 1 0.0
455 20 9170 1 1 0 0 0 1 1 1 0 0 1 0 1 0 0 0 1 0 1 0 0.0
456 20 8401 0 1 0 1 1 0 0 0 1 1 0 1 1 1 0 0 0 0 0 1 0.0
457 20 7214 1 0 0 0 1 0 1 1 1 0 0 1 1 1 0 1 0 0 0 0 0.0
458 20 8983 0 1 1 0 0 0 1 1 0 0 1 0 0 1 0 1 1 0 1 0 0.0
459 20 7822 0 1 0 0 1 1 1 1 1 1 0 0 1 0 1 0 0 0 0 0 0.0
460 20 9675 0 0 1 0 0 0 1 1 0 1 0 1 0 1 1 1 0 1 0 1 0.0
461 20 9575 0 1 1 0 0 0 1 1 1 0 0 1 1 1 0 1 0 0 1 0 0.0
462 20 7084 0 0 0 1 1 0 0 0 0 0 1 1 0 1 1 0 0 0 1 0 0.0
463 20 8413 0 0 1 0 1 0 0 1 1 0 1 0 0 1 0 1 0 0 0 1 0.0
464 20 9036 0 0 0 1 0 1 1 1 1 0 0 0 1 0 0 1 0 0 1 1 0.0
465 20 9580 0 0 1 0 0 1 1 0 1 1 0 1 0 1 0 1 1 1 0 1 0.0
466 20 9548 0 1 0 1 1 1 0 1 0 0 0 0 1 0 1 0 0 0 1 1 0.0
467 20 6276 1 0 0 1 1 0 1 0 0 0 0 0 0 1 0 0 0 1 0 0 0.0
468 20 6597 0 0 0 1 1 1 0 0 0 0 1 0 0 0 0 0 1 1 0 1 0.0
469 20 6802 1 0 0 0 1 1 0 1 1 0 0 0 0 1 1 1 0 1 0 0 0.0
470 20 7810 1 0 0 1 1 1 0 0 0 0 0 0 0 1 0 1 1 1 1 0 0.0
471 20 5836 0 1 0 0 1 0 1 0 1 0 1 1 1 0 0 1 0 0 0 0 0.0
472 20 8411 0 0 1 0 0 0 1 1 0 1 0 0 1 0 1 0 1 1 0 1 0.0
473 20 7317 1 1 0 0 0 0 1 0 0 0 0 1 1 1 1 0 0 0 0 1 0.0
474 20 6255 1 1 0 0 0 0 0 1 1 0 0 1 1 1 0 0 1 0 0 0 0.0
475 20 8139 1 1 1 0 0 0 0 1 1 1 1 1 0 0 1 0 0 0 0 0 0.0
476 20 7241 0 0 0 1 1 0 0 0 0 0 1 1 0 1 1 1 0 0 0 1 0.0
477 20 9553 1 0 1 0 0 0 0 1 1 0 0 0 1 1 1 1 0 1 0 0 0.0
478 20 8586 0 1 1 0 1 1 0 0 1 0 1 0 0 0 1 0 0 1 1 0 0.0
479 20 9380 1 0 0 0 0 0 1 0 0 1 1 1 1 0 0 1 1 0 0 1 0.0
480 20 7061 0 1 0 0 1 1 0 0 0 0 0 0 1 0 1 0 1 1 1 0 0.0
481 20 7665 0 1 0 0 0 0 1 0 0 0 0 1 0 1 1 0 1 1 0 1 0.0
482 20 7065 0 0 0 0 0 1 1 0 1 1 0 0 0 1 0 1 1 0 1 1 0.0
483 20 7333 1 0 0 0 0 0 0 0 1 0 1 1 1 0 1 0 1 0 1 1 0.0
484 20 9356 1 1 0 0 0 1 0 1 0 0 0 0 1 1 1 0 0 0 1 0 0.0
485 20 9906 0 1 1 1 0 1 1 0 0 1 1 0 0 1 0 1 1 0 0 1 0.0
486 20 8796 0 1 0 1 0 0 1 0 1 0 0 1 1 0 1 1 0 1 1 0 0.0
487 20 9654 0 1 0 1 1 0 0 1 0 0 1 1 0 1 0 1 1 0 0 0 0.0
488 20 9533 1 0 0 0 1 1 1 0 1 1 1 0 0 1 0 0 0 1 0 0 0.0
489 20 8417 1 0 0 1 0 1 0 0 0 0 1 1 0 1 0 1 1 0 1 0 0.0
490 20 4831 0 1 1 1 0 0 0 0 0 0 0 0 1 0 1 1 1 0 1 1 0.0
491 20 8961 0 1 1 0 1 1 0 1 0 0 0 1 1 0 0 0 0 0 1 0 0.0
492 20 8617 0 0 1 1 0 0 0 1 0 1 0 1 0 1 0 0 0 1 1 1 0.0
493 20 7373 1 0 0 1 0 1 1 0 0 1 1 0 1 0 0 0 0 0 0 1 0.0
494 20 8323 1 0 1 1 0 0 0 0 0 1 1 1 1 0 0 1 1 1 1 0 0.0
495 20 8529 0 1 1 1 0 0 0 1 1 1 0 1 0 1 1 0 0 0 0 0 0.0
496 20 7801 0 1 0 1 0 1 1 0 1 0 0 1 1 0 0 1 1 0 0 0 0.0
497 20 6719 0 1 0 1 1 1 0 0 0 0 0 0 1 0 0 1 0 0 0 0 0.0
498 20 10173 0 1 0 1 0 1 1 1 0 0 1 0 1 1 0 0 0 1 1 1 0.0
499 20 9792 0 1 1 1 1 1 0 0 1 0 0 0 0 1 0 1 0 1 1 1 0.0
500 20 7936 0 0 0 1 0 1 1 0 0 1 0 1 0 0 0 1 1 0 1 1 0.0
