1 20 5250 0 1 0 0 1 0 1 0 0 0 0 0 0 0 0 0 1 1 0 0 0.0
2 20 4291 0 0 1 0 1 0 1 0 0 1 0 0 0 0 1 0 0 0 0 0 0.0
3 20 6012 0 0 0 1 0 0 1 0 1 0 0 0 0 1 1 0 0 0 0 0 0.0
4 20 4711 1 0 0 0 0 0 0 1 1 0 0 0 0 1 0 0 0 1 0 0 0.0
5 20 5884 0 0 0 0 0 0 0 0 1 0 0 1 0 0 1 0 1 1 0 0 0.0
6 20 4039 0 0 0 0 0 0 0 0 1 1 1 0 1 0 0 0 0 0 0 1 0.0
7 20 5622 0 1 0 0 0 0 1 0 0 1 0 0 1 0 0 0 0 0 0 0 0.0
8 20 4901 0 0 0 0 0 1 0 0 1 0 1 0 1 1 0 0 0 0 0 0 0.0
9 20 3919 0 0 1 1 0 0 0 1 0 0 1 0 1 0 1 0 0 0 0 0 0.0
10 20 6980 0 0 0 1 1 0 1 0 1 0 1 0 0 0 0 1 0 0 0 0 0.0
11 20 5894 0 0 0 1 0 1 0 1 0 0 0 0 0 1 0 0 0 0 0 1 0.0
12 20 3514 0 0 0 0 0 1 0 0 0 0 0 0 1 0 0 1 0 0 0 0 0.0
13 20 6349 0 0 0 1 0 0 0 0 0 1 1 0 0 0 1 1 0 0 0 0 0.0
14 20 4549 0 1 1 0 0 0 1 0 0 0 0 0 0 1 0 0 0 0 0 0 0.0
15 20 4476 1 0 0 0 1 0 0 0 0 0 0 1 0 1 0 0 0 0 1 0 0.0
16 20 4011 0 0 0 0 0 0 0 0 0 1 0 0 1 0 1 0 0 0 0 1 0.0
17 20 5707 0 0 0 1 0 0 0 0 0 0 0 0 0 0 1 0 1 1 1 0 0.0
18 20 6182 0 1 1 0 0 1 1 0 0 0 0 0 0 1 0 0 0 0 0 0 0.0
19 20 4720 0 0 0 0 0 0 0 0 0 0 0 0 0 1 1 1 0 0 0 1 0.0
20 20 4807 0 0 0 0 0 0 0 0 0 1 0 1 0 0 0 0 1 0 1 0 0.0
21 20 3191 0 0 0 1 0 0 0 1 1 1 0 0 0 0 0 0 0 0 0 0 0.0
22 20 5627 1 0 0 0 1 0 0 0 0 0 0 0 0 0 1 0 0 0 1 1 0.0
23 20 4035 0 0 1 0 0 0 0 0 0 0 0 0 1 0 1 0 0 0 1 0 0.0
24 20 4172 0 0 0 1 0 0 0 0 0 0 0 0 0 0 1 0 0 0 0 1 0.0
25 20 6222 0 1 0 1 0 0 0 0 0 0 1 1 0 0 0 0 1 0 0 0 0.0
26 20 6603 0 0 1 0 0 0 1 0 1 0 0 0 0 0 0 0 1 1 1 0 0.0
27 20 3939 1 0 1 0 0 0 0 0 0 0 0 0 0 0 1 0 0 0 0 1 0.0
28 20 4222 0 0 0 0 1 1 1 0 0 1 0 0 1 1 0 0 0 0 0 0 0.0
29 20 5637 1 0 0 0 0 1 0 0 1 0 0 1 0 0 1 0 0 0 0 0 0.0
30 20 4776 0 0 0 0 0 0 0 1 0 0 0 0 1 0 0 0 1 1 0 0 0.0
31 20 4287 0 0 0 0 0 0 0 0 1 0 0 1 0 0 0 0 1 0 0 0 0.0
32 20 5260 1 0 0 1 0 0 0 1 0 0 0 0 0 1 0 0 0 0 1 0 0.0
33 20 5646 0 1 0 0 0 0 0 0 0 1 1 0 0 1 0 0 0 0 0 0 0.0
34 20 4737 0 0 0 0 1 0 0 1 0 0 0 1 1 0 0 0 0 0 0 0 0.0
35 20 4337 0 0 0 1 1 0 0 0 1 0 0 0 0 1 0 0 0 0 0 0 0.0
36 20 4367 0 0 0 0 0 0 0 0 0 0 1 1 0 0 1 0 0 0 1 0 0.0
37 20 3546 0 0 0 0 1 0 0 0 0 0 0 0 0 1 0 0 1 0 0 0 0.0
38 20 4595 0 0 0 0 0 0 0 1 1 0 1 0 0 0 0 0 1 0 0 0 0.0
39 20 4315 0 0 0 0 1 1 1 0 0 0 0 0 0 0 0 0 0 1 0 1 0.0
40 20 6391 0 1 0 0 0 1 0 0 0 1 0 1 0 0 0 0 0 0 1 0 0.0
41 20 5040 0 0 1 0 0 0 0 0 0 1 0 0 0 1 0 0 1 0 0 0 0.0
42 20 5806 0 1 0 0 0 0 0 0 0 1 1 0 0 0 1 0 0 0 1 0 0.0
43 20 4574 0 0 0 1 0 0 1 0 0 0 0 0 0 0 0 0 0 1 1 0 0.0
44 20 3258 0 0 0 0 0 0 1 1 0 0 0 0 0 0 1 0 0 0 0 0 0.0
45 20 6470 1 0 0 1 0 0 0 1 0 0 0 0 0 0 0 0 0 1 1 0 0.0
46 20 3964 1 0 0 1 0 0 0 0 0 1 0 0 0 1 0 0 0 0 0 0 0.0
47 20 5278 0 1 0 0 1 0 0 0 0 0 0 1 0 0 1 1 0 0 0 0 0.0
48 20 3747 0 0 0 1 0 0 1 1 0 1 0 0 0 0 0 0 0 0 0 0 0.0
49 20 5397 1 1 0 0 0 0 0 0 1 0 1 0 1 0 0 0 0 0 0 0 0.0
50 20 4983 0 0 0 0 1 0 0 0 0 0 1 0 0 1 1 1 0 0 0 0 0.0
51 20 4770 0 0 0 0 0 0 1 0 1 0 0 0 0 0 0 0 1 0 1 0 0.0
52 20 6224 0 0 0 0 1 0 0 0 0 1 0 0 0 0 1 1 0 0 0 1 0.0
53 20 5205 1 0 0 0 1 0 0 0 1 0 0 0 0 1 0 0 1 0 0 0 0.0
54 20 5281 0 0 1 0 0 1 0 0 0 0 0 1 0 0 1 0 0 1 0 0 0.0
55 20 3385 0 0 0 0 1 0 0 0 0 0 1 0 0 0 0 0 1 0 0 0 0.0
56 20 6474 1 0 0 0 0 0 0 1 0 1 1 0 1 0 0 1 0 0 0 0 0.0
57 20 3861 0 0 0 0 0 0 0 0 0 0 1 0 1 0 0 1 0 0 1 0 0.0
58 20 5723 0 0 1 0 1 0 0 0 0 0 0 0 0 1 0 0 0 1 0 1 0.0
59 20 5841 0 0 1 1 0 0 0 0 1 1 0 0 0 1 0 0 0 0 0 0 0.0
60 20 5390 0 0 0 0 0 1 0 0 0 1 0 0 0 1 0 1 0 0 1 0 0.0
61 20 3812 0 0 0 0 1 0 0 0 0 1 0 1 0 0 0 0 0 1 0 0 0.0
62 20 4640 0 0 0 0 0 1 0 0 0 1 0 0 0 0 0 1 0 1 0 0 0.0
63 20 6672 0 0 0 0 1 0 1 1 1 0 0 1 0 0 1 0 0 0 0 0 0.0
64 20 6378 0 0 0 0 0 0 0 0 1 1 1 0 0 0 1 0 0 0 0 1 0.0
65 20 4861 0 0 1 0 0 0 1 0 1 0 1 0 0 1 0 0 0 0 0 0 0.0
66 20 4383 0 1 0 0 0 0 0 1 0 1 0 1 0 0 0 0 0 1 0 0 0.0
67 20 4633 0 0 0 1 0 0 1 0 0 1 0 0 1 0 0 0 0 0 0 0 0.0
68 20 4110 0 0 0 0 0 0 1 0 1 0 1 1 0 0 0 0 0 0 1 0 0.0
69 20 4789 1 0 0 0 0 1 0 0 0 1 0 0 0 0 0 1 1 0 0 0 0.0
70 20 4460 0 1 0 0 0 0 0 1 0 0 0 1 0 0 0 0 1 0 0 0 0.0
71 20 5389 1 0 0 0 1 0 0 0 0 1 0 0 1 0 1 0 0 1 0 0 0.0
72 20 5023 0 0 0 0 0 0 0 1 0 0 0 0 0 1 0 1 0 1 0 0 0.0
73 20 4248 0 0 0 0 0 0 0 0 0 1 1 0 0 0 0 0 1 0 1 0 0.0
74 20 3975 0 0 0 1 1 0 0 1 0 0 0 0 0 0 0 0 1 0 0 0 0.0
75 20 3414 0 0 0 0 0 0 0 0 1 1 0 0 0 0 1 0 0 0 0 1 0.0
76 20 5645 0 0 0 1 0 0 0 0 1 0 1 0 0 0 1 0 0 0 0 1 0.0
77 20 4524 0 0 1 0 0 0 0 0 0 0 1 0 1 0 1 0 0 1 0 0 0.0
78 20 3962 0 0 0 0 0 1 0 0 0 0 1 1 0 0 0 1 0 0 0 0 0.0
79 20 6690 0 0 0 1 0 1 0 1 0 0 0 0 0 0 1 0 1 1 0 0 0.0
80 20 6713 0 1 0 0 0 1 0 0 0 1 0 1 0 0 0 0 0 0 0 1 0.0
81 20 4909 0 0 0 1 0 0 1 0 1 0 0 0 1 0 0 0 0 0 0 0 0.0
82 20 6494 1 0 0 0 0 0 0 1 0 1 0 0 0 0 1 0 0 0 0 1 0.0
83 20 4942 1 0 0 0 0 0 0 0 1 0 0 0 0 0 0 1 0 1 0 0 0.0
84 20 4957 0 0 1 1 0 0 0 0 0 0 0 0 1 0 0 0 0 0 1 0 0.0
85 20 3444 0 1 0 0 0 0 0 1 0 0 0 1 0 0 0 1 0 0 0 1 0.0
86 20 4479 0 0 1 0 0 0 0 0 0 1 1 1 0 1 0 0 0 0 0 0 0.0
87 20 4612 0 1 0 0 0 0 0 0 0 0 0 0 1 1 1 1 0 0 0 0 0.0
88 20 6067 0 0 0 1 0 0 1 0 0 0 0 1 0 1 0 0 0 0 1 0 0.0
89 20 4913 0 0 1 1 0 1 0 1 0 0 0 1 0 0 0 0 1 0 0 0 0.0
90 20 5470 0 1 1 0 0 0 0 0 0 1 0 0 0 0 1 1 0 0 0 0 0.0
91 20 5016 0 0 0 1 1 1 0 0 0 0 0 1 0 0 0 0 0 1 0 0 0.0
92 20 5225 0 0 0 0 1 1 0 0 0 1 0 0 0 0 0 0 0 0 0 1 0.0
93 20 5583 1 0 0 1 0 0 0 1 0 1 0 0 0 1 0 0 0 0 0 0 0.0
94 20 4309 0 1 0 0 0 0 0 0 0 0 0 0 1 0 1 0 0 0 0 1 0.0
95 20 6179 0 0 0 1 0 1 0 1 1 1 0 0 0 0 0 0 0 1 0 0 0.0
96 20 3894 0 0 0 0 0 1 0 0 0 0 0 0 0 0 0 0 1 0 0 1 0.0
97 20 3441 0 0 0 0 0 0 1 0 0 0 0 0 1 1 0 0 0 0 1 0 0.0
98 20 6186 0 0 1 1 0 0 1 1 0 0 0 1 0 0 0 0 0 0 1 0 0.0
99 20 6456 0 0 0 0 1 0 1 0 1 1 0 0 1 0 0 0 0 0 0 1 0.0
100 20 5748 1 1 0 0 1 0 0 0 0 1 0 0 0 0 0 0 0 0 1 0 0.0
101 20 5629 0 0 0 1 1 1 0 0 0 0 1 1 0 0 0 0 0 0 0 0 0.0
102 20 7214 1 0 0 0 0 0 0 0 1 0 0 0 1 1 0 1 0 1 0 0 0.0
103 20 5322 0 1 0 0 0 0 0 0 0 0 0 1 0 0 0 0 0 1 1 0 0.0
104 20 6062 0 0 0 1 0 0 0 0 1 0 1 0 0 0 0 1 0 0 0 1 0.0
105 20 5248 0 0 0 1 0 0 0 0 0 1 1 0 0 0 0 0 0 0 0 1 0.0
106 20 5679 0 0 1 0 0 0 0 1 0 0 0 0 0 1 0 0 1 0 0 1 0.0
107 20 3028 0 0 0 0 1 0 0 0 0 0 0 1 0 1 0 1 0 1 0 0 0.0
108 20 4523 1 0 0 1 0 1 0 0 0 0 1 0 0 1 0 0 0 0 0 0 0.0
109 20 6423 1 0 0 0 0 0 1 1 0 0 0 1 0 0 0 1 0 0 0 0 0.0
110 20 5244 1 0 1 0 0 0 1 0 0 0 0 0 0 1 0 0 0 0 0 1 0.0
111 20 4322 0 0 0 0 1 0 1 0 0 0 1 0 0 0 0 0 0 0 1 0 0.0
112 20 6482 0 0 1 1 0 0 1 0 0 0 0 0 1 0 0 0 0 0 0 1 0.0
113 20 3675 1 0 1 0 1 0 0 0 0 0 0 0 0 0 1 0 0 0 1 0 0.0
114 20 4325 0 0 0 1 0 1 1 0 0 1 0 1 0 0 0 0 0 0 0 0 0.0
115 20 3843 0 0 0 1 0 0 0 1 1 0 0 0 0 0 0 0 1 0 0 0 0.0
116 20 3537 0 0 0 0 1 0 0 0 1 0 0 0 0 0 0 1 0 0 0 1 0.0
117 20 3471 0 0 0 0 0 1 0 0 0 1 0 0 0 0 1 0 0 0 1 0 0.0
118 20 4579 1 0 1 1 0 0 0 0 0 0 1 1 0 0 0 0 0 0 0 0 0.0
119 20 5157 0 0 1 0 1 1 0 0 0 1 0 0 1 0 0 0 0 0 0 0 0.0
120 20 4453 0 1 0 0 0 0 1 1 0 0 0 0 0 0 0 1 0 0 0 0 0.0
121 20 5484 0 1 0 0 1 0 1 0 0 0 1 1 0 0 0 0 0 0 0 0 0.0
122 20 3919 0 0 0 0 0 0 0 0 0 1 0 0 1 0 1 1 0 0 0 0 0.0
123 20 6590 1 1 0 1 0 0 0 1 0 0 0 0 1 0 0 0 0 0 0 0 0.0
124 20 6214 0 0 1 0 0 0 0 0 0 0 1 0 0 0 0 0 1 0 1 1 0.0
125 20 3617 0 1 1 0 0 0 0 0 1 0 0 1 0 0 0 0 0 0 0 0 0.0
126 20 5462 0 1 0 0 0 1 0 1 0 1 0 0 0 0 0 0 0 0 0 0 0.0
127 20 5183 0 0 0 0 0 0 1 1 0 0 0 0 0 0 0 0 0 1 1 1 0.0
128 20 4837 0 0 0 1 0 0 0 0 0 0 1 0 1 0 0 0 1 0 0 1 0.0
129 20 4958 0 0 0 1 0 0 1 0 0 0 0 0 0 0 1 0 0 0 0 1 0.0
130 20 4985 0 0 0 0 1 0 0 0 1 1 0 0 0 0 0 0 0 0 1 0 0.0
131 20 5436 0 1 0 0 0 0 0 1 0 0 1 1 0 0 0 0 0 1 0 0 0.0
132 20 4892 0 0 0 1 1 0 0 0 1 1 0 0 0 0 0 0 0 0 0 0 0.0
133 20 3859 1 0 0 1 1 0 1 1 0 0 0 0 0 0 0 0 0 0 0 0 0.0
134 20 6511 1 0 0 0 0 0 0 0 1 0 0 0 0 0 1 1 0 0 1 0 0.0
135 20 4157 0 0 0 0 0 0 0 0 0 0 0 0 0 1 0 1 1 1 0 0 0.0
136 20 5565 0 1 1 0 0 0 0 1 0 0 0 1 0 0 1 0 0 0 0 0 0.0
137 20 3519 0 0 1 0 0 0 0 0 1 0 1 0 0 0 0 0 0 1 1 0 0.0
138 20 4424 0 0 0 0 0 0 1 0 0 0 0 0 0 0 1 1 1 0 0 0 0.0
139 20 5049 0 0 1 0 0 0 0 0 1 0 0 0 0 0 1 0 0 1 0 1 0.0
140 20 4662 1 0 0 1 0 0 0 0 0 0 1 0 0 0 1 0 0 0 1 0 0.0
141 20 5972 0 1 0 0 0 0 0 0 1 0 1 0 0 1 0 1 0 0 1 0 0.0
142 20 6504 0 0 1 1 0 0 0 0 0 0 0 0 0 0 1 1 0 1 0 0 0.0
143 20 5270 0 0 0 0 0 0 0 1 0 0 1 0 0 1 1 0 1 0 0 0 0.0
144 20 5000 1 0 0 0 0 0 0 0 0 1 0 1 0 0 0 0 0 1 0 1 0.0
145 20 3290 0 1 0 0 0 0 0 0 0 0 0 0 0 1 0 0 1 0 0 0 0.0
146 20 4457 0 0 0 1 1 0 1 0 1 0 1 0 0 0 0 0 0 0 0 0 0.0
147 20 5345 0 0 0 0 1 0 0 0 0 0 0 1 0 1 0 0 0 0 0 1 0.0
148 20 4858 0 0 0 0 1 0 1 0 0 0 0 0 0 1 0 1 1 0 0 0 0.0
149 20 3845 0 0 0 0 0 0 0 1 0 0 0 0 0 0 1 0 0 0 0 1 0.0
150 20 4422 0 0 0 0 0 0 1 0 0 0 0 0 1 1 0 0 0 0 1 1 0.0
151 20 3372 0 0 0 1 0 0 0 0 0 0 0 0 0 1 0 0 1 0 1 1 0.0
152 20 5270 0 0 0 0 0 1 0 0 0 1 1 0 0 1 0 0 1 0 0 0 0.0
153 20 5373 1 1 0 0 1 1 1 0 0 0 0 0 0 0 0 0 0 1 0 0 0.0
154 20 5546 0 0 0 1 1 0 1 0 0 0 0 0 0 0 0 0 0 0 1 0 0.0
155 20 4995 0 0 1 0 1 0 0 0 0 0 0 1 0 0 0 0 0 1 1 0 0.0
156 20 4345 0 0 0 1 0 0 1 0 0 0 0 0 0 0 1 1 0 0 1 0 0.0
157 20 4031 0 0 0 0 1 0 0 0 0 0 0 1 0 0 0 0 1 1 0 0 0.0
158 20 5674 0 0 0 0 1 0 0 0 1 0 0 1 0 0 0 0 1 1 0 0 0.0
159 20 5906 0 0 0 1 0 0 0 0 0 1 0 1 1 1 0 0 0 0 1 0 0.0
160 20 4925 0 0 0 0 0 0 0 0 0 0 0 0 0 1 1 0 1 0 0 1 0.0
161 20 4924 0 1 0 0 0 0 0 1 0 1 0 0 0 0 0 0 1 0 0 0 0.0
162 20 4814 0 0 0 1 0 0 0 0 0 1 0 0 1 0 0 0 0 1 0 0 0.0
163 20 4341 0 0 1 0 0 1 1 0 0 0 0 0 0 0 0 0 1 0 0 0 0.0
164 20 5278 0 1 0 1 1 0 0 0 0 0 0 1 0 0 1 0 0 0 1 0 0.0
165 20 4358 0 0 1 0 0 0 0 0 1 0 0 0 1 0 0 0 1 0 0 0 0.0
166 20 6086 1 1 1 1 0 0 0 0 0 0 0 0 0 0 0 0 0 1 0 0 0.0
167 20 5072 0 0 0 0 0 1 0 1 0 0 0 0 0 0 1 0 1 0 0 1 0.0
168 20 4195 0 0 0 0 1 0 0 0 1 0 0 1 0 0 1 0 0 0 0 0 0.0
169 20 4122 0 1 0 0 0 0 0 1 0 0 0 0 0 0 0 0 1 0 0 1 0.0
170 20 6353 0 0 0 0 0 0 0 0 0 0 0 1 0 1 1 1 1 0 1 0 0.0
171 20 6399 0 1 0 1 1 0 0 0 1 0 0 0 0 0 0 0 0 0 1 0 0.0
172 20 5924 1 1 0 0 0 1 1 0 0 0 0 0 0 0 0 1 0 0 0 0 0.0
173 20 6571 1 0 1 0 0 0 0 0 0 0 1 0 1 0 0 0 1 1 0 0 0.0
174 20 4737 0 0 0 1 0 0 0 1 0 0 0 0 0 1 0 0 1 0 0 1 0.0
175 20 5610 0 0 0 0 0 0 1 1 0 0 1 0 0 0 1 0 0 0 0 1 0.0
176 20 4430 0 0 1 1 0 0 0 0 0 1 0 0 0 0 0 1 0 0 0 0 0.0
177 20 4132 0 0 0 0 0 1 0 1 1 0 1 0 0 0 0 0 1 0 0 0 0.0
178 20 5593 1 1 0 1 0 0 0 1 0 0 0 0 1 0 0 0 0 0 0 0 0.0
179 20 5982 0 0 1 0 1 0 0 1 0 0 1 0 0 0 0 0 0 0 0 1 0.0
180 20 4865 0 0 1 0 1 0 0 1 0 0 0 1 0 0 0 0 0 1 0 0 0.0
181 20 4768 0 0 1 0 1 0 0 0 0 0 1 0 0 0 0 0 0 0 0 1 0.0
182 20 3601 0 0 0 1 1 0 0 0 0 0 0 0 1 0 0 0 0 0 0 1 0.0
183 20 4503 0 0 0 0 1 0 0 0 0 0 0 0 1 0 0 0 0 1 1 0 0.0
184 20 4892 0 0 0 0 0 1 0 0 0 0 0 0 0 0 1 1 0 0 1 0 0.0
185 20 4636 0 1 0 0 0 1 1 0 1 0 0 0 0 1 1 0 0 0 0 0 0.0
186 20 2895 0 0 0 0 0 0 1 0 0 0 1 0 0 1 0 1 0 0 0 0 0.0
187 20 6181 0 1 0 1 1 0 1 0 0 0 0 1 0 0 0 0 0 0 0 0 0.0
188 20 4845 1 0 1 0 0 0 1 1 0 1 0 0 0 0 0 0 0 0 0 0 0.0
189 20 5281 0 0 0 1 0 1 0 1 0 0 1 0 0 0 0 0 0 0 0 0 0.0
190 20 4052 0 0 1 0 0 0 1 1 0 0 0 0 0 0 0 0 0 0 1 0 0.0
191 20 5764 0 0 0 0 1 1 0 0 0 1 0 1 0 0 0 0 0 0 1 0 0.0
192 20 3725 1 0 0 0 0 0 0 1 1 0 1 0 0 0 0 0 0 0 0 0 0.0
193 20 4497 0 0 0 0 0 0 0 0 1 0 0 0 0 0 0 0 0 1 1 1 0.0
194 20 4646 0 0 1 0 1 0 0 0 0 0 0 0 0 0 0 0 0 1 0 1 0.0
195 20 5511 0 0 0 0 0 0 0 0 1 1 0 0 1 0 0 0 1 1 0 0 0.0
196 20 3527 0 0 0 0 1 0 0 0 0 0 0 0 0 0 0 0 0 1 0 1 0.0
197 20 6115 0 1 1 0 0 0 0 0 0 0 0 1 0 0 1 0 1 0 0 0 0.0
198 20 3643 1 0 1 1 0 0 0 0 0 0 0 0 0 0 0 0 0 0 0 0 0.0
199 20 6039 1 0 0 0 0 0 1 0 0 0 1 0 1 0 0 0 0 0 1 0 0.0
200 20 4720 0 0 0 1 0 0 0 0 1 0 0 0 1 1 1 0 0 0 0 0 0.0
201 20 5832 0 1 0 0 0 0 0 1 0 0 0 1 0 0 1 0 1 0 0 1 0.0
202 20 4171 0 1 0 0 0 1 0 0 0 0 0 0 0 1 0 0 0 1 0 0 0.0
203 20 7309 0 0 0 0 1 0 0 0 0 1 0 1 0 1 1 0 1 0 0 0 0.0
204 20 5092 0 0 0 0 0 0 0 0 0 0 1 0 1 0 1 0 1 0 0 0 0.0
205 20 5467 0 0 0 1 0 0 0 0 0 0 1 0 1 0 0 0 0 0 0 1 0.0
206 20 5239 0 0 1 0 0 0 0 0 0 0 0 0 0 1 1 0 0 0 0 1 0.0
207 20 4395 0 0 0 0 0 1 0 0 0 0 1 1 0 0 1 0 0 0 0 0 0.0
208 20 6034 0 0 0 0 1 0 0 1 0 0 0 0 1 0 1 0 1 1 0 0 0.0
209 20 5722 1 1 0 0 0 0 0 1 0 0 0 0 0 0 0 0 1 0 1 0 0.0
210 20 5666 0 0 1 0 0 0 0 0 1 0 1 0 0 0 0 0 1 1 0 0 0.0
211 20 5566 0 1 0 0 1 1 0 0 0 1 1 0 0 0 1 0 0 0 0 0 0.0
212 20 4983 0 0 1 0 0 1 0 0 0 0 0 1 0 0 1 0 0 0 0 0 0.0
213 20 4409 0 1 0 0 0 1 0 1 0 0 0 0 0 1 1 0 0 1 0 0 0.0
214 20 5728 1 0 1 0 0 1 0 0 0 0 0 0 0 0 0 1 0 0 1 0 0.0
215 20 6147 0 0 0 0 0 0 1 0 1 1 0 0 1 1 0 0 0 1 0 0 0.0
216 20 4683 0 1 0 1 0 0 0 0 0 0 1 1 0 1 0 0 0 0 0 0 0.0
217 20 4581 0 0 0 0 0 0 0 0 0 0 1 0 0 0 0 0 1 0 1 1 0.0
218 20 4049 1 1 0 0 1 0 0 0 0 0 0 0 0 0 0 0 0 0 0 1 0.0
219 20 5249 1 1 0 0 0 1 0 0 1 0 0 0 0 0 0 0 0 0 0 0 0.0
220 20 4728 0 0 1 0 0 1 0 0 0 0 0 0 0 1 0 0 1 0 0 0 0.0
221 20 5763 0 1 0 0 1 0 1 1 0 1 0 0 0 0 0 0 0 0 0 1 0.0
222 20 4552 0 0 0 0 0 0 0 0 0 0 1 0 0 1 0 0 0 1 0 1 0.0
223 20 4093 0 1 0 0 0 1 0 0 0 0 1 0 0 0 0 0 1 0 0 0 0.0
224 20 4312 0 0 1 0 0 0 0 0 0 0 0 0 0 1 1 0 0 1 0 0 0.0
225 20 4579 0 1 0 0 0 1 0 0 0 0 1 0 0 0 0 0 0 0 0 1 0.0
226 20 5572 0 0 0 0 0 1 0 0 0 0 0 1 0 1 0 0 1 1 0 0 0.0
227 20 5197 0 0 0 0 0 0 0 0 1 1 0 1 0 1 0 1 1 0 0 0 0.0
228 20 4297 0 0 0 0 1 0 0 0 1 0 0 0 0 0 1 0 0 0 0 1 0.0
229 20 5217 1 1 0 1 0 1 0 0 1 0 0 0 0 1 0 0 0 0 0 0 0.0
230 20 3757 0 0 0 1 0 1 0 0 0 1 1 0 0 0 0 0 0 0 0 0 0.0
231 20 6959 0 0 0 0 0 0 0 1 0 1 1 0 1 1 0 0 0 0 1 0 0.0
232 20 3481 0 1 0 0 0 0 1 1 0 0 0 0 1 0 0 0 0 0 0 0 0.0
233 20 4976 1 0 1 0 1 0 1 0 0 0 0 0 0 0 0 0 0 0 0 0 0.0
234 20 3977 0 1 0 0 0 0 1 0 0 0 1 0 0 0 0 0 0 0 0 0 0.0
235 20 3473 1 0 1 0 0 0 0 1 0 0 0 0 0 0 0 0 0 0 0 1 0.0
236 20 4022 0 0 0 0 1 0 1 0 1 0 0 0 0 0 0 0 0 0 0 1 0.0
237 20 4049 1 0 0 0 0 0 0 0 0 1 0 0 0 0 0 1 1 0 0 0 0.0
238 20 4574 0 0 0 1 0 0 1 0 0 0 0 0 0 1 0 0 0 0 1 0 0.0
239 20 8744 1 0 0 0 0 0 0 0 0 1 1 0 1 0 1 0 1 0 1 0 0.0
240 20 4284 0 0 0 1 0 0 0 1 0 1 0 0 0 0 0 0 0 1 0 0 0.0
241 20 4954 1 0 0 0 1 0 0 0 0 0 1 0 1 0 0 0 0 0 1 0 0.0
242 20 5680 0 0 0 0 0 1 1 1 0 0 0 0 1 0 1 1 0 0 0 0 0.0
243 20 5169 1 1 0 1 0 0 0 0 0 0 0 0 0 1 0 0 1 0 0 0 0.0
244 20 4774 0 0 1 0 0 1 0 0 0 0 0 0 1 0 0 0 1 0 0 1 0.0
245 20 4091 0 0 0 1 0 0 0 0 0 0 0 0 0 1 0 1 0 0 0 1 0.0
246 20 3977 0 1 0 0 0 0 0 1 0 1 0 0 0 0 0 0 1 0 0 0 0.0
247 20 3155 0 0 0 0 0 0 0 0 0 1 0 0 0 0 0 0 0 0 1 1 0.0
248 20 4224 0 0 1 0 0 0 0 0 0 0 0 0 1 0 0 1 0 0 1 0 0.0
249 20 5406 0 0 1 0 0 0 0 0 0 0 1 0 0 0 1 0 0 0 0 1 0.0
250 20 3981 0 1 0 0 0 1 0 0 0 0 0 0 0 0 1 0 1 1 0 0 0.0
251 20 4578 0 0 0 0 1 0 1 0 0 0 1 0 0 1 0 0 1 0 0 0 0.0
252 20 6809 1 0 0 0 0 1 0 1 0 0 0 1 1 1 0 0 0 0 1 0 0.0
253 20 5026 1 0 0 0 0 0 1 0 0 1 0 0 0 1 1 0 1 0 0 0 0.0
254 20 5487 0 1 0 1 0 0 0 0 0 0 0 0 0 0 0 0 1 1 0 0 0.0
255 20 4121 0 0 0 0 1 0 1 1 0 0 0 0 0 0 0 0 0 0 0 0 0.0
256 20 3981 0 0 0 0 1 1 0 0 0 0 0 0 1 1 0 0 0 0 0 1 0.0
257 20 3524 0 0 0 0 0 0 1 0 1 0 1 0 1 0 0 0 0 0 0 0 0.0
258 20 5008 0 0 0 1 0 0 0 0 0 1 0 0 0 1 0 1 0 1 0 0 0.0
259 20 5408 0 0 0 0 1 1 0 0 0 0 0 0 1 0 0 0 0 0 1 0 0.0
260 20 4737 0 0 0 0 1 0 0 0 1 0 0 0 1 1 0 0 0 0 0 0 0.0
261 20 4149 0 0 0 0 0 0 1 1 1 0 0 0 0 0 0 1 0 0 1 0 0.0
262 20 4680 0 1 1 0 0 0 0 1 0 1 0 0 0 0 1 0 0 0 0 0 0.0
263 20 5665 0 0 0 1 0 0 0 0 0 1 1 0 0 1 0 0 0 1 1 0 0.0
264 20 6227 0 0 0 1 0 0 0 1 0 0 0 0 0 0 0 1 1 0 1 0 0.0
265 20 6388 0 0 0 0 0 0 0 1 0 0 1 0 1 1 0 1 0 0 0 0 0.0
266 20 6810 0 0 0 0 1 0 1 1 0 0 0 0 1 0 0 1 1 0 0 0 0.0
267 20 4034 0 0 0 1 0 0 1 0 0 0 0 0 0 0 0 1 0 0 1 0 0.0
268 20 3951 0 0 0 0 0 0 1 1 1 0 0 1 0 0 0 0 0 0 0 1 0.0
269 20 6720 0 0 0 0 0 1 0 0 0 0 0 0 0 0 1 1 0 1 1 1 0.0
270 20 5883 1 1 0 1 0 0 0 1 0 0 1 0 1 0 0 0 0 0 0 0 0.0
271 20 5095 0 0 0 1 0 0 0 0 0 0 1 1 0 0 0 0 1 0 0 0 0.0
272 20 6332 0 0 0 0 0 0 0 0 0 0 0 1 1 0 1 0 0 1 1 0 0.0
273 20 4741 0 0 0 0 0 0 0 1 1 1 0 0 1 0 0 1 0 0 0 0 0.0
274 20 5200 0 1 0 0 1 0 0 1 0 0 1 0 0 0 0 0 0 1 0 0 0.0
275 20 3824 0 0 0 1 1 0 0 0 0 0 0 0 1 0 0 0 0 1 0 0 0.0
276 20 5208 0 0 0 0 0 0 0 0 0 1 1 0 0 1 0 1 1 0 0 0 0.0
277 20 5941 0 0 1 0 0 1 0 0 1 0 0 1 0 0 0 0 0 1 1 0 0.0
278 20 4110 0 0 0 0 0 0 0 0 0 0 1 1 0 0 0 0 1 1 0 0 0.0
279 20 5212 0 0 1 1 0 0 0 0 0 0 0 1 1 0 0 0 1 0 0 0 0.0
280 20 5926 0 1 1 0 0 1 0 0 0 1 0 0 0 0 1 0 0 0 0 0 0.0
281 20 5380 0 1 0 0 0 0 1 1 0 0 1 0 0 0 0 1 0 0 0 0 0.0
282 20 5710 1 1 1 1 0 0 0 0 0 0 0 0 0 0 0 0 1 0 0 0 0.0
283 20 5039 0 0 0 0 0 1 0 0 0 0 1 0 1 1 0 0 0 1 0 0 0.0
284 20 5682 1 0 1 0 0 0 0 1 0 1 0 0 0 1 0 0 0 0 0 0 0.0
285 20 4971 0 0 1 0 0 0 0 0 0 1 0 0 0 1 0 0 0 1 0 0 0.0
286 20 4599 0 0 0 0 0 1 0 0 0 1 0 0 0 0 0 1 0 0 0 1 0.0
287 20 5678 0 0 0 1 0 0 0 0 0 1 0 1 0 1 1 0 0 0 0 0 0.0
288 20 2415 0 0 1 0 0 1 0 0 0 0 0 1 0 0 0 0 0 1 0 0 0.0
289 20 4016 0 0 0 1 0 1 0 0 0 0 1 1 1 0 0 0 0 0 0 0 0.0
290 20 3831 0 0 0 1 0 0 0 1 0 0 1 0 0 0 0 0 0 0 0 0 0.0
291 20 4640 1 0 0 1 1 0 0 0 0 0 0 0 0 0 0 0 0 0 1 0 0.0
292 20 3178 0 0 1 0 0 0 0 0 0 0 0 0 1 0 0 0 0 0 1 0 0.0
293 20 5078 1 0 0 0 0 0 0 0 0 1 0 0 1 0 1 0 0 0 1 0 0.0
294 20 5393 0 0 1 0 0 1 0 0 1 0 0 0 0 1 0 0 0 0 0 0 0.0
295 20 5832 0 0 1 0 0 0 0 0 1 0 0 0 0 0 0 1 0 1 0 1 0.0
296 20 4800 1 0 1 0 0 0 0 0 0 0 1 0 0 1 0 0 0 0 1 0 0.0
297 20 6729 1 0 1 1 1 0 0 0 0 0 0 0 0 1 0 1 0 0 0 0 0.0
298 20 4584 0 0 0 0 0 0 0 1 0 0 1 0 0 0 0 0 1 0 0 1 0.0
299 20 4986 0 0 0 0 1 0 0 0 1 0 0 0 0 0 0 0 1 1 0 0 0.0
300 20 5372 0 0 0 0 0 0 1 0 0 1 1 0 0 0 0 0 0 1 1 0 0.0
301 20 6309 1 0 1 0 0 1 0 0 0 0 0 1 0 1 0 1 0 0 0 0 0.0
302 20 3707 0 0 0 0 0 0 1 1 0 0 0 0 0 0 0 0 1 0 0 1 0.0
303 20 4948 1 0 0 1 0 0 0 0 0 0 0 0 1 0 0 1 0 0 1 0 0.0
304 20 6799 0 1 1 0 0 0 1 1 0 0 0 1 0 1 0 0 0 0 0 0 0.0
305 20 4118 1 0 0 0 0 0 0 1 0 0 0 0 1 0 1 0 0 0 0 1 0.0
306 20 5883 1 1 0 0 0 0 0 1 0 0 0 0 0 0 0 0 0 0 1 1 0.0
307 20 4240 1 0 0 0 0 1 0 1 0 0 0 0 0 0 0 0 0 0 0 1 0.0
308 20 4610 0 0 1 0 0 0 0 1 1 1 0 0 0 0 0 0 0 0 0 0 0.0
309 20 6640 0 1 0 0 0 0 0 1 0 0 1 0 0 0 0 1 0 0 0 1 0.0
310 20 4861 1 1 0 0 0 0 0 0 0 0 0 0 0 0 0 0 1 0 0 1 0.0
311 20 6455 0 0 0 0 0 0 0 0 1 0 0 1 0 1 0 1 1 1 0 0 0.0
312 20 4927 0 0 0 0 0 0 1 1 0 0 0 0 0 1 0 0 0 0 1 1 0.0
313 20 5699 1 0 1 0 0 1 0 1 0 0 0 1 0 0 0 0 0 0 0 0 0.0
314 20 4311 0 0 0 0 0 0 0 0 0 1 0 0 0 0 1 0 0 1 0 1 0.0
315 20 4918 1 0 0 0 0 0 1 0 0 0 0 0 0 1 0 0 0 1 0 0 0.0
316 20 5353 0 0 0 0 0 0 0 0 0 0 1 0 0 1 1 1 0 1 0 0 0.0
317 20 3404 0 1 0 0 0 0 1 1 0 0 0 0 0 0 0 0 0 0 0 0 0.0
318 20 5133 0 0 0 0 0 1 0 0 1 0 0 0 0 0 0 0 0 0 1 1 0.0
319 20 5743 0 1 0 0 0 1 0 1 0 0 0 0 0 1 0 0 1 0 0 0 0.0
320 20 5987 0 0 0 1 1 0 1 1 0 0 0 1 1 0 0 0 0 0 0 0 0.0
321 20 4994 0 0 1 1 0 0 0 1 0 0 0 0 0 0 0 0 0 1 1 0 0.0
322 20 6133 0 1 0 0 0 0 0 0 0 1 0 1 0 0 0 0 1 0 1 0 0.0
323 20 4112 0 0 0 0 1 0 0 0 0 0 0 0 1 1 0 1 1 0 0 0 0.0
324 20 5229 0 0 1 0 0 0 1 0 0 0 0 0 0 0 0 1 1 0 1 0 0.0
325 20 5129 1 0 0 0 0 0 0 0 0 0 0 1 0 0 0 0 1 1 0 0 0.0
326 20 5219 0 1 0 0 0 0 0 1 0 0 0 1 0 0 1 1 0 0 0 0 0.0
327 20 4097 0 0 0 0 0 0 0 0 0 1 0 0 0 0 0 0 0 1 0 1 0.0
328 20 2902 0 0 1 0 0 0 0 1 0 0 0 0 0 0 1 0 0 0 0 1 0.0
329 20 4256 0 1 0 0 0 1 0 0 0 0 0 0 0 0 1 0 0 1 0 0 0.0
330 20 6213 0 0 0 0 0 1 0 1 0 0 0 0 1 0 0 0 1 0 0 1 0.0
331 20 5196 0 0 0 0 0 0 0 0 1 0 0 1 0 0 0 1 0 0 1 1 0.0
332 20 4736 0 0 0 0 0 0 0 1 1 0 1 0 0 0 1 0 0 0 0 1 0.0
333 20 5350 1 0 1 1 0 0 0 0 0 0 0 0 0 1 0 1 0 0 0 0 0.0
334 20 4185 0 0 0 1 0 0 0 0 0 0 0 1 0 0 1 0 0 1 0 1 0.0
335 20 4740 0 0 1 1 0 0 0 0 1 0 0 0 0 0 0 0 0 0 1 0 0.0
336 20 3589 0 0 0 0 0 0 1 0 0 0 1 0 1 0 0 1 1 0 0 0 0.0
337 20 6649 0 0 0 0 0 0 0 0 0 0 0 1 1 0 0 1 1 1 1 0 0.0
338 20 4476 0 0 0 0 0 1 0 1 0 0 0 0 0 0 1 0 0 0 0 1 0.0
339 20 5471 0 0 0 0 1 0 0 0 0 1 0 1 0 0 1 0 0 0 0 0 0.0
340 20 5134 0 0 0 0 1 0 0 1 0 0 1 0 0 0 0 0 1 0 0 1 0.0
341 20 4000 0 0 1 0 0 0 0 0 0 0 1 0 0 1 0 0 0 0 1 0 0.0
342 20 3716 1 0 0 0 0 0 1 0 1 0 0 0 0 1 0 0 0 0 0 0 0.0
343 20 3635 1 0 0 0 0 0 0 0 0 1 0 0 1 0 0 0 0 0 0 0 0.0
344 20 3693 0 0 0 0 0 0 1 1 1 0 0 0 0 0 0 1 0 0 0 0 0.0
345 20 5006 0 0 0 0 1 0 0 0 0 1 0 0 0 0 0 1 0 0 1 0 0.0
346 20 5563 0 0 0 1 0 0 0 1 0 1 0 0 0 0 0 0 0 0 0 1 0.0
347 20 4540 0 1 0 0 0 1 1 1 0 0 0 0 0 0 0 0 0 0 0 0 0.0
348 20 4641 0 0 1 0 1 0 0 0 0 0 0 0 0 0 0 0 0 1 0 1 0.0
349 20 5046 1 0 0 0 1 0 0 0 0 0 1 0 1 0 0 0 0 0 0 1 0.0
350 20 6092 1 0 0 1 0 1 1 0 0 0 0 0 0 0 0 0 0 0 1 1 0.0
351 20 3742 0 0 0 0 1 0 0 0 0 1 1 0 0 0 0 0 0 0 0 1 0.0
352 20 4999 0 0 1 0 0 0 1 0 0 0 0 0 0 1 0 0 0 1 0 0 0.0
353 20 5370 1 0 0 0 1 1 0 0 0 0 0 0 0 0 1 0 0 0 0 1 0.0
354 20 4052 0 0 0 1 0 0 1 1 0 0 0 0 0 1 0 0 0 0 0 0 0.0
355 20 6403 1 1 0 0 0 0 1 0 0 0 0 1 0 0 0 0 0 1 0 0 0.0
356 20 4041 0 0 0 0 0 0 0 1 0 1 0 0 0 0 0 0 0 1 0 0 0.0
357 20 5474 0 1 0 0 0 0 0 0 1 1 0 0 1 0 0 0 1 0 0 0 0.0
358 20 5226 0 0 1 0 0 1 0 0 0 1 0 0 0 0 0 0 1 0 1 0 0.0
359 20 5939 0 1 0 0 0 1 0 0 0 0 0 1 0 0 0 1 1 0 0 0 0.0
360 20 5670 0 1 1 0 1 0 0 1 0 0 0 0 0 0 0 1 0 1 0 0 0.0
361 20 5943 0 0 0 0 0 1 0 0 0 1 1 1 0 0 0 0 1 0 0 0 0.0
362 20 4823 1 0 0 0 0 0 0 0 1 0 0 0 0 0 0 0 0 0 1 1 0.0
363 20 4416 0 0 0 0 0 1 0 0 0 0 1 0 1 0 0 0 0 0 0 1 0.0
364 20 5035 1 0 0 0 1 0 0 1 0 0 0 1 0 0 0 0 0 0 0 0 0.0
365 20 6236 0 0 0 0 1 1 0 0 1 1 0 0 0 0 0 0 0 0 1 0 0.0
366 20 6730 0 0 1 0 1 1 0 1 0 0 0 0 0 0 1 0 1 0 0 0 0.0
367 20 5156 0 1 0 0 0 1 0 0 0 1 0 0 0 0 0 0 1 0 1 0 0.0
368 20 5721 1 0 0 0 1 0 1 1 0 0 0 0 0 1 0 0 0 0 0 0 0.0
369 20 5436 0 0 1 1 0 0 1 1 0 0 1 0 0 1 0 0 0 0 0 0 0.0
370 20 6549 0 0 0 0 0 1 1 1 1 0 0 0 0 1 0 0 0 0 0 0 0.0
371 20 8021 0 0 0 1 1 0 1 0 0 0 0 1 0 1 0 0 0 1 1 0 0.0
372 20 4175 0 0 0 0 1 0 0 0 0 0 0 1 0 1 0 0 0 0 0 0 0.0
373 20 4509 0 1 1 0 0 0 0 1 1 0 0 0 0 0 0 0 0 0 0 0 0.0
374 20 4267 0 0 0 0 0 0 0 1 0 1 0 1 0 1 0 0 0 0 0 0 0.0
375 20 3465 0 0 0 0 0 0 1 0 0 0 0 0 1 0 0 0 0 0 1 0 0.0
376 20 5290 0 0 0 0 0 0 0 1 0 1 1 0 0 1 0 1 0 0 0 0 0.0
377 20 4632 0 0 0 0 0 0 0 0 0 0 0 0 0 1 0 1 0 1 1 0 0.0
378 20 6111 0 0 1 0 0 0 0 0 0 1 0 0 1 0 0 0 1 0 1 0 0.0
379 20 5027 1 0 0 0 1 0 0 0 0 0 0 0 1 1 0 0 0 0 0 0 0.0
380 20 4412 1 0 1 0 0 0 1 0 0 0 0 0 0 0 0 0 0 1 0 1 0.0
381 20 4643 0 0 1 0 0 1 0 1 0 0 0 0 0 0 0 1 0 0 0 0 0.0
382 20 5966 0 0 1 0 0 0 1 0 0 1 0 1 0 0 1 0 0 0 1 0 0.0
383 20 4270 1 0 1 0 0 0 0 1 0 0 0 0 1 0 0 0 0 0 0 0 0.0
384 20 2992 1 0 0 0 0 0 0 0 0 0 0 0 0 1 0 0 1 0 0 0 0.0
385 20 5347 0 0 0 0 0 0 0 1 1 0 0 1 0 0 0 0 1 0 0 0 0.0
386 20 4368 0 0 0 0 1 0 0 0 1 1 1 0 0 0 0 0 0 0 0 0 0.0
387 20 5192 0 1 0 0 0 1 0 1 0 0 1 0 1 0 0 1 0 1 0 0 0.0
388 20 6146 0 0 0 1 1 1 0 1 0 0 0 0 0 0 0 0 0 0 0 1 0.0
389 20 4565 1 1 0 0 0 0 1 0 0 0 0 0 0 0 0 0 0 0 1 0 0.0
390 20 7423 1 0 0 1 0 1 0 0 0 0 0 0 1 0 1 0 0 0 0 1 0.0
391 20 5275 0 1 0 0 0 0 0 0 0 1 1 1 0 0 0 0 0 0 0 0 0.0
392 20 3727 1 1 0 1 0 0 0 1 0 0 0 0 0 0 0 0 0 1 0 0 0.0
393 20 4662 1 0 1 1 1 0 0 0 1 1 0 0 0 0 0 0 0 0 0 0 0.0
394 20 5618 0 0 1 0 0 0 0 0 0 0 0 1 1 1 0 0 0 0 1 1 0.0
395 20 4431 0 0 0 1 0 1 0 0 0 1 0 0 0 0 0 0 1 0 0 0 0.0
396 20 5134 0 0 0 0 0 0 0 1 0 1 0 0 0 1 0 0 0 0 0 1 0.0
397 20 4424 0 0 0 0 0 0 0 1 1 0 0 0 1 0 0 0 1 0 0 0 0.0
398 20 5240 0 0 0 0 0 0 1 0 0 0 0 1 0 0 1 1 0 0 1 0 0.0
399 20 4749 1 1 1 0 0 0 0 1 0 0 0 0 0 0 0 0 0 0 0 1 0.0
400 20 5227 0 0 0 0 0 0 0 0 0 1 0 1 0 0 0 0 1 1 0 1 0.0
401 20 5265 0 1 0 0 1 1 0 0 0 1 0 0 0 0 0 0 0 0 0 0 0.0
402 20 4807 0 0 1 1 0 0 1 0 0 0 0 1 0 0 0 0 0 0 0 0 0.0
403 20 4814 0 0 0 1 0 1 0 0 0 0 0 1 0 1 1 0 0 0 0 0 0.0
404 20 3750 0 0 0 1 0 0 0 0 0 1 0 1 0 0 0 0 1 0 0 0 0.0
405 20 4010 1 0 1 1 0 0 0 0 0 0 0 0 0 0 0 0 1 0 1 0 0.0
406 20 5614 0 0 0 0 1 0 0 1 1 0 0 0 0 0 0 0 0 1 1 0 0.0
407 20 6011 0 0 0 1 0 1 0 1 0 0 0 0 1 0 1 0 0 0 0 0 0.0
408 20 4567 0 1 0 0 0 0 0 0 0 0 1 1 0 0 0 0 0 1 0 1 0.0
409 20 4304 0 0 0 0 0 0 0 0 1 0 0 0 0 0 1 0 0 1 0 1 0.0
410 20 4605 0 1 0 1 1 0 1 1 0 0 0 0 0 1 0 0 0 0 0 0 0.0
411 20 4582 0 0 0 0 1 0 0 1 0 0 0 0 0 0 1 0 0 1 0 0 0.0
412 20 4903 0 0 0 0 0 0 0 0 0 0 0 0 0 1 1 1 0 1 0 0 0.0
413 20 5476 0 1 0 0 0 1 0 0 0 0 0 0 0 1 0 0 0 0 1 0 0.0
414 20 3946 0 0 0 0 0 0 1 0 0 1 0 0 1 0 0 0 0 0 1 0 0.0
415 20 4723 0 1 0 0 0 0 1 0 0 1 0 1 1 0 1 0 0 0 0 0 0.0
416 20 4534 0 0 0 1 1 0 0 0 0 0 1 1 0 0 0 0 0 0 0 0 0.0
417 20 4414 0 0 0 0 0 1 0 1 0 0 0 0 0 0 0 0 0 1 0 1 0.0
418 20 6231 0 0 0 0 0 1 0 0 0 0 1 1 0 1 0 0 0 0 0 1 0.0
419 20 5483 0 1 0 0 0 0 0 0 1 0 0 1 0 1 0 0 0 1 0 0 0.0
420 20 6101 0 0 0 1 1 1 0 0 0 1 0 0 0 0 0 0 0 0 0 1 0.0
421 20 4678 1 1 0 0 0 1 0 0 0 0 0 0 0 0 0 0 1 0 0 0 0.0
422 20 4700 0 1 0 0 0 0 0 0 0 1 0 1 0 1 0 1 0 0 0 0 0.0
423 20 5610 0 1 1 1 0 0 0 0 1 1 0 0 0 0 0 0 1 0 0 0 0.0
424 20 4509 0 0 0 0 1 0 0 0 0 0 1 0 1 1 0 0 0 1 0 0 0.0
425 20 3850 1 0 0 0 0 1 0 0 0 0 0 0 0 1 0 0 0 0 0 0 0.0
426 20 6160 0 0 1 0 0 0 0 0 0 0 0 0 0 1 0 0 1 1 1 1 0.0
427 20 4380 0 0 0 0 0 0 0 0 0 1 1 0 0 1 0 1 0 1 0 0 0.0
428 20 5410 0 0 0 1 1 0 1 0 0 0 1 0 0 0 0 1 0 0 0 1 0.0
429 20 4049 0 0 0 0 0 1 0 0 0 1 0 0 0 0 1 0 0 0 0 1 0.0
430 20 4383 0 0 0 1 0 1 1 0 0 0 0 0 0 0 0 0 0 0 0 1 0.0
431 20 4223 0 1 1 0 0 0 1 0 0 0 0 0 0 0 0 0 0 1 0 0 0.0
432 20 5790 0 0 1 0 0 0 1 0 1 0 0 0 0 1 0 1 0 0 0 1 0.0
433 20 4954 1 0 0 1 0 0 0 0 0 0 1 0 1 0 0 0 0 0 0 0 0.0
434 20 5173 0 0 0 0 1 0 1 0 0 0 0 0 0 0 1 1 0 1 0 0 0.0
435 20 7698 0 0 0 1 1 0 0 0 0 1 0 0 0 0 1 1 0 1 0 0 0.0
436 20 3710 0 0 1 0 0 1 0 0 0 0 0 1 0 0 0 0 0 1 0 0 0.0
437 20 5759 0 1 1 0 1 0 1 0 0 0 0 0 0 0 0 0 1 0 1 0 0.0
438 20 4820 1 0 0 0 0 0 1 0 0 0 0 0 1 0 0 0 0 0 0 1 0.0
439 20 5759 0 1 0 0 0 0 1 0 0 0 0 0 0 1 1 0 0 0 1 0 0.0
440 20 4041 0 0 0 0 0 0 0 0 0 1 1 0 1 0 0 0 0 1 0 0 0.0
441 20 4346 0 0 1 0 1 0 0 0 0 0 1 0 0 0 1 0 0 0 1 0 0.0
442 20 4985 0 0 0 0 1 0 0 0 0 0 0 1 0 1 0 0 1 1 0 0 0.0
443 20 3846 0 0 0 0 0 0 0 1 0 0 0 0 0 0 0 0 0 0 1 1 0.0
444 20 4278 0 1 0 1 0 0 0 0 0 0 0 0 0 1 1 0 0 0 1 0 0.0
445 20 4613 0 0 0 0 1 0 0 0 1 1 1 0 0 0 0 0 1 0 0 1 0.0
446 20 4097 0 0 0 0 0 0 0 0 1 0 0 0 0 1 1 0 0 0 0 1 0.0
447 20 5349 0 0 0 0 1 0 0 0 0 1 0 1 1 0 1 0 0 0 0 0 0.0
448 20 4345 0 0 0 1 0 0 0 1 0 0 0 1 0 0 0 0 0 0 0 1 0.0
449 20 4769 0 0 0 0 0 0 0 0 1 0 1 0 0 1 1 0 0 0 1 0 0.0
450 20 4163 0 1 0 0 0 1 0 0 0 1 0 0 0 1 0 0 0 0 0 0 0.0
451 20 4780 0 1 0 0 0 0 1 0 0 0 0 0 0 1 0 0 0 0 0 1 0.0
452 20 4861 0 0 0 1 0 0 1 0 1 0 0 0 0 0 0 0 0 0 0 1 0.0
453 20 5028 0 0 0 0 0 0 0 1 0 0 0 0 0 0 1 0 1 0 0 1 0.0
454 20 6467 0 1 1 0 0 0 0 0 0 0 1 1 0 0 1 1 0 0 0 0 0.0
455 20 6208 0 0 0 1 0 1 0 0 0 0 0 0 0 1 1 1 0 0 0 0 0.0
456 20 5037 0 0 0 1 0 0 0 0 0 1 0 0 0 0 1 0 1 0 0 0 0.0
457 20 5191 0 0 0 0 0 1 0 0 0 0 1 0 1 0 0 0 0 0 1 0 0.0
458 20 6667 0 1 0 0 0 0 0 0 0 0 0 1 1 0 0 0 1 0 0 1 0.0
459 20 3469 1 0 0 0 0 1 0 0 0 0 0 0 0 0 0 0 0 0 0 1 0.0
460 20 4713 0 1 0 0 0 0 1 0 0 0 0 1 0 1 0 0 0 0 0 0 0.0
461 20 6410 1 0 1 0 0 1 0 0 0 0 1 0 0 0 1 0 0 0 1 0 0.0
462 20 4781 0 0 0 0 0 0 0 0 1 0 0 0 1 0 0 0 0 0 1 1 0.0
463 20 5280 0 0 0 0 0 0 1 0 1 0 1 0 0 0 1 0 0 0 1 0 0.0
464 20 4373 1 0 1 0 0 1 0 0 1 0 0 0 0 1 0 0 0 0 0 0 0.0
465 20 3779 1 0 0 0 0 0 0 0 0 1 0 1 0 0 0 0 0 0 0 0 0.0
466 20 5158 0 0 0 0 0 0 0 1 1 0 0 0 0 1 1 0 0 1 0 0 0.0
467 20 5418 0 0 0 0 0 1 0 0 1 0 0 0 1 0 0 0 1 0 0 1 0.0
468 20 4447 0 1 1 0 0 1 0 0 0 0 0 0 1 0 1 0 0 0 0 0 0.0
469 20 4290 0 0 0 1 0 0 1 0 1 0 0 0 0 0 0 0 0 0 1 0 0.0
470 20 4293 1 0 1 0 0 0 0 0 0 0 0 1 0 1 0 0 0 0 0 0 0.0
471 20 6170 0 0 0 1 0 0 1 0 1 0 0 1 0 0 0 0 0 0 0 1 0.0
472 20 4282 0 0 0 0 1 0 0 1 0 0 0 0 0 1 0 1 0 0 0 0 0.0
473 20 4672 0 0 0 0 1 0 0 0 1 0 0 1 0 0 0 0 0 0 1 0 0.0
474 20 5094 0 0 1 0 0 0 0 0 1 0 0 0 0 0 0 0 0 0 1 1 0.0
475 20 6526 1 0 0 0 0 0 0 0 0 1 1 0 0 0 1 0 1 0 0 0 0.0
476 20 4220 0 1 0 0 0 1 0 1 1 0 0 0 0 0 0 0 0 0 0 0 0.0
477 20 6351 0 0 0 0 1 0 0 0 1 1 0 0 1 0 0 1 0 0 0 0 0.0
478 20 6353 1 0 0 0 1 0 0 0 1 1 0 1 0 0 0 0 1 0 0 0 0.0
479 20 4126 1 0 0 0 0 1 0 0 0 1 0 0 0 0 0 0 1 0 0 0 0.0
480 20 2997 1 0 0 0 0 0 0 0 0 0 1 0 0 0 0 0 0 1 0 0 0.0
481 20 3791 0 0 0 0 1 1 0 0 1 0 1 0 0 0 0 0 0 0 1 0 0.0
482 20 5363 0 1 1 1 0 1 0 0 0 0 0 0 1 0 0 0 0 0 0 0 0.0
483 20 5172 0 1 1 1 1 0 0 0 0 0 0 0 0 1 0 0 0 0 0 0 0.0
484 20 5201 0 1 0 0 0 0 0 0 0 0 1 0 0 0 0 0 1 1 1 0 0.0
485 20 4571 0 0 0 0 0 0 0 0 0 0 1 0 0 1 0 0 1 1 0 0 0.0
486 20 4741 0 0 0 1 0 1 0 0 1 0 1 1 0 0 0 0 0 0 0 0 0.0
487 20 5632 0 0 0 0 1 1 0 0 0 0 1 1 0 0 0 0 0 0 0 1 0.0
488 20 4853 1 0 0 0 0 0 0 1 0 1 0 1 0 0 0 0 0 0 0 1 0.0
489 20 5158 0 1 0 1 0 0 0 0 0 0 0 1 0 1 0 0 0 1 0 0 0.0
490 20 4352 0 0 0 1 0 0 0 0 0 1 0 1 1 0 0 1 0 0 0 0 0.0
491 20 4237 0 0 1 0 0 1 0 0 0 0 0 0 1 0 0 0 1 0 0 0 0.0
492 20 4193 0 0 0 1 0 0 0 1 0 1 0 1 0 1 0 0 0 0 0 0 0.0
493 20 4128 0 0 0 1 0 0 0 0 1 0 0 0 1 0 0 0 0 1 0 0 0.0
494 20 4066 0 0 1 0 0 0 0 0 0 0 0 0 0 0 1 0 1 0 0 0 0.0
495 20 5287 0 0 0 0 1 1 0 1 0 0 0 0 0 0 0 0 0 0 1 1 0.0
496 20 5566 1 0 0 1 0 1 0 0 0 0 1 0 0 0 0 0 1 0 0 0 0.0
497 20 4201 0 0 0 0 1 0 0 0 0 1 0 0 1 0 1 0 0 0 1 0 0.0
498 20 4962 0 0 0 0 0 0 0 0 0 0 0 0 1 1 0 1 0 0 1 0 0.0
499 20 4573 0 0 0 0 1 0 0 0 0 0 0 1 1 0 1 0 1 0 0 0 0.0
500 20 4921 0 1 0 0 0 1 0 0 0 0 0 0 0 0 0 0 1 0 0 1 0.0
