1 20 12871 1 0 1 1 0 0 1 1 1 1 1 1 1 1 0 1 1 1 1 1 0.0
2 20 15844 1 1 1 0 1 1 1 0 1 1 1 1 0 0 1 1 1 1 1 1 0.0
3 20 17969 1 1 1 1 1 1 1 0 1 0 1 1 1 1 1 0 1 0 1 1 0.0
4 20 13722 1 1 1 1 1 0 0 1 1 1 1 1 1 0 1 1 1 1 0 1 0.0
5 20 12082 1 1 1 1 1 1 1 1 1 1 1 0 1 1 0 1 1 1 0 1 0.0
6 20 12101 0 0 1 1 1 1 1 1 1 0 1 1 1 1 0 1 1 1 1 1 0.0
7 20 17120 1 1 1 0 1 1 0 1 1 1 1 1 1 1 1 1 1 0 1 0 0.0
8 20 13765 1 1 1 0 0 1 1 1 1 0 1 1 1 1 1 1 1 1 1 1 0.0
9 20 13081 1 1 1 1 0 1 0 1 1 1 1 1 1 1 1 1 0 1 0 1 0.0
10 20 16187 1 1 1 1 0 0 1 1 1 1 1 1 0 1 1 1 1 1 1 0 0.0
11 20 16252 1 1 0 1 1 0 1 1 1 1 1 1 1 0 1 0 1 1 1 1 0.0
12 20 15501 1 1 0 0 1 1 1 1 0 0 1 1 1 0 1 1 1 1 1 1 0.0
13 20 13428 1 1 1 1 1 0 1 1 1 1 0 1 1 1 0 0 1 1 1 1 0.0
14 20 13697 1 1 0 1 1 1 1 1 0 1 1 1 1 1 0 1 1 1 1 0 0.0
15 20 10836 1 1 1 1 0 1 1 1 1 1 1 1 1 1 1 1 0 1 0 1 0.0
16 20 14117 1 1 1 0 1 1 0 1 1 0 1 1 1 1 1 1 1 1 1 1 0.0
17 20 11453 1 1 1 1 0 1 1 1 1 1 1 0 1 0 1 1 1 1 0 1 0.0
18 20 13545 1 1 1 0 1 1 1 1 1 1 1 0 0 1 1 1 1 1 1 0 0.0
19 20 9967 1 1 1 1 0 1 1 1 1 1 1 1 1 1 0 0 1 0 1 1 0.0
20 20 14060 1 0 1 1 1 1 1 1 1 1 1 1 1 1 1 0 1 1 0 1 0.0
21 20 12257 1 1 0 1 1 1 1 0 1 0 1 1 1 1 1 1 1 0 1 1 0.0
22 20 14945 0 1 1 1 1 0 1 1 1 0 1 1 1 1 1 1 1 1 1 1 0.0
23 20 14756 0 0 1 1 0 1 1 1 1 1 1 1 1 1 1 1 1 1 1 0 0.0
24 20 15065 1 1 1 1 1 0 1 1 1 1 1 0 1 1 1 1 1 1 1 0 0.0
25 20 13939 1 1 1 1 1 1 1 1 1 1 1 1 1 1 0 1 1 0 0 1 0.0
26 20 14391 1 1 1 0 1 0 1 1 1 1 1 0 1 1 1 1 1 1 0 1 0.0
27 20 15501 1 1 1 1 1 1 1 1 1 1 1 0 1 0 1 1 1 0 1 1 0.0
28 20 15472 1 1 0 0 1 1 1 1 1 1 1 1 1 1 1 1 1 1 0 1 0.0
29 20 16110 1 1 1 0 1 1 0 1 1 1 1 1 1 1 1 0 1 1 1 0 0.0
30 20 11909 1 1 1 1 0 1 1 0 1 1 1 1 1 0 1 0 1 1 1 1 0.0
31 20 12130 1 0 1 1 1 0 1 1 1 1 1 1 1 1 1 1 1 0 1 1 0.0
32 20 12602 1 0 0 1 1 0 1 1 1 1 1 1 1 1 1 1 0 1 1 1 0.0
33 20 15939 1 0 1 1 0 1 1 1 1 1 1 1 1 0 1 1 1 1 0 1 0.0
34 20 13190 1 1 1 1 1 1 1 1 1 1 1 0 1 0 0 1 1 1 1 0 0.0
35 20 17395 1 1 1 1 1 1 1 1 1 0 0 1 1 0 1 1 1 1 0 1 0.0
36 20 13371 1 1 1 1 1 1 1 0 1 1 1 1 1 1 0 1 0 1 1 1 0.0
37 20 14972 1 0 1 1 1 0 1 1 1 1 1 1 1 1 1 1 1 0 1 0 0.0
38 20 14508 1 1 1 1 1 0 0 0 1 1 1 1 1 1 1 1 1 1 1 1 0.0
39 20 12993 1 1 1 1 1 1 0 1 0 1 1 1 1 1 0 0 1 1 1 1 0.0
40 20 16540 0 1 1 1 1 0 1 1 1 1 0 1 1 1 1 1 1 1 1 1 0.0
41 20 12857 1 1 1 1 0 1 0 1 1 1 1 0 1 1 1 1 1 1 1 0 0.0
42 20 12279 0 1 1 1 1 0 0 1 1 0 1 1 1 1 1 1 1 1 1 1 0.0
43 20 12017 1 1 0 0 1 1 1 1 1 1 1 1 1 0 1 1 1 0 1 1 0.0
44 20 15482 1 1 1 1 0 1 0 1 1 1 1 1 1 1 1 1 1 0 1 1 0.0
45 20 14749 1 1 1 1 0 1 1 1 1 0 1 0 1 1 1 1 1 1 0 1 0.0
46 20 14565 1 1 1 1 1 0 1 1 1 1 0 1 1 1 0 1 1 1 1 1 0.0
47 20 17023 1 1 1 1 1 1 1 1 1 1 1 1 1 0 0 0 1 1 1 1 0.0
48 20 11756 1 0 1 1 1 1 0 1 1 1 1 0 1 1 0 1 1 1 1 1 0.0
49 20 16587 1 1 1 1 0 1 1 1 1 1 1 1 1 1 1 1 0 0 1 0 0.0
50 20 14136 1 1 0 1 1 1 1 1 1 1 1 1 1 1 0 1 1 0 0 0 0.0
51 20 15706 0 1 1 1 1 1 1 1 1 0 1 1 1 1 1 0 1 1 1 0 0.0
52 20 14342 0 1 1 1 1 1 1 1 1 1 0 1 1 1 1 0 1 1 1 1 0.0
53 20 16390 1 0 0 0 1 1 1 1 1 1 0 1 1 1 1 1 1 1 1 1 0.0
54 20 13499 1 1 1 1 1 1 1 0 1 0 1 0 1 0 1 1 1 1 1 1 0.0
55 20 14424 1 1 1 1 1 1 1 1 1 0 0 1 1 0 1 1 1 1 0 1 0.0
56 20 11766 1 1 1 1 1 1 1 1 1 1 1 1 1 1 0 1 0 0 1 1 0.0
57 20 14207 1 0 1 0 1 1 0 1 0 1 1 1 1 1 1 1 1 1 1 1 0.0
58 20 17463 1 1 1 1 1 1 0 1 1 0 1 1 1 1 1 0 1 0 1 1 0.0
59 20 14562 1 0 1 1 1 1 1 1 0 1 0 1 1 1 1 1 1 1 1 0 0.0
60 20 11728 1 1 1 1 1 1 1 0 1 1 0 1 1 1 1 1 0 1 1 1 0.0
61 20 14752 1 1 1 1 1 0 1 1 1 1 0 1 1 1 1 1 1 1 1 0 0.0
62 20 14892 1 1 1 0 1 1 1 1 1 1 1 1 1 1 0 1 1 1 0 0 0.0
63 20 14795 1 1 0 1 1 1 1 1 1 0 1 1 1 1 1 1 0 1 1 0 0.0
64 20 15873 1 1 0 1 1 1 1 1 0 1 1 0 1 1 1 1 0 1 1 1 0.0
65 20 16807 1 1 1 1 1 1 1 1 0 1 1 1 1 0 0 1 1 0 1 1 0.0
66 20 15336 1 1 0 0 1 1 1 1 1 0 1 1 1 1 1 1 1 0 1 1 0.0
67 20 8345 1 1 1 0 1 0 1 0 1 1 1 1 1 0 1 1 1 1 1 1 0.0
68 20 15883 1 1 1 1 0 0 1 1 1 1 1 1 1 1 1 1 1 1 0 0 0.0
69 20 14460 1 1 1 1 0 0 1 1 1 1 1 0 1 1 1 1 0 1 1 1 0.0
70 20 13499 1 1 1 1 1 1 0 1 1 1 0 1 0 1 0 1 1 1 1 1 0.0
71 20 12019 1 1 1 1 0 1 1 1 0 1 1 1 1 1 1 1 1 1 1 0 0.0
72 20 13323 1 0 0 1 1 1 1 1 1 1 1 1 1 1 1 1 1 1 0 1 0.0
73 20 12934 1 1 0 1 1 0 1 1 1 1 1 1 1 1 1 0 1 0 1 1 0.0
74 20 12180 0 1 0 0 1 1 1 1 1 1 1 1 1 1 1 0 1 1 1 1 0.0
75 20 13756 0 1 1 0 1 1 1 1 1 1 0 1 1 1 0 1 1 1 1 1 0.0
76 20 15028 0 0 1 0 1 1 1 1 1 1 1 1 1 1 1 1 1 1 1 0 0.0
77 20 11818 1 1 1 1 1 0 1 1 1 1 1 1 0 1 1 1 0 1 1 1 0.0
78 20 12771 0 1 1 1 1 1 1 0 1 1 0 1 1 1 0 1 1 1 1 1 0.0
79 20 13845 1 0 1 1 1 1 1 1 1 0 0 1 1 1 1 1 1 1 1 0 0.0
80 20 16945 0 1 1 1 0 1 1 1 0 1 0 1 1 1 1 1 1 1 1 1 0.0
81 20 14350 1 1 0 1 1 1 1 1 0 1 1 1 1 1 1 0 0 1 1 1 0.0
82 20 14319 1 0 1 1 1 0 1 0 1 1 1 0 1 1 1 1 1 1 1 1 0.0
83 20 15550 1 1 1 1 0 1 0 1 1 1 1 1 1 1 0 1 1 1 1 1 0.0
84 20 12115 1 1 1 0 1 1 0 1 1 1 0 1 1 1 1 1 1 0 1 1 0.0
85 20 11775 1 1 1 1 1 1 1 1 0 1 0 1 1 1 1 1 1 1 1 0 0.0
86 20 15146 1 1 1 0 1 1 0 0 1 1 1 1 1 1 1 1 1 1 1 1 0.0
87 20 14571 1 1 1 1 1 1 1 1 0 1 0 0 0 1 1 1 1 1 1 1 0.0
88 20 13102 1 0 1 1 1 0 1 1 1 1 1 1 1 0 1 1 1 1 0 1 0.0
89 20 14276 1 1 1 1 1 0 1 1 1 1 0 1 1 1 1 0 1 1 0 1 0.0
90 20 14523 1 1 1 0 1 1 1 1 0 1 1 1 1 1 1 1 1 0 1 0 0.0
91 20 15666 0 1 1 1 0 1 1 1 1 1 1 1 1 1 1 1 1 1 0 1 0.0
92 20 12268 0 1 1 1 1 1 0 1 0 1 0 1 1 1 1 1 1 1 1 1 0.0
93 20 15381 1 1 1 1 1 1 1 1 1 1 1 1 0 1 1 0 1 0 1 1 0.0
94 20 12457 0 1 1 1 1 1 1 1 1 1 0 1 1 1 1 1 1 1 0 0 0.0
95 20 16656 1 1 1 1 1 1 1 0 1 1 1 0 0 1 1 0 1 1 1 1 0.0
96 20 15123 1 1 1 0 1 0 1 1 0 1 1 1 1 1 1 1 0 1 1 1 0.0
97 20 11471 1 1 0 1 1 0 1 1 1 0 1 1 1 0 1 1 1 1 1 1 0.0
98 20 14553 1 1 0 0 1 0 1 1 1 1 1 1 1 1 0 1 1 1 1 1 0.0
99 20 15112 1 1 1 1 0 1 1 1 1 1 1 1 1 0 1 0 1 1 1 1 0.0
100 20 14342 1 1 1 1 1 0 1 1 0 1 1 0 1 1 1 1 1 1 1 0 0.0
101 20 13368 1 1 1 1 1 0 0 1 1 1 0 1 1 0 1 1 1 1 1 1 0.0
102 20 15192 1 1 0 1 1 1 1 1 0 1 1 1 1 1 1 1 1 0 1 0 0.0
103 20 13250 1 1 1 0 1 1 1 1 1 1 1 0 1 1 0 1 1 1 0 1 0.0
104 20 14473 1 1 0 1 1 0 1 1 1 0 1 1 1 1 0 1 1 1 1 0 0.0
105 20 11524 1 1 1 1 0 1 0 1 1 1 0 1 1 1 0 1 1 1 1 1 0.0
106 20 11896 0 1 1 1 1 0 1 0 1 1 1 1 1 1 1 1 0 1 1 1 0.0
107 20 16045 0 1 1 1 1 1 1 1 1 1 1 1 0 1 1 1 1 1 0 1 0.0
108 20 14217 1 0 1 1 1 1 1 1 1 1 0 0 1 1 1 1 1 1 0 1 0.0
109 20 15269 1 0 1 1 1 1 1 1 1 1 0 1 0 1 0 1 1 1 1 1 0.0
110 20 15841 1 1 1 1 1 1 0 1 1 1 0 1 1 0 1 1 0 1 1 1 0.0
111 20 15633 1 0 1 1 1 1 1 1 0 1 1 1 1 1 1 0 0 1 1 1 0.0
112 20 13720 1 1 1 1 1 1 1 1 0 0 1 1 0 1 0 1 1 1 1 1 0.0
113 20 11498 1 1 1 1 1 1 1 0 0 1 1 1 0 0 1 1 1 1 1 1 0.0
114 20 14148 1 0 1 1 0 1 1 1 1 1 1 1 0 1 1 1 0 1 1 1 0.0
115 20 15000 1 1 0 0 1 1 1 1 1 1 1 1 1 1 1 0 1 1 0 1 0.0
116 20 13664 1 0 1 1 1 1 1 1 1 1 1 0 1 0 1 1 0 1 1 1 0.0
117 20 15088 1 1 1 1 1 1 0 1 1 1 1 1 1 0 1 1 1 1 0 1 0.0
118 20 15215 0 1 1 1 1 1 0 1 1 1 1 1 1 1 1 1 1 1 0 1 0.0
119 20 14831 1 1 1 1 0 0 0 1 1 1 1 1 1 1 1 1 0 1 1 1 0.0
120 20 13531 0 1 1 1 1 1 1 1 1 0 1 1 1 1 1 1 0 0 1 1 0.0
121 20 14134 1 0 1 0 1 1 1 1 1 1 1 0 1 1 1 1 1 1 0 1 0.0
122 20 15373 1 0 1 1 1 1 1 1 0 1 1 0 0 1 1 1 1 1 0 1 0.0
123 20 16516 1 1 1 0 1 1 1 1 1 1 1 1 1 1 0 1 0 1 1 1 0.0
124 20 13960 1 1 1 1 0 0 1 1 1 1 1 0 1 1 1 1 1 1 1 1 0.0
125 20 12357 0 1 1 1 1 1 0 1 1 0 1 1 1 0 1 1 1 1 1 1 0.0
126 20 13872 1 0 1 1 1 1 1 1 1 1 1 1 1 0 1 1 0 1 0 1 0.0
127 20 16211 0 1 1 1 1 1 1 1 1 1 0 1 1 0 0 1 1 1 1 1 0.0
128 20 14758 1 1 1 1 1 0 1 1 1 0 0 1 1 1 1 0 1 1 1 1 0.0
129 20 14478 1 0 1 1 1 1 1 1 0 1 0 1 1 1 1 1 1 1 1 1 0.0
130 20 14100 1 1 1 1 1 0 1 1 1 1 0 1 1 0 1 1 1 1 0 1 0.0
131 20 13213 1 1 1 1 1 1 1 0 1 1 1 1 1 1 0 0 0 1 1 1 0.0
132 20 11972 1 1 1 1 1 0 1 0 1 1 1 1 1 1 0 1 1 1 1 1 0.0
133 20 13265 1 1 1 1 1 1 0 1 1 1 1 1 1 1 1 1 1 0 0 0 0.0
134 20 14981 1 1 1 1 1 0 1 0 1 1 1 1 1 1 1 0 1 0 1 1 0.0
135 20 17215 1 1 1 1 1 1 1 1 1 0 1 0 1 1 1 1 0 1 1 1 0.0
136 20 14231 1 1 1 1 1 0 1 0 1 0 1 0 0 1 1 1 1 1 1 1 0.0
137 20 19640 1 1 1 1 1 0 1 0 1 1 1 1 1 1 1 0 1 1 1 0 0.0
138 20 13919 1 1 1 1 1 1 1 1 1 0 1 1 0 1 1 0 1 1 0 1 0.0
139 20 14927 1 1 0 0 1 1 0 1 1 1 1 1 1 1 0 1 1 1 1 1 0.0
140 20 14654 1 1 1 0 1 0 1 1 1 1 1 1 1 1 0 1 1 1 1 1 0.0
141 20 13879 1 0 1 1 1 1 1 1 1 0 1 1 1 0 1 1 1 1 1 1 0.0
142 20 11644 1 1 1 0 1 1 1 1 1 1 1 0 0 1 1 0 1 1 1 1 0.0
143 20 15566 1 0 1 1 1 1 1 1 1 0 1 1 1 1 0 1 1 1 1 1 0.0
144 20 15016 1 1 1 0 0 1 1 1 1 1 1 1 1 1 1 0 1 1 1 0 0.0
145 20 15087 1 1 0 1 1 1 0 0 1 1 1 1 1 1 1 0 1 1 1 1 0.0
146 20 13474 1 0 0 1 1 1 1 1 1 0 1 1 1 1 0 1 1 1 1 1 0.0
147 20 12909 1 1 1 1 1 1 0 1 1 1 1 1 0 1 1 0 1 1 1 0 0.0
148 20 14466 0 1 1 1 1 1 1 0 1 1 0 1 1 1 1 1 1 1 1 0 0.0
149 20 14577 1 1 1 1 1 1 0 1 1 1 1 1 1 0 1 1 0 1 1 1 0.0
150 20 15104 1 0 1 1 1 1 1 1 1 0 1 1 1 0 1 1 1 1 1 1 0.0
151 20 13551 1 0 1 1 1 1 0 1 1 0 1 0 1 1 1 1 1 1 1 1 0.0
152 20 14323 1 1 1 0 1 1 1 1 0 1 1 1 1 0 1 1 1 1 1 0 0.0
153 20 16134 1 1 1 1 1 1 1 1 1 0 1 1 0 1 1 1 1 0 1 1 0.0
154 20 15098 1 1 0 1 1 1 0 1 0 1 0 1 1 1 1 1 1 1 1 1 0.0
155 20 13847 1 1 1 1 1 1 1 1 1 1 1 1 1 0 0 1 0 0 1 1 0.0
156 20 13806 1 1 1 1 0 1 1 1 1 1 1 1 1 0 0 1 0 1 1 1 0.0
157 20 17525 1 0 1 1 0 0 1 1 1 1 1 0 1 1 1 1 1 1 1 1 0.0
158 20 15269 1 1 1 1 1 1 1 1 1 1 1 1 1 0 0 0 1 1 1 0 0.0
159 20 13708 1 1 1 1 0 1 1 1 1 0 1 1 0 1 0 1 1 1 1 1 0.0
160 20 14995 0 1 1 1 1 1 1 0 1 1 0 1 1 1 1 1 1 0 1 1 0.0
161 20 13471 1 1 0 0 1 1 0 1 1 1 1 1 1 1 0 1 1 1 1 1 0.0
162 20 15642 1 0 1 1 1 0 1 1 0 1 1 1 1 0 1 1 1 1 1 1 0.0
163 20 19719 0 1 1 1 1 1 1 1 1 1 1 1 1 0 1 0 0 1 1 1 0.0
164 20 11709 1 1 1 1 0 1 1 1 1 1 0 0 1 1 0 1 1 1 1 1 0.0
165 20 11803 1 1 1 1 0 1 1 0 1 1 1 1 1 1 1 0 1 1 1 1 0.0
166 20 15697 1 1 1 1 0 1 1 0 1 1 1 1 1 1 1 1 0 1 1 0 0.0
167 20 14125 1 0 1 0 1 1 1 0 1 0 1 1 1 1 1 1 1 1 1 1 0.0
168 20 10983 0 1 1 1 1 0 1 1 1 1 0 1 1 1 1 0 1 1 1 1 0.0
169 20 13436 1 1 1 0 0 0 1 0 1 1 1 1 1 1 1 1 1 1 1 1 0.0
170 20 12456 1 1 1 1 1 1 1 1 1 0 1 1 0 1 0 1 1 1 1 0 0.0
171 20 12336 1 1 1 1 1 1 1 1 0 1 0 1 0 1 1 1 1 1 1 0 0.0
172 20 11314 1 1 1 1 1 1 0 0 1 1 1 1 1 1 1 0 1 1 1 0 0.0
173 20 13767 1 1 1 1 1 0 1 1 1 1 1 1 0 1 1 1 0 1 1 0 0.0
174 20 14874 0 1 1 1 1 1 1 1 1 1 1 1 0 1 1 1 0 1 0 1 0.0
175 20 17045 1 1 1 1 1 1 1 0 1 1 0 1 1 1 0 1 1 1 1 1 0.0
176 20 16479 1 1 0 1 1 1 1 1 0 1 0 1 1 1 1 1 1 1 0 1 0.0
177 20 13659 1 1 1 1 1 1 1 1 1 1 0 1 1 1 1 0 1 0 1 1 0.0
178 20 13699 1 0 1 1 1 1 1 0 1 1 1 1 1 0 1 1 1 1 1 1 0.0
179 20 14580 1 1 1 1 1 1 1 1 0 1 1 0 1 0 1 1 1 0 1 1 0.0
180 20 13953 1 1 0 1 1 1 1 1 1 1 0 1 1 1 0 0 1 1 1 1 0.0
181 20 14597 1 0 1 1 1 1 1 1 1 1 1 1 1 1 1 0 1 1 0 0 0.0
182 20 15875 1 1 1 1 1 1 1 1 1 1 1 1 0 1 0 1 0 0 1 1 0.0
183 20 12903 1 0 1 1 1 1 1 1 1 1 1 1 0 1 1 0 1 0 1 1 0.0
184 20 14857 0 1 0 0 1 0 1 1 1 1 1 1 1 1 1 0 1 1 1 1 0.0
185 20 13196 1 1 1 1 1 1 1 1 1 0 0 1 1 1 1 1 1 0 1 1 0.0
186 20 14281 1 1 0 0 1 1 1 1 1 1 1 1 1 0 0 1 1 1 1 1 0.0
187 20 16003 1 1 0 1 0 1 1 1 1 0 1 1 1 1 1 1 1 1 0 1 0.0
188 20 17495 1 1 1 1 1 1 1 1 0 0 0 1 1 1 1 1 1 1 1 1 0.0
189 20 15994 1 1 0 1 0 1 1 1 1 1 1 1 1 0 0 1 1 1 1 1 0.0
190 20 13077 1 1 1 1 0 0 1 1 1 1 1 1 1 0 1 1 1 1 0 1 0.0
191 20 14598 1 1 0 1 1 1 1 0 1 1 1 1 1 1 0 1 1 0 1 1 0.0
192 20 14407 1 1 1 1 1 0 1 1 1 1 1 1 0 0 1 1 1 1 0 1 0.0
193 20 16989 1 1 1 1 1 1 1 0 1 0 1 1 1 1 0 1 1 0 1 1 0.0
194 20 12549 1 1 1 0 1 1 1 1 1 0 0 1 1 1 0 1 1 1 1 1 0.0
195 20 15522 1 1 1 0 1 1 1 0 1 1 1 1 1 1 1 0 0 1 1 1 0.0
196 20 16582 0 1 0 1 1 1 1 1 1 1 1 0 0 1 1 1 1 1 1 1 0.0
197 20 17103 1 1 1 1 1 1 1 0 1 1 1 1 0 0 1 1 1 1 1 1 0.0
198 20 12509 1 1 1 0 0 1 1 1 1 1 1 1 0 1 1 1 1 1 1 1 0.0
199 20 14075 1 0 1 1 1 1 1 1 1 0 1 1 1 1 0 0 1 1 1 1 0.0
200 20 12772 1 0 1 1 1 1 1 1 1 1 0 1 1 1 1 1 0 1 1 1 0.0
201 20 15294 0 1 1 1 1 1 1 1 0 0 1 1 1 1 1 1 1 0 1 1 0.0
202 20 14890 1 1 0 1 1 1 1 1 1 0 1 0 1 1 1 0 1 0 1 1 0.0
203 20 13847 1 0 1 1 1 1 1 1 1 1 1 0 1 1 1 0 0 1 1 1 0.0
204 20 13856 0 0 1 1 1 0 1 1 0 1 1 1 1 1 1 1 1 1 1 1 0.0
205 20 16862 1 1 0 1 1 1 1 1 1 1 1 1 1 1 0 1 0 1 1 1 0.0
206 20 12905 1 1 1 1 1 0 1 1 1 1 0 1 1 1 1 0 1 1 1 1 0.0
207 20 15315 1 1 1 0 0 1 1 1 1 1 1 0 1 1 1 1 1 1 1 1 0.0
208 20 16206 0 1 1 0 1 1 1 1 1 1 1 1 1 1 1 0 1 0 1 1 0.0
209 20 14150 1 0 1 1 1 1 1 1 0 1 1 1 1 1 0 1 1 0 1 1 0.0
210 20 12336 1 1 0 0 1 1 1 1 1 0 1 1 1 1 1 1 1 1 1 1 0.0
211 20 13112 1 1 1 0 1 1 1 1 1 1 1 1 0 1 1 1 0 1 1 0 0.0
212 20 16451 1 1 1 1 1 1 0 1 1 1 1 1 1 1 1 1 0 0 1 0 0.0
213 20 14041 1 0 1 1 0 1 1 1 1 0 1 1 1 1 0 1 1 1 1 1 0.0
214 20 13494 1 1 1 1 1 1 1 1 1 0 1 1 0 1 1 0 1 1 1 1 0.0
215 20 12683 1 0 1 1 0 1 1 0 1 0 1 1 1 1 1 1 1 1 1 1 0.0
216 20 15485 1 0 1 1 1 1 0 1 1 1 1 1 0 1 1 0 1 1 1 1 0.0
217 20 14488 1 0 1 1 1 1 1 1 1 1 1 1 1 1 0 1 1 1 0 0 0.0
218 20 16243 1 1 1 1 1 1 1 1 0 0 1 1 1 1 1 1 1 1 0 0 0.0
219 20 12322 0 1 1 1 1 1 1 1 1 1 0 1 1 1 0 1 1 0 1 1 0.0
220 20 12157 1 1 0 1 1 1 1 1 1 0 0 1 1 1 1 1 1 0 1 1 0.0
221 20 13186 1 1 1 0 1 1 1 1 1 1 1 1 1 0 1 1 1 0 1 1 0.0
222 20 10698 1 1 1 1 1 1 1 1 1 1 1 1 0 1 0 0 1 1 1 1 0.0
223 20 16900 1 1 1 1 1 1 1 0 1 0 1 1 1 0 1 1 1 1 0 1 0.0
224 20 16511 1 1 1 1 1 1 1 1 1 1 0 1 1 1 0 1 1 1 0 1 0.0
225 20 12671 1 1 1 1 1 1 1 1 1 0 1 1 0 1 1 1 1 1 1 0 0.0
226 20 11498 1 0 0 0 1 1 1 1 1 1 1 1 1 1 1 1 0 1 1 1 0.0
227 20 13622 1 1 1 1 0 1 0 0 1 1 1 1 1 1 1 1 1 1 1 0 0.0
228 20 15599 1 1 0 0 1 1 1 1 1 1 1 0 1 0 1 1 1 1 1 1 0.0
229 20 11941 0 1 0 1 1 0 1 1 1 1 1 1 1 0 1 1 1 1 1 1 0.0
230 20 11373 1 1 1 1 0 1 1 1 1 1 1 1 1 1 0 1 0 1 0 1 0.0
231 20 13676 0 1 1 1 1 1 1 1 1 1 0 1 0 1 1 1 1 0 1 1 0.0
232 20 14153 1 0 0 1 1 1 1 1 1 1 1 1 1 1 0 1 1 1 1 1 0.0
233 20 13672 1 0 1 1 1 0 0 1 1 1 0 1 1 1 1 1 1 1 1 1 0.0
234 20 16410 0 0 1 1 1 1 1 1 1 1 1 1 1 1 1 0 0 1 1 1 0.0
235 20 17173 1 1 1 1 1 1 1 1 0 0 1 1 1 0 1 1 1 1 1 0 0.0
236 20 10841 1 0 1 1 1 1 1 1 1 1 1 0 0 1 1 0 1 1 1 1 0.0
237 20 15864 1 1 1 1 1 0 1 1 1 0 1 1 1 0 1 1 0 1 1 1 0.0
238 20 13354 1 1 0 0 1 1 1 0 0 1 1 1 1 1 1 1 1 1 1 1 0.0
239 20 15415 1 1 1 1 1 0 0 0 1 0 1 1 1 1 1 1 1 1 1 1 0.0
240 20 11747 1 1 1 1 1 1 1 0 1 1 1 0 1 0 1 1 1 1 1 1 0.0
241 20 14963 1 1 1 1 1 0 0 1 1 1 0 1 1 1 0 1 1 1 1 1 0.0
242 20 14334 1 1 0 1 1 1 1 0 0 1 1 1 0 1 1 1 1 1 1 1 0.0
243 20 14721 0 1 1 0 1 1 1 1 0 1 0 1 1 1 1 1 1 1 1 1 0.0
244 20 14823 1 1 1 1 1 0 1 1 1 1 1 0 0 1 1 1 1 1 0 1 0.0
245 20 13417 1 0 0 1 1 1 1 1 1 0 1 1 1 1 1 1 1 1 1 0 0.0
246 20 12598 1 1 1 1 1 1 1 1 0 1 1 1 1 1 1 0 1 1 1 0 0.0
247 20 12863 1 1 1 1 1 1 0 1 1 1 1 1 1 0 1 1 1 0 1 1 0.0
248 20 11186 1 0 0 1 1 1 1 1 1 1 1 0 1 1 1 1 1 1 1 1 0.0
249 20 12303 1 1 1 1 1 1 1 1 1 1 0 1 1 1 0 0 1 1 0 1 0.0
250 20 16426 0 1 1 1 1 1 1 1 1 1 1 1 0 1 1 1 1 0 1 1 0.0
251 20 12987 1 0 0 1 1 1 1 1 0 1 1 1 1 1 1 1 1 1 1 1 0.0
252 20 13247 1 1 1 0 1 1 1 0 1 0 1 1 0 1 1 0 1 1 1 1 0.0
253 20 14584 1 1 0 1 0 1 1 1 0 1 1 1 1 1 1 0 1 1 1 1 0.0
254 20 13604 1 1 1 1 1 0 1 1 1 1 1 0 1 1 1 1 1 1 1 0 0.0
255 20 13209 1 1 1 1 0 1 1 0 1 1 1 0 1 1 1 1 1 1 1 1 0.0
256 20 13863 1 0 1 1 1 1 1 1 1 1 0 1 1 1 0 1 1 1 1 0 0.0
257 20 18032 1 0 1 1 1 1 0 1 1 1 1 1 1 1 1 1 0 1 1 1 0.0
258 20 14593 1 1 0 1 1 1 0 1 1 1 1 1 1 0 1 1 1 0 1 1 0.0
259 20 16392 1 1 1 0 1 0 1 1 1 1 1 0 1 1 1 1 1 1 0 1 0.0
260 20 15328 1 0 1 1 1 1 1 1 1 1 0 1 1 1 1 1 1 0 1 1 0.0
261 20 10642 1 1 1 1 1 0 1 0 1 1 1 1 0 1 1 1 1 1 1 1 0.0
262 20 15066 1 1 0 1 1 1 1 1 0 1 1 1 0 1 1 1 1 1 0 1 0.0
263 20 17125 1 0 1 1 1 1 1 1 1 1 1 0 1 0 1 0 1 1 1 1 0.0
264 20 14873 1 1 1 1 1 1 1 1 0 1 1 1 1 0 1 1 1 1 1 0 0.0
265 20 14257 1 0 1 0 1 1 1 1 1 1 0 0 1 0 1 1 1 1 1 1 0.0
266 20 14545 1 0 1 1 1 1 1 1 1 1 1 1 0 0 1 1 1 1 1 0 0.0
267 20 12978 1 0 1 1 1 0 1 1 1 1 0 1 1 1 1 1 1 1 1 0 0.0
268 20 13606 0 1 1 1 1 1 0 1 0 1 0 1 1 1 1 1 1 1 1 1 0.0
269 20 13048 1 1 1 0 1 1 0 1 1 1 1 1 1 1 1 1 1 0 1 0 0.0
270 20 15695 1 1 1 1 1 0 1 1 1 1 1 1 1 1 1 0 0 1 1 1 0.0
271 20 13687 1 1 1 1 1 0 1 1 0 1 1 1 1 1 1 1 0 0 1 1 0.0
272 20 13368 1 1 0 1 0 1 1 1 1 1 1 0 1 1 1 1 1 1 1 1 0.0
273 20 11910 1 1 0 1 1 1 1 1 1 1 1 1 1 1 1 0 0 0 1 1 0.0
274 20 14237 1 1 0 1 1 1 1 1 0 0 1 1 0 1 1 1 1 1 1 1 0.0
275 20 13446 1 1 0 1 1 1 1 1 0 1 1 0 1 1 1 1 1 1 1 1 0.0
276 20 17602 0 1 1 1 1 1 0 1 1 0 1 1 1 1 1 1 1 0 1 1 0.0
277 20 15015 0 1 1 1 1 1 0 0 1 1 0 1 1 1 1 1 1 1 1 1 0.0
278 20 14392 1 0 1 1 1 0 1 1 1 1 1 0 0 1 1 1 1 1 1 1 0.0
279 20 13210 1 1 1 1 0 1 1 1 1 1 1 1 0 1 1 0 1 1 1 0 0.0
280 20 13331 1 1 1 1 1 1 1 1 1 0 0 0 1 1 1 1 1 1 1 1 0.0
281 20 12075 1 1 1 0 1 1 1 1 1 1 1 1 1 1 0 1 1 1 1 0 0.0
282 20 14761 1 1 1 1 1 1 1 1 1 1 0 0 1 0 1 1 1 0 1 1 0.0
283 20 12391 1 0 1 1 1 1 1 1 1 1 0 0 1 1 1 0 1 1 1 1 0.0
284 20 16717 1 1 0 0 1 1 1 1 1 1 1 0 1 1 1 1 1 1 1 0 0.0
285 20 12793 1 1 1 1 1 1 1 0 1 1 1 1 0 0 1 0 1 1 1 1 0.0
286 20 12153 0 1 1 1 1 1 1 1 1 0 1 0 1 1 1 1 1 1 1 0 0.0
287 20 15624 0 1 1 1 0 1 1 1 0 0 1 1 1 1 1 1 1 1 1 1 0.0
288 20 16972 1 1 1 1 1 1 1 1 1 1 1 0 1 1 0 1 1 0 0 1 0.0
289 20 12541 1 1 1 1 1 1 1 0 1 1 1 0 1 1 1 0 1 0 1 1 0.0
290 20 13931 1 1 0 0 1 1 1 1 1 1 1 1 0 1 1 1 1 1 1 0 0.0
291 20 12225 1 1 0 1 1 1 1 1 1 1 1 1 0 1 1 1 1 0 0 1 0.0
292 20 16762 1 1 1 1 1 1 1 1 0 1 0 1 1 1 1 1 0 1 0 1 0.0
293 20 16438 1 1 1 1 1 1 1 1 1 1 1 0 0 1 1 1 1 1 1 0 0.0
294 20 13448 1 1 1 1 1 1 1 0 0 1 1 1 0 1 1 1 1 1 1 0 0.0
295 20 10560 1 1 0 1 1 1 1 0 1 1 1 1 1 1 1 0 1 1 1 0 0.0
296 20 13335 1 1 0 1 1 1 0 1 1 1 1 0 1 1 1 1 0 1 1 1 0.0
297 20 16288 1 0 1 1 1 1 1 1 1 0 1 1 1 0 1 1 1 1 0 1 0.0
298 20 14242 1 1 1 0 1 1 1 0 1 0 1 1 0 1 1 1 1 1 1 1 0.0
299 20 15067 1 1 1 0 1 1 1 1 1 1 1 0 0 1 1 1 0 1 1 1 0.0
300 20 15925 0 1 1 0 1 1 1 1 1 1 1 1 1 1 1 0 1 1 1 1 0.0
301 20 15245 1 1 0 1 1 1 1 1 1 1 0 1 1 1 1 1 1 0 1 0 0.0
302 20 12565 1 1 1 1 1 1 0 1 1 1 1 1 0 1 1 0 1 1 1 0 0.0
303 20 15449 1 0 1 1 0 1 1 1 1 1 0 1 1 1 1 1 0 1 1 0 0.0
304 20 12502 1 0 1 1 1 1 1 1 1 1 1 1 1 0 1 0 1 1 1 1 0.0
305 20 12771 1 1 1 0 1 0 1 0 1 1 1 1 0 1 1 1 1 1 1 1 0.0
306 20 13505 0 1 1 1 0 1 1 1 1 1 1 0 1 1 1 1 1 0 1 1 0.0
307 20 9874 1 1 1 0 1 0 1 1 1 1 1 1 1 1 0 0 1 1 1 1 0.0
308 20 12758 1 1 1 1 1 0 0 1 1 1 1 1 0 1 1 1 1 1 1 1 0.0
309 20 12687 1 1 1 1 1 1 1 0 0 0 1 1 1 1 1 0 1 1 1 1 0.0
310 20 13844 1 1 1 1 0 0 1 1 1 1 0 1 1 0 1 1 1 1 1 1 0.0
311 20 11608 1 1 1 1 0 1 1 1 1 1 1 0 1 1 1 1 1 1 1 0 0.0
312 20 16227 1 1 1 1 1 1 1 1 0 1 0 1 1 1 1 1 0 1 1 1 0.0
313 20 13272 1 1 1 1 1 1 1 0 1 1 1 0 1 1 0 1 1 1 0 1 0.0
314 20 14443 1 1 0 1 1 0 1 1 0 1 1 1 1 1 1 1 1 1 1 1 0.0
315 20 15809 1 1 1 0 1 1 1 1 1 0 0 1 1 0 1 1 1 1 1 1 0.0
316 20 11888 1 0 1 1 1 1 1 1 1 0 1 0 1 1 1 1 1 0 1 1 0.0
317 20 11946 1 1 1 0 1 1 1 1 0 1 1 1 1 0 1 1 1 0 1 1 0.0
318 20 14958 0 0 1 1 1 1 1 1 1 1 1 1 1 0 1 1 1 1 1 1 0.0
319 20 13734 1 1 1 0 1 0 0 1 1 1 1 1 1 1 1 1 1 1 1 1 0.0
320 20 14412 1 1 1 1 1 0 1 1 1 1 0 1 0 1 0 1 1 1 1 1 0.0
321 20 16014 0 1 0 1 1 1 1 1 1 1 1 1 1 1 1 0 1 1 1 1 0.0
322 20 12994 1 1 1 1 1 1 1 1 0 1 1 0 1 1 1 1 0 1 1 0 0.0
323 20 15153 1 1 0 0 1 1 1 1 0 1 1 1 1 1 1 1 1 1 1 1 0.0
324 20 13321 1 1 0 1 1 1 1 1 0 1 1 1 1 0 1 1 0 1 1 1 0.0
325 20 15955 1 1 0 1 0 0 1 1 1 1 1 1 1 0 1 1 1 1 1 1 0.0
326 20 11658 1 1 0 1 1 1 1 1 1 1 1 1 1 0 1 1 0 0 1 1 0.0
327 20 13253 1 1 0 1 1 1 1 1 1 0 1 1 1 1 1 1 0 1 1 1 0.0
328 20 13960 1 1 0 0 1 1 1 1 1 1 1 1 1 1 0 1 1 1 0 1 0.0
329 20 13353 1 1 1 1 1 1 1 1 1 1 0 1 1 1 1 1 1 0 0 1 0.0
330 20 15416 0 1 0 0 1 1 1 1 1 1 1 0 1 1 1 1 1 1 1 1 0.0
331 20 16505 1 1 0 1 1 0 1 1 1 1 1 1 0 1 0 1 1 1 1 1 0.0
332 20 13522 1 1 1 1 1 0 0 1 1 1 1 1 1 1 0 1 1 1 1 0 0.0
333 20 15097 1 0 1 1 1 0 1 0 1 1 1 1 1 1 0 1 1 1 1 1 0.0
334 20 17314 1 1 0 1 1 1 1 1 1 1 1 0 1 1 0 1 1 1 1 0 0.0
335 20 18404 1 1 1 0 1 1 1 1 0 1 1 1 1 1 1 1 1 1 1 0 0.0
336 20 12582 1 1 1 1 1 0 1 1 0 1 1 0 1 1 1 1 1 1 0 1 0.0
337 20 14869 1 1 1 1 1 1 1 1 0 0 1 0 1 1 1 1 1 0 1 1 0.0
338 20 15724 1 1 1 1 1 1 0 1 1 1 0 1 1 1 1 1 1 1 0 1 0.0
339 20 16213 1 1 1 1 0 1 1 0 1 1 1 1 1 1 0 1 0 1 1 1 0.0
340 20 17785 1 0 0 1 1 1 1 1 1 1 1 1 1 0 0 1 1 1 1 1 0.0
341 20 12583 1 1 0 1 1 1 1 1 1 1 1 1 1 1 1 0 0 1 1 1 0.0
342 20 16293 0 1 0 1 1 1 1 1 1 1 1 1 1 1 1 1 1 0 1 0 0.0
343 20 15147 1 1 1 0 1 1 0 1 1 1 1 1 1 0 0 1 1 1 1 1 0.0
344 20 15284 1 1 1 1 1 1 1 1 0 1 1 1 0 1 0 1 0 1 1 1 0.0
345 20 13116 0 1 1 1 0 0 1 1 1 1 1 1 0 1 1 1 1 1 1 1 0.0
346 20 16199 1 1 0 1 1 1 1 1 0 1 1 1 1 1 1 1 1 1 1 0 0.0
347 20 16094 1 1 1 1 1 1 0 1 1 1 1 1 0 1 0 1 1 1 1 0 0.0
348 20 10837 0 1 1 1 1 1 1 0 1 1 1 1 1 1 0 1 1 1 0 1 0.0
349 20 14702 1 0 1 0 1 1 1 1 0 1 0 1 1 1 1 1 1 1 1 1 0.0
350 20 15145 1 0 1 1 1 0 1 1 1 0 1 1 0 1 1 1 1 1 1 1 0.0
351 20 12418 1 1 1 1 1 1 1 1 1 1 1 1 0 0 1 0 1 1 1 1 0.0
352 20 14727 0 1 1 1 1 1 1 1 1 1 0 1 1 1 1 1 1 1 0 1 0.0
353 20 12979 1 1 1 0 0 1 1 1 1 1 1 1 1 1 0 1 1 0 1 1 0.0
354 20 14170 0 1 1 1 1 1 1 1 1 1 1 0 1 1 0 1 1 1 1 1 0.0
355 20 10848 1 1 1 1 0 1 1 1 1 1 1 0 1 1 1 1 0 1 1 0 0.0
356 20 12234 1 1 1 1 1 1 1 1 0 1 1 1 1 1 1 1 1 0 0 1 0.0
357 20 12866 1 0 1 1 0 0 1 1 1 1 1 1 1 1 1 1 1 1 1 0 0.0
358 20 15781 1 1 1 1 1 0 1 1 0 1 1 1 1 0 1 1 1 1 1 1 0.0
359 20 11785 1 0 1 1 1 1 0 1 1 1 1 1 1 1 1 1 0 1 1 0 0.0
360 20 15217 1 1 1 1 0 0 1 1 1 1 1 1 0 0 1 1 1 1 1 1 0.0
361 20 13705 0 1 1 1 1 1 1 1 1 1 0 0 1 1 1 1 0 1 1 1 0.0
362 20 12439 0 1 1 1 1 1 1 1 0 1 0 1 1 1 1 1 1 1 1 0 0.0
363 20 13139 0 1 1 1 1 1 1 1 1 1 1 1 0 1 1 1 1 1 1 0 0.0
364 20 17179 1 1 0 1 0 1 1 1 0 1 1 1 1 1 1 1 1 0 1 1 0.0
365 20 16010 1 0 0 1 1 1 1 1 1 1 1 0 1 1 1 1 1 1 1 1 0.0
366 20 15028 0 1 1 1 1 1 1 1 0 1 1 1 1 1 1 0 1 1 1 1 0.0
367 20 14094 1 1 0 1 1 0 1 1 1 0 1 1 1 1 1 1 0 1 1 1 0.0
368 20 13977 1 1 1 1 1 1 0 1 1 0 1 1 1 1 1 1 1 1 0 1 0.0
369 20 11762 1 1 1 1 1 1 1 0 0 1 1 1 1 0 1 0 1 1 1 1 0.0
370 20 14695 1 1 1 1 1 0 1 1 1 1 1 1 1 1 1 0 0 1 0 1 0.0
371 20 15422 0 1 1 1 1 1 0 1 1 0 1 1 1 0 1 1 1 1 1 1 0.0
372 20 14285 0 0 1 1 1 1 1 1 1 1 1 1 1 1 1 1 1 1 0 1 0.0
373 20 17320 0 1 1 1 1 1 1 1 1 1 1 0 1 0 0 1 1 1 1 1 0.0
374 20 14920 1 0 1 1 1 1 0 1 0 1 1 1 1 1 1 1 0 1 1 1 0.0
375 20 13535 1 1 1 1 1 1 1 1 1 1 1 1 1 0 0 0 1 1 1 0 0.0
376 20 12635 1 1 0 0 1 1 0 1 1 1 1 1 1 1 1 1 1 1 0 1 0.0
377 20 13680 1 1 1 0 1 1 1 1 1 0 1 0 1 1 1 1 1 1 1 1 0.0
378 20 11308 1 1 1 1 1 1 1 1 0 0 1 0 1 1 1 1 1 0 1 1 0.0
379 20 13092 1 1 1 1 0 1 1 0 1 1 1 1 1 1 1 1 0 1 0 1 0.0
380 20 10570 1 1 1 1 1 1 1 1 1 1 1 1 1 0 1 1 0 0 1 0 0.0
381 20 14146 1 0 1 1 0 1 0 1 1 1 1 1 1 0 1 1 1 1 1 1 0.0
382 20 12579 1 1 0 1 1 1 1 1 0 1 1 1 0 0 1 1 1 1 1 1 0.0
383 20 16586 1 1 0 1 1 0 1 1 0 1 1 1 1 0 0 1 1 1 1 1 0.0
384 20 14353 1 1 1 0 0 1 1 1 1 1 1 1 1 1 0 1 1 1 0 1 0.0
385 20 11902 1 1 1 1 1 1 1 1 0 1 0 1 0 1 1 1 1 1 0 1 0.0
386 20 13766 0 0 1 1 1 1 1 1 1 1 1 1 0 1 0 1 1 1 1 1 0.0
387 20 15809 0 0 1 1 1 1 1 1 0 1 1 1 1 1 1 0 1 1 1 1 0.0
388 20 13929 1 1 1 0 1 1 0 1 0 1 1 1 1 1 1 1 0 1 1 1 0.0
389 20 13895 1 1 1 1 1 1 1 0 1 1 1 1 0 1 1 0 1 0 1 1 0.0
390 20 10872 0 1 1 1 0 1 1 1 1 1 1 1 1 1 1 0 1 1 1 1 0.0
391 20 12073 0 1 1 1 1 0 1 0 1 1 1 1 1 1 0 1 1 1 1 1 0.0
392 20 15162 1 1 1 1 1 0 1 0 1 1 0 1 1 0 1 1 1 1 1 1 0.0
393 20 15161 0 0 0 1 1 1 1 1 1 0 1 1 1 1 1 1 1 1 1 1 0.0
394 20 14087 1 1 1 1 1 1 0 1 1 0 1 1 0 1 1 1 1 1 1 1 0.0
395 20 14348 1 1 1 1 1 1 1 1 0 1 1 1 1 0 0 1 1 0 1 1 0.0
396 20 14958 1 1 1 1 1 1 0 1 1 1 0 0 1 1 1 1 1 1 1 1 0.0
397 20 12781 1 0 1 0 1 1 1 1 1 1 1 1 0 1 1 1 0 1 1 1 0.0
398 20 14527 1 0 1 1 0 1 1 1 1 1 1 1 0 1 1 1 1 1 1 1 0.0
399 20 18129 1 1 1 1 1 1 1 1 1 1 1 1 1 0 1 0 1 1 0 1 0.0
400 20 14812 1 1 1 1 1 1 1 1 0 0 1 1 1 1 0 0 1 1 1 1 0.0
401 20 13762 1 1 1 1 0 1 1 1 1 0 0 1 1 1 1 1 0 1 1 1 0.0
402 20 14054 1 1 1 1 1 0 1 1 1 1 0 0 1 1 1 1 1 1 0 1 0.0
403 20 15167 1 1 0 1 1 1 0 1 1 0 1 1 1 1 0 1 1 1 1 1 0.0
404 20 13532 1 1 0 0 1 1 1 1 1 1 1 1 1 1 1 1 1 0 1 1 0.0
405 20 11866 1 1 1 1 1 1 1 0 1 0 1 1 1 1 1 1 0 1 1 1 0.0
406 20 13266 1 1 1 1 0 0 1 1 1 1 1 1 0 1 1 1 1 0 0 1 0.0
407 20 14272 1 1 1 1 1 1 1 1 1 1 1 0 1 1 0 0 1 1 1 0 0.0
408 20 11521 1 1 1 1 0 0 1 1 0 1 1 1 1 1 1 1 1 1 1 1 0.0
409 20 12254 1 1 1 1 1 1 0 1 1 1 1 1 1 0 1 0 1 1 1 0 0.0
410 20 9891 0 1 0 1 1 1 1 1 1 1 1 1 1 0 0 1 1 1 1 1 0.0
411 20 16418 1 1 0 0 1 1 1 1 1 1 1 1 1 1 0 1 1 1 1 1 0.0
412 20 15538 1 1 1 1 1 0 1 1 0 1 1 1 1 1 1 0 1 0 1 1 0.0
413 20 11894 1 1 1 1 1 1 1 0 0 1 1 1 0 1 1 0 1 1 1 1 0.0
414 20 17231 1 1 1 1 1 0 1 1 1 1 0 1 0 1 1 0 1 1 1 1 0.0
415 20 16538 1 1 1 0 1 1 1 1 0 1 0 1 0 1 1 1 1 1 1 1 0.0
416 20 14544 0 1 1 1 1 1 1 1 1 1 1 0 1 1 1 1 0 0 1 1 0.0
417 20 14489 1 1 1 1 1 1 0 1 1 1 1 1 1 0 0 0 1 1 1 1 0.0
418 20 13269 1 1 1 1 0 1 1 1 1 0 1 1 1 0 1 1 1 1 1 1 0.0
419 20 16462 1 1 1 1 1 1 1 1 0 1 1 0 1 1 0 0 1 1 1 1 0.0
420 20 14282 1 1 1 0 0 1 0 1 1 1 1 1 1 0 1 1 1 1 1 1 0.0
421 20 14568 1 1 1 1 1 1 1 0 1 1 1 0 0 1 1 1 1 1 1 1 0.0
422 20 12827 1 0 1 1 1 1 1 1 0 1 1 1 1 1 1 0 1 0 1 1 0.0
423 20 13218 1 1 1 1 1 1 0 1 0 1 1 1 1 1 1 1 1 1 0 0 0.0
424 20 15006 1 0 0 1 1 1 1 1 1 1 1 1 1 1 1 1 0 1 1 1 0.0
425 20 14990 0 1 0 0 1 1 1 1 1 1 1 0 1 1 1 1 1 1 1 1 0.0
426 20 15280 1 1 0 1 1 1 1 1 1 0 1 1 0 1 1 1 1 1 0 1 0.0
427 20 16199 0 1 1 1 1 1 1 1 1 0 1 1 1 0 1 1 0 1 1 1 0.0
428 20 13511 1 1 1 0 1 1 0 1 1 1 1 0 1 1 0 1 1 1 0 1 0.0
429 20 10864 1 1 1 1 1 1 1 1 1 0 1 1 1 0 0 1 1 1 1 1 0.0
430 20 17068 0 1 1 1 0 1 1 1 1 1 1 1 1 0 1 0 1 1 1 1 0.0
431 20 15887 0 0 1 1 1 1 1 1 0 1 1 1 1 1 1 1 0 1 1 1 0.0
432 20 15899 1 1 1 1 1 0 1 1 1 1 1 1 1 0 0 1 1 0 1 1 0.0
433 20 15155 1 0 1 1 1 1 1 1 1 1 1 1 1 1 1 0 0 1 1 1 0.0
434 20 13231 0 0 1 1 1 1 0 1 1 0 0 1 1 1 1 1 1 1 1 1 0.0
435 20 12446 1 1 1 0 1 0 1 1 1 1 0 1 1 1 1 0 1 1 1 1 0.0
436 20 14839 1 0 1 1 1 1 1 1 1 0 1 0 0 1 1 1 1 1 1 1 0.0
437 20 16259 1 1 1 1 1 1 1 1 0 0 1 0 1 1 1 1 1 1 1 1 0.0
438 20 13885 1 1 1 1 1 0 1 1 1 1 1 1 1 0 0 1 1 1 1 0 0.0
439 20 15367 1 1 1 1 1 1 1 1 0 1 1 1 0 1 0 1 1 1 0 1 0.0
440 20 15272 1 1 1 1 1 0 0 1 1 1 1 0 1 1 1 1 1 1 1 1 0.0
441 20 16607 0 0 1 1 1 1 1 1 1 1 1 1 1 0 1 1 0 1 1 1 0.0
442 20 15074 1 1 0 1 1 1 0 1 0 1 1 0 1 1 1 1 1 1 1 1 0.0
443 20 16653 1 1 1 1 1 1 1 1 1 1 1 0 1 0 1 1 0 1 1 0 0.0
444 20 13194 1 1 1 1 1 1 1 1 1 0 1 0 1 1 1 0 1 1 1 0 0.0
445 20 14167 1 1 1 1 1 1 1 1 1 1 1 0 1 0 1 0 1 1 1 0 0.0
446 20 13037 1 0 1 0 1 1 1 1 1 1 1 1 1 1 1 1 0 1 0 1 0.0
447 20 12661 0 1 1 1 1 0 1 1 1 1 1 1 1 1 1 1 1 1 0 1 0.0
448 20 14717 1 1 1 1 1 1 1 1 1 1 1 1 0 1 0 0 1 0 1 1 0.0
449 20 13419 1 1 1 1 1 1 0 1 1 1 1 1 1 1 1 0 1 1 0 1 0.0
450 20 16867 1 1 1 1 1 1 0 1 0 1 0 1 1 1 1 1 0 1 1 1 0.0
451 20 13257 1 1 1 1 0 1 1 1 1 1 1 1 0 1 0 0 1 1 1 1 0.0
452 20 14050 0 0 0 1 1 1 1 1 1 1 1 1 1 1 1 1 1 0 1 1 0.0
453 20 12491 1 1 1 1 1 1 1 1 0 0 1 1 1 1 1 0 1 1 1 1 0.0
454 20 16014 0 0 1 1 1 1 0 1 1 1 1 1 1 0 1 1 1 1 1 1 0.0
455 20 13990 1 1 0 1 1 0 1 1 1 1 1 1 1 1 1 1 1 1 1 0 0.0
456 20 15978 1 1 1 1 0 1 1 1 1 1 1 1 1 1 1 1 1 0 1 0 0.0
457 20 12698 1 1 1 1 1 1 0 1 1 1 1 0 1 0 1 1 1 0 1 1 0.0
458 20 14748 0 1 1 0 1 1 1 1 0 1 1 1 1 1 0 1 1 1 1 1 0.0
459 20 15784 1 1 0 1 1 1 1 0 1 1 1 1 0 1 1 1 1 1 1 1 0.0
460 20 11974 1 1 0 1 1 1 1 0 0 1 1 1 1 0 1 1 1 1 1 1 0.0
461 20 16745 1 1 0 1 1 1 0 1 1 1 0 1 1 1 1 1 1 0 1 1 0.0
462 20 13973 1 1 1 1 0 1 1 1 1 1 1 1 0 1 1 0 0 1 1 1 0.0
463 20 13426 1 1 1 1 1 1 1 0 1 1 1 1 0 1 1 1 0 1 1 1 0.0
464 20 12564 1 1 1 1 1 1 0 1 1 1 1 0 1 1 1 0 1 0 1 1 0.0
465 20 16225 1 1 1 1 1 1 1 1 1 1 1 0 0 1 1 1 0 1 1 0 0.0
466 20 12496 1 1 1 1 0 1 1 0 0 1 1 1 1 1 0 1 1 1 1 1 0.0
467 20 14197 1 1 1 1 1 0 1 0 1 0 0 1 1 1 1 1 1 1 1 1 0.0
468 20 16463 1 1 1 1 1 1 1 1 1 0 1 1 1 1 1 0 1 1 0 1 0.0
469 20 14714 0 1 1 1 0 0 1 1 1 1 1 1 1 0 1 1 1 1 1 1 0.0
470 20 11950 1 1 1 1 1 1 1 0 1 0 1 0 0 1 1 1 1 1 1 1 0.0
471 20 13391 1 1 1 1 1 1 1 1 1 1 1 1 1 1 0 0 0 1 1 1 0.0
472 20 14566 1 1 1 1 1 1 1 0 0 1 1 1 1 0 1 1 1 1 0 1 0.0
473 20 12324 1 1 1 0 1 1 1 1 1 1 1 1 1 0 0 0 1 1 1 1 0.0
474 20 14448 1 1 1 1 0 1 1 1 0 1 1 1 1 1 1 0 1 1 0 1 0.0
475 20 13280 1 0 1 1 0 1 1 1 1 1 0 1 1 1 1 1 1 1 1 1 0.0
476 20 12692 1 0 1 0 1 1 1 1 1 1 0 1 1 1 1 1 0 1 1 1 0.0
477 20 14468 1 1 1 1 0 1 1 1 1 1 1 1 0 1 1 1 0 0 1 1 0.0
478 20 14595 1 1 1 1 0 1 1 0 1 0 1 1 1 1 0 1 1 1 1 1 0.0
479 20 13139 1 1 1 1 1 0 1 1 0 0 0 1 1 1 1 1 1 1 1 1 0.0
480 20 13103 1 1 0 1 0 1 1 1 1 1 1 0 0 1 1 1 1 1 1 1 0.0
481 20 15523 1 1 0 1 1 1 0 1 1 1 1 1 0 1 0 1 1 1 1 1 0.0
482 20 14341 1 0 0 0 1 1 1 1 1 1 1 1 1 1 1 0 1 1 1 1 0.0
483 20 13637 1 0 1 1 1 1 1 1 1 1 0 0 1 0 1 1 1 1 1 1 0.0
484 20 14887 1 1 0 0 1 1 0 1 1 1 1 1 1 1 1 1 1 0 1 1 0.0
485 20 14266 1 1 1 0 0 1 1 1 1 0 1 1 1 1 1 1 1 0 1 1 0.0
486 20 14183 0 1 1 1 1 1 0 1 1 1 1 1 1 1 1 1 1 1 1 0 0.0
487 20 16966 1 1 1 1 1 1 1 1 1 0 0 1 0 1 1 0 1 1 1 1 0.0
488 20 13427 1 0 1 1 1 1 1 1 0 1 1 1 1 0 1 1 0 1 1 1 0.0
489 20 12787 1 1 1 1 1 1 1 1 1 1 1 0 1 1 1 1 0 0 1 1 0.0
490 20 11333 1 0 1 1 1 1 1 1 1 1 1 1 1 1 1 0 0 1 1 0 0.0
491 20 15430 1 1 1 1 0 1 1 1 1 1 1 0 0 1 1 0 1 1 1 1 0.0
492 20 12694 1 1 1 1 1 0 0 1 1 1 0 1 1 0 1 1 1 1 1 1 0.0
493 20 14326 1 1 0 0 1 1 1 1 1 1 1 0 1 1 1 0 1 1 1 1 0.0
494 20 13187 1 1 1 1 1 1 1 0 1 1 1 1 1 0 1 1 1 0 1 0 0.0
495 20 14146 1 1 1 1 1 1 0 1 1 0 0 1 1 1 1 1 1 1 1 1 0.0
496 20 14738 0 1 1 0 1 0 1 1 1 1 0 1 1 1 1 1 1 1 1 1 0.0
497 20 13667 1 1 1 0 1 1 1 1 1 1 1 1 0 1 1 1 0 1 0 1 0.0
498 20 13001 1 0 0 1 1 1 1 1 1 1 1 1 1 1 0 1 1 1 0 1 0.0
499 20 13406 1 0 0 1 1 1 0 1 1 1 1 1 0 1 1 1 1 1 1 1 0.0
500 20 14230 0 1 1 1 1 1 1 1 1 0 1 1 1 1 1 0 1 1 1 0 0.0
