1 15 3477 0 1 0 0 1 0 0 0 1 0 1 1 0 0 0 0.0
2 15 7058 1 1 0 0 0 1 1 1 1 0 0 1 0 0 0 0.0
3 15 5032 0 0 0 0 1 0 0 0 1 1 1 1 0 1 0 0.0
4 15 6817 1 0 0 0 0 0 1 1 0 0 1 1 0 0 1 0.0
5 15 4535 1 0 1 0 1 0 1 0 1 0 0 0 0 0 1 0.0
6 15 6113 0 1 1 0 0 0 0 1 1 1 0 1 1 0 0 0.0
7 15 4873 1 0 0 0 1 0 1 1 0 1 1 0 1 0 0 0.0
8 15 4974 1 0 0 0 0 1 1 0 0 0 1 1 1 0 1 0.0
9 15 7973 0 1 0 1 1 0 1 0 1 0 0 0 1 0 1 0.0
10 15 5909 0 1 0 1 1 0 1 0 0 0 1 0 0 1 0 0.0
11 15 3589 0 0 0 0 1 0 0 1 1 0 1 0 0 0 1 0.0
12 15 4480 0 0 0 0 1 0 1 0 0 1 0 1 1 1 0 0.0
13 15 6162 0 1 0 0 1 0 1 0 1 0 1 0 1 0 1 0.0
14 15 7024 0 0 1 1 0 1 1 0 1 1 0 1 0 0 0 0.0
15 15 6274 0 1 0 1 1 0 0 1 0 0 1 1 0 0 1 0.0
16 15 5841 1 1 0 1 0 0 0 0 0 1 0 1 1 0 0 0.0
17 15 4364 1 1 1 0 0 0 1 1 0 0 1 0 0 0 1 0.0
18 15 6922 0 1 0 0 1 1 1 0 0 0 1 0 1 0 1 0.0
19 15 4440 0 1 0 1 0 0 0 0 1 0 0 1 1 0 1 0.0
20 15 4344 1 0 0 1 0 0 1 0 1 0 1 1 1 1 0 0.0
21 15 5203 0 1 0 1 1 0 0 0 0 0 1 0 1 1 0 0.0
22 15 4766 0 0 1 0 1 0 1 0 1 1 0 0 0 0 1 0.0
23 15 4800 0 1 0 1 0 0 0 1 0 1 0 1 0 1 0 0.0
24 15 5680 0 1 0 0 1 1 1 1 0 1 1 0 0 0 1 0.0
25 15 4748 0 1 0 0 0 0 1 1 0 0 1 0 1 0 0 0.0
26 15 4693 1 1 0 0 0 1 0 0 0 1 1 0 0 0 1 0.0
27 15 4432 1 1 0 0 0 0 0 1 0 0 1 0 0 0 1 0.0
28 15 3551 1 0 0 0 0 1 0 0 0 0 1 1 1 0 0 0.0
29 15 4150 0 0 0 0 1 1 0 0 0 1 1 0 1 0 0 0.0
30 15 6083 1 1 0 1 0 1 1 1 0 0 1 0 0 0 1 0.0
31 15 5108 0 0 0 0 0 0 1 1 1 0 1 1 0 0 1 0.0
32 15 6701 0 0 1 1 1 1 1 0 0 1 0 0 1 1 0 0.0
33 15 6088 1 0 0 0 0 0 1 1 1 0 1 1 0 0 1 0.0
34 15 6605 1 0 1 1 0 0 0 1 1 0 0 0 0 1 0 0.0
35 15 4728 1 1 0 1 1 1 0 0 0 0 0 0 0 0 0 0.0
36 15 4587 0 1 0 1 0 0 1 0 0 0 0 0 1 1 0 0.0
37 15 7230 1 0 1 0 1 0 0 1 0 1 1 0 1 0 0 0.0
38 15 6749 0 0 0 1 0 1 0 1 1 0 0 1 1 0 1 0.0
39 15 8475 1 1 0 1 1 0 1 1 0 1 0 0 1 0 1 0.0
40 15 5284 0 1 1 1 0 0 1 0 0 0 1 0 0 1 1 0.0
41 15 4940 1 0 0 0 0 0 1 1 1 0 0 0 1 0 0 0.0
42 15 3489 1 0 0 1 0 1 0 0 0 1 0 0 1 0 1 0.0
43 15 5396 0 1 0 0 0 0 1 0 1 0 0 0 1 1 1 0.0
44 15 6226 0 0 0 1 1 0 0 0 1 1 0 0 1 0 1 0.0
45 15 4906 0 0 1 0 0 1 0 0 0 0 1 1 1 0 0 0.0
46 15 6520 0 0 0 0 1 0 0 0 1 0 0 1 0 1 1 0.0
47 15 5226 0 0 1 1 0 0 1 0 1 1 0 0 0 0 1 0.0
48 15 3756 0 1 1 0 0 1 0 1 0 0 0 1 1 1 0 0.0
49 15 6834 1 0 1 0 1 0 1 0 1 1 0 0 0 1 0 0.0
50 15 4351 1 1 1 0 0 1 0 0 0 0 1 0 0 0 1 0.0
51 15 4659 0 0 0 0 0 1 1 0 0 0 1 1 0 1 1 0.0
52 15 6439 0 0 1 0 0 0 1 1 0 0 1 0 1 1 1 0.0
53 15 6381 1 1 0 1 1 0 0 0 1 0 0 1 1 0 0 0.0
54 15 5700 0 1 1 0 0 0 0 1 1 0 1 1 1 0 0 0.0
55 15 3867 1 0 1 0 0 0 1 1 0 1 0 0 0 1 0 0.0
56 15 4137 1 0 1 0 1 1 0 1 0 1 0 1 0 0 0 0.0
57 15 5646 0 1 0 1 1 0 0 0 0 1 0 1 1 0 1 0.0
58 15 6728 1 1 0 1 0 1 0 0 1 0 1 0 0 1 1 0.0
59 15 4659 1 1 0 0 0 0 1 1 0 0 1 0 0 0 1 0.0
60 15 6613 0 0 0 1 1 0 0 0 0 0 1 1 1 1 0 0.0
61 15 6049 1 1 0 0 0 0 0 1 0 0 1 1 0 1 1 0.0
62 15 6544 1 1 0 1 0 0 0 0 1 0 0 1 1 0 0 0.0
63 15 5261 1 0 0 0 1 1 1 0 0 1 1 0 1 0 0 0.0
64 15 5760 0 1 1 0 1 1 1 0 0 1 1 0 0 0 0 0.0
65 15 7455 1 0 0 0 1 0 0 0 0 1 1 1 1 1 0 0.0
66 15 7333 0 1 0 1 1 0 0 1 1 1 0 1 1 0 0 0.0
67 15 7553 1 0 1 0 1 0 0 0 1 1 1 1 0 1 0 0.0
68 15 6342 0 1 0 0 1 0 0 0 1 0 1 1 0 1 0 0.0
69 15 6345 0 1 1 1 0 0 1 1 0 0 1 1 1 0 0 0.0
70 15 8035 0 1 1 0 0 1 0 1 1 1 0 0 0 1 1 0.0
71 15 4332 0 0 1 0 0 1 0 0 1 0 1 0 0 0 0 0.0
72 15 5750 0 0 0 1 1 0 1 1 1 0 1 0 0 1 1 0.0
73 15 5347 0 0 1 0 1 0 0 0 0 0 0 1 1 1 0 0.0
74 15 6186 1 1 0 1 1 0 0 0 0 1 1 1 0 0 0 0.0
75 15 3295 0 0 1 0 1 1 0 0 0 0 1 0 1 0 0 0.0
76 15 8423 0 0 0 0 1 1 0 0 0 1 0 1 1 1 1 0.0
77 15 6324 1 1 0 1 1 1 0 0 1 0 0 0 0 0 1 0.0
78 15 5455 0 1 0 1 1 0 1 0 0 0 1 1 0 1 0 0.0
79 15 4361 1 0 1 0 1 1 0 1 0 1 0 0 0 0 1 0.0
80 15 4499 0 0 1 1 0 1 0 0 1 0 1 1 0 0 0 0.0
81 15 5424 0 1 0 1 1 0 1 0 0 0 0 0 1 0 1 0.0
82 15 7633 1 1 1 1 0 1 0 1 0 0 0 1 0 0 0 0.0
83 15 5732 1 0 0 0 0 0 0 1 1 0 1 1 1 0 0 0.0
84 15 4653 0 0 0 1 0 0 0 1 0 1 1 0 1 1 0 0.0
85 15 7005 1 0 0 1 1 0 0 0 1 1 1 1 1 1 0 0.0
86 15 6742 1 0 0 1 1 0 1 1 1 0 0 0 0 0 1 0.0
87 15 6499 0 1 1 0 1 0 1 1 0 0 0 1 0 1 0 0.0
88 15 5578 0 1 0 0 1 0 0 1 0 1 1 0 0 0 1 0.0
89 15 3697 1 1 1 0 0 0 1 0 0 0 1 0 1 0 0 0.0
90 15 7347 0 0 1 0 1 1 0 1 0 1 0 0 1 1 1 0.0
91 15 5683 1 0 0 0 0 0 0 1 1 0 1 1 1 1 0 0.0
92 15 6001 0 1 0 0 0 1 0 0 0 1 1 0 0 1 1 0.0
93 15 5716 0 1 0 0 1 0 0 1 1 0 0 0 1 0 1 0.0
94 15 5781 0 1 1 0 0 0 1 1 1 0 0 1 1 1 0 0.0
95 15 5035 1 1 0 1 0 1 1 0 1 0 0 1 0 1 0 0.0
96 15 4165 1 0 0 0 1 1 0 0 0 0 0 0 1 1 1 0.0
97 15 4439 0 0 1 1 0 0 1 0 0 0 0 1 0 0 0 0.0
98 15 3645 0 0 1 0 1 0 0 1 1 1 0 0 0 1 0 0.0
99 15 4866 1 0 1 1 0 0 1 0 0 0 0 0 1 0 1 0.0
100 15 6358 0 0 1 0 0 1 1 0 1 0 0 0 0 0 1 0.0
101 15 6566 0 0 1 0 0 0 1 0 0 1 0 0 1 1 1 0.0
102 15 4177 0 0 1 0 0 0 0 1 1 1 1 0 0 0 0 0.0
103 15 3979 1 0 0 0 1 0 0 0 1 0 0 0 1 0 1 0.0
104 15 5499 0 1 0 1 0 0 0 1 1 1 0 0 0 0 1 0.0
105 15 5699 0 0 0 1 0 1 0 1 0 1 1 0 0 1 0 0.0
106 15 6469 0 1 1 1 0 0 1 0 0 0 1 0 0 1 0 0.0
107 15 7577 1 1 1 0 1 0 1 1 0 1 0 0 0 0 1 0.0
108 15 5774 0 1 0 0 0 0 1 1 0 1 0 0 0 1 1 0.0
109 15 4992 1 1 1 0 1 0 0 0 1 0 0 0 0 1 0 0.0
110 15 5610 0 0 0 1 0 1 1 0 0 0 1 1 0 0 0 0.0
111 15 6201 0 0 1 1 1 1 0 1 0 0 1 1 0 0 0 0.0
112 15 4651 1 1 0 0 1 0 1 0 1 0 0 0 1 0 0 0.0
113 15 5140 0 0 0 1 1 0 0 1 1 0 0 0 0 1 0 0.0
114 15 6932 0 1 0 1 1 0 1 0 1 1 1 1 0 0 1 0.0
115 15 4938 0 1 0 0 1 1 0 0 0 0 0 1 1 0 1 0.0
116 15 6989 1 1 1 0 0 1 0 0 1 0 1 1 0 0 0 0.0
117 15 4239 0 0 1 0 0 1 0 0 0 0 0 1 1 1 1 0.0
118 15 5915 0 0 1 0 1 0 0 1 0 0 1 1 1 1 0 0.0
119 15 6005 0 1 1 0 1 1 0 1 0 0 0 0 0 1 0 0.0
120 15 4741 1 1 1 0 1 0 1 1 0 0 0 0 1 0 0 0.0
121 15 6304 0 1 0 0 0 1 1 0 0 0 0 1 0 1 1 0.0
122 15 4401 0 0 1 0 0 0 0 0 0 0 1 0 1 0 1 0.0
123 15 5154 1 0 1 0 1 1 1 0 1 0 0 0 0 0 0 0.0
124 15 7391 1 0 1 1 1 0 1 1 0 0 0 1 1 0 0 0.0
125 15 5621 1 1 1 0 1 0 1 1 0 0 0 0 0 0 1 0.0
126 15 5977 0 1 1 1 0 1 0 1 0 1 0 1 0 0 0 0.0
127 15 4665 1 0 0 0 0 1 0 1 0 0 0 1 1 0 0 0.0
128 15 7013 0 0 1 1 1 0 1 0 0 1 0 0 1 1 0 0.0
129 15 4460 1 1 0 1 0 1 1 0 0 1 0 0 0 0 0 0.0
130 15 4818 1 0 0 0 0 0 0 0 0 1 1 1 1 1 0 0.0
131 15 6700 0 0 0 1 1 1 0 1 1 0 1 0 0 1 1 0.0
132 15 6018 0 1 0 0 1 0 0 0 1 1 1 1 0 1 0 0.0
133 15 8434 0 1 1 0 1 1 0 1 1 1 0 0 1 0 1 0.0
134 15 4979 0 0 0 0 0 1 0 1 1 1 1 0 0 1 0 0.0
135 15 5588 0 0 1 1 1 0 0 1 0 1 0 0 0 0 1 0.0
136 15 6800 0 0 1 1 1 0 1 0 1 1 0 0 0 0 0 0.0
137 15 5904 0 0 1 0 1 1 0 1 0 0 1 0 1 1 0 0.0
138 15 4303 0 0 1 0 1 0 0 0 1 0 0 1 0 0 1 0.0
139 15 5778 1 0 0 1 0 0 0 0 0 1 1 1 0 1 0 0.0
140 15 4790 0 1 0 1 0 1 0 0 0 1 0 1 0 0 0 0.0
141 15 6178 0 1 0 1 0 1 1 0 1 0 1 0 0 1 0 0.0
142 15 4681 0 1 0 0 0 1 1 0 1 0 0 1 0 1 0 0.0
143 15 5294 0 1 0 0 1 1 1 0 0 0 1 0 1 0 1 0.0
144 15 5096 0 0 1 0 0 1 1 1 0 0 0 0 0 1 1 0.0
145 15 4421 0 0 1 0 0 1 0 1 1 0 1 0 1 0 0 0.0
146 15 7831 1 0 0 0 0 1 0 0 0 0 1 1 1 1 1 0.0
147 15 5557 1 0 0 1 0 0 0 0 0 1 1 0 0 1 0 0.0
148 15 7387 1 0 1 0 0 1 0 0 0 1 1 0 1 0 0 0.0
149 15 5798 0 0 0 0 1 0 1 1 1 1 0 0 1 0 1 0.0
150 15 6183 0 0 1 0 0 1 0 0 1 0 0 1 1 1 1 0.0
151 15 4940 1 0 0 1 0 1 0 1 0 1 0 1 1 1 0 0.0
152 15 6957 1 1 0 1 0 0 1 1 0 0 0 0 1 0 1 0.0
153 15 6626 1 0 1 1 0 0 1 0 0 1 0 0 1 0 0 0.0
154 15 5810 0 1 1 0 0 1 0 1 0 0 0 1 1 0 0 0.0
155 15 7339 0 0 1 1 1 1 0 0 1 0 0 0 1 1 1 0.0
156 15 3828 0 1 0 0 0 0 1 1 0 0 1 0 1 0 0 0.0
157 15 5615 0 1 1 1 0 1 1 0 0 1 0 0 1 1 0 0.0
158 15 4444 1 0 1 0 1 0 0 0 0 0 1 1 0 0 1 0.0
159 15 5504 0 0 1 1 1 1 1 0 0 0 1 0 1 1 0 0.0
160 15 5692 0 1 1 1 0 0 1 0 0 1 1 0 1 1 0 0.0
161 15 5887 1 0 1 0 0 0 1 0 0 1 1 1 0 0 0 0.0
162 15 5018 1 0 1 1 1 0 0 0 1 0 0 0 1 0 1 0.0
163 15 6357 0 0 0 0 0 0 1 1 1 0 1 1 0 1 0 0.0
164 15 7643 0 0 0 1 1 0 0 0 1 1 1 1 0 1 1 0.0
165 15 6230 1 0 1 1 1 0 0 1 0 1 0 0 1 0 0 0.0
166 15 6271 1 1 0 0 1 0 1 1 1 0 0 0 0 1 0 0.0
167 15 6880 0 0 1 0 1 1 0 1 0 0 1 0 1 0 1 0.0
168 15 6303 0 0 0 0 1 1 0 1 1 0 1 0 0 0 1 0.0
169 15 6132 0 0 1 0 0 1 0 0 1 0 1 0 1 0 1 0.0
170 15 5579 0 0 1 1 1 0 1 0 1 1 0 0 0 1 0 0.0
171 15 5390 0 0 0 1 1 1 0 0 1 0 1 0 0 0 1 0.0
172 15 6128 1 0 0 1 1 0 0 1 1 0 0 1 1 0 1 0.0
173 15 5687 1 0 0 0 1 1 0 1 1 0 0 0 0 1 1 0.0
174 15 6039 0 1 1 1 0 0 0 1 1 0 1 1 0 0 1 0.0
175 15 5130 1 0 1 0 0 0 0 0 0 1 1 1 0 1 1 0.0
176 15 6105 0 0 0 1 1 0 0 1 0 1 0 1 1 1 0 0.0
177 15 5709 1 0 1 0 1 0 1 0 0 1 0 0 1 0 0 0.0
178 15 6066 1 0 1 0 1 0 0 1 0 0 0 0 1 1 0 0.0
179 15 6967 0 1 0 0 0 1 1 0 1 0 1 1 1 1 1 0.0
180 15 7075 0 0 0 1 0 1 0 0 0 0 1 0 1 1 0 0.0
181 15 4807 1 0 0 1 1 0 0 0 0 0 0 1 0 1 0 0.0
182 15 5099 0 1 1 0 0 1 0 0 0 1 0 0 0 1 0 0.0
183 15 8455 1 1 1 1 0 0 0 0 1 0 0 0 0 1 1 0.0
184 15 6833 1 0 1 1 1 0 0 0 0 1 0 1 1 0 0 0.0
185 15 4981 1 1 0 0 0 1 0 0 1 0 0 1 0 1 0 0.0
186 15 7385 0 1 0 0 1 0 1 0 1 0 0 1 0 1 1 0.0
187 15 6069 1 1 0 0 1 0 0 0 1 0 1 1 1 0 0 0.0
188 15 5800 0 0 1 0 0 1 1 0 0 1 0 1 1 0 0 0.0
189 15 5117 0 1 0 0 0 0 0 1 1 1 1 0 0 0 1 0.0
190 15 5244 0 1 0 1 0 1 0 0 0 1 1 1 0 1 0 0.0
191 15 5722 1 1 0 0 1 1 0 0 0 0 0 0 0 1 0 0.0
192 15 6379 0 1 0 1 1 0 1 0 1 0 0 1 1 0 0 0.0
193 15 4960 1 0 1 1 0 0 1 0 0 0 1 0 0 1 0 0.0
194 15 4227 0 1 1 1 0 0 0 1 0 0 0 0 1 0 0 0.0
195 15 5965 1 0 1 0 0 1 0 0 1 0 0 0 1 1 0 0.0
196 15 6439 0 0 1 1 0 1 0 1 0 1 1 1 0 1 0 0.0
197 15 4687 1 0 0 0 0 1 0 0 1 0 0 0 1 0 1 0.0
198 15 6440 1 1 0 1 0 1 0 0 0 0 1 1 0 1 0 0.0
199 15 3385 0 0 0 1 0 1 0 0 0 0 1 1 0 0 0 0.0
200 15 7305 0 1 1 0 0 1 0 0 1 1 0 1 0 1 0 0.0
201 15 5741 0 1 0 0 0 0 1 1 0 0 0 1 1 0 1 0.0
202 15 5183 0 0 0 1 1 1 0 1 0 1 0 0 1 1 0 0.0
203 15 6643 1 1 1 1 1 0 0 0 0 0 1 0 0 0 0 0.0
204 15 5563 1 1 0 1 0 1 0 0 0 0 1 1 1 0 1 0.0
205 15 6507 0 0 0 0 1 1 1 1 0 0 1 0 1 1 0 0.0
206 15 4759 0 0 1 0 0 0 0 1 1 0 0 0 0 0 1 0.0
207 15 6347 1 1 1 0 0 1 0 0 0 0 0 1 0 1 0 0.0
208 15 4144 1 1 1 0 0 0 0 0 0 0 0 0 0 1 0 0.0
209 15 5222 0 0 0 0 1 0 1 1 1 1 0 1 0 0 0 0.0
210 15 6523 0 1 0 0 1 0 0 0 1 1 1 0 0 1 0 0.0
211 15 7096 1 1 0 1 0 0 0 0 1 0 0 0 1 0 1 0.0
212 15 6465 1 0 0 0 1 1 0 0 1 1 0 1 1 0 1 0.0
213 15 5580 1 1 0 0 1 0 0 1 1 0 0 1 1 0 0 0.0
214 15 7054 0 1 1 1 1 0 0 1 0 0 0 1 0 1 0 0.0
215 15 4349 0 1 1 1 0 0 1 0 0 0 0 1 0 0 0 0.0
216 15 6042 0 0 1 0 1 0 0 1 0 0 0 1 1 1 0 0.0
217 15 6099 1 0 0 0 0 0 1 1 1 0 0 0 1 0 1 0.0
218 15 7359 0 0 0 1 0 0 0 0 0 0 1 1 1 1 1 0.0
219 15 3923 0 1 0 0 0 0 0 1 0 0 0 1 1 1 0 0.0
220 15 3197 1 0 1 1 0 1 0 0 0 1 1 0 0 0 0 0.0
221 15 8145 1 1 1 1 0 1 1 1 0 0 0 1 1 0 0 0.0
222 15 7491 1 1 0 0 0 1 0 0 1 1 1 1 0 0 1 0.0
223 15 4356 1 0 0 1 0 0 1 1 0 1 1 1 0 1 0 0.0
224 15 6629 1 0 1 1 0 0 0 1 0 1 0 1 1 0 0 0.0
225 15 4372 1 0 0 0 0 0 0 1 1 0 0 1 1 0 1 0.0
226 15 5482 1 1 0 0 0 0 1 0 0 1 0 1 1 0 0 0.0
227 15 6760 0 1 1 0 1 1 0 0 1 0 1 0 0 1 0 0.0
228 15 4981 1 0 0 1 1 0 0 0 0 1 1 0 1 0 1 0.0
229 15 7054 1 0 0 1 0 1 0 1 1 1 0 0 1 0 1 0.0
230 15 3169 0 0 1 0 0 0 0 1 1 0 1 0 0 1 0 0.0
231 15 4565 0 0 0 0 1 0 1 0 0 0 1 1 0 1 0 0.0
232 15 7516 1 1 1 1 0 0 0 0 0 1 0 1 1 0 1 0.0
233 15 4981 0 1 1 0 0 0 1 0 1 1 0 1 0 1 0 0.0
234 15 6112 1 0 0 0 1 0 1 0 1 1 1 0 0 0 0 0.0
235 15 6050 0 0 1 0 0 1 0 0 1 0 0 1 1 0 0 0.0
236 15 5637 0 0 1 1 1 1 0 1 0 0 0 0 1 0 1 0.0
237 15 3290 0 1 0 0 0 0 1 0 0 0 0 0 1 1 1 0.0
238 15 4837 0 0 0 0 1 0 0 1 1 1 0 1 0 1 0 0.0
239 15 6088 0 1 1 0 1 0 0 0 0 0 1 0 0 1 0 0.0
240 15 4798 0 0 0 0 0 1 1 1 0 0 1 0 0 1 0 0.0
241 15 6574 0 0 0 1 0 1 0 0 0 0 0 1 1 1 1 0.0
242 15 5337 0 0 0 1 1 1 1 0 0 0 1 1 0 0 1 0.0
243 15 3780 0 0 0 0 0 1 0 0 0 0 1 0 1 0 1 0.0
244 15 5064 1 0 0 0 0 0 1 1 0 0 1 0 0 0 1 0.0
245 15 5616 1 0 1 0 0 0 1 0 1 0 0 1 0 1 0 0.0
246 15 5358 0 1 1 0 0 0 0 1 0 1 0 0 0 1 0 0.0
247 15 5871 1 0 1 1 0 1 0 1 1 0 0 0 0 0 1 0.0
248 15 6361 0 0 0 1 1 0 0 1 1 0 0 0 1 1 1 0.0
249 15 4825 1 1 1 0 0 1 0 1 0 0 0 0 1 0 1 0.0
250 15 6848 0 1 0 0 1 1 0 0 1 1 1 1 0 1 0 0.0
251 15 6954 1 0 1 1 0 0 1 1 1 0 0 0 0 1 0 0.0
252 15 7246 0 0 1 1 0 0 0 1 0 1 0 0 0 1 1 0.0
253 15 7934 1 0 1 1 1 0 1 0 0 1 0 0 1 1 0 0.0
254 15 4982 1 1 0 1 1 0 1 0 0 1 0 1 0 0 0 0.0
255 15 5380 1 0 0 1 0 1 1 1 0 0 0 0 0 0 0 0.0
256 15 5335 0 1 0 0 1 1 0 0 0 1 1 1 1 0 0 0.0
257 15 7097 1 1 0 0 1 0 1 1 0 1 1 0 1 0 0 0.0
258 15 6043 0 1 1 0 1 0 0 1 0 0 1 1 0 0 0 0.0
259 15 5658 0 0 0 0 1 1 1 0 0 0 1 1 1 1 0 0.0
260 15 5662 1 1 0 0 1 0 0 1 0 0 1 1 0 0 0 0.0
261 15 6229 0 0 0 0 1 1 0 1 1 1 0 0 0 0 1 0.0
262 15 6787 1 0 0 1 0 0 1 0 0 1 0 1 1 1 1 0.0
263 15 6153 1 0 1 0 0 1 0 0 1 0 1 1 0 0 0 0.0
264 15 4461 1 0 1 0 0 1 1 0 0 0 0 0 1 1 0 0.0
265 15 3799 1 0 0 1 0 1 1 0 0 0 0 0 1 1 0 0.0
266 15 7113 0 0 1 0 1 1 0 0 1 1 0 1 0 0 1 0.0
267 15 5659 1 0 1 0 0 0 0 1 0 1 1 0 0 1 0 0.0
268 15 7236 0 1 0 1 0 0 1 0 0 1 1 1 0 1 0 0.0
269 15 5717 0 0 1 0 0 1 1 0 0 0 1 1 0 0 1 0.0
270 15 7180 0 1 1 1 1 1 0 0 0 0 1 0 0 1 0 0.0
271 15 6966 0 1 1 0 0 1 1 1 0 1 0 1 0 0 0 0.0
272 15 5517 0 0 1 0 1 1 1 0 0 0 0 0 0 1 1 0.0
273 15 6708 0 1 1 0 1 0 1 0 0 1 0 1 0 0 1 0.0
274 15 7238 0 1 1 0 1 0 1 0 1 0 0 0 1 0 1 0.0
275 15 5462 1 0 0 0 1 1 1 0 1 1 0 0 1 0 0 0.0
276 15 2870 0 0 1 1 0 0 0 0 0 1 1 1 1 0 0 0.0
277 15 5733 1 1 0 1 1 1 0 0 0 0 0 0 1 0 1 0.0
278 15 5855 1 0 0 0 0 0 0 1 1 0 1 0 0 1 1 0.0
279 15 5746 1 0 1 0 1 0 0 0 1 1 0 0 1 0 1 0.0
280 15 5257 0 1 1 1 1 1 0 0 0 1 0 0 1 0 0 0.0
281 15 4429 0 1 1 1 1 0 0 1 0 0 1 0 0 0 0 0.0
282 15 6859 0 1 1 0 1 1 1 0 0 1 1 0 0 0 0 0.0
283 15 5368 1 0 0 0 0 0 0 1 0 0 0 1 1 1 1 0.0
284 15 5986 1 0 0 0 1 1 1 1 0 0 1 0 1 0 0 0.0
285 15 6452 1 1 0 0 1 0 0 1 0 1 1 0 0 0 0 0.0
286 15 5532 0 1 0 0 1 1 0 0 0 0 0 0 1 1 1 0.0
287 15 5028 1 1 0 0 0 0 0 0 1 0 0 0 1 1 0 0.0
288 15 7412 0 1 1 0 0 0 0 0 1 1 0 1 1 0 0 0.0
289 15 6277 0 1 1 1 0 0 1 1 1 0 0 0 1 0 0 0.0
290 15 4961 0 0 0 0 0 1 1 0 1 0 1 1 0 0 0 0.0
291 15 6796 0 0 1 0 0 0 1 1 0 1 1 0 0 0 1 0.0
292 15 6708 1 0 1 0 1 0 1 0 0 1 0 1 0 0 1 0.0
293 15 4622 1 1 1 0 1 0 0 0 0 0 0 1 1 0 0 0.0
294 15 6327 0 0 1 1 1 0 0 0 0 1 1 1 1 0 1 0.0
295 15 4342 0 0 0 1 0 0 1 1 0 0 0 1 0 0 1 0.0
296 15 4417 0 1 0 0 1 1 0 1 1 1 0 0 0 0 0 0.0
297 15 5741 0 1 0 1 0 0 0 0 0 1 0 0 0 1 1 0.0
298 15 6913 0 0 0 1 0 0 1 1 0 1 1 0 0 1 1 0.0
299 15 6201 0 1 1 0 1 1 0 1 1 0 0 0 0 1 0 0.0
300 15 6163 1 1 1 0 0 1 0 0 0 0 1 0 1 0 1 0.0
301 15 5920 1 1 1 1 0 1 0 0 1 0 1 0 0 1 1 0.0
302 15 4392 0 0 0 0 0 1 0 1 0 1 0 1 0 0 0 0.0
303 15 6221 0 0 0 1 0 1 0 1 1 1 0 0 1 1 1 0.0
304 15 4309 1 0 0 1 0 0 1 1 1 1 0 0 0 0 0 0.0
305 15 4719 1 1 1 1 0 0 0 0 0 0 0 0 0 0 1 0.0
306 15 6787 1 1 0 0 1 1 1 0 0 0 1 0 0 0 1 0.0
307 15 4884 1 1 0 0 0 1 1 1 0 0 1 0 0 0 0 0.0
308 15 4476 0 0 1 1 0 0 1 0 1 0 1 0 0 0 0 0.0
309 15 4707 0 1 1 0 0 0 1 1 0 1 1 0 0 1 0 0.0
310 15 6702 1 1 1 0 0 1 0 0 0 0 0 0 1 0 1 0.0
311 15 7842 1 0 1 0 0 0 0 0 1 1 1 0 0 1 1 0.0
312 15 6305 0 1 0 0 0 0 1 0 0 1 0 1 1 0 0 0.0
313 15 7137 0 0 0 0 1 0 1 0 0 1 1 0 0 1 1 0.0
314 15 5816 0 1 1 1 0 0 0 0 0 1 0 0 1 0 1 0.0
315 15 3390 0 0 0 1 0 1 1 0 0 0 0 0 0 1 1 0.0
316 15 8009 0 1 0 0 0 1 1 1 0 1 1 0 0 0 1 0.0
317 15 6201 1 0 0 1 0 0 1 0 1 1 1 0 1 0 1 0.0
318 15 5655 0 0 0 0 1 0 0 1 1 1 0 1 0 1 0 0.0
319 15 5667 0 0 1 1 0 0 0 0 1 0 1 0 0 0 1 0.0
320 15 5379 0 0 0 0 0 1 1 1 0 0 1 1 0 0 1 0.0
321 15 4659 0 0 0 1 1 1 0 1 0 0 1 0 0 1 1 0.0
322 15 5279 0 0 0 1 0 0 0 1 0 0 1 1 0 0 1 0.0
323 15 5732 0 0 0 1 1 1 1 0 0 1 1 0 0 0 0 0.0
324 15 6207 0 1 1 0 0 1 0 0 1 1 0 0 0 0 1 0.0
325 15 6443 0 0 1 1 1 0 0 0 0 1 1 0 1 0 1 0.0
326 15 5717 0 0 0 0 0 1 0 0 1 1 1 1 1 0 1 0.0
327 15 5723 1 1 0 0 1 1 1 0 1 0 0 1 0 1 0 0.0
328 15 5777 1 0 1 0 0 1 0 1 0 0 1 1 0 0 0 0.0
329 15 4205 1 1 1 1 0 0 0 0 1 0 0 0 0 0 0 0.0
330 15 3858 1 0 1 0 1 0 0 1 0 0 1 1 0 0 0 0.0
331 15 5574 0 0 1 1 0 1 0 1 0 0 1 1 0 0 0 0.0
332 15 4793 1 1 0 0 0 1 1 1 0 1 0 0 0 0 1 0.0
333 15 4930 1 1 1 0 1 1 1 0 0 0 1 0 0 0 0 0.0
334 15 5318 1 0 0 1 0 0 0 0 1 0 0 0 0 1 1 0.0
335 15 5837 1 1 1 1 1 0 0 0 0 0 0 0 0 0 0 0.0
336 15 5344 1 0 1 1 1 0 0 0 0 1 0 1 0 1 0 0.0
337 15 5894 1 0 0 1 1 0 0 0 0 1 0 0 0 1 1 0.0
338 15 3893 1 0 1 1 0 0 1 0 0 0 1 0 0 0 1 0.0
339 15 5247 0 0 1 0 1 0 0 1 0 0 1 1 1 0 1 0.0
340 15 6867 1 0 0 0 1 0 0 0 1 1 0 0 0 1 1 0.0
341 15 4269 0 1 0 0 0 0 0 0 0 1 0 1 0 0 1 0.0
342 15 4215 0 0 1 0 1 0 1 0 0 0 0 0 0 1 1 0.0
343 15 6044 0 0 1 0 1 1 1 0 0 0 0 0 0 1 0 0.0
344 15 5417 1 0 0 0 1 1 1 0 1 0 0 1 0 0 0 0.0
345 15 5505 1 0 1 1 0 0 1 0 0 0 0 1 1 1 1 0.0
346 15 5251 0 0 1 1 0 0 0 1 0 0 0 0 0 0 1 0.0
347 15 7346 0 1 1 0 0 1 0 0 0 1 1 0 0 1 1 0.0
348 15 5466 0 0 1 1 0 0 0 0 0 0 1 0 1 1 1 0.0
349 15 5288 0 0 1 0 0 0 1 0 1 1 0 1 0 1 0 0.0
350 15 3587 1 0 1 0 1 0 0 0 0 1 1 0 0 0 1 0.0
351 15 7207 0 0 1 1 1 1 0 0 0 0 0 1 1 0 1 0.0
352 15 6450 1 0 0 1 0 1 0 0 1 0 0 1 1 0 0 0.0
353 15 6990 0 1 0 0 0 1 1 0 1 0 0 1 0 1 0 0.0
354 15 4789 1 0 0 0 1 0 1 1 1 0 0 0 0 0 0 0.0
355 15 4433 1 0 1 0 0 0 0 1 0 1 0 0 1 0 0 0.0
356 15 8362 0 1 0 0 0 0 1 1 0 1 1 0 1 1 0 0.0
357 15 4522 0 0 0 1 0 0 0 0 0 1 1 0 1 0 0 0.0
358 15 5080 1 0 0 0 0 0 0 0 0 1 0 1 1 0 1 0.0
359 15 6459 0 1 0 1 0 1 0 0 1 0 0 0 1 1 1 0.0
360 15 5088 0 1 1 0 1 0 0 1 0 1 0 0 0 1 1 0.0
361 15 5774 0 0 1 1 1 0 0 1 1 0 1 0 0 0 1 0.0
362 15 6865 0 1 0 1 1 1 1 1 0 0 1 0 0 0 0 0.0
363 15 7067 1 1 0 0 1 1 0 1 0 0 0 0 0 1 1 0.0
364 15 5411 1 1 0 1 0 1 0 0 0 1 0 1 0 0 1 0.0
365 15 6959 1 1 0 1 1 1 0 0 1 0 1 0 0 0 1 0.0
366 15 5357 0 0 1 0 0 0 1 0 1 1 0 1 1 0 1 0.0
367 15 3994 0 1 0 1 0 0 1 0 0 0 0 1 1 0 1 0.0
368 15 6541 0 1 0 1 0 1 1 1 1 1 0 0 1 0 0 0.0
369 15 6019 0 0 0 1 0 0 1 1 0 1 0 0 1 0 1 0.0
370 15 6147 1 0 0 1 1 0 1 1 0 0 0 1 0 0 1 0.0
371 15 6560 1 0 1 1 0 0 1 0 0 0 0 1 1 0 1 0.0
372 15 4037 1 0 0 0 0 1 1 0 0 1 1 0 0 1 0 0.0
373 15 5931 0 1 1 0 1 0 0 1 1 1 0 0 0 0 0 0.0
374 15 5256 0 1 1 0 0 1 1 1 0 0 0 0 0 1 0 0.0
375 15 4618 0 1 0 1 0 0 1 0 1 0 0 0 0 1 1 0.0
376 15 5507 0 1 0 0 1 0 0 1 0 1 1 0 1 0 1 0.0
377 15 4626 1 1 1 0 0 1 0 1 0 0 0 0 0 1 1 0.0
378 15 7593 1 1 0 0 1 1 0 0 0 1 0 1 0 0 1 0.0
379 15 4501 0 0 1 0 0 1 1 0 0 0 0 0 1 1 1 0.0
380 15 6041 0 0 0 0 1 0 1 1 0 0 1 1 0 1 1 0.0
381 15 7756 0 0 1 1 1 0 0 0 1 1 1 0 1 0 0 0.0
382 15 5372 0 1 1 1 1 0 0 1 1 1 0 0 0 1 0 0.0
383 15 5972 0 1 0 0 0 1 0 0 1 1 1 0 0 1 0 0.0
384 15 4964 0 0 1 0 0 0 1 1 0 1 0 0 1 0 0 0.0
385 15 7429 0 0 0 1 1 1 1 0 0 1 1 0 0 0 0 0.0
386 15 5689 1 0 0 1 0 0 0 1 0 0 1 0 1 0 0 0.0
387 15 4598 0 0 0 1 0 0 1 1 0 1 1 0 1 0 0 0.0
388 15 4185 1 0 0 1 0 0 0 1 0 0 1 0 0 0 0 0.0
389 15 4398 1 0 0 1 0 0 1 0 0 1 0 1 1 0 0 0.0
390 15 6209 0 0 1 1 1 1 0 1 1 0 0 0 0 0 1 0.0
391 15 6995 1 0 0 0 1 0 0 1 1 0 1 0 1 0 0 0.0
392 15 6631 1 1 1 0 1 0 0 0 1 1 1 0 0 1 0 0.0
393 15 6994 1 1 1 0 0 1 0 0 0 0 1 0 0 1 1 0.0
394 15 7411 1 1 1 0 0 0 1 0 1 0 1 1 0 0 0 0.0
395 15 5942 0 1 0 0 1 0 1 0 0 1 1 0 0 1 1 0.0
396 15 6785 1 0 1 0 0 1 0 1 1 0 0 1 0 1 0 0.0
397 15 6713 1 1 0 1 1 0 0 1 1 0 0 0 0 1 0 0.0
398 15 5790 1 0 0 0 0 0 1 1 0 0 0 0 1 1 0 0.0
399 15 5156 1 1 1 0 1 0 0 0 1 1 0 0 0 0 0 0.0
400 15 6570 0 1 0 0 0 1 1 0 0 1 0 0 0 1 1 0.0
401 15 5371 0 0 1 1 0 0 0 0 1 0 1 0 1 0 1 0.0
402 15 4756 1 1 0 0 0 1 0 0 1 0 0 0 0 1 0 0.0
403 15 6631 0 1 1 0 0 1 0 0 1 1 0 0 1 0 1 0.0
404 15 7288 0 0 1 1 1 0 0 1 1 1 0 1 0 0 1 0.0
405 15 4317 1 1 0 1 0 0 0 1 0 0 0 1 0 0 0 0.0
406 15 6063 1 1 0 0 0 0 1 0 0 1 1 1 0 0 0 0.0
407 15 5706 0 0 0 0 0 1 1 1 0 1 1 0 0 0 1 0.0
408 15 5305 1 1 0 1 0 1 0 0 0 0 0 0 1 0 0 0.0
409 15 7743 1 0 0 0 1 0 1 1 0 0 1 0 1 1 0 0.0
410 15 5527 1 0 1 1 0 0 0 0 1 0 0 0 1 1 0 0.0
411 15 3791 0 0 0 1 0 0 1 0 1 1 1 1 0 1 0 0.0
412 15 4296 0 0 0 1 1 1 0 1 0 1 0 1 0 0 1 0.0
413 15 4778 0 1 0 0 1 0 0 0 0 1 0 0 1 1 1 0.0
414 15 4987 1 0 0 0 0 1 1 1 0 0 0 0 0 0 1 0.0
415 15 5074 0 1 0 1 1 0 0 0 0 1 0 0 0 1 1 0.0
416 15 6834 0 0 1 1 1 1 0 0 1 1 1 1 1 0 0 0.0
417 15 4002 0 1 0 0 0 0 0 0 0 0 0 1 1 1 1 0.0
418 15 6036 0 1 0 1 1 1 1 0 0 0 1 1 0 1 0 0.0
419 15 6964 1 0 1 1 1 1 0 0 0 0 0 1 1 0 1 0.0
420 15 6701 1 1 1 1 0 0 0 1 1 0 1 1 0 0 0 0.0
421 15 8300 1 0 0 0 0 1 1 0 0 1 1 1 1 0 1 0.0
422 15 7022 1 1 0 1 0 1 0 1 1 0 0 0 0 1 0 0.0
423 15 6746 0 1 1 1 1 1 0 1 0 0 0 1 0 0 0 0.0
424 15 5155 0 1 0 0 1 0 0 1 1 1 1 0 0 0 0 0.0
425 15 4359 0 1 0 0 1 0 0 1 0 0 1 1 1 0 0 0.0
426 15 5586 0 1 1 0 1 1 1 1 0 0 0 0 0 1 0 0.0
427 15 5861 0 1 1 0 1 0 1 0 0 0 1 1 0 0 1 0.0
428 15 5759 1 0 1 0 1 1 0 0 0 0 0 0 0 1 1 0.0
429 15 7212 1 1 1 1 1 0 0 0 0 0 1 1 0 0 1 0.0
430 15 7023 0 0 1 1 1 0 1 0 0 1 1 0 1 0 1 0.0
431 15 3297 1 0 1 1 1 0 0 0 0 0 0 1 0 0 0 0.0
432 15 4776 1 0 1 0 0 1 1 0 0 1 1 0 0 0 0 0.0
433 15 4775 1 1 0 0 0 0 0 1 0 0 1 0 0 1 0 0.0
434 15 4766 1 1 0 1 0 1 0 0 0 1 0 0 1 1 0 0.0
435 15 8900 1 0 0 0 1 0 0 1 1 1 1 0 1 0 1 0.0
436 15 4267 0 0 1 0 0 0 1 1 1 1 0 1 0 0 0 0.0
437 15 4421 0 0 0 1 0 1 0 0 1 0 0 1 1 0 1 0.0
438 15 4525 0 0 0 1 0 1 0 0 1 0 1 0 0 1 0 0.0
439 15 5076 0 0 1 0 1 0 1 0 1 0 1 0 0 0 1 0.0
440 15 4404 0 1 1 0 1 0 1 0 0 0 1 0 0 0 0 0.0
441 15 5451 0 0 1 0 0 0 1 0 0 1 1 0 1 1 0 0.0
442 15 6247 0 0 1 1 1 0 1 1 1 0 0 0 0 1 0 0.0
443 15 7520 0 0 0 1 0 1 0 1 0 0 1 0 1 1 0 0.0
444 15 5803 0 0 1 1 0 1 1 0 1 1 1 0 1 0 0 0.0
445 15 7135 0 0 0 1 0 1 1 1 1 1 0 1 1 0 0 0.0
446 15 7153 0 1 0 0 0 0 0 0 1 1 1 1 0 0 1 0.0
447 15 4167 0 1 0 0 0 1 0 0 0 0 0 1 0 1 0 0.0
448 15 5835 0 0 0 0 0 1 1 0 1 1 0 0 0 1 0 0.0
449 15 5534 0 0 0 1 1 1 1 1 0 0 0 1 0 0 1 0.0
450 15 5416 0 0 1 0 1 1 1 1 0 0 0 0 0 0 1 0.0
451 15 7491 0 1 0 0 0 1 1 0 1 0 1 1 0 0 0 0.0
452 15 7396 1 1 0 1 0 0 0 1 0 1 0 1 0 0 1 0.0
453 15 6356 1 0 1 1 1 0 1 0 0 1 0 1 0 0 0 0.0
454 15 5849 0 1 0 1 0 0 0 1 0 1 1 0 0 0 1 0.0
455 15 6570 0 0 1 1 0 0 1 0 1 1 0 0 1 0 1 0.0
456 15 4249 1 1 0 0 0 1 0 0 1 0 1 0 0 0 1 0.0
457 15 6792 1 0 1 0 0 1 0 0 1 1 0 0 1 1 1 0.0
458 15 5047 0 0 0 0 0 1 0 0 0 1 1 1 0 0 1 0.0
459 15 6436 0 1 1 0 0 1 0 1 0 1 0 1 0 0 1 0.0
460 15 6491 1 1 0 1 0 0 1 1 1 0 0 1 0 0 0 0.0
461 15 5430 0 0 1 0 1 0 1 0 1 0 1 1 0 0 0 0.0
462 15 6506 1 0 1 0 0 0 0 1 1 1 1 0 0 0 0 0.0
463 15 6079 0 0 0 0 1 0 0 1 0 1 1 0 1 1 0 0.0
464 15 5033 1 0 1 0 0 1 0 1 0 0 0 1 1 0 0 0.0
465 15 4316 1 0 0 1 0 1 0 1 1 0 1 0 0 0 0 0.0
466 15 6667 0 0 0 1 0 0 1 1 1 1 0 1 0 1 0 0.0
467 15 4798 0 0 0 0 0 0 1 0 1 0 1 1 0 0 1 0.0
468 15 5846 0 0 0 1 1 0 1 1 0 0 0 1 0 1 0 0.0
469 15 4054 1 1 0 0 0 0 0 1 0 0 0 0 0 1 0 0.0
470 15 5933 0 0 1 1 1 0 0 0 0 1 0 0 0 1 1 0.0
471 15 6000 0 1 0 1 0 0 0 0 1 1 0 0 1 1 1 0.0
472 15 5414 0 0 0 1 0 1 1 1 0 0 0 0 1 1 1 0.0
473 15 5192 0 0 1 0 1 0 1 1 0 1 0 0 0 0 1 0.0
474 15 4114 0 0 1 1 1 0 0 0 1 0 0 0 1 0 0 0.0
475 15 4164 0 0 1 0 1 0 1 0 0 1 0 1 0 0 0 0.0
476 15 4887 0 1 1 1 1 0 0 0 0 1 0 0 0 0 0 0.0
477 15 7761 0 1 1 1 0 0 0 1 0 1 0 1 1 0 1 0.0
478 15 5372 0 0 1 1 0 0 1 1 1 0 0 0 1 0 0 0.0
479 15 5039 0 0 0 1 1 0 1 0 1 0 1 0 0 0 0 0.0
480 15 5115 0 0 1 0 1 0 0 0 0 1 1 0 0 1 1 0.0
481 15 5455 1 1 1 1 0 0 1 0 0 0 0 0 0 0 0 0.0
482 15 6735 0 1 1 0 0 0 1 0 0 1 1 1 1 1 1 0.0
483 15 6618 0 0 1 1 0 1 1 1 0 0 0 0 0 0 1 0.0
484 15 3984 0 0 0 0 0 0 1 0 1 1 0 1 1 0 0 0.0
485 15 5951 0 1 1 0 0 1 0 0 1 1 0 0 0 1 1 0.0
486 15 6117 0 1 0 1 0 1 0 0 0 1 0 1 1 1 0 0.0
487 15 6625 0 1 0 0 0 0 1 1 1 0 1 1 0 0 1 0.0
488 15 5069 0 0 0 0 1 1 1 0 0 1 0 0 0 0 1 0.0
489 15 4007 0 1 1 0 0 1 0 1 1 0 0 0 1 0 0 0.0
490 15 4276 1 1 1 0 0 1 0 0 0 0 0 0 0 0 0 0.0
491 15 4225 0 0 0 0 0 1 0 0 1 0 0 1 0 0 0 0.0
492 15 4505 1 0 1 0 0 0 0 1 0 1 0 0 1 0 0 0.0
493 15 4247 0 1 1 1 0 0 0 0 1 0 0 0 0 1 1 0.0
494 15 6293 1 0 1 1 0 0 0 0 1 1 0 0 1 0 1 0.0
495 15 5441 0 1 0 1 1 1 1 0 0 0 1 0 0 0 1 0.0
496 15 5458 0 0 1 1 0 0 0 1 1 0 1 0 0 0 0 0.0
497 15 7310 1 0 1 0 1 0 0 1 1 0 0 0 0 1 1 0.0
498 15 7361 1 1 0 0 1 0 0 0 0 0 1 1 0 1 0 0.0
499 15 7002 1 0 0 0 0 0 0 1 1 1 1 0 1 0 1 0.0
500 15 6296 0 1 0 1 1 0 0 0 1 1 0 0 0 1 0 0.0
