1 25 9230 0 0 0 0 1 0 0 0 0 0 1 1 0 0 0 1 1 0 0 1 1 1 1 1 0 0.0
2 25 8852 1 0 0 1 0 0 0 1 1 0 0 0 1 1 1 1 0 1 0 0 1 0 0 0 0 0.0
3 25 9695 1 1 0 0 1 0 0 0 1 0 1 0 1 0 1 0 1 0 1 0 0 0 0 0 1 0.0
4 25 9361 1 1 1 0 0 0 0 1 1 1 0 1 0 0 0 0 1 0 1 0 1 1 0 1 1 0.0
5 25 9955 1 0 1 0 1 0 0 0 0 1 1 0 0 0 1 0 1 1 0 0 1 1 1 0 1 0.0
6 25 11017 1 0 0 1 1 0 1 1 0 1 0 1 1 0 1 0 0 0 0 0 1 0 0 1 0 0.0
7 25 9233 0 0 0 1 1 0 0 1 1 0 0 0 0 0 1 1 0 0 0 0 1 1 1 1 0 0.0
8 25 9922 0 1 1 1 0 0 0 1 0 0 1 0 1 0 1 0 1 0 1 0 1 1 0 0 1 0.0
9 25 11435 0 1 0 1 1 0 1 1 0 0 0 0 0 0 0 1 0 1 1 0 0 0 1 0 0 0.0
10 25 9623 0 1 1 0 0 1 0 0 0 0 0 1 0 1 1 0 0 1 0 0 0 0 0 1 0 0.0
11 25 10808 1 0 0 0 1 0 0 1 1 1 1 1 1 0 0 0 1 0 1 0 1 0 0 1 0 0.0
12 25 7106 0 0 1 0 0 1 1 0 1 0 1 0 0 1 0 0 1 0 1 0 1 1 1 1 0 0.0
13 25 8022 0 1 1 1 1 1 1 0 0 0 1 0 1 0 0 0 0 0 1 0 1 0 0 0 1 0.0
14 25 8869 0 1 0 0 0 0 1 0 0 1 0 1 1 1 1 1 0 1 0 1 0 0 0 1 0 0.0
15 25 9014 0 0 1 0 0 1 1 0 0 0 1 0 0 0 0 0 1 1 1 0 1 0 1 1 0 0.0
16 25 7927 1 0 0 0 0 1 0 0 0 1 1 0 0 0 1 0 0 0 0 0 1 1 1 0 1 0.0
17 25 7170 1 0 0 1 1 0 0 0 0 0 0 0 0 0 1 1 1 0 0 1 0 0 0 0 1 0.0
18 25 9296 0 0 0 1 1 0 1 0 0 0 1 1 0 1 0 0 1 1 0 0 1 0 0 0 1 0.0
19 25 10732 0 0 0 0 0 0 1 0 1 0 1 1 0 0 1 1 0 0 1 1 1 1 1 0 0 0.0
20 25 9628 0 0 1 0 1 1 0 0 0 0 0 0 1 1 1 0 1 1 0 1 1 0 1 1 0 0.0
21 25 9528 0 1 0 1 1 0 0 0 0 1 0 1 1 1 0 1 0 1 0 0 0 0 0 0 0 0.0
22 25 9667 0 1 1 1 1 0 1 0 0 0 1 0 1 1 0 0 1 0 0 0 1 0 0 0 0 0.0
23 25 12886 1 1 1 0 1 0 0 0 1 1 0 1 1 1 1 0 0 1 1 0 1 0 0 1 0 0.0
24 25 11461 1 1 0 1 0 1 0 0 1 0 1 0 1 1 0 0 1 1 0 0 0 1 0 1 1 0.0
25 25 6526 1 0 0 0 0 1 1 1 1 0 0 0 1 0 0 1 0 1 0 1 0 0 0 1 0 0.0
26 25 8937 1 0 1 0 0 0 0 0 1 0 1 0 0 0 1 1 1 1 0 0 0 1 1 0 0 0.0
27 25 9018 0 1 0 0 1 0 1 0 1 0 0 0 0 0 0 0 1 1 1 0 1 1 0 0 1 0.0
28 25 10774 0 1 1 0 0 0 1 0 0 1 0 1 1 0 0 0 1 1 0 0 0 0 1 1 0 0.0
29 25 9548 0 1 1 0 0 1 1 0 0 1 0 0 0 0 0 1 1 1 0 1 1 0 1 0 1 0.0
30 25 9389 0 0 1 1 0 0 0 1 0 1 1 1 1 0 1 1 0 1 0 0 0 0 0 0 1 0.0
31 25 9645 0 0 0 0 0 1 1 0 0 0 1 0 0 1 1 0 0 1 1 1 1 0 1 1 0 0.0
32 25 12207 1 0 1 1 1 1 0 1 1 0 0 0 1 0 0 1 1 0 0 0 0 1 1 0 0 0.0
33 25 7818 0 1 1 0 0 1 0 0 1 0 1 0 0 0 1 1 0 1 0 0 0 1 0 1 0 0.0
34 25 8259 0 0 1 1 0 0 0 1 0 1 0 0 0 1 0 1 1 0 0 0 1 1 0 1 1 0.0
35 25 11028 0 0 1 0 0 1 0 0 0 0 1 0 1 0 0 1 1 0 1 1 0 0 1 1 0 0.0
36 25 11761 1 0 0 0 1 0 0 0 1 1 1 1 0 0 0 0 1 1 1 1 0 0 1 1 0 0.0
37 25 10559 0 0 0 1 1 0 1 1 0 1 1 1 0 1 0 0 0 0 1 0 0 1 1 0 0 0.0
38 25 9313 1 0 0 0 1 1 1 0 1 1 1 0 1 0 0 0 0 1 1 0 1 1 0 0 0 0.0
39 25 11484 1 1 0 0 0 0 1 0 0 1 0 0 1 0 0 0 0 1 1 1 1 1 0 1 0 0.0
40 25 13176 1 1 1 0 0 1 1 1 0 1 1 0 0 0 1 0 1 0 0 0 0 0 1 1 1 0.0
41 25 11303 0 1 0 1 0 0 1 0 0 0 1 0 1 0 0 1 0 1 1 1 0 0 1 1 0 0.0
42 25 11035 0 1 1 0 0 0 1 0 0 1 0 1 1 1 0 0 0 1 1 1 0 0 1 1 0 0.0
43 25 9519 0 1 1 1 1 0 1 0 0 0 0 1 1 0 1 0 1 0 1 0 0 1 1 0 0 0.0
44 25 10555 1 0 1 0 0 0 0 0 0 1 1 0 0 0 1 1 0 1 1 0 1 0 0 1 1 0.0
45 25 6606 0 0 0 0 0 0 1 1 1 1 0 0 0 0 1 0 0 0 0 0 0 1 1 1 1 0.0
46 25 13262 1 0 0 1 0 1 1 1 1 0 1 0 0 1 1 1 0 0 1 0 0 0 0 0 1 0.0
47 25 9208 0 1 0 1 1 0 1 0 0 0 1 1 0 1 0 0 1 0 1 0 1 1 0 1 0 0.0
48 25 7725 0 0 0 0 0 1 0 1 1 1 0 1 0 0 1 0 1 0 0 0 0 1 0 1 1 0.0
49 25 10151 1 1 0 0 1 0 1 0 1 1 0 1 0 1 0 1 0 0 0 1 0 0 0 0 1 0.0
50 25 8936 0 0 0 0 0 1 1 0 1 1 1 0 0 0 0 1 1 0 0 1 0 1 1 0 1 0.0
51 25 12818 0 1 0 0 0 1 1 0 0 1 1 1 1 1 1 1 0 0 1 0 0 1 1 0 1 0.0
52 25 9559 1 1 1 0 0 0 0 0 1 1 1 0 1 0 1 1 0 0 0 1 0 1 0 0 0 0.0
53 25 7442 0 0 1 0 0 1 0 1 1 0 0 0 1 0 1 1 0 0 1 0 0 0 1 0 1 0.0
54 25 10811 0 0 0 0 0 0 1 0 1 1 1 1 0 1 0 1 1 1 1 1 1 0 0 0 0 0.0
55 25 10693 0 1 0 1 1 0 1 1 1 1 0 0 0 1 0 0 0 1 0 0 0 1 1 0 0 0.0
56 25 9220 0 1 0 1 0 0 1 0 0 0 1 0 1 0 1 1 1 0 0 1 0 0 0 0 0 0.0
57 25 9705 1 0 0 1 1 1 1 0 0 1 0 1 0 0 1 0 1 0 0 1 0 1 1 0 0 0.0
58 25 9854 1 0 0 0 1 1 0 0 0 0 0 0 1 0 1 1 0 1 1 1 1 0 1 0 0 0.0
59 25 8549 0 1 0 0 0 0 0 0 1 0 0 0 1 1 0 0 0 1 0 1 1 0 1 1 0 0.0
60 25 10231 1 0 0 0 0 0 0 0 1 0 1 1 0 1 1 0 1 0 0 0 0 1 1 1 0 0.0
61 25 11352 1 0 1 0 1 0 1 1 0 0 1 1 1 0 0 0 0 0 0 0 0 1 0 1 1 0.0
62 25 7047 0 0 0 0 1 0 1 0 0 0 1 1 0 0 1 0 1 1 0 1 0 0 0 1 1 0.0
63 25 11023 0 0 0 0 1 1 0 0 1 1 0 1 0 1 0 1 1 0 0 1 0 0 1 1 0 0.0
64 25 10710 1 1 0 0 1 0 0 1 0 1 0 0 1 0 1 0 0 1 0 0 0 0 1 1 0 0.0
65 25 9858 1 1 1 1 1 1 0 0 0 1 1 0 1 0 0 0 0 0 1 0 0 0 0 0 0 0.0
66 25 9986 0 0 0 1 0 0 1 0 0 0 1 1 0 0 0 0 0 1 0 1 0 1 1 1 0 0.0
67 25 8900 1 1 0 1 0 0 1 1 0 0 1 0 0 0 1 1 0 0 1 0 0 0 0 0 0 0.0
68 25 10470 1 1 1 0 0 1 0 0 0 0 0 1 0 0 0 1 0 1 1 0 0 0 1 1 1 0.0
69 25 10287 1 0 1 1 0 0 0 1 0 0 0 0 0 1 1 0 1 0 1 1 1 0 0 1 0 0.0
70 25 7590 0 0 1 1 0 0 0 1 0 0 1 0 0 1 0 0 0 0 0 1 1 1 1 0 0 0.0
71 25 9192 1 0 1 0 1 0 0 1 0 0 1 1 1 0 0 0 0 0 1 1 1 1 0 0 0 0.0
72 25 11013 0 1 0 1 1 0 1 1 1 1 0 0 0 0 0 0 0 1 0 1 0 0 0 1 1 0.0
73 25 8595 0 0 0 0 0 1 1 0 1 0 1 1 0 0 0 0 0 0 1 0 1 0 1 0 1 0.0
74 25 10600 1 1 1 0 1 0 0 0 0 0 0 0 1 0 1 1 1 0 1 1 0 0 0 1 1 0.0
75 25 9113 0 1 1 0 1 0 1 1 0 0 0 0 0 0 1 0 0 1 1 1 0 1 0 1 1 0.0
76 25 8545 0 1 0 0 0 1 1 0 0 0 0 1 0 0 0 0 0 1 1 0 0 0 1 0 1 0.0
77 25 9900 1 0 1 0 1 1 0 1 1 1 0 1 0 1 0 1 1 0 0 1 0 0 0 0 0 0.0
78 25 10606 0 0 0 0 0 0 0 0 0 1 1 1 1 1 0 0 0 1 1 1 0 1 1 0 1 0.0
79 25 10739 1 0 0 1 1 0 0 0 1 0 0 0 1 1 0 0 0 1 0 0 1 1 1 1 1 0.0
80 25 10043 0 1 1 1 0 0 1 0 1 0 0 1 0 0 1 1 0 1 1 1 1 0 0 1 0 0.0
81 25 10227 0 0 1 1 1 0 0 1 0 1 0 0 0 0 1 0 0 0 1 0 1 0 1 0 1 0.0
82 25 10296 0 0 0 0 1 1 0 1 1 1 0 1 1 0 1 1 1 1 1 0 0 0 1 0 0 0.0
83 25 9709 0 0 0 0 0 1 0 0 1 0 0 1 1 0 0 0 0 1 1 1 0 1 0 1 0 0.0
84 25 9068 1 0 0 0 0 1 1 1 0 1 0 0 0 0 0 0 0 1 0 1 1 0 1 0 1 0.0
85 25 8882 0 1 0 0 1 1 0 0 0 1 1 0 1 0 1 1 0 1 0 0 0 1 0 0 0 0.0
86 25 8979 1 0 1 0 1 0 1 0 1 1 1 0 0 1 1 1 0 0 0 0 0 1 0 0 0 0.0
87 25 10025 1 0 0 1 1 1 1 0 1 0 1 0 0 0 0 0 0 1 0 0 0 0 1 1 1 0.0
88 25 10951 0 1 1 1 0 1 0 1 0 0 0 1 1 0 0 1 0 0 1 0 1 0 0 1 0 0.0
89 25 10524 1 0 0 1 1 0 0 0 0 1 0 0 0 1 1 0 1 1 1 1 0 0 1 0 0 0.0
90 25 9545 1 0 1 0 0 1 0 0 1 0 0 0 1 1 1 0 0 1 0 1 1 1 0 1 0 0.0
91 25 10192 1 1 0 0 1 0 1 0 0 1 1 1 0 0 0 0 1 0 1 0 1 1 0 0 1 0.0
92 25 10487 0 1 0 0 1 0 1 1 1 0 0 1 0 1 0 1 0 1 0 0 0 0 0 0 1 0.0
93 25 9486 1 1 0 0 1 0 0 0 1 1 1 1 0 0 0 0 0 0 1 1 0 0 1 0 1 0.0
94 25 9182 0 0 1 1 0 1 1 0 0 0 0 0 1 0 0 1 1 0 1 1 0 0 0 0 1 0.0
95 25 10529 0 0 0 0 1 0 0 1 0 1 1 0 0 1 1 0 1 1 0 0 0 1 1 1 0 0.0
96 25 9489 1 1 1 0 0 1 1 0 1 1 0 0 1 0 0 0 1 0 0 1 0 1 0 0 0 0.0
97 25 9886 1 0 1 1 1 0 0 0 1 0 0 0 1 0 1 1 0 1 0 0 0 0 1 1 1 0.0
98 25 12666 0 0 1 0 0 1 0 0 0 1 1 0 0 0 1 1 1 1 0 1 1 0 1 1 1 0.0
99 25 9270 1 1 1 1 0 0 1 0 0 0 0 0 1 0 1 1 1 1 0 0 0 1 0 0 0 0.0
100 25 11278 1 0 1 1 0 1 0 1 1 0 1 1 0 0 0 0 1 1 0 1 1 0 1 0 0 0.0
101 25 10816 1 0 1 0 0 0 0 0 0 0 1 0 1 0 1 1 0 0 1 1 1 0 1 0 1 0.0
102 25 9114 0 1 0 1 0 1 0 0 0 1 1 0 1 0 1 0 1 0 0 0 1 0 1 1 0 0.0
103 25 11229 0 1 1 0 0 0 1 0 0 1 1 0 1 0 1 1 0 0 1 1 0 1 1 0 0 0.0
104 25 10145 1 0 0 1 1 0 1 1 0 0 0 1 1 0 1 1 0 0 1 1 0 0 1 0 0 0.0
105 25 10629 0 1 0 1 0 1 1 0 0 1 1 0 0 1 0 0 0 1 1 1 1 0 1 0 1 0.0
106 25 9820 0 1 1 0 0 1 0 0 0 0 0 0 1 0 1 1 1 0 0 1 0 1 0 0 1 0.0
107 25 10656 0 0 0 1 0 0 0 1 1 0 1 0 1 1 1 1 1 0 0 1 0 1 0 1 0 0.0
108 25 9740 1 0 1 1 0 0 1 0 0 1 1 0 0 0 0 0 0 1 0 1 0 1 0 0 0 0.0
109 25 11833 0 1 0 0 0 1 0 0 0 1 0 0 1 1 1 1 1 0 0 0 1 0 1 1 0 0.0
110 25 10305 1 0 1 1 1 0 0 0 0 1 0 0 1 0 0 1 0 0 0 1 1 1 1 1 0 0.0
111 25 12687 0 1 1 0 0 0 1 0 1 0 1 0 0 1 0 1 1 1 1 1 0 0 1 0 0 0.0
112 25 9260 1 1 1 1 1 0 0 0 0 0 0 1 1 0 0 1 0 1 1 0 0 0 0 0 0 0.0
113 25 9302 0 0 0 1 1 1 1 0 0 0 1 1 0 1 0 0 0 1 0 0 0 1 1 1 0 0.0
114 25 8677 0 1 0 1 1 1 0 0 1 1 0 0 0 0 0 0 0 1 0 1 0 0 1 0 1 0.0
115 25 10586 1 0 0 1 1 0 0 0 1 1 0 0 1 0 0 0 1 0 1 1 0 1 0 1 0 0.0
116 25 7682 1 1 0 0 0 1 0 0 0 0 1 0 0 0 1 0 0 1 0 0 1 0 0 0 1 0.0
117 25 10182 0 1 0 1 1 1 0 1 0 1 0 1 1 1 0 1 0 1 1 0 0 0 0 1 0 0.0
118 25 9536 1 0 0 0 1 0 1 1 1 1 0 1 0 1 0 0 0 0 1 1 0 1 0 0 0 0.0
119 25 8484 0 0 0 1 0 0 0 0 1 1 0 0 0 0 1 1 0 1 1 0 1 1 0 1 0 0.0
120 25 9429 0 0 0 1 0 0 1 0 1 1 0 0 0 1 1 0 1 0 0 1 0 1 0 1 0 0.0
121 25 10362 0 0 0 1 1 1 0 1 1 1 1 0 0 0 0 0 1 0 0 0 0 1 0 1 0 0.0
122 25 11195 1 1 1 0 0 0 0 1 1 0 1 0 0 0 1 1 1 1 0 0 1 0 1 0 0 0.0
123 25 9012 0 0 1 0 0 0 0 1 1 0 0 1 0 0 1 0 1 1 1 0 0 1 0 0 0 0.0
124 25 8505 0 0 0 1 0 0 0 1 1 1 1 0 0 0 1 0 0 0 0 0 0 1 0 0 1 0.0
125 25 10205 0 0 1 1 1 1 1 1 0 1 1 0 0 0 0 0 0 1 1 0 0 0 0 1 0 0.0
126 25 12121 1 0 0 1 0 1 0 1 0 0 0 0 1 0 0 0 1 0 1 1 0 0 1 1 1 0.0
127 25 9130 1 1 0 0 0 0 1 1 0 0 1 0 0 1 1 0 0 1 0 0 0 1 0 1 1 0.0
128 25 9811 1 0 0 1 0 0 0 1 0 1 0 0 1 1 1 1 0 0 1 0 0 0 0 1 0 0.0
129 25 11113 0 1 1 0 1 0 1 0 0 1 0 0 0 1 1 1 0 1 1 0 0 0 0 0 1 0.0
130 25 10457 0 1 1 0 1 0 1 0 1 0 0 0 0 1 0 0 0 0 0 0 0 1 1 1 1 0.0
131 25 7419 0 1 0 0 0 0 0 1 0 0 0 1 1 0 0 1 1 0 1 1 0 1 0 0 0 0.0
132 25 11343 0 0 0 0 0 0 1 1 1 1 1 1 0 1 0 1 1 0 0 1 0 0 0 1 0 0.0
133 25 8830 1 1 1 1 0 0 0 0 1 0 0 1 0 0 1 0 0 0 1 1 0 1 0 0 1 0.0
134 25 8553 1 0 1 1 0 0 0 1 0 1 0 1 1 0 0 0 0 0 0 1 0 1 1 1 0 0.0
135 25 8679 1 0 1 0 1 1 1 0 1 0 1 0 0 0 0 1 1 0 0 1 0 1 1 0 1 0.0
136 25 9141 0 0 0 0 1 0 0 1 0 1 1 0 1 1 1 0 0 0 0 1 1 0 1 0 1 0.0
137 25 9152 1 0 0 1 0 1 0 1 1 1 0 0 1 0 1 1 0 0 1 0 0 0 0 1 1 0.0
138 25 9371 0 0 0 0 0 1 1 0 0 0 0 0 1 1 0 0 1 1 0 1 0 0 1 1 1 0.0
139 25 10297 0 1 0 0 0 0 0 1 1 0 1 0 1 1 0 1 1 0 0 0 1 0 1 0 0 0.0
140 25 10454 1 1 0 1 0 1 1 0 0 0 0 0 1 0 1 1 1 0 0 0 0 0 1 0 0 0.0
141 25 10019 0 0 1 0 0 1 1 0 0 1 0 0 1 1 0 1 0 1 0 0 0 0 1 0 1 0.0
142 25 7061 0 1 0 0 0 0 1 0 0 0 0 0 1 1 1 0 0 1 1 0 1 1 1 1 0 0.0
143 25 9519 0 1 0 1 1 0 1 0 0 0 0 0 1 0 0 1 0 1 0 0 0 0 0 1 1 0.0
144 25 11172 0 1 0 0 1 0 0 1 0 0 1 1 0 1 0 1 0 0 0 0 0 1 1 1 1 0.0
145 25 8564 0 0 0 1 1 0 1 0 0 0 1 1 0 0 1 0 1 0 0 1 0 0 0 0 1 0.0
146 25 7782 0 0 1 1 1 0 0 0 0 0 1 0 0 0 1 1 0 0 1 1 1 0 0 0 0 0.0
147 25 11375 1 0 1 0 0 0 0 1 0 1 0 1 1 0 1 1 0 1 0 1 0 0 0 1 0 0.0
148 25 10146 1 0 1 1 0 1 0 1 0 0 0 0 0 0 1 0 1 0 0 1 1 0 0 1 1 0.0
149 25 10113 0 0 1 1 1 1 1 0 0 1 0 1 0 1 0 0 0 0 0 1 0 0 1 0 1 0.0
150 25 11857 0 1 1 0 0 1 0 1 0 1 0 0 1 1 1 1 0 0 0 1 0 0 1 0 0 0.0
151 25 14218 1 0 0 1 0 1 0 0 0 1 1 1 1 0 1 1 1 0 1 0 0 1 0 0 1 0.0
152 25 9091 0 1 0 1 0 1 1 1 1 0 0 1 0 1 0 1 0 0 0 0 0 1 0 0 1 0.0
153 25 9381 1 1 0 0 1 0 0 1 0 0 0 0 1 1 0 0 0 1 1 1 1 0 0 1 0 0.0
154 25 10483 1 0 0 0 1 1 0 0 0 0 1 0 0 1 1 0 1 0 1 1 0 0 1 1 0 0.0
155 25 10077 0 0 0 1 0 0 0 0 1 1 1 0 0 1 1 1 1 1 0 0 1 0 0 0 1 0.0
156 25 10169 1 0 0 1 1 1 0 0 0 0 1 0 1 1 0 1 1 0 0 0 0 0 1 0 0 0.0
157 25 13365 0 1 0 0 1 0 0 1 0 1 1 1 1 1 1 0 1 0 0 1 0 0 1 0 1 0.0
158 25 8375 0 0 0 1 0 0 1 0 0 1 1 0 0 0 0 0 1 1 1 1 1 0 0 1 0 0.0
159 25 10393 1 0 0 0 0 0 1 1 0 0 1 0 1 1 0 0 1 1 1 1 1 0 1 0 1 0.0
160 25 10866 1 0 1 0 0 0 0 1 0 1 1 0 0 0 0 0 0 1 0 1 1 0 1 0 1 0.0
161 25 12450 1 1 0 1 0 0 1 0 0 1 1 0 0 0 1 1 0 0 0 0 1 1 1 1 0 0.0
162 25 10048 0 0 1 0 0 1 0 0 1 0 0 1 1 1 0 1 0 1 0 0 0 1 1 0 1 0.0
163 25 11624 1 0 1 0 0 0 0 0 0 1 1 0 1 1 1 0 1 0 1 1 0 1 0 1 0 0.0
164 25 10901 1 1 1 0 0 1 1 0 1 0 1 0 1 0 0 0 1 0 1 0 0 0 1 1 0 0.0
165 25 7673 1 0 0 1 0 0 1 0 0 1 0 0 1 0 0 0 0 0 0 1 1 1 1 0 0 0.0
166 25 10814 1 1 0 1 1 0 0 0 0 0 0 0 1 0 1 0 1 0 0 0 0 1 1 1 1 0.0
167 25 9142 0 1 0 0 1 0 1 0 0 0 1 1 0 0 1 0 1 0 1 1 1 1 0 0 0 0.0
168 25 8333 0 0 0 0 1 1 0 1 1 1 0 0 0 1 0 0 1 0 0 0 0 0 1 1 1 0.0
169 25 9041 0 1 1 1 0 0 0 1 1 0 0 0 0 0 0 0 1 0 0 1 0 0 1 1 1 0.0
170 25 11873 1 1 1 0 1 0 0 0 1 0 1 1 0 0 1 0 1 0 0 1 1 0 1 0 0 0.0
171 25 10335 0 1 1 1 1 0 0 0 1 0 0 0 0 1 0 0 0 0 0 0 1 1 1 1 0 0.0
172 25 10705 1 0 0 0 0 0 1 0 0 0 1 1 1 0 1 0 0 0 0 0 1 1 0 1 1 0.0
173 25 10070 0 1 0 1 1 1 0 0 1 1 1 0 0 0 1 1 1 0 0 0 0 1 0 0 0 0.0
174 25 11201 1 1 1 1 0 0 0 0 0 0 0 0 0 0 1 1 0 1 1 0 0 0 1 1 1 0.0
175 25 8511 0 0 1 0 1 0 0 1 0 1 0 1 1 0 1 1 1 0 1 0 0 0 0 0 0 0.0
176 25 9665 1 1 1 0 0 0 0 0 1 1 0 0 0 1 0 1 1 1 1 0 1 0 1 1 0 0.0
177 25 8277 0 1 1 1 0 0 0 1 0 1 1 0 0 0 1 1 0 0 1 1 0 0 0 0 0 0.0
178 25 11256 0 1 0 0 0 0 0 0 0 1 0 0 0 1 1 1 0 1 1 0 1 1 0 1 1 0.0
179 25 11265 0 1 1 0 1 1 1 0 1 1 1 1 1 0 0 0 0 1 0 0 1 0 0 0 0 0.0
180 25 9173 0 0 1 0 1 0 1 0 1 1 1 1 0 1 0 0 1 0 0 0 0 1 1 0 1 0.0
181 25 8591 0 0 1 1 0 1 0 1 0 1 0 0 0 0 0 0 0 1 0 1 0 1 1 1 0 0.0
182 25 10185 1 1 1 0 0 0 0 1 0 0 1 1 1 1 0 0 0 0 0 1 1 1 0 0 0 0.0
183 25 9806 1 0 0 0 0 1 0 0 0 1 0 1 1 1 1 0 0 0 1 0 0 0 1 0 1 0.0
184 25 7800 0 0 0 1 1 1 0 1 1 0 0 0 0 0 1 1 0 0 1 1 1 0 1 0 0 0.0
185 25 10611 1 0 0 0 0 1 1 0 0 0 1 1 0 1 1 0 1 1 0 1 1 0 0 1 0 0.0
186 25 10493 0 1 0 0 1 0 1 1 1 0 1 0 0 0 1 0 1 1 1 0 1 1 1 0 0 0.0
187 25 11636 1 1 0 0 0 0 1 0 0 0 1 1 1 0 0 1 1 0 0 0 1 1 1 0 0 0.0
188 25 12058 1 0 0 1 1 1 0 1 1 1 0 0 1 0 0 0 0 0 1 0 1 0 0 0 0 0.0
189 25 11033 0 1 0 0 0 0 0 0 0 1 1 1 0 1 0 1 0 1 1 1 0 1 1 0 1 0.0
190 25 10704 0 1 1 1 1 0 0 0 1 0 1 0 1 1 1 0 1 0 0 0 0 0 0 0 1 0.0
191 25 10142 0 1 1 1 0 1 0 1 0 1 0 0 1 1 0 0 0 0 1 0 1 0 0 0 0 0.0
192 25 7915 0 0 1 0 0 1 1 1 0 0 0 1 0 0 1 0 1 1 1 1 1 1 0 0 1 0.0
193 25 10889 0 1 1 0 0 0 0 1 0 0 0 1 0 0 1 1 0 0 1 0 0 1 1 1 1 0.0
194 25 9193 1 0 0 1 1 0 0 0 0 0 1 0 0 1 0 0 1 1 1 0 0 0 1 0 1 0.0
195 25 12425 1 1 0 1 0 1 0 1 1 0 1 0 1 0 0 0 0 0 0 1 0 0 1 1 0 0.0
196 25 10986 1 0 1 0 1 0 1 1 0 0 1 1 1 0 1 0 0 1 1 1 0 0 1 1 0 0.0
197 25 9270 1 1 1 1 0 0 1 1 1 0 0 1 1 0 0 0 0 0 1 0 0 0 0 0 0 0.0
198 25 9597 1 0 0 0 1 0 0 1 0 0 0 0 0 0 0 1 1 1 1 1 0 1 0 1 1 0.0
199 25 8047 0 0 0 0 1 1 0 0 0 1 0 1 0 1 0 0 0 0 1 1 1 0 1 1 0 0.0
200 25 7589 1 1 0 1 1 0 0 0 1 0 0 1 0 1 0 0 0 0 1 0 0 0 0 1 1 0.0
201 25 8099 1 1 1 1 1 0 0 1 0 0 0 1 0 0 0 0 0 1 1 0 1 0 0 1 0 0.0
202 25 9462 0 1 0 0 0 1 1 0 0 0 0 1 0 1 0 1 1 0 1 1 0 0 0 0 0 0.0
203 25 9079 1 0 0 0 0 0 1 0 1 0 0 1 0 1 1 1 1 1 1 0 0 0 1 0 0 0.0
204 25 8244 0 0 1 1 1 0 0 1 1 0 0 0 0 0 1 0 0 1 1 1 0 0 1 0 0 0.0
205 25 10416 0 1 1 0 1 0 0 0 0 0 0 0 0 1 1 0 1 0 1 1 1 0 0 1 0 0.0
206 25 9452 0 1 0 1 0 0 0 0 1 1 1 0 1 0 0 1 0 0 0 0 1 1 0 0 1 0.0
207 25 10148 1 0 0 0 0 1 1 1 0 1 0 0 1 1 0 0 0 1 0 0 0 0 0 0 1 0.0
208 25 10501 0 1 1 0 0 0 0 0 0 1 1 0 0 1 1 0 1 1 0 1 0 0 0 0 0 0.0
209 25 10248 0 1 1 0 1 1 1 1 0 0 0 0 1 0 1 1 0 0 0 1 0 0 1 0 0 0.0
210 25 8932 1 0 0 1 0 1 1 0 0 0 0 1 0 0 1 1 1 1 0 0 0 0 0 1 1 0.0
211 25 11291 1 0 0 1 0 1 0 0 0 0 0 1 1 0 0 0 0 1 0 0 1 1 1 0 1 0.0
212 25 9382 0 1 0 1 0 0 1 0 0 1 0 0 1 1 1 0 1 0 1 0 0 1 0 0 0 0.0
213 25 10940 0 0 0 1 0 0 0 0 0 1 0 1 0 1 0 0 1 1 0 1 1 0 1 1 0 0.0
214 25 8280 0 0 0 1 0 0 0 0 0 1 0 0 1 0 0 0 0 0 0 1 0 1 1 1 1 0.0
215 25 11022 0 1 0 0 0 1 0 1 1 0 1 0 0 0 1 1 1 0 0 1 1 0 1 0 0 0.0
216 25 10092 1 1 0 1 0 0 0 1 1 0 1 1 1 1 0 1 1 0 1 0 0 0 0 0 0 0.0
217 25 11780 1 1 1 1 1 1 0 0 0 0 0 0 0 0 1 1 0 0 1 1 0 1 0 1 0 0.0
218 25 12564 0 1 1 0 0 1 1 1 0 0 0 1 0 1 0 0 1 1 0 1 0 1 0 0 1 0.0
219 25 8459 0 0 1 0 0 0 1 0 1 0 0 0 1 1 1 1 1 1 1 0 0 0 0 1 1 0.0
220 25 9546 0 0 1 0 0 0 0 1 1 0 1 0 1 1 0 0 0 0 1 1 1 1 0 0 0 0.0
221 25 10258 0 0 0 1 0 1 0 1 1 1 0 1 0 0 1 0 1 1 0 1 1 0 1 1 0 0.0
222 25 11405 0 1 0 0 1 0 1 0 1 1 1 0 1 0 0 0 0 1 1 1 1 1 0 0 0 0.0
223 25 10030 1 1 0 0 0 1 0 0 0 0 0 0 0 0 1 1 1 0 0 1 1 1 1 0 0 0.0
224 25 9163 0 0 0 1 1 0 0 1 1 1 0 0 1 0 0 1 0 0 1 1 0 1 0 0 0 0.0
225 25 9045 1 0 0 0 0 1 1 0 0 1 0 0 1 0 0 1 0 1 1 0 1 0 1 0 1 0.0
226 25 9501 1 1 1 0 0 0 0 1 1 0 0 0 0 1 1 1 0 1 0 0 1 1 0 0 0 0.0
227 25 10528 1 0 0 1 0 0 1 1 1 0 0 1 1 0 0 0 0 0 1 0 1 1 0 0 1 0.0
228 25 11999 1 0 1 1 0 0 1 0 0 1 1 0 0 0 1 1 1 0 0 0 1 0 1 0 1 0.0
229 25 8844 0 0 0 0 1 1 1 0 0 1 1 1 0 1 0 1 0 1 0 1 0 0 0 1 0 0.0
230 25 10775 0 1 1 1 1 0 0 0 0 0 1 0 0 1 1 1 0 0 0 0 1 1 0 0 0 0.0
231 25 10579 1 0 0 0 0 1 1 0 0 0 0 0 1 0 0 1 0 0 0 1 0 0 1 1 1 0.0
232 25 7539 0 0 0 0 0 1 0 0 1 1 1 1 1 0 1 0 1 1 0 0 1 1 0 0 0 0.0
233 25 6952 1 1 0 0 1 0 0 0 0 0 1 0 0 1 1 0 1 0 0 1 0 0 1 0 0 0.0
234 25 11590 1 0 1 1 1 0 0 0 1 0 0 0 0 0 1 0 0 0 1 0 0 1 1 0 1 0.0
235 25 10899 0 1 1 0 0 1 1 0 1 0 1 0 0 0 1 1 1 0 0 1 0 1 1 0 1 0.0
236 25 10939 0 0 0 0 1 0 1 1 1 1 1 0 0 0 1 1 1 1 1 1 0 0 0 0 0 0.0
237 25 9494 0 0 1 0 0 0 0 1 1 0 0 1 1 0 1 0 0 1 1 1 1 0 0 1 0 0.0
238 25 10229 1 0 0 1 1 0 0 0 1 1 0 0 0 1 0 1 1 0 0 1 1 1 0 0 0 0.0
239 25 8020 1 1 1 0 1 0 0 0 0 1 1 1 0 0 0 0 0 0 1 0 0 1 1 0 0 0.0
240 25 9967 0 1 1 1 1 0 1 1 0 0 0 0 1 0 1 0 1 0 1 0 1 0 0 0 0 0.0
241 25 9691 0 0 1 0 0 0 1 1 0 0 0 1 1 0 0 1 0 1 1 1 0 0 1 0 1 0.0
242 25 9735 0 0 1 0 1 0 1 1 1 1 0 1 0 0 1 1 0 0 0 0 0 1 0 0 0 0.0
243 25 9759 0 0 0 0 1 1 0 1 1 0 1 1 0 1 1 1 0 1 0 0 0 0 0 0 0 0.0
244 25 11362 1 1 1 1 0 1 1 0 0 0 1 1 1 0 0 1 0 1 0 0 0 0 0 0 1 0.0
245 25 11649 0 0 1 0 0 0 1 0 1 1 0 0 1 0 1 1 0 0 1 1 1 1 0 0 0 0.0
246 25 8245 1 0 1 0 1 0 1 1 0 1 0 0 0 1 0 0 0 0 0 1 1 1 0 1 0 0.0
247 25 8281 0 0 0 1 0 0 0 1 0 1 0 1 0 0 1 1 1 0 1 0 0 0 0 1 1 0.0
248 25 8599 1 0 0 1 1 0 0 0 0 1 1 0 0 0 0 0 1 0 1 0 0 0 1 0 0 0.0
249 25 10257 0 1 0 0 1 1 0 0 1 1 1 1 0 0 1 1 0 1 1 0 0 0 0 1 0 0.0
250 25 8795 0 0 0 0 0 0 0 1 1 1 1 1 0 1 0 1 1 1 1 0 0 0 0 1 0 0.0
251 25 11681 1 0 1 0 1 1 1 1 0 0 0 1 0 1 1 0 1 0 1 1 1 1 0 0 0 0.0
252 25 11467 1 0 1 1 0 0 1 0 0 0 0 0 0 1 1 0 1 1 1 1 1 0 1 0 0 0.0
253 25 12519 0 1 0 1 1 0 0 0 0 1 0 1 0 0 1 1 1 1 1 1 0 1 0 1 0 0.0
254 25 7907 0 0 0 1 1 0 1 0 0 1 1 1 1 0 0 0 1 0 0 0 0 1 1 0 0 0.0
255 25 9364 1 0 0 1 1 0 0 0 0 1 1 0 1 1 1 1 0 0 0 0 0 1 0 0 1 0.0
256 25 9702 0 0 1 0 1 0 0 0 1 1 1 0 1 1 1 1 1 1 0 0 0 0 0 0 0 0.0
257 25 12861 1 1 1 1 1 1 1 0 1 0 0 0 0 0 1 0 0 0 1 0 0 0 1 1 1 0.0
258 25 7400 1 1 0 1 1 0 1 0 1 0 1 1 1 0 0 0 0 0 0 1 0 0 0 0 1 0.0
259 25 8617 1 0 1 0 0 1 1 0 1 1 1 0 0 0 0 1 0 0 0 0 0 1 0 0 1 0.0
260 25 9704 0 1 0 1 0 1 0 1 0 0 0 1 0 1 1 1 0 0 1 0 1 0 1 0 0 0.0
261 25 8995 1 1 1 0 1 0 1 0 0 0 1 0 0 0 1 1 1 1 0 1 0 0 0 0 0 0.0
262 25 7710 0 0 0 1 0 0 1 0 0 0 1 0 1 0 0 1 0 1 0 0 1 1 1 0 0 0.0
263 25 9226 1 1 0 0 1 0 1 0 0 0 1 0 1 0 0 1 1 0 0 1 1 0 0 0 1 0.0
264 25 8724 0 0 1 1 0 0 0 0 0 0 1 0 1 1 1 0 0 1 0 0 1 1 0 1 0 0.0
265 25 11803 1 1 1 0 1 1 1 0 0 0 1 1 0 0 0 0 1 1 0 1 0 1 0 0 1 0.0
266 25 10830 1 1 0 0 0 0 1 1 0 1 1 0 1 1 1 0 1 0 0 1 0 0 0 1 0 0.0
267 25 11683 0 1 1 1 0 1 1 0 0 0 0 1 0 0 0 1 0 0 1 1 1 1 0 0 1 0.0
268 25 8939 0 1 0 0 0 1 0 0 0 0 0 1 0 1 0 1 0 1 0 0 0 1 0 0 1 0.0
269 25 9259 0 0 0 1 0 1 1 0 0 1 1 1 1 1 0 0 0 1 1 0 1 0 0 0 0 0.0
270 25 12552 0 0 1 1 1 1 0 0 0 0 0 0 1 1 1 0 0 0 0 1 1 0 1 0 1 0.0
271 25 11217 0 1 0 1 0 1 0 1 0 1 0 1 0 1 0 1 0 1 1 0 1 0 0 1 1 0.0
272 25 12933 1 0 0 1 0 1 0 0 0 1 1 1 0 1 0 1 0 1 0 1 1 1 0 0 1 0.0
273 25 9141 0 0 1 1 0 0 1 0 1 1 0 0 1 0 1 0 1 1 0 1 0 1 0 0 1 0.0
274 25 10437 1 0 0 0 0 0 1 0 1 1 0 0 1 1 0 0 1 1 1 1 0 0 0 0 1 0.0
275 25 10475 0 0 0 0 0 1 1 1 0 0 1 1 1 0 0 1 0 1 0 1 0 1 0 0 1 0.0
276 25 10642 1 1 1 1 0 0 1 1 1 0 0 1 0 0 0 1 0 0 0 0 1 0 1 0 0 0.0
277 25 11076 1 1 0 0 0 0 1 0 1 0 0 0 1 1 1 1 1 0 0 0 0 0 0 1 0 0.0
278 25 9844 1 0 1 0 0 1 0 1 1 0 1 0 0 1 1 0 0 0 0 0 0 1 0 0 0 0.0
279 25 9668 1 0 0 0 0 0 0 1 0 1 1 0 1 0 0 0 0 0 1 1 1 1 1 1 1 0.0
280 25 10258 0 1 0 1 0 0 0 0 1 0 1 0 1 0 1 1 0 0 1 0 0 1 1 0 1 0.0
281 25 7751 0 1 0 0 1 1 0 1 0 0 1 1 0 0 0 0 0 1 0 0 0 0 0 1 0 0.0
282 25 10207 0 0 1 0 1 0 0 0 0 1 0 0 0 0 1 1 1 1 0 0 1 0 1 1 0 0.0
283 25 9985 0 1 1 1 0 0 0 1 0 1 1 1 0 0 0 0 1 1 0 1 0 0 1 0 1 0.0
284 25 9035 0 0 0 1 1 0 0 0 1 0 0 1 1 1 1 0 0 0 1 0 0 0 1 0 0 0.0
285 25 7943 0 0 1 1 1 0 1 0 0 1 0 1 0 0 0 1 0 1 0 1 0 0 0 0 0 0.0
286 25 11450 0 0 0 0 0 0 1 1 1 1 0 1 0 1 0 1 0 1 1 0 1 0 1 0 1 0.0
287 25 9292 0 0 0 1 1 0 1 0 0 0 1 0 1 0 0 0 0 1 1 0 0 0 1 0 1 0.0
288 25 11084 1 1 1 0 0 0 1 0 0 0 0 0 0 1 1 0 0 1 0 1 1 1 1 1 1 0.0
289 25 9525 0 1 1 0 1 0 0 0 0 0 1 0 1 0 0 0 1 0 0 1 1 1 1 1 1 0.0
290 25 10888 0 0 1 1 0 1 1 1 0 1 0 0 0 0 1 1 0 0 0 0 0 0 1 0 1 0.0
291 25 9418 0 0 1 0 0 0 1 1 1 0 0 1 0 0 0 1 0 0 0 1 1 1 0 1 1 0.0
292 25 10988 0 0 1 0 0 1 0 1 1 1 0 1 0 1 0 0 0 0 1 1 1 0 0 1 0 0.0
293 25 8786 1 0 0 0 0 0 1 0 1 0 0 1 0 0 0 0 1 1 0 0 1 0 0 1 1 0.0
294 25 8557 1 1 1 0 1 0 1 0 1 1 1 0 0 0 0 0 0 0 0 0 0 0 0 0 0 0.0
295 25 7455 1 0 0 1 0 0 1 1 0 1 0 0 0 0 0 0 0 0 0 0 0 1 0 0 1 0.0
296 25 7413 0 0 0 0 1 1 0 1 0 0 1 0 0 0 0 1 1 0 0 0 1 1 1 0 0 0.0
297 25 10907 0 0 1 1 0 0 1 0 1 1 0 1 0 1 1 0 1 0 0 0 1 0 0 0 1 0.0
298 25 9893 0 0 1 1 0 0 0 1 0 0 1 0 0 0 0 0 1 1 1 0 0 1 1 0 1 0.0
299 25 14620 0 1 1 1 1 1 0 0 1 0 0 0 0 0 1 1 0 1 0 1 1 0 0 1 0 0.0
300 25 11415 0 0 1 1 1 0 1 0 1 0 1 0 1 1 0 1 1 0 0 0 1 1 0 0 0 0.0
301 25 8314 0 0 0 1 1 0 0 0 0 1 1 1 1 0 1 0 0 0 1 0 0 1 0 1 0 0.0
302 25 8896 0 1 1 1 1 1 0 1 0 1 0 0 1 1 0 0 1 0 0 0 0 1 0 0 0 0.0
303 25 9913 0 0 1 1 1 1 0 0 0 1 0 0 0 0 0 0 0 0 1 1 0 1 0 1 0 0.0
304 25 7600 0 0 0 0 0 0 1 0 1 1 0 1 0 1 0 1 0 1 0 1 1 0 0 0 0 0.0
305 25 7571 0 0 1 0 0 0 0 1 0 1 0 0 0 0 1 0 0 0 1 1 1 0 1 0 1 0.0
306 25 8447 0 1 0 1 0 0 1 1 0 0 0 1 1 1 1 0 0 0 0 0 1 0 0 1 0 0.0
307 25 12465 1 1 1 0 0 1 0 1 0 0 1 0 0 1 0 1 0 1 0 1 1 0 0 0 0 0.0
308 25 10108 1 0 0 0 1 0 0 1 0 0 1 1 0 0 0 0 1 1 0 1 1 0 1 1 1 0.0
309 25 8624 0 1 0 0 1 0 0 1 0 0 0 1 1 0 1 1 0 0 1 1 0 0 1 0 1 0.0
310 25 11016 0 1 0 1 0 0 1 0 1 1 0 0 1 1 0 0 1 0 0 0 0 0 0 1 1 0.0
311 25 8252 0 0 0 1 1 1 0 1 1 0 0 1 1 0 0 0 0 0 0 1 0 0 0 0 0 0.0
312 25 8167 1 1 0 0 1 1 0 0 0 0 1 0 1 0 0 1 0 0 1 0 0 0 0 0 1 0.0
313 25 7026 0 0 0 0 0 1 0 0 1 0 0 1 0 0 1 0 1 0 0 1 1 1 0 1 1 0.0
314 25 10614 0 0 1 1 1 0 0 1 0 0 1 1 0 0 0 1 0 0 1 0 0 0 0 0 1 0.0
315 25 8222 0 0 1 1 0 1 0 0 0 0 1 1 0 0 0 0 0 0 1 1 1 1 0 0 0 0.0
316 25 11118 1 1 1 0 0 1 1 0 0 0 0 1 0 0 0 0 1 0 0 1 1 0 1 1 0 0.0
317 25 9728 1 0 0 0 1 1 0 1 0 1 0 0 1 1 0 0 0 0 0 1 1 1 0 0 1 0.0
318 25 8591 0 0 0 1 1 0 1 0 0 0 0 0 0 1 1 0 0 1 1 0 0 0 1 0 1 0.0
319 25 10904 0 0 1 0 1 1 1 1 0 0 1 0 0 1 1 1 1 0 0 1 0 0 0 0 0 0.0
320 25 11676 0 1 1 1 1 1 0 1 0 0 0 1 0 1 0 0 0 1 1 1 0 1 0 0 0 0.0
321 25 10120 0 1 0 1 1 0 0 0 1 0 1 0 0 0 1 1 0 0 1 0 0 0 0 0 1 0.0
322 25 10226 1 1 0 1 0 0 1 1 0 0 0 1 1 1 1 0 0 0 0 0 0 0 0 1 1 0.0
323 25 8972 1 0 0 0 1 1 1 0 0 1 0 0 1 1 0 1 0 0 0 0 0 0 0 1 0 0.0
324 25 7340 1 1 0 0 0 0 1 0 1 0 0 1 0 0 0 0 0 0 0 0 1 1 1 1 1 0.0
325 25 11290 1 0 1 0 0 0 0 1 1 0 1 0 1 0 0 1 1 0 1 0 0 0 1 0 0 0.0
326 25 10305 0 0 1 0 1 0 0 1 1 1 1 0 0 1 0 1 0 0 0 0 0 1 0 0 1 0.0
327 25 7492 1 0 0 0 0 0 0 1 0 0 0 1 1 0 1 0 0 1 0 0 1 0 1 1 1 0.0
328 25 9292 0 0 0 0 0 1 1 0 1 0 1 0 1 0 0 0 1 0 1 0 1 1 1 0 0 0.0
329 25 8512 0 0 1 0 0 0 0 0 0 0 0 1 0 0 1 1 0 0 1 0 1 1 1 1 0 0.0
330 25 13310 0 0 1 0 1 0 0 0 0 1 0 0 1 1 1 0 1 1 0 1 0 1 1 0 1 0.0
331 25 8604 0 0 1 0 1 0 1 0 0 1 0 0 0 1 1 1 0 1 1 1 0 0 0 0 0 0.0
332 25 9453 0 1 0 0 0 1 0 1 1 0 0 1 1 0 0 0 0 1 1 0 0 1 1 0 1 0.0
333 25 11812 0 0 1 0 1 1 0 0 1 0 0 1 1 1 0 1 0 1 0 0 0 0 1 1 0 0.0
334 25 10880 0 1 1 1 0 0 1 0 0 1 1 0 1 1 0 1 0 0 1 0 1 0 0 0 0 0.0
335 25 9689 1 1 0 0 0 1 1 0 1 0 0 0 1 1 0 0 0 1 0 0 1 1 1 1 0 0.0
336 25 12088 0 1 1 0 0 0 1 1 0 0 0 0 1 1 0 0 1 0 1 0 1 1 0 1 0 0.0
337 25 11924 0 1 1 1 1 1 1 1 0 0 0 0 0 1 1 0 0 0 1 0 0 1 0 1 1 0.0
338 25 9688 0 0 0 1 1 1 1 1 1 0 0 0 1 1 0 0 1 0 0 0 1 1 0 0 1 0.0
339 25 9577 0 1 1 0 0 1 0 0 1 1 1 0 0 0 1 1 0 0 1 1 0 1 0 0 0 0.0
340 25 9166 1 1 0 1 1 0 0 1 0 0 1 1 0 1 0 0 0 1 0 1 1 0 0 0 0 0.0
341 25 10344 1 0 0 0 1 0 1 0 0 1 0 1 1 1 0 0 1 0 1 1 1 0 0 0 0 0.0
342 25 12008 0 0 0 1 1 1 1 0 0 1 0 1 1 1 0 1 1 0 1 1 0 1 1 0 0 0.0
343 25 10537 1 0 1 0 0 0 0 1 0 0 1 1 0 1 1 0 1 1 1 0 1 1 0 0 0 0.0
344 25 8875 0 0 1 1 0 0 1 1 0 1 0 0 0 0 1 0 0 0 0 0 1 1 1 1 0 0.0
345 25 10930 0 1 0 0 0 1 1 0 1 0 0 0 1 1 1 1 1 0 0 1 0 0 1 0 0 0.0
346 25 11813 1 0 0 1 0 1 1 1 1 0 1 0 1 0 1 0 0 0 0 1 0 0 1 1 0 0.0
347 25 10572 0 1 1 1 0 0 1 0 1 0 1 1 0 0 0 1 1 0 0 0 0 1 0 1 0 0.0
348 25 10287 1 0 0 1 0 1 1 0 1 0 1 0 0 1 0 1 1 0 1 0 0 0 0 0 1 0.0
349 25 9954 0 0 1 0 0 1 1 1 0 0 1 1 0 0 0 1 0 0 1 1 0 1 0 0 0 0.0
350 25 11641 0 0 0 0 0 1 1 0 0 0 0 0 1 1 0 1 0 1 1 0 1 1 0 1 1 0.0
351 25 10820 1 0 1 0 1 0 0 0 1 0 0 1 1 1 0 0 0 1 0 0 1 1 0 1 0 0.0
352 25 9745 1 1 1 0 1 0 1 1 0 0 0 1 1 0 0 0 0 0 1 0 0 1 1 0 0 0.0
353 25 11433 1 0 0 0 1 0 0 1 0 0 1 1 0 1 1 0 1 1 0 1 1 0 0 1 0 0.0
354 25 10752 1 1 1 1 0 0 1 0 0 1 0 0 1 1 1 1 1 0 1 0 0 0 0 0 0 0.0
355 25 12787 1 0 0 1 1 0 0 1 0 0 0 0 0 1 1 1 0 0 0 0 1 1 1 1 1 0.0
356 25 8160 0 0 0 0 0 0 1 0 1 0 0 1 0 0 1 0 0 1 1 1 0 0 0 0 1 0.0
357 25 8828 0 0 0 0 1 0 1 0 0 0 1 1 0 1 0 0 1 0 1 1 0 0 1 1 1 0.0
358 25 8621 0 1 1 0 0 1 0 0 1 1 1 1 1 0 0 0 0 0 0 1 0 1 0 0 0 0.0
359 25 10219 1 0 0 0 1 1 0 1 0 1 1 1 1 1 1 0 0 0 1 0 0 0 0 0 0 0.0
360 25 8752 1 1 1 1 0 0 0 0 1 1 1 1 0 0 1 0 0 0 0 0 0 1 1 0 1 0.0
361 25 11092 1 0 1 1 1 0 0 1 1 0 1 1 0 0 0 0 0 1 1 0 0 0 0 0 0 0.0
362 25 8140 0 0 0 0 1 1 0 1 1 1 0 0 0 1 1 0 1 0 1 0 0 0 1 1 0 0.0
363 25 9669 0 1 1 1 1 0 1 1 0 0 0 0 1 0 0 0 0 1 1 0 0 1 0 0 1 0.0
364 25 11818 0 1 1 0 1 0 0 0 0 0 1 1 0 0 1 1 0 1 0 0 1 0 1 1 1 0.0
365 25 10258 0 1 0 1 0 0 0 1 1 0 0 1 0 0 0 0 0 1 0 1 0 1 1 1 1 0.0
366 25 8772 0 0 0 1 0 1 0 1 1 0 0 0 0 1 1 0 0 0 0 0 0 0 1 1 1 0.0
367 25 9283 0 0 0 0 0 0 1 1 0 1 0 1 1 0 1 0 1 0 0 1 0 1 0 1 1 0.0
368 25 9534 1 0 1 1 0 1 1 1 0 0 0 1 1 0 0 0 0 1 0 1 0 1 0 0 0 0.0
369 25 10268 0 0 0 0 0 0 0 1 1 0 1 0 0 0 1 0 1 0 0 1 1 1 1 1 1 0.0
370 25 10326 0 1 0 0 0 0 1 1 0 1 0 0 0 1 0 0 1 0 1 1 1 0 0 1 1 0.0
371 25 8668 1 1 1 0 1 0 0 0 0 1 0 1 0 0 0 1 1 0 0 1 1 0 0 0 0 0.0
372 25 9549 1 1 1 1 1 0 1 1 0 0 1 0 0 0 0 0 1 1 0 1 0 0 0 0 0 0.0
373 25 12175 1 0 0 1 1 1 1 0 1 0 0 0 0 0 0 1 0 1 0 0 1 0 1 0 0 0.0
374 25 9041 1 0 0 0 0 1 0 0 0 0 0 0 0 1 1 0 1 0 1 1 1 0 1 1 1 0.0
375 25 9565 0 0 1 0 0 0 0 0 0 0 1 1 0 1 1 1 0 1 1 1 0 0 0 0 0 0.0
376 25 8460 1 0 0 1 1 0 1 0 1 1 0 1 1 0 0 0 1 1 0 0 0 0 0 0 0 0.0
377 25 9333 0 1 0 1 0 0 0 1 1 1 0 0 0 1 0 0 1 0 0 1 1 1 0 0 0 0.0
378 25 8994 0 1 0 0 0 1 1 1 0 1 1 0 1 1 0 0 1 0 1 0 1 1 0 1 0 0.0
379 25 8329 1 1 0 0 1 0 1 1 0 1 1 1 1 0 1 0 0 0 1 0 0 1 0 0 0 0.0
380 25 9615 1 0 1 1 0 0 0 1 0 0 1 1 1 0 0 0 0 0 0 0 1 1 0 0 0 0.0
381 25 10844 1 1 1 0 0 0 0 0 1 0 1 0 0 1 1 0 0 1 0 0 0 1 1 1 0 0.0
382 25 12367 1 1 0 1 1 0 0 0 1 0 0 0 1 0 1 1 0 0 1 1 1 1 0 1 0 0.0
383 25 11096 1 0 0 0 0 0 0 1 1 0 1 0 1 0 1 0 1 1 0 1 0 1 0 1 0 0.0
384 25 9851 0 0 1 1 0 1 0 1 1 1 0 1 0 0 0 1 0 0 1 0 0 0 1 1 1 0.0
385 25 9012 0 1 1 0 0 0 0 0 1 1 0 1 0 1 1 0 1 0 0 0 0 1 0 1 0 0.0
386 25 9129 1 0 0 1 1 1 0 1 0 1 1 0 0 0 0 1 1 0 1 0 0 0 0 0 1 0.0
387 25 9579 0 1 0 0 1 1 0 0 1 1 1 1 0 0 0 1 0 0 0 0 1 0 1 0 1 0.0
388 25 8436 0 1 0 1 1 0 1 0 1 1 0 0 1 0 0 0 0 0 1 0 0 1 0 0 0 0.0
389 25 11999 1 1 1 1 0 0 1 1 1 0 1 1 1 0 0 0 0 1 1 0 0 0 0 0 0 0.0
390 25 10464 1 0 0 0 1 0 1 0 0 0 1 1 0 0 1 0 1 0 0 0 0 1 0 1 1 0.0
391 25 10311 0 0 0 0 0 1 0 0 0 1 0 1 0 1 0 0 1 0 0 0 1 0 1 1 1 0.0
392 25 8740 1 0 1 0 0 0 0 1 0 0 0 0 0 1 0 1 0 1 1 1 0 0 1 0 0 0.0
393 25 10390 0 1 1 0 0 0 1 0 1 1 0 0 1 0 0 0 0 0 0 1 0 1 1 1 1 0.0
394 25 10378 1 1 0 1 0 0 0 1 0 0 0 0 1 0 0 1 0 1 1 0 1 0 1 1 0 0.0
395 25 8631 0 0 1 0 1 0 0 0 1 0 1 1 1 1 0 1 0 0 1 1 0 0 0 0 1 0.0
396 25 9797 0 1 1 0 0 0 1 0 1 0 1 0 0 1 1 0 1 0 0 1 0 0 0 1 0 0.0
397 25 9815 1 1 0 1 1 1 1 0 0 0 1 1 1 0 1 0 0 0 0 0 0 1 1 1 0 0.0
398 25 10245 0 0 1 1 0 0 1 0 0 1 0 0 1 1 0 1 1 1 0 0 1 1 0 1 0 0.0
399 25 10432 0 0 0 0 1 0 1 1 0 1 0 0 0 0 1 1 0 1 1 0 1 1 0 0 1 0.0
400 25 9432 0 0 1 0 0 0 0 0 1 1 1 0 1 0 1 0 0 0 1 1 0 1 1 1 0 0.0
401 25 10880 1 0 1 1 1 0 0 0 1 0 1 1 1 1 0 0 0 1 0 0 0 0 1 0 0 0.0
402 25 10568 1 0 0 1 1 0 0 1 0 1 1 0 1 1 1 0 0 1 0 1 0 0 1 0 1 0.0
403 25 11712 0 0 0 0 0 0 1 1 1 0 0 1 0 1 1 1 0 0 0 1 1 0 1 0 0 0.0
404 25 10535 1 0 0 0 1 1 1 0 1 0 1 0 0 0 1 0 1 1 0 0 0 0 0 0 1 0.0
405 25 9092 1 0 0 0 0 0 0 1 0 0 0 0 1 0 0 1 1 1 1 0 1 0 1 0 1 0.0
406 25 9755 0 1 0 1 1 0 1 1 0 0 1 0 0 0 0 1 0 1 0 0 1 1 0 0 0 0.0
407 25 10966 1 1 0 1 0 0 1 0 0 1 1 0 1 1 0 0 0 0 0 0 1 0 1 0 1 0.0
408 25 9065 0 0 0 0 0 0 0 1 1 1 1 0 1 1 0 0 0 0 0 1 1 1 1 1 1 0.0
409 25 11066 0 0 1 0 1 1 0 0 0 1 0 1 0 0 1 0 0 1 1 1 1 1 1 0 0 0.0
410 25 7444 1 1 0 0 1 1 0 1 0 0 0 1 1 0 1 0 1 0 0 0 0 0 1 1 1 0.0
411 25 10070 1 0 0 1 1 0 1 0 0 0 0 1 0 0 1 1 0 0 0 0 0 1 0 1 1 0.0
412 25 8696 0 0 1 1 1 0 0 0 0 1 0 0 0 0 1 0 0 1 1 1 1 0 0 0 0 0.0
413 25 10696 1 1 0 1 0 0 1 0 0 0 1 0 1 1 1 0 1 0 0 0 1 0 0 1 0 0.0
414 25 11050 0 1 1 1 0 0 0 0 0 0 0 0 0 1 0 1 0 1 1 1 1 1 1 0 0 0.0
415 25 8081 0 0 1 1 1 0 0 1 0 0 0 0 0 0 1 0 1 0 1 0 1 0 0 0 1 0.0
416 25 12409 1 0 0 0 0 0 1 0 1 0 1 1 1 0 1 0 1 0 1 1 1 1 0 1 0 0.0
417 25 8801 1 0 1 0 0 0 0 1 0 0 0 1 0 1 0 1 1 1 1 0 1 0 1 0 0 0.0
418 25 11280 1 1 0 0 1 1 0 0 1 0 1 0 1 0 0 0 0 0 1 0 1 1 0 1 1 0.0
419 25 10215 0 1 0 0 1 1 0 1 0 1 0 1 0 0 0 1 0 1 1 0 0 0 1 0 0 0.0
420 25 9883 1 1 0 0 0 0 1 0 0 0 0 0 0 1 0 0 1 0 0 0 0 1 1 1 1 0.0
421 25 11261 0 0 0 0 0 0 0 1 1 1 0 1 1 1 0 0 1 1 0 1 0 1 0 1 1 0.0
422 25 10141 0 0 0 1 0 0 1 1 0 0 0 1 0 0 0 0 1 1 0 0 1 0 1 1 0 0.0
423 25 8063 1 1 1 1 0 0 1 1 0 1 1 1 0 0 0 1 1 0 0 0 0 0 0 1 0 0.0
424 25 8804 1 1 1 0 1 0 1 1 1 0 0 0 1 1 0 0 0 1 1 0 1 0 0 0 1 0.0
425 25 9984 1 0 0 1 0 1 1 0 0 0 0 1 1 0 0 1 0 0 1 1 1 0 0 0 0 0.0
426 25 8709 0 1 0 1 0 0 0 1 0 0 0 0 1 1 1 1 0 0 1 1 1 0 0 0 0 0.0
427 25 7411 0 1 0 1 0 1 0 0 1 1 0 1 0 1 0 1 0 1 0 0 0 0 1 0 0 0.0
428 25 10504 0 0 1 1 0 1 0 1 1 1 1 0 0 1 0 0 0 0 0 1 0 0 1 0 0 0.0
429 25 12036 1 0 1 1 1 1 0 0 0 1 0 0 1 0 0 0 0 0 1 1 0 1 0 0 0 0.0
430 25 10191 1 1 1 1 0 0 0 0 0 0 0 1 1 0 0 1 0 0 1 0 0 0 0 0 1 0.0
431 25 9931 1 0 0 1 0 0 1 0 0 1 1 0 0 0 1 1 0 1 0 1 1 0 1 0 0 0.0
432 25 9586 0 1 0 1 0 0 1 0 0 0 0 0 1 0 1 1 0 1 1 0 0 0 1 1 0 0.0
433 25 11921 1 1 0 0 0 0 1 0 1 0 0 1 0 1 1 0 1 1 1 1 0 0 0 0 1 0.0
434 25 8836 0 1 1 0 1 0 0 1 1 0 0 1 1 0 1 0 0 0 0 1 1 0 1 0 0 0.0
435 25 8658 1 1 0 0 1 0 0 1 1 1 0 0 1 1 0 0 1 1 1 0 0 0 0 0 0 0.0
436 25 7982 1 0 0 0 0 0 0 1 0 0 1 1 0 0 1 1 1 0 0 0 0 1 0 0 1 0.0
437 25 10276 0 0 0 0 1 0 0 1 0 1 1 1 1 0 1 1 0 0 0 1 0 1 0 0 0 0.0
438 25 9856 1 1 0 0 0 0 1 0 0 0 1 1 1 0 1 1 1 1 0 0 0 0 1 1 0 0.0
439 25 9519 0 0 1 0 0 1 1 0 1 1 1 0 0 1 1 0 0 1 0 0 1 0 1 0 0 0.0
440 25 14159 0 1 0 0 1 1 1 0 1 1 1 0 0 0 1 1 0 0 1 1 1 1 0 0 1 0.0
441 25 9342 1 0 0 0 1 1 1 0 1 1 1 0 1 0 0 1 0 0 0 0 0 1 1 1 0 0.0
442 25 10648 1 0 0 0 1 1 1 0 0 1 1 1 0 0 0 0 0 0 1 0 0 1 0 1 1 0.0
443 25 8837 0 1 0 0 0 0 1 0 1 0 0 0 1 1 1 1 0 1 0 0 1 1 0 0 0 0.0
444 25 10339 0 0 0 0 0 1 0 1 0 1 0 0 0 1 0 1 1 0 1 0 0 0 1 1 1 0.0
445 25 10297 0 1 0 1 1 1 1 1 1 1 0 0 1 0 0 0 1 1 0 0 0 0 0 0 0 0.0
446 25 7993 0 1 1 0 0 0 0 1 1 1 0 0 0 0 0 0 1 1 1 0 0 0 0 1 0 0.0
447 25 14126 0 1 1 0 1 0 1 0 1 0 1 0 0 0 1 0 1 1 0 1 1 0 0 0 1 0.0
448 25 12377 0 0 1 1 0 1 1 1 0 0 0 1 0 1 0 1 1 0 0 1 0 0 0 0 1 0.0
449 25 9478 0 1 1 0 0 0 0 1 1 1 0 1 1 0 1 1 0 1 0 1 0 0 0 0 1 0.0
450 25 10150 1 0 1 0 1 1 1 0 0 0 0 1 1 0 0 0 0 0 1 0 0 0 0 1 0 0.0
451 25 8266 1 0 0 0 1 1 0 0 0 1 0 0 0 1 0 1 1 0 1 0 0 0 1 0 0 0.0
452 25 9346 0 0 1 0 1 1 0 0 1 1 0 0 1 0 1 0 1 0 0 1 0 0 1 1 0 0.0
453 25 11284 1 1 0 0 0 0 0 0 1 1 0 1 1 0 1 0 1 1 0 1 1 0 0 0 0 0.0
454 25 11866 1 1 0 0 1 1 0 0 1 0 0 0 0 1 1 0 1 1 1 0 1 0 0 0 0 0.0
455 25 11668 0 1 0 0 1 1 0 0 0 1 0 0 1 0 0 1 1 1 0 1 1 0 1 0 0 0.0
456 25 11019 1 0 1 0 0 0 0 1 1 0 1 0 0 0 0 0 1 1 1 1 0 0 0 1 0 0.0
457 25 10234 1 0 0 0 1 0 1 0 1 0 0 1 1 1 0 0 0 1 1 0 1 0 0 0 0 0.0
458 25 10717 0 0 0 0 1 0 0 1 1 1 1 1 1 0 1 0 1 1 0 0 0 1 1 0 0 0.0
459 25 8854 1 0 0 1 0 0 0 1 0 0 0 1 0 1 1 1 0 1 1 0 0 1 0 0 0 0.0
460 25 9354 0 0 1 0 0 0 1 1 0 1 1 0 1 1 0 1 0 0 1 0 1 0 0 0 0 0.0
461 25 10362 0 1 0 0 0 0 1 1 0 1 0 0 1 0 0 1 0 1 1 0 0 0 0 0 1 0.0
462 25 9457 0 1 0 0 1 0 0 1 1 0 0 0 1 0 1 1 0 1 0 1 0 0 0 0 1 0.0
463 25 10340 0 1 1 0 0 1 1 0 1 0 0 0 0 1 0 0 1 0 0 1 0 0 0 1 1 0.0
464 25 12312 1 1 0 0 1 0 1 0 1 0 1 1 1 0 0 0 1 0 1 0 1 1 0 0 0 0.0
465 25 7924 0 1 1 0 1 0 0 1 0 0 0 0 0 1 0 0 0 0 0 0 1 1 0 0 0 0.0
466 25 8523 1 0 0 1 1 1 0 0 0 0 0 1 0 0 0 0 1 0 1 0 0 0 1 1 0 0.0
467 25 11948 0 0 0 1 0 1 1 0 0 0 1 0 1 1 0 1 0 1 0 1 0 0 0 1 1 0.0
468 25 9062 1 0 1 0 1 0 0 0 0 1 1 1 0 0 1 0 0 1 0 1 1 0 0 1 1 0.0
469 25 9778 0 0 0 1 1 1 1 0 0 0 0 0 0 0 0 1 1 0 0 1 1 0 1 0 1 0.0
470 25 8884 0 0 0 0 0 0 1 0 0 1 1 0 0 1 0 0 1 0 0 0 1 1 0 1 1 0.0
471 25 8457 0 1 1 0 1 1 0 0 1 1 0 0 0 0 1 0 0 1 0 0 1 1 0 1 1 0.0
472 25 12156 1 1 0 1 0 1 0 0 1 1 1 0 0 1 0 1 1 0 1 0 0 0 1 0 1 0.0
473 25 7502 1 0 1 1 1 0 1 0 1 0 0 1 0 0 0 0 1 0 0 0 0 1 1 0 1 0.0
474 25 9044 0 1 0 1 1 1 0 0 1 0 1 0 0 0 1 0 1 1 0 0 0 0 0 1 0 0.0
475 25 9245 0 1 1 0 0 1 0 0 1 0 1 1 0 0 1 0 0 0 0 0 0 1 0 1 0 0.0
476 25 8459 0 0 1 0 0 1 0 0 1 1 0 0 1 0 0 1 0 1 0 0 0 1 0 1 0 0.0
477 25 9179 1 0 0 0 0 1 0 0 1 0 1 0 1 1 1 1 0 1 0 0 0 0 1 0 1 0.0
478 25 7977 1 0 0 0 1 0 0 1 1 0 1 0 1 0 0 0 0 0 1 0 1 0 1 0 0 0.0
479 25 9570 0 0 1 0 1 1 1 0 1 0 0 0 0 1 1 1 0 0 0 0 0 0 1 1 0 0.0
480 25 12634 0 1 1 0 0 0 1 1 0 1 0 0 1 0 0 1 1 1 0 0 0 1 1 1 0 0.0
481 25 11797 1 0 1 0 0 0 1 1 0 0 0 0 0 0 0 0 1 1 0 1 0 1 1 1 1 0.0
482 25 10131 1 1 1 1 0 1 0 1 0 1 0 0 0 0 0 0 1 1 1 1 0 0 0 1 0 0.0
483 25 8711 0 0 1 1 0 0 0 1 0 1 1 0 0 1 1 0 0 0 0 1 1 0 0 0 0 0.0
484 25 7644 1 1 0 0 1 0 0 0 0 0 0 0 0 0 1 1 1 1 1 0 0 0 1 1 0 0.0
485 25 11751 0 0 0 0 1 1 1 0 1 1 0 0 1 0 1 1 0 1 0 0 1 0 0 1 1 0.0
486 25 13088 1 0 0 1 1 0 1 0 1 1 1 0 0 0 0 1 1 0 0 1 1 0 1 1 0 0.0
487 25 8619 1 0 0 0 0 1 0 0 1 0 0 0 1 1 0 0 1 0 0 0 0 1 1 0 1 0.0
488 25 7362 0 0 1 0 1 1 0 1 1 0 1 1 0 0 0 0 0 1 0 1 0 1 0 0 1 0.0
489 25 12858 1 1 0 1 0 0 0 1 1 0 0 0 1 1 1 0 1 0 0 0 1 1 1 0 0 0.0
490 25 7390 1 1 0 1 0 0 0 1 1 0 1 1 0 0 1 0 0 0 1 0 0 1 1 0 0 0.0
491 25 10779 1 1 0 0 0 1 0 1 0 0 0 0 1 1 1 1 1 1 1 0 1 0 0 0 0 0.0
492 25 10335 0 0 1 0 1 0 0 0 1 1 0 0 1 1 0 1 0 1 0 0 0 1 1 0 1 0.0
493 25 9787 1 0 1 0 0 0 1 1 1 0 0 1 0 0 0 0 1 1 0 0 0 1 0 1 1 0.0
494 25 11590 1 1 1 1 1 0 1 1 0 0 0 0 0 0 1 0 0 1 0 0 1 0 1 0 1 0.0
495 25 10907 0 1 0 0 1 0 1 0 0 0 0 1 0 1 0 0 0 1 0 1 1 0 1 1 1 0.0
496 25 9542 0 0 0 1 0 0 0 0 1 1 1 1 0 1 1 0 1 1 0 0 1 1 0 1 0 0.0
497 25 11123 1 0 1 0 0 0 0 1 0 1 0 1 0 1 1 0 0 0 0 1 0 1 0 1 0 0.0
498 25 8816 0 0 0 0 1 0 0 0 0 1 0 0 0 1 0 1 0 0 0 1 1 0 1 0 0 0.0
499 25 8638 1 0 0 1 0 1 0 1 0 0 0 0 1 0 0 0 0 1 1 0 0 1 1 0 1 0.0
500 25 11172 1 0 1 0 0 0 0 0 0 0 1 1 1 0 1 1 0 1 1 0 0 0 1 0 0 0.0
