1 22 7668 0 1 0 0 1 0 0 0 0 0 1 1 0 0 0 1 1 0 0 1 1 1 0.0
2 22 7390 0 0 1 1 1 0 1 0 0 0 0 0 0 0 0 1 0 1 1 0 1 0 0.0
3 22 8865 1 0 0 0 0 0 1 1 0 0 1 1 0 0 1 0 1 0 1 0 1 0 0.0
4 22 9073 0 1 0 0 0 0 1 1 1 1 0 0 0 0 1 1 1 0 1 0 0 0 0.0
5 22 6441 1 0 1 1 1 0 1 1 0 1 0 0 1 0 0 1 0 0 0 0 0 1 0.0
6 22 10003 0 1 0 0 0 1 0 1 1 0 0 1 1 1 0 1 0 1 0 0 0 1 0.0
7 22 9605 0 0 1 1 0 1 0 1 1 0 1 0 0 0 1 0 1 1 0 1 0 0 0.0
8 22 7882 0 0 1 1 0 0 1 1 0 0 0 1 0 1 1 0 0 0 0 1 1 1 0.0
9 22 7942 0 1 0 1 1 1 0 0 0 1 0 0 1 0 1 0 1 0 1 0 1 0 0.0
10 22 10524 1 0 0 1 1 0 1 1 0 1 1 0 0 0 0 0 0 0 1 0 1 1 0.0
11 22 8184 1 0 0 0 1 0 1 1 0 1 1 0 0 1 0 0 0 0 0 1 0 0 0.0
12 22 8298 0 0 1 1 0 0 0 1 1 0 0 1 0 0 0 1 0 0 1 1 0 1 0.0
13 22 6972 1 0 0 1 1 1 1 0 1 0 0 1 0 0 0 0 0 0 0 1 1 0 0.0
14 22 8051 1 1 0 1 0 0 1 0 0 1 0 1 0 1 1 0 1 0 0 1 1 1 0.0
15 22 6986 0 0 0 0 0 0 1 0 1 0 0 0 1 0 1 0 1 0 1 0 1 1 0.0
16 22 8025 1 0 0 1 0 0 1 0 0 0 1 1 1 0 1 0 1 0 0 0 1 0 0.0
17 22 7765 1 0 1 1 0 1 1 0 0 0 1 0 0 0 0 0 1 1 1 0 1 0 0.0
18 22 6825 1 0 1 1 0 0 0 0 1 0 1 0 1 1 0 0 0 1 0 0 0 0 0.0
19 22 5563 0 0 1 1 0 0 1 0 0 1 1 0 0 0 0 1 0 0 0 0 1 1 0.0
20 22 7688 0 0 1 1 0 0 1 1 1 0 0 0 1 1 0 0 0 0 0 0 1 0 0.0
21 22 8464 0 0 0 1 0 0 1 0 0 0 1 0 0 0 0 1 1 0 1 0 1 1 0.0
22 22 8975 0 1 1 0 0 1 1 1 1 1 0 0 0 0 0 1 1 0 1 0 0 0 0.0
23 22 8352 0 1 1 0 1 1 0 1 1 0 1 1 0 0 0 1 1 0 0 0 0 0 0.0
24 22 8665 0 1 1 0 1 0 1 0 0 0 0 0 0 0 0 0 1 1 1 1 0 1 0.0
25 22 8593 0 1 0 0 1 0 1 1 0 0 1 0 1 0 1 0 0 0 0 1 1 0 0.0
26 22 11048 0 0 0 1 1 0 1 1 1 1 0 0 1 1 0 1 0 0 1 0 1 1 0.0
27 22 8868 0 1 0 1 0 0 1 0 1 0 1 1 0 0 1 1 0 0 1 1 0 1 0.0
28 22 6334 1 1 0 0 0 0 1 1 1 0 0 0 0 1 0 0 1 0 0 0 1 0 0.0
29 22 6113 0 0 0 1 0 0 1 0 1 0 0 0 0 1 1 0 1 0 0 0 1 1 0.0
30 22 8825 1 0 0 0 1 1 0 0 1 0 1 0 0 1 0 1 0 1 1 0 0 0 0.0
31 22 9225 0 0 1 1 0 0 0 1 0 0 0 0 1 0 0 0 1 0 0 1 1 1 0.0
32 22 8067 0 1 0 1 1 0 0 1 0 1 1 0 0 0 0 1 0 0 1 1 0 0 0.0
33 22 9040 0 0 0 0 0 0 1 1 0 1 1 0 1 0 1 0 1 1 1 1 0 0 0.0
34 22 9012 1 0 1 0 1 1 1 1 0 1 1 0 1 0 0 0 0 0 0 1 0 0 0.0
35 22 8304 0 1 1 0 0 0 1 0 0 1 1 0 0 1 1 1 0 0 1 1 0 0 0.0
36 22 10840 1 1 0 1 1 1 1 0 1 1 0 0 0 1 0 0 1 1 0 0 0 0 0.0
37 22 7081 1 0 0 0 0 1 1 0 0 1 1 0 1 0 0 0 0 0 1 1 0 1 0.0
38 22 7331 0 0 0 0 1 0 1 1 1 0 0 1 1 0 1 0 1 0 1 0 0 0 0.0
39 22 8011 0 1 0 1 1 0 0 0 1 1 1 1 1 0 1 0 1 0 0 0 0 1 0.0
40 22 10426 0 1 0 1 0 0 1 1 0 1 1 0 0 1 1 0 0 1 0 0 0 1 0.0
41 22 10127 0 0 1 1 1 1 0 0 0 0 1 1 1 1 0 0 1 1 0 0 0 0 0.0
42 22 10063 1 0 1 0 0 1 1 0 1 1 1 0 1 0 0 0 0 0 1 0 1 1 0.0
43 22 7432 0 1 0 0 1 0 0 0 1 1 1 0 0 1 1 0 0 0 0 1 0 1 0.0
44 22 7521 0 1 1 1 0 0 1 1 0 0 0 0 0 0 1 0 0 1 0 0 0 1 0.0
45 22 12922 1 1 1 1 0 1 0 1 1 0 0 1 1 1 0 1 1 0 0 0 1 0 0.0
46 22 9284 1 1 0 1 0 0 0 1 1 1 1 0 1 0 1 0 0 1 0 0 0 1 0.0
47 22 9619 1 0 0 1 0 1 1 1 0 0 1 1 0 0 1 1 1 0 0 0 1 0 0.0
48 22 10055 1 0 1 1 1 0 0 0 1 1 1 0 0 1 0 0 1 0 0 1 0 0 0.0
49 22 8497 0 0 0 0 0 1 1 0 0 1 1 0 1 0 0 1 1 0 0 0 1 1 0.0
50 22 9250 0 0 0 0 1 1 1 0 0 1 1 0 1 1 0 1 0 0 1 1 1 0 0.0
51 22 5487 0 0 0 0 1 0 1 1 0 0 0 0 1 0 0 0 0 0 0 1 1 1 0.0
52 22 11599 1 0 0 0 1 0 1 1 1 1 0 1 0 0 1 1 0 0 0 1 0 0 0.0
53 22 7891 0 0 1 0 0 1 1 0 1 0 0 0 0 1 0 1 0 0 1 0 1 0 0.0
54 22 7470 1 0 1 0 1 0 0 0 0 0 1 0 0 1 1 1 1 0 0 1 0 1 0.0
55 22 8042 0 0 1 0 0 1 0 1 1 0 0 0 0 0 1 0 1 0 1 1 0 1 0.0
56 22 7119 0 1 1 0 0 0 1 0 0 0 0 1 0 0 0 0 0 1 1 1 0 1 0.0
57 22 8524 1 0 0 0 0 1 1 0 0 1 0 1 1 0 1 1 0 0 0 1 1 0 0.0
58 22 10552 0 0 0 1 1 1 1 1 1 0 0 1 0 0 1 1 0 1 1 1 0 0 0.0
59 22 8033 0 0 1 1 1 0 1 0 1 1 0 1 1 1 0 1 0 0 0 1 0 0 0.0
60 22 6106 1 0 0 0 1 0 1 1 0 0 0 1 0 1 1 0 0 1 0 0 0 1 0.0
61 22 10731 1 0 1 0 0 0 0 0 1 0 0 1 1 1 0 1 0 0 1 1 1 1 0.0
62 22 7667 0 0 0 0 0 0 1 1 0 1 1 1 1 0 0 0 1 0 0 0 1 0 0.0
63 22 9681 0 1 1 0 0 1 0 1 0 0 1 0 0 1 1 0 0 0 1 1 1 0 0.0
64 22 9027 0 0 1 1 0 0 0 0 1 1 0 0 1 1 1 1 0 0 1 1 1 0 0.0
65 22 6522 1 0 1 0 0 1 0 1 1 1 1 0 0 0 1 0 0 0 0 0 0 0 0.0
66 22 7424 0 1 1 0 0 1 1 0 0 1 0 0 0 0 1 0 0 0 0 0 0 1 0.0
67 22 8247 0 1 1 1 0 0 0 1 0 1 1 0 1 1 0 0 1 0 0 0 1 0 0.0
68 22 10570 0 1 0 0 0 1 0 0 1 1 0 1 0 0 0 0 1 1 1 0 0 1 0.0
69 22 10056 1 0 1 0 1 1 0 0 1 1 1 0 0 0 0 0 0 0 0 1 0 1 0.0
70 22 5877 0 0 1 0 0 1 0 1 0 0 0 1 1 0 0 1 0 1 0 0 1 0 0.0
71 22 8488 1 1 0 1 1 1 0 0 0 0 1 1 0 0 0 1 0 1 0 1 0 1 0.0
72 22 10082 0 0 1 0 0 1 1 0 0 1 1 0 0 1 0 0 1 0 1 0 0 1 0.0
73 22 10719 1 0 0 1 0 0 0 0 1 1 0 0 0 1 1 1 1 1 0 0 0 1 0.0
74 22 8724 0 1 1 1 1 0 0 0 0 1 0 0 0 0 1 0 0 1 0 0 1 0 0.0
75 22 8904 0 0 0 0 0 1 0 0 0 0 0 0 0 1 0 1 1 1 0 0 1 1 0.0
76 22 7818 0 1 1 0 1 1 1 0 0 1 0 0 0 1 1 0 0 1 0 0 0 0 0.0
77 22 8175 0 1 1 0 0 1 1 0 0 0 1 1 0 0 0 1 0 1 1 0 1 0 0.0
78 22 7971 1 1 1 0 0 1 1 0 0 0 1 0 0 0 0 0 1 1 0 1 0 1 0.0
79 22 8750 0 1 1 0 0 1 0 0 1 0 1 1 0 0 0 1 0 0 1 0 0 1 0.0
80 22 6734 1 0 0 0 0 0 1 1 1 1 0 0 0 1 0 1 0 0 1 0 0 1 0.0
81 22 8024 1 0 0 0 1 0 1 1 0 1 1 0 0 0 0 1 0 1 1 0 1 0 0.0
82 22 8972 1 1 1 0 1 0 0 1 0 0 1 0 1 0 0 0 1 1 0 0 0 1 0.0
83 22 6963 0 0 0 1 1 0 1 1 1 0 0 0 0 0 0 0 1 0 1 0 1 0 0.0
84 22 9519 0 1 1 1 0 1 0 0 0 0 0 0 0 1 0 0 1 1 0 1 1 0 0.0
85 22 7313 0 1 1 1 0 1 1 0 1 0 1 1 0 0 0 0 0 0 1 0 0 1 0.0
86 22 9182 1 0 0 0 1 0 1 1 0 0 1 0 0 0 1 1 0 0 0 0 1 0 0.0
87 22 9479 0 0 0 0 1 0 0 0 0 0 1 1 1 0 1 0 1 1 0 1 1 1 0.0
88 22 6930 0 1 1 0 1 0 1 1 0 0 1 0 0 0 0 1 0 1 0 0 0 0 0.0
89 22 10206 1 1 0 0 0 0 1 1 0 1 0 0 0 1 1 1 0 1 1 0 0 0 0.0
90 22 9062 1 1 0 0 0 1 0 0 0 1 1 0 1 0 1 0 0 1 1 1 0 1 0.0
91 22 8675 0 1 1 1 0 0 1 0 1 0 0 1 0 0 1 1 0 1 1 1 1 0 0.0
92 22 9180 0 0 1 0 1 1 0 0 1 0 1 0 0 1 0 1 0 0 0 1 0 1 0.0
93 22 10343 0 0 1 1 0 0 0 0 0 1 0 1 1 1 0 1 0 0 1 1 1 1 0.0
94 22 6862 0 1 1 1 0 1 0 0 0 0 0 0 1 0 0 1 0 0 1 1 0 0 0.0
95 22 8287 0 1 0 1 0 1 0 1 0 1 0 1 0 0 0 1 0 1 0 0 1 0 0.0
96 22 8688 0 0 1 0 1 0 0 1 0 1 0 1 1 0 0 1 1 0 0 0 1 1 0.0
97 22 8274 0 1 0 1 1 1 0 0 0 1 0 0 1 1 1 0 0 0 1 0 1 0 0.0
98 22 6822 1 0 0 1 0 0 1 1 1 0 0 0 0 0 1 0 0 0 0 0 1 1 0.0
99 22 9463 1 0 1 0 1 0 0 0 0 0 0 1 0 0 0 0 1 1 1 1 1 1 0.0
100 22 8475 0 0 1 0 1 0 0 0 1 1 0 0 1 0 0 1 0 1 0 0 1 0 0.0
101 22 9869 1 0 0 1 1 0 0 0 0 0 0 0 0 1 1 0 1 1 1 1 0 0 0.0
102 22 7747 0 1 0 0 0 1 0 0 1 0 0 1 0 0 1 1 1 1 1 0 1 0 0.0
103 22 8779 1 1 0 1 0 1 1 1 0 0 1 0 1 0 0 1 1 1 0 0 0 0 0.0
104 22 11168 0 1 1 1 1 0 0 1 0 0 1 0 0 1 0 0 1 1 0 0 1 0 0.0
105 22 8333 0 1 0 1 0 0 0 0 0 0 1 1 1 1 0 0 1 1 0 0 1 1 0.0
106 22 8051 1 1 1 0 0 0 0 0 0 1 1 0 0 1 0 1 0 0 0 1 1 0 0.0
107 22 7078 1 0 0 0 0 0 1 0 1 1 1 0 1 0 0 0 0 0 1 1 0 0 0.0
108 22 9226 0 0 0 0 0 1 1 1 0 0 1 1 0 1 1 0 0 0 1 1 1 0 0.0
109 22 8891 0 1 1 0 0 1 1 0 1 1 0 0 1 0 0 0 1 0 0 0 0 1 0.0
110 22 8471 1 1 0 0 0 1 0 1 1 1 0 0 1 1 0 0 0 1 0 1 1 0 0.0
111 22 10272 1 1 0 0 0 0 1 1 1 0 1 1 0 1 0 0 0 1 1 0 0 0 0.0
112 22 10978 1 1 0 1 1 0 1 1 0 1 1 1 0 0 0 0 1 0 0 1 0 0 0.0
113 22 10411 1 1 0 0 1 0 1 1 1 1 0 0 0 1 0 0 0 0 1 1 0 1 0.0
114 22 9103 0 1 0 1 1 1 0 0 0 1 1 0 1 1 0 1 0 0 0 1 0 1 0.0
115 22 9037 0 0 0 0 0 0 1 0 1 0 1 0 1 1 0 0 1 1 1 0 1 0 0.0
116 22 8661 0 1 1 0 1 1 0 0 0 0 1 1 0 0 0 1 0 1 0 0 0 1 0.0
117 22 10066 1 1 0 1 1 0 0 0 1 0 0 1 1 0 1 0 1 1 0 0 0 1 0.0
118 22 8238 1 0 1 1 0 0 0 0 1 1 0 1 1 0 0 0 1 1 0 1 1 0 0.0
119 22 9743 1 0 1 1 0 0 1 0 0 0 0 1 0 1 0 1 1 0 0 1 1 0 0.0
120 22 7782 1 0 1 0 1 1 1 1 0 1 0 1 0 1 0 0 1 0 0 0 0 0 0.0
121 22 8304 1 0 1 1 1 0 0 1 0 0 1 0 1 1 0 0 0 1 0 0 0 1 0.0
122 22 12166 1 0 0 0 0 1 1 1 1 1 0 0 1 0 1 0 1 0 0 1 0 1 0.0
123 22 7402 1 1 0 0 1 0 0 1 1 0 0 0 0 0 0 1 0 1 0 1 0 0 0.0
124 22 11063 1 0 1 0 0 0 1 0 0 0 1 0 0 1 1 1 1 1 0 0 0 1 0.0
125 22 11016 0 0 1 0 1 1 1 0 0 1 1 1 0 0 0 1 0 0 1 0 0 1 0.0
126 22 8829 1 0 0 1 1 0 1 1 1 0 1 0 1 0 0 0 0 1 0 0 0 1 0.0
127 22 9722 1 1 0 1 1 1 1 1 0 0 1 0 0 0 0 0 1 1 1 0 0 0 0.0
128 22 9089 0 0 1 1 0 0 1 0 1 1 0 0 0 0 0 0 0 0 0 1 1 1 0.0
129 22 7507 1 1 1 0 0 0 0 1 0 1 0 0 0 1 0 0 0 1 1 1 0 1 0.0
130 22 7967 0 1 1 0 0 1 1 1 0 0 0 0 0 0 1 0 1 0 0 1 0 1 0.0
131 22 8611 1 0 0 1 1 0 0 0 1 1 0 0 1 0 0 0 1 0 0 1 0 1 0.0
132 22 7161 1 0 1 0 0 0 1 0 0 0 0 1 0 0 0 1 0 0 1 1 0 0 0.0
133 22 10767 1 0 0 0 1 1 0 0 0 1 1 1 0 1 0 1 0 1 1 1 0 1 0.0
134 22 8547 0 1 0 0 0 0 1 0 0 1 0 0 0 1 0 1 1 1 1 0 1 0 0.0
135 22 6302 0 0 0 1 1 1 0 1 1 1 0 0 0 0 0 1 0 0 0 0 0 0 0.0
136 22 9846 1 0 0 0 0 1 1 0 1 0 0 1 1 0 1 0 1 0 0 0 1 1 0.0
137 22 8472 0 0 1 1 0 0 0 1 1 0 1 0 1 1 1 1 0 0 0 1 0 0 0.0
138 22 10554 1 0 1 1 1 1 0 0 0 0 0 1 0 0 0 0 1 0 1 0 1 1 0.0
139 22 9467 0 1 0 1 1 0 1 0 0 0 1 1 1 1 0 0 1 0 1 0 0 1 0.0
140 22 8249 0 1 0 0 0 1 1 1 0 0 0 0 0 1 0 1 1 1 0 0 0 0 0.0
141 22 7291 0 0 0 0 0 1 0 0 0 1 1 1 1 0 0 1 1 0 0 0 0 0 0.0
142 22 8064 0 0 0 0 0 1 1 1 1 1 1 0 1 0 0 0 0 0 0 0 1 1 0.0
143 22 9443 0 0 0 0 1 1 0 0 0 1 0 1 0 1 0 0 1 0 1 1 0 1 0.0
144 22 10469 0 1 0 1 1 0 0 1 1 1 0 1 1 0 1 1 0 1 1 0 0 1 0.0
145 22 9699 0 1 1 0 0 1 0 0 0 0 0 1 1 1 1 0 0 1 0 0 0 1 0.0
146 22 8118 0 1 1 0 0 1 1 1 1 0 0 0 0 0 0 0 1 0 0 0 1 1 0.0
147 22 9551 1 0 1 0 0 1 0 0 0 1 1 0 0 1 1 0 0 0 0 1 1 1 0.0
148 22 10191 1 0 0 1 0 1 0 0 0 0 1 0 0 0 0 0 0 1 1 1 1 1 0.0
149 22 6908 0 1 0 0 0 0 0 1 0 0 0 1 1 1 0 1 0 0 1 1 0 1 0.0
150 22 9045 0 0 0 1 0 0 0 0 0 1 1 1 1 1 1 0 1 1 1 1 0 0 0.0
151 22 10102 1 1 0 0 0 1 0 0 1 1 1 1 0 0 0 0 1 0 0 1 1 0 0.0
152 22 8220 1 0 0 1 1 0 1 0 0 1 0 1 1 0 0 0 1 0 1 0 1 1 0.0
153 22 6143 0 0 0 0 0 1 0 1 0 1 1 0 0 1 1 0 1 1 1 0 0 0 0.0
154 22 9518 0 1 0 0 1 0 1 1 0 0 1 0 1 1 0 1 1 0 0 0 0 1 0.0
155 22 8459 0 1 0 1 1 0 0 1 1 0 0 0 0 1 1 0 1 0 1 0 0 1 0.0
156 22 6576 0 0 1 1 1 0 0 1 0 1 1 0 0 0 0 0 0 1 1 1 0 1 0.0
157 22 7937 0 0 0 1 1 0 0 1 0 0 1 0 0 0 1 1 0 1 0 0 1 1 0.0
158 22 8994 1 0 0 0 0 0 1 0 0 1 0 1 1 0 1 1 0 0 0 1 1 1 0.0
159 22 8732 0 1 0 1 0 1 1 1 0 0 0 0 1 0 1 1 1 0 0 0 0 0 0.0
160 22 8653 0 1 0 0 1 0 0 1 0 0 0 1 0 0 1 0 0 1 1 0 1 0 0.0
161 22 6052 0 0 1 0 1 0 1 0 0 1 0 0 1 0 0 0 1 0 1 1 1 0 0.0
162 22 8086 0 1 0 1 1 1 0 0 1 0 1 0 1 1 0 0 0 0 0 0 0 1 0.0
163 22 7700 1 0 0 1 0 0 0 0 0 0 0 1 1 1 0 0 1 0 0 1 0 0 0.0
164 22 9863 0 0 1 0 1 0 0 0 0 0 1 1 1 1 0 0 0 0 1 1 0 1 0.0
165 22 6653 0 0 0 0 1 1 0 0 1 0 1 0 0 1 0 0 0 0 1 0 1 0 0.0
166 22 6832 1 1 0 0 0 0 0 1 0 0 0 1 0 0 0 1 1 1 1 0 0 0 0.0
167 22 9710 1 0 1 0 0 0 0 1 0 1 0 1 1 0 0 1 0 1 0 1 0 0 0.0
168 22 7669 0 0 0 1 1 0 1 0 1 1 0 0 1 0 0 1 1 1 0 0 1 1 0.0
169 22 8420 0 1 1 0 0 0 1 1 1 1 1 1 0 1 0 1 0 0 0 0 1 0 0.0
170 22 11401 0 0 1 0 0 1 0 0 0 1 1 1 1 0 1 0 1 1 1 0 0 1 0.0
171 22 9776 1 1 0 0 1 1 0 0 1 0 0 0 0 1 0 1 0 0 0 1 1 1 0.0
172 22 10736 0 1 1 1 0 1 0 0 1 0 0 1 1 0 1 0 1 0 0 1 0 1 0.0
173 22 7755 0 1 0 1 0 1 0 0 0 0 0 1 0 1 1 1 0 0 0 0 0 1 0.0
174 22 8221 0 0 0 1 1 1 0 0 1 1 1 1 0 0 1 0 0 0 0 1 1 0 0.0
175 22 9233 0 0 0 0 1 0 0 1 1 0 1 0 1 1 0 0 1 1 0 0 0 1 0.0
176 22 8781 0 0 0 1 1 1 0 0 0 1 1 1 1 0 0 1 1 0 0 1 0 0 0.0
177 22 8898 0 0 1 1 0 0 0 0 1 0 1 1 0 1 1 1 0 0 0 0 1 0 0.0
178 22 10775 0 0 1 0 0 1 0 0 1 0 1 1 1 1 1 1 0 1 0 0 1 0 0.0
179 22 7136 0 0 0 1 1 0 0 1 0 0 1 0 0 1 1 0 0 0 0 0 0 0 0.0
180 22 7019 1 1 1 0 1 0 0 1 0 0 0 0 0 1 1 0 0 1 0 1 1 0 0.0
181 22 10468 0 1 1 1 1 1 0 0 1 0 1 0 1 0 0 0 0 0 0 1 1 0 0.0
182 22 10365 0 0 0 0 1 0 1 1 0 1 0 1 1 1 1 0 1 0 0 1 0 0 0.0
183 22 10279 0 0 0 0 1 1 0 0 1 1 1 1 1 1 0 0 0 0 1 0 0 1 0.0
184 22 9041 0 0 1 1 0 1 1 1 1 0 1 0 1 0 0 0 0 0 0 1 0 1 0.0
185 22 9829 1 0 0 0 0 0 0 1 1 0 1 1 1 0 1 0 1 0 0 1 0 1 0.0
186 22 10063 1 1 0 0 1 1 0 1 0 1 0 1 0 0 0 1 0 1 0 0 0 1 0.0
187 22 6092 0 0 0 1 0 0 1 0 0 1 0 0 1 1 0 0 0 0 0 1 1 1 0.0
188 22 7619 0 0 0 1 1 0 1 1 1 0 0 0 0 0 0 1 0 0 0 1 0 1 0.0
189 22 8972 0 0 1 1 1 1 1 0 0 1 0 0 1 0 1 0 0 0 1 0 0 0 0.0
190 22 8730 1 1 0 1 1 1 1 0 0 0 1 0 0 1 0 0 1 1 1 0 0 0 0.0
191 22 8654 1 1 0 0 1 0 0 0 0 0 0 1 1 1 1 1 0 0 0 1 1 0 0.0
192 22 8014 0 0 0 0 0 0 0 0 1 0 1 0 0 1 1 1 1 1 0 1 0 1 0.0
193 22 8949 1 1 1 1 0 0 1 0 1 0 0 1 1 0 1 0 0 0 0 0 0 1 0.0
194 22 9708 1 1 0 0 0 1 0 0 0 0 1 0 0 0 0 0 0 1 1 1 1 1 0.0
195 22 8159 1 1 0 0 0 0 1 0 0 0 1 1 1 0 1 0 0 0 0 0 1 1 0.0
196 22 9529 0 0 1 1 0 0 1 0 1 1 1 0 0 1 1 1 0 0 0 1 0 0 0.0
197 22 6908 0 0 0 0 0 1 1 0 1 0 1 1 0 0 0 1 0 0 0 0 0 1 0.0
198 22 9935 1 0 1 1 0 0 0 1 0 1 0 1 0 1 0 1 0 0 0 0 1 0 0.0
199 22 8333 1 0 1 1 1 0 1 1 0 0 0 0 1 1 1 0 0 0 0 0 1 1 0.0
200 22 8119 1 1 0 0 0 0 1 1 0 1 0 1 0 1 1 0 0 1 1 0 0 0 0.0
201 22 5818 0 0 1 0 0 0 1 1 0 1 1 1 1 0 0 0 0 0 0 1 0 0 0.0
202 22 11401 0 0 0 0 0 0 1 1 1 0 1 1 0 1 1 0 1 1 0 0 1 1 0.0
203 22 9570 0 1 1 0 1 1 1 1 1 0 0 0 0 1 0 0 1 1 0 0 0 1 0.0
204 22 8592 0 1 0 1 1 1 0 1 1 1 0 0 1 0 0 1 0 0 0 0 1 1 0.0
205 22 7245 0 0 0 0 1 1 0 1 0 1 0 1 0 1 0 0 0 0 0 1 0 1 0.0
206 22 8867 1 1 1 0 0 1 1 1 0 0 0 0 1 0 0 1 1 1 1 1 0 0 0.0
207 22 8228 0 1 1 1 0 0 0 0 0 0 0 1 0 0 0 1 0 0 1 1 1 0 0.0
208 22 7091 0 1 1 1 0 1 0 1 1 0 0 0 1 1 1 0 1 1 0 0 0 0 0.0
209 22 7182 0 0 1 1 0 0 1 1 1 0 1 1 0 0 0 0 0 1 1 0 0 0 0.0
210 22 9056 0 1 1 0 1 1 0 1 0 0 1 1 0 0 1 0 0 0 0 0 0 1 0.0
211 22 10139 1 0 1 1 1 0 1 0 0 0 0 0 1 1 1 0 0 1 1 0 0 1 0.0
212 22 11056 1 0 0 0 0 1 0 0 0 1 1 1 0 0 1 1 0 0 0 1 1 1 0.0
213 22 8619 0 0 0 0 0 1 1 1 0 1 1 1 0 0 0 0 0 1 0 0 1 0 0.0
214 22 6577 1 0 0 0 0 0 1 1 0 0 0 0 0 0 1 1 1 0 1 1 1 0 0.0
215 22 11683 1 1 0 1 1 0 1 0 1 1 0 0 0 0 0 0 1 0 1 1 1 0 0.0
216 22 8333 0 1 0 0 0 0 0 1 0 0 1 1 1 0 1 0 1 0 1 0 0 1 0.0
217 22 8368 1 0 0 0 1 0 1 0 0 0 1 0 0 0 0 1 1 1 0 0 0 1 0.0
218 22 6324 0 1 0 1 1 1 1 0 1 0 0 1 0 0 1 1 0 0 1 0 1 0 0.0
219 22 8892 0 0 0 0 1 1 0 0 1 0 0 1 1 1 1 0 0 0 1 0 1 0 0.0
220 22 8977 0 0 0 0 1 0 0 1 1 0 0 0 0 1 0 1 1 0 1 0 1 0 0.0
221 22 10468 1 1 1 1 1 0 1 0 0 0 0 0 0 1 0 0 1 1 0 1 1 0 0.0
222 22 8224 0 1 1 0 0 1 1 1 0 1 0 0 1 0 1 0 0 1 1 0 1 0 0.0
223 22 6996 1 1 0 0 1 1 1 0 0 1 1 1 0 0 0 0 1 0 0 0 1 0 0.0
224 22 8105 1 0 0 1 0 1 0 0 1 0 0 1 1 0 0 0 1 1 1 1 1 0 0.0
225 22 7730 0 1 1 1 1 0 0 0 1 1 0 0 0 1 0 1 0 1 0 0 0 0 0.0
226 22 6735 1 1 0 1 1 1 0 0 1 1 0 0 0 1 0 0 1 0 1 0 0 0 0.0
227 22 9830 1 0 0 0 0 0 0 1 0 1 1 1 1 0 0 1 0 0 1 0 0 0 0.0
228 22 7614 0 1 1 1 0 0 0 0 1 0 1 0 1 0 0 0 1 1 0 0 0 1 0.0
229 22 7372 1 0 0 0 1 0 1 1 0 0 0 0 0 0 1 1 0 0 0 1 1 0 0.0
230 22 8333 0 0 0 0 1 0 1 1 1 1 1 1 0 0 0 1 0 0 0 1 0 0 0.0
231 22 6619 1 0 1 0 0 0 0 0 0 0 1 1 1 1 0 0 1 0 0 0 1 0 0.0
232 22 8068 0 0 0 0 0 0 0 0 1 1 1 1 0 1 1 1 0 0 1 0 0 0 0.0
233 22 8319 1 0 0 0 0 0 1 0 1 1 1 0 0 1 0 0 0 0 1 1 0 0 0.0
234 22 9077 1 1 0 0 0 0 1 1 1 0 0 0 0 1 1 0 1 0 1 0 0 0 0.0
235 22 9417 1 0 0 0 1 1 1 0 0 0 0 0 0 1 1 0 0 1 1 0 1 0 0.0
236 22 8195 0 0 0 0 0 1 1 1 0 1 1 1 1 0 0 0 0 1 0 1 1 0 0.0
237 22 7386 0 1 0 0 1 0 1 0 0 0 0 1 1 0 0 0 0 1 0 0 1 1 0.0
238 22 9526 1 0 1 0 0 0 1 1 0 1 0 0 1 0 1 0 0 1 0 0 1 1 0.0
239 22 10086 0 0 0 1 1 0 1 0 1 0 1 0 0 1 0 1 0 0 1 0 0 0 0.0
240 22 5571 0 1 1 1 0 0 0 0 0 0 1 1 0 0 0 0 0 1 1 0 0 1 0.0
241 22 10939 1 0 0 1 0 1 0 0 1 1 0 1 1 0 1 1 0 0 0 1 0 0 0.0
242 22 7340 0 0 0 0 0 1 0 0 0 0 0 0 0 0 1 0 1 1 1 1 1 1 0.0
243 22 9759 0 0 0 1 0 1 1 0 1 0 0 0 1 1 1 0 0 1 1 0 1 0 0.0
244 22 8741 0 0 0 0 1 0 0 0 1 1 0 1 1 1 1 0 1 1 0 1 0 0 0.0
245 22 11389 1 1 1 0 0 1 1 1 1 1 0 0 0 0 0 1 0 0 1 1 0 0 0.0
246 22 8540 0 0 1 0 0 0 0 1 1 1 0 0 1 0 1 0 1 0 1 0 1 0 0.0
247 22 10168 1 1 0 1 1 1 0 0 1 0 1 0 0 0 1 0 1 0 0 1 1 0 0.0
248 22 7121 1 1 0 1 0 0 0 0 1 0 1 1 0 1 0 0 0 0 0 1 0 1 0.0
249 22 9084 0 1 0 1 0 1 1 1 1 1 0 0 0 0 0 1 0 1 0 0 1 1 0.0
250 22 9934 1 1 1 0 0 1 0 0 1 0 1 1 0 1 1 0 0 0 1 0 0 1 0.0
251 22 9521 1 0 1 1 1 0 1 0 0 0 0 1 1 0 1 1 0 0 0 0 0 1 0.0
252 22 8506 1 0 1 0 0 0 0 0 0 1 0 1 1 1 0 0 1 1 1 0 0 0 0.0
253 22 8606 0 0 0 1 1 0 0 1 1 1 0 0 1 0 0 1 0 0 1 0 0 1 0.0
254 22 7006 0 1 0 0 0 0 0 0 1 1 0 0 1 0 0 1 0 0 1 0 1 1 0.0
255 22 8505 1 0 1 0 1 0 1 1 1 0 0 1 0 1 0 0 0 0 0 1 1 1 0.0
256 22 10183 0 0 1 0 0 1 1 1 0 0 1 0 1 0 0 1 1 1 0 0 1 1 0.0
257 22 7808 0 0 0 0 0 0 0 0 1 1 0 0 1 0 1 0 1 1 0 1 1 1 0.0
258 22 9565 0 1 0 0 0 1 1 1 0 1 0 1 1 1 0 1 0 0 0 0 0 1 0.0
259 22 8030 0 1 1 0 0 1 1 1 0 1 0 1 0 1 0 1 0 0 0 1 0 0 0.0
260 22 9395 1 1 1 1 0 0 0 0 0 1 0 0 0 1 1 0 0 0 0 1 1 0 0.0
261 22 9825 0 0 0 1 1 1 0 0 0 1 1 0 0 0 0 1 1 0 0 1 0 0 0.0
262 22 8087 1 0 1 0 0 1 0 1 0 0 0 0 0 0 1 0 0 1 1 0 1 1 0.0
263 22 6851 1 0 1 1 0 0 1 1 0 0 0 1 0 0 1 0 0 0 0 0 1 0 0.0
264 22 8509 1 1 1 0 0 1 0 0 1 0 0 1 0 0 0 0 1 1 0 0 0 1 0.0
265 22 10532 0 1 0 0 0 0 1 0 0 0 1 0 1 1 1 0 1 1 1 0 0 1 0.0
266 22 10371 1 0 0 1 0 1 0 0 0 1 1 1 0 0 0 0 1 1 0 1 1 0 0.0
267 22 10135 0 0 1 0 1 1 1 1 1 0 0 0 1 0 1 1 1 1 0 0 0 0 0.0
268 22 8127 0 0 0 1 0 0 0 0 1 1 0 0 1 1 0 1 0 0 0 1 1 1 0.0
269 22 9716 0 0 0 1 0 1 0 0 0 1 1 1 0 1 1 0 0 0 0 1 0 1 0.0
270 22 7427 0 1 0 0 1 1 1 0 0 0 0 1 1 0 0 1 0 1 0 0 0 1 0.0
271 22 9318 0 0 0 0 0 0 1 0 0 1 1 0 0 1 0 1 0 1 1 0 1 1 0.0
272 22 7427 0 0 0 1 0 1 0 1 0 1 0 1 1 0 1 0 1 0 0 1 0 0 0.0
273 22 8595 0 1 0 0 0 1 1 0 0 1 0 1 1 1 0 0 1 0 1 0 0 0 0.0
274 22 8177 1 1 0 0 1 1 1 1 1 0 0 1 1 0 0 0 0 0 1 0 0 0 0.0
275 22 8704 0 0 0 0 1 1 0 1 1 0 1 1 0 1 1 1 0 0 0 0 0 0 0.0
276 22 9905 1 0 0 0 1 1 1 0 1 1 0 0 0 1 1 1 0 0 1 0 1 0 0.0
277 22 10337 0 0 0 0 1 0 0 0 1 0 0 0 1 0 1 1 1 0 1 0 1 1 0.0
278 22 7517 0 1 1 1 1 1 0 0 0 1 0 0 0 1 1 0 1 0 0 0 1 0 0.0
279 22 6641 0 0 0 1 1 1 0 1 0 1 0 0 0 1 1 1 0 1 0 1 0 1 0.0
280 22 8369 0 1 1 0 0 1 0 0 0 0 1 1 0 1 0 0 1 1 0 0 0 0 0.0
281 22 7652 1 0 0 0 0 0 1 0 1 1 0 0 1 0 0 0 0 1 0 0 0 1 0.0
282 22 7963 0 0 0 1 1 1 1 0 0 1 1 1 1 1 1 0 0 1 1 0 0 0 0.0
283 22 7968 0 0 0 0 0 1 0 1 1 1 0 1 0 1 1 1 1 0 0 0 0 1 0.0
284 22 11436 1 0 1 0 1 1 0 1 1 1 1 0 0 0 0 0 1 1 0 0 0 1 0.0
285 22 8849 1 1 0 0 0 1 1 0 1 1 0 0 1 1 0 0 0 0 0 1 1 0 0.0
286 22 10981 0 1 1 1 0 1 0 0 1 0 1 0 1 1 0 0 0 0 1 0 1 0 0.0
287 22 10159 1 1 1 1 1 1 0 0 0 1 0 0 0 0 0 1 0 0 1 0 0 1 0.0
288 22 5916 1 1 0 0 0 1 0 0 0 0 0 1 0 0 1 0 0 1 1 1 0 0 0.0
289 22 7568 0 1 1 0 1 1 1 1 0 0 0 1 0 1 0 0 1 0 0 0 1 0 0.0
290 22 8270 0 0 0 1 1 0 0 1 0 1 1 1 1 0 0 0 1 0 0 0 1 1 0.0
291 22 10836 1 1 1 0 1 0 0 0 0 0 1 1 0 0 1 0 0 0 1 1 1 1 0.0
292 22 6495 1 0 1 1 0 1 0 1 0 0 1 1 0 0 0 0 0 0 1 0 0 1 0.0
293 22 7367 1 0 1 0 0 1 1 0 1 1 1 0 0 0 0 1 0 0 0 0 0 1 0.0
294 22 6874 0 0 0 1 0 0 1 0 1 0 1 0 1 0 0 0 1 0 1 1 1 0 0.0
295 22 11706 1 0 1 0 1 0 0 1 1 1 1 0 1 0 1 0 0 0 1 1 0 0 0.0
296 22 5988 1 1 1 1 1 0 0 0 1 0 0 0 0 0 1 0 0 1 0 0 1 1 0.0
297 22 7676 1 0 1 0 0 1 0 1 0 0 1 0 1 0 0 1 0 0 1 0 1 0 0.0
298 22 7200 0 1 1 1 0 0 1 1 0 0 1 1 0 0 0 1 0 0 0 1 0 0 0.0
299 22 8455 0 0 0 0 1 0 0 0 1 0 0 1 1 0 1 1 0 1 0 0 1 1 0.0
300 22 9529 1 1 1 1 0 0 0 1 1 0 0 0 0 1 1 0 1 0 1 0 0 1 0.0
301 22 9346 1 1 0 0 0 0 0 1 0 1 1 0 1 1 1 0 1 0 0 1 0 0 0.0
302 22 9799 0 0 1 0 1 1 1 1 1 0 1 1 0 0 1 0 1 0 0 0 0 0 0.0
303 22 9617 0 1 1 1 0 0 1 0 0 1 0 0 0 1 0 0 1 0 0 1 0 1 0.0
304 22 8493 1 0 0 0 0 0 1 1 0 1 1 0 0 0 1 0 1 0 0 0 1 1 0.0
305 22 8681 1 1 0 0 0 1 1 0 1 0 0 1 0 0 1 1 1 1 0 0 0 0 0.0
306 22 10938 0 0 0 1 1 1 0 0 0 0 1 1 0 1 0 1 1 0 0 0 1 0 0.0
307 22 10942 1 1 0 1 0 1 0 1 0 1 0 1 1 0 1 0 0 0 1 0 1 0 0.0
308 22 10535 1 0 1 0 0 0 1 1 1 0 1 0 0 0 1 0 1 1 1 0 0 1 0.0
309 22 8078 0 0 1 1 0 0 1 0 1 1 0 0 1 0 0 0 1 1 0 1 0 1 0.0
310 22 10393 1 0 0 1 0 1 0 0 0 1 0 1 0 1 1 0 0 1 1 0 0 1 0.0
311 22 8313 1 1 0 0 0 0 0 1 0 0 0 1 1 1 0 0 1 0 1 0 0 1 0.0
312 22 10508 1 0 1 0 1 0 0 1 1 1 1 0 0 1 0 1 0 0 1 0 0 0 0.0
313 22 8288 0 0 0 0 1 0 1 0 1 0 1 1 1 0 0 0 1 0 1 0 0 0 0.0
314 22 10353 1 0 0 1 1 1 0 0 0 0 0 0 0 0 0 1 0 0 1 0 1 1 0.0
315 22 7625 0 0 0 1 1 0 1 0 0 1 0 1 1 1 0 0 1 0 0 0 0 0 0.0
316 22 9112 0 0 1 1 0 1 0 0 0 0 0 1 1 0 0 1 1 1 1 1 1 0 0.0
317 22 8519 1 0 0 0 0 0 0 0 1 0 1 1 0 0 1 0 1 1 1 0 1 1 0.0
318 22 7101 1 0 0 1 1 0 1 0 0 1 1 0 0 0 0 0 1 0 0 0 0 0 0.0
319 22 9242 1 1 0 0 1 0 0 0 0 0 0 1 0 0 0 0 1 1 1 1 0 0 0.0
320 22 9484 1 0 1 0 0 1 1 1 0 0 0 0 1 0 1 1 1 0 0 0 0 1 0.0
321 22 8736 0 1 0 0 1 0 1 0 1 1 0 1 0 1 0 0 1 0 0 0 1 1 0.0
322 22 6200 0 0 0 0 0 0 1 1 0 0 1 0 0 1 1 1 0 0 1 0 1 0 0.0
323 22 7062 0 0 0 1 0 1 0 1 1 0 0 0 0 1 0 0 0 0 0 1 1 1 0.0
324 22 10787 0 1 1 0 1 0 1 0 1 0 1 1 0 1 0 0 0 1 1 0 0 1 0.0
325 22 8072 1 1 1 0 0 0 1 0 1 0 0 0 0 1 1 0 0 0 1 0 1 0 0.0
326 22 9442 1 1 0 0 0 1 0 0 0 0 0 0 1 1 0 0 1 1 1 1 1 1 0.0
327 22 8138 0 1 1 0 1 0 0 0 0 0 1 0 1 0 0 0 1 0 0 1 1 1 0.0
328 22 10711 1 0 0 0 0 1 1 0 1 1 1 0 1 0 0 0 0 1 1 0 0 0 0.0
329 22 9755 1 0 0 0 1 0 1 1 0 1 0 0 0 0 1 1 1 0 0 1 0 0 0.0
330 22 8384 0 0 0 0 1 1 1 0 1 0 1 0 0 1 0 0 1 0 1 1 1 0 0.0
331 22 9340 0 1 0 0 1 1 1 1 0 0 1 1 0 0 1 0 0 0 0 0 1 0 0.0
332 22 7678 0 0 1 0 0 0 0 1 1 0 0 1 0 0 0 0 1 1 0 1 0 1 0.0
333 22 7073 1 1 1 1 1 0 0 1 0 0 0 0 0 0 0 0 0 0 0 0 0 1 0.0
334 22 6026 0 0 1 1 1 0 1 1 0 0 0 0 0 0 0 0 0 0 1 0 0 1 0.0
335 22 6693 0 0 0 0 1 1 0 0 0 0 1 0 1 1 0 1 1 0 0 0 1 1 0.0
336 22 10030 0 0 0 1 1 0 0 1 0 1 1 0 1 0 1 1 0 1 0 0 0 1 0.0
337 22 8308 0 1 1 1 0 0 1 1 0 0 0 1 0 0 1 0 0 0 0 0 1 1 0.0
338 22 11755 0 0 1 1 0 1 0 0 1 1 1 1 1 0 0 1 0 0 0 0 0 1 0.0
339 22 11760 0 1 0 1 1 0 0 0 0 0 0 1 1 1 1 0 1 0 1 0 1 1 0.0
340 22 6536 1 1 0 0 0 1 1 0 0 0 1 1 0 0 1 1 0 0 0 0 1 1 0.0
341 22 8930 0 0 1 0 0 0 1 0 0 1 0 1 0 0 1 1 1 0 0 0 0 1 0.0
342 22 7218 1 1 1 0 0 1 0 0 0 0 1 0 0 0 0 0 1 1 1 0 0 0 0.0
343 22 7634 1 1 0 0 0 0 0 0 0 0 1 1 0 1 0 1 1 0 0 0 0 0 0.0
344 22 7463 0 1 0 1 1 0 1 0 0 0 0 0 1 0 1 1 0 0 0 0 1 0 0.0
345 22 6511 1 0 0 0 0 1 1 1 0 0 0 0 0 0 0 0 1 1 1 0 1 0 0.0
346 22 7793 0 0 1 0 1 0 1 0 0 1 1 0 0 0 0 1 1 1 0 0 0 0 0.0
347 22 10210 0 1 1 0 0 1 0 1 1 0 1 0 0 1 0 1 0 0 1 0 0 1 0.0
348 22 7862 1 0 1 0 1 0 1 1 0 0 0 0 0 0 0 1 0 0 1 0 1 1 0.0
349 22 7398 0 0 0 0 1 1 0 1 1 0 1 1 1 1 0 1 0 1 0 0 0 1 0.0
350 22 9207 0 0 1 0 1 0 0 1 1 0 0 1 1 0 0 1 0 1 0 0 1 0 0.0
351 22 10384 0 0 1 1 0 0 1 1 0 0 1 0 0 0 0 0 0 1 1 1 1 0 0.0
352 22 7508 1 1 0 0 1 1 0 0 1 1 0 0 0 0 0 0 1 1 0 0 0 0 0.0
353 22 7431 1 1 0 0 0 1 0 0 0 0 1 0 1 0 0 1 0 1 1 0 0 0 0.0
354 22 5829 1 0 1 0 0 0 0 0 1 0 0 1 0 0 1 0 0 1 1 1 0 0 0.0
355 22 8413 0 0 0 1 0 0 1 0 1 1 1 0 0 1 0 0 1 0 0 0 0 1 0.0
356 22 6573 0 1 1 0 0 0 0 1 0 1 1 0 1 0 0 0 0 1 1 0 0 0 0.0
357 22 8833 0 0 1 0 1 1 0 0 0 1 1 0 1 1 1 0 0 0 0 0 0 0 0.0
358 22 8492 1 0 0 1 0 0 1 1 0 1 1 0 0 0 0 0 0 1 1 0 1 0 0.0
359 22 9917 1 0 1 1 0 0 0 0 0 1 1 1 0 1 1 1 0 0 0 1 0 0 0.0
360 22 7778 0 0 0 0 0 0 1 1 0 0 1 1 0 0 0 1 0 1 0 1 0 1 0.0
361 22 9098 1 1 1 0 0 0 0 0 0 1 1 1 1 0 0 1 0 0 0 0 0 1 0.0
362 22 11518 1 0 1 1 1 1 1 0 1 0 0 0 1 0 0 0 0 0 1 0 1 0 0.0
363 22 8738 1 1 0 0 0 1 0 1 0 0 1 0 0 0 1 0 1 0 0 0 1 1 0.0
364 22 8990 1 1 0 0 0 0 0 1 1 1 1 0 0 0 0 1 1 0 0 0 0 1 0.0
365 22 6515 1 0 0 0 0 0 0 1 0 1 1 0 1 0 0 0 1 1 1 0 1 1 0.0
366 22 8354 0 1 1 0 1 0 0 0 0 0 0 0 1 0 0 1 1 0 0 0 0 1 0.0
367 22 7250 0 0 0 1 0 1 0 0 0 0 0 0 1 1 1 0 1 0 1 0 1 0 0.0
368 22 8378 0 0 1 1 0 1 0 1 0 0 1 0 0 1 0 0 0 1 0 0 0 0 0.0
369 22 8839 0 0 0 1 1 1 1 0 0 1 0 1 0 0 0 0 0 1 0 0 1 0 0.0
370 22 6958 0 0 0 0 0 1 0 0 1 1 0 1 0 0 1 0 0 1 0 1 1 1 0.0
371 22 8325 0 0 0 0 0 1 1 0 1 0 1 0 1 0 0 1 1 0 1 0 1 1 0.0
372 22 6508 0 0 1 1 0 0 0 0 0 0 0 0 0 0 0 1 1 1 0 1 0 1 0.0
373 22 11661 1 1 0 0 1 0 0 0 0 0 0 1 0 1 1 1 1 0 1 1 0 1 0.0
374 22 8639 0 0 1 1 0 1 0 1 0 1 0 1 0 1 0 0 1 0 1 0 1 1 0.0
375 22 7923 0 1 1 1 0 0 0 0 0 0 0 1 0 0 0 1 0 1 1 0 0 0 0.0
376 22 8806 0 1 0 0 0 0 1 0 0 0 1 1 0 1 1 1 0 1 1 0 0 1 0.0
377 22 9667 0 1 1 1 0 0 0 1 0 0 0 0 1 1 0 1 1 1 0 0 1 0 0.0
378 22 10213 1 0 1 1 1 1 1 0 1 0 0 0 0 1 0 0 0 0 1 0 0 0 0.0
379 22 9298 1 0 1 0 0 0 1 1 0 0 0 1 1 0 1 1 1 1 0 0 0 1 0.0
380 22 10041 0 0 0 1 1 0 0 1 0 0 1 0 0 1 0 1 0 1 1 0 1 0 0.0
381 22 9563 0 1 0 1 1 1 1 1 0 1 0 0 0 1 1 0 0 0 1 0 0 1 0.0
382 22 9067 0 1 1 1 0 0 1 0 1 1 1 1 1 0 0 0 0 1 1 0 0 1 0.0
383 22 8467 0 1 0 1 1 1 0 0 1 0 0 1 1 0 0 1 0 0 1 1 0 0 0.0
384 22 8973 1 0 0 0 1 0 0 1 1 0 1 0 0 0 1 1 1 0 1 1 0 0 0.0
385 22 8109 0 1 0 0 1 1 0 1 1 0 0 1 1 1 1 0 0 0 0 0 0 1 0.0
386 22 9286 0 1 0 1 0 0 0 0 1 1 1 0 0 1 0 1 1 1 0 0 0 0 0.0
387 22 11740 0 0 0 1 1 1 1 0 0 1 0 1 1 1 0 1 1 0 1 1 0 1 0.0
388 22 8754 0 0 1 1 0 1 0 0 0 0 1 0 0 1 1 0 0 1 0 1 1 1 0.0
389 22 7104 0 0 1 1 1 0 0 0 0 0 1 1 0 0 1 1 0 1 0 0 0 1 0.0
390 22 9399 1 0 1 0 0 0 0 0 1 1 1 0 0 0 1 0 0 0 1 1 0 1 0.0
391 22 10893 0 0 1 1 1 1 0 0 0 1 0 0 1 0 0 0 0 1 1 1 1 1 0.0
392 22 10155 0 1 0 1 0 1 0 1 0 0 1 1 0 1 1 0 0 1 0 0 0 1 0.0
393 22 9511 1 0 1 1 0 0 0 1 0 0 0 0 1 1 0 1 0 1 1 0 0 1 0.0
394 22 9083 0 0 0 1 0 1 0 1 0 1 1 0 1 1 0 1 0 0 0 0 0 1 0.0
395 22 9290 0 0 1 0 0 1 1 1 0 1 1 0 0 0 0 1 0 0 1 1 0 1 0.0
396 22 8543 0 1 0 1 0 0 0 0 1 1 0 0 0 0 0 1 1 0 1 0 1 1 0.0
397 22 10346 0 1 0 1 1 0 1 0 1 0 0 0 1 0 0 1 1 1 0 0 0 1 0.0
398 22 9232 0 1 0 0 1 0 1 1 1 1 0 0 0 1 1 0 0 0 1 0 0 0 0.0
399 22 9744 0 0 1 0 1 1 0 1 0 0 0 0 1 0 0 1 0 0 1 1 0 1 0.0
400 22 10079 0 1 0 0 1 0 1 1 0 0 1 0 0 1 1 1 1 0 0 1 0 0 0.0
401 22 8961 0 0 1 1 1 1 1 0 1 0 0 0 0 0 0 1 0 1 1 0 0 1 0.0
402 22 9721 0 0 0 0 1 1 1 0 0 1 0 1 1 1 1 1 1 0 0 0 0 0 0.0
403 22 8375 1 0 1 0 0 1 0 0 1 0 0 1 1 0 1 0 0 0 1 0 1 0 0.0
404 22 7198 1 1 0 1 0 0 0 0 1 0 1 0 0 1 0 1 1 0 0 1 1 0 0.0
405 22 7730 0 1 1 0 0 1 0 0 0 1 1 1 1 1 0 0 0 0 0 1 0 1 0.0
406 22 10113 0 0 1 1 0 0 0 1 1 0 1 0 1 0 1 1 1 1 0 0 0 1 0.0
407 22 6643 0 0 0 0 0 0 0 1 1 1 0 0 0 0 1 1 1 1 0 1 1 0 0.0
408 22 11729 0 0 0 0 1 1 0 1 0 1 0 1 1 1 0 1 0 1 0 1 1 0 0.0
409 22 6879 1 0 0 1 1 0 0 0 0 1 0 0 0 0 0 1 1 1 0 1 1 1 0.0
410 22 9961 1 0 0 0 1 1 0 1 0 0 0 0 0 1 0 0 1 1 1 1 0 1 0.0
411 22 6922 1 1 0 0 0 0 1 0 0 0 0 1 1 0 0 1 0 0 1 0 0 1 0.0
412 22 10260 0 1 0 1 0 0 0 1 1 0 0 1 1 0 1 0 0 1 0 1 1 1 0.0
413 22 7760 0 1 0 1 0 0 0 1 1 0 0 1 0 1 0 1 0 1 0 1 0 1 0.0
414 22 8510 1 1 1 0 0 0 1 0 1 0 1 1 0 0 0 0 1 1 0 0 0 0 0.0
415 22 6798 0 1 1 0 1 1 1 0 0 0 0 0 0 1 0 0 0 1 1 0 1 0 0.0
416 22 9310 0 0 1 0 1 0 1 1 1 1 0 1 0 0 1 1 1 0 0 0 1 1 0.0
417 22 6888 0 0 0 1 0 1 0 1 1 0 0 0 1 0 0 0 0 0 0 1 1 1 0.0
418 22 10299 0 0 1 0 0 1 0 0 0 0 1 1 1 1 0 1 1 0 1 1 0 0 0.0
419 22 9129 1 1 0 1 0 0 0 1 0 0 1 0 1 0 1 0 0 1 1 0 1 0 0.0
420 22 6805 0 0 0 0 1 1 1 0 0 0 1 1 0 0 1 0 0 1 0 0 0 1 0.0
421 22 8050 1 1 1 0 1 1 0 0 1 0 0 0 0 0 1 1 0 1 0 0 0 0 0.0
422 22 9799 0 0 1 1 1 0 0 1 0 0 0 0 0 0 1 0 1 0 1 1 0 1 0.0
423 22 7557 1 0 1 0 0 0 0 1 0 0 0 0 0 0 1 1 1 0 1 0 1 1 0.0
424 22 9289 0 1 1 1 1 1 0 1 0 0 0 0 0 0 0 1 1 0 1 1 1 0 0.0
425 22 6988 0 1 0 0 0 0 0 0 0 0 0 1 1 0 1 0 1 1 0 1 1 0 0.0
426 22 7396 0 1 0 1 1 0 0 0 0 0 0 0 1 0 1 0 0 0 1 1 1 0 0.0
427 22 8351 0 0 0 0 1 0 0 1 1 1 0 0 0 0 0 1 1 0 0 1 1 1 0.0
428 22 7907 1 0 1 1 0 1 0 0 0 1 0 1 0 1 1 0 1 0 0 0 0 0 0.0
429 22 8089 0 0 1 1 0 1 1 1 1 0 1 0 1 0 1 0 0 1 0 0 0 1 0.0
430 22 8454 0 1 0 0 0 1 1 0 0 1 1 1 0 0 0 0 0 0 0 1 1 0 0.0
431 22 8095 0 1 1 0 0 0 0 0 1 0 1 1 0 1 1 0 0 1 0 0 0 0 0.0
432 22 9813 1 0 1 0 1 1 0 0 0 1 0 0 0 1 0 1 1 0 0 1 1 1 0.0
433 22 10579 0 1 0 0 0 1 0 0 0 1 1 0 1 0 1 0 1 1 1 1 0 1 0.0
434 22 8554 1 0 1 0 0 1 1 0 1 0 1 1 1 0 0 0 0 0 1 0 0 1 0.0
435 22 9495 0 0 1 0 1 1 1 1 0 1 1 1 0 0 0 0 1 1 0 0 0 1 0.0
436 22 9263 1 1 0 1 0 0 0 0 1 0 1 0 0 1 0 0 1 0 1 0 1 0 0.0
437 22 8961 0 1 1 0 0 1 0 1 1 0 1 0 0 0 0 0 1 1 0 0 1 1 0.0
438 22 6911 0 1 1 1 1 0 0 0 1 0 0 0 0 1 0 0 0 1 0 0 1 0 0.0
439 22 8020 1 0 1 1 0 0 1 0 0 0 0 0 1 0 0 1 0 0 0 1 1 0 0.0
440 22 11211 1 1 1 0 0 1 1 1 0 1 1 1 0 0 0 0 1 1 0 0 1 0 0.0
441 22 8766 0 0 1 0 0 0 1 0 1 0 0 0 1 1 0 0 1 0 1 1 0 0 0.0
442 22 9013 1 0 1 1 0 0 0 0 1 0 0 0 1 0 1 0 1 0 0 1 0 0 0.0
443 22 8637 1 0 1 1 1 0 0 0 1 0 0 0 0 1 0 0 0 0 0 1 0 1 0.0
444 22 8402 1 1 1 0 0 0 0 0 0 1 1 1 0 0 0 1 0 1 1 0 0 0 0.0
445 22 8418 1 0 0 0 0 0 0 1 0 1 1 1 1 1 0 1 0 0 1 1 0 0 0.0
446 22 8319 0 1 0 1 1 0 1 0 1 1 0 1 0 0 1 1 0 1 0 1 0 0 0.0
447 22 8643 1 0 0 0 1 1 1 1 0 0 0 0 1 1 0 0 0 0 1 1 0 1 0.0
448 22 7900 0 0 0 1 0 1 0 1 0 0 1 1 0 1 0 0 1 0 0 0 1 0 0.0
449 22 7628 1 1 0 1 1 1 1 0 0 0 1 1 1 0 1 0 0 0 0 0 0 1 0.0
450 22 9299 0 1 1 0 0 0 1 0 0 1 0 0 1 0 0 0 1 0 1 1 1 0 0.0
451 22 9132 1 0 1 1 0 1 0 0 1 1 0 0 1 0 1 1 0 1 0 0 0 0 0.0
452 22 9427 1 0 1 1 1 1 1 0 0 1 0 1 0 1 0 0 0 0 0 1 0 1 0.0
453 22 8959 1 0 0 0 1 0 1 1 0 1 1 1 0 1 0 0 1 1 1 0 0 0 0.0
454 22 10125 1 1 0 1 1 1 1 0 1 0 0 0 0 0 0 1 0 0 0 0 1 1 0.0
455 22 8607 0 1 0 0 1 0 1 1 1 1 0 1 0 1 0 0 1 0 1 0 0 0 0.0
456 22 10186 0 0 0 0 0 1 1 1 0 0 1 0 1 0 1 0 0 0 0 1 0 1 0.0
457 22 8311 0 0 0 0 0 0 1 1 1 0 1 0 1 0 0 1 1 0 1 1 0 0 0.0
458 22 7402 0 1 0 1 0 0 0 0 0 0 1 0 0 0 0 1 0 0 0 1 1 1 0.0
459 22 10361 1 0 0 0 1 0 0 1 0 1 1 0 1 1 1 0 1 0 0 0 0 1 0.0
460 22 8000 1 0 0 1 0 1 0 0 0 0 1 0 0 1 0 0 1 1 0 1 1 0 0.0
461 22 7491 1 0 0 0 0 0 1 1 1 0 1 0 1 1 0 0 0 0 0 1 1 1 0.0
462 22 8228 1 1 1 0 0 0 0 0 1 1 1 1 1 0 0 0 0 1 0 0 1 0 0.0
463 22 9264 0 1 1 1 0 0 0 0 1 0 0 1 1 1 1 1 0 0 0 0 0 0 0.0
464 22 6941 1 0 1 0 1 0 0 0 1 1 0 1 0 1 0 0 0 0 0 1 1 1 0.0
465 22 8184 1 0 0 1 1 0 1 0 0 0 0 1 1 0 1 1 0 0 0 0 0 1 0.0
466 22 8788 0 0 1 1 1 0 0 1 0 0 0 1 1 0 0 0 0 1 0 0 1 1 0.0
467 22 8775 1 0 0 0 0 1 1 1 0 1 0 0 0 0 0 0 1 0 1 1 1 0 0.0
468 22 6235 0 1 0 1 0 1 1 0 0 0 1 1 1 0 0 1 0 0 0 0 0 0 0.0
469 22 9851 1 1 0 1 0 1 0 1 1 0 0 0 0 0 0 1 1 0 1 0 0 0 0.0
470 22 7771 0 0 1 0 0 0 0 1 0 1 0 1 0 1 0 0 1 1 0 1 0 0 0.0
471 22 11356 0 0 1 0 0 0 1 1 1 0 0 0 1 0 1 1 1 1 0 1 0 1 0.0
472 22 7767 0 1 0 0 0 0 1 0 0 0 1 0 0 0 1 1 1 1 0 1 0 1 0.0
473 22 8784 0 1 0 0 1 1 0 0 1 1 0 1 1 0 1 0 1 0 0 1 0 0 0.0
474 22 9396 0 1 1 0 0 1 0 0 1 0 0 1 1 0 0 0 0 0 1 0 0 0 0.0
475 22 7320 0 1 0 1 1 1 0 0 1 0 0 1 0 0 0 0 1 0 1 0 0 0 0.0
476 22 9216 0 0 0 1 0 0 1 1 1 1 1 1 0 0 0 0 0 0 1 1 0 0 0.0
477 22 10217 1 1 1 1 0 0 1 1 0 1 0 1 0 1 1 0 0 0 0 1 0 0 0.0
478 22 7262 1 0 0 0 0 0 0 0 0 1 1 0 0 0 0 1 1 0 0 1 0 1 0.0
479 22 6392 0 1 1 0 0 1 1 1 0 0 0 1 1 0 0 0 0 0 0 1 0 1 0.0
480 22 7707 0 1 0 1 0 1 0 1 1 1 0 0 0 1 0 0 0 0 1 1 0 1 0.0
481 22 8737 0 0 1 1 1 0 0 1 0 1 1 0 0 0 0 1 1 0 0 1 0 0 0.0
482 22 8590 1 1 0 0 1 0 0 0 0 0 1 0 0 0 1 0 1 0 0 1 1 1 0.0
483 22 7282 0 0 1 1 1 0 0 0 0 0 0 1 0 0 0 1 0 0 1 1 0 1 0.0
484 22 8559 1 0 1 0 1 0 0 0 0 1 0 0 0 1 1 0 1 0 0 1 1 1 0.0
485 22 10623 0 1 1 0 1 0 0 1 0 0 1 0 0 0 1 1 1 1 0 0 0 1 0.0
486 22 8483 0 1 0 0 0 0 0 1 1 0 1 0 0 0 1 1 1 0 1 0 0 0 0.0
487 22 8877 1 0 0 1 1 0 0 1 0 0 1 1 0 0 1 0 1 0 1 0 0 1 0.0
488 22 8592 0 1 0 0 1 1 0 0 0 1 1 0 1 0 1 1 0 1 0 0 0 0 0.0
489 22 8580 0 1 0 0 1 0 0 0 0 1 1 0 1 1 0 1 1 0 0 0 1 1 0.0
490 22 10752 0 1 1 0 0 0 0 1 0 1 0 0 1 0 1 1 0 1 0 1 1 0 0.0
491 22 7693 1 1 1 0 0 1 1 1 1 0 0 1 1 0 0 1 0 0 1 0 0 0 0.0
492 22 7301 1 0 1 1 0 1 0 0 0 1 0 0 0 1 0 0 1 0 1 0 0 1 0.0
493 22 7958 1 1 0 0 1 1 1 0 0 0 0 0 0 0 0 0 1 0 1 0 0 1 0.0
494 22 7622 0 0 0 1 1 0 1 1 1 1 0 0 0 0 1 0 0 1 0 0 0 0 0.0
495 22 10089 0 1 1 0 0 1 0 1 1 1 1 0 1 0 0 0 0 1 0 1 0 0 0.0
496 22 10058 1 0 1 0 0 0 0 1 0 0 0 1 1 1 0 1 1 1 1 0 0 0 0.0
497 22 8059 1 0 0 0 1 0 0 0 1 0 1 1 1 0 0 1 1 0 0 1 0 0 0.0
498 22 11967 0 1 0 1 1 0 1 0 1 0 0 1 1 1 0 1 1 1 0 0 0 1 0.0
499 22 9671 0 0 1 0 1 1 0 0 1 1 0 1 0 0 1 1 1 0 0 1 0 0 0.0
500 22 7643 0 0 1 1 0 0 0 0 0 0 1 1 1 0 1 0 0 1 1 1 0 0 0.0
