1 15 10077 1 1 1 1 1 1 1 1 1 1 1 1 1 1 1 0.0
2 15 12147 1 1 1 1 1 1 1 1 1 1 1 1 1 1 1 0.0
3 15 13606 1 1 1 1 1 1 1 1 1 1 1 1 1 1 1 0.0
4 15 13989 1 1 1 1 1 1 1 1 1 1 1 1 1 1 1 0.0
5 15 10628 1 1 1 1 1 1 1 1 1 1 1 1 1 1 1 0.0
6 15 9810 1 1 1 1 1 1 1 1 1 1 1 1 1 1 1 0.0
7 15 8761 1 1 1 1 1 1 1 1 1 1 1 1 1 1 1 0.0
8 15 11006 1 1 1 1 1 1 1 1 1 1 1 1 1 1 1 0.0
9 15 15391 1 1 1 1 1 1 1 1 1 1 1 1 1 1 1 0.0
10 15 11721 1 1 1 1 1 1 1 1 1 1 1 1 1 1 1 0.0
11 15 8933 1 1 1 1 1 1 1 1 1 1 1 1 1 1 1 0.0
12 15 9533 1 1 1 1 1 1 1 1 1 1 1 1 1 1 1 0.0
13 15 12451 1 1 1 1 1 1 1 1 1 1 1 1 1 1 1 0.0
14 15 12896 1 1 1 1 1 1 1 1 1 1 1 1 1 1 1 0.0
15 15 12774 1 1 1 1 1 1 1 1 1 1 1 1 1 1 1 0.0
16 15 11754 1 1 1 1 1 1 1 1 1 1 1 1 1 1 1 0.0
17 15 7616 1 1 1 1 1 1 1 1 1 1 1 1 1 1 1 0.0
18 15 11240 1 1 1 1 1 1 1 1 1 1 1 1 1 1 1 0.0
19 15 10829 1 1 1 1 1 1 1 1 1 1 1 1 1 1 1 0.0
20 15 7378 1 1 1 1 1 1 1 1 1 1 1 1 1 1 1 0.0
21 15 8820 1 1 1 1 1 1 1 1 1 1 1 1 1 1 1 0.0
22 15 10247 1 1 1 1 1 1 1 1 1 1 1 1 1 1 1 0.0
23 15 10093 1 1 1 1 1 1 1 1 1 1 1 1 1 1 1 0.0
24 15 9982 1 1 1 1 1 1 1 1 1 1 1 1 1 1 1 0.0
25 15 7943 1 1 1 1 1 1 1 1 1 1 1 1 1 1 1 0.0
26 15 10334 1 1 1 1 1 1 1 1 1 1 1 1 1 1 1 0.0
27 15 11415 1 1 1 1 1 1 1 1 1 1 1 1 1 1 1 0.0
28 15 8207 1 1 1 1 1 1 1 1 1 1 1 1 1 1 1 0.0
29 15 11417 1 1 1 1 1 1 1 1 1 1 1 1 1 1 1 0.0
30 15 11091 1 1 1 1 1 1 1 1 1 1 1 1 1 1 1 0.0
31 15 13521 1 1 1 1 1 1 1 1 1 1 1 1 1 1 1 0.0
32 15 11213 1 1 1 1 1 1 1 1 1 1 1 1 1 1 1 0.0
33 15 12173 1 1 1 1 1 1 1 1 1 1 1 1 1 1 1 0.0
34 15 12487 1 1 1 1 1 1 1 1 1 1 1 1 1 1 1 0.0
35 15 9728 1 1 1 1 1 1 1 1 1 1 1 1 1 1 1 0.0
36 15 12368 1 1 1 1 1 1 1 1 1 1 1 1 1 1 1 0.0
37 15 13312 1 1 1 1 1 1 1 1 1 1 1 1 1 1 1 0.0
38 15 12753 1 1 1 1 1 1 1 1 1 1 1 1 1 1 1 0.0
39 15 11045 1 1 1 1 1 1 1 1 1 1 1 1 1 1 1 0.0
40 15 10270 1 1 1 1 1 1 1 1 1 1 1 1 1 1 1 0.0
41 15 9610 1 1 1 1 1 1 1 1 1 1 1 1 1 1 1 0.0
42 15 8632 1 1 1 1 1 1 1 1 1 1 1 1 1 1 1 0.0
43 15 11040 1 1 1 1 1 1 1 1 1 1 1 1 1 1 1 0.0
44 15 12740 1 1 1 1 1 1 1 1 1 1 1 1 1 1 1 0.0
45 15 10903 1 1 1 1 1 1 1 1 1 1 1 1 1 1 1 0.0
46 15 12209 1 1 1 1 1 1 1 1 1 1 1 1 1 1 1 0.0
47 15 11689 1 1 1 1 1 1 1 1 1 1 1 1 1 1 1 0.0
48 15 8766 1 1 1 1 1 1 1 1 1 1 1 1 1 1 1 0.0
49 15 12109 1 1 1 1 1 1 1 1 1 1 1 1 1 1 1 0.0
50 15 10033 1 1 1 1 1 1 1 1 1 1 1 1 1 1 1 0.0
51 15 9661 1 1 1 1 1 1 1 1 1 1 1 1 1 1 1 0.0
52 15 11931 1 1 1 1 1 1 1 1 1 1 1 1 1 1 1 0.0
53 15 12624 1 1 1 1 1 1 1 1 1 1 1 1 1 1 1 0.0
54 15 11818 1 1 1 1 1 1 1 1 1 1 1 1 1 1 1 0.0
55 15 9112 1 1 1 1 1 1 1 1 1 1 1 1 1 1 1 0.0
56 15 8848 1 1 1 1 1 1 1 1 1 1 1 1 1 1 1 0.0
57 15 9589 1 1 1 1 1 1 1 1 1 1 1 1 1 1 1 0.0
58 15 12498 1 1 1 1 1 1 1 1 1 1 1 1 1 1 1 0.0
59 15 10282 1 1 1 1 1 1 1 1 1 1 1 1 1 1 1 0.0
60 15 11577 1 1 1 1 1 1 1 1 1 1 1 1 1 1 1 0.0
61 15 12354 1 1 1 1 1 1 1 1 1 1 1 1 1 1 1 0.0
62 15 13606 1 1 1 1 1 1 1 1 1 1 1 1 1 1 1 0.0
63 15 10002 1 1 1 1 1 1 1 1 1 1 1 1 1 1 1 0.0
64 15 10369 1 1 1 1 1 1 1 1 1 1 1 1 1 1 1 0.0
65 15 13334 1 1 1 1 1 1 1 1 1 1 1 1 1 1 1 0.0
66 15 12309 1 1 1 1 1 1 1 1 1 1 1 1 1 1 1 0.0
67 15 11766 1 1 1 1 1 1 1 1 1 1 1 1 1 1 1 0.0
68 15 12003 1 1 1 1 1 1 1 1 1 1 1 1 1 1 1 0.0
69 15 10904 1 1 1 1 1 1 1 1 1 1 1 1 1 1 1 0.0
70 15 11254 1 1 1 1 1 1 1 1 1 1 1 1 1 1 1 0.0
71 15 12619 1 1 1 1 1 1 1 1 1 1 1 1 1 1 1 0.0
72 15 9955 1 1 1 1 1 1 1 1 1 1 1 1 1 1 1 0.0
73 15 10306 1 1 1 1 1 1 1 1 1 1 1 1 1 1 1 0.0
74 15 10288 1 1 1 1 1 1 1 1 1 1 1 1 1 1 1 0.0
75 15 8019 1 1 1 1 1 1 1 1 1 1 1 1 1 1 1 0.0
76 15 15787 1 1 1 1 1 1 1 1 1 1 1 1 1 1 1 0.0
77 15 14224 1 1 1 1 1 1 1 1 1 1 1 1 1 1 1 0.0
78 15 11872 1 1 1 1 1 1 1 1 1 1 1 1 1 1 1 0.0
79 15 8176 1 1 1 1 1 1 1 1 1 1 1 1 1 1 1 0.0
80 15 10458 1 1 1 1 1 1 1 1 1 1 1 1 1 1 1 0.0
81 15 14123 1 1 1 1 1 1 1 1 1 1 1 1 1 1 1 0.0
82 15 12592 1 1 1 1 1 1 1 1 1 1 1 1 1 1 1 0.0
83 15 12190 1 1 1 1 1 1 1 1 1 1 1 1 1 1 1 0.0
84 15 9203 1 1 1 1 1 1 1 1 1 1 1 1 1 1 1 0.0
85 15 10913 1 1 1 1 1 1 1 1 1 1 1 1 1 1 1 0.0
86 15 13920 1 1 1 1 1 1 1 1 1 1 1 1 1 1 1 0.0
87 15 11822 1 1 1 1 1 1 1 1 1 1 1 1 1 1 1 0.0
88 15 9912 1 1 1 1 1 1 1 1 1 1 1 1 1 1 1 0.0
89 15 6827 1 1 1 1 1 1 1 1 1 1 1 1 1 1 1 0.0
90 15 13024 1 1 1 1 1 1 1 1 1 1 1 1 1 1 1 0.0
91 15 9612 1 1 1 1 1 1 1 1 1 1 1 1 1 1 1 0.0
92 15 11792 1 1 1 1 1 1 1 1 1 1 1 1 1 1 1 0.0
93 15 11559 1 1 1 1 1 1 1 1 1 1 1 1 1 1 1 0.0
94 15 9841 1 1 1 1 1 1 1 1 1 1 1 1 1 1 1 0.0
95 15 8857 1 1 1 1 1 1 1 1 1 1 1 1 1 1 1 0.0
96 15 9179 1 1 1 1 1 1 1 1 1 1 1 1 1 1 1 0.0
97 15 10616 1 1 1 1 1 1 1 1 1 1 1 1 1 1 1 0.0
98 15 8235 1 1 1 1 1 1 1 1 1 1 1 1 1 1 1 0.0
99 15 9554 1 1 1 1 1 1 1 1 1 1 1 1 1 1 1 0.0
100 15 13487 1 1 1 1 1 1 1 1 1 1 1 1 1 1 1 0.0
101 15 13853 1 1 1 1 1 1 1 1 1 1 1 1 1 1 1 0.0
102 15 8953 1 1 1 1 1 1 1 1 1 1 1 1 1 1 1 0.0
103 15 10664 1 1 1 1 1 1 1 1 1 1 1 1 1 1 1 0.0
104 15 10201 1 1 1 1 1 1 1 1 1 1 1 1 1 1 1 0.0
105 15 12638 1 1 1 1 1 1 1 1 1 1 1 1 1 1 1 0.0
106 15 13284 1 1 1 1 1 1 1 1 1 1 1 1 1 1 1 0.0
107 15 12971 1 1 1 1 1 1 1 1 1 1 1 1 1 1 1 0.0
108 15 11051 1 1 1 1 1 1 1 1 1 1 1 1 1 1 1 0.0
109 15 11580 1 1 1 1 1 1 1 1 1 1 1 1 1 1 1 0.0
110 15 12468 1 1 1 1 1 1 1 1 1 1 1 1 1 1 1 0.0
111 15 11836 1 1 1 1 1 1 1 1 1 1 1 1 1 1 1 0.0
112 15 8023 1 1 1 1 1 1 1 1 1 1 1 1 1 1 1 0.0
113 15 10115 1 1 1 1 1 1 1 1 1 1 1 1 1 1 1 0.0
114 15 11160 1 1 1 1 1 1 1 1 1 1 1 1 1 1 1 0.0
115 15 10182 1 1 1 1 1 1 1 1 1 1 1 1 1 1 1 0.0
116 15 12213 1 1 1 1 1 1 1 1 1 1 1 1 1 1 1 0.0
117 15 11171 1 1 1 1 1 1 1 1 1 1 1 1 1 1 1 0.0
118 15 11903 1 1 1 1 1 1 1 1 1 1 1 1 1 1 1 0.0
119 15 11785 1 1 1 1 1 1 1 1 1 1 1 1 1 1 1 0.0
120 15 11253 1 1 1 1 1 1 1 1 1 1 1 1 1 1 1 0.0
121 15 12767 1 1 1 1 1 1 1 1 1 1 1 1 1 1 1 0.0
122 15 8855 1 1 1 1 1 1 1 1 1 1 1 1 1 1 1 0.0
123 15 12455 1 1 1 1 1 1 1 1 1 1 1 1 1 1 1 0.0
124 15 11299 1 1 1 1 1 1 1 1 1 1 1 1 1 1 1 0.0
125 15 11316 1 1 1 1 1 1 1 1 1 1 1 1 1 1 1 0.0
126 15 12114 1 1 1 1 1 1 1 1 1 1 1 1 1 1 1 0.0
127 15 11544 1 1 1 1 1 1 1 1 1 1 1 1 1 1 1 0.0
128 15 11609 1 1 1 1 1 1 1 1 1 1 1 1 1 1 1 0.0
129 15 10013 1 1 1 1 1 1 1 1 1 1 1 1 1 1 1 0.0
130 15 8592 1 1 1 1 1 1 1 1 1 1 1 1 1 1 1 0.0
131 15 12551 1 1 1 1 1 1 1 1 1 1 1 1 1 1 1 0.0
132 15 12875 1 1 1 1 1 1 1 1 1 1 1 1 1 1 1 0.0
133 15 11377 1 1 1 1 1 1 1 1 1 1 1 1 1 1 1 0.0
134 15 10725 1 1 1 1 1 1 1 1 1 1 1 1 1 1 1 0.0
135 15 12488 1 1 1 1 1 1 1 1 1 1 1 1 1 1 1 0.0
136 15 13485 1 1 1 1 1 1 1 1 1 1 1 1 1 1 1 0.0
137 15 10597 1 1 1 1 1 1 1 1 1 1 1 1 1 1 1 0.0
138 15 8597 1 1 1 1 1 1 1 1 1 1 1 1 1 1 1 0.0
139 15 11942 1 1 1 1 1 1 1 1 1 1 1 1 1 1 1 0.0
140 15 8183 1 1 1 1 1 1 1 1 1 1 1 1 1 1 1 0.0
141 15 10237 1 1 1 1 1 1 1 1 1 1 1 1 1 1 1 0.0
142 15 10131 1 1 1 1 1 1 1 1 1 1 1 1 1 1 1 0.0
143 15 11962 1 1 1 1 1 1 1 1 1 1 1 1 1 1 1 0.0
144 15 12325 1 1 1 1 1 1 1 1 1 1 1 1 1 1 1 0.0
145 15 11317 1 1 1 1 1 1 1 1 1 1 1 1 1 1 1 0.0
146 15 13601 1 1 1 1 1 1 1 1 1 1 1 1 1 1 1 0.0
147 15 10921 1 1 1 1 1 1 1 1 1 1 1 1 1 1 1 0.0
148 15 13540 1 1 1 1 1 1 1 1 1 1 1 1 1 1 1 0.0
149 15 11322 1 1 1 1 1 1 1 1 1 1 1 1 1 1 1 0.0
150 15 10888 1 1 1 1 1 1 1 1 1 1 1 1 1 1 1 0.0
151 15 8152 1 1 1 1 1 1 1 1 1 1 1 1 1 1 1 0.0
152 15 9727 1 1 1 1 1 1 1 1 1 1 1 1 1 1 1 0.0
153 15 12476 1 1 1 1 1 1 1 1 1 1 1 1 1 1 1 0.0
154 15 11679 1 1 1 1 1 1 1 1 1 1 1 1 1 1 1 0.0
155 15 12004 1 1 1 1 1 1 1 1 1 1 1 1 1 1 1 0.0
156 15 12516 1 1 1 1 1 1 1 1 1 1 1 1 1 1 1 0.0
157 15 11308 1 1 1 1 1 1 1 1 1 1 1 1 1 1 1 0.0
158 15 12584 1 1 1 1 1 1 1 1 1 1 1 1 1 1 1 0.0
159 15 10771 1 1 1 1 1 1 1 1 1 1 1 1 1 1 1 0.0
160 15 9898 1 1 1 1 1 1 1 1 1 1 1 1 1 1 1 0.0
161 15 10501 1 1 1 1 1 1 1 1 1 1 1 1 1 1 1 0.0
162 15 11298 1 1 1 1 1 1 1 1 1 1 1 1 1 1 1 0.0
163 15 12552 1 1 1 1 1 1 1 1 1 1 1 1 1 1 1 0.0
164 15 12878 1 1 1 1 1 1 1 1 1 1 1 1 1 1 1 0.0
165 15 10973 1 1 1 1 1 1 1 1 1 1 1 1 1 1 1 0.0
166 15 10507 1 1 1 1 1 1 1 1 1 1 1 1 1 1 1 0.0
167 15 10195 1 1 1 1 1 1 1 1 1 1 1 1 1 1 1 0.0
168 15 10883 1 1 1 1 1 1 1 1 1 1 1 1 1 1 1 0.0
169 15 10478 1 1 1 1 1 1 1 1 1 1 1 1 1 1 1 0.0
170 15 12747 1 1 1 1 1 1 1 1 1 1 1 1 1 1 1 0.0
171 15 10668 1 1 1 1 1 1 1 1 1 1 1 1 1 1 1 0.0
172 15 12467 1 1 1 1 1 1 1 1 1 1 1 1 1 1 1 0.0
173 15 12431 1 1 1 1 1 1 1 1 1 1 1 1 1 1 1 0.0
174 15 10511 1 1 1 1 1 1 1 1 1 1 1 1 1 1 1 0.0
175 15 10276 1 1 1 1 1 1 1 1 1 1 1 1 1 1 1 0.0
176 15 8916 1 1 1 1 1 1 1 1 1 1 1 1 1 1 1 0.0
177 15 9128 1 1 1 1 1 1 1 1 1 1 1 1 1 1 1 0.0
178 15 11621 1 1 1 1 1 1 1 1 1 1 1 1 1 1 1 0.0
179 15 11474 1 1 1 1 1 1 1 1 1 1 1 1 1 1 1 0.0
180 15 12618 1 1 1 1 1 1 1 1 1 1 1 1 1 1 1 0.0
181 15 11112 1 1 1 1 1 1 1 1 1 1 1 1 1 1 1 0.0
182 15 10307 1 1 1 1 1 1 1 1 1 1 1 1 1 1 1 0.0
183 15 16585 1 1 1 1 1 1 1 1 1 1 1 1 1 1 1 0.0
184 15 13352 1 1 1 1 1 1 1 1 1 1 1 1 1 1 1 0.0
185 15 9498 1 1 1 1 1 1 1 1 1 1 1 1 1 1 1 0.0
186 15 13083 1 1 1 1 1 1 1 1 1 1 1 1 1 1 1 0.0
187 15 10769 1 1 1 1 1 1 1 1 1 1 1 1 1 1 1 0.0
188 15 11722 1 1 1 1 1 1 1 1 1 1 1 1 1 1 1 0.0
189 15 11279 1 1 1 1 1 1 1 1 1 1 1 1 1 1 1 0.0
190 15 9399 1 1 1 1 1 1 1 1 1 1 1 1 1 1 1 0.0
191 15 11130 1 1 1 1 1 1 1 1 1 1 1 1 1 1 1 0.0
192 15 12133 1 1 1 1 1 1 1 1 1 1 1 1 1 1 1 0.0
193 15 12100 1 1 1 1 1 1 1 1 1 1 1 1 1 1 1 0.0
194 15 11226 1 1 1 1 1 1 1 1 1 1 1 1 1 1 1 0.0
195 15 11343 1 1 1 1 1 1 1 1 1 1 1 1 1 1 1 0.0
196 15 11289 1 1 1 1 1 1 1 1 1 1 1 1 1 1 1 0.0
197 15 9802 1 1 1 1 1 1 1 1 1 1 1 1 1 1 1 0.0
198 15 12564 1 1 1 1 1 1 1 1 1 1 1 1 1 1 1 0.0
199 15 9922 1 1 1 1 1 1 1 1 1 1 1 1 1 1 1 0.0
200 15 11342 1 1 1 1 1 1 1 1 1 1 1 1 1 1 1 0.0
201 15 11578 1 1 1 1 1 1 1 1 1 1 1 1 1 1 1 0.0
202 15 9595 1 1 1 1 1 1 1 1 1 1 1 1 1 1 1 0.0
203 15 13269 1 1 1 1 1 1 1 1 1 1 1 1 1 1 1 0.0
204 15 10893 1 1 1 1 1 1 1 1 1 1 1 1 1 1 1 0.0
205 15 13275 1 1 1 1 1 1 1 1 1 1 1 1 1 1 1 0.0
206 15 11304 1 1 1 1 1 1 1 1 1 1 1 1 1 1 1 0.0
207 15 12263 1 1 1 1 1 1 1 1 1 1 1 1 1 1 1 0.0
208 15 9735 1 1 1 1 1 1 1 1 1 1 1 1 1 1 1 0.0
209 15 11464 1 1 1 1 1 1 1 1 1 1 1 1 1 1 1 0.0
210 15 12454 1 1 1 1 1 1 1 1 1 1 1 1 1 1 1 0.0
211 15 16876 1 1 1 1 1 1 1 1 1 1 1 1 1 1 1 0.0
212 15 11319 1 1 1 1 1 1 1 1 1 1 1 1 1 1 1 0.0
213 15 10736 1 1 1 1 1 1 1 1 1 1 1 1 1 1 1 0.0
214 15 11439 1 1 1 1 1 1 1 1 1 1 1 1 1 1 1 0.0
215 15 10756 1 1 1 1 1 1 1 1 1 1 1 1 1 1 1 0.0
216 15 11547 1 1 1 1 1 1 1 1 1 1 1 1 1 1 1 0.0
217 15 11595 1 1 1 1 1 1 1 1 1 1 1 1 1 1 1 0.0
218 15 17225 1 1 1 1 1 1 1 1 1 1 1 1 1 1 1 0.0
219 15 9279 1 1 1 1 1 1 1 1 1 1 1 1 1 1 1 0.0
220 15 5594 1 1 1 1 1 1 1 1 1 1 1 1 1 1 1 0.0
221 15 12513 1 1 1 1 1 1 1 1 1 1 1 1 1 1 1 0.0
222 15 11985 1 1 1 1 1 1 1 1 1 1 1 1 1 1 1 0.0
223 15 10049 1 1 1 1 1 1 1 1 1 1 1 1 1 1 1 0.0
224 15 11019 1 1 1 1 1 1 1 1 1 1 1 1 1 1 1 0.0
225 15 10108 1 1 1 1 1 1 1 1 1 1 1 1 1 1 1 0.0
226 15 12062 1 1 1 1 1 1 1 1 1 1 1 1 1 1 1 0.0
227 15 10799 1 1 1 1 1 1 1 1 1 1 1 1 1 1 1 0.0
228 15 9172 1 1 1 1 1 1 1 1 1 1 1 1 1 1 1 0.0
229 15 11022 1 1 1 1 1 1 1 1 1 1 1 1 1 1 1 0.0
230 15 7686 1 1 1 1 1 1 1 1 1 1 1 1 1 1 1 0.0
231 15 9113 1 1 1 1 1 1 1 1 1 1 1 1 1 1 1 0.0
232 15 12584 1 1 1 1 1 1 1 1 1 1 1 1 1 1 1 0.0
233 15 9153 1 1 1 1 1 1 1 1 1 1 1 1 1 1 1 0.0
234 15 14093 1 1 1 1 1 1 1 1 1 1 1 1 1 1 1 0.0
235 15 12965 1 1 1 1 1 1 1 1 1 1 1 1 1 1 1 0.0
236 15 11894 1 1 1 1 1 1 1 1 1 1 1 1 1 1 1 0.0
237 15 7925 1 1 1 1 1 1 1 1 1 1 1 1 1 1 1 0.0
238 15 9676 1 1 1 1 1 1 1 1 1 1 1 1 1 1 1 0.0
239 15 11207 1 1 1 1 1 1 1 1 1 1 1 1 1 1 1 0.0
240 15 9789 1 1 1 1 1 1 1 1 1 1 1 1 1 1 1 0.0
241 15 13896 1 1 1 1 1 1 1 1 1 1 1 1 1 1 1 0.0
242 15 12264 1 1 1 1 1 1 1 1 1 1 1 1 1 1 1 0.0
243 15 11216 1 1 1 1 1 1 1 1 1 1 1 1 1 1 1 0.0
244 15 11937 1 1 1 1 1 1 1 1 1 1 1 1 1 1 1 0.0
245 15 9662 1 1 1 1 1 1 1 1 1 1 1 1 1 1 1 0.0
246 15 11452 1 1 1 1 1 1 1 1 1 1 1 1 1 1 1 0.0
247 15 11036 1 1 1 1 1 1 1 1 1 1 1 1 1 1 1 0.0
248 15 11281 1 1 1 1 1 1 1 1 1 1 1 1 1 1 1 0.0
249 15 10968 1 1 1 1 1 1 1 1 1 1 1 1 1 1 1 0.0
250 15 14036 1 1 1 1 1 1 1 1 1 1 1 1 1 1 1 0.0
251 15 13202 1 1 1 1 1 1 1 1 1 1 1 1 1 1 1 0.0
252 15 14832 1 1 1 1 1 1 1 1 1 1 1 1 1 1 1 0.0
253 15 12104 1 1 1 1 1 1 1 1 1 1 1 1 1 1 1 0.0
254 15 10103 1 1 1 1 1 1 1 1 1 1 1 1 1 1 1 0.0
255 15 12696 1 1 1 1 1 1 1 1 1 1 1 1 1 1 1 0.0
256 15 10526 1 1 1 1 1 1 1 1 1 1 1 1 1 1 1 0.0
257 15 10227 1 1 1 1 1 1 1 1 1 1 1 1 1 1 1 0.0
258 15 14267 1 1 1 1 1 1 1 1 1 1 1 1 1 1 1 0.0
259 15 9158 1 1 1 1 1 1 1 1 1 1 1 1 1 1 1 0.0
260 15 11663 1 1 1 1 1 1 1 1 1 1 1 1 1 1 1 0.0
261 15 11274 1 1 1 1 1 1 1 1 1 1 1 1 1 1 1 0.0
262 15 11203 1 1 1 1 1 1 1 1 1 1 1 1 1 1 1 0.0
263 15 15816 1 1 1 1 1 1 1 1 1 1 1 1 1 1 1 0.0
264 15 9952 1 1 1 1 1 1 1 1 1 1 1 1 1 1 1 0.0
265 15 9541 1 1 1 1 1 1 1 1 1 1 1 1 1 1 1 0.0
266 15 10908 1 1 1 1 1 1 1 1 1 1 1 1 1 1 1 0.0
267 15 9410 1 1 1 1 1 1 1 1 1 1 1 1 1 1 1 0.0
268 15 12648 1 1 1 1 1 1 1 1 1 1 1 1 1 1 1 0.0
269 15 12078 1 1 1 1 1 1 1 1 1 1 1 1 1 1 1 0.0
270 15 12788 1 1 1 1 1 1 1 1 1 1 1 1 1 1 1 0.0
271 15 11091 1 1 1 1 1 1 1 1 1 1 1 1 1 1 1 0.0
272 15 10131 1 1 1 1 1 1 1 1 1 1 1 1 1 1 1 0.0
273 15 13692 1 1 1 1 1 1 1 1 1 1 1 1 1 1 1 0.0
274 15 13821 1 1 1 1 1 1 1 1 1 1 1 1 1 1 1 0.0
275 15 10054 1 1 1 1 1 1 1 1 1 1 1 1 1 1 1 0.0
276 15 8690 1 1 1 1 1 1 1 1 1 1 1 1 1 1 1 0.0
277 15 12039 1 1 1 1 1 1 1 1 1 1 1 1 1 1 1 0.0
278 15 13889 1 1 1 1 1 1 1 1 1 1 1 1 1 1 1 0.0
279 15 10576 1 1 1 1 1 1 1 1 1 1 1 1 1 1 1 0.0
280 15 10122 1 1 1 1 1 1 1 1 1 1 1 1 1 1 1 0.0
281 15 11114 1 1 1 1 1 1 1 1 1 1 1 1 1 1 1 0.0
282 15 10322 1 1 1 1 1 1 1 1 1 1 1 1 1 1 1 0.0
283 15 10891 1 1 1 1 1 1 1 1 1 1 1 1 1 1 1 0.0
284 15 11713 1 1 1 1 1 1 1 1 1 1 1 1 1 1 1 0.0
285 15 9916 1 1 1 1 1 1 1 1 1 1 1 1 1 1 1 0.0
286 15 10799 1 1 1 1 1 1 1 1 1 1 1 1 1 1 1 0.0
287 15 10612 1 1 1 1 1 1 1 1 1 1 1 1 1 1 1 0.0
288 15 12214 1 1 1 1 1 1 1 1 1 1 1 1 1 1 1 0.0
289 15 13137 1 1 1 1 1 1 1 1 1 1 1 1 1 1 1 0.0
290 15 9856 1 1 1 1 1 1 1 1 1 1 1 1 1 1 1 0.0
291 15 11950 1 1 1 1 1 1 1 1 1 1 1 1 1 1 1 0.0
292 15 12456 1 1 1 1 1 1 1 1 1 1 1 1 1 1 1 0.0
293 15 7480 1 1 1 1 1 1 1 1 1 1 1 1 1 1 1 0.0
294 15 9423 1 1 1 1 1 1 1 1 1 1 1 1 1 1 1 0.0
295 15 9960 1 1 1 1 1 1 1 1 1 1 1 1 1 1 1 0.0
296 15 9490 1 1 1 1 1 1 1 1 1 1 1 1 1 1 1 0.0
297 15 9455 1 1 1 1 1 1 1 1 1 1 1 1 1 1 1 0.0
298 15 13425 1 1 1 1 1 1 1 1 1 1 1 1 1 1 1 0.0
299 15 10676 1 1 1 1 1 1 1 1 1 1 1 1 1 1 1 0.0
300 15 13450 1 1 1 1 1 1 1 1 1 1 1 1 1 1 1 0.0
301 15 9452 1 1 1 1 1 1 1 1 1 1 1 1 1 1 1 0.0
302 15 9144 1 1 1 1 1 1 1 1 1 1 1 1 1 1 1 0.0
303 15 9748 1 1 1 1 1 1 1 1 1 1 1 1 1 1 1 0.0
304 15 10239 1 1 1 1 1 1 1 1 1 1 1 1 1 1 1 0.0
305 15 12013 1 1 1 1 1 1 1 1 1 1 1 1 1 1 1 0.0
306 15 10835 1 1 1 1 1 1 1 1 1 1 1 1 1 1 1 0.0
307 15 9679 1 1 1 1 1 1 1 1 1 1 1 1 1 1 1 0.0
308 15 10045 1 1 1 1 1 1 1 1 1 1 1 1 1 1 1 0.0
309 15 9303 1 1 1 1 1 1 1 1 1 1 1 1 1 1 1 0.0
310 15 12592 1 1 1 1 1 1 1 1 1 1 1 1 1 1 1 0.0
311 15 12594 1 1 1 1 1 1 1 1 1 1 1 1 1 1 1 0.0
312 15 12941 1 1 1 1 1 1 1 1 1 1 1 1 1 1 1 0.0
313 15 14817 1 1 1 1 1 1 1 1 1 1 1 1 1 1 1 0.0
314 15 12712 1 1 1 1 1 1 1 1 1 1 1 1 1 1 1 0.0
315 15 8200 1 1 1 1 1 1 1 1 1 1 1 1 1 1 1 0.0
316 15 12789 1 1 1 1 1 1 1 1 1 1 1 1 1 1 1 0.0
317 15 12133 1 1 1 1 1 1 1 1 1 1 1 1 1 1 1 0.0
318 15 11019 1 1 1 1 1 1 1 1 1 1 1 1 1 1 1 0.0
319 15 12257 1 1 1 1 1 1 1 1 1 1 1 1 1 1 1 0.0
320 15 10002 1 1 1 1 1 1 1 1 1 1 1 1 1 1 1 0.0
321 15 9407 1 1 1 1 1 1 1 1 1 1 1 1 1 1 1 0.0
322 15 11391 1 1 1 1 1 1 1 1 1 1 1 1 1 1 1 0.0
323 15 11819 1 1 1 1 1 1 1 1 1 1 1 1 1 1 1 0.0
324 15 12911 1 1 1 1 1 1 1 1 1 1 1 1 1 1 1 0.0
325 15 12951 1 1 1 1 1 1 1 1 1 1 1 1 1 1 1 0.0
326 15 10870 1 1 1 1 1 1 1 1 1 1 1 1 1 1 1 0.0
327 15 10808 1 1 1 1 1 1 1 1 1 1 1 1 1 1 1 0.0
328 15 11648 1 1 1 1 1 1 1 1 1 1 1 1 1 1 1 0.0
329 15 10587 1 1 1 1 1 1 1 1 1 1 1 1 1 1 1 0.0
330 15 8614 1 1 1 1 1 1 1 1 1 1 1 1 1 1 1 0.0
331 15 11970 1 1 1 1 1 1 1 1 1 1 1 1 1 1 1 0.0
332 15 8679 1 1 1 1 1 1 1 1 1 1 1 1 1 1 1 0.0
333 15 10629 1 1 1 1 1 1 1 1 1 1 1 1 1 1 1 0.0
334 15 11430 1 1 1 1 1 1 1 1 1 1 1 1 1 1 1 0.0
335 15 11847 1 1 1 1 1 1 1 1 1 1 1 1 1 1 1 0.0
336 15 10665 1 1 1 1 1 1 1 1 1 1 1 1 1 1 1 0.0
337 15 11602 1 1 1 1 1 1 1 1 1 1 1 1 1 1 1 0.0
338 15 8217 1 1 1 1 1 1 1 1 1 1 1 1 1 1 1 0.0
339 15 11950 1 1 1 1 1 1 1 1 1 1 1 1 1 1 1 0.0
340 15 11701 1 1 1 1 1 1 1 1 1 1 1 1 1 1 1 0.0
341 15 7885 1 1 1 1 1 1 1 1 1 1 1 1 1 1 1 0.0
342 15 8213 1 1 1 1 1 1 1 1 1 1 1 1 1 1 1 0.0
343 15 12750 1 1 1 1 1 1 1 1 1 1 1 1 1 1 1 0.0
344 15 11648 1 1 1 1 1 1 1 1 1 1 1 1 1 1 1 0.0
345 15 13598 1 1 1 1 1 1 1 1 1 1 1 1 1 1 1 0.0
346 15 10823 1 1 1 1 1 1 1 1 1 1 1 1 1 1 1 0.0
347 15 13502 1 1 1 1 1 1 1 1 1 1 1 1 1 1 1 0.0
348 15 12620 1 1 1 1 1 1 1 1 1 1 1 1 1 1 1 0.0
349 15 11258 1 1 1 1 1 1 1 1 1 1 1 1 1 1 1 0.0
350 15 7510 1 1 1 1 1 1 1 1 1 1 1 1 1 1 1 0.0
351 15 12527 1 1 1 1 1 1 1 1 1 1 1 1 1 1 1 0.0
352 15 10275 1 1 1 1 1 1 1 1 1 1 1 1 1 1 1 0.0
353 15 14541 1 1 1 1 1 1 1 1 1 1 1 1 1 1 1 0.0
354 15 10766 1 1 1 1 1 1 1 1 1 1 1 1 1 1 1 0.0
355 15 9915 1 1 1 1 1 1 1 1 1 1 1 1 1 1 1 0.0
356 15 13908 1 1 1 1 1 1 1 1 1 1 1 1 1 1 1 0.0
357 15 8961 1 1 1 1 1 1 1 1 1 1 1 1 1 1 1 0.0
358 15 11826 1 1 1 1 1 1 1 1 1 1 1 1 1 1 1 0.0
359 15 10007 1 1 1 1 1 1 1 1 1 1 1 1 1 1 1 0.0
360 15 10323 1 1 1 1 1 1 1 1 1 1 1 1 1 1 1 0.0
361 15 11759 1 1 1 1 1 1 1 1 1 1 1 1 1 1 1 0.0
362 15 10817 1 1 1 1 1 1 1 1 1 1 1 1 1 1 1 0.0
363 15 11199 1 1 1 1 1 1 1 1 1 1 1 1 1 1 1 0.0
364 15 10692 1 1 1 1 1 1 1 1 1 1 1 1 1 1 1 0.0
365 15 11064 1 1 1 1 1 1 1 1 1 1 1 1 1 1 1 0.0
366 15 9860 1 1 1 1 1 1 1 1 1 1 1 1 1 1 1 0.0
367 15 9706 1 1 1 1 1 1 1 1 1 1 1 1 1 1 1 0.0
368 15 11471 1 1 1 1 1 1 1 1 1 1 1 1 1 1 1 0.0
369 15 12714 1 1 1 1 1 1 1 1 1 1 1 1 1 1 1 0.0
370 15 13616 1 1 1 1 1 1 1 1 1 1 1 1 1 1 1 0.0
371 15 10990 1 1 1 1 1 1 1 1 1 1 1 1 1 1 1 0.0
372 15 10730 1 1 1 1 1 1 1 1 1 1 1 1 1 1 1 0.0
373 15 10654 1 1 1 1 1 1 1 1 1 1 1 1 1 1 1 0.0
374 15 11950 1 1 1 1 1 1 1 1 1 1 1 1 1 1 1 0.0
375 15 9871 1 1 1 1 1 1 1 1 1 1 1 1 1 1 1 0.0
376 15 9754 1 1 1 1 1 1 1 1 1 1 1 1 1 1 1 0.0
377 15 11511 1 1 1 1 1 1 1 1 1 1 1 1 1 1 1 0.0
378 15 11948 1 1 1 1 1 1 1 1 1 1 1 1 1 1 1 0.0
379 15 8835 1 1 1 1 1 1 1 1 1 1 1 1 1 1 1 0.0
380 15 12168 1 1 1 1 1 1 1 1 1 1 1 1 1 1 1 0.0
381 15 14473 1 1 1 1 1 1 1 1 1 1 1 1 1 1 1 0.0
382 15 9990 1 1 1 1 1 1 1 1 1 1 1 1 1 1 1 0.0
383 15 9143 1 1 1 1 1 1 1 1 1 1 1 1 1 1 1 0.0
384 15 10460 1 1 1 1 1 1 1 1 1 1 1 1 1 1 1 0.0
385 15 14745 1 1 1 1 1 1 1 1 1 1 1 1 1 1 1 0.0
386 15 11001 1 1 1 1 1 1 1 1 1 1 1 1 1 1 1 0.0
387 15 9482 1 1 1 1 1 1 1 1 1 1 1 1 1 1 1 0.0
388 15 10988 1 1 1 1 1 1 1 1 1 1 1 1 1 1 1 0.0
389 15 7981 1 1 1 1 1 1 1 1 1 1 1 1 1 1 1 0.0
390 15 13732 1 1 1 1 1 1 1 1 1 1 1 1 1 1 1 0.0
391 15 11475 1 1 1 1 1 1 1 1 1 1 1 1 1 1 1 0.0
392 15 12688 1 1 1 1 1 1 1 1 1 1 1 1 1 1 1 0.0
393 15 11138 1 1 1 1 1 1 1 1 1 1 1 1 1 1 1 0.0
394 15 11379 1 1 1 1 1 1 1 1 1 1 1 1 1 1 1 0.0
395 15 9770 1 1 1 1 1 1 1 1 1 1 1 1 1 1 1 0.0
396 15 9879 1 1 1 1 1 1 1 1 1 1 1 1 1 1 1 0.0
397 15 12258 1 1 1 1 1 1 1 1 1 1 1 1 1 1 1 0.0
398 15 13458 1 1 1 1 1 1 1 1 1 1 1 1 1 1 1 0.0
399 15 11043 1 1 1 1 1 1 1 1 1 1 1 1 1 1 1 0.0
400 15 13059 1 1 1 1 1 1 1 1 1 1 1 1 1 1 1 0.0
401 15 10283 1 1 1 1 1 1 1 1 1 1 1 1 1 1 1 0.0
402 15 11639 1 1 1 1 1 1 1 1 1 1 1 1 1 1 1 0.0
403 15 12836 1 1 1 1 1 1 1 1 1 1 1 1 1 1 1 0.0
404 15 11080 1 1 1 1 1 1 1 1 1 1 1 1 1 1 1 0.0
405 15 9684 1 1 1 1 1 1 1 1 1 1 1 1 1 1 1 0.0
406 15 12922 1 1 1 1 1 1 1 1 1 1 1 1 1 1 1 0.0
407 15 8647 1 1 1 1 1 1 1 1 1 1 1 1 1 1 1 0.0
408 15 9448 1 1 1 1 1 1 1 1 1 1 1 1 1 1 1 0.0
409 15 13100 1 1 1 1 1 1 1 1 1 1 1 1 1 1 1 0.0
410 15 10682 1 1 1 1 1 1 1 1 1 1 1 1 1 1 1 0.0
411 15 6913 1 1 1 1 1 1 1 1 1 1 1 1 1 1 1 0.0
412 15 9145 1 1 1 1 1 1 1 1 1 1 1 1 1 1 1 0.0
413 15 11464 1 1 1 1 1 1 1 1 1 1 1 1 1 1 1 0.0
414 15 9048 1 1 1 1 1 1 1 1 1 1 1 1 1 1 1 0.0
415 15 10521 1 1 1 1 1 1 1 1 1 1 1 1 1 1 1 0.0
416 15 9140 1 1 1 1 1 1 1 1 1 1 1 1 1 1 1 0.0
417 15 10751 1 1 1 1 1 1 1 1 1 1 1 1 1 1 1 0.0
418 15 12263 1 1 1 1 1 1 1 1 1 1 1 1 1 1 1 0.0
419 15 11269 1 1 1 1 1 1 1 1 1 1 1 1 1 1 1 0.0
420 15 12460 1 1 1 1 1 1 1 1 1 1 1 1 1 1 1 0.0
421 15 12415 1 1 1 1 1 1 1 1 1 1 1 1 1 1 1 0.0
422 15 11737 1 1 1 1 1 1 1 1 1 1 1 1 1 1 1 0.0
423 15 9882 1 1 1 1 1 1 1 1 1 1 1 1 1 1 1 0.0
424 15 11020 1 1 1 1 1 1 1 1 1 1 1 1 1 1 1 0.0
425 15 10550 1 1 1 1 1 1 1 1 1 1 1 1 1 1 1 0.0
426 15 11254 1 1 1 1 1 1 1 1 1 1 1 1 1 1 1 0.0
427 15 13584 1 1 1 1 1 1 1 1 1 1 1 1 1 1 1 0.0
428 15 11440 1 1 1 1 1 1 1 1 1 1 1 1 1 1 1 0.0
429 15 13493 1 1 1 1 1 1 1 1 1 1 1 1 1 1 1 0.0
430 15 14088 1 1 1 1 1 1 1 1 1 1 1 1 1 1 1 0.0
431 15 8060 1 1 1 1 1 1 1 1 1 1 1 1 1 1 1 0.0
432 15 12089 1 1 1 1 1 1 1 1 1 1 1 1 1 1 1 0.0
433 15 11649 1 1 1 1 1 1 1 1 1 1 1 1 1 1 1 0.0
434 15 9116 1 1 1 1 1 1 1 1 1 1 1 1 1 1 1 0.0
435 15 14589 1 1 1 1 1 1 1 1 1 1 1 1 1 1 1 0.0
436 15 9141 1 1 1 1 1 1 1 1 1 1 1 1 1 1 1 0.0
437 15 10854 1 1 1 1 1 1 1 1 1 1 1 1 1 1 1 0.0
438 15 9421 1 1 1 1 1 1 1 1 1 1 1 1 1 1 1 0.0
439 15 11510 1 1 1 1 1 1 1 1 1 1 1 1 1 1 1 0.0
440 15 11649 1 1 1 1 1 1 1 1 1 1 1 1 1 1 1 0.0
441 15 10330 1 1 1 1 1 1 1 1 1 1 1 1 1 1 1 0.0
442 15 12747 1 1 1 1 1 1 1 1 1 1 1 1 1 1 1 0.0
443 15 13330 1 1 1 1 1 1 1 1 1 1 1 1 1 1 1 0.0
444 15 9681 1 1 1 1 1 1 1 1 1 1 1 1 1 1 1 0.0
445 15 10594 1 1 1 1 1 1 1 1 1 1 1 1 1 1 1 0.0
446 15 13273 1 1 1 1 1 1 1 1 1 1 1 1 1 1 1 0.0
447 15 12446 1 1 1 1 1 1 1 1 1 1 1 1 1 1 1 0.0
448 15 14983 1 1 1 1 1 1 1 1 1 1 1 1 1 1 1 0.0
449 15 10512 1 1 1 1 1 1 1 1 1 1 1 1 1 1 1 0.0
450 15 9157 1 1 1 1 1 1 1 1 1 1 1 1 1 1 1 0.0
451 15 12448 1 1 1 1 1 1 1 1 1 1 1 1 1 1 1 0.0
452 15 14293 1 1 1 1 1 1 1 1 1 1 1 1 1 1 1 0.0
453 15 12018 1 1 1 1 1 1 1 1 1 1 1 1 1 1 1 0.0
454 15 13164 1 1 1 1 1 1 1 1 1 1 1 1 1 1 1 0.0
455 15 13510 1 1 1 1 1 1 1 1 1 1 1 1 1 1 1 0.0
456 15 7704 1 1 1 1 1 1 1 1 1 1 1 1 1 1 1 0.0
457 15 15397 1 1 1 1 1 1 1 1 1 1 1 1 1 1 1 0.0
458 15 11045 1 1 1 1 1 1 1 1 1 1 1 1 1 1 1 0.0
459 15 13894 1 1 1 1 1 1 1 1 1 1 1 1 1 1 1 0.0
460 15 11519 1 1 1 1 1 1 1 1 1 1 1 1 1 1 1 0.0
461 15 11550 1 1 1 1 1 1 1 1 1 1 1 1 1 1 1 0.0
462 15 11606 1 1 1 1 1 1 1 1 1 1 1 1 1 1 1 0.0
463 15 14018 1 1 1 1 1 1 1 1 1 1 1 1 1 1 1 0.0
464 15 9648 1 1 1 1 1 1 1 1 1 1 1 1 1 1 1 0.0
465 15 8872 1 1 1 1 1 1 1 1 1 1 1 1 1 1 1 0.0
466 15 10870 1 1 1 1 1 1 1 1 1 1 1 1 1 1 1 0.0
467 15 11295 1 1 1 1 1 1 1 1 1 1 1 1 1 1 1 0.0
468 15 12219 1 1 1 1 1 1 1 1 1 1 1 1 1 1 1 0.0
469 15 11191 1 1 1 1 1 1 1 1 1 1 1 1 1 1 1 0.0
470 15 13123 1 1 1 1 1 1 1 1 1 1 1 1 1 1 1 0.0
471 15 10971 1 1 1 1 1 1 1 1 1 1 1 1 1 1 1 0.0
472 15 10910 1 1 1 1 1 1 1 1 1 1 1 1 1 1 1 0.0
473 15 10407 1 1 1 1 1 1 1 1 1 1 1 1 1 1 1 0.0
474 15 10338 1 1 1 1 1 1 1 1 1 1 1 1 1 1 1 0.0
475 15 9177 1 1 1 1 1 1 1 1 1 1 1 1 1 1 1 0.0
476 15 9314 1 1 1 1 1 1 1 1 1 1 1 1 1 1 1 0.0
477 15 11078 1 1 1 1 1 1 1 1 1 1 1 1 1 1 1 0.0
478 15 12000 1 1 1 1 1 1 1 1 1 1 1 1 1 1 1 0.0
479 15 9365 1 1 1 1 1 1 1 1 1 1 1 1 1 1 1 0.0
480 15 11854 1 1 1 1 1 1 1 1 1 1 1 1 1 1 1 0.0
481 15 11837 1 1 1 1 1 1 1 1 1 1 1 1 1 1 1 0.0
482 15 10597 1 1 1 1 1 1 1 1 1 1 1 1 1 1 1 0.0
483 15 11987 1 1 1 1 1 1 1 1 1 1 1 1 1 1 1 0.0
484 15 10187 1 1 1 1 1 1 1 1 1 1 1 1 1 1 1 0.0
485 15 11533 1 1 1 1 1 1 1 1 1 1 1 1 1 1 1 0.0
486 15 13554 1 1 1 1 1 1 1 1 1 1 1 1 1 1 1 0.0
487 15 12767 1 1 1 1 1 1 1 1 1 1 1 1 1 1 1 0.0
488 15 12905 1 1 1 1 1 1 1 1 1 1 1 1 1 1 1 0.0
489 15 10748 1 1 1 1 1 1 1 1 1 1 1 1 1 1 1 0.0
490 15 11536 1 1 1 1 1 1 1 1 1 1 1 1 1 1 1 0.0
491 15 10900 1 1 1 1 1 1 1 1 1 1 1 1 1 1 1 0.0
492 15 12482 1 1 1 1 1 1 1 1 1 1 1 1 1 1 1 0.0
493 15 8620 1 1 1 1 1 1 1 1 1 1 1 1 1 1 1 0.0
494 15 11866 1 1 1 1 1 1 1 1 1 1 1 1 1 1 1 0.0
495 15 10678 1 1 1 1 1 1 1 1 1 1 1 1 1 1 1 0.0
496 15 13048 1 1 1 1 1 1 1 1 1 1 1 1 1 1 1 0.0
497 15 14370 1 1 1 1 1 1 1 1 1 1 1 1 1 1 1 0.0
498 15 12039 1 1 1 1 1 1 1 1 1 1 1 1 1 1 1 0.0
499 15 11615 1 1 1 1 1 1 1 1 1 1 1 1 1 1 1 0.0
500 15 14122 1 1 1 1 1 1 1 1 1 1 1 1 1 1 1 0.0
