1 25 12105 0 0 1 1 0 0 1 0 1 0 1 0 1 1 0 0 1 0 0 1 0 1 0 1 0 0.0
2 25 15025 1 0 0 0 0 1 1 0 0 1 1 1 0 1 0 1 1 0 1 1 0 0 1 0 1 0.0
3 25 12798 1 1 1 0 1 0 0 1 1 0 0 1 1 1 0 0 0 0 0 1 0 1 0 0 0 0.0
4 25 10555 0 0 1 1 0 1 0 1 1 0 0 1 1 1 0 1 0 0 0 0 0 1 1 1 0 0.0
5 25 13315 0 0 0 0 0 0 1 1 0 0 0 1 0 1 0 0 1 0 1 0 1 1 1 1 1 0.0
6 25 14129 1 1 0 1 0 1 0 1 1 1 1 0 1 0 0 0 1 0 0 0 0 1 1 0 0 0.0
7 25 12669 1 0 0 1 1 0 1 0 0 0 1 0 0 1 0 1 0 1 0 0 0 1 1 1 0 0.0
8 25 14129 1 1 0 0 0 1 1 0 0 0 0 1 1 1 0 0 0 0 1 1 1 1 1 0 0 0.0
9 25 13186 1 1 0 1 0 0 1 0 0 0 1 1 1 0 0 0 0 1 1 0 1 0 1 0 0 0.0
10 25 13066 1 1 1 0 0 1 1 0 0 1 0 1 1 0 0 0 1 1 0 0 0 1 0 0 0 0.0
11 25 12072 1 0 0 0 0 1 0 1 1 0 1 0 1 0 1 0 0 1 0 0 1 0 0 0 1 0.0
12 25 10272 0 1 1 1 0 0 0 1 1 1 0 0 1 1 1 1 1 0 0 0 0 0 0 1 0 0.0
13 25 11057 0 1 0 1 0 0 0 1 0 0 1 1 0 0 1 0 1 1 1 0 0 0 0 1 1 0.0
14 25 11491 0 1 0 0 1 0 1 0 1 0 1 0 0 0 0 0 0 1 0 1 0 1 1 1 1 0.0
15 25 9088 0 0 1 0 0 0 1 1 0 0 1 1 0 1 0 1 0 1 0 0 1 0 1 0 0 0.0
16 25 12488 0 0 1 0 1 1 0 1 1 0 1 0 1 1 0 0 0 1 1 1 0 1 1 0 0 0.0
17 25 11633 1 1 0 1 1 1 0 0 0 0 0 1 0 0 0 1 1 0 0 1 0 0 1 1 0 0.0
18 25 13605 1 1 0 0 1 0 0 1 1 0 1 0 1 1 0 0 0 1 0 1 0 1 1 1 0 0.0
19 25 14150 1 0 0 0 1 1 1 0 0 0 0 1 1 1 0 1 0 0 0 1 0 1 0 0 1 0.0
20 25 12164 1 0 1 1 0 1 0 1 1 0 1 0 1 0 1 1 0 0 1 0 0 1 0 0 0 0.0
21 25 12491 0 0 1 1 1 0 0 0 0 1 1 1 1 1 0 0 0 0 1 0 1 0 1 0 1 0.0
22 25 14015 0 0 1 0 0 1 1 0 0 0 1 0 1 0 1 0 1 0 1 0 0 1 0 1 1 0.0
23 25 13676 0 0 0 1 1 1 1 1 0 0 1 0 1 1 0 0 0 1 0 1 1 0 1 0 1 0.0
24 25 11361 1 0 1 1 1 0 0 1 0 0 1 0 0 1 1 0 1 0 0 0 0 1 1 0 0 0.0
25 25 11048 1 0 0 0 1 0 1 0 1 0 1 0 1 1 1 1 0 0 1 0 1 0 0 0 1 0.0
26 25 12795 0 1 0 0 0 1 0 1 0 0 1 0 1 0 1 0 1 0 1 1 0 0 1 1 1 0.0
27 25 11554 0 0 0 0 1 1 1 1 0 1 0 0 1 0 0 0 1 1 1 0 0 0 0 0 1 0.0
28 25 12739 0 1 1 0 0 0 0 0 0 1 1 1 1 0 1 0 0 0 0 0 1 1 1 0 0 0.0
29 25 13530 1 0 0 1 0 1 0 1 1 0 1 0 1 0 1 0 0 0 1 0 1 0 1 1 1 0.0
30 25 11662 1 1 0 1 0 0 1 0 1 0 1 0 1 0 0 0 0 1 0 1 0 0 0 1 1 0.0
31 25 11342 0 1 1 0 1 0 1 1 1 1 1 0 0 0 0 1 0 1 0 0 1 1 0 1 0 0.0
32 25 13646 0 1 1 0 0 0 1 1 0 0 0 1 0 0 0 0 1 1 1 1 1 1 1 0 0 0.0
33 25 12154 1 1 0 1 0 1 0 0 0 0 0 0 1 1 1 0 1 0 1 0 0 1 1 1 0 0.0
34 25 9524 0 0 0 0 0 1 1 0 1 1 0 1 1 1 1 1 0 0 0 0 1 0 1 0 0 0.0
35 25 13795 0 0 0 0 1 1 1 0 1 1 1 1 0 0 0 0 1 1 0 1 1 0 1 1 0 0.0
36 25 11232 0 1 0 0 0 1 0 1 1 0 1 0 1 0 0 0 0 1 1 1 0 1 0 1 0 0.0
37 25 13471 1 1 0 0 1 1 0 0 1 0 0 0 1 0 0 1 1 1 1 0 1 1 1 1 0 0.0
38 25 11681 1 0 1 0 0 0 1 1 1 1 0 0 0 0 1 0 0 0 1 1 0 1 1 0 0 0.0
39 25 14048 0 1 0 1 1 0 0 0 0 0 0 1 1 0 1 1 1 1 1 0 1 0 0 0 1 0.0
40 25 10574 0 1 1 0 1 1 0 0 1 1 1 0 0 1 0 0 1 1 0 0 0 0 0 0 0 0.0
41 25 13789 1 1 1 0 1 1 1 1 0 0 1 0 0 0 0 0 0 0 0 1 1 1 1 0 0 0.0
42 25 12666 0 0 0 1 0 0 1 0 0 0 1 1 0 1 1 0 0 0 1 0 1 1 0 1 1 0.0
43 25 12159 1 0 1 0 1 0 1 0 0 1 0 1 0 1 0 0 1 1 1 0 0 0 0 1 1 0.0
44 25 11254 0 0 1 1 1 0 0 0 0 1 0 0 0 1 1 1 0 0 1 0 0 1 1 0 0 0.0
45 25 12482 1 0 1 1 0 0 0 0 0 0 1 1 1 0 1 0 0 0 0 1 1 0 1 1 1 0.0
46 25 15119 0 1 0 1 1 0 1 0 1 0 0 0 1 0 0 0 1 1 1 1 0 1 0 1 0 0.0
47 25 11818 1 0 1 1 0 0 0 1 0 1 0 1 1 1 1 0 0 1 1 0 0 0 0 0 0 0.0
48 25 12255 0 1 0 1 0 0 1 1 1 1 0 0 1 0 1 1 0 0 0 0 1 0 1 0 1 0.0
49 25 12561 0 0 0 1 1 1 0 0 0 0 1 1 0 0 1 0 1 0 1 0 1 1 1 0 1 0.0
50 25 13112 1 0 0 0 1 1 0 1 0 1 1 1 1 0 0 0 0 1 1 1 0 1 0 0 0 0.0
51 25 14296 0 0 1 1 1 0 1 0 1 1 0 0 0 0 0 0 1 1 1 1 1 0 1 1 0 0.0
52 25 13963 1 1 0 1 0 0 1 0 0 1 0 0 0 1 0 0 1 0 0 1 1 1 1 1 0 0.0
53 25 10300 1 1 1 1 1 1 0 1 0 0 1 0 1 0 0 0 0 1 0 1 0 0 1 0 0 0.0
54 25 13305 1 0 1 0 1 0 1 0 0 0 0 0 1 1 1 1 1 0 0 1 0 1 1 0 0 0.0
55 25 11740 1 0 1 0 0 0 1 1 0 0 1 0 0 1 0 0 0 1 1 1 0 0 1 0 1 0.0
56 25 11155 0 0 1 1 1 0 1 0 0 0 1 0 1 0 1 1 0 1 1 0 0 0 1 0 0 0.0
57 25 13564 1 1 0 0 1 0 1 0 0 0 0 1 0 0 0 0 0 1 1 0 1 1 1 1 1 0.0
58 25 11367 0 1 1 1 0 0 1 1 0 1 0 1 0 0 0 1 1 1 0 1 1 1 1 0 0 0.0
59 25 11114 0 1 1 0 1 0 0 0 1 1 1 0 0 1 1 0 0 0 0 0 0 1 1 1 0 0.0
60 25 12001 0 0 1 1 1 0 0 1 0 1 1 1 0 1 1 0 0 1 0 1 0 0 1 0 0 0.0
61 25 12251 0 1 1 1 1 1 1 1 0 1 0 0 0 0 0 0 1 0 0 1 1 0 0 1 0 0.0
62 25 11118 1 0 0 0 1 1 1 0 1 0 1 0 0 1 0 1 0 0 1 1 1 0 1 0 0 0.0
63 25 12366 0 0 0 0 0 0 1 1 1 0 1 0 0 0 1 1 1 1 1 0 1 0 1 0 1 0.0
64 25 11988 0 0 1 0 1 0 0 0 1 1 1 1 0 1 0 0 1 0 0 1 0 1 1 0 0 0.0
65 25 11874 0 1 1 1 1 0 0 0 1 1 0 1 0 1 0 0 0 1 1 0 0 0 1 0 0 0.0
66 25 14615 0 1 1 1 1 1 1 1 0 0 0 1 0 0 1 0 0 1 0 0 0 0 1 1 0 0.0
67 25 10634 1 1 0 1 0 0 1 0 1 0 0 0 0 0 1 1 0 0 1 0 0 1 0 1 0 0.0
68 25 11693 1 1 0 0 0 1 0 0 1 0 0 1 1 0 1 0 0 1 1 1 0 1 0 0 0 0.0
69 25 12996 1 1 1 1 0 0 1 0 1 1 0 0 0 1 0 1 0 0 0 0 0 0 0 1 1 0.0
70 25 13032 0 0 1 1 1 1 0 1 0 1 0 0 0 1 1 1 1 0 0 0 0 0 0 0 1 0.0
71 25 12152 0 1 1 0 1 0 0 1 1 1 0 0 0 1 0 0 1 1 0 0 1 1 0 0 0 0.0
72 25 13318 1 0 0 1 0 1 0 1 1 0 0 0 0 1 0 1 1 0 0 0 1 1 0 1 1 0.0
73 25 12181 1 1 0 1 1 1 0 0 0 0 1 1 1 0 1 0 0 0 1 0 0 0 1 1 0 0.0
74 25 12303 0 1 0 0 1 0 0 1 1 1 0 1 0 1 0 1 1 0 1 0 1 0 1 0 0 0.0
75 25 11231 1 1 1 1 0 0 0 0 1 1 0 1 1 1 0 0 0 0 1 0 1 0 1 0 0 0.0
76 25 12147 0 1 1 0 0 0 1 0 0 1 1 1 0 0 1 1 0 1 0 1 1 0 0 0 0 0.0
77 25 10814 0 1 0 0 1 1 1 1 0 0 0 1 1 0 1 0 1 0 0 0 1 0 1 0 1 0.0
78 25 12051 0 0 0 1 1 0 0 1 0 1 1 0 0 0 0 1 0 0 1 1 1 1 0 1 0 0.0
79 25 13044 0 1 1 0 0 0 1 0 0 0 1 1 1 0 1 0 1 1 1 1 0 1 0 0 0 0.0
80 25 11809 0 1 1 0 1 1 0 1 1 0 1 0 1 1 0 1 1 0 0 0 0 0 0 1 0 0.0
81 25 12381 1 0 0 1 1 0 0 0 1 0 1 1 0 0 0 0 0 1 1 0 1 0 0 0 1 0.0
82 25 13476 1 1 1 1 0 0 0 1 1 0 1 1 0 1 1 0 0 0 1 1 0 1 0 0 0 0.0
83 25 11390 0 0 0 0 1 1 0 1 1 1 0 1 0 1 1 1 1 0 0 0 0 1 1 0 0 0.0
84 25 12083 0 0 1 1 1 0 1 0 0 1 1 0 0 1 0 0 0 1 1 0 1 0 1 1 0 0.0
85 25 11022 0 1 0 0 1 1 0 0 1 0 1 0 0 0 1 0 0 1 1 0 1 1 0 0 0 0.0
86 25 13842 1 1 0 1 0 1 0 0 0 0 0 1 1 1 1 0 0 1 1 1 0 1 0 0 0 0.0
87 25 13536 0 0 1 0 1 0 1 1 0 1 0 1 0 1 0 1 1 0 0 0 1 1 1 0 0 0.0
88 25 13051 1 1 0 0 1 0 0 0 1 1 0 1 0 0 1 1 1 1 0 0 1 1 1 0 0 0.0
89 25 11694 1 1 0 0 1 0 1 0 1 0 0 0 1 1 0 0 1 0 0 1 1 0 0 0 0 0.0
90 25 11332 0 0 1 0 1 1 1 1 1 1 0 0 0 1 0 1 0 0 0 1 1 0 0 0 0 0.0
91 25 10673 0 0 0 1 0 1 1 0 0 0 1 1 0 1 0 1 0 0 1 0 1 0 1 1 1 0.0
92 25 12431 0 1 0 0 1 0 1 1 0 1 1 0 1 1 1 0 0 0 0 0 1 1 0 1 0 0.0
93 25 14400 1 0 1 1 1 1 0 0 0 0 0 0 1 0 1 1 1 1 1 0 0 1 0 1 0 0.0
94 25 13433 1 0 0 1 1 0 0 0 0 0 1 0 0 0 1 1 0 1 0 1 1 1 1 1 1 0.0
95 25 13144 0 0 1 1 1 1 0 0 0 0 1 0 0 1 0 0 0 1 0 0 1 1 0 1 1 0.0
96 25 12201 0 1 1 0 0 0 0 0 0 1 1 0 1 0 0 1 0 0 1 0 1 1 1 0 1 0.0
97 25 12831 0 0 0 0 0 1 1 1 0 1 0 1 0 1 0 0 1 0 1 1 0 0 1 1 1 0.0
98 25 13376 0 0 1 0 1 0 1 0 1 0 0 1 1 1 0 0 1 1 1 1 0 0 0 0 1 0.0
99 25 11308 0 1 1 0 1 0 0 0 0 1 0 1 0 0 0 1 1 0 1 1 1 1 0 0 0 0.0
100 25 11979 1 1 1 1 0 0 0 0 0 0 0 0 1 1 0 0 1 0 0 1 0 0 1 1 0 0.0
101 25 11655 1 1 0 1 0 1 1 0 0 0 1 0 0 0 1 1 0 0 1 0 0 1 1 0 0 0.0
102 25 13402 0 0 1 1 1 0 1 0 1 0 1 1 0 1 0 0 0 0 1 0 1 0 0 1 1 0.0
103 25 11990 0 0 1 1 1 0 1 1 1 1 0 1 0 0 0 0 1 0 1 1 0 0 0 1 0 0.0
104 25 13510 1 1 1 0 0 0 1 0 1 0 1 1 0 1 1 0 1 0 0 0 1 0 1 1 0 0.0
105 25 11240 1 0 0 0 1 1 0 0 0 1 1 1 0 1 0 0 0 1 0 0 0 0 1 1 1 0.0
106 25 11834 1 1 0 0 1 0 1 0 1 0 0 0 1 1 1 0 0 1 0 1 0 1 0 0 1 0.0
107 25 11833 0 0 0 0 1 1 1 0 1 1 0 0 0 0 1 0 1 1 1 1 0 1 0 0 0 0.0
108 25 14736 1 1 1 1 1 1 1 1 1 0 0 0 1 0 0 0 0 0 0 0 0 0 1 1 0 0.0
109 25 13657 1 0 0 0 0 0 0 0 1 0 1 1 0 0 0 1 1 1 0 1 1 0 1 0 1 0.0
110 25 13320 0 1 1 0 1 0 1 1 1 0 1 1 0 1 1 0 1 1 1 0 0 0 0 0 0 0.0
111 25 12281 0 1 0 0 1 1 0 1 0 0 1 1 0 0 1 1 0 1 1 0 0 1 0 1 0 0.0
112 25 13006 1 1 0 0 0 1 0 1 0 1 0 1 1 0 1 0 1 1 0 1 1 1 0 0 0 0.0
113 25 11758 0 1 1 1 1 0 0 0 1 0 1 0 1 1 1 0 1 0 0 0 0 0 0 1 1 0.0
114 25 11872 0 0 0 0 1 1 0 0 0 1 0 0 1 1 1 0 1 1 0 0 0 1 1 1 0 0.0
115 25 12809 1 1 1 0 0 1 0 1 0 0 1 1 1 1 0 0 0 0 0 1 0 1 1 0 0 0.0
116 25 12869 1 0 0 1 1 0 0 0 1 1 1 1 1 0 1 0 1 1 0 1 0 1 0 0 0 0.0
117 25 11817 1 1 0 1 0 1 1 1 1 0 1 0 0 0 0 1 0 0 0 1 0 1 0 1 0 0.0
118 25 13100 0 1 0 1 0 0 0 0 1 0 1 1 1 0 1 0 0 0 0 0 1 1 1 1 1 0.0
119 25 12195 1 1 0 1 1 0 0 1 0 1 1 0 0 1 0 0 1 1 0 1 0 1 0 0 1 0.0
120 25 12319 1 1 1 1 0 0 1 0 0 1 0 1 1 0 1 0 0 0 1 0 0 1 0 0 0 0.0
121 25 13665 1 0 1 1 0 1 0 1 1 0 0 1 1 0 0 1 1 0 0 0 1 0 1 0 0 0.0
122 25 13538 0 0 0 0 1 1 0 0 0 1 0 1 1 1 1 0 1 0 1 0 0 1 1 0 1 0.0
123 25 14129 1 0 1 1 0 0 0 1 0 0 1 0 0 0 1 1 0 0 1 1 1 1 0 1 0 0.0
124 25 12316 1 0 1 1 0 1 1 1 1 0 1 0 0 1 0 0 1 0 0 0 0 0 0 0 1 0.0
125 25 12823 0 1 1 0 1 0 0 0 0 0 1 0 0 0 1 0 1 1 1 1 0 0 1 0 1 0.0
126 25 15769 1 1 1 0 1 0 1 0 1 1 0 1 1 0 1 0 0 1 0 0 0 0 0 1 1 0.0
127 25 13422 0 1 1 1 0 1 0 0 1 1 0 1 0 1 0 0 1 1 0 1 0 1 1 0 0 0.0
128 25 12526 1 0 1 1 1 0 1 1 0 0 1 0 0 1 0 1 0 1 0 1 1 0 0 0 0 0.0
129 25 11392 0 1 1 1 1 0 1 1 0 0 0 0 1 0 0 1 0 1 1 0 0 0 0 0 0 0.0
130 25 14857 0 1 0 0 0 1 0 1 0 1 0 0 1 0 1 0 1 0 1 1 1 1 0 0 0 0.0
131 25 10753 0 1 1 1 1 0 0 0 1 0 1 1 1 0 0 1 1 0 0 0 1 0 1 0 0 0.0
132 25 13013 0 0 0 0 0 1 0 1 1 0 0 0 1 0 0 1 1 1 1 1 1 0 1 1 0 0.0
133 25 12918 1 1 0 0 0 1 0 0 1 1 0 0 1 0 0 0 1 1 0 0 1 0 0 1 1 0.0
134 25 9610 0 1 1 0 1 1 0 1 0 1 0 0 0 0 0 1 1 0 1 1 0 0 0 1 0 0.0
135 25 11985 0 1 0 1 0 0 1 0 0 0 0 0 1 1 0 1 0 1 1 1 1 0 1 1 0 0.0
136 25 10292 0 1 0 0 1 0 1 1 0 1 0 0 1 0 1 1 0 1 0 0 0 0 0 1 1 0.0
137 25 11083 1 1 1 1 0 0 0 1 0 1 1 1 0 1 1 0 0 1 0 0 0 0 0 1 0 0.0
138 25 11617 0 1 1 0 0 1 1 0 1 0 1 1 1 0 1 0 0 0 0 0 1 0 0 1 1 0.0
139 25 14056 1 0 0 0 1 0 1 0 1 1 1 1 0 1 0 0 1 0 1 0 1 0 0 0 1 0.0
140 25 13838 0 0 1 0 0 1 1 0 1 0 0 1 1 1 0 0 1 1 1 1 0 0 0 1 0 0.0
141 25 14486 1 0 0 0 1 1 1 0 1 0 1 0 0 1 0 1 1 0 1 0 1 0 0 1 0 0.0
142 25 11245 0 1 1 0 0 0 0 1 0 1 1 1 1 0 0 1 1 0 1 1 0 0 0 1 1 0.0
143 25 12249 0 0 0 1 0 0 1 1 0 0 1 0 1 0 1 1 1 0 0 1 0 0 0 1 1 0.0
144 25 13771 1 1 0 1 0 0 1 0 0 0 0 1 1 1 0 0 1 0 1 0 1 0 1 1 0 0.0
145 25 14318 1 0 1 0 1 0 1 1 0 0 0 0 1 1 0 0 1 1 1 1 0 0 1 0 0 0.0
146 25 11184 0 0 0 1 1 1 1 0 0 1 1 1 0 0 1 1 1 1 0 0 0 0 0 0 0 0.0
147 25 13081 0 1 0 0 0 1 0 1 1 0 0 0 1 0 0 1 0 0 1 1 1 1 0 1 0 0.0
148 25 12860 0 1 1 0 1 1 0 0 0 0 1 1 1 1 1 0 0 1 0 0 0 0 0 1 1 0.0
149 25 12466 1 0 0 0 1 1 0 0 0 1 1 0 0 1 1 0 0 1 0 1 1 1 0 0 1 0.0
150 25 13391 0 0 1 1 1 0 0 1 0 1 0 1 0 1 0 1 0 0 0 0 1 0 0 1 1 0.0
151 25 14025 1 1 1 0 1 0 0 1 0 0 1 1 0 1 1 1 0 0 0 0 1 0 0 1 0 0.0
152 25 12226 0 1 0 0 0 0 1 0 1 1 1 0 0 0 1 0 0 0 1 1 1 1 0 1 0 0.0
153 25 11825 0 1 0 0 0 1 1 1 1 0 0 1 1 0 1 1 0 0 0 0 0 1 0 1 1 0.0
154 25 12345 0 1 0 0 1 0 0 0 1 0 0 0 0 1 0 1 1 0 0 0 1 0 1 1 1 0.0
155 25 10825 0 0 1 1 1 0 1 1 0 1 1 0 0 1 0 0 0 0 0 0 1 0 1 0 1 0.0
156 25 11710 0 0 0 1 1 0 1 1 0 0 0 1 1 1 1 1 0 0 0 1 0 0 0 0 1 0.0
157 25 15109 0 0 0 1 0 0 1 0 0 0 0 1 0 0 1 1 0 1 1 1 1 1 1 1 1 0.0
158 25 12655 1 0 0 0 1 1 0 0 0 1 1 1 0 0 1 0 0 0 1 0 1 1 1 1 0 0.0
159 25 11682 1 0 1 0 1 0 0 0 1 0 0 1 0 1 1 0 1 1 0 0 0 0 1 1 0 0.0
160 25 10940 1 0 1 0 0 1 0 1 0 0 1 0 0 0 0 0 1 1 0 0 1 0 1 0 1 0.0
161 25 11408 1 0 1 1 0 0 0 1 1 1 0 1 1 0 1 0 0 0 0 1 1 0 0 0 0 0.0
162 25 11330 0 1 0 1 0 0 0 1 0 0 0 0 1 0 1 1 0 1 1 0 1 1 1 0 0 0.0
163 25 12151 0 0 1 0 1 1 1 0 0 0 1 0 0 0 0 0 1 1 0 0 1 1 0 1 1 0.0
164 25 13490 0 0 0 0 1 1 0 1 0 1 1 0 1 1 0 1 0 1 1 1 0 0 1 0 0 0.0
165 25 13013 1 1 0 1 1 0 0 0 1 1 1 1 0 0 0 0 0 1 1 0 0 1 0 1 1 0.0
166 25 13344 0 0 1 0 0 1 1 1 0 1 0 0 0 1 0 1 1 1 0 0 1 0 1 1 0 0.0
167 25 11287 0 1 0 0 1 0 0 0 1 1 1 1 1 0 0 1 0 1 0 0 0 0 1 0 1 0.0
168 25 11839 0 0 1 0 0 0 1 0 0 1 0 1 0 0 1 1 1 1 0 1 1 1 1 0 1 0.0
169 25 10555 0 1 1 0 1 1 1 1 0 0 0 0 0 1 0 1 1 0 0 0 0 1 1 0 0 0.0
170 25 13152 0 1 1 1 1 0 1 1 1 0 0 0 0 0 1 1 0 0 0 1 0 0 0 1 0 0.0
171 25 12804 0 1 0 1 0 0 0 1 0 0 1 0 0 1 0 1 0 0 0 1 0 1 1 1 1 0.0
172 25 11808 0 0 0 1 0 1 0 0 1 0 0 1 1 1 0 0 0 1 1 0 1 0 0 1 1 0.0
173 25 13190 1 0 1 0 1 0 1 0 0 0 0 0 1 1 0 1 1 0 1 1 1 0 0 1 1 0.0
174 25 12807 0 0 0 0 1 0 0 1 1 0 0 0 0 0 1 1 0 1 1 0 0 0 1 1 1 0.0
175 25 11361 0 1 0 0 0 1 0 1 1 1 1 1 1 1 1 1 0 0 0 0 0 1 0 0 0 0.0
176 25 10299 0 0 0 0 1 1 1 0 0 1 0 0 1 0 0 1 0 1 0 1 1 1 1 0 0 0.0
177 25 13844 0 0 1 1 1 1 1 1 0 0 0 1 1 0 0 0 1 0 0 1 1 1 0 0 1 0.0
178 25 12195 1 0 0 1 0 0 1 0 0 1 0 0 1 0 1 0 1 1 1 0 1 0 1 0 0 0.0
179 25 13939 0 0 0 1 0 0 0 1 0 1 1 1 0 1 0 1 0 0 0 1 1 0 1 1 1 0.0
180 25 12809 1 1 1 0 1 1 1 1 0 1 0 0 1 0 0 1 0 1 0 1 0 0 0 0 1 0.0
181 25 12034 1 1 0 1 1 1 1 0 0 1 0 0 1 0 0 0 1 0 0 1 0 1 0 0 1 0.0
182 25 13873 1 0 0 1 1 1 0 0 0 0 1 1 0 0 0 1 1 0 1 1 1 0 0 1 0 0.0
183 25 11642 0 1 1 1 0 1 0 0 0 1 0 1 1 0 1 1 1 0 1 0 0 0 0 0 0 0.0
184 25 10286 0 0 0 1 0 1 1 0 0 0 1 1 1 1 0 1 1 0 0 0 1 0 1 0 0 0.0
185 25 14045 1 1 1 1 1 1 0 0 0 1 0 0 0 0 0 0 1 0 1 1 0 1 1 1 0 0.0
186 25 11961 0 0 1 1 1 1 0 0 0 0 1 1 1 1 0 1 0 1 1 0 0 1 0 0 0 0.0
187 25 13049 0 0 1 1 0 1 1 1 0 1 0 0 1 1 0 0 0 1 1 1 0 0 1 1 0 0.0
188 25 13486 0 1 1 1 0 1 0 1 1 0 0 0 1 0 1 0 1 0 0 0 0 0 1 1 0 0.0
189 25 10646 1 0 1 0 0 0 1 0 0 0 0 1 0 0 1 0 1 1 1 1 0 0 0 0 1 0.0
190 25 11731 0 1 1 0 0 1 1 0 1 1 0 1 1 0 1 0 0 0 0 1 0 1 0 0 0 0.0
191 25 13882 0 0 0 1 1 0 1 0 0 1 1 1 1 0 0 0 0 0 0 0 1 1 0 1 1 0.0
192 25 11357 1 1 0 0 1 1 0 1 1 0 1 0 1 0 0 1 0 1 0 0 0 0 1 1 1 0.0
193 25 11434 0 0 0 0 1 0 0 0 0 1 1 0 0 1 1 1 0 1 1 0 1 1 1 0 0 0.0
194 25 11518 0 1 0 1 0 0 0 1 1 0 0 1 0 0 1 1 1 1 0 1 1 0 1 0 0 0.0
195 25 12221 1 1 0 1 0 1 0 0 0 0 1 0 0 1 0 1 0 1 0 0 1 1 1 0 0 0.0
196 25 12150 0 0 1 1 1 1 0 0 1 1 1 0 0 1 1 1 1 0 0 0 0 0 0 0 1 0.0
197 25 12887 1 1 1 0 1 0 0 0 0 1 0 0 0 1 1 0 1 0 1 1 1 1 0 0 1 0.0
198 25 11215 0 0 0 1 1 1 1 1 0 0 0 0 0 1 0 0 0 0 1 0 1 0 1 1 1 0.0
199 25 10858 0 0 0 1 1 0 0 0 1 0 0 0 0 1 1 1 0 0 1 1 1 1 1 0 0 0.0
200 25 12250 0 0 1 0 0 0 0 1 0 0 0 1 0 0 1 0 1 0 1 1 1 1 1 1 1 0.0
201 25 13628 1 1 1 0 1 0 1 1 0 0 1 0 0 0 1 1 1 0 0 0 0 0 1 0 1 0.0
202 25 12263 1 1 1 0 1 0 0 0 0 1 1 0 0 1 0 0 1 0 0 1 0 1 0 1 0 0.0
203 25 13200 0 0 0 1 0 1 0 1 0 1 1 0 0 0 1 0 0 1 1 0 1 1 1 1 0 0.0
204 25 11654 1 1 1 1 0 0 0 0 1 1 0 0 0 1 0 0 1 0 0 0 1 0 1 1 1 0.0
205 25 12114 0 1 0 0 0 1 1 0 1 1 0 0 0 0 1 0 1 1 0 1 1 0 1 1 0 0.0
206 25 13636 0 1 1 1 0 0 0 0 1 0 0 0 0 1 0 1 1 1 0 1 1 0 1 1 0 0.0
207 25 13979 0 1 1 1 0 0 0 0 1 1 0 0 1 1 1 0 1 1 0 1 0 1 0 1 0 0.0
208 25 13876 0 1 1 0 1 0 1 0 1 0 1 0 1 1 0 0 0 1 0 0 1 1 0 0 0 0.0
209 25 13717 1 1 0 1 1 1 0 0 1 0 0 1 0 0 0 0 1 0 1 1 1 1 0 0 0 0.0
210 25 11853 0 0 0 0 0 0 0 1 1 0 0 1 1 0 1 1 1 0 1 0 1 1 1 0 1 0.0
211 25 11255 0 0 0 0 0 0 0 0 1 0 0 0 1 1 0 1 1 1 1 0 1 0 1 0 1 0.0
212 25 13046 1 1 0 1 1 1 1 0 1 0 1 0 1 0 0 1 0 0 1 0 0 0 0 0 0 0.0
213 25 12259 0 0 1 0 0 0 0 0 1 1 1 1 1 0 0 0 0 0 0 1 1 0 1 1 0 0.0
214 25 10608 1 0 0 1 1 0 0 1 0 1 0 0 1 0 0 0 1 0 0 0 0 1 0 1 1 0.0
215 25 11313 0 1 1 0 0 0 1 1 0 0 1 0 1 0 0 0 1 0 1 1 0 1 0 1 1 0.0
216 25 13159 1 0 0 0 0 1 0 0 0 1 1 0 1 0 0 0 1 0 1 0 1 1 0 1 1 0.0
217 25 11283 1 1 0 1 0 1 0 1 0 0 0 0 1 0 0 1 0 0 0 0 1 1 0 1 1 0.0
218 25 11814 0 1 1 0 0 0 1 0 0 1 1 0 0 0 1 1 0 1 1 0 0 0 1 0 1 0.0
219 25 10906 1 1 1 1 1 1 0 1 0 0 1 1 0 0 1 1 0 0 1 0 0 0 1 0 0 0.0
220 25 12892 1 1 0 0 1 0 0 0 1 0 0 0 1 0 1 1 1 0 0 1 1 1 0 1 0 0.0
221 25 14461 0 1 1 0 0 0 1 0 0 1 1 0 1 1 1 1 1 0 1 0 0 1 0 0 1 0.0
222 25 12292 1 1 0 1 0 1 0 1 0 0 0 0 0 0 0 0 0 1 0 0 1 1 1 1 1 0.0
223 25 12111 0 0 0 1 0 0 0 0 0 1 1 1 0 0 1 1 1 0 1 0 1 1 1 0 0 0.0
224 25 12334 0 1 0 1 1 0 1 1 0 1 0 0 1 1 1 0 0 0 1 0 0 0 1 0 0 0.0
225 25 12478 0 0 0 0 1 1 1 0 0 1 1 0 0 1 0 0 0 1 0 0 1 1 1 1 0 0.0
226 25 13258 0 1 0 1 0 0 1 0 1 0 0 1 1 1 1 1 1 0 1 0 0 0 0 1 1 0.0
227 25 11442 1 0 0 1 1 1 1 0 0 0 1 0 1 0 0 0 1 1 1 0 0 0 1 1 0 0.0
228 25 13732 1 0 0 1 1 1 0 0 0 0 0 1 1 1 0 1 1 1 0 1 0 1 0 0 0 0.0
229 25 10125 1 0 0 1 0 0 0 0 0 0 1 0 1 1 1 1 1 1 0 1 1 0 0 0 0 0.0
230 25 10965 0 0 0 1 0 0 1 1 0 1 0 0 0 1 1 1 0 0 1 0 0 0 1 1 1 0.0
231 25 14268 1 1 0 0 1 0 0 0 1 1 0 1 1 0 0 0 1 0 1 1 0 0 0 1 0 0.0
232 25 13440 0 1 1 0 1 0 1 0 1 0 0 0 0 0 1 0 0 0 1 1 1 1 1 1 1 0.0
233 25 10345 1 1 1 1 1 0 0 0 1 0 1 0 0 1 0 0 0 0 1 0 0 1 0 1 0 0.0
234 25 13965 1 1 1 0 0 0 0 0 0 1 0 1 1 1 1 0 1 0 0 1 0 0 1 0 1 0.0
235 25 13491 1 0 0 0 1 1 0 0 1 1 1 1 0 0 0 0 0 1 1 1 1 0 1 0 0 0.0
236 25 10765 0 0 0 0 0 1 0 0 0 1 1 0 1 1 0 1 1 1 0 1 0 0 0 1 1 0.0
237 25 9979 1 0 1 0 0 1 0 0 1 0 1 1 1 0 1 1 0 0 0 0 0 0 0 1 1 0.0
238 25 13546 0 0 0 0 0 0 1 0 1 0 1 0 1 1 1 1 0 1 1 0 1 0 1 0 1 0.0
239 25 11439 0 1 0 0 1 1 0 0 0 1 0 0 0 1 1 0 1 1 0 1 0 0 1 1 1 0.0
240 25 13038 0 0 1 1 1 0 1 1 1 0 0 0 0 0 0 1 1 0 0 1 0 1 1 0 0 0.0
241 25 12694 1 1 0 1 0 1 0 1 0 1 1 0 0 1 0 1 0 0 0 1 1 1 0 0 0 0.0
242 25 12040 1 1 0 0 0 0 1 1 0 1 0 1 1 0 1 1 0 0 0 0 1 0 0 1 1 0.0
243 25 12061 0 1 1 0 1 1 0 0 1 1 1 0 0 0 0 0 1 1 0 1 0 0 0 0 0 0.0
244 25 11680 0 0 1 1 0 0 1 1 0 0 0 0 0 1 1 1 0 1 1 0 0 0 1 0 1 0.0
245 25 12587 1 0 1 1 0 0 0 1 0 0 1 0 1 0 1 1 1 0 1 0 1 0 0 0 0 0.0
246 25 10655 1 1 1 0 1 1 0 1 1 0 0 1 1 0 0 0 0 1 0 0 0 0 1 1 0 0.0
247 25 12639 0 0 1 1 0 0 0 1 0 0 1 0 0 1 0 0 0 1 1 0 1 1 1 1 1 0.0
248 25 9636 1 0 0 1 1 0 0 1 1 0 1 0 0 0 0 0 1 0 1 1 0 0 1 0 0 0.0
249 25 10377 1 1 1 0 1 1 0 1 0 0 1 1 1 0 0 1 0 0 0 0 1 0 1 0 0 0.0
250 25 13359 0 1 1 0 1 0 1 1 0 1 0 0 1 1 1 0 0 0 1 1 0 1 0 0 0 0.0
251 25 9682 0 0 1 0 1 0 1 0 0 0 1 1 1 0 0 1 0 0 1 0 0 1 0 0 1 0.0
252 25 12583 0 1 1 0 1 1 1 0 0 0 0 0 1 0 1 0 0 0 1 1 0 1 1 0 0 0.0
253 25 12222 1 0 0 1 1 1 1 0 0 0 0 0 0 0 0 1 0 1 0 1 0 1 0 1 1 0.0
254 25 12213 0 1 1 1 1 1 1 0 1 0 0 0 0 0 0 1 1 0 1 1 0 0 0 1 1 0.0
255 25 11676 1 0 0 0 1 1 0 0 1 1 0 0 0 1 1 1 1 1 0 0 0 0 1 0 0 0.0
256 25 13458 0 1 0 1 0 1 1 1 1 1 1 0 0 1 0 0 0 1 1 0 1 0 0 0 1 0.0
257 25 13285 1 0 1 0 1 0 0 0 0 1 1 1 1 1 0 0 1 1 0 1 1 0 1 0 0 0.0
258 25 11451 0 1 1 0 1 1 1 1 0 0 0 0 0 1 1 1 1 0 1 0 0 0 0 1 0 0.0
259 25 12990 0 0 0 0 1 1 0 1 1 1 1 1 1 1 0 0 0 1 0 0 1 0 1 0 0 0.0
260 25 12642 0 0 1 0 0 1 1 0 0 1 1 1 0 1 0 0 0 0 1 1 0 1 1 0 1 0.0
261 25 11336 0 1 1 0 1 1 0 0 1 0 1 1 1 1 1 0 0 0 0 0 0 0 0 0 1 0.0
262 25 13037 0 1 0 0 1 1 1 1 1 0 1 0 0 0 1 1 0 0 1 1 1 1 0 0 0 0.0
263 25 13894 0 0 1 1 0 0 0 1 1 1 0 0 0 1 1 0 1 0 0 1 1 1 0 1 1 0.0
264 25 11521 0 0 0 0 1 1 1 1 1 0 0 1 1 0 1 0 0 1 0 1 1 0 1 0 0 0.0
265 25 15619 0 1 0 1 0 0 1 1 1 1 0 0 1 0 1 0 0 1 1 1 0 0 0 1 1 0.0
266 25 11913 1 1 0 0 1 0 0 0 1 1 0 1 1 0 0 0 1 1 0 0 0 0 0 1 1 0.0
267 25 13810 1 0 0 0 1 0 0 1 0 1 1 1 0 1 0 0 0 0 0 0 1 1 1 1 1 0.0
268 25 14661 0 0 1 0 0 1 0 1 0 0 1 1 1 0 0 1 1 0 0 1 1 0 1 1 0 0.0
269 25 11652 1 1 1 0 1 1 0 0 1 0 0 0 0 0 1 1 0 1 1 1 0 0 0 0 1 0.0
270 25 13624 1 1 0 1 0 1 1 0 0 0 0 0 0 1 1 1 0 0 0 1 0 1 1 0 0 0.0
271 25 12310 0 0 1 0 0 1 0 0 0 0 1 0 1 1 1 0 1 1 0 1 0 1 1 0 1 0.0
272 25 13050 0 1 1 1 0 0 0 0 0 1 0 0 1 0 1 1 1 1 1 0 0 0 0 0 1 0.0
273 25 12837 1 1 1 1 1 1 0 1 1 0 1 1 0 1 0 1 0 0 1 0 0 0 0 0 0 0.0
274 25 14093 1 0 0 1 0 0 0 1 1 1 1 1 1 1 1 1 0 0 0 0 0 0 1 0 0 0.0
275 25 14235 0 1 0 1 0 1 1 1 1 0 0 0 0 1 1 0 1 0 1 0 1 0 1 0 0 0.0
276 25 11774 0 0 1 0 1 0 1 0 0 0 1 1 1 1 0 0 1 1 0 0 1 1 0 0 1 0.0
277 25 13834 0 0 1 0 0 1 0 0 1 0 1 0 1 0 1 1 1 0 0 0 0 1 1 1 1 0.0
278 25 13915 0 1 1 1 0 1 0 0 1 1 0 0 1 1 0 1 0 0 0 0 0 1 1 0 1 0.0
279 25 11173 1 0 0 0 1 1 0 1 1 0 0 1 1 0 0 0 1 0 0 0 1 0 1 0 1 0.0
280 25 11032 0 0 0 1 0 0 0 1 0 1 1 1 0 1 0 0 0 0 1 1 0 1 1 1 0 0.0
281 25 12916 1 1 1 0 0 1 1 1 1 0 1 0 0 0 0 1 0 1 0 0 0 1 0 0 0 0.0
282 25 12900 1 0 1 0 1 1 1 1 1 1 1 1 1 0 0 0 1 0 0 0 0 0 0 0 1 0.0
283 25 12109 0 0 1 1 0 1 1 0 0 0 1 0 1 0 1 0 1 1 0 1 0 0 0 1 0 0.0
284 25 12159 1 0 0 0 1 0 0 1 0 1 0 1 1 0 1 0 1 1 1 1 1 0 0 0 0 0.0
285 25 11078 1 0 1 0 0 0 0 1 0 1 0 0 1 0 1 1 0 1 0 0 1 0 1 0 1 0.0
286 25 10600 0 1 0 1 0 0 1 0 0 1 0 0 0 0 0 1 1 1 1 0 0 0 1 0 1 0.0
287 25 14003 1 0 0 1 1 0 0 0 1 0 1 0 1 1 0 0 0 1 0 1 1 0 0 0 1 0.0
288 25 14608 0 0 0 1 1 0 0 1 0 1 1 0 0 0 1 0 1 1 1 0 1 0 0 1 1 0.0
289 25 10863 1 0 1 0 1 0 0 1 1 1 0 0 1 1 1 0 0 1 1 0 0 1 0 0 0 0.0
290 25 11978 0 1 0 1 0 1 1 1 0 1 0 0 0 1 0 1 0 0 0 0 1 1 1 0 0 0.0
291 25 13475 1 0 0 1 0 0 1 1 0 1 1 1 1 0 0 0 0 1 1 1 0 0 1 0 1 0.0
292 25 13873 1 0 0 0 0 0 1 0 1 1 0 1 0 1 0 1 1 0 1 0 0 1 0 0 1 0.0
293 25 14767 1 0 0 0 1 1 0 1 1 1 1 0 0 1 1 0 0 1 0 0 0 1 1 0 1 0.0
294 25 12669 1 1 0 0 1 0 0 0 0 1 1 0 1 0 1 0 0 1 1 1 0 0 0 1 0 0.0
295 25 13374 0 1 1 1 0 0 1 0 1 1 0 0 0 1 1 0 0 0 1 0 1 0 0 1 1 0.0
296 25 11289 1 0 0 1 0 1 1 0 1 0 0 1 0 0 1 0 0 0 0 1 1 0 1 1 1 0.0
297 25 12242 0 0 1 1 0 0 0 0 1 1 0 0 1 0 1 0 0 1 1 0 1 1 1 0 0 0.0
298 25 12316 1 1 1 1 1 0 0 0 1 1 0 0 0 0 0 1 0 0 0 0 1 0 1 0 1 0.0
299 25 13887 1 1 0 1 0 1 1 0 1 0 0 1 1 0 0 1 1 0 0 0 0 0 1 0 1 0.0
300 25 11884 1 0 0 0 0 1 0 0 1 0 0 1 0 0 1 1 0 1 1 0 1 1 0 0 1 0.0
301 25 11217 1 0 0 0 0 0 1 0 0 0 0 1 1 0 1 0 1 0 1 0 0 1 1 1 1 0.0
302 25 12963 1 0 1 1 0 0 0 0 1 1 1 1 0 0 1 0 1 1 0 1 0 0 1 0 1 0.0
303 25 12382 1 0 1 1 0 1 0 0 0 1 0 1 1 0 0 0 0 0 0 0 1 1 0 1 1 0.0
304 25 10311 1 1 0 0 1 0 0 1 0 1 0 0 1 1 1 0 1 1 0 1 1 0 0 0 0 0.0
305 25 9604 0 1 1 0 0 0 0 1 0 0 1 1 0 0 0 0 0 1 1 1 0 0 1 0 1 0.0
306 25 13490 1 1 0 1 1 0 0 1 0 1 1 0 0 0 0 0 0 1 0 0 0 1 1 1 1 0.0
307 25 13001 0 0 0 0 1 0 0 1 1 1 0 0 0 0 1 1 1 1 1 0 1 0 0 0 1 0.0
308 25 12287 1 0 1 1 0 0 1 0 1 0 0 1 1 0 0 1 1 0 1 0 0 1 0 1 0 0.0
309 25 12713 0 0 0 0 1 1 0 0 0 1 0 0 0 1 1 1 1 1 1 1 1 1 0 0 0 0.0
310 25 11774 0 1 0 0 1 0 0 0 0 0 1 1 0 1 0 0 1 1 1 0 1 0 0 1 1 0.0
311 25 11891 0 0 0 1 0 1 1 0 0 0 1 1 1 1 0 0 1 0 0 1 0 0 1 0 1 0.0
312 25 11515 1 1 1 0 0 1 1 1 0 0 0 0 0 0 1 1 1 0 0 1 0 0 1 0 0 0.0
313 25 10889 1 1 0 1 1 0 0 1 1 0 0 0 0 1 0 1 1 0 1 0 0 0 1 1 1 0.0
314 25 12872 0 0 1 1 0 0 1 1 1 1 1 1 0 0 0 0 1 0 0 0 0 0 1 0 1 0.0
315 25 14515 1 1 1 1 0 0 0 1 1 1 0 1 0 0 0 1 1 0 1 0 0 0 0 1 0 0.0
316 25 12744 1 1 1 1 0 0 1 0 0 1 0 0 1 0 1 0 1 1 0 0 1 0 0 0 0 0.0
317 25 11097 0 0 0 1 1 1 0 0 0 1 1 0 0 0 0 0 1 1 1 0 1 1 0 0 0 0.0
318 25 11844 1 0 1 1 1 1 0 0 1 0 1 0 0 1 0 0 0 0 1 1 0 1 1 0 0 0.0
319 25 12687 0 0 1 0 0 1 0 0 0 0 1 0 1 1 1 0 0 0 0 1 1 0 1 0 1 0.0
320 25 15187 1 0 0 0 0 1 1 0 1 1 1 0 1 0 1 1 0 1 0 1 1 0 1 1 0 0.0
321 25 11799 0 0 1 1 1 0 0 1 0 0 1 0 1 1 0 1 0 0 1 1 0 0 0 1 0 0.0
322 25 12306 0 1 0 1 0 1 0 1 0 1 0 1 1 1 0 0 0 1 1 0 0 0 1 0 0 0.0
323 25 14340 0 1 0 0 1 0 0 0 0 0 1 1 1 1 0 1 0 0 1 1 1 0 0 1 1 0.0
324 25 11353 0 0 1 0 1 1 1 1 1 0 0 1 1 1 1 1 0 0 0 1 0 0 1 0 0 0.0
325 25 12346 0 1 1 1 0 0 1 1 1 1 1 0 1 0 0 0 0 0 1 0 0 0 0 0 1 0.0
326 25 12381 0 0 0 0 1 0 1 1 1 1 0 1 0 1 1 0 1 0 0 1 0 0 0 0 1 0.0
327 25 11400 0 0 1 1 1 0 1 0 0 1 0 0 0 1 0 0 1 1 0 1 1 0 1 1 0 0.0
328 25 11106 0 1 1 1 0 1 0 1 1 1 0 0 1 0 0 0 1 0 0 0 1 0 1 0 1 0.0
329 25 11640 1 0 1 0 0 0 0 0 0 0 0 1 0 1 0 1 1 1 0 0 1 1 0 1 1 0.0
330 25 13706 0 0 0 1 1 1 0 1 1 1 1 0 1 0 1 1 0 0 0 0 1 0 0 1 0 0.0
331 25 9635 0 1 0 1 0 1 0 0 0 1 1 1 0 0 1 0 0 1 1 1 0 1 0 0 0 0.0
332 25 14633 1 0 0 1 0 1 0 1 1 1 1 0 0 0 1 1 0 1 0 0 1 0 0 0 1 0.0
333 25 12460 0 1 0 0 0 1 0 0 0 1 1 1 1 0 1 1 1 0 0 0 1 0 0 1 1 0.0
334 25 13648 1 0 0 1 0 0 0 0 0 1 1 1 0 1 0 1 1 0 0 1 0 1 0 0 1 0.0
335 25 10787 0 0 0 0 0 1 1 1 1 0 1 0 1 0 1 1 0 1 0 0 1 1 0 0 0 0.0
336 25 14165 0 1 1 0 0 1 1 1 1 1 1 0 0 0 0 0 0 0 0 0 1 1 0 1 0 0.0
337 25 12875 1 0 0 0 0 0 0 1 0 0 1 1 0 1 1 0 0 1 1 0 0 0 1 1 1 0.0
338 25 11095 0 0 1 1 0 0 0 0 1 1 1 0 1 0 0 0 0 1 1 1 1 0 1 1 0 0.0
339 25 10888 1 1 0 0 0 0 1 0 0 1 1 1 0 1 0 0 0 1 1 0 1 1 0 0 0 0.0
340 25 13494 1 0 0 0 0 1 1 0 1 1 0 1 1 0 0 0 1 0 0 1 1 0 1 1 1 0.0
341 25 14296 0 0 1 1 0 0 1 1 1 0 1 1 1 0 1 0 0 1 0 0 0 1 0 1 1 0.0
342 25 13550 0 0 0 0 1 0 1 1 1 1 1 0 0 1 1 0 1 1 0 0 1 0 0 0 1 0.0
343 25 12117 1 1 0 1 0 1 0 0 0 1 1 0 0 0 1 0 0 0 1 0 0 1 1 0 1 0.0
344 25 11864 0 1 1 0 0 0 1 0 0 0 0 1 0 0 0 0 1 0 1 1 0 1 1 1 1 0.0
345 25 12762 0 1 0 0 1 1 1 0 0 0 1 1 0 1 0 1 0 1 1 0 0 0 1 0 0 0.0
346 25 13238 0 1 1 0 1 0 0 0 0 0 1 0 1 1 1 0 0 0 1 1 0 0 1 0 1 0.0
347 25 12774 0 1 0 1 1 1 1 1 1 0 0 0 1 0 1 0 0 0 1 1 0 1 0 0 0 0.0
348 25 12367 1 0 1 1 0 0 0 0 1 0 0 1 1 1 1 0 1 0 0 0 1 0 0 1 0 0.0
349 25 12314 1 1 1 1 0 0 0 1 0 0 1 1 0 1 1 1 0 0 0 0 0 0 0 0 1 0.0
350 25 13767 0 1 1 0 1 0 1 1 1 1 1 0 0 0 1 0 1 0 1 1 0 0 0 0 1 0.0
351 25 13549 1 0 0 1 0 0 0 1 1 1 1 0 0 1 0 0 1 0 1 0 0 0 1 1 1 0.0
352 25 11338 0 1 1 0 0 0 1 1 0 1 0 0 1 1 0 0 0 1 0 0 1 1 0 0 0 0.0
353 25 13844 0 1 1 1 0 0 0 0 1 1 1 1 1 1 0 0 1 0 0 0 0 1 1 0 1 0.0
354 25 13206 1 0 1 0 0 1 1 0 1 1 0 0 0 0 0 0 1 0 0 1 0 1 1 1 0 0.0
355 25 13993 0 1 1 0 1 1 1 1 0 1 0 1 1 0 0 0 1 0 1 0 0 0 0 0 1 0.0
356 25 11835 1 1 1 1 0 1 0 1 0 0 0 0 0 0 1 0 0 0 1 1 0 0 1 1 1 0.0
357 25 11101 0 1 1 1 1 0 0 0 1 0 1 0 0 0 1 0 0 0 0 1 1 1 0 1 0 0.0
358 25 11852 1 0 0 1 1 0 1 0 1 0 0 1 1 0 1 1 0 0 1 1 0 0 1 0 1 0.0
359 25 11841 0 0 0 1 1 0 0 1 1 0 1 0 1 0 1 0 0 1 0 1 1 0 1 0 0 0.0
360 25 11807 0 1 0 1 0 1 0 0 0 1 0 0 0 1 0 1 0 1 1 0 1 1 0 0 1 0.0
361 25 13574 1 0 1 1 1 1 0 0 0 1 0 0 1 1 0 0 0 0 1 1 0 0 0 1 0 0.0
362 25 11325 0 0 1 0 0 0 0 1 0 0 1 1 1 1 0 1 1 1 0 0 1 0 1 0 0 0.0
363 25 13295 1 0 1 0 1 1 1 1 0 0 1 0 0 0 1 1 0 0 0 0 1 0 1 1 1 0.0
364 25 12815 1 1 0 1 0 0 0 0 1 0 1 1 0 1 1 0 0 0 1 0 1 0 0 0 1 0.0
365 25 13044 1 1 0 0 0 1 1 0 0 1 1 0 1 0 1 0 0 0 0 0 1 1 1 0 1 0.0
366 25 11952 1 1 1 1 0 1 0 0 0 0 0 1 1 1 0 1 1 0 0 0 0 0 1 0 1 0.0
367 25 13872 1 0 1 0 0 0 1 1 0 1 1 0 0 0 0 0 1 1 1 0 1 0 1 1 0 0.0
368 25 13006 1 1 0 0 1 1 0 0 0 1 0 0 0 1 1 1 0 1 1 0 0 1 0 0 1 0.0
369 25 12171 1 0 0 0 0 0 1 0 0 0 0 1 0 1 1 0 1 1 0 1 1 1 0 1 0 0.0
370 25 13436 0 0 1 1 1 1 0 0 1 1 1 0 1 1 0 0 0 1 1 0 1 0 0 0 0 0.0
371 25 12072 0 1 0 0 1 1 0 1 0 1 0 0 1 1 0 0 1 0 1 1 0 1 0 1 0 0.0
372 25 12642 0 0 1 1 0 1 0 0 0 0 0 1 1 0 0 1 1 1 0 0 0 1 1 1 1 0.0
373 25 13606 1 1 1 0 1 1 0 1 0 1 0 0 0 0 0 1 0 1 0 0 0 1 0 0 1 0.0
374 25 13189 0 0 0 1 1 1 0 0 1 0 0 0 1 0 1 1 1 0 0 0 1 0 0 1 1 0.0
375 25 13676 0 0 0 0 1 0 1 1 1 1 0 0 1 1 0 1 0 1 0 1 0 1 1 0 1 0.0
376 25 12333 0 1 1 1 0 0 0 0 1 0 0 1 0 0 1 0 1 1 1 1 0 0 0 0 1 0.0
377 25 12511 0 0 0 1 0 0 0 0 0 0 1 1 1 0 0 0 1 1 1 1 1 1 0 1 1 0.0
378 25 10939 0 0 1 1 0 0 0 1 0 1 1 0 1 0 1 1 1 1 0 0 0 1 0 0 0 0.0
379 25 10788 1 1 1 0 1 0 1 0 0 1 0 0 1 0 0 1 1 0 0 0 0 0 1 1 1 0.0
380 25 12094 0 0 1 1 1 0 1 1 0 0 0 1 1 0 1 1 0 1 0 0 0 1 0 0 0 0.0
381 25 11850 0 1 0 0 0 1 0 0 0 1 1 1 1 1 1 0 0 0 0 0 0 0 1 1 0 0.0
382 25 11957 0 0 0 0 0 1 1 1 1 0 0 0 0 1 0 0 0 1 0 0 1 1 1 1 1 0.0
383 25 11221 0 1 0 1 0 1 0 0 1 0 1 0 1 1 0 0 1 0 0 0 0 1 0 1 0 0.0
384 25 11407 0 1 1 1 0 1 1 0 0 1 0 0 1 1 0 0 0 1 0 0 1 1 0 1 0 0.0
385 25 11621 1 1 0 0 1 0 0 1 0 0 1 1 0 0 0 1 0 1 1 0 1 1 0 1 0 0.0
386 25 13339 0 0 0 1 1 0 1 0 0 1 0 0 1 1 1 1 0 1 0 0 1 0 0 1 1 0.0
387 25 12155 1 1 1 0 0 1 0 1 1 0 0 0 1 0 1 0 0 1 0 0 1 1 0 0 0 0.0
388 25 13144 0 0 0 1 0 0 1 1 1 0 0 0 1 0 1 1 1 1 0 0 1 0 1 1 0 0.0
389 25 12528 0 1 1 0 0 0 1 1 0 0 1 0 1 0 0 0 1 0 0 0 1 0 1 1 1 0.0
390 25 11773 1 0 0 1 1 1 0 0 0 0 0 0 1 0 0 0 1 1 0 1 1 1 0 0 1 0.0
391 25 13282 0 0 0 1 0 0 1 0 1 0 1 1 0 1 0 0 1 0 0 1 1 0 1 0 1 0.0
392 25 11785 1 1 1 0 1 0 1 0 0 1 0 1 1 0 0 1 0 0 1 0 1 0 1 0 0 0.0
393 25 11971 1 0 1 1 1 0 0 1 1 0 0 0 1 1 0 0 0 0 0 1 0 0 1 1 0 0.0
394 25 13018 1 0 0 0 0 1 1 0 1 0 0 0 1 0 0 1 1 1 1 0 0 1 1 0 0 0.0
395 25 12560 0 0 1 0 0 0 1 1 0 1 0 0 1 1 1 0 0 0 1 1 1 0 1 1 0 0.0
396 25 11837 0 0 1 0 1 1 1 1 0 1 0 0 1 1 0 0 1 0 0 1 0 1 0 0 0 0.0
397 25 12084 0 0 0 0 0 1 0 0 0 1 1 0 0 0 0 0 1 1 1 1 1 1 1 1 0 0.0
398 25 13368 1 1 0 0 1 1 1 0 1 0 0 1 0 1 1 0 1 0 0 0 0 1 0 0 1 0.0
399 25 11374 0 1 0 1 1 1 0 0 0 0 1 0 0 0 1 1 1 1 1 0 0 0 0 1 0 0.0
400 25 13093 1 1 1 0 1 0 0 1 1 0 0 1 0 0 1 1 0 1 1 0 0 0 1 0 0 0.0
401 25 11754 0 0 0 1 1 0 1 1 0 1 0 0 0 1 0 1 0 0 0 1 1 0 1 1 1 0.0
402 25 12081 0 1 1 0 1 0 1 0 1 0 0 1 1 0 1 1 0 1 1 0 1 1 0 0 0 0.0
403 25 13470 1 0 0 0 0 0 0 1 0 0 0 1 0 1 1 1 0 1 1 0 1 0 1 1 0 0.0
404 25 12782 1 1 1 0 0 0 1 1 1 0 0 0 0 0 0 0 0 0 1 0 1 1 1 0 1 0.0
405 25 12425 0 0 1 1 1 1 0 0 1 0 0 0 0 0 0 0 1 1 1 0 0 1 0 1 1 0.0
406 25 11950 1 0 0 0 1 0 0 1 1 1 0 1 0 1 0 1 1 0 0 1 0 1 0 0 0 0.0
407 25 12997 0 0 0 1 1 0 0 1 1 1 0 1 0 1 0 0 0 0 0 0 1 1 1 1 0 0.0
408 25 14350 1 0 1 1 0 1 1 0 0 0 0 1 0 0 0 1 1 1 0 0 1 1 1 0 1 0.0
409 25 12680 1 1 0 0 0 1 1 0 1 1 1 0 0 1 0 0 0 1 0 1 0 1 0 1 0 0.0
410 25 11603 0 1 0 0 0 0 1 0 1 0 1 1 0 0 0 1 1 1 1 1 1 1 0 0 1 0.0
411 25 13178 0 0 1 1 0 1 0 1 1 1 0 1 0 1 0 0 0 0 0 1 1 0 1 0 1 0.0
412 25 11518 1 1 1 0 1 1 0 1 0 0 1 1 0 0 0 1 0 1 0 0 1 0 0 0 0 0.0
413 25 13533 0 0 0 1 1 1 1 1 1 0 1 0 0 0 1 0 1 0 1 0 0 0 1 0 1 0.0
414 25 14463 1 1 0 0 1 1 0 1 0 1 0 1 1 0 1 0 1 1 1 0 1 0 0 0 0 0.0
415 25 11990 0 1 0 1 1 0 0 1 0 1 0 0 1 0 0 0 0 1 0 1 1 0 0 1 1 0.0
416 25 13512 1 0 1 1 0 1 0 0 0 1 0 1 0 0 1 1 1 0 0 0 1 0 0 1 1 0.0
417 25 14050 0 0 0 1 0 0 1 1 1 0 1 0 1 0 1 1 0 1 0 0 1 0 0 1 1 0.0
418 25 14293 0 0 0 1 1 0 0 0 0 1 0 1 0 0 1 1 0 0 1 0 1 1 0 1 1 0.0
419 25 12411 1 1 0 0 0 1 0 0 1 0 1 1 0 1 0 0 1 0 1 1 0 0 0 1 0 0.0
420 25 12897 0 1 1 0 0 0 1 0 1 0 0 1 0 1 1 0 0 1 1 1 0 0 1 0 0 0.0
421 25 13571 0 1 1 1 1 1 1 0 0 1 1 1 0 0 0 1 0 0 1 1 1 0 1 0 0 0.0
422 25 12204 1 0 0 1 1 1 0 1 1 0 0 1 0 1 0 0 0 1 0 0 0 1 1 0 0 0.0
423 25 13357 1 1 0 0 1 1 1 0 1 0 0 0 1 1 1 0 0 0 1 1 0 1 1 0 0 0.0
424 25 12833 0 1 0 1 0 0 0 1 0 0 1 1 0 0 1 1 1 1 1 1 0 1 0 1 0 0.0
425 25 12323 0 0 0 1 1 1 0 0 1 0 0 0 0 0 0 1 1 0 1 1 1 1 0 0 0 0.0
426 25 12347 0 0 1 1 1 1 0 1 0 1 0 1 0 0 1 0 1 1 1 0 0 1 0 0 0 0.0
427 25 12532 0 0 1 1 1 1 1 0 0 1 0 1 1 0 0 0 1 0 1 1 1 0 0 0 0 0.0
428 25 12703 0 1 0 0 1 1 0 0 0 0 1 0 0 1 0 1 0 1 0 1 1 0 1 0 1 0.0
429 25 12869 1 0 0 1 1 0 0 1 1 1 0 0 1 0 0 0 0 1 0 1 0 0 0 1 0 0.0
430 25 13671 1 0 1 1 0 0 0 0 1 0 0 1 0 0 1 1 0 0 0 0 1 1 0 1 1 0.0
431 25 14792 0 1 0 0 1 1 0 1 1 1 0 1 1 1 1 0 1 0 0 0 0 1 0 0 1 0.0
432 25 11409 0 1 0 0 0 0 1 0 1 0 0 0 0 1 0 1 0 1 1 1 0 1 1 0 0 0.0
433 25 10320 0 1 0 0 0 0 0 1 1 0 0 1 0 1 1 0 0 0 0 1 1 1 1 0 0 0.0
434 25 12640 1 0 1 0 0 0 0 1 0 0 0 1 0 1 0 0 1 1 1 0 1 0 1 1 0 0.0
435 25 13285 0 0 0 1 0 0 0 0 0 1 1 1 0 1 0 0 0 1 1 1 1 1 1 0 1 0.0
436 25 12554 0 0 1 0 1 0 1 0 1 1 0 0 1 0 1 1 0 0 0 0 0 1 1 1 0 0.0
437 25 11482 1 0 0 0 1 0 0 1 1 1 0 1 1 0 1 1 0 0 0 0 0 0 0 1 1 0.0
438 25 14159 0 0 0 1 0 0 0 1 1 1 1 1 0 1 0 1 0 0 0 1 1 1 1 0 1 0.0
439 25 12764 1 1 1 0 1 1 0 1 0 0 0 0 0 1 1 0 1 1 1 0 0 0 0 1 0 0.0
440 25 12993 1 0 1 1 0 1 0 0 1 0 0 0 0 0 1 1 1 0 0 1 1 0 0 0 1 0.0
441 25 12264 0 0 0 1 0 1 0 0 0 1 0 1 0 1 1 0 1 1 0 0 1 1 1 1 0 0.0
442 25 11528 0 0 1 0 0 0 1 1 1 1 1 1 0 0 0 0 0 1 0 0 0 0 1 0 1 0.0
443 25 12639 1 1 0 0 1 0 0 0 0 0 0 1 1 1 0 1 0 0 0 0 1 0 1 1 1 0.0
444 25 12245 1 0 1 0 0 1 0 0 1 1 1 0 0 0 1 1 0 0 0 1 0 0 0 1 1 0.0
445 25 11304 0 0 0 1 0 0 0 1 1 0 0 1 1 1 1 0 0 0 1 0 0 0 1 1 1 0.0
446 25 13656 0 1 1 1 0 1 0 0 1 0 0 1 1 0 0 0 0 0 1 1 1 0 1 1 0 0.0
447 25 13174 0 1 0 0 0 1 0 0 1 1 1 0 1 0 0 1 0 1 1 0 1 1 1 0 1 0.0
448 25 13429 1 0 0 1 1 0 1 1 1 0 1 0 0 1 0 1 0 0 0 0 1 1 1 0 0 0.0
449 25 11287 1 1 0 0 1 0 0 0 0 0 0 1 1 1 1 0 0 0 0 1 0 1 1 0 0 0.0
450 25 14237 0 0 1 0 0 0 0 0 1 1 1 1 0 0 0 1 1 0 0 1 1 1 1 1 0 0.0
451 25 11908 1 0 1 0 0 0 0 1 0 0 0 1 0 0 1 1 0 0 1 0 1 1 1 0 1 0.0
452 25 12009 0 0 0 1 0 1 0 1 0 0 1 1 0 0 0 1 0 1 1 1 1 1 1 0 1 0.0
453 25 12657 0 1 1 0 1 1 0 1 0 1 0 0 0 0 0 1 1 0 0 0 1 1 1 0 0 0.0
454 25 12553 1 1 1 0 1 0 0 1 0 0 0 0 0 0 1 1 1 0 0 0 1 0 0 0 1 0.0
455 25 10991 1 0 0 0 1 0 0 1 1 1 0 1 1 0 1 0 0 1 0 1 0 0 1 0 1 0.0
456 25 12719 1 0 0 0 0 0 0 1 1 0 0 1 1 0 0 0 0 1 1 1 1 1 0 0 1 0.0
457 25 12669 1 1 0 1 0 0 0 1 0 0 0 1 0 1 1 0 0 0 1 0 1 1 0 1 0 0.0
458 25 12379 1 0 0 1 1 0 0 0 1 1 0 0 0 0 0 1 1 1 1 0 0 0 1 0 1 0.0
459 25 11546 0 1 0 1 1 0 0 1 0 0 0 0 0 0 1 1 1 1 0 0 1 1 1 0 1 0.0
460 25 11783 0 0 0 0 1 1 0 0 1 0 1 0 1 0 1 1 0 0 1 1 1 0 0 0 0 0.0
461 25 11864 0 1 0 0 1 1 0 1 0 1 0 0 1 1 0 0 1 0 1 0 0 1 0 1 0 0.0
462 25 13805 0 0 0 1 0 0 1 0 0 0 0 1 1 1 1 1 0 1 1 0 0 0 1 1 1 0.0
463 25 12349 0 1 0 0 0 0 1 1 0 1 1 0 0 0 1 1 1 0 0 1 1 0 1 1 0 0.0
464 25 12659 0 0 1 1 0 1 1 0 0 1 1 1 0 1 0 0 1 0 0 0 0 1 1 0 0 0.0
465 25 12043 1 1 1 0 0 0 0 1 1 0 0 1 0 1 0 0 0 0 0 0 1 1 1 0 1 0.0
466 25 12967 0 0 0 0 1 1 0 0 1 1 0 0 0 1 1 0 1 1 0 1 0 0 1 1 0 0.0
467 25 12522 0 0 1 1 0 0 1 1 0 1 1 1 1 1 0 0 1 0 1 0 0 0 0 0 0 0.0
468 25 12372 0 0 0 0 1 0 1 1 0 1 1 1 0 0 1 1 1 0 0 0 0 1 1 0 0 0.0
469 25 12257 1 0 0 1 0 0 1 0 0 1 0 1 1 1 0 0 1 0 0 0 1 0 1 0 1 0.0
470 25 11930 1 1 1 0 0 1 0 0 1 0 1 0 0 0 0 0 1 0 1 0 1 0 1 0 1 0.0
471 25 10698 1 1 0 0 0 0 0 1 1 0 1 0 0 1 0 0 0 1 1 1 1 1 0 0 0 0.0
472 25 12300 1 0 0 0 1 1 1 1 0 0 0 0 1 0 1 0 1 1 0 0 1 1 0 0 1 0.0
473 25 10456 0 0 1 0 0 1 1 0 1 1 0 0 1 1 1 0 0 1 0 0 1 1 0 0 1 0.0
474 25 11506 0 0 0 1 1 1 1 1 1 0 0 0 0 0 1 1 0 1 0 1 1 0 0 0 0 0.0
475 25 11111 1 0 1 1 0 0 0 0 1 0 1 0 0 0 1 0 1 0 0 0 0 1 0 1 1 0.0
476 25 12386 1 1 1 1 0 1 0 1 0 1 0 0 1 1 0 0 1 0 1 0 0 0 0 1 0 0.0
477 25 10572 0 0 1 0 0 1 0 1 1 1 1 1 1 0 1 0 0 0 1 0 0 1 0 0 1 0.0
478 25 12302 1 0 1 0 0 1 0 0 1 0 1 0 0 0 0 0 1 0 1 1 1 0 0 1 1 0.0
479 25 11294 1 1 0 0 0 0 0 0 1 1 0 0 0 1 1 0 1 1 0 1 0 0 1 1 0 0.0
480 25 14218 1 0 1 0 1 0 1 0 0 1 1 1 0 0 0 1 0 0 0 0 1 1 0 1 1 0.0
481 25 13126 0 0 1 0 1 0 0 0 1 0 1 1 0 1 0 1 1 0 1 1 0 1 0 0 1 0.0
482 25 12878 1 0 1 1 0 0 0 0 0 1 1 0 1 1 1 1 1 0 0 0 1 0 0 1 0 0.0
483 25 12904 0 1 0 1 0 1 1 1 0 0 0 0 1 0 1 1 0 1 0 0 1 0 0 1 0 0.0
484 25 11292 1 0 0 0 0 0 1 0 1 1 1 0 0 1 0 0 1 1 0 0 0 1 0 1 1 0.0
485 25 13428 0 0 1 0 1 0 1 0 0 0 1 0 1 1 1 0 1 0 0 0 0 1 1 1 0 0.0
486 25 12142 0 0 1 0 0 0 0 0 1 1 0 0 1 0 1 1 1 0 1 0 1 1 0 1 0 0.0
487 25 13291 0 1 1 0 0 1 1 0 0 0 1 1 1 1 1 0 1 1 0 0 1 0 0 1 0 0.0
488 25 8855 0 1 0 0 0 0 1 0 0 0 0 0 1 1 1 1 0 1 0 1 0 1 1 1 1 0.0
489 25 12537 0 0 1 1 1 0 1 0 1 0 0 0 0 0 1 0 1 1 1 1 0 1 0 0 1 0.0
490 25 10772 1 0 0 0 0 1 1 0 0 1 1 0 0 0 1 1 1 1 1 0 1 0 0 0 0 0.0
491 25 13130 0 1 1 1 0 0 0 1 0 1 1 1 1 1 0 1 0 0 0 0 1 0 0 1 0 0.0
492 25 12798 1 1 0 0 1 0 0 0 0 0 1 1 1 0 0 0 0 1 1 1 1 0 0 0 1 0.0
493 25 12090 0 0 1 0 1 0 0 1 1 1 1 0 1 0 1 1 0 1 0 1 0 0 0 0 1 0.0
494 25 14285 0 0 1 0 1 0 0 1 1 1 1 0 1 0 0 1 1 1 1 0 0 0 1 0 0 0.0
495 25 12409 0 1 1 0 0 1 0 0 0 1 1 0 0 0 0 0 1 1 1 1 1 0 0 1 0 0.0
496 25 10132 1 1 1 0 1 0 0 0 0 0 0 1 1 1 1 1 0 1 0 0 0 1 0 0 0 0.0
497 25 13131 1 0 1 1 0 0 0 0 0 0 1 0 0 1 0 1 1 1 1 1 0 0 0 1 0 0.0
498 25 14681 0 0 0 0 0 1 1 0 0 1 0 1 0 1 1 1 0 0 1 0 1 0 1 1 1 0.0
499 25 10438 0 0 1 1 0 0 1 0 1 1 1 0 1 1 1 0 0 0 0 1 0 0 1 0 1 0.0
500 25 12886 1 0 1 0 0 1 1 1 1 0 0 1 0 0 0 0 1 0 1 0 0 1 1 1 0 0.0
