1 10 624 44 88 52 246 243 1186 179 933 33 99 65 276 176 831 181 871 19 110 257 1282
2 10 773 271 1365 185 980 170 787 27 4 233 1167 155 794 141 741 60 297 183 867 121 609
3 10 760 240 1212 152 729 207 991 197 1030 156 755 39 72 256 1286 51 272 165 802 57 308
4 10 591 192 991 50 359 18 182 249 1221 106 490 197 1006 49 338 159 757 59 337 103 472
5 10 844 165 884 189 993 287 1429 177 926 161 849 60 229 286 1425 178 835 104 433 81 438
6 10 819 213 1080 75 279 289 1443 182 939 137 727 226 1140 92 503 244 1193 135 712 46 136
7 10 711 208 1065 140 758 217 1087 100 438 186 913 272 1352 53 329 33 116 42 198 172 832
8 10 728 246 1241 31 273 200 954 97 581 114 624 66 235 193 952 79 487 151 726 279 1401
9 10 809 132 685 192 1005 290 1446 61 320 241 1217 233 1177 21 197 69 369 146 664 233 1182
10 10 935 266 1338 272 1347 260 1305 123 623 56 217 124 558 189 904 227 1114 115 644 238 1205
11 10 637 20 90 57 380 168 874 191 972 143 771 120 647 40 258 231 1161 19 61 285 1419
12 10 773 192 951 80 461 85 410 203 969 267 1339 159 851 70 379 194 1009 98 396 198 956
13 10 924 173 904 198 959 103 438 180 898 259 1314 226 1137 256 1283 93 504 248 1237 113 549
14 10 830 85 496 51 270 280 1393 297 1485 80 401 120 597 291 1460 138 766 56 378 263 1314
15 10 798 56 211 68 292 139 650 131 726 66 392 123 566 283 1406 273 1358 199 1037 258 1274
16 10 757 91 427 211 1015 55 326 154 734 248 1231 190 951 253 1260 278 1384 3 106 31 171
17 10 584 109 547 67 322 190 908 89 448 61 419 87 421 237 1157 37 260 50 248 241 1220
18 10 844 144 650 243 1233 121 596 136 739 254 1249 297 1486 121 660 185 915 77 325 110 510
19 10 636 73 462 267 1349 201 1004 94 401 19 16 116 511 36 181 242 1231 98 488 127 684
20 10 802 211 1078 116 617 27 70 36 164 297 1484 172 809 79 417 121 554 264 1314 282 1408
21 10 741 187 929 150 681 198 937 279 1387 81 365 105 556 273 1360 78 497 102 474 30 12
22 10 685 171 869 96 568 51 166 85 442 276 1386 17 21 245 1202 18 18 293 1462 118 606
23 10 968 83 347 224 1142 269 1359 98 386 237 1177 270 1343 78 326 190 904 289 1443 198 939
24 10 642 129 690 95 437 295 1474 1 129 161 803 22 9 160 828 235 1194 167 815 20 230
25 10 767 36 252 168 789 190 992 263 1311 116 537 251 1253 151 710 97 535 219 1070 43 248
26 10 1047 292 1459 265 1311 178 880 46 324 196 1021 142 678 287 1431 300 1499 191 950 198 944
27 10 532 230 1156 50 361 57 215 75 378 52 257 289 1441 46 209 50 232 36 180 179 866
28 10 869 116 654 129 630 231 1125 245 1215 234 1197 210 1058 269 1354 51 352 16 176 237 1177
29 10 779 30 117 209 1036 270 1354 118 525 221 1130 161 857 49 359 35 280 240 1166 226 1148
30 10 845 260 1315 23 228 96 423 214 1027 124 696 281 1408 179 836 60 260 246 1219 207 1066
31 10 699 258 1269 113 514 90 403 49 311 60 396 237 1159 60 334 135 721 278 1381 119 543
32 10 593 28 114 90 353 237 1179 125 702 58 304 5 112 294 1466 227 1104 41 185 82 437
33 10 823 238 1216 154 765 226 1111 222 1095 163 879 105 545 10 37 259 1287 259 1294 11 74
34 10 698 121 665 262 1313 139 756 185 891 55 261 6 92 158 808 149 767 136 609 186 931
35 10 738 82 502 159 741 231 1134 10 115 32 163 57 349 171 792 293 1466 154 827 287 1427
36 10 566 44 217 110 549 280 1393 23 137 53 172 225 1112 86 365 158 736 12 164 141 761
37 10 730 278 1395 137 723 250 1270 43 285 209 1042 79 332 96 471 92 463 265 1339 11 62
38 10 750 109 494 20 169 171 912 244 1230 71 299 131 591 200 984 272 1351 168 777 115 479
39 10 496 13 172 113 538 152 754 182 901 56 343 151 718 6 76 264 1331 20 29 35 264
40 10 793 79 373 261 1315 285 1422 270 1350 37 84 140 655 162 808 100 408 202 991 50 193
41 10 807 299 1494 71 276 262 1319 297 1485 285 1426 24 158 159 821 47 216 149 776 22 204
42 10 1037 215 1107 244 1239 112 519 291 1448 290 1448 270 1352 139 624 104 546 207 991 203 970
43 10 615 1 19 8 41 227 1125 6 110 6 122 208 1046 213 1074 291 1446 196 1028 75 287
44 10 585 183 863 226 1167 25 87 172 923 113 645 195 972 3 17 30 258 87 482 137 754
45 10 684 10 83 146 795 85 471 261 1312 147 774 8 9 217 1090 90 430 173 915 231 1126
46 10 940 95 515 294 1466 233 1138 189 959 116 603 280 1399 223 1083 141 762 273 1361 37 181
47 10 624 232 1131 245 1248 161 804 41 178 179 835 30 216 94 527 36 273 71 330 160 770
48 10 882 249 1255 205 1028 128 713 89 374 290 1447 111 496 299 1494 115 634 135 646 144 729
49 10 804 291 1453 166 798 42 86 162 860 238 1171 298 1487 92 445 260 1318 35 262 25 112
50 10 1103 101 421 246 1231 273 1360 280 1393 300 1498 235 1194 265 1342 136 653 111 477 260 1307
51 10 745 134 652 5 111 66 218 283 1417 262 1293 77 307 280 1397 7 45 150 776 227 1098
52 10 785 87 462 116 620 138 664 120 545 257 1265 230 1182 124 608 270 1364 174 867 54 338
53 10 771 278 1378 273 1355 197 1020 19 192 102 583 203 984 126 593 47 233 60 296 237 1199
54 10 730 90 482 192 911 270 1337 105 493 122 598 129 574 212 1088 39 241 286 1419 16 196
55 10 793 222 1082 273 1363 36 294 159 847 24 236 197 960 275 1384 34 257 115 557 252 1275
56 10 507 137 622 153 810 276 1391 38 149 52 265 2 61 174 816 67 387 91 529 25 251
57 10 519 42 314 211 1051 104 449 67 328 128 565 45 205 136 748 39 192 101 556 165 802
58 10 747 182 915 90 455 209 1025 212 1070 285 1430 117 663 33 256 138 724 82 407 146 727
59 10 749 110 602 23 243 35 222 193 930 221 1127 150 758 176 861 108 533 192 956 291 1450
60 10 717 179 926 57 165 210 1035 284 1421 35 302 117 646 43 154 257 1272 34 66 218 1054
61 10 690 194 1003 112 650 132 688 155 783 227 1139 10 73 11 70 237 1205 198 1007 104 483
62 10 781 179 955 230 1115 115 652 226 1133 234 1152 16 50 4 57 47 284 276 1373 235 1182
63 10 676 162 768 74 396 276 1381 147 662 194 982 56 381 37 100 227 1126 14 12 165 886
64 10 535 29 147 30 278 119 535 27 227 82 470 75 317 60 360 219 1111 243 1226 187 899
65 10 653 77 352 145 797 118 677 300 1497 95 550 178 893 67 240 46 149 12 108 269 1342
66 10 857 106 572 272 1355 163 839 142 743 255 1274 143 713 25 39 228 1144 285 1427 95 381
67 10 939 264 1314 119 515 153 771 239 1160 138 667 180 881 200 984 250 1247 38 124 297 1484
68 10 557 139 642 239 1206 26 46 74 476 203 969 56 288 74 398 38 159 155 822 110 560
69 10 825 164 753 135 695 78 408 92 405 240 1174 227 1150 167 809 203 1043 294 1471 50 350
70 10 547 44 182 140 654 63 258 221 1142 7 82 174 924 114 542 137 632 134 600 60 286
71 10 650 283 1420 66 376 90 371 158 807 194 992 111 504 32 94 165 854 5 55 197 934
72 10 932 74 341 69 431 198 1008 148 690 225 1099 272 1358 284 1425 253 1266 160 851 182 852
73 10 690 51 354 299 1494 49 224 31 21 107 624 53 379 288 1439 47 350 211 1053 244 1210
74 10 988 282 1398 189 972 165 787 162 853 127 555 254 1275 263 1312 241 1190 188 989 105 435
75 10 694 83 513 217 1092 81 435 274 1367 164 880 110 460 18 62 234 1171 120 564 88 386
76 10 652 212 1031 111 621 10 48 62 225 179 934 73 449 264 1318 208 1025 68 442 118 573
77 10 748 154 772 150 793 252 1237 55 313 120 593 221 1072 59 273 101 581 105 478 280 1408
78 10 558 166 827 99 402 192 983 7 47 243 1193 122 619 136 633 40 118 15 6 97 519
79 10 749 171 856 185 971 295 1475 112 495 190 968 66 396 131 735 42 287 114 556 192 918
80 10 716 214 1051 188 950 220 1070 64 367 229 1179 137 735 17 171 217 1095 77 415 69 286
81 10 732 3 30 120 563 5 57 264 1336 244 1203 191 974 91 372 266 1345 113 540 168 865
82 10 735 61 237 171 867 278 1390 85 410 47 343 224 1156 139 768 233 1130 111 622 122 530
83 10 663 226 1120 176 916 4 83 14 59 10 20 150 762 274 1376 144 708 223 1090 105 526
84 10 998 103 537 54 255 112 617 272 1362 283 1408 253 1248 210 1073 211 1013 270 1344 228 1147
85 10 515 25 134 147 749 199 955 61 277 54 353 123 594 141 780 19 167 46 116 215 1078
86 10 858 277 1384 232 1145 277 1392 65 208 240 1185 43 340 212 1080 263 1325 48 204 60 188
87 10 609 49 226 100 490 181 915 2 112 241 1230 180 917 15 52 266 1335 57 370 128 621
88 10 507 99 449 2 55 14 21 21 127 247 1241 196 957 155 750 87 397 190 984 3 6
89 10 646 162 774 177 896 112 519 78 339 120 668 37 60 113 619 152 775 192 953 149 804
90 10 854 111 478 237 1196 79 455 248 1213 98 476 186 909 98 407 292 1456 248 1245 111 472
91 10 812 185 946 218 1123 37 247 248 1232 81 482 139 620 290 1449 2 28 271 1355 154 707
92 10 906 223 1097 14 208 131 605 192 914 269 1345 81 306 185 883 174 892 292 1455 252 1262
93 10 825 253 1250 219 1052 104 550 189 904 45 349 196 1004 112 489 289 1439 211 1023 33 85
94 10 647 199 1019 29 267 103 522 4 8 261 1303 269 1344 157 738 110 601 26 11 137 654
95 10 733 42 195 54 146 155 726 215 1108 190 926 168 891 159 783 55 267 214 1033 215 1072
96 10 685 161 791 16 129 135 720 161 822 165 759 164 770 152 744 199 986 214 1027 4 125
97 10 715 224 1148 75 272 38 279 23 70 50 299 240 1191 267 1345 295 1475 23 238 195 988
98 10 841 60 186 260 1311 89 380 298 1487 195 980 108 589 244 1205 29 76 119 637 281 1409
99 10 772 222 1141 36 115 182 856 252 1240 213 1030 207 1051 182 923 22 154 125 675 104 499
100 10 887 286 1431 143 763 243 1213 70 311 254 1254 125 617 256 1285 88 350 242 1226 68 438
101 10 760 32 78 192 944 167 865 119 566 84 347 139 719 201 1034 253 1255 133 689 201 994
102 10 745 173 834 1 134 295 1474 99 562 245 1227 231 1120 170 893 109 468 165 868 3 2
103 10 877 174 854 170 881 175 827 163 863 264 1321 281 1406 252 1275 3 28 96 534 176 865
104 10 818 128 619 244 1192 300 1500 210 1014 62 325 49 293 94 524 264 1325 83 464 202 1025
105 10 723 45 224 108 598 116 527 224 1111 212 1084 36 45 258 1288 156 814 148 807 144 685
106 10 737 40 221 216 1095 105 439 267 1322 11 106 122 537 219 1097 284 1418 42 127 168 839
107 10 831 118 594 286 1430 260 1286 171 791 110 515 113 546 100 522 258 1292 209 1058 38 71
108 10 561 94 394 216 1051 101 581 19 227 76 463 28 46 186 886 32 103 74 373 296 1478
109 10 668 61 183 296 1476 34 52 95 405 196 968 258 1282 92 482 119 640 53 183 133 725
110 10 634 154 736 101 401 200 1017 144 717 134 743 45 183 151 718 145 707 149 720 46 191
111 10 755 258 1279 66 446 117 643 159 827 148 718 276 1365 134 722 11 154 229 1156 113 603
112 10 694 176 905 172 821 90 421 1 90 110 559 256 1289 257 1276 55 376 109 503 163 879
113 10 717 53 300 133 730 281 1411 150 693 26 49 137 672 103 439 38 138 299 1494 215 1065
114 10 896 88 463 201 1005 267 1324 226 1133 255 1260 97 479 203 1050 148 678 37 159 271 1366
115 10 742 298 1486 157 712 75 342 70 311 74 358 72 361 232 1183 91 484 144 695 271 1364
116 10 678 65 385 239 1186 21 194 93 544 62 226 146 675 131 733 130 601 223 1126 246 1226
117 10 805 74 298 93 481 267 1317 180 839 131 674 92 487 164 869 121 576 216 1055 272 1361
118 10 656 97 567 295 1474 87 440 12 2 194 994 83 307 27 65 248 1264 222 1128 48 222
119 10 854 54 385 227 1146 231 1145 214 1064 128 695 258 1277 119 637 193 980 113 517 172 903
120 10 470 105 612 119 544 25 200 10 171 106 606 9 4 104 606 87 536 242 1195 134 749
121 10 692 72 366 218 1106 193 911 23 161 33 41 288 1432 55 278 70 434 177 901 256 1267
122 10 858 294 1469 259 1302 195 950 246 1222 53 196 109 496 113 494 134 585 171 861 143 676
123 10 820 146 748 182 863 169 843 281 1397 9 155 190 955 232 1125 81 398 223 1104 127 666
124 10 810 272 1362 232 1169 115 582 55 303 221 1078 44 202 203 1014 278 1395 94 504 107 527
125 10 943 287 1427 138 702 60 310 108 612 234 1151 142 697 268 1341 278 1392 208 995 164 782
126 10 468 143 724 164 795 55 223 37 70 46 253 101 425 108 590 37 271 94 412 151 694
127 10 859 131 603 47 183 136 730 255 1279 252 1243 255 1274 248 1216 30 123 130 573 235 1185
128 10 880 83 396 186 874 203 978 275 1384 45 187 219 1060 246 1250 238 1195 245 1247 21 86
129 10 706 83 498 9 9 29 40 178 855 203 984 281 1407 115 660 276 1383 50 214 189 978
130 10 912 138 756 189 888 225 1141 206 986 300 1497 230 1145 248 1245 179 851 80 477 30 51
131 10 739 148 804 297 1484 43 188 150 724 30 237 185 874 141 782 242 1229 144 696 99 473
132 10 864 217 1053 213 1024 284 1421 250 1261 151 713 31 233 23 8 292 1456 89 426 179 873
133 10 651 79 325 288 1440 54 212 143 691 273 1360 18 122 123 695 50 201 30 232 245 1202
134 10 556 32 236 90 508 4 92 167 898 19 196 40 146 263 1296 133 621 64 350 300 1496
135 10 790 20 190 263 1299 255 1275 286 1432 293 1462 21 214 96 531 112 603 35 50 199 997
136 10 520 245 1205 80 295 77 469 188 956 59 307 86 438 157 801 2 72 44 217 103 591
137 10 581 229 1133 99 474 118 648 72 399 41 239 14 38 281 1397 32 87 76 420 201 1037
138 10 941 175 859 260 1291 173 854 294 1470 15 144 151 821 289 1445 211 1046 161 763 154 741
139 10 915 17 20 70 299 223 1074 292 1457 238 1215 231 1147 90 403 216 1092 256 1293 197 1025
140 10 775 114 579 285 1427 175 828 87 362 153 821 85 451 23 10 136 604 231 1185 262 1315
141 10 859 290 1451 151 743 146 735 179 878 6 37 232 1189 32 285 283 1412 202 964 198 976
142 10 751 229 1125 245 1246 141 655 73 337 10 60 214 1037 179 951 259 1300 151 715 2 5
143 10 933 293 1467 208 1073 71 290 236 1199 237 1166 63 276 244 1193 162 770 89 434 263 1314
144 10 553 29 249 111 575 281 1400 41 316 212 1095 12 86 57 333 189 988 54 237 121 541
145 10 606 237 1160 41 285 89 467 240 1201 161 803 39 70 40 217 147 795 99 533 119 533
146 10 835 105 536 272 1360 37 237 56 306 86 357 284 1422 210 1093 203 1023 243 1218 174 900
147 10 836 267 1319 109 581 217 1121 138 739 170 862 251 1251 24 155 134 647 171 902 191 985
148 10 1131 236 1184 243 1218 208 1001 272 1350 154 813 273 1360 239 1173 271 1356 211 1028 156 789
149 10 645 5 24 104 563 286 1431 7 17 268 1346 36 238 102 562 291 1453 84 429 108 580
150 10 945 90 406 50 131 280 1396 282 1408 243 1229 291 1449 167 857 50 146 209 1011 228 1135
151 10 624 68 233 44 190 63 297 24 159 37 285 218 1049 120 580 245 1227 164 792 265 1318
152 10 614 78 382 169 841 185 955 41 190 117 531 93 456 181 919 120 552 210 1044 35 93
153 10 641 128 646 82 398 168 880 46 317 106 617 1 37 288 1440 24 5 263 1302 176 823
154 10 682 121 633 171 893 139 631 237 1172 91 432 29 45 286 1419 25 165 58 290 208 1073
155 10 770 231 1168 98 448 48 143 274 1355 138 721 262 1317 65 288 147 721 194 938 84 451
156 10 811 142 730 205 1042 224 1095 99 477 197 957 146 711 106 618 74 316 288 1435 142 678
157 10 754 192 913 119 648 143 750 208 1017 1 33 228 1113 236 1179 93 488 70 450 219 1095
158 10 1036 36 224 183 878 294 1471 260 1280 252 1262 272 1371 209 1022 232 1180 240 1225 94 392
159 10 696 199 957 222 1118 17 166 228 1156 34 83 238 1162 300 1499 34 107 13 8 108 602
160 10 630 18 133 201 1014 287 1437 3 10 54 205 296 1479 124 567 138 667 34 99 105 426
161 10 672 14 137 8 123 182 958 174 839 300 1499 120 662 92 475 130 678 146 716 178 858
162 10 857 289 1448 93 368 37 127 239 1213 279 1396 183 933 247 1246 47 312 234 1157 66 264
163 10 562 165 780 62 307 14 109 207 1012 165 794 75 267 172 818 49 315 95 525 120 682
164 10 910 132 738 208 1002 275 1379 98 463 258 1306 258 1296 58 180 198 1036 84 377 252 1243
165 10 747 230 1136 24 38 170 878 248 1233 170 825 155 749 227 1154 58 315 111 576 101 438
166 10 882 122 680 271 1359 292 1458 246 1244 218 1084 214 1112 28 257 71 359 241 1208 61 386
167 10 871 99 578 235 1180 274 1357 44 265 33 155 243 1199 290 1452 18 146 262 1311 245 1227
168 10 832 291 1453 288 1438 31 142 203 986 257 1267 48 337 98 403 295 1476 23 234 130 684
169 10 779 25 167 192 972 162 806 33 166 259 1301 150 803 130 580 172 903 152 814 283 1417
170 10 644 113 571 245 1227 53 330 167 845 220 1120 137 721 47 120 230 1170 74 372 2 61
171 10 549 51 297 15 166 273 1376 77 282 51 128 249 1219 139 679 188 965 48 322 8 111
172 10 587 177 845 78 419 84 407 127 558 161 783 32 215 256 1265 77 365 121 583 61 298
173 10 740 194 995 188 920 61 220 95 537 186 885 131 579 146 791 79 305 249 1230 152 692
174 10 939 288 1437 72 281 200 982 285 1415 142 659 212 1034 271 1342 41 230 254 1261 114 645
175 10 896 285 1423 88 363 258 1273 241 1200 90 532 180 919 32 244 248 1250 271 1357 99 405
176 10 964 190 996 209 1030 240 1177 237 1207 263 1315 26 154 145 769 253 1246 170 881 196 972
177 10 863 265 1314 289 1441 56 193 240 1220 138 744 220 1107 142 735 225 1158 24 104 128 584
178 10 816 42 135 283 1411 164 803 183 964 87 474 89 486 293 1464 83 492 130 710 279 1384
179 10 889 282 1406 97 508 285 1431 254 1256 190 961 57 324 232 1178 223 1150 45 194 113 658
180 10 719 216 1053 153 825 78 335 117 614 20 142 294 1468 35 284 294 1471 7 102 225 1099
181 10 725 254 1257 66 436 240 1167 160 855 46 255 82 475 155 804 72 327 135 663 241 1214
182 10 707 6 160 270 1352 240 1172 184 881 96 412 15 177 281 1403 99 494 207 1015 16 10
183 10 838 86 517 26 80 176 892 225 1118 283 1407 240 1199 134 689 68 263 187 955 251 1253
184 10 707 180 919 15 149 22 238 252 1261 69 267 201 996 95 404 290 1448 130 735 160 784
185 10 759 79 336 30 89 235 1193 66 390 137 698 300 1495 104 573 280 1406 111 552 177 853
186 10 838 6 138 242 1226 121 678 182 937 52 155 158 771 272 1358 206 1062 161 798 276 1368
187 10 682 210 1075 14 96 239 1175 82 469 79 344 156 812 76 467 27 162 267 1330 214 1055
188 10 464 24 76 38 268 164 883 90 358 103 549 222 1072 207 1063 18 192 31 181 31 160
189 10 774 90 526 239 1188 142 734 246 1223 201 962 191 905 190 1002 68 283 38 79 143 674
190 10 1096 188 973 197 1004 108 605 286 1429 248 1250 242 1204 296 1476 164 846 264 1334 199 1007
191 10 569 50 230 69 415 151 772 184 923 13 191 1 114 220 1123 88 334 274 1376 88 464
192 10 912 47 205 186 875 150 739 183 899 225 1119 218 1060 189 991 246 1216 172 919 209 1018
193 10 804 112 565 137 609 278 1378 151 706 30 148 104 430 242 1225 247 1215 258 1287 50 282
194 10 721 186 983 120 640 83 407 204 1031 251 1247 282 1402 69 264 113 528 119 589 15 87
195 10 907 241 1194 228 1103 276 1370 24 11 269 1335 251 1252 20 203 30 257 228 1115 248 1248
196 10 774 290 1446 92 388 170 826 31 268 281 1396 15 183 109 586 192 974 81 398 288 1435
197 10 454 151 723 51 335 43 181 69 422 54 205 197 963 111 628 86 361 90 450 57 301
198 10 708 254 1274 195 1005 56 176 51 175 119 666 87 403 168 815 275 1366 184 926 27 162
199 10 782 149 789 103 548 253 1257 134 604 257 1263 21 40 212 1084 38 294 261 1296 136 608
200 10 655 103 469 128 602 123 581 252 1253 148 677 100 528 209 999 107 586 120 529 21 178
201 10 819 278 1399 42 98 51 281 257 1266 168 837 108 561 36 195 276 1385 195 961 228 1159
202 10 696 109 615 26 258 286 1424 16 146 21 118 284 1414 87 402 122 688 195 945 247 1216
203 10 875 240 1225 226 1135 165 852 66 335 166 863 15 36 290 1449 110 520 189 933 283 1417
204 10 736 171 813 80 383 142 749 196 1017 102 429 40 212 190 978 246 1235 280 1389 26 167
205 10 688 161 746 27 78 29 61 45 207 169 887 196 1030 227 1133 207 1003 253 1245 63 212
206 10 567 105 467 143 772 44 306 48 345 39 103 255 1260 158 752 44 120 245 1206 54 247
207 10 641 26 214 114 550 71 328 76 410 276 1367 90 507 213 1065 293 1464 80 469 43 259
208 10 790 243 1219 27 99 215 1097 299 1494 138 697 19 69 61 243 65 342 243 1235 271 1351
209 10 584 56 348 94 524 232 1168 24 139 187 886 130 564 20 88 51 157 241 1208 134 732
210 10 633 260 1287 9 24 182 924 51 350 186 958 31 177 156 782 284 1420 3 113 104 432
211 10 749 196 1009 71 376 172 866 218 1125 69 377 58 391 271 1353 258 1274 159 757 26 213
212 10 684 208 1059 251 1241 11 32 173 858 105 540 40 124 280 1394 140 777 79 469 82 516
213 10 821 24 180 289 1449 230 1151 183 907 184 909 82 476 117 515 139 717 278 1392 116 550
214 10 717 269 1351 195 992 203 985 210 1051 31 107 212 1034 79 501 63 302 29 97 144 659
215 10 701 40 167 176 908 109 596 194 1014 93 537 205 1008 119 677 292 1457 152 704 23 211
216 10 595 136 698 35 102 84 309 54 352 254 1258 206 1066 42 200 87 348 277 1387 16 202
217 10 633 40 95 158 859 196 993 11 4 107 454 103 496 275 1382 94 565 278 1387 5 15
218 10 549 106 574 34 56 100 396 52 157 87 442 118 550 50 274 231 1166 143 709 178 946
219 10 838 205 997 104 442 94 424 300 1498 177 930 64 387 235 1147 250 1257 136 642 111 496
220 10 897 264 1318 162 857 127 694 184 922 134 643 89 387 108 493 215 1061 285 1419 227 1127
221 10 1007 154 789 200 951 274 1358 170 906 296 1479 149 736 129 588 228 1172 269 1333 146 738
222 10 792 292 1455 124 573 20 168 79 356 253 1249 157 850 153 739 237 1209 115 663 155 819
223 10 927 296 1477 161 763 211 1047 219 1090 39 169 297 1487 264 1313 189 977 133 653 46 276
224 10 859 283 1408 91 547 295 1477 156 725 18 2 292 1456 160 852 98 493 231 1160 94 505
225 10 643 141 679 246 1205 14 121 143 732 81 413 118 520 139 707 5 143 207 1025 193 927
226 10 807 8 125 231 1164 264 1329 229 1174 25 28 96 494 170 902 190 899 240 1171 162 759
227 10 774 195 939 152 743 8 121 253 1241 241 1206 96 432 101 458 146 761 268 1346 89 354
228 10 707 147 744 288 1432 36 84 215 1095 12 190 131 683 206 1065 30 72 149 670 200 959
229 10 785 190 954 186 934 187 966 71 404 284 1422 78 408 228 1135 12 154 243 1189 92 448
230 10 701 106 506 120 560 197 1006 9 31 155 713 211 1080 16 96 275 1375 18 6 296 1479
231 10 950 285 1421 204 994 237 1167 25 165 276 1373 59 410 205 1033 130 567 262 1321 217 1043
232 10 802 136 680 143 651 293 1464 205 1015 201 965 243 1233 16 155 241 1194 74 419 52 153
233 10 832 178 864 164 851 257 1288 42 219 221 1141 200 958 97 502 195 959 32 68 278 1379
234 10 762 186 957 35 186 74 460 194 945 59 288 14 130 258 1285 251 1248 270 1334 183 873
235 10 792 268 1352 212 1042 123 617 54 272 68 240 289 1441 19 205 198 1003 291 1455 62 388
236 10 733 29 173 66 307 20 226 288 1439 276 1373 184 916 180 953 133 697 250 1248 41 87
237 10 870 86 445 250 1274 298 1489 97 448 29 269 134 722 261 1318 72 354 260 1288 253 1261
238 10 642 157 792 228 1105 227 1130 92 364 66 317 61 296 28 168 173 846 119 660 134 698
239 10 970 193 1004 150 763 275 1370 132 595 167 860 98 517 151 757 286 1433 260 1318 228 1172
240 10 752 280 1406 297 1482 19 139 16 79 122 522 121 519 279 1395 265 1340 43 257 63 293
241 10 616 46 130 223 1087 41 83 13 194 231 1120 296 1475 194 939 49 239 62 249 78 486
242 10 622 185 883 223 1108 32 42 24 235 296 1476 89 462 97 403 23 229 190 897 86 339
243 10 950 299 1495 181 948 19 71 268 1342 139 766 72 429 164 815 281 1408 230 1164 247 1222
244 10 913 276 1367 290 1447 149 796 99 547 268 1335 80 369 244 1196 232 1153 107 536 82 303
245 10 652 29 110 228 1126 258 1293 290 1448 49 301 144 652 135 672 4 66 13 201 155 736
246 10 816 164 865 283 1410 184 952 195 955 81 504 147 676 103 444 266 1344 163 838 46 332
247 10 729 189 965 26 73 249 1252 145 710 294 1465 159 762 242 1235 106 607 33 234 16 58
248 10 758 166 765 47 286 231 1146 147 783 222 1149 33 44 209 1001 3 95 186 945 273 1369
249 10 636 179 933 14 202 7 76 157 758 174 899 205 999 61 415 44 180 269 1351 162 866
250 10 517 35 192 89 517 12 9 121 561 50 166 143 693 33 89 259 1310 79 357 213 1017
251 10 626 4 20 84 479 163 759 22 124 57 224 284 1419 61 350 271 1362 282 1403 25 175
252 10 664 116 640 291 1455 189 981 47 352 61 222 88 413 246 1225 9 109 53 209 229 1142
253 10 714 55 207 298 1487 160 827 75 462 121 634 281 1398 153 775 72 457 15 64 198 942
254 10 715 268 1325 160 781 121 646 214 1080 160 784 245 1233 141 775 34 45 43 288 44 206
255 10 679 227 1160 127 657 66 321 178 928 230 1129 119 633 46 299 232 1159 82 439 51 329
256 10 758 154 741 219 1119 241 1233 199 947 56 175 160 806 177 846 62 276 44 312 205 987
257 10 880 284 1419 247 1258 206 989 190 971 52 156 89 527 124 542 186 886 159 827 223 1144
258 10 668 178 861 53 329 256 1291 298 1485 233 1170 10 50 168 843 16 211 54 227 71 311
259 10 457 160 863 34 137 7 35 115 532 219 1065 43 268 136 746 21 100 32 191 147 679
260 10 959 178 919 205 984 294 1468 198 991 24 237 169 811 247 1227 251 1253 96 404 257 1305
261 10 591 159 763 113 564 133 723 72 376 153 823 188 907 11 130 187 948 26 196 141 625
262 10 830 227 1158 300 1498 298 1490 3 21 261 1288 44 180 54 188 117 513 107 547 249 1266
263 10 836 276 1379 204 992 298 1489 171 895 69 361 146 766 47 242 179 918 240 1189 42 245
264 10 940 130 703 265 1341 241 1187 148 672 91 389 62 329 251 1232 158 803 267 1327 267 1339
265 10 792 43 132 220 1071 236 1148 154 736 254 1250 5 74 227 1123 112 539 148 736 185 923
266 10 861 158 753 294 1468 67 307 289 1443 75 445 282 1409 262 1292 139 768 98 472 59 346
267 10 652 156 773 107 481 184 945 44 135 100 487 206 996 135 657 86 514 155 810 132 625
268 10 823 275 1360 6 164 233 1145 131 732 173 807 269 1337 49 328 194 979 150 765 166 850
269 10 540 76 487 76 438 144 693 243 1193 72 296 206 987 42 182 57 249 156 724 8 77
270 10 604 233 1170 88 419 103 513 147 796 32 66 254 1258 71 364 68 253 179 900 33 85
271 10 769 136 667 199 956 22 240 264 1316 110 564 99 533 74 329 222 1087 189 926 223 1140
272 10 580 211 1095 240 1214 202 973 121 610 25 188 24 178 149 719 138 734 15 217 36 160
273 10 857 28 175 252 1249 162 870 212 1100 17 145 283 1403 190 981 205 1066 172 806 193 1009
274 10 818 168 796 250 1252 234 1178 51 170 31 112 56 170 211 1078 254 1271 290 1451 92 515
275 10 778 261 1316 86 426 231 1140 183 904 122 685 216 1105 8 28 192 934 163 788 94 464
276 10 725 242 1231 254 1289 98 557 159 729 220 1070 196 986 249 1244 7 156 20 123 6 52
277 10 595 96 457 139 744 51 245 278 1399 173 850 56 237 20 147 84 408 28 121 266 1317
278 10 709 47 195 5 96 278 1385 49 271 79 421 149 805 152 827 82 420 284 1419 293 1461
279 10 775 51 340 42 167 251 1238 138 672 136 681 261 1311 159 800 284 1419 96 434 132 592
280 10 599 29 62 172 826 98 529 82 333 180 885 243 1238 167 769 9 71 12 85 207 1079
281 10 674 220 1110 88 543 171 852 142 655 213 1103 97 532 46 173 17 130 174 877 180 898
282 10 556 42 92 161 858 165 808 114 605 162 752 246 1234 54 340 106 614 36 143 27 44
283 10 492 23 24 278 1394 58 392 50 276 43 140 141 693 94 571 226 1131 52 150 19 216
284 10 638 86 331 25 143 171 818 129 564 97 546 300 1498 110 459 37 230 145 651 176 858
285 10 605 1 83 143 655 295 1469 19 27 31 178 63 372 47 324 149 714 229 1175 234 1193
286 10 765 121 597 182 906 126 709 238 1164 43 258 126 546 172 869 117 506 198 1002 208 1040
287 10 831 195 1019 107 556 90 447 233 1164 75 281 257 1276 14 172 262 1292 186 914 244 1190
288 10 799 201 971 28 13 237 1159 54 206 284 1417 144 696 56 386 293 1462 53 332 249 1229
289 10 923 64 222 242 1231 252 1263 220 1066 246 1207 68 325 121 589 268 1351 97 458 268 1322
290 10 798 227 1132 150 692 81 433 68 327 136 649 269 1346 12 132 171 842 285 1416 197 1021
291 10 958 161 803 138 646 244 1194 232 1186 271 1347 163 852 200 1038 156 737 226 1095 125 698
292 10 1050 268 1342 125 548 23 182 291 1451 254 1268 262 1305 270 1351 165 837 253 1264 190 913
293 10 675 168 830 174 831 49 119 121 589 198 1028 65 207 117 581 250 1274 58 292 150 795
294 10 656 63 300 157 727 149 715 23 169 201 968 81 434 42 312 147 675 174 892 276 1375
295 10 662 202 987 130 691 172 800 138 636 1 58 41 114 61 305 172 804 190 947 218 1112
296 10 849 249 1266 201 972 228 1173 38 68 191 1001 163 802 52 309 297 1483 250 1264 30 186
297 10 658 70 454 137 643 189 933 199 957 53 339 66 219 135 738 219 1096 104 471 144 770
298 10 483 116 516 97 544 180 872 40 236 36 48 134 713 264 1319 84 527 5 37 11 58
299 10 733 263 1299 269 1347 182 955 169 858 111 529 25 4 213 1038 133 689 26 228 75 441
300 10 849 215 1071 284 1411 224 1118 156 840 3 68 229 1156 10 149 176 885 298 1489 103 448
301 10 736 12 169 147 686 193 909 269 1334 48 241 151 706 181 871 167 788 132 585 173 830
302 10 829 291 1459 209 1068 103 606 91 493 250 1230 5 27 109 568 68 260 245 1241 288 1440
303 10 762 256 1257 10 175 85 354 283 1410 148 674 102 431 228 1137 164 779 105 433 143 649
304 10 824 23 38 293 1462 147 676 94 494 293 1466 130 660 294 1468 222 1144 85 398 68 229
305 10 721 179 866 269 1330 234 1151 123 561 183 950 84 519 53 241 4 117 167 832 147 752
306 10 835 111 627 106 602 144 722 40 84 225 1108 199 1027 243 1216 20 237 283 1409 299 1494
307 10 699 185 964 60 238 157 737 260 1316 151 778 141 746 138 719 171 900 43 180 92 451
308 10 593 292 1454 148 664 225 1143 107 611 42 277 98 525 75 430 112 563 47 321 40 109
309 10 902 264 1328 191 915 80 484 114 541 291 1453 153 757 170 829 145 725 125 664 271 1361
310 10 830 293 1467 92 381 80 311 114 649 213 1079 270 1351 182 899 46 105 123 608 247 1248
311 10 843 151 722 199 1034 254 1265 71 368 269 1335 122 625 118 675 212 1083 262 1310 29 238
312 10 676 31 84 250 1268 207 1058 100 551 26 9 141 772 289 1445 177 917 62 409 70 439
313 10 831 219 1098 299 1495 59 376 58 202 245 1233 242 1227 41 75 83 405 151 771 265 1314
314 10 621 173 814 129 606 11 198 148 770 280 1406 231 1144 196 934 29 125 31 82 15 128
315 10 746 184 893 191 975 36 198 212 1064 7 171 104 583 240 1175 140 623 141 744 237 1168
316 10 859 215 1115 241 1181 58 217 160 760 36 152 245 1211 1 98 288 1439 199 974 275 1382
317 10 450 2 113 16 44 71 330 239 1206 66 347 239 1220 46 103 143 690 60 227 18 23
318 10 930 198 1007 277 1376 42 140 230 1114 290 1451 194 927 133 629 136 727 207 992 153 793
319 10 843 84 310 124 624 30 243 201 999 227 1114 261 1296 299 1494 141 637 196 1021 123 600
320 10 573 185 940 99 493 68 312 180 915 51 309 135 593 36 169 134 732 216 1042 43 194
321 10 910 114 581 207 1056 31 100 233 1192 296 1476 296 1479 206 1007 142 638 270 1353 26 158
322 10 1001 217 1072 279 1386 69 446 188 883 298 1490 215 1051 34 281 161 835 293 1460 249 1242
323 10 855 213 1077 54 354 276 1366 260 1312 146 729 262 1290 116 499 35 232 61 420 288 1434
324 10 801 232 1176 202 1048 80 303 201 984 49 219 233 1170 74 271 232 1180 161 757 138 633
325 10 655 83 479 188 948 97 437 92 551 60 351 300 1499 46 161 82 437 109 466 253 1283
326 10 769 260 1305 104 570 47 351 247 1238 276 1386 103 486 71 389 16 190 291 1453 123 635
327 10 716 134 635 211 1076 42 114 171 795 134 689 189 986 156 820 153 735 167 856 75 334
328 10 937 96 390 254 1285 65 326 232 1159 270 1339 254 1271 72 451 200 1005 177 882 255 1257
329 10 587 49 258 9 27 153 714 53 370 68 341 157 836 97 562 18 56 295 1474 276 1369
330 10 490 5 50 8 86 115 646 6 163 94 415 57 385 224 1100 164 799 105 503 202 982
331 10 818 220 1123 17 47 242 1186 267 1327 51 293 243 1210 49 144 237 1164 227 1115 83 360
332 10 722 281 1402 237 1203 182 855 78 416 7 120 114 513 274 1372 35 126 112 635 125 635
333 10 998 136 597 255 1255 134 712 213 1036 181 845 271 1357 195 952 293 1466 267 1334 52 376
334 10 927 183 918 179 901 192 960 203 969 210 1051 106 493 300 1499 102 489 166 842 214 1104
335 10 465 62 391 60 254 73 350 280 1403 5 64 100 474 62 365 64 331 168 795 56 195
336 10 441 87 378 76 305 170 808 43 104 7 158 235 1175 37 298 42 305 129 688 57 210
337 10 681 186 955 40 93 284 1414 36 66 30 242 43 300 272 1359 99 550 95 533 277 1386
338 10 935 194 979 255 1276 213 1072 170 807 91 352 58 211 161 793 275 1382 284 1417 170 789
339 10 595 35 186 98 588 46 186 121 688 101 551 46 239 166 872 198 1012 84 422 296 1476
340 10 727 251 1259 65 432 6 173 187 890 6 57 270 1358 61 186 266 1335 103 470 240 1207
341 10 734 21 13 278 1398 204 981 85 338 185 892 61 351 116 630 299 1495 107 517 112 576
342 10 603 155 765 226 1154 211 1076 223 1127 103 483 1 143 6 2 124 588 34 239 123 678
343 10 668 136 623 27 90 119 504 102 463 39 203 133 738 143 788 101 474 239 1215 297 1482
344 10 540 26 149 256 1264 2 66 174 905 129 698 150 713 45 113 23 206 192 1014 83 367
345 10 833 276 1381 146 665 20 60 224 1119 164 771 282 1411 156 726 19 21 113 590 266 1324
346 10 613 26 220 5 60 27 147 284 1416 158 859 237 1204 43 109 39 118 229 1141 178 841
347 10 829 26 237 45 148 191 951 188 966 270 1347 205 1062 104 467 185 888 263 1316 182 943
348 10 460 7 113 172 902 201 970 13 144 142 663 42 150 191 896 30 216 39 129 84 506
349 10 745 133 747 230 1181 124 532 97 525 54 234 117 669 154 771 268 1329 182 875 132 691
350 10 796 38 296 162 742 220 1064 82 469 134 688 183 916 233 1153 277 1377 20 105 244 1195
351 10 559 23 83 93 456 22 13 124 640 259 1293 139 733 114 610 157 849 46 145 142 708
352 10 601 54 244 109 530 140 690 56 317 13 112 258 1307 173 827 175 856 30 254 194 966
353 10 835 39 222 199 947 174 871 179 949 290 1450 24 51 198 982 242 1192 296 1478 29 27
354 10 570 21 56 87 523 70 336 277 1392 113 631 139 623 35 64 75 382 125 611 199 955
355 10 743 205 1012 91 441 229 1165 152 724 268 1355 88 490 118 512 124 698 181 849 30 259
356 10 868 47 164 176 820 99 397 144 646 243 1192 159 748 296 1476 151 802 285 1424 137 729
357 10 535 148 800 38 274 110 632 6 142 237 1211 82 456 80 488 5 84 76 348 289 1447
358 10 796 190 969 128 705 159 758 42 83 133 708 136 758 246 1214 227 1111 166 800 165 870
359 10 796 84 511 214 1094 126 598 233 1141 256 1289 63 281 95 409 110 524 180 863 231 1123
360 10 827 76 325 151 805 218 1119 246 1218 138 741 82 413 161 812 241 1178 257 1263 84 389
361 10 752 273 1350 214 1087 194 970 191 921 124 567 229 1171 62 385 56 189 71 391 91 538
362 10 887 183 858 236 1169 214 1038 24 27 259 1291 240 1202 230 1133 166 827 101 493 122 684
363 10 585 23 216 210 1028 254 1247 102 543 27 131 77 327 141 623 246 1251 37 203 53 357
364 10 641 180 924 300 1500 187 949 36 84 105 478 56 233 232 1162 40 86 103 543 43 186
365 10 791 168 882 235 1150 13 73 132 649 268 1354 96 391 197 987 280 1395 63 386 130 676
366 10 685 185 933 167 784 161 852 156 817 291 1450 12 92 53 245 163 828 108 482 74 367
367 10 553 250 1253 57 280 219 1059 254 1277 81 321 42 250 61 409 29 61 91 360 22 156
368 10 876 237 1153 11 22 96 479 223 1087 228 1153 176 816 185 872 124 541 282 1407 191 982
369 10 797 74 352 258 1288 224 1103 121 554 121 658 161 796 251 1267 109 596 209 1037 66 405
370 10 931 213 1041 85 420 221 1104 80 456 288 1436 42 193 144 762 291 1448 249 1256 250 1246
371 10 847 149 723 253 1280 177 869 276 1378 19 118 221 1100 171 877 23 87 152 805 254 1247
372 10 851 108 471 193 916 288 1439 183 941 35 94 114 477 218 1051 37 297 238 1194 288 1436
373 10 690 209 1014 270 1338 114 582 181 910 139 642 102 437 74 255 139 664 61 192 91 543
374 10 536 112 575 53 163 295 1473 130 733 68 326 120 582 65 398 124 630 24 2 81 383
375 10 699 76 396 236 1179 21 213 114 645 75 455 76 470 272 1357 217 1116 289 1441 22 139
376 10 584 175 851 175 924 194 920 141 749 53 243 43 206 184 973 138 625 15 150 50 234
377 10 655 255 1256 67 219 62 257 112 540 90 495 203 999 276 1385 36 307 91 398 119 606
378 10 805 247 1250 68 369 113 502 183 910 141 658 85 525 44 183 296 1479 281 1409 153 810
379 10 880 211 1042 224 1120 137 733 184 873 78 277 147 778 153 777 208 1065 243 1196 175 898
380 10 756 188 896 93 462 251 1230 104 572 48 253 280 1395 266 1340 20 64 170 804 92 524
381 10 700 20 171 152 795 245 1237 209 1024 143 641 103 542 22 172 8 180 220 1104 279 1385
382 10 831 212 1071 233 1178 245 1219 10 124 7 11 251 1243 186 903 27 122 194 1001 297 1480
383 10 877 112 547 242 1210 120 633 171 863 277 1381 189 895 34 86 204 1023 190 924 215 1088
384 10 773 69 343 128 630 106 492 67 302 64 407 283 1422 270 1338 148 732 143 660 268 1324
385 10 648 168 857 65 384 247 1228 163 783 106 532 91 373 165 883 146 713 102 500 44 174
386 10 805 237 1155 130 696 32 191 58 262 51 234 242 1205 285 1426 148 759 215 1043 213 1099
387 10 628 150 726 125 652 17 78 146 696 153 830 232 1189 53 366 107 448 129 591 145 794
388 10 964 277 1395 187 912 101 580 106 475 144 753 248 1236 299 1495 281 1411 170 894 116 496
389 10 751 66 282 160 825 243 1191 76 408 166 822 45 185 171 880 211 1065 84 477 281 1408
390 10 680 150 764 33 71 129 607 248 1214 78 421 64 358 247 1256 165 849 167 784 79 377
391 10 823 77 421 171 850 53 286 168 824 140 639 221 1091 218 1052 124 694 289 1437 185 961
392 10 594 102 487 265 1326 276 1377 76 337 137 740 97 429 67 418 52 342 19 176 97 444
393 10 693 105 553 140 624 241 1230 159 857 8 178 30 14 251 1252 15 206 197 982 241 1197
394 10 605 114 641 239 1167 153 761 12 195 108 451 72 417 65 389 162 862 87 521 199 1035
395 10 678 176 935 28 225 179 902 164 781 177 912 22 8 106 480 290 1452 56 179 159 772
396 10 850 191 951 207 1075 167 773 82 491 267 1319 208 1075 7 119 276 1381 244 1197 52 175
397 10 837 280 1400 204 1030 41 329 109 584 270 1360 250 1252 98 407 225 1133 121 661 76 472
398 10 640 204 1052 39 285 204 1021 10 141 38 296 219 1061 225 1144 46 173 280 1405 15 200
399 10 795 205 1016 183 912 167 772 194 1019 85 409 165 792 134 693 19 227 237 1165 201 1047
400 10 721 121 640 56 174 249 1245 81 333 184 864 54 198 240 1188 135 663 78 319 244 1198
401 10 968 59 342 268 1352 138 695 166 773 279 1398 10 72 275 1378 238 1165 294 1465 210 1049
402 10 724 39 174 279 1405 208 1033 184 905 72 340 282 1408 32 69 84 464 104 484 164 836
403 10 730 9 17 5 115 162 738 52 223 243 1183 256 1275 262 1312 73 466 150 778 248 1218
404 10 746 194 995 78 408 136 617 5 133 89 340 216 1090 236 1201 288 1442 237 1152 13 166
405 10 866 18 106 70 247 138 608 277 1386 283 1415 167 798 237 1209 252 1245 64 367 227 1166
406 10 555 298 1489 206 1033 128 707 62 206 3 21 92 479 87 533 104 531 53 350 77 475
407 10 830 298 1488 200 955 196 1019 182 912 58 406 183 938 24 242 60 271 253 1278 206 980
408 10 715 139 621 126 561 43 86 32 109 207 1051 261 1289 54 205 113 481 267 1344 188 921
409 10 924 32 141 268 1329 208 1026 285 1424 154 769 193 1014 203 995 107 619 105 564 294 1466
410 10 928 295 1469 199 1014 277 1379 52 381 102 595 144 736 171 908 188 919 159 756 270 1356
411 10 624 271 1342 121 619 203 1025 84 486 96 442 9 89 86 458 156 737 104 536 119 558
412 10 773 82 471 252 1243 119 583 161 751 290 1448 199 976 70 349 48 206 53 144 273 1363
413 10 816 57 183 9 98 244 1194 177 873 27 38 288 1435 230 1129 185 909 143 790 273 1361
414 10 748 45 297 107 530 222 1075 189 932 232 1168 132 598 264 1302 65 295 129 577 111 641
415 10 618 223 1152 174 829 96 431 22 94 19 207 57 367 94 367 255 1275 233 1169 64 240
416 10 762 59 373 120 672 124 588 151 790 133 706 207 1038 263 1314 235 1166 96 563 137 634
417 10 461 81 348 3 78 6 59 150 808 1 29 185 866 124 630 81 457 280 1408 11 46
418 10 767 76 330 88 466 1 90 33 152 197 996 157 799 242 1225 208 1015 244 1195 289 1441
419 10 716 129 625 215 1074 145 742 157 803 131 707 36 187 125 634 66 407 180 898 249 1228
420 10 637 225 1087 138 688 106 444 131 703 13 112 273 1353 84 484 139 695 9 99 156 808
421 10 682 178 853 132 627 195 928 61 380 40 204 260 1287 155 712 65 378 130 586 149 711
422 10 805 51 210 123 689 134 676 186 924 238 1193 181 959 72 414 217 1086 113 607 296 1478
423 10 745 231 1164 92 408 176 877 120 643 132 692 205 978 204 1019 19 139 295 1474 17 78
424 10 596 107 523 297 1482 127 658 39 270 166 805 99 529 48 115 121 690 14 159 174 812
425 10 797 74 262 105 469 274 1360 232 1190 272 1352 271 1357 154 716 57 188 154 802 1 41
426 10 685 275 1375 97 582 165 852 79 464 272 1356 16 127 54 216 59 282 202 1020 152 760
427 10 632 142 700 10 125 23 144 287 1435 112 585 1 92 296 1480 97 540 208 1055 89 437
428 10 1135 275 1372 287 1430 217 1103 245 1205 224 1114 222 1104 172 897 249 1225 152 685 228 1102
429 10 852 299 1493 151 725 293 1461 76 475 252 1268 125 641 79 485 265 1340 135 708 30 231
430 10 908 101 551 261 1311 201 1034 138 720 249 1249 107 475 254 1279 263 1311 88 366 155 785
431 10 595 110 526 173 823 22 121 17 114 295 1475 9 95 193 955 170 911 200 1028 2 105
432 10 744 125 541 253 1274 188 931 186 875 160 750 34 83 37 207 154 786 94 420 257 1290
433 10 728 62 207 180 933 190 988 258 1290 273 1359 82 484 3 161 216 1075 148 674 45 106
434 10 735 1 25 123 664 14 74 198 963 250 1233 158 798 295 1478 158 745 227 1110 46 202
435 10 938 289 1440 157 838 69 259 157 807 186 892 241 1209 180 932 242 1181 295 1473 60 324
436 10 617 246 1222 194 952 108 538 55 275 114 505 58 313 178 883 169 789 46 134 67 330
437 10 878 34 58 97 387 265 1310 263 1325 270 1340 160 739 249 1256 263 1307 115 571 40 69
438 10 705 225 1125 23 253 252 1246 36 107 178 861 128 707 150 713 125 629 216 1062 78 287
439 10 989 61 273 269 1359 270 1347 263 1314 252 1236 118 563 139 711 193 929 125 582 288 1438
440 10 879 171 832 239 1224 135 695 147 807 56 194 109 546 236 1204 223 1108 220 1083 223 1073
441 10 891 284 1416 111 513 163 758 130 583 148 691 238 1185 241 1222 161 767 141 778 166 896
442 10 807 276 1383 167 884 27 84 72 437 147 707 150 778 152 764 207 1034 188 889 229 1109
443 10 847 200 949 214 1082 197 954 97 477 259 1287 52 361 191 941 123 584 88 408 274 1370
444 10 743 169 892 162 761 193 937 212 1037 270 1349 156 841 63 233 73 310 108 593 80 477
445 10 889 167 867 298 1487 241 1233 260 1315 239 1217 7 109 209 1081 118 623 225 1098 14 118
446 10 652 184 892 103 553 26 262 126 672 293 1461 158 719 124 549 18 17 142 711 130 633
447 10 665 32 106 298 1487 30 251 28 201 229 1121 183 881 11 20 278 1399 181 946 60 295
448 10 834 225 1158 119 645 230 1113 222 1117 110 562 247 1247 114 510 246 1231 152 703 3 92
449 10 707 59 262 68 416 290 1450 40 217 150 764 213 1067 159 756 202 1029 193 954 40 122
450 10 848 163 835 126 570 107 576 258 1277 131 604 169 842 117 585 287 1430 147 780 191 901
451 10 917 85 469 193 919 265 1312 160 782 200 1036 212 1068 293 1462 127 598 131 618 169 783
452 10 889 77 325 292 1461 38 191 189 980 158 729 217 1120 179 901 235 1144 154 826 240 1172
453 10 866 21 158 229 1110 275 1366 252 1256 211 1010 168 783 2 18 245 1212 48 325 282 1412
454 10 1018 76 468 186 957 217 1040 279 1397 232 1135 157 729 183 902 267 1335 239 1199 201 955
455 10 523 19 48 245 1213 96 379 150 765 70 459 138 747 19 229 139 646 83 441 88 525
456 10 863 8 131 213 1087 17 177 201 1015 281 1409 155 721 237 1165 114 512 280 1389 220 1111
457 10 698 133 635 131 606 146 691 241 1202 14 81 157 727 8 1 234 1188 35 218 298 1490
458 10 734 188 939 178 909 115 627 226 1121 92 404 110 612 137 678 176 822 91 351 156 725
459 10 922 248 1213 245 1242 5 152 282 1404 148 776 254 1260 102 507 283 1422 178 835 100 426
460 10 770 195 971 3 104 116 645 252 1250 236 1161 88 406 92 458 239 1170 180 954 140 685
461 10 744 233 1130 45 325 64 350 124 579 21 143 32 224 189 980 299 1492 203 1008 278 1393
462 10 876 139 652 173 913 216 1056 29 99 59 203 272 1374 185 908 222 1123 194 940 263 1297
463 10 636 124 618 99 577 78 404 88 513 65 429 60 343 216 1085 53 330 230 1134 259 1272
464 10 562 118 530 97 395 74 378 206 982 73 417 89 366 159 856 84 357 57 199 168 841
465 10 646 120 632 195 1004 201 1012 117 579 133 710 224 1138 216 1043 80 461 2 118 5 157
466 10 601 13 43 232 1163 94 371 148 735 210 1028 47 290 87 541 197 970 1 113 173 897
467 10 594 13 77 133 579 201 1018 184 875 221 1098 181 952 24 253 97 533 123 619 11 171
468 10 610 113 563 235 1145 141 780 101 520 183 857 51 148 209 1010 15 11 70 434 103 473
469 10 896 159 814 125 630 297 1484 113 603 100 544 288 1435 295 1471 143 687 96 558 177 908
470 10 707 161 843 204 1062 65 301 256 1256 170 870 153 764 56 394 4 18 247 1219 99 464
471 10 735 208 1056 145 656 153 760 128 690 192 975 151 764 234 1188 171 912 77 451 12 2
472 10 551 66 321 293 1464 22 166 97 429 231 1178 23 97 59 174 131 639 88 340 92 526
473 10 724 232 1189 107 599 162 739 119 675 294 1467 86 459 1 2 107 605 157 823 183 893
474 10 940 265 1314 299 1492 249 1267 14 90 166 875 272 1351 6 31 117 612 244 1221 249 1238
475 10 773 152 739 278 1390 134 656 138 729 223 1129 193 994 190 996 204 1061 31 226 3 27
476 10 762 94 427 120 528 66 346 230 1158 212 1062 166 890 72 384 223 1099 129 719 212 1065
477 10 433 45 339 169 846 41 295 107 577 96 571 17 101 90 447 212 1096 84 387 5 4
478 10 706 24 202 294 1465 101 436 30 89 13 36 100 402 137 663 256 1275 261 1320 196 947
479 10 941 55 200 283 1409 217 1060 137 720 171 866 200 1042 198 941 286 1422 174 817 162 753
480 10 823 263 1311 104 512 66 323 121 578 217 1114 222 1089 248 1234 232 1127 93 432 80 472
481 10 608 21 119 93 558 295 1470 73 309 175 841 81 471 73 381 294 1463 73 445 39 83
482 10 908 194 1003 211 1016 242 1193 274 1367 131 577 289 1446 197 1023 87 359 73 317 119 661
483 10 710 200 1018 58 403 81 506 196 1003 71 321 133 737 27 82 116 617 292 1453 247 1243
484 10 782 13 11 251 1248 60 246 193 999 273 1352 113 595 58 365 281 1411 66 320 256 1262
485 10 766 65 272 130 688 179 893 122 628 209 1037 21 221 231 1123 202 1026 102 476 272 1348
486 10 878 197 954 97 500 48 191 153 699 268 1338 244 1235 139 753 252 1277 215 1033 143 700
487 10 931 28 190 158 827 261 1288 259 1306 202 964 42 307 271 1355 166 836 277 1374 198 996
488 10 826 102 479 194 927 178 932 169 886 246 1243 290 1445 6 121 54 335 143 669 271 1348
489 10 928 182 864 2 103 251 1234 232 1175 266 1315 131 693 104 488 229 1175 296 1479 163 760
490 10 867 218 1082 99 453 200 1023 261 1314 153 804 3 29 270 1352 245 1248 97 446 188 970
491 10 938 244 1204 193 948 124 561 152 746 172 857 167 821 270 1336 12 118 289 1447 253 1255
492 10 773 93 467 19 49 254 1276 129 661 74 323 52 323 217 1046 295 1474 222 1137 191 937
493 10 489 86 404 89 425 106 521 291 1453 31 238 20 118 62 346 83 311 146 804 64 200
494 10 682 38 317 103 500 276 1374 123 595 269 1337 102 455 78 470 107 526 239 1174 30 45
495 10 652 198 985 152 710 26 32 77 437 200 995 144 736 139 706 3 57 203 1000 163 798
496 10 406 12 62 139 721 104 487 107 531 13 192 54 201 27 260 79 405 269 1342 8 25
497 10 719 122 665 40 291 154 733 203 991 108 484 25 182 270 1356 138 732 216 1057 162 797
498 10 854 224 1124 290 1448 186 902 46 274 101 449 65 331 61 313 297 1483 236 1161 202 1035
499 10 823 157 848 208 1062 203 972 118 620 80 460 185 901 178 889 236 1155 154 826 127 644
500 10 829 152 726 188 988 208 1039 228 1141 49 127 60 317 294 1469 98 489 186 968 196 947
