1 15 1260 44 917 1 405 52 1018 136 2026 243 3309 12 534 179 2540 251 3401 33 791 78 1330 65 1178 89 1461 176 2507 36 831 181 2565
2 15 1850 19 618 171 2445 257 3481 137 2044 81 1368 271 3644 286 3822 185 2619 294 3917 170 2435 9 505 27 718 9 501 233 3193 164 2368
3 15 1748 198 2774 141 2090 220 3029 60 1120 146 2147 183 2595 27 721 121 1844 163 2354 27 718 240 3280 211 2927 152 2221 89 1467 207 2883
4 15 1812 197 2763 281 3768 156 2270 100 1600 39 867 9 508 256 3467 202 2814 51 1010 172 2456 165 2372 105 1660 57 1080 181 2564 294 3919
5 15 1810 237 3244 50 998 281 3770 18 611 250 3396 249 3384 21 650 106 1671 88 1455 197 2754 223 3066 49 984 264 3557 159 2307 71 1243
6 15 2268 203 2828 103 1629 90 1471 257 3475 165 2376 283 3795 189 2661 287 3833 287 3839 64 1167 177 2514 259 3503 161 2326 250 3396 60 1114
7 15 1732 286 3823 129 1937 178 2530 21 641 104 1642 22 657 81 1371 195 2737 191 2681 213 2948 211 2922 75 1293 26 710 289 3864 144 2117
8 15 1927 223 3073 137 2034 235 3214 226 3102 208 2887 92 1504 213 2947 244 3324 14 566 135 2011 223 3075 46 947 42 896 163 2352 208 2892
9 15 1644 140 2076 261 3521 217 3000 162 2338 100 1596 60 1112 186 2632 105 1660 272 3656 95 1536 53 1029 231 3165 33 786 99 1586 42 893
10 15 1847 172 2456 92 1496 205 2855 246 3345 222 3064 31 765 285 3817 200 2797 15 570 97 1558 295 3933 114 1765 239 3262 66 1188 30 760
11 15 2125 118 1810 79 1338 280 3757 151 2209 94 1526 279 3739 278 3735 155 2257 132 1973 202 2819 192 2696 283 3796 290 3876 63 1146 61 1125
12 15 2108 241 3281 231 3170 233 3186 220 3029 21 645 252 3420 69 1219 186 2622 146 2142 31 766 233 3193 232 3180 42 895 266 3589 232 3181
13 15 1603 29 746 260 3517 192 2699 123 1872 166 2390 56 1062 78 1335 124 1882 49 977 189 2660 49 982 227 3115 81 1364 115 1773 266 3592
14 15 2000 239 3265 182 2577 20 632 30 756 143 2113 57 1076 272 3654 168 2407 235 3220 191 2682 208 2890 143 2110 262 3536 120 1836 231 3167
15 15 1784 220 3039 231 3171 176 2509 19 626 115 1779 285 3813 80 1355 38 848 192 2693 137 2033 80 1349 239 3265 85 1418 131 1963 203 2831
16 15 2055 267 3602 194 2721 159 2300 276 3707 70 1234 191 2684 194 2725 264 3557 98 1566 17 601 198 2774 52 1013 173 2470 173 2474 243 3310
17 15 2111 73 1271 103 1634 35 810 180 2554 151 2205 259 3506 294 3928 226 3102 193 2709 256 3470 176 2509 93 1510 210 2912 248 3371 142 2096
18 15 1954 129 1947 103 1627 85 1409 255 3457 51 1001 174 2482 280 3758 59 1098 297 3963 212 2935 80 1353 156 2262 120 1831 151 2210 291 3892
19 15 1781 138 2045 298 3972 56 1065 274 3679 263 3549 166 2390 127 1921 56 1064 70 1235 68 1213 90 1477 139 2067 67 1201 131 1961 284 3797
20 15 1863 233 3195 123 1867 74 1280 283 3792 23 668 273 3670 96 1546 199 2786 275 3700 258 3491 50 996 24 688 91 1481 116 1791 211 2922
21 15 1810 55 1059 213 2954 154 2238 85 1409 248 3369 114 1761 190 2671 162 2340 253 3427 138 2053 278 3730 107 1673 3 436 21 642 242 3304
22 15 1632 168 2412 100 1594 109 1697 160 2320 67 1201 135 2013 190 2671 48 965 89 1459 159 2302 61 1130 295 3931 87 1435 135 2020 237 3240
23 15 1828 37 844 236 3223 50 1000 147 2163 241 3281 247 3361 22 653 144 2127 16 585 243 3315 247 3356 121 1845 141 2082 136 2032 258 3486
24 15 1855 36 825 297 3964 214 2958 121 1848 244 3327 185 2611 134 1998 77 1321 71 1252 110 1715 89 1468 122 1860 73 1275 279 3737 267 3601
25 15 1449 201 2810 150 2192 94 1523 52 1022 19 623 68 1209 116 1781 45 940 36 828 153 2230 242 3301 261 3529 98 1571 150 2191 127 1921
26 15 1638 132 1984 211 2921 241 3284 116 1784 216 2985 27 716 83 1386 36 828 133 1994 297 3963 90 1480 172 2460 33 794 79 1346 182 2574
27 15 1807 71 1243 264 3563 114 1758 282 3784 116 1790 289 3861 187 2638 139 2061 150 2199 13 551 198 2771 3 426 279 3741 73 1272 81 1366
28 15 1839 105 1652 203 2836 273 3676 89 1463 78 1328 298 3975 102 1624 95 1540 30 752 2 413 284 3802 171 2442 193 2710 96 1550 280 3756
29 15 1456 43 911 85 1419 174 2487 276 3705 256 3465 17 594 87 1438 245 3339 28 732 18 609 11 521 76 1311 293 3911 94 1527 118 1810
30 15 1736 5 453 83 1394 58 1088 224 3085 241 3282 269 3622 300 4000 98 1567 2 419 237 3234 129 1945 270 3630 114 1762 78 1336 63 1152
31 15 1739 30 752 289 3867 107 1682 198 2775 2 424 100 1596 129 1942 233 3185 95 1535 97 1564 295 3932 257 3477 1 401 62 1144 279 3740
32 15 1816 147 2160 22 655 45 937 160 2317 212 2940 235 3211 252 3419 167 2404 105 1652 20 639 289 3867 181 2566 36 830 232 3183 168 2405
33 15 1857 190 2674 269 3624 263 3549 142 2099 116 1787 84 1399 251 3410 142 2098 151 2203 67 1196 97 1553 230 3153 219 3027 58 1096 43 905
34 15 2219 260 3518 292 3900 178 2530 265 3574 53 1027 178 2528 135 2011 46 942 266 3581 196 2750 272 3654 142 2102 91 1485 287 3838 113 1753
35 15 1676 179 2541 191 2683 145 2132 198 2769 25 696 202 2822 230 3159 177 2524 50 990 287 3842 57 1075 69 1219 75 1294 158 2287 52 1020
36 15 1559 289 3858 142 2103 46 949 126 1912 50 993 132 1984 36 828 152 2217 179 2538 88 1447 63 1155 116 1786 274 3682 129 1944 127 1913
37 15 2212 36 830 245 3333 109 1701 234 3206 277 3713 210 2909 190 2678 269 3625 240 3277 51 1006 270 3632 16 581 256 3461 237 3238 125 1893
38 15 1920 30 760 113 1752 209 2900 132 1979 270 3632 217 3004 118 1813 45 940 221 3049 248 3374 161 2329 264 3557 49 985 288 3849 35 815
39 15 1980 240 3270 1 409 226 3102 240 3270 125 1898 260 3513 280 3755 23 670 275 3693 96 1544 72 1255 214 2958 17 598 124 1885 282 3782
40 15 1558 252 3424 179 2541 12 540 60 1120 101 1601 246 3349 95 1538 207 2876 260 3519 4 438 258 3496 1 412 113 1753 70 1238 90 1469
41 15 1736 49 977 234 3202 60 1118 271 3649 237 3233 51 1005 60 1110 197 2763 135 2017 235 3215 278 3732 50 993 119 1818 71 1245 124 1879
42 15 1700 124 1881 90 1469 18 611 237 3242 123 1871 125 1893 287 3838 58 1091 170 2431 5 457 240 3271 294 3922 84 1407 227 3113 43 905
43 15 2136 129 1948 82 1382 188 2653 261 3528 238 3256 273 3673 154 2247 140 2073 226 3103 90 1475 222 3055 108 1687 163 2355 291 3881 105 1654
44 15 1936 10 516 138 2054 259 3507 95 1536 259 3497 173 2473 11 531 40 879 170 2436 280 3758 121 1842 257 3484 262 3533 207 2876 139 2062
45 15 1590 185 2619 61 1127 55 1056 136 2024 6 469 215 2976 158 2295 189 2665 149 2177 203 2829 136 2022 28 727 186 2629 157 2279 124 1879
46 15 1706 278 3727 159 2307 36 824 231 3165 73 1267 10 519 218 3006 32 776 158 2287 57 1073 234 3203 171 2443 13 552 293 3916 170 2439
47 15 1714 273 3668 287 3835 43 907 187 2636 44 917 152 2215 110 1712 154 2242 280 3752 95 1539 23 667 178 2532 53 1032 39 863 225 3095
48 15 2099 86 1422 65 1176 158 2291 41 882 12 538 261 3526 141 2092 255 3455 199 2777 278 3730 246 3349 137 2043 221 3050 250 3399 274 3685
49 15 1852 235 3219 209 2898 152 2219 79 1339 69 1228 96 1551 138 2048 92 1504 155 2254 265 3578 272 3655 11 530 159 2297 274 3687 109 1708
50 15 1842 20 631 227 3123 171 2450 284 3806 244 3322 216 2992 71 1248 79 1343 131 1969 39 867 200 2793 112 1735 272 3660 69 1221 168 2406
51 15 1504 115 1770 2 414 142 2096 13 553 263 3551 113 1751 110 1710 152 2221 140 2071 182 2581 129 1941 56 1065 232 3173 151 2207 81 1361
52 15 2085 48 973 198 2771 264 3563 255 3454 20 639 75 1290 35 818 252 3415 292 3902 79 1338 126 1908 261 3525 245 3336 285 3810 172 2458
53 15 1437 184 2602 37 839 37 842 140 2070 74 1283 162 2343 146 2144 100 1592 18 605 202 2824 93 1511 50 995 84 1407 171 2451 299 3984
54 15 1980 71 1250 48 965 262 3542 223 3072 297 3961 197 2758 285 3818 180 2557 24 678 196 2746 159 2305 208 2895 47 961 129 1940 149 2177
55 15 2248 22 658 254 3446 78 1331 215 2971 275 3695 244 3321 265 3573 112 1738 88 1456 291 3881 69 1222 290 3873 159 2308 270 3637 179 2541
56 15 1282 25 690 104 1637 196 2748 207 2874 24 685 203 2831 17 601 192 2693 1 410 97 1560 130 1952 166 2383 8 486 77 1319 156 2265
57 15 1819 108 1687 6 470 233 3188 6 467 246 3347 208 2895 171 2444 213 2948 192 2703 291 3882 2 423 196 2748 291 3890 75 1294 36 825
58 15 1814 183 2585 28 736 226 3112 298 3968 25 696 111 1722 172 2463 298 3968 113 1749 282 3780 195 2732 149 2186 3 430 155 2256 30 760
59 15 2024 87 1436 221 3045 137 2043 278 3730 23 668 10 515 186 2632 146 2143 283 3796 85 1409 221 3046 261 3529 215 2969 147 2160 230 3149
60 15 1982 123 1869 217 2997 177 2513 90 1479 123 1867 173 2476 268 3610 231 3164 41 881 159 2308 95 1531 214 2966 294 3924 40 872 233 3194
61 15 2038 189 2668 187 2643 116 1789 190 2673 280 3749 203 2832 223 3067 41 881 141 2085 263 3548 273 3665 158 2288 37 838 149 2181 98 1572
62 15 1696 39 867 245 3331 293 3913 161 2332 148 2176 41 885 122 1860 179 2540 11 532 30 756 225 3089 94 1520 238 3252 36 826 258 3489
63 15 2053 118 1806 160 2309 96 1550 278 3725 249 3380 226 3111 205 2854 166 2385 128 1931 280 3757 89 1466 51 1001 290 3875 120 1830 111 1727
64 15 1708 299 3986 5 449 115 1770 252 3420 135 2018 99 1582 144 2127 169 2418 163 2351 291 3885 162 2344 166 2384 87 1435 42 904 6 472
65 15 1948 261 3521 238 3250 73 1268 298 3970 41 881 92 1493 135 2011 260 3516 292 3897 35 813 251 3410 25 691 140 2074 193 2708 101 1609
66 15 2443 246 3351 154 2243 273 3670 117 1800 280 3759 47 955 300 3995 249 3380 235 3220 237 3241 265 3580 294 3920 136 2021 110 1710 111 1730
67 15 1639 260 3511 229 3143 37 842 134 2007 117 1803 5 454 240 3272 66 1184 11 532 283 3790 230 3158 262 3533 50 994 77 1320 48 969
68 15 1584 137 2043 7 484 161 2323 150 2199 202 2821 227 3120 6 462 118 1815 87 1438 191 2685 116 1791 216 2991 138 2053 105 1651 120 1832
69 15 2205 257 3484 4 446 230 3155 295 3938 124 1878 137 2043 270 3638 298 3967 174 2488 142 2104 54 1043 236 3222 215 2977 278 3726 43 906
70 15 1625 50 989 197 2764 251 3401 19 626 255 3452 102 1614 267 3598 203 2827 66 1181 126 1910 88 1452 47 962 149 2184 60 1109 152 2213
71 15 1556 216 2991 98 1567 90 1476 198 2767 192 2694 27 723 270 3637 26 701 105 1656 103 1626 122 1861 132 1980 129 1948 25 691 212 2937
72 15 1934 39 867 204 2841 286 3822 17 601 16 588 275 3690 140 2079 222 3054 60 1114 273 3671 145 2140 36 822 284 3804 159 2307 262 3534
73 15 2137 279 3740 197 2754 91 1481 275 3697 269 3620 34 799 252 3421 115 1780 121 1847 252 3418 255 3459 200 2793 137 2034 42 903 153 2225
74 15 1592 276 3710 290 3874 38 848 107 1676 52 1023 156 2270 2 422 202 2821 174 2478 31 764 67 1196 221 3049 91 1486 259 3508 25 699
75 15 1539 160 2318 42 897 274 3687 211 2931 136 2028 104 1640 47 963 67 1198 145 2132 128 1930 23 670 45 935 129 1940 136 2028 277 3713
76 15 2008 151 2208 101 1603 232 3176 165 2370 108 1685 157 2277 182 2573 173 2467 90 1473 162 2341 209 2901 95 1536 212 2940 188 2650 285 3813
77 15 1907 117 1802 280 3749 33 786 257 3480 138 2048 219 3020 82 1376 151 2207 146 2150 145 2134 153 2229 110 1714 237 3233 23 666 293 3913
78 15 1989 204 2838 193 2713 55 1051 221 3047 241 3288 150 2198 167 2401 176 2501 115 1772 108 1692 141 2088 192 2699 143 2114 291 3884 90 1480
79 15 1866 179 2548 226 3101 57 1075 7 473 210 2919 101 1601 284 3806 185 2612 35 810 298 3970 117 1800 252 3424 43 910 82 1383 257 3480
80 15 1985 34 804 35 816 218 3006 33 796 242 3299 194 2724 248 3368 112 1736 298 3976 132 1979 203 2832 155 2256 169 2420 227 3115 182 2580
81 15 1904 1 401 47 963 178 2532 11 529 167 2396 237 3242 248 3373 198 2767 209 2899 104 1643 97 1558 174 2487 179 2547 300 3997 230 3158
82 15 1819 115 1774 278 3735 226 3104 175 2498 234 3207 68 1205 16 587 121 1842 4 439 191 2688 47 955 212 2938 276 3709 76 1305 235 3218
83 15 1741 269 3622 162 2337 65 1179 74 1277 190 2679 276 3709 176 2508 147 2162 8 487 194 2719 195 2732 56 1072 274 3681 37 842 54 1045
84 15 1545 130 1955 14 565 91 1488 165 2372 293 3913 201 2811 29 744 154 2244 30 757 294 3923 119 1828 51 1004 27 723 252 3416 82 1379
85 15 1809 75 1290 79 1344 60 1115 228 3133 219 3025 212 2937 243 3306 225 3094 187 2643 55 1052 54 1043 77 1315 112 1735 145 2139 291 3883
86 15 1829 298 3975 300 3991 140 2072 95 1532 264 3563 178 2525 168 2406 67 1194 33 794 46 948 57 1076 12 534 205 2850 269 3620 155 2258
87 15 1948 106 1666 218 3015 272 3662 104 1643 163 2352 206 2868 142 2099 216 2992 255 3460 144 2126 143 2105 155 2253 25 694 59 1106 228 3126
88 15 1724 285 3815 219 3025 95 1534 16 590 232 3176 264 3568 95 1533 119 1819 24 686 153 2236 162 2335 239 3257 3 429 138 2052 111 1728
89 15 1810 110 1717 200 2799 104 1643 250 3400 128 1933 38 850 77 1323 297 3959 170 2440 218 3007 139 2064 54 1047 239 3263 213 2953 26 702
90 15 1536 74 1283 294 3919 203 2830 16 592 56 1071 160 2316 74 1279 192 2695 38 849 118 1815 155 2260 247 3364 110 1709 172 2464 12 544
91 15 1724 1 412 135 2010 193 2715 78 1334 176 2504 92 1499 74 1286 240 3279 20 634 227 3122 214 2966 167 2397 98 1571 203 2835 238 3249
92 15 1783 291 3887 50 989 276 3704 275 3695 44 923 108 1695 140 2080 63 1150 63 1146 84 1401 221 3050 293 3905 7 476 113 1751 201 2810
93 15 1719 285 3809 114 1760 111 1727 137 2038 56 1071 134 2008 24 682 60 1109 139 2059 191 2688 283 3794 247 3361 66 1187 212 2934 90 1476
94 15 1592 158 2292 189 2660 194 2719 223 3066 111 1727 72 1262 32 783 77 1320 165 2370 222 3054 5 457 182 2573 197 2753 17 595 147 2163
95 15 2189 116 1782 69 1226 263 3545 198 2769 211 2928 148 2176 51 1010 225 3094 56 1072 272 3660 141 2085 284 3802 280 3752 253 3430 170 2440
96 15 1651 264 3564 182 2580 6 465 91 1490 51 1010 271 3643 299 3984 240 3277 49 987 125 1897 31 768 3 433 107 1678 292 3900 53 1027
97 15 1984 288 3849 185 2609 47 958 289 3868 211 2928 147 2161 244 3322 112 1739 21 648 282 3776 5 456 189 2665 225 3094 165 2376 70 1234
98 15 1826 244 3325 127 1917 16 592 254 3443 193 2709 263 3555 124 1878 241 3281 98 1573 188 2648 289 3858 105 1658 13 548 45 929 83 1391
99 15 1846 217 2995 190 2672 81 1368 193 2713 274 3684 128 1935 164 2362 286 3826 110 1715 12 534 18 609 124 1878 234 3205 157 2282 120 1838
100 15 1300 88 1449 77 1321 36 822 212 2941 54 1047 111 1723 261 3525 10 519 13 546 148 2173 62 1136 47 964 179 2538 255 3456 73 1274
101 15 2048 264 3565 140 2074 208 2888 110 1719 68 1216 282 3781 118 1810 126 1909 276 3705 154 2237 163 2349 150 2198 237 3241 252 3422 12 537
102 15 1737 199 2781 120 1829 146 2151 221 3051 26 704 59 1106 124 1882 101 1610 265 3580 105 1652 83 1389 280 3757 276 3701 1 402 166 2388
103 15 1269 99 1581 16 582 192 2699 218 3013 7 478 165 2371 243 3311 46 941 122 1863 166 2389 136 2031 64 1166 40 875 58 1093 15 577
104 15 2051 97 1560 203 2830 54 1047 171 2448 156 2265 185 2614 275 3698 295 3934 266 3589 112 1744 46 946 190 2672 207 2877 66 1181 241 3282
105 15 1780 295 3939 42 903 240 3278 114 1762 131 1962 192 2696 42 895 150 2189 214 2957 101 1601 188 2645 190 2671 220 3037 42 902 64 1157
106 15 1832 229 3146 295 3934 137 2044 242 3302 17 603 241 3292 217 2994 199 2780 77 1316 195 2739 69 1225 76 1301 125 1892 3 430 168 2405
107 15 1928 93 1516 5 452 80 1357 186 2625 264 3566 286 3821 244 3327 61 1123 191 2689 206 2865 91 1492 31 761 266 3589 294 3923 113 1748
108 15 1944 168 2416 205 2858 65 1172 61 1124 69 1224 171 2447 182 2575 278 3734 164 2362 85 1420 129 1937 47 953 283 3786 224 3082 300 3991
109 15 1828 289 3859 233 3189 6 472 111 1726 260 3514 122 1863 15 577 148 2166 226 3110 114 1763 176 2501 248 3366 4 438 115 1774 218 3014
110 15 1789 142 2101 10 515 35 815 122 1853 150 2200 175 2492 274 3688 224 3078 144 2119 135 2015 223 3068 64 1161 105 1657 153 2230 281 3763
111 15 2025 187 2633 54 1043 135 2010 112 1739 244 3326 272 3663 169 2425 283 3787 95 1530 253 3426 65 1179 210 2916 232 3173 211 2930 10 514
112 15 1720 119 1818 228 3133 185 2618 257 3474 25 696 162 2333 147 2161 179 2546 199 2782 40 869 61 1123 120 1839 54 1046 252 3421 123 1874
113 15 2006 141 2089 294 3921 19 622 230 3154 46 942 21 647 215 2980 162 2335 76 1308 277 3724 136 2024 232 3175 100 1595 277 3716 282 3778
114 15 1728 7 484 240 3279 77 1321 43 909 300 3990 212 2935 231 3165 263 3549 249 3379 48 971 110 1720 60 1113 13 556 259 3504 49 983
115 15 1928 100 1592 140 2072 181 2563 183 2586 2 417 256 3461 241 3289 279 3739 180 2558 195 2730 15 576 15 580 128 1934 266 3581 229 3144
116 15 1546 255 3454 128 1931 121 1851 111 1721 99 1588 82 1379 2 423 196 2751 14 560 103 1627 21 648 176 2508 247 3363 182 2577 196 2742
117 15 1687 155 2255 102 1623 87 1443 97 1556 190 2677 245 3338 3 433 135 2010 119 1825 143 2107 239 3268 162 2341 74 1280 177 2519 181 2570
118 15 1688 85 1410 78 1331 84 1404 120 1831 270 3632 37 844 7 479 113 1755 238 3246 152 2220 183 2592 192 2704 130 1959 149 2180 272 3661
119 15 1683 111 1730 30 750 237 3238 214 2964 79 1343 234 3200 248 3368 12 543 98 1571 133 1994 186 2626 102 1615 98 1570 30 757 292 3895
120 15 2076 248 3366 199 2785 111 1730 20 634 166 2392 185 2613 211 2921 218 3014 272 3653 37 836 224 3088 248 3371 116 1792 81 1364 260 3511
121 15 1652 19 622 290 3869 254 3441 2 421 84 1405 170 2429 271 3652 151 2202 154 2238 30 758 279 3737 223 3065 96 1552 14 562 28 736
122 15 1742 131 1969 63 1150 192 2694 34 806 269 3621 173 2474 81 1370 16 581 185 2613 48 973 174 2480 209 2908 292 3898 59 1098 252 3422
123 15 1644 65 1176 253 3434 58 1088 219 3020 3 435 104 1640 200 2796 189 2661 48 973 45 938 297 3958 196 2744 228 3136 112 1742 39 862
124 15 1700 88 1456 211 2923 56 1062 33 786 65 1178 254 3438 199 2781 230 3155 29 742 288 3849 103 1634 163 2345 4 437 142 2103 261 3526
125 15 1369 269 3618 180 2549 157 2278 56 1070 110 1714 234 3205 26 702 25 691 137 2040 97 1557 188 2648 42 899 135 2014 54 1042 2 423
126 15 1873 53 1025 215 2972 275 3693 190 2675 91 1486 168 2406 274 3680 159 2302 129 1939 55 1055 143 2107 214 2967 22 658 215 2979 139 2067
127 15 1680 161 2321 130 1959 16 582 206 2866 135 2009 241 3282 161 2322 196 2744 165 2380 3 434 164 2359 49 982 152 2217 123 1865 199 2788
128 15 1403 214 2957 17 595 4 442 44 926 86 1423 259 3507 129 1942 224 3086 264 3568 75 1290 18 610 38 848 255 3456 23 669 104 1648
129 15 2213 209 2907 240 3274 117 1804 267 3603 242 3299 295 3939 162 2334 23 665 288 3851 195 2731 196 2750 203 2826 60 1115 10 515 260 3515
130 15 1829 89 1457 64 1161 298 3971 66 1182 195 2729 176 2510 108 1692 229 3143 244 3318 91 1485 29 740 77 1323 119 1827 221 3048 281 3769
131 15 1930 289 3862 222 3055 281 3772 36 830 78 1327 182 2584 11 532 252 3422 28 730 213 2954 31 770 207 2876 213 2945 182 2579 188 2652
132 15 2133 202 2815 125 1891 241 3291 104 1640 122 1863 210 2918 286 3831 169 2424 143 2105 250 3398 243 3313 147 2160 70 1236 101 1607 254 3437
133 15 1689 125 1889 145 2134 256 3467 193 2712 88 1454 24 680 242 3299 240 3271 68 1210 279 3748 60 1120 32 779 60 1117 192 2702 108 1692
134 15 1893 220 3037 119 1826 103 1629 84 1402 53 1027 139 2063 199 2783 201 2803 248 3365 253 3436 84 1407 133 1985 201 2805 201 2801 129 1948
135 15 2112 173 2475 78 1331 1 411 280 3759 295 3930 267 3598 99 1584 253 3429 245 3336 170 2436 231 3165 10 520 170 2430 259 3500 109 1697
136 15 1932 165 2375 249 3386 3 436 137 2039 107 1683 174 2485 115 1775 170 2435 226 3102 175 2499 37 834 163 2346 262 3543 264 3565 168 2414
137 15 1752 214 2958 252 3423 245 3331 3 434 61 1127 43 913 164 2362 96 1546 233 3188 176 2504 121 1846 95 1534 128 1933 116 1789 244 3326
138 15 2052 300 4000 203 2833 210 2910 43 908 62 1141 171 2448 49 978 213 2951 94 1523 232 3174 264 3559 217 3004 83 1385 223 3072 202 2815
139 15 1696 140 2075 45 934 152 2214 108 1691 244 3327 116 1792 63 1151 224 3086 118 1812 212 2939 239 3260 36 824 1 403 258 3485 164 2360
140 15 1614 227 3121 148 2173 284 3797 144 2122 87 1436 45 940 40 870 180 2549 216 2988 209 2903 105 1660 17 602 267 3603 38 856 11 532
141 15 1876 122 1864 27 715 219 3023 164 2363 284 3801 159 2300 42 904 53 1036 168 2407 155 2254 186 2630 118 1805 165 2375 286 3825 198 2772
142 15 1518 75 1295 171 2447 6 468 110 1709 102 1614 113 1746 127 1921 100 1592 187 2644 258 3490 180 2550 209 2897 207 2878 38 853 15 574
143 15 1415 94 1520 45 938 216 2985 56 1064 101 1610 266 3582 19 625 292 3903 76 1302 266 3592 28 735 48 966 186 2624 44 920 32 778
144 15 1441 74 1287 154 2247 296 3943 255 3452 116 1791 61 1123 1 411 296 3945 28 733 34 803 20 631 95 1531 54 1040 196 2747 122 1855
145 15 1448 99 1582 92 1495 187 2638 119 1828 224 3078 53 1033 52 1020 133 1989 263 3555 47 957 154 2240 86 1427 101 1603 1 401 200 2799
146 15 1544 144 2119 152 2218 134 2002 286 3828 45 937 102 1624 151 2204 83 1394 145 2138 116 1791 149 2179 108 1695 46 943 109 1697 161 2321
147 15 1915 100 1598 66 1190 299 3985 117 1799 249 3380 159 2301 223 3066 148 2174 108 1692 276 3704 6 470 134 2008 244 3318 11 531 254 3437
148 15 1704 195 2734 113 1754 213 2952 209 2902 176 2508 215 2969 172 2457 66 1181 90 1471 114 1759 1 406 47 959 238 3255 110 1709 171 2448
149 15 2168 213 2955 257 3475 114 1759 55 1054 276 3709 109 1708 84 1408 163 2352 293 3906 214 2968 53 1033 194 2727 133 1987 272 3659 281 3766
150 15 1468 150 2194 41 892 26 701 67 1195 137 2041 129 1946 103 1632 37 838 38 845 96 1544 299 3985 187 2639 215 2973 126 1907 184 2601
151 15 1980 189 2658 201 2812 149 2188 267 3596 76 1302 226 3104 174 2485 255 3459 49 986 97 1563 142 2098 203 2826 269 3624 148 2172 31 762
152 15 1725 125 1891 271 3650 268 3613 299 3984 298 3966 90 1472 157 2274 7 483 75 1297 108 1687 70 1233 104 1643 74 1281 139 2057 72 1256
153 15 2136 232 3183 254 3437 91 1484 197 2756 144 2120 109 1699 271 3649 258 3488 182 2575 65 1174 230 3151 239 3257 130 1949 21 650 247 3355
154 15 1774 269 3618 62 1137 47 964 146 2152 43 907 131 1970 290 3869 130 1959 65 1169 223 3065 210 2917 246 3345 141 2088 141 2088 74 1286
155 15 1774 93 1513 176 2503 267 3595 22 662 180 2556 2 424 131 1961 191 2692 92 1493 195 2740 164 2357 267 3595 121 1851 101 1609 216 2981
156 15 1751 272 3656 192 2695 71 1252 97 1554 277 3723 295 3938 128 1930 87 1438 161 2326 12 541 91 1492 194 2719 228 3127 83 1396 1 401
157 15 2087 76 1308 248 3374 295 3934 222 3054 234 3205 48 975 129 1948 17 597 54 1042 293 3909 227 3115 207 2881 231 3166 114 1768 214 2959
158 15 2001 128 1934 247 3363 258 3488 79 1342 119 1826 221 3046 193 2712 196 2749 113 1746 80 1358 172 2456 258 3490 49 985 105 1660 284 3804
159 15 1357 70 1232 25 695 234 3208 10 509 280 3750 106 1672 267 3600 9 508 37 835 38 847 37 837 108 1693 104 1642 285 3813 87 1435
160 15 1720 242 3304 70 1238 134 1999 299 3988 273 3668 72 1259 161 2329 218 3013 213 2949 193 2711 6 461 23 676 200 2792 33 791 13 549
161 15 2126 49 986 55 1053 157 2279 70 1232 264 3568 177 2514 200 2793 256 3464 85 1416 299 3978 294 3928 69 1227 259 3497 229 3140 195 2740
162 15 1324 246 3342 127 1920 53 1035 67 1198 109 1706 74 1283 113 1749 40 879 134 2000 4 437 171 2447 168 2409 143 2110 80 1356 126 1912
163 15 1764 195 2729 182 2579 35 818 169 2418 155 2250 281 3763 83 1390 9 498 268 3605 190 2669 174 2486 232 3179 6 470 81 1363 146 2150
164 15 1832 118 1808 127 1918 208 2896 99 1585 272 3656 198 2771 232 3182 195 2739 115 1773 166 2386 55 1058 185 2619 221 3047 55 1060 44 919
165 15 1944 203 2830 152 2224 278 3726 271 3646 94 1520 205 2854 107 1681 139 2064 117 1800 287 3837 38 849 138 2047 179 2548 60 1118 163 2353
166 15 1887 264 3560 234 3206 68 1207 142 2095 133 1996 268 3615 161 2324 278 3735 178 2526 208 2895 4 444 164 2367 66 1190 48 966 143 2107
167 15 1232 164 2361 101 1611 55 1058 87 1438 37 838 23 667 46 952 178 2528 101 1611 31 763 108 1696 228 3127 37 840 250 3394 94 1521
168 15 1741 151 2207 30 760 100 1597 131 1964 65 1169 47 956 92 1500 136 2029 243 3314 255 3449 206 2864 252 3416 68 1211 255 3459 146 2151
169 15 1508 37 842 30 753 123 1871 130 1957 16 585 235 3218 199 2777 189 2662 83 1389 127 1922 186 2625 11 522 203 2831 41 882 275 3697
170 15 1940 45 935 108 1692 219 3025 26 702 246 3341 283 3794 238 3246 193 2706 245 3334 279 3739 21 652 130 1949 44 926 83 1394 265 3576
171 15 1819 114 1758 29 742 37 840 178 2529 70 1240 203 2835 56 1067 281 3762 241 3287 115 1773 292 3902 276 3705 221 3052 50 991 111 1730
172 15 2260 239 3265 191 2682 138 2053 275 3690 189 2662 3 432 225 3089 232 3179 206 2865 20 633 300 3991 195 2733 230 3156 135 2016 248 3365
173 15 1704 179 2537 53 1031 80 1354 258 3489 30 757 42 894 227 3122 148 2168 283 3795 297 3961 113 1747 43 911 121 1842 150 2191 106 1663
174 15 2059 251 3408 185 2614 25 699 141 2087 299 3979 242 3293 270 3638 144 2125 106 1670 99 1588 118 1807 217 3004 217 2996 47 955 213 2950
175 15 1897 284 3800 228 3130 250 3392 235 3217 151 2207 70 1236 31 763 241 3282 23 665 40 871 292 3896 131 1967 89 1459 128 1929 179 2542
176 15 1803 260 3512 79 1337 61 1130 288 3855 145 2140 54 1044 82 1376 143 2112 106 1671 273 3665 145 2139 18 609 188 2645 123 1872 289 3858
177 15 1729 95 1532 30 755 243 3308 245 3331 45 939 186 2630 32 773 240 3271 90 1469 240 3271 4 437 227 3121 167 2396 299 3982 19 622
178 15 1650 40 879 89 1460 263 3546 28 727 133 1986 80 1351 64 1162 191 2687 300 3989 273 3670 285 3817 20 637 18 607 31 769 248 3371
179 15 1854 27 718 255 3458 153 2235 286 3822 277 3714 293 3914 25 699 21 647 270 3635 96 1546 229 3141 112 1734 225 3090 35 810 14 561
180 15 1767 168 2407 287 3839 245 3332 56 1072 80 1359 8 488 77 1316 268 3605 188 2649 200 2797 59 1104 168 2406 86 1431 162 2342 157 2274
181 15 1598 2 415 216 2984 44 927 147 2154 103 1633 267 3601 18 614 229 3145 106 1665 99 1580 124 1879 118 1816 246 3350 72 1253 207 2884
182 15 1764 194 2726 14 568 117 1795 281 3761 102 1622 32 782 70 1232 76 1301 209 2902 201 2801 259 3506 102 1614 175 2499 113 1748 260 3514
183 15 2210 173 2472 127 1918 294 3923 241 3281 15 580 223 3074 151 2202 291 3887 289 3857 250 3394 211 2930 123 1870 161 2331 60 1117 154 2243
184 15 1642 41 887 17 597 84 1405 70 1239 85 1409 223 3069 3 425 292 3895 181 2563 238 3247 286 3830 231 3165 128 1927 90 1479 84 1397
185 15 1994 201 2809 256 3468 250 3400 197 2763 266 3588 47 956 114 1765 168 2405 285 3818 201 2812 175 2492 44 926 87 1440 49 983 153 2226
186 15 2020 85 1411 192 2693 23 665 41 888 136 2031 12 538 231 3170 283 3794 262 3541 195 2732 232 3184 290 3872 257 3481 151 2201 136 2023
187 15 1980 165 2377 179 2545 110 1715 6 463 161 2328 232 3174 293 3914 32 774 294 3923 283 3785 178 2532 202 2814 23 672 198 2768 119 1818
188 15 1228 229 3147 65 1175 245 3329 289 3863 141 2092 56 1067 73 1266 118 1814 10 512 83 1388 45 935 21 652 12 542 86 1421 63 1156
189 15 1920 164 2368 214 2959 48 967 179 2548 290 3871 259 3507 193 2709 151 2207 73 1271 2 422 122 1856 146 2149 40 870 293 3916 227 3113
190 15 1633 257 3482 71 1242 71 1246 236 3230 243 3316 237 3241 63 1152 63 1153 102 1615 244 3327 4 448 162 2343 64 1164 89 1464 136 2028
191 15 1992 156 2271 280 3757 29 743 267 3602 111 1724 186 2632 281 3764 126 1911 41 882 283 3786 212 2941 271 3651 12 539 179 2545 57 1076
192 15 1823 189 2660 274 3685 54 1039 115 1772 121 1850 44 919 233 3190 237 3236 47 957 41 883 248 3365 89 1461 185 2616 240 3276 162 2338
193 15 1504 146 2150 39 858 12 538 40 878 171 2445 147 2159 272 3657 99 1578 213 2946 119 1818 55 1051 20 639 105 1656 170 2429 272 3655
194 15 2080 37 844 210 2912 56 1066 185 2620 86 1432 47 960 284 3807 195 2732 210 2914 299 3985 203 2825 189 2660 243 3307 182 2580 174 2480
195 15 2057 144 2128 267 3598 29 746 109 1707 208 2892 217 3003 279 3746 138 2054 243 3312 170 2440 178 2532 251 3411 126 1905 24 686 189 2662
196 15 2128 108 1693 171 2446 266 3581 191 2692 234 3202 123 1870 236 3224 184 2606 243 3314 170 2434 208 2886 38 846 272 3659 63 1147 154 2240
197 15 1862 273 3670 123 1868 239 3268 40 872 271 3650 164 2360 211 2921 74 1287 156 2270 170 2433 130 1953 5 453 152 2222 104 1647 216 2982
198 15 1921 158 2296 7 481 133 1993 268 3608 236 3230 36 822 221 3046 102 1614 235 3212 291 3888 145 2138 84 1402 165 2380 108 1695 213 2956
199 15 1803 90 1475 90 1474 50 989 13 548 280 3755 115 1772 282 3778 152 2217 243 3311 231 3167 291 3888 1 410 167 2403 199 2787 50 991
200 15 1444 209 2904 45 933 228 3136 130 1950 236 3228 68 1214 13 555 44 927 115 1778 63 1145 133 1988 24 684 194 2727 37 840 266 3581
201 15 1639 5 450 120 1834 121 1841 245 3335 168 2410 164 2362 94 1517 265 3572 121 1847 30 751 78 1335 140 2075 169 2426 144 2117 185 2613
202 15 1424 41 881 138 2050 117 1793 70 1239 93 1514 138 2046 181 2562 196 2749 120 1840 70 1229 210 2920 129 1947 35 816 59 1108 184 2600
203 15 1726 168 2407 82 1376 138 2052 168 2407 248 3365 46 950 254 3443 106 1669 287 3837 1 401 187 2639 288 3856 136 2023 24 688 25 696
204 15 1618 78 1327 176 2504 20 640 272 3660 121 1844 203 2832 171 2449 241 3285 139 2058 39 858 237 3244 85 1420 91 1485 121 1844 29 742
205 15 1752 286 3821 8 486 25 699 195 2732 58 1085 156 2267 208 2885 271 3648 260 3516 231 3165 217 3001 98 1565 95 1539 48 976 34 804
206 15 1736 10 514 138 2054 209 2908 262 3538 219 3025 65 1179 103 1630 147 2163 123 1872 194 2718 70 1230 84 1397 199 2786 206 2864 142 2100
207 15 1836 205 2851 214 2957 224 3087 52 1018 99 1581 128 1927 197 2759 76 1305 146 2149 115 1777 106 1671 287 3841 74 1279 84 1398 288 3849
208 15 1714 142 2096 96 1546 237 3236 192 2703 21 647 119 1822 241 3283 143 2107 223 3072 208 2896 75 1292 1 408 180 2558 228 3135 37 843
209 15 2078 152 2218 93 1512 185 2613 70 1231 285 3819 219 3020 160 2315 111 1723 36 829 201 2805 183 2594 57 1082 294 3922 292 3903 260 3515
210 15 2232 252 3421 172 2456 272 3655 298 3967 209 2901 86 1424 232 3183 239 3259 240 3280 274 3679 94 1517 44 917 141 2086 199 2787 39 863
211 15 1391 191 2690 17 597 43 909 239 3263 228 3133 219 3028 34 806 53 1035 238 3250 26 710 300 3997 25 691 34 808 79 1345 13 553
212 15 1896 108 1693 249 3382 82 1384 18 611 198 2768 201 2808 183 2585 287 3840 233 3196 3 427 149 2178 54 1047 72 1258 296 3946 237 3240
213 15 926 68 1205 138 2053 111 1721 34 804 72 1256 105 1655 1 408 38 849 14 559 225 3090 8 495 78 1332 11 531 19 626 236 3221
214 15 1884 282 3779 174 2479 85 1418 300 3998 15 577 120 1829 260 3514 92 1500 174 2480 130 1960 200 2794 146 2146 128 1930 178 2535 72 1257
215 15 2088 289 3868 213 2955 93 1508 15 573 37 838 87 1434 239 3267 242 3298 279 3740 210 2911 183 2588 204 2839 247 3359 225 3090 47 961
216 15 1429 234 3205 96 1549 66 1181 71 1252 155 2259 165 2380 49 981 62 1135 151 2211 14 558 195 2738 207 2883 76 1302 165 2380 81 1370
217 15 1991 10 518 172 2453 62 1134 49 988 234 3199 95 1535 227 3114 120 1840 286 3826 299 3985 132 1978 293 3908 208 2896 27 718 275 3693
218 15 1820 98 1568 116 1782 258 3491 275 3695 258 3486 219 3022 58 1094 15 580 198 2776 287 3834 84 1398 96 1547 252 3417 59 1107 3 435
219 15 1747 103 1633 24 687 61 1132 170 2434 219 3021 248 3365 135 2012 170 2439 93 1506 155 2249 106 1664 227 3124 228 3135 58 1085 187 2638
220 15 2292 184 2608 101 1607 53 1032 234 3204 122 1860 271 3644 271 3646 210 2915 292 3903 87 1438 246 3351 228 3125 218 3012 134 2002 214 2967
221 15 2064 28 735 279 3745 71 1248 158 2288 241 3285 180 2552 61 1130 252 3424 202 2820 99 1584 276 3706 235 3209 191 2686 274 3681 33 796
222 15 2289 204 2845 33 795 140 2072 243 3308 85 1411 290 3878 240 3273 18 605 214 2967 262 3543 157 2279 245 3333 176 2503 264 3566 291 3881
223 15 1783 288 3846 191 2684 31 770 137 2037 203 2831 65 1171 257 3483 23 669 48 970 268 3613 98 1568 26 704 295 3935 276 3712 23 670
224 15 2012 130 1958 211 2925 180 2549 25 697 198 2767 192 2695 193 2713 162 2333 152 2216 33 792 153 2236 259 3500 216 2986 150 2192 262 3541
225 15 2040 32 782 172 2454 260 3515 152 2223 260 3520 283 3796 177 2518 88 1445 113 1756 159 2304 245 3340 161 2326 53 1036 229 3145 167 2402
226 15 1819 220 3029 242 3295 137 2037 221 3048 47 957 18 610 230 3156 241 3291 74 1287 153 2231 2 413 205 2859 230 3160 51 1007 203 2836
227 15 1568 10 511 250 3392 273 3673 286 3821 77 1319 14 568 51 1003 2 421 249 3377 25 696 139 2060 126 1910 188 2652 222 3055 48 967
228 15 1520 8 494 224 3088 270 3635 177 2517 60 1116 78 1329 193 2716 84 1398 137 2041 127 1916 23 676 161 2322 111 1732 32 774 216 2992
229 15 1430 63 1147 77 1321 125 1890 121 1851 113 1749 61 1129 143 2108 164 2359 194 2722 226 3106 188 2647 107 1674 61 1121 50 996 95 1538
230 15 1422 186 2624 42 893 131 1964 21 643 146 2144 274 3685 79 1338 34 803 249 3384 72 1260 152 2219 16 588 16 592 288 3856 72 1262
231 15 1626 48 976 200 2800 97 1553 285 3811 28 735 142 2100 55 1059 212 2941 65 1178 271 3642 64 1159 41 887 182 2578 254 3448 89 1466
232 15 2060 272 3662 249 3380 285 3811 181 2569 88 1451 45 931 258 3490 46 951 241 3285 139 2063 90 1474 270 3636 180 2558 199 2781 32 784
233 15 2173 248 3374 214 2964 271 3641 214 2959 99 1585 18 612 69 1227 190 2674 282 3773 209 2901 110 1711 240 3275 47 955 237 3236 269 3621
234 15 2011 160 2320 26 704 180 2553 145 2138 236 3226 253 3430 44 925 170 2436 225 3100 196 2749 130 1951 133 1986 265 3579 62 1133 289 3860
235 15 2032 56 1069 46 941 240 3274 261 3529 138 2050 255 3452 220 3038 179 2541 142 2097 202 2823 225 3093 291 3890 24 688 133 1989 128 1929
236 15 2069 171 2452 42 898 67 1194 283 3791 123 1865 164 2361 118 1815 183 2594 279 3740 87 1435 210 2913 89 1462 212 2939 293 3906 266 3581
237 15 2168 262 3534 130 1951 262 3538 279 3745 3 433 2 414 282 3778 120 1835 97 1564 185 2612 285 3817 289 3861 254 3444 71 1244 190 2674
238 15 2111 57 1079 200 2800 232 3175 243 3314 223 3072 292 3900 45 930 119 1819 113 1755 299 3985 114 1759 216 2987 60 1117 153 2235 273 3672
239 15 1898 82 1383 117 1800 200 2789 20 632 20 632 199 2782 294 3921 171 2449 35 817 275 3691 294 3925 214 2968 7 482 220 3031 225 3094
240 15 2008 241 3281 254 3446 71 1248 66 1192 286 3828 240 3272 3 432 160 2317 270 3634 46 943 184 2598 82 1378 243 3311 155 2258 210 2918
241 15 1921 112 1739 135 2009 137 2037 241 3290 196 2747 265 3574 6 472 283 3785 270 3639 169 2420 240 3276 19 624 184 2607 49 979 96 1545
242 15 1489 15 569 47 962 261 3532 281 3761 183 2588 99 1580 154 2237 207 2879 91 1490 16 585 80 1350 41 888 86 1427 275 3690 26 708
243 15 2061 176 2510 180 2550 225 3090 140 2070 283 3785 82 1376 240 3275 154 2239 134 1999 191 2686 68 1209 54 1046 187 2634 212 2940 251 3408
244 15 1680 142 2096 180 2557 200 2791 15 574 231 3167 22 664 288 3849 252 3414 179 2542 69 1224 51 1002 201 2808 127 1914 95 1536 48 968
245 15 1609 127 1924 130 1960 300 3991 160 2311 124 1882 10 519 79 1347 70 1239 30 755 85 1413 235 3220 232 3179 66 1191 227 3123 137 2044
246 15 2239 300 3989 91 1489 104 1643 235 3209 280 3757 245 3338 111 1727 148 2175 177 2515 82 1375 269 3617 6 463 264 3559 242 3297 245 3331
247 15 2043 279 3743 182 2582 220 3039 52 1019 26 703 158 2291 114 1757 272 3654 168 2410 206 2861 265 3571 161 2322 144 2117 276 3706 31 771
248 15 1731 210 2918 235 3209 14 563 180 2553 239 3265 55 1054 82 1382 232 3177 79 1342 84 1400 156 2262 224 3087 76 1302 271 3647 27 716
249 15 1774 267 3598 122 1853 214 2960 108 1693 211 2925 24 679 106 1672 38 845 245 3331 164 2358 297 3956 90 1473 23 669 103 1631 206 2862
250 15 1689 16 587 207 2873 254 3440 18 615 259 3500 31 761 184 2606 31 761 161 2325 77 1315 90 1472 263 3553 239 3257 140 2069 142 2104
251 15 1604 246 3341 134 2004 201 2802 32 779 191 2684 24 681 190 2678 292 3901 68 1216 77 1313 38 856 24 677 143 2113 74 1288 272 3661
252 15 2364 247 3359 197 2762 208 2892 108 1692 255 3452 286 3831 139 2064 248 3372 213 2950 242 3304 121 1846 296 3947 16 590 164 2357 216 2990
253 15 1921 269 3621 199 2778 198 2775 220 3031 50 999 127 1915 69 1222 244 3318 151 2204 190 2669 184 2601 165 2378 13 549 38 848 285 3813
254 15 1746 57 1082 40 870 261 3532 220 3037 241 3287 88 1445 7 474 274 3679 256 3467 88 1455 185 2609 114 1764 47 956 119 1822 186 2632
255 15 2142 150 2198 131 1962 183 2593 112 1735 225 3096 131 1972 218 3006 55 1057 189 2658 284 3808 246 3349 80 1359 172 2458 293 3907 209 2897
256 15 1617 300 4000 112 1741 160 2318 137 2039 15 570 278 3727 37 838 151 2209 55 1049 30 759 149 2177 104 1641 17 593 242 3301 235 3209
257 15 2068 36 827 258 3493 135 2013 50 990 194 2719 230 3157 186 2626 294 3923 120 1839 218 3012 83 1391 142 2095 204 2848 185 2619 251 3404
258 15 1501 282 3775 70 1240 69 1227 45 932 113 1746 98 1571 119 1820 146 2149 15 569 167 2400 162 2343 241 3283 112 1737 228 3128 10 518
259 15 1740 24 684 24 685 34 798 269 3618 95 1540 251 3401 159 2302 20 635 262 3540 30 756 271 3648 228 3131 54 1041 248 3371 206 2861
260 15 1759 290 3874 100 1592 92 1496 52 1018 170 2440 96 1542 31 766 279 3741 281 3772 7 478 15 576 265 3578 109 1699 220 3034 192 2697
261 15 1386 81 1361 147 2156 288 3855 47 953 23 673 151 2208 89 1465 51 1004 250 3395 43 915 111 1722 69 1218 255 3460 54 1042 74 1282
262 15 1795 89 1466 111 1727 269 3624 86 1423 59 1099 90 1480 150 2190 57 1074 175 2497 238 3245 254 3448 171 2447 195 2732 244 3327 56 1067
263 15 1493 51 1001 60 1109 119 1818 274 3678 87 1436 110 1716 168 2413 97 1553 275 3700 35 816 184 2605 167 2395 27 716 184 2599 29 747
264 15 1776 236 3232 103 1626 206 2870 253 3433 106 1671 134 1997 40 869 257 3474 29 741 21 644 83 1396 212 2943 231 3164 38 850 271 3651
265 15 1336 78 1329 136 2022 27 718 156 2264 103 1628 86 1424 128 1928 90 1474 123 1869 97 1554 252 3422 112 1738 148 2166 35 812 100 1590
266 15 1673 209 2897 15 571 107 1680 232 3173 120 1830 39 867 21 643 232 3180 270 3640 278 3735 271 3650 42 902 20 638 51 1004 185 2616
267 15 1946 42 904 168 2407 152 2217 108 1689 187 2637 36 827 170 2434 276 3701 258 3496 195 2740 110 1713 228 3127 240 3279 154 2244 109 1698
268 15 1435 26 703 294 3919 286 3826 65 1179 16 584 223 3073 21 648 33 793 29 742 166 2388 284 3808 34 801 87 1437 108 1686 122 1863
269 15 2033 195 2731 77 1313 247 3353 71 1249 23 670 240 3276 283 3788 226 3109 174 2487 165 2374 214 2967 66 1182 161 2331 166 2382 234 3199
270 15 1826 115 1769 290 3874 188 2645 110 1711 108 1696 189 2668 117 1800 283 3794 191 2689 113 1749 171 2449 54 1045 80 1351 132 1976 142 2096
271 15 1821 196 2743 266 3591 102 1615 34 801 40 876 166 2383 190 2678 228 3127 246 3352 173 2475 280 3758 3 433 26 709 192 2700 135 2016
272 15 1575 27 721 27 720 89 1463 29 739 62 1137 45 938 130 1953 169 2423 251 3408 196 2748 299 3982 227 3115 157 2284 207 2880 54 1038
273 15 1362 26 704 63 1154 21 641 57 1077 105 1654 65 1169 143 2116 258 3488 44 919 255 3456 48 975 276 3703 39 861 48 971 255 3460
274 15 1264 158 2287 77 1322 44 923 35 820 245 3331 65 1177 54 1037 128 1927 82 1383 26 711 242 3301 114 1761 123 1866 71 1251 116 1789
275 15 2016 191 2683 276 3705 24 677 90 1472 236 3229 213 2945 167 2400 293 3913 174 2487 80 1350 250 3393 43 908 205 2855 35 819 243 3310
276 15 1661 27 718 113 1755 215 2973 235 3218 299 3985 114 1762 138 2050 168 2416 19 617 127 1923 61 1122 78 1325 65 1174 175 2489 243 3314
277 15 1744 271 3644 143 2111 181 2572 56 1072 234 3199 94 1517 235 3215 232 3178 193 2709 24 687 171 2443 187 2638 28 730 130 1957 2 416
278 15 1544 24 685 142 2102 51 1003 37 841 241 3283 181 2570 134 2003 267 3593 21 644 260 3516 63 1152 9 508 128 1933 182 2579 191 2684
279 15 1756 264 3561 186 2626 229 3140 31 772 175 2490 156 2267 158 2293 284 3801 207 2883 3 436 21 648 63 1145 104 1642 65 1176 249 3380
280 15 2028 21 651 108 1693 196 2741 245 3340 71 1250 179 2540 172 2454 173 2466 218 3012 282 3778 69 1226 193 2712 58 1089 279 3744 271 3645
281 15 1843 258 3489 56 1064 159 2307 71 1241 26 703 245 3332 287 3843 208 2887 224 3081 251 3412 66 1186 11 532 126 1911 173 2467 143 2106
282 15 1904 175 2491 40 879 63 1155 280 3750 113 1749 140 2071 300 3995 79 1347 252 3416 82 1384 296 3947 27 723 24 678 220 3033 289 3867
283 15 1942 230 3152 166 2385 183 2590 135 2014 184 2604 127 1916 82 1382 242 3297 117 1801 37 836 139 2057 199 2784 278 3733 193 2716 116 1788
284 15 2035 193 2713 269 3618 246 3348 195 2732 207 2882 203 2831 63 1156 210 2913 164 2363 31 762 102 1614 212 2935 75 1297 79 1344 295 3940
285 15 1632 139 2059 29 743 99 1581 144 2120 41 883 120 1838 40 880 113 1745 176 2501 227 3114 109 1700 236 3223 194 2722 280 3759 93 1507
286 15 1908 205 2849 110 1717 119 1821 291 3881 292 3894 174 2483 152 2222 39 867 23 668 257 3476 291 3881 136 2023 189 2664 35 809 73 1267
287 15 1781 2 419 54 1037 256 3464 254 3445 79 1341 206 2864 276 3706 42 901 141 2082 87 1441 30 752 277 3713 224 3088 16 582 283 3793
288 15 1558 40 880 29 742 158 2296 296 3951 196 2744 197 2761 11 532 54 1044 98 1567 107 1683 25 698 103 1636 121 1852 275 3698 238 3251
289 15 1292 294 3921 278 3734 116 1786 5 449 144 2127 122 1861 106 1670 218 3016 34 802 25 689 100 1590 2 415 52 1013 32 782 87 1433
290 15 1700 118 1808 90 1474 50 991 183 2591 231 3169 201 2808 143 2113 140 2079 178 2536 287 3844 89 1460 205 2853 71 1249 104 1641 36 829
291 15 1828 86 1428 300 3994 35 815 177 2515 267 3595 64 1165 236 3231 235 3216 31 761 250 3389 219 3026 136 2032 81 1361 111 1731 57 1076
292 15 1897 264 3558 162 2343 162 2342 254 3441 127 1920 254 3445 184 2597 166 2392 134 2005 104 1637 89 1464 71 1245 108 1694 78 1329 215 2969
293 15 1957 285 3811 98 1576 227 3119 123 1868 66 1184 154 2237 198 2772 200 2796 10 511 274 3687 10 516 170 2437 281 3763 296 3952 55 1056
294 15 1656 132 1980 129 1944 53 1032 228 3128 295 3930 269 3619 76 1306 146 2151 166 2389 53 1035 292 3900 13 555 124 1883 74 1279 20 638
295 15 2052 79 1347 98 1566 253 3426 74 1288 157 2278 291 3889 153 2234 98 1575 237 3244 262 3542 115 1771 298 3968 155 2255 245 3336 51 1009
296 15 2016 31 769 161 2328 63 1152 211 2932 122 1864 219 3023 137 2037 39 865 121 1849 297 3963 297 3962 264 3558 125 1900 189 2660 245 3335
297 15 1720 131 1961 46 942 209 2908 183 2596 283 3792 61 1121 91 1490 284 3800 295 3938 293 3915 156 2263 44 925 18 616 5 457 51 1006
298 15 1977 292 3900 61 1132 160 2315 266 3587 98 1566 160 2316 231 3172 173 2465 94 1526 202 2819 229 3145 141 2088 104 1641 246 3351 15 577
299 15 1677 206 2861 143 2112 186 2621 81 1365 165 2372 118 1806 42 903 139 2065 175 2496 5 449 275 3691 207 2884 118 1810 193 2716 44 917
300 15 1722 8 488 2 420 95 1529 11 530 240 3280 231 3161 207 2880 264 3562 242 3300 229 3140 285 3815 25 700 44 926 96 1546 174 2479
301 15 1811 273 3672 190 2672 21 652 240 3271 23 667 162 2341 43 909 294 3920 195 2736 52 1013 152 2218 120 1834 8 485 238 3252 253 3432
302 15 1891 241 3283 174 2485 96 1546 84 1404 101 1603 85 1418 146 2143 218 3006 268 3608 235 3210 89 1460 25 700 280 3754 147 2157 175 2489
303 15 1539 41 883 36 824 45 937 215 2972 229 3142 12 533 290 3873 131 1972 200 2797 206 2872 262 3542 30 750 68 1211 149 2177 10 516
304 15 2060 31 764 102 1622 190 2675 167 2393 186 2621 173 2466 187 2636 240 3276 71 1242 220 3033 284 3800 240 3275 78 1327 179 2547 228 3126
305 15 1378 12 535 8 495 251 3412 243 3315 16 592 92 1496 138 2049 105 1657 106 1662 120 1840 120 1830 91 1486 197 2760 215 2974 9 505
306 15 1828 155 2252 29 740 211 2927 239 3268 16 581 34 799 172 2453 275 3698 157 2276 18 616 61 1125 296 3949 159 2303 178 2534 285 3815
307 15 1865 204 2837 82 1379 237 3239 76 1307 25 695 197 2753 276 3706 95 1531 59 1106 294 3917 205 2851 186 2621 130 1959 4 439 262 3537
308 15 1900 217 2995 12 543 72 1257 136 2023 157 2274 143 2109 35 809 293 3907 257 3481 205 2860 119 1818 201 2811 29 745 243 3311 257 3474
309 15 1752 61 1125 233 3185 241 3285 110 1715 74 1279 220 3035 52 1024 21 645 71 1250 178 2528 95 1539 164 2357 228 3134 257 3478 186 2626
310 15 1854 166 2381 221 3050 290 3872 200 2793 34 797 97 1563 176 2503 195 2733 114 1761 32 781 48 976 278 3726 64 1161 217 2995 186 2627
311 15 1844 35 814 166 2381 74 1281 274 3680 194 2726 80 1358 59 1098 147 2160 14 567 214 2958 258 3487 141 2089 251 3402 129 1940 270 3632
312 15 1868 183 2594 44 919 251 3402 268 3608 292 3894 212 2944 87 1439 123 1867 159 2300 54 1043 155 2256 68 1210 25 697 289 3860 126 1910
313 15 2250 267 3600 198 2769 196 2749 291 3882 277 3721 62 1141 250 3395 274 3683 29 748 181 2568 66 1185 125 1891 20 632 289 3859 288 3846
314 15 1904 276 3707 86 1422 184 2602 146 2144 180 2554 288 3845 133 1990 212 2937 250 3395 148 2169 41 882 19 624 154 2246 86 1421 178 2528
315 15 2064 298 3970 298 3974 38 848 97 1562 97 1562 29 748 288 3850 134 2007 245 3337 261 3532 252 3414 72 1259 145 2133 260 3517 66 1189
316 15 1456 144 2124 205 2856 157 2281 166 2384 228 3133 8 485 227 3115 142 2093 92 1502 14 557 66 1186 137 2040 61 1122 145 2129 28 728
317 15 2021 173 2473 107 1680 119 1828 258 3496 134 2003 204 2847 152 2215 193 2705 271 3645 150 2196 179 2542 275 3690 140 2077 132 1976 40 872
318 15 2723 208 2885 98 1565 196 2750 151 2211 155 2259 286 3824 286 3822 260 3518 286 3832 228 3127 298 3974 85 1411 280 3750 290 3870 297 3959
319 15 1574 19 623 49 987 199 2783 16 581 153 2236 122 1854 9 508 121 1845 11 527 279 3741 182 2581 265 3572 299 3980 43 913 201 2804
320 15 1338 123 1871 23 674 46 949 33 789 223 3074 44 925 41 882 15 569 13 553 286 3831 231 3164 15 569 296 3941 90 1471 194 2724
321 15 1498 49 986 144 2122 62 1142 75 1289 78 1334 281 3766 260 3510 185 2620 39 863 223 3076 122 1854 32 774 23 674 24 687 276 3703
322 15 1333 47 963 89 1463 177 2517 97 1558 34 801 23 668 277 3722 190 2671 17 598 86 1428 26 705 69 1226 299 3988 55 1055 181 2562
323 15 2283 19 623 126 1912 268 3606 203 2831 139 2058 289 3865 72 1261 243 3310 164 2357 150 2191 281 3769 207 2873 230 3155 216 2987 247 3360
324 15 2085 275 3691 276 3707 14 568 290 3873 153 2236 149 2183 254 3445 99 1577 235 3209 268 3611 117 1802 80 1357 110 1715 244 3318 43 906
325 15 1647 123 1866 107 1684 152 2217 82 1379 6 463 196 2748 29 742 115 1771 228 3127 107 1682 258 3496 170 2429 290 3874 147 2160 49 977
326 15 1617 144 2117 29 737 135 2018 147 2153 4 445 6 465 199 2777 13 546 296 3952 155 2259 71 1250 120 1831 164 2360 256 3461 283 3792
327 15 1900 184 2602 240 3270 195 2739 95 1531 81 1367 288 3849 147 2162 36 826 103 1628 48 969 266 3590 279 3741 163 2350 205 2853 46 951
328 15 2064 165 2376 189 2661 211 2931 26 705 92 1493 249 3383 204 2845 145 2132 127 1924 294 3918 112 1736 159 2306 81 1369 242 3301 285 3818
329 15 1736 272 3661 33 790 230 3158 16 585 130 1949 91 1486 166 2389 8 495 47 961 212 2942 231 3168 119 1826 147 2160 247 3355 222 3064
330 15 1468 33 790 17 603 209 2900 16 587 3 434 117 1797 26 705 100 1596 232 3174 186 2632 188 2651 273 3673 208 2888 48 973 179 2540
331 15 1551 14 563 291 3883 7 481 7 481 193 2715 157 2283 95 1532 174 2486 220 3037 205 2856 72 1261 61 1128 290 3878 44 917 109 1705
332 15 1486 228 3132 162 2344 272 3656 84 1397 35 812 173 2469 89 1462 256 3464 12 544 97 1555 121 1846 81 1363 50 990 55 1058 143 2113
333 15 1601 33 787 69 1223 259 3498 286 3826 79 1342 102 1624 213 2945 1 401 282 3774 4 438 154 2248 84 1400 236 3223 163 2346 37 838
334 15 1995 165 2377 57 1075 80 1349 284 3805 158 2286 61 1127 209 2905 271 3646 240 3274 282 3782 45 931 25 693 208 2886 293 3907 116 1783
335 15 1632 291 3891 145 2134 189 2665 251 3406 47 955 293 3909 61 1129 48 965 88 1450 116 1783 246 3352 124 1885 9 508 99 1580 34 798
336 15 1760 53 1036 82 1383 229 3148 134 2000 118 1806 55 1056 69 1223 298 3968 116 1782 160 2309 217 3000 75 1290 271 3642 121 1847 202 2820
337 15 1568 73 1268 153 2232 174 2478 72 1260 280 3754 15 574 141 2084 198 2773 14 560 170 2432 268 3616 7 477 160 2314 114 1758 121 1841
338 15 1754 214 2963 194 2717 160 2310 125 1896 245 3333 207 2883 141 2084 288 3845 34 799 14 561 43 912 237 3239 44 923 136 2029 111 1722
339 15 2021 269 3619 127 1923 188 2651 66 1188 141 2082 178 2527 253 3429 230 3150 80 1349 119 1823 215 2979 46 951 232 3182 232 3181 151 2208
340 15 1898 193 2716 51 1012 239 3261 187 2640 154 2238 98 1576 219 3018 253 3427 241 3292 290 3876 199 2787 9 505 56 1068 24 681 160 2314
341 15 1782 177 2520 60 1117 62 1137 111 1725 44 919 262 3540 205 2857 33 794 52 1019 284 3804 150 2195 247 3355 298 3966 206 2861 37 833
342 15 1749 214 2959 52 1013 31 764 89 1459 271 3647 124 1882 21 651 186 2631 33 795 159 2303 223 3074 223 3075 265 3577 118 1816 178 2532
343 15 1747 53 1032 230 3155 256 3468 231 3165 298 3965 42 900 233 3189 186 2630 10 509 101 1607 155 2255 168 2415 157 2278 16 585 48 971
344 15 1157 54 1045 100 1589 71 1243 98 1566 100 1600 160 2319 285 3820 34 805 114 1765 7 477 25 696 43 913 153 2234 115 1770 88 1448
345 15 1612 45 937 43 916 212 2936 136 2025 275 3698 21 646 148 2167 32 778 187 2643 147 2157 45 938 111 1729 178 2527 230 3155 205 2850
346 15 1976 294 3923 109 1700 198 2772 158 2290 24 688 277 3721 169 2427 73 1266 247 3359 119 1819 251 3404 160 2316 96 1550 39 864 257 3481
347 15 1639 196 2746 159 2299 91 1484 113 1754 150 2195 133 1990 258 3485 72 1253 177 2516 153 2230 274 3678 188 2656 61 1123 11 525 13 547
348 15 1932 187 2636 194 2725 26 707 225 3093 141 2091 1 402 34 808 227 3121 247 3363 300 3995 148 2166 298 3974 225 3096 3 427 160 2316
349 15 1658 42 900 44 917 108 1696 54 1040 54 1045 117 1794 39 862 107 1676 174 2482 249 3385 279 3744 179 2545 276 3709 147 2158 204 2839
350 15 2084 298 3971 291 3890 171 2451 244 3317 69 1224 173 2476 146 2144 227 3118 47 963 159 2298 179 2538 217 2994 240 3276 102 1618 42 894
351 15 1874 273 3670 130 1954 247 3363 265 3580 286 3823 241 3282 79 1346 148 2169 23 665 91 1484 60 1119 62 1144 173 2476 251 3410 14 561
352 15 1922 182 2583 267 3594 112 1739 267 3601 191 2682 264 3558 43 908 58 1088 220 3031 54 1044 236 3222 19 628 154 2247 82 1373 254 3446
353 15 1466 5 453 17 603 56 1061 202 2824 227 3119 109 1706 112 1744 117 1796 148 2165 150 2199 185 2615 151 2202 115 1776 158 2286 81 1371
354 15 1904 88 1446 67 1196 119 1817 289 3867 111 1728 75 1291 248 3367 282 3780 149 2185 262 3533 40 878 139 2065 288 3856 98 1574 125 1891
355 15 1655 219 3017 265 3569 156 2270 137 2040 107 1684 65 1180 184 2606 216 2989 44 917 56 1068 100 1596 132 1982 206 2868 47 961 135 2018
356 15 1710 86 1432 268 3605 155 2252 229 3145 132 1976 94 1520 70 1230 275 3690 19 620 6 472 76 1311 287 3839 233 3187 77 1315 131 1965
357 15 1936 173 2475 13 556 269 3623 86 1421 49 985 251 3408 194 2726 177 2513 150 2192 186 2627 166 2384 202 2820 129 1947 76 1302 299 3978
358 15 1345 232 3182 144 2120 104 1648 243 3305 60 1118 72 1255 71 1250 206 2864 23 673 42 904 117 1801 57 1076 111 1721 156 2261 44 925
359 15 1610 191 2687 53 1030 233 3196 170 2430 88 1446 126 1906 103 1631 150 2192 147 2159 273 3665 32 773 51 1001 254 3447 71 1252 71 1246
360 15 1500 68 1211 40 880 179 2543 168 2416 33 794 62 1135 101 1601 136 2030 127 1919 199 2782 41 881 22 653 295 3935 264 3562 140 2075
361 15 2029 177 2521 99 1580 211 2931 74 1284 98 1568 222 3056 76 1309 189 2662 105 1656 223 3067 261 3530 63 1150 211 2928 288 3846 240 3271
362 15 1600 202 2814 50 998 121 1846 163 2349 25 698 220 3033 24 682 215 2979 149 2177 107 1677 138 2050 235 3213 15 578 300 3995 36 821
363 15 1997 39 863 28 730 192 2697 252 3423 83 1392 162 2335 288 3853 212 2939 293 3910 17 593 218 3013 283 3787 5 457 190 2679 235 3218
364 15 1840 292 3901 172 2458 28 733 193 2713 276 3712 114 1761 168 2411 55 1060 250 3393 181 2567 234 3197 207 2875 51 1009 49 987 31 761
365 15 2214 56 1066 18 612 211 2922 241 3286 254 3438 180 2550 290 3873 248 3375 92 1499 232 3179 196 2751 261 3525 253 3435 86 1423 150 2198
366 15 1703 94 1524 183 2587 130 1958 122 1854 283 3787 216 2989 243 3308 8 490 77 1313 141 2082 192 2694 89 1460 163 2352 94 1520 94 1520
367 15 2163 67 1201 242 3294 278 3735 254 3439 297 3964 98 1566 256 3462 159 2302 15 579 220 3039 37 843 196 2751 169 2421 249 3377 167 2398
368 15 1476 93 1515 67 1193 62 1141 277 3719 20 630 180 2551 6 472 10 516 173 2470 300 3997 96 1541 123 1871 139 2058 248 3365 51 1008
369 15 1685 278 3732 291 3881 173 2475 115 1777 56 1061 103 1630 20 637 202 2819 84 1406 135 2019 28 731 132 1973 266 3592 36 829 188 2649
370 15 1856 103 1625 5 453 225 3100 278 3735 93 1506 49 978 186 2631 79 1343 188 2652 149 2179 276 3706 152 2224 285 3820 82 1373 170 2432
371 15 1924 165 2370 293 3906 122 1861 248 3376 51 1007 255 3452 42 895 105 1649 251 3404 68 1211 138 2053 118 1810 136 2031 152 2223 261 3525
372 15 1590 159 2308 161 2323 284 3805 147 2157 96 1541 89 1463 132 1981 30 759 240 3277 29 742 61 1129 172 2454 80 1350 98 1572 210 2914
373 15 1736 49 977 180 2560 113 1745 243 3311 281 3761 167 2403 2 415 9 504 179 2538 12 540 178 2529 207 2879 297 3961 34 801 220 3034
374 15 1792 88 1455 296 3948 171 2445 150 2197 142 2101 47 963 213 2946 294 3924 97 1563 221 3044 46 950 84 1403 17 598 200 2797 174 2483
375 15 1647 180 2556 149 2184 7 481 42 897 17 593 161 2325 269 3626 165 2377 114 1768 114 1758 213 2947 162 2342 26 712 246 3341 194 2722
376 15 1608 236 3222 106 1663 285 3815 36 828 110 1715 27 724 50 999 206 2868 23 674 52 1021 278 3734 215 2979 58 1091 279 3740 50 994
377 15 1504 43 912 64 1168 141 2082 135 2018 94 1524 300 3995 226 3108 160 2318 52 1017 21 649 19 627 280 3749 245 3338 86 1426 15 580
378 15 1437 173 2473 171 2445 71 1249 129 1939 16 589 97 1564 241 3284 300 3995 79 1347 110 1712 12 541 37 836 205 2858 145 2137 11 523
379 15 1334 102 1616 175 2499 1 409 72 1254 230 3151 143 2114 36 832 295 3931 21 644 19 624 80 1350 31 767 178 2533 63 1155 222 3064
380 15 2385 261 3524 149 2187 89 1458 229 3144 284 3798 234 3205 261 3526 236 3227 121 1851 137 2042 182 2577 147 2158 126 1911 288 3846 238 3252
381 15 1744 43 905 206 2861 126 1908 9 501 172 2462 173 2476 117 1804 21 649 198 2771 190 2670 208 2892 155 2251 85 1414 195 2732 283 3790
382 15 1684 186 2628 90 1480 145 2140 233 3193 150 2199 75 1293 29 748 257 3473 116 1790 14 567 61 1124 258 3487 262 3534 44 927 186 2627
383 15 1420 244 3318 13 551 217 2994 201 2812 47 961 28 733 12 536 237 3243 29 747 54 1039 77 1314 284 3808 81 1362 144 2122 108 1689
384 15 2195 283 3792 293 3912 92 1494 53 1036 232 3177 249 3379 80 1350 213 2953 64 1163 29 737 242 3298 268 3606 252 3422 174 2482 220 3037
385 15 1772 246 3348 35 813 68 1215 131 1969 121 1846 127 1918 268 3606 285 3814 97 1555 116 1786 268 3606 21 651 62 1134 227 3121 143 2116
386 15 1648 43 909 81 1365 192 2704 68 1208 138 2047 136 2022 100 1599 269 3617 197 2763 12 534 230 3151 171 2444 127 1922 285 3814 12 539
387 15 2004 263 3546 17 595 161 2322 156 2262 138 2052 72 1256 244 3326 13 555 232 3177 274 3686 271 3652 63 1145 163 2347 238 3253 200 2792
388 15 1807 156 2265 67 1200 226 3103 25 695 125 1893 280 3758 209 2897 268 3609 195 2736 125 1891 24 688 23 665 228 3126 291 3891 17 596
389 15 2052 151 2204 262 3535 139 2063 270 3638 171 2445 165 2371 184 2599 253 3433 152 2221 190 2677 52 1021 105 1657 168 2413 130 1952 174 2485
390 15 1604 49 983 2 415 121 1842 131 1965 198 2773 264 3565 65 1171 5 454 117 1802 145 2132 250 3397 296 3946 58 1092 155 2257 150 2199
391 15 1446 114 1757 63 1149 135 2016 157 2279 33 794 149 2188 89 1465 23 676 209 2906 201 2805 49 978 81 1369 192 2696 42 898 271 3651
392 15 1516 38 847 174 2479 210 2917 276 3709 106 1667 72 1259 202 2824 81 1364 130 1954 227 3114 172 2460 13 548 138 2049 55 1053 1 405
393 15 1745 41 889 47 953 61 1132 150 2197 172 2453 31 767 190 2672 151 2207 218 3015 229 3148 97 1557 249 3380 289 3863 201 2806 56 1069
394 15 1968 295 3940 38 853 11 531 191 2688 280 3755 163 2345 132 1977 52 1016 214 2960 297 3961 74 1277 250 3396 243 3307 30 759 190 2680
395 15 1698 70 1233 289 3857 137 2038 77 1323 189 2666 121 1842 199 2779 50 989 53 1034 241 3285 66 1189 10 517 135 2015 267 3600 219 3022
396 15 1301 104 1637 82 1379 144 2120 252 3424 7 478 116 1789 48 965 97 1559 241 3287 180 2555 84 1406 40 873 195 2729 36 831 1 404
397 15 1745 231 3168 264 3561 164 2362 84 1404 300 3999 5 449 167 2398 11 526 50 997 87 1440 155 2260 113 1753 263 3556 19 625 269 3627
398 15 1628 182 2573 275 3697 169 2426 181 2565 111 1731 109 1703 25 698 19 622 213 2956 57 1081 133 1987 200 2793 26 705 261 3525 75 1298
399 15 2042 149 2180 215 2980 134 2007 284 3797 73 1268 224 3079 154 2243 156 2267 279 3742 3 428 105 1649 137 2037 207 2882 229 3143 204 2839
400 15 1532 256 3468 176 2508 167 2401 298 3973 113 1748 103 1632 51 1007 260 3513 12 533 14 557 18 616 31 766 1 403 268 3610 147 2163
401 15 1384 193 2707 4 440 269 3622 64 1162 48 970 155 2251 151 2203 59 1097 181 2570 66 1181 167 2402 47 959 132 1977 21 651 173 2471
402 15 2000 108 1686 291 3891 290 3876 209 2900 238 3245 103 1629 292 3902 91 1484 209 2900 250 3394 45 939 5 450 105 1653 156 2268 109 1700
403 15 1779 68 1208 51 1011 245 3333 251 3408 288 3851 201 2804 15 576 256 3469 3 432 10 512 282 3783 85 1416 54 1037 283 3785 132 1980
404 15 1212 29 748 102 1617 36 822 228 3136 138 2053 164 2368 60 1114 105 1653 13 550 143 2108 31 766 81 1367 23 672 69 1221 293 3912
405 15 1921 147 2157 41 884 94 1525 186 2629 293 3911 259 3502 130 1952 173 2473 294 3928 12 541 222 3061 286 3823 85 1420 112 1740 68 1211
406 15 1667 52 1022 179 2546 81 1363 269 3623 23 665 234 3199 83 1396 123 1874 59 1108 183 2590 246 3347 84 1404 290 3874 53 1027 125 1894
407 15 1999 253 3428 167 2401 145 2134 147 2164 184 2601 270 3633 111 1730 265 3579 106 1669 263 3550 144 2122 158 2289 40 873 21 642 225 3091
408 15 2154 199 2785 247 3361 243 3315 158 2294 20 638 298 3975 283 3791 83 1388 299 3985 10 510 271 3646 185 2613 260 3513 60 1113 77 1320
409 15 1981 53 1026 260 3514 284 3798 151 2212 195 2740 141 2083 235 3211 138 2054 205 2858 171 2445 260 3520 43 914 110 1714 92 1502 139 2059
410 15 1877 292 3895 78 1335 148 2175 2 414 225 3091 236 3225 107 1679 270 3639 42 901 229 3140 98 1572 204 2838 75 1289 229 3141 112 1734
411 15 1896 47 958 255 3450 40 877 47 956 159 2300 264 3558 247 3355 191 2687 46 951 80 1351 270 3629 114 1765 105 1656 291 3881 215 2973
412 15 1835 144 2120 170 2433 108 1686 145 2130 157 2281 125 1900 217 2999 271 3648 227 3117 11 524 293 3916 211 2922 92 1493 43 909 80 1352
413 15 2020 114 1767 277 3723 213 2945 213 2956 270 3638 161 2322 182 2581 124 1888 46 941 9 504 123 1875 139 2066 247 3356 238 3249 169 2423
414 15 2144 93 1513 199 2785 269 3618 254 3439 144 2124 71 1249 168 2414 269 3625 61 1131 122 1860 179 2541 118 1814 291 3881 212 2944 230 3150
415 15 1809 155 2254 29 748 253 3434 235 3213 31 763 76 1307 250 3390 276 3710 207 2873 238 3245 100 1598 227 3121 26 712 18 611 141 2085
416 15 2270 289 3860 235 3220 177 2516 234 3206 62 1133 280 3749 70 1240 267 3597 108 1690 219 3022 171 2443 299 3987 114 1762 59 1102 254 3439
417 15 1806 42 901 245 3333 207 2873 242 3296 255 3458 41 884 4 445 83 1389 140 2071 151 2205 189 2658 265 3576 64 1159 157 2276 173 2465
418 15 1761 129 1948 81 1371 11 530 299 3984 148 2171 214 2957 280 3752 280 3755 231 3162 120 1840 196 2747 24 688 29 746 129 1945 31 772
419 15 1528 15 570 73 1268 210 2920 207 2874 184 2604 85 1416 191 2682 216 2991 36 824 174 2480 212 2938 172 2457 7 474 36 832 93 1514
420 15 1892 104 1638 253 3426 240 3278 28 727 140 2075 11 524 141 2091 225 3091 237 3239 80 1356 107 1676 215 2972 300 3999 241 3283 44 927
421 15 1674 63 1146 160 2318 67 1193 36 830 119 1824 245 3336 83 1387 1 404 23 676 246 3349 288 3849 191 2690 199 2780 97 1562 275 3700
422 15 1492 101 1606 2 415 70 1230 82 1374 92 1502 258 3486 16 588 114 1765 71 1243 122 1858 239 3260 221 3045 66 1191 172 2464 239 3261
423 15 1088 46 944 5 450 143 2113 104 1647 60 1117 60 1113 18 614 80 1355 7 476 198 2767 211 2929 277 3722 40 870 42 904 70 1229
424 15 1879 7 479 290 3870 294 3928 194 2719 41 887 133 1991 89 1468 136 2022 244 3318 207 2879 18 614 153 2227 214 2957 245 3336 84 1401
425 15 2003 124 1886 159 2297 30 755 256 3463 201 2812 132 1974 227 3120 70 1232 261 3521 115 1778 299 3984 264 3568 141 2083 29 745 196 2745
426 15 1700 123 1872 127 1918 278 3729 185 2617 192 2698 99 1581 151 2211 68 1207 119 1820 180 2549 199 2787 51 1011 216 2983 135 2019 2 420
427 15 1656 139 2067 134 2006 264 3560 216 2992 14 558 43 907 130 1952 64 1157 114 1765 171 2441 207 2882 219 3023 31 767 91 1486 233 3189
428 15 2118 296 3943 149 2188 296 3947 185 2609 206 2861 92 1500 142 2094 21 651 270 3634 201 2810 26 705 184 2603 249 3380 217 2997 114 1764
429 15 1889 81 1363 69 1217 287 3840 188 2651 4 441 298 3975 135 2018 215 2973 77 1313 34 799 279 3739 161 2328 218 3015 293 3912 23 666
430 15 1969 144 2125 117 1798 213 2955 191 2683 54 1046 253 3433 276 3707 5 452 260 3518 246 3346 146 2146 153 2235 262 3533 26 712 116 1792
431 15 1924 35 819 215 2971 61 1126 297 3961 288 3853 23 665 140 2077 232 3173 240 3280 202 2816 276 3705 80 1354 22 656 201 2806 94 1522
432 15 1628 120 1839 233 3187 189 2662 74 1288 19 622 232 3177 250 3391 161 2329 49 980 138 2049 51 1003 7 477 83 1390 242 3301 188 2652
433 15 1728 97 1561 81 1362 92 1495 287 3833 60 1119 214 2962 300 3997 246 3342 46 942 74 1282 82 1379 190 2670 109 1702 30 751 253 3428
434 15 2096 29 745 260 3513 207 2877 104 1638 233 3185 47 964 288 3846 247 3360 178 2529 276 3701 271 3643 103 1634 108 1691 71 1242 199 2786
435 15 1842 268 3613 291 3888 146 2147 123 1875 185 2618 217 2995 134 2001 92 1504 211 2924 231 3171 42 900 40 877 171 2444 18 614 134 1998
436 15 2013 189 2662 267 3601 156 2263 240 3269 153 2230 95 1529 167 2395 206 2869 75 1294 99 1587 237 3237 96 1547 21 652 254 3442 262 3533
437 15 2095 156 2261 232 3173 165 2373 270 3637 55 1058 254 3446 161 2321 72 1264 270 3633 200 2800 164 2358 177 2519 149 2182 255 3457 39 867
438 15 1531 49 979 170 2436 9 497 136 2024 153 2236 45 933 53 1028 281 3766 68 1211 155 2253 157 2284 257 3474 97 1560 266 3588 18 605
439 15 1627 295 3935 202 2814 276 3707 38 852 32 784 5 460 176 2502 8 492 199 2779 115 1780 265 3577 6 462 33 786 290 3875 94 1528
440 15 1696 57 1084 274 3678 224 3080 85 1414 164 2368 102 1623 105 1659 117 1794 202 2816 74 1285 124 1888 220 3033 246 3350 17 604 110 1714
441 15 1471 47 954 267 3604 78 1330 51 1008 198 2769 243 3314 127 1920 49 988 30 750 237 3239 60 1120 227 3124 68 1207 83 1395 74 1287
442 15 1879 281 3762 169 2419 237 3242 239 3264 182 2574 21 651 78 1329 189 2662 7 483 68 1205 237 3242 114 1757 66 1184 274 3685 187 2637
443 15 1652 100 1590 112 1740 272 3661 125 1894 171 2449 51 1005 136 2027 1 412 255 3457 25 697 134 2003 230 3150 213 2950 59 1106 181 2561
444 15 2465 271 3641 211 2924 195 2734 90 1471 293 3911 269 3617 267 3593 183 2586 52 1015 294 3920 257 3478 183 2586 168 2414 179 2542 170 2438
445 15 1864 158 2296 203 2825 21 651 210 2910 167 2396 106 1664 98 1573 300 3998 9 506 102 1622 120 1829 166 2388 181 2562 214 2961 276 3707
446 15 1422 62 1138 255 3456 60 1115 96 1543 73 1274 131 1965 280 3749 252 3414 5 457 19 624 123 1874 21 646 191 2685 100 1600 110 1718
447 15 1240 219 3020 64 1159 169 2419 168 2416 48 968 56 1066 49 984 215 2970 87 1435 75 1292 76 1309 52 1014 170 2434 59 1102 43 911
448 15 1926 7 474 279 3747 235 3214 162 2337 37 835 284 3799 42 894 265 3572 129 1942 229 3144 57 1075 62 1141 210 2911 186 2624 224 3079
449 15 1687 33 787 284 3804 59 1106 36 829 22 659 30 758 253 3436 43 911 252 3414 272 3657 164 2364 99 1588 232 3181 95 1540 235 3211
450 15 1727 172 2453 193 2705 194 2719 185 2610 255 3459 160 2313 213 2947 185 2613 170 2431 60 1114 91 1484 7 484 58 1091 55 1059 161 2332
451 15 1881 275 3693 266 3587 284 3802 130 1958 170 2430 19 622 46 941 35 809 168 2406 98 1570 299 3983 46 949 99 1588 121 1842 296 3947
452 15 2067 225 3094 46 949 162 2342 166 2387 249 3377 198 2773 219 3020 84 1398 159 2307 296 3941 197 2756 69 1224 251 3402 198 2770 65 1177
453 15 1784 6 470 297 3962 187 2638 38 852 6 462 182 2579 270 3630 268 3605 61 1128 4 437 266 3585 218 3005 103 1630 85 1415 240 3273
454 15 1539 50 1000 21 643 56 1066 278 3730 288 3846 204 2843 34 803 85 1417 31 768 185 2612 73 1272 61 1132 208 2893 116 1789 234 3198
455 15 2064 282 3783 107 1681 124 1882 112 1737 180 2554 25 689 155 2257 131 1970 226 3102 261 3522 211 2927 226 3111 223 3065 215 2975 103 1628
456 15 1317 1 410 290 3873 6 468 75 1291 123 1876 124 1885 98 1574 34 802 230 3156 123 1874 259 3499 66 1187 136 2021 55 1060 27 715
457 15 1893 119 1818 7 476 102 1620 82 1380 39 862 162 2336 133 1994 282 3778 143 2111 293 3916 101 1602 110 1711 239 3261 258 3495 297 3960
458 15 1304 240 3271 26 701 175 2500 256 3464 67 1193 2 420 53 1035 3 431 88 1447 120 1840 66 1189 112 1743 40 869 208 2890 174 2479
459 15 1782 129 1943 247 3360 150 2200 77 1318 45 932 23 670 23 666 253 3432 192 2702 300 4000 83 1396 84 1403 144 2127 276 3703 202 2821
460 15 1247 28 731 20 632 7 478 111 1730 224 3088 145 2134 164 2367 43 907 282 3777 210 2914 156 2269 41 881 19 624 36 832 73 1266
461 15 1729 192 2697 266 3588 114 1767 250 3390 26 705 251 3411 5 455 54 1042 94 1517 187 2642 27 723 163 2356 284 3805 91 1487 158 2295
462 15 1440 237 3236 252 3422 43 915 27 720 39 868 61 1129 229 3138 151 2211 178 2527 38 847 145 2136 26 705 270 3636 45 939 60 1116
463 15 2193 146 2142 188 2651 226 3103 270 3635 138 2049 205 2860 265 3580 104 1641 74 1283 185 2612 62 1138 263 3546 189 2662 182 2573 245 3333
464 15 1444 7 474 105 1656 234 3206 172 2459 253 3434 201 2804 56 1064 13 548 236 3223 142 2097 66 1183 42 897 84 1404 191 2681 3 429
465 15 1855 226 3106 39 864 76 1312 84 1408 269 3620 183 2592 133 1993 300 3990 230 3158 285 3809 124 1878 9 498 97 1564 210 2914 54 1038
466 15 1860 117 1803 288 3847 154 2246 153 2235 268 3612 64 1158 182 2584 59 1106 132 1973 212 2944 209 2898 38 851 274 3686 162 2333 14 562
467 15 1709 18 608 82 1382 233 3185 134 2000 188 2647 183 2590 158 2288 233 3194 98 1573 277 3717 90 1470 20 639 155 2260 244 3325 24 680
468 15 1630 23 673 117 1799 93 1508 141 2092 22 661 47 964 124 1886 186 2625 259 3497 167 2403 139 2058 228 3134 114 1758 221 3045 157 2273
469 15 1218 46 952 49 988 142 2101 148 2175 112 1743 54 1038 124 1882 109 1702 131 1972 140 2079 132 1982 56 1072 196 2747 13 550 71 1241
470 15 1926 45 931 63 1150 83 1389 202 2819 258 3486 293 3908 173 2472 64 1163 175 2491 114 1757 30 754 268 3616 194 2717 153 2228 293 3912
471 15 1975 183 2590 199 2785 13 546 174 2480 160 2316 179 2540 292 3895 290 3873 225 3097 24 683 78 1328 198 2768 137 2033 242 3296 75 1289
472 15 1579 150 2189 29 742 23 667 37 844 21 648 100 1590 87 1435 279 3740 70 1237 134 2001 277 3719 259 3504 113 1756 256 3465 139 2062
473 15 1597 35 812 28 736 75 1294 162 2341 125 1900 126 1911 199 2787 31 770 207 2883 205 2853 117 1804 91 1487 132 1981 229 3147 235 3213
474 15 1655 83 1387 268 3615 292 3902 88 1450 224 3080 118 1815 23 669 124 1884 286 3832 181 2563 19 624 30 760 271 3647 15 577 47 957
475 15 1561 176 2509 8 494 99 1581 8 493 144 2124 10 519 243 3307 49 982 159 2299 59 1102 296 3948 14 562 151 2203 251 3409 285 3815
476 15 2067 137 2042 233 3185 16 590 148 2171 271 3650 38 854 247 3359 110 1717 281 3769 6 466 267 3598 237 3233 293 3915 82 1375 218 3007
477 15 1888 276 3705 5 460 210 2915 76 1307 110 1717 289 3858 295 3939 23 672 190 2674 208 2886 128 1925 271 3652 159 2299 79 1348 42 902
478 15 1958 133 1994 230 3150 136 2029 294 3920 246 3350 65 1174 227 3117 63 1151 166 2391 83 1387 165 2370 257 3484 19 619 84 1399 280 3759
479 15 1615 249 3386 126 1901 103 1630 233 3196 44 924 256 3472 211 2923 63 1146 113 1746 95 1530 61 1123 110 1720 109 1699 180 2552 66 1185
480 15 1912 24 687 178 2536 76 1311 77 1313 151 2202 259 3502 218 3005 270 3638 246 3342 109 1703 138 2055 244 3326 82 1376 158 2294 161 2330
481 15 1763 241 3285 31 764 257 3477 21 645 84 1398 113 1752 133 1988 273 3667 26 708 214 2967 211 2930 194 2728 150 2192 191 2685 65 1173
482 15 1745 65 1176 229 3137 276 3708 62 1137 248 3366 56 1072 38 854 71 1244 201 2811 91 1486 272 3658 150 2190 183 2596 4 442 236 3232
483 15 1704 214 2957 53 1033 24 683 51 1010 259 3503 135 2011 240 3275 171 2444 230 3157 79 1345 166 2387 148 2168 101 1604 137 2038 122 1864
484 15 1457 200 2795 23 669 262 3540 210 2909 90 1476 254 3446 3 426 102 1620 202 2823 27 719 148 2173 77 1315 78 1332 141 2082 5 452
485 15 1890 280 3759 37 835 175 2491 53 1034 263 3550 250 3399 180 2558 212 2940 300 4000 47 959 187 2638 195 2730 36 829 43 913 105 1660
486 15 1548 56 1065 96 1544 232 3184 156 2272 40 873 22 657 103 1634 194 2717 43 911 119 1823 177 2520 168 2409 251 3406 235 3216 44 922
487 15 1993 161 2323 132 1979 135 2016 268 3616 278 3725 96 1546 23 673 197 2763 157 2275 280 3751 131 1969 63 1155 240 3272 130 1952 201 2810
488 15 1872 185 2612 179 2544 167 2395 44 922 161 2332 251 3410 156 2264 234 3198 291 3881 132 1982 12 543 184 2606 53 1030 129 1940 163 2354
489 15 1633 108 1686 66 1189 74 1284 149 2182 180 2553 250 3396 174 2478 57 1075 149 2177 219 3023 25 699 254 3439 219 3021 81 1369 37 833
490 15 1218 198 2773 61 1132 281 3761 29 740 62 1133 91 1483 19 623 22 664 200 2797 89 1466 237 3237 10 518 11 529 117 1798 96 1545
491 15 1757 223 3068 53 1028 228 3127 216 2992 176 2503 5 453 185 2613 20 637 124 1886 16 586 282 3779 134 2008 191 2688 229 3137 115 1770
492 15 2040 131 1963 258 3490 154 2241 224 3082 94 1526 121 1845 69 1225 121 1844 244 3326 161 2328 135 2013 251 3402 245 3336 109 1701 234 3199
493 15 1832 132 1973 66 1189 248 3368 195 2734 213 2953 70 1234 85 1418 145 2135 221 3044 159 2299 80 1351 232 3175 288 3849 115 1776 42 896
494 15 2287 144 2125 233 3187 291 3882 62 1137 249 3381 227 3123 250 3392 148 2171 191 2688 149 2184 110 1718 253 3430 262 3533 177 2523 113 1747
495 15 1848 164 2368 19 620 179 2538 221 3041 148 2173 171 2442 211 2932 23 673 122 1856 152 2213 250 3391 254 3437 29 740 259 3502 108 1690
496 15 1644 193 2716 12 534 288 3853 149 2181 183 2586 226 3103 35 817 59 1108 114 1757 8 491 218 3010 16 581 37 839 280 3750 238 3245
497 15 1628 288 3853 79 1342 84 1400 209 2897 62 1142 270 3631 67 1193 114 1758 177 2513 181 2568 166 2386 139 2063 55 1054 102 1618 43 908
498 15 1349 5 453 139 2057 101 1605 61 1126 12 533 91 1492 276 3711 41 888 112 1734 181 2561 53 1025 33 786 295 3934 157 2280 130 1960
499 15 1319 68 1207 137 2044 120 1834 125 1892 65 1169 248 3376 124 1880 173 2472 24 688 22 662 81 1363 125 1896 83 1392 76 1301 178 2530
500 15 2283 162 2341 21 641 271 3645 114 1766 273 3667 75 1297 258 3487 76 1302 276 3706 272 3654 159 2302 217 3002 264 3567 289 3860 127 1917
