1 22 2068 44 917 1 405 52 1018 136 2026 243 3309 12 534 179 2540 251 3401 33 791 78 1330 65 1178 89 1461 176 2507 36 831 181 2565 73 1271 19 618 171 2445 257 3481 137 2044 81 1368 271 3644
2 22 2508 185 2619 294 3917 170 2435 9 505 27 718 9 501 233 3193 164 2368 155 2249 198 2774 141 2090 220 3029 60 1120 146 2147 183 2595 27 721 121 1844 163 2354 27 718 240 3280 211 2927 152 2221
3 22 2608 207 2883 10 514 197 2763 281 3768 156 2270 100 1600 39 867 9 508 256 3467 202 2814 51 1010 172 2456 165 2372 105 1660 57 1080 181 2564 294 3919 192 2703 237 3244 50 998 281 3770 18 611
4 22 2872 249 3384 21 650 106 1671 88 1455 197 2754 223 3066 49 984 264 3557 159 2307 71 1243 59 1108 203 2828 103 1629 90 1471 257 3475 165 2376 283 3795 189 2661 287 3833 287 3839 64 1167 177 2514
5 22 2594 161 2326 250 3396 60 1114 65 1175 286 3823 129 1937 178 2530 21 641 104 1642 22 657 81 1371 195 2737 191 2681 213 2948 211 2922 75 1293 26 710 289 3864 144 2117 182 2583 223 3073 137 2034
6 22 2840 226 3102 208 2887 92 1504 213 2947 244 3324 14 566 135 2011 223 3075 46 947 42 896 163 2352 208 2892 234 3208 140 2076 261 3521 217 3000 162 2338 100 1596 60 1112 186 2632 105 1660 272 3656
7 22 2481 53 1029 231 3165 33 786 99 1586 42 893 142 2096 172 2456 92 1496 205 2855 246 3345 222 3064 31 765 285 3817 200 2797 15 570 97 1558 295 3933 114 1765 239 3262 66 1188 30 760 193 2712
8 22 3183 79 1338 280 3757 151 2209 94 1526 279 3739 278 3735 155 2257 132 1973 202 2819 192 2696 283 3796 290 3876 63 1146 61 1125 173 2470 241 3281 231 3170 233 3186 220 3029 21 645 252 3420 69 1219
9 22 2553 146 2142 31 766 233 3193 232 3180 42 895 266 3589 232 3181 272 3659 29 746 260 3517 192 2699 123 1872 166 2390 56 1062 78 1335 124 1882 49 977 189 2660 49 982 227 3115 81 1364 115 1773
10 22 2832 238 3246 239 3265 182 2577 20 632 30 756 143 2113 57 1076 272 3654 168 2407 235 3220 191 2682 208 2890 143 2110 262 3536 120 1836 231 3167 40 873 220 3039 231 3171 176 2509 19 626 115 1779
11 22 2542 80 1355 38 848 192 2693 137 2033 80 1349 239 3265 85 1418 131 1963 203 2831 13 556 267 3602 194 2721 159 2300 276 3707 70 1234 191 2684 194 2725 264 3557 98 1566 17 601 198 2774 52 1013
12 22 2946 173 2474 243 3310 198 2766 73 1271 103 1634 35 810 180 2554 151 2205 259 3506 294 3928 226 3102 193 2709 256 3470 176 2509 93 1510 210 2912 248 3371 142 2096 113 1749 129 1947 103 1627 85 1409
13 22 2944 51 1001 174 2482 280 3758 59 1098 297 3963 212 2935 80 1353 156 2262 120 1831 151 2210 291 3892 294 3927 138 2045 298 3972 56 1065 274 3679 263 3549 166 2390 127 1921 56 1064 70 1235 68 1213
14 22 2480 139 2067 67 1201 131 1961 284 3797 66 1184 233 3195 123 1867 74 1280 283 3792 23 668 273 3670 96 1546 199 2786 275 3700 258 3491 50 996 24 688 91 1481 116 1791 211 2922 30 749 55 1059
15 22 2402 154 2238 85 1409 248 3369 114 1761 190 2671 162 2340 253 3427 138 2053 278 3730 107 1673 3 436 21 642 242 3304 31 772 168 2412 100 1594 109 1697 160 2320 67 1201 135 2013 190 2671 48 965
16 22 2628 159 2302 61 1130 295 3931 87 1435 135 2020 237 3240 26 701 37 844 236 3223 50 1000 147 2163 241 3281 247 3361 22 653 144 2127 16 585 243 3315 247 3356 121 1845 141 2082 136 2032 258 3486
17 22 2549 36 825 297 3964 214 2958 121 1848 244 3327 185 2611 134 1998 77 1321 71 1252 110 1715 89 1468 122 1860 73 1275 279 3737 267 3601 284 3808 201 2810 150 2192 94 1523 52 1022 19 623 68 1209
18 22 2508 45 940 36 828 153 2230 242 3301 261 3529 98 1571 150 2191 127 1921 237 3238 132 1984 211 2921 241 3284 116 1784 216 2985 27 716 83 1386 36 828 133 1994 297 3963 90 1480 172 2460 33 794
19 22 2664 182 2574 121 1843 71 1243 264 3563 114 1758 282 3784 116 1790 289 3861 187 2638 139 2061 150 2199 13 551 198 2771 3 426 279 3741 73 1272 81 1366 99 1585 105 1652 203 2836 273 3676 89 1463
20 22 2273 298 3975 102 1624 95 1540 30 752 2 413 284 3802 171 2442 193 2710 96 1550 280 3756 51 1011 43 911 85 1419 174 2487 276 3705 256 3465 17 594 87 1438 245 3339 28 732 18 609 11 521
21 22 2692 293 3911 94 1527 118 1810 180 2554 5 453 83 1394 58 1088 224 3085 241 3282 269 3622 300 4000 98 1567 2 419 237 3234 129 1945 270 3630 114 1762 78 1336 63 1152 190 2675 30 752 289 3867
22 22 2603 198 2775 2 424 100 1596 129 1942 233 3185 95 1535 97 1564 295 3932 257 3477 1 401 62 1144 279 3740 161 2330 147 2160 22 655 45 937 160 2317 212 2940 235 3211 252 3419 167 2404 105 1652
23 22 2774 289 3867 181 2566 36 830 232 3183 168 2405 46 943 190 2674 269 3624 263 3549 142 2099 116 1787 84 1399 251 3410 142 2098 151 2203 67 1196 97 1553 230 3153 219 3027 58 1096 43 905 194 2723
24 22 3187 292 3900 178 2530 265 3574 53 1027 178 2528 135 2011 46 942 266 3581 196 2750 272 3654 142 2102 91 1485 287 3838 113 1753 300 3996 179 2541 191 2683 145 2132 198 2769 25 696 202 2822 230 3159
25 22 2175 50 990 287 3842 57 1075 69 1219 75 1294 158 2287 52 1020 149 2179 289 3858 142 2103 46 949 126 1912 50 993 132 1984 36 828 152 2217 179 2538 88 1447 63 1155 116 1786 274 3682 129 1944
26 22 3098 231 3162 36 830 245 3333 109 1701 234 3206 277 3713 210 2909 190 2678 269 3625 240 3277 51 1006 270 3632 16 581 256 3461 237 3238 125 1893 123 1865 30 760 113 1752 209 2900 132 1979 270 3632
27 22 3002 118 1813 45 940 221 3049 248 3374 161 2329 264 3557 49 985 288 3849 35 815 272 3653 240 3270 1 409 226 3102 240 3270 125 1898 260 3513 280 3755 23 670 275 3693 96 1544 72 1255 214 2958
28 22 2453 124 1885 282 3782 281 3763 252 3424 179 2541 12 540 60 1120 101 1601 246 3349 95 1538 207 2876 260 3519 4 438 258 3496 1 412 113 1753 70 1238 90 1469 89 1467 49 977 234 3202 60 1118
29 22 2257 237 3233 51 1005 60 1110 197 2763 135 2017 235 3215 278 3732 50 993 119 1818 71 1245 124 1879 28 730 124 1881 90 1469 18 611 237 3242 123 1871 125 1893 287 3838 58 1091 170 2431 5 457
30 22 2842 294 3922 84 1407 227 3113 43 905 41 886 129 1948 82 1382 188 2653 261 3528 238 3256 273 3673 154 2247 140 2073 226 3103 90 1475 222 3055 108 1687 163 2355 291 3881 105 1654 184 2606 10 516
31 22 2836 259 3507 95 1536 259 3497 173 2473 11 531 40 879 170 2436 280 3758 121 1842 257 3484 262 3533 207 2876 139 2062 268 3615 185 2619 61 1127 55 1056 136 2024 6 469 215 2976 158 2295 189 2665
32 22 2439 203 2829 136 2022 28 727 186 2629 157 2279 124 1879 82 1382 278 3727 159 2307 36 824 231 3165 73 1267 10 519 218 3006 32 776 158 2287 57 1073 234 3203 171 2443 13 552 293 3916 170 2439
33 22 2298 273 3668 287 3835 43 907 187 2636 44 917 152 2215 110 1712 154 2242 280 3752 95 1539 23 667 178 2532 53 1032 39 863 225 3095 107 1680 86 1422 65 1176 158 2291 41 882 12 538 261 3526
34 22 3068 255 3455 199 2777 278 3730 246 3349 137 2043 221 3050 250 3399 274 3685 43 909 235 3219 209 2898 152 2219 79 1339 69 1228 96 1551 138 2048 92 1504 155 2254 265 3578 272 3655 11 530 159 2297
35 22 2216 109 1708 69 1228 20 631 227 3123 171 2450 284 3806 244 3322 216 2992 71 1248 79 1343 131 1969 39 867 200 2793 112 1735 272 3660 69 1221 168 2406 17 602 115 1770 2 414 142 2096 13 553
36 22 2396 113 1751 110 1710 152 2221 140 2071 182 2581 129 1941 56 1065 232 3173 151 2207 81 1361 6 469 48 973 198 2771 264 3563 255 3454 20 639 75 1290 35 818 252 3415 292 3902 79 1338 126 1908
37 22 2476 245 3336 285 3810 172 2458 270 3632 184 2602 37 839 37 842 140 2070 74 1283 162 2343 146 2144 100 1592 18 605 202 2824 93 1511 50 995 84 1407 171 2451 299 3984 207 2873 71 1250 48 965
38 22 3094 223 3072 297 3961 197 2758 285 3818 180 2557 24 678 196 2746 159 2305 208 2895 47 961 129 1940 149 2177 221 3041 22 658 254 3446 78 1331 215 2971 275 3695 244 3321 265 3573 112 1738 88 1456
39 22 2348 69 1222 290 3873 159 2308 270 3637 179 2541 139 2060 25 690 104 1637 196 2748 207 2874 24 685 203 2831 17 601 192 2693 1 410 97 1560 130 1952 166 2383 8 486 77 1319 156 2265 227 3124
40 22 2632 6 470 233 3188 6 467 246 3347 208 2895 171 2444 213 2948 192 2703 291 3882 2 423 196 2748 291 3890 75 1294 36 825 81 1365 183 2585 28 736 226 3112 298 3968 25 696 111 1722 172 2463
41 22 2797 113 1749 282 3780 195 2732 149 2186 3 430 155 2256 30 760 270 3635 87 1436 221 3045 137 2043 278 3730 23 668 10 515 186 2632 146 2143 283 3796 85 1409 221 3046 261 3529 215 2969 147 2160
42 22 2785 8 486 123 1869 217 2997 177 2513 90 1479 123 1867 173 2476 268 3610 231 3164 41 881 159 2308 95 1531 214 2966 294 3924 40 872 233 3194 34 802 189 2668 187 2643 116 1789 190 2673 280 3749
43 22 2562 223 3067 41 881 141 2085 263 3548 273 3665 158 2288 37 838 149 2181 98 1572 232 3176 39 867 245 3331 293 3913 161 2332 148 2176 41 885 122 1860 179 2540 11 532 30 756 225 3089 94 1520
44 22 2729 36 826 258 3489 71 1252 118 1806 160 2309 96 1550 278 3725 249 3380 226 3111 205 2854 166 2385 128 1931 280 3757 89 1466 51 1001 290 3875 120 1830 111 1727 61 1121 299 3986 5 449 115 1770
45 22 2680 135 2018 99 1582 144 2127 169 2418 163 2351 291 3885 162 2344 166 2384 87 1435 42 904 6 472 162 2343 261 3521 238 3250 73 1268 298 3970 41 881 92 1493 135 2011 260 3516 292 3897 35 813
46 22 3060 25 691 140 2074 193 2708 101 1609 26 701 246 3351 154 2243 273 3670 117 1800 280 3759 47 955 300 3995 249 3380 235 3220 237 3241 265 3580 294 3920 136 2021 110 1710 111 1730 27 718 260 3511
47 22 2278 37 842 134 2007 117 1803 5 454 240 3272 66 1184 11 532 283 3790 230 3158 262 3533 50 994 77 1320 48 969 280 3754 137 2043 7 484 161 2323 150 2199 202 2821 227 3120 6 462 118 1815
48 22 2965 191 2685 116 1791 216 2991 138 2053 105 1651 120 1832 64 1167 257 3484 4 446 230 3155 295 3938 124 1878 137 2043 270 3638 298 3967 174 2488 142 2104 54 1043 236 3222 215 2977 278 3726 43 906
49 22 2472 50 989 197 2764 251 3401 19 626 255 3452 102 1614 267 3598 203 2827 66 1181 126 1910 88 1452 47 962 149 2184 60 1109 152 2213 237 3244 216 2991 98 1567 90 1476 198 2767 192 2694 27 723
50 22 2485 26 701 105 1656 103 1626 122 1861 132 1980 129 1948 25 691 212 2937 256 3464 39 867 204 2841 286 3822 17 601 16 588 275 3690 140 2079 222 3054 60 1114 273 3671 145 2140 36 822 284 3804
51 22 3136 262 3534 24 681 279 3740 197 2754 91 1481 275 3697 269 3620 34 799 252 3421 115 1780 121 1847 252 3418 255 3459 200 2793 137 2034 42 903 153 2225 251 3408 276 3710 290 3874 38 848 107 1676
52 22 2281 156 2270 2 422 202 2821 174 2478 31 764 67 1196 221 3049 91 1486 259 3508 25 699 287 3843 160 2318 42 897 274 3687 211 2931 136 2028 104 1640 47 963 67 1198 145 2132 128 1930 23 670
53 22 3028 129 1940 136 2028 277 3713 39 860 151 2208 101 1603 232 3176 165 2370 108 1685 157 2277 182 2573 173 2467 90 1473 162 2341 209 2901 95 1536 212 2940 188 2650 285 3813 297 3958 117 1802 280 3749
54 22 2808 257 3480 138 2048 219 3020 82 1376 151 2207 146 2150 145 2134 153 2229 110 1714 237 3233 23 666 293 3913 35 819 204 2838 193 2713 55 1051 221 3047 241 3288 150 2198 167 2401 176 2501 115 1772
55 22 2708 141 2088 192 2699 143 2114 291 3884 90 1480 127 1919 179 2548 226 3101 57 1075 7 473 210 2919 101 1601 284 3806 185 2612 35 810 298 3970 117 1800 252 3424 43 910 82 1383 257 3480 68 1211
56 22 2677 35 816 218 3006 33 796 242 3299 194 2724 248 3368 112 1736 298 3976 132 1979 203 2832 155 2256 169 2420 227 3115 182 2580 10 511 1 401 47 963 178 2532 11 529 167 2396 237 3242 248 3373
57 22 2667 209 2899 104 1643 97 1558 174 2487 179 2547 300 3997 230 3158 2 415 115 1774 278 3735 226 3104 175 2498 234 3207 68 1205 16 587 121 1842 4 439 191 2688 47 955 212 2938 276 3709 76 1305
58 22 2627 187 2638 269 3622 162 2337 65 1179 74 1277 190 2679 276 3709 176 2508 147 2162 8 487 194 2719 195 2732 56 1072 274 3681 37 842 54 1045 227 3115 130 1955 14 565 91 1488 165 2372 293 3913
59 22 2390 29 744 154 2244 30 757 294 3923 119 1828 51 1004 27 723 252 3416 82 1379 236 3222 75 1290 79 1344 60 1115 228 3133 219 3025 212 2937 243 3306 225 3094 187 2643 55 1052 54 1043 77 1315
60 22 2762 145 2139 291 3883 118 1809 298 3975 300 3991 140 2072 95 1532 264 3563 178 2525 168 2406 67 1194 33 794 46 948 57 1076 12 534 205 2850 269 3620 155 2258 16 583 106 1666 218 3015 272 3662
61 22 2735 163 2352 206 2868 142 2099 216 2992 255 3460 144 2126 143 2105 155 2253 25 694 59 1106 228 3126 181 2572 285 3815 219 3025 95 1534 16 590 232 3176 264 3568 95 1533 119 1819 24 686 153 2236
62 22 2456 239 3257 3 429 138 2052 111 1728 180 2553 110 1717 200 2799 104 1643 250 3400 128 1933 38 850 77 1323 297 3959 170 2440 218 3007 139 2064 54 1047 239 3263 213 2953 26 702 63 1150 74 1283
63 22 2164 203 2830 16 592 56 1071 160 2316 74 1279 192 2695 38 849 118 1815 155 2260 247 3364 110 1709 172 2464 12 544 164 2368 1 412 135 2010 193 2715 78 1334 176 2504 92 1499 74 1286 240 3279
64 22 2936 227 3122 214 2966 167 2397 98 1571 203 2835 238 3249 294 3921 291 3887 50 989 276 3704 275 3695 44 923 108 1695 140 2080 63 1150 63 1146 84 1401 221 3050 293 3905 7 476 113 1751 201 2810
65 22 2508 285 3809 114 1760 111 1727 137 2038 56 1071 134 2008 24 682 60 1109 139 2059 191 2688 283 3794 247 3361 66 1187 212 2934 90 1476 40 877 158 2292 189 2660 194 2719 223 3066 111 1727 72 1262
66 22 2720 77 1320 165 2370 222 3054 5 457 182 2573 197 2753 17 595 147 2163 74 1280 116 1782 69 1226 263 3545 198 2769 211 2928 148 2176 51 1010 225 3094 56 1072 272 3660 141 2085 284 3802 280 3752
67 22 2796 170 2440 160 2315 264 3564 182 2580 6 465 91 1490 51 1010 271 3643 299 3984 240 3277 49 987 125 1897 31 768 3 433 107 1678 292 3900 53 1027 293 3912 288 3849 185 2609 47 958 289 3868
68 22 2927 147 2161 244 3322 112 1739 21 648 282 3776 5 456 189 2665 225 3094 165 2376 70 1234 162 2343 244 3325 127 1917 16 592 254 3443 193 2709 263 3555 124 1878 241 3281 98 1573 188 2648 289 3858
69 22 2394 13 548 45 929 83 1391 288 3854 217 2995 190 2672 81 1368 193 2713 274 3684 128 1935 164 2362 286 3826 110 1715 12 534 18 609 124 1878 234 3205 157 2282 120 1838 91 1482 88 1449 77 1321
70 22 2623 212 2941 54 1047 111 1723 261 3525 10 519 13 546 148 2173 62 1136 47 964 179 2538 255 3456 73 1274 262 3538 264 3565 140 2074 208 2888 110 1719 68 1216 282 3781 118 1810 126 1909 276 3705
71 22 2549 163 2349 150 2198 237 3241 252 3422 12 537 55 1056 199 2781 120 1829 146 2151 221 3051 26 704 59 1106 124 1882 101 1610 265 3580 105 1652 83 1389 280 3757 276 3701 1 402 166 2388 146 2141
72 22 2165 16 582 192 2699 218 3013 7 478 165 2371 243 3311 46 941 122 1863 166 2389 136 2031 64 1166 40 875 58 1093 15 577 78 1335 97 1560 203 2830 54 1047 171 2448 156 2265 185 2614 275 3698
73 22 2736 266 3589 112 1744 46 946 190 2672 207 2877 66 1181 241 3282 131 1966 295 3939 42 903 240 3278 114 1762 131 1962 192 2696 42 895 150 2189 214 2957 101 1601 188 2645 190 2671 220 3037 42 902
74 22 2603 216 2985 229 3146 295 3934 137 2044 242 3302 17 603 241 3292 217 2994 199 2780 77 1316 195 2739 69 1225 76 1301 125 1892 3 430 168 2405 120 1832 93 1516 5 452 80 1357 186 2625 264 3566
75 22 2589 244 3327 61 1123 191 2689 206 2865 91 1492 31 761 266 3589 294 3923 113 1748 116 1787 168 2416 205 2858 65 1172 61 1124 69 1224 171 2447 182 2575 278 3734 164 2362 85 1420 129 1937 47 953
76 22 2519 224 3082 300 3991 139 2065 289 3859 233 3189 6 472 111 1726 260 3514 122 1863 15 577 148 2166 226 3110 114 1763 176 2501 248 3366 4 438 115 1774 218 3014 14 560 142 2101 10 515 35 815
77 22 3068 150 2200 175 2492 274 3688 224 3078 144 2119 135 2015 223 3068 64 1161 105 1657 153 2230 281 3763 103 1631 187 2633 54 1043 135 2010 112 1739 244 3326 272 3663 169 2425 283 3787 95 1530 253 3426
78 22 2672 210 2916 232 3173 211 2930 10 514 270 3632 119 1818 228 3133 185 2618 257 3474 25 696 162 2333 147 2161 179 2546 199 2782 40 869 61 1123 120 1839 54 1046 252 3421 123 1874 116 1784 141 2089
79 22 2808 19 622 230 3154 46 942 21 647 215 2980 162 2335 76 1308 277 3724 136 2024 232 3175 100 1595 277 3716 282 3778 65 1169 7 484 240 3279 77 1321 43 909 300 3990 212 2935 231 3165 263 3549
80 22 2462 48 971 110 1720 60 1113 13 556 259 3504 49 983 129 1947 100 1592 140 2072 181 2563 183 2586 2 417 256 3461 241 3289 279 3739 180 2558 195 2730 15 576 15 580 128 1934 266 3581 229 3144
81 22 2323 255 3454 128 1931 121 1851 111 1721 99 1588 82 1379 2 423 196 2751 14 560 103 1627 21 648 176 2508 247 3363 182 2577 196 2742 95 1532 155 2255 102 1623 87 1443 97 1556 190 2677 245 3338
82 22 2424 135 2010 119 1825 143 2107 239 3268 162 2341 74 1280 177 2519 181 2570 112 1744 85 1410 78 1331 84 1404 120 1831 270 3632 37 844 7 479 113 1755 238 3246 152 2220 183 2592 192 2704 130 1959
83 22 2501 272 3661 47 955 111 1730 30 750 237 3238 214 2964 79 1343 234 3200 248 3368 12 543 98 1571 133 1994 186 2626 102 1615 98 1570 30 757 292 3895 126 1908 248 3366 199 2785 111 1730 20 634
84 22 2956 185 2613 211 2921 218 3014 272 3653 37 836 224 3088 248 3371 116 1792 81 1364 260 3511 139 2057 19 622 290 3869 254 3441 2 421 84 1405 170 2429 271 3652 151 2202 154 2238 30 758 279 3737
85 22 2480 96 1552 14 562 28 736 298 3965 131 1969 63 1150 192 2694 34 806 269 3621 173 2474 81 1370 16 581 185 2613 48 973 174 2480 209 2908 292 3898 59 1098 252 3422 168 2406 65 1176 253 3434
86 22 2507 219 3020 3 435 104 1640 200 2796 189 2661 48 973 45 938 297 3958 196 2744 228 3136 112 1742 39 862 289 3860 88 1456 211 2923 56 1062 33 786 65 1178 254 3438 199 2781 230 3155 29 742
87 22 2153 103 1634 163 2345 4 437 142 2103 261 3526 152 2222 269 3618 180 2549 157 2278 56 1070 110 1714 234 3205 26 702 25 691 137 2040 97 1557 188 2648 42 899 135 2014 54 1042 2 423 155 2256
88 22 2724 215 2972 275 3693 190 2675 91 1486 168 2406 274 3680 159 2302 129 1939 55 1055 143 2107 214 2967 22 658 215 2979 139 2067 66 1182 161 2321 130 1959 16 582 206 2866 135 2009 241 3282 161 2322
89 22 2101 165 2380 3 434 164 2359 49 982 152 2217 123 1865 199 2788 122 1864 214 2957 17 595 4 442 44 926 86 1423 259 3507 129 1942 224 3086 264 3568 75 1290 18 610 38 848 255 3456 23 669
90 22 3017 50 1000 209 2907 240 3274 117 1804 267 3603 242 3299 295 3939 162 2334 23 665 288 3851 195 2731 196 2750 203 2826 60 1115 10 515 260 3515 243 3312 89 1457 64 1161 298 3971 66 1182 195 2729
91 22 2761 108 1692 229 3143 244 3318 91 1485 29 740 77 1323 119 1827 221 3048 281 3769 223 3075 289 3862 222 3055 281 3772 36 830 78 1327 182 2584 11 532 252 3422 28 730 213 2954 31 770 207 2876
92 22 2926 182 2579 188 2652 22 656 202 2815 125 1891 241 3291 104 1640 122 1863 210 2918 286 3831 169 2424 143 2105 250 3398 243 3313 147 2160 70 1236 101 1607 254 3437 73 1271 125 1889 145 2134 256 3467
93 22 2543 88 1454 24 680 242 3299 240 3271 68 1210 279 3748 60 1120 32 779 60 1117 192 2702 108 1692 167 2401 220 3037 119 1826 103 1629 84 1402 53 1027 139 2063 199 2783 201 2803 248 3365 253 3436
94 22 2945 133 1985 201 2805 201 2801 129 1948 176 2509 173 2475 78 1331 1 411 280 3759 295 3930 267 3598 99 1584 253 3429 245 3336 170 2436 231 3165 10 520 170 2430 259 3500 109 1697 37 842 165 2375
95 22 2688 3 436 137 2039 107 1683 174 2485 115 1775 170 2435 226 3102 175 2499 37 834 163 2346 262 3543 264 3565 168 2414 281 3763 214 2958 252 3423 245 3331 3 434 61 1127 43 913 164 2362 96 1546
96 22 2760 176 2504 121 1846 95 1534 128 1933 116 1789 244 3326 5 460 300 4000 203 2833 210 2910 43 908 62 1141 171 2448 49 978 213 2951 94 1523 232 3174 264 3559 217 3004 83 1385 223 3072 202 2815
97 22 2568 140 2075 45 934 152 2214 108 1691 244 3327 116 1792 63 1151 224 3086 118 1812 212 2939 239 3260 36 824 1 403 258 3485 164 2360 156 2264 227 3121 148 2173 284 3797 144 2122 87 1436 45 940
98 22 2486 180 2549 216 2988 209 2903 105 1660 17 602 267 3603 38 856 11 532 203 2833 122 1864 27 715 219 3023 164 2363 284 3801 159 2300 42 904 53 1036 168 2407 155 2254 186 2630 118 1805 165 2375
99 22 2404 198 2772 260 3510 75 1295 171 2447 6 468 110 1709 102 1614 113 1746 127 1921 100 1592 187 2644 258 3490 180 2550 209 2897 207 2878 38 853 15 574 239 3262 94 1520 45 938 216 2985 56 1064
100 22 2144 266 3582 19 625 292 3903 76 1302 266 3592 28 735 48 966 186 2624 44 920 32 778 89 1465 74 1287 154 2247 296 3943 255 3452 116 1791 61 1123 1 411 296 3945 28 733 34 803 20 631
101 22 2350 54 1040 196 2747 122 1855 258 3493 99 1582 92 1495 187 2638 119 1828 224 3078 53 1033 52 1020 133 1989 263 3555 47 957 154 2240 86 1427 101 1603 1 401 200 2799 201 2810 144 2119 152 2218
102 22 2582 286 3828 45 937 102 1624 151 2204 83 1394 145 2138 116 1791 149 2179 108 1695 46 943 109 1697 161 2321 258 3487 100 1598 66 1190 299 3985 117 1799 249 3380 159 2301 223 3066 148 2174 108 1692
103 22 2611 6 470 134 2008 244 3318 11 531 254 3437 229 3147 195 2734 113 1754 213 2952 209 2902 176 2508 215 2969 172 2457 66 1181 90 1471 114 1759 1 406 47 959 238 3255 110 1709 171 2448 256 3471
104 22 2746 257 3475 114 1759 55 1054 276 3709 109 1708 84 1408 163 2352 293 3906 214 2968 53 1033 194 2727 133 1987 272 3659 281 3766 282 3773 150 2194 41 892 26 701 67 1195 137 2041 129 1946 103 1632
105 22 2942 38 845 96 1544 299 3985 187 2639 215 2973 126 1907 184 2601 88 1447 189 2658 201 2812 149 2188 267 3596 76 1302 226 3104 174 2485 255 3459 49 986 97 1563 142 2098 203 2826 269 3624 148 2172
106 22 2614 37 836 125 1891 271 3650 268 3613 299 3984 298 3966 90 1472 157 2274 7 483 75 1297 108 1687 70 1233 104 1643 74 1281 139 2057 72 1256 156 2263 232 3183 254 3437 91 1484 197 2756 144 2120
107 22 2878 271 3649 258 3488 182 2575 65 1174 230 3151 239 3257 130 1949 21 650 247 3355 93 1507 269 3618 62 1137 47 964 146 2152 43 907 131 1970 290 3869 130 1959 65 1169 223 3065 210 2917 246 3345
108 22 2478 141 2088 74 1286 55 1060 93 1513 176 2503 267 3595 22 662 180 2556 2 424 131 1961 191 2692 92 1493 195 2740 164 2357 267 3595 121 1851 101 1609 216 2981 75 1296 272 3656 192 2695 71 1252
109 22 2560 277 3723 295 3938 128 1930 87 1438 161 2326 12 541 91 1492 194 2719 228 3127 83 1396 1 401 27 719 76 1308 248 3374 295 3934 222 3054 234 3205 48 975 129 1948 17 597 54 1042 293 3909
110 22 2880 207 2881 231 3166 114 1768 214 2959 144 2118 128 1934 247 3363 258 3488 79 1342 119 1826 221 3046 193 2712 196 2749 113 1746 80 1358 172 2456 258 3490 49 985 105 1660 284 3804 119 1822 70 1232
111 22 2694 234 3208 10 509 280 3750 106 1672 267 3600 9 508 37 835 38 847 37 837 108 1693 104 1642 285 3813 87 1435 297 3964 242 3304 70 1238 134 1999 299 3988 273 3668 72 1259 161 2329 218 3013
112 22 2731 193 2711 6 461 23 676 200 2792 33 791 13 549 288 3847 49 986 55 1053 157 2279 70 1232 264 3568 177 2514 200 2793 256 3464 85 1416 299 3978 294 3928 69 1227 259 3497 229 3140 195 2740
113 22 2254 246 3342 127 1920 53 1035 67 1198 109 1706 74 1283 113 1749 40 879 134 2000 4 437 171 2447 168 2409 143 2110 80 1356 126 1912 146 2141 195 2729 182 2579 35 818 169 2418 155 2250 281 3763
114 22 2816 9 498 268 3605 190 2669 174 2486 232 3179 6 470 81 1363 146 2150 223 3069 118 1808 127 1918 208 2896 99 1585 272 3656 198 2771 232 3182 195 2739 115 1773 166 2386 55 1058 185 2619 221 3047
115 22 2740 44 919 134 2000 203 2830 152 2224 278 3726 271 3646 94 1520 205 2854 107 1681 139 2064 117 1800 287 3837 38 849 138 2047 179 2548 60 1118 163 2353 108 1693 264 3560 234 3206 68 1207 142 2095
116 22 2097 268 3615 161 2324 278 3735 178 2526 208 2895 4 444 164 2367 66 1190 48 966 143 2107 173 2474 164 2361 101 1611 55 1058 87 1438 37 838 23 667 46 952 178 2528 101 1611 31 763 108 1696
117 22 2354 37 840 250 3394 94 1521 70 1231 151 2207 30 760 100 1597 131 1964 65 1169 47 956 92 1500 136 2029 243 3314 255 3449 206 2864 252 3416 68 1211 255 3459 146 2151 248 3366 37 842 30 753
118 22 2855 130 1957 16 585 235 3218 199 2777 189 2662 83 1389 127 1922 186 2625 11 522 203 2831 41 882 275 3697 271 3646 45 935 108 1692 219 3025 26 702 246 3341 283 3794 238 3246 193 2706 245 3334
119 22 2412 21 652 130 1949 44 926 83 1394 265 3576 9 506 114 1758 29 742 37 840 178 2529 70 1240 203 2835 56 1067 281 3762 241 3287 115 1773 292 3902 276 3705 221 3052 50 991 111 1730 189 2667
120 22 2927 191 2682 138 2053 275 3690 189 2662 3 432 225 3089 232 3179 206 2865 20 633 300 3991 195 2733 230 3156 135 2016 248 3365 203 2830 179 2537 53 1031 80 1354 258 3489 30 757 42 894 227 3122
121 22 2803 283 3795 297 3961 113 1747 43 911 121 1842 150 2191 106 1663 30 750 251 3408 185 2614 25 699 141 2087 299 3979 242 3293 270 3638 144 2125 106 1670 99 1588 118 1807 217 3004 217 2996 47 955
122 22 2658 17 596 284 3800 228 3130 250 3392 235 3217 151 2207 70 1236 31 763 241 3282 23 665 40 871 292 3896 131 1967 89 1459 128 1929 179 2542 101 1607 260 3512 79 1337 61 1130 288 3855 145 2140
123 22 2475 82 1376 143 2112 106 1671 273 3665 145 2139 18 609 188 2645 123 1872 289 3858 50 994 95 1532 30 755 243 3308 245 3331 45 939 186 2630 32 773 240 3271 90 1469 240 3271 4 437 227 3121
124 22 2671 299 3982 19 622 260 3516 40 879 89 1460 263 3546 28 727 133 1986 80 1351 64 1162 191 2687 300 3989 273 3670 285 3817 20 637 18 607 31 769 248 3371 263 3553 27 718 255 3458 153 2235
125 22 2698 277 3714 293 3914 25 699 21 647 270 3635 96 1546 229 3141 112 1734 225 3090 35 810 14 561 199 2777 168 2407 287 3839 245 3332 56 1072 80 1359 8 488 77 1316 268 3605 188 2649 200 2797
126 22 2397 168 2406 86 1431 162 2342 157 2274 191 2689 2 415 216 2984 44 927 147 2154 103 1633 267 3601 18 614 229 3145 106 1665 99 1580 124 1879 118 1816 246 3350 72 1253 207 2884 41 881 194 2726
127 22 2893 117 1795 281 3761 102 1622 32 782 70 1232 76 1301 209 2902 201 2801 259 3506 102 1614 175 2499 113 1748 260 3514 105 1652 173 2472 127 1918 294 3923 241 3281 15 580 223 3074 151 2202 291 3887
128 22 2485 250 3394 211 2930 123 1870 161 2331 60 1117 154 2243 95 1537 41 887 17 597 84 1405 70 1239 85 1409 223 3069 3 425 292 3895 181 2563 238 3247 286 3830 231 3165 128 1927 90 1479 84 1397
129 22 2603 201 2809 256 3468 250 3400 197 2763 266 3588 47 956 114 1765 168 2405 285 3818 201 2812 175 2492 44 926 87 1440 49 983 153 2226 272 3661 85 1411 192 2693 23 665 41 888 136 2031 12 538
130 22 3288 283 3794 262 3541 195 2732 232 3184 290 3872 257 3481 151 2201 136 2023 146 2145 165 2377 179 2545 110 1715 6 463 161 2328 232 3174 293 3914 32 774 294 3923 283 3785 178 2532 202 2814 23 672
131 22 1894 119 1818 73 1271 229 3147 65 1175 245 3329 289 3863 141 2092 56 1067 73 1266 118 1814 10 512 83 1388 45 935 21 652 12 542 86 1421 63 1156 35 818 164 2368 214 2959 48 967 179 2548
132 22 2644 259 3507 193 2709 151 2207 73 1271 2 422 122 1856 146 2149 40 870 293 3916 227 3113 208 2896 257 3482 71 1242 71 1246 236 3230 243 3316 237 3241 63 1152 63 1153 102 1615 244 3327 4 448
133 22 2975 64 1164 89 1464 136 2028 263 3552 156 2271 280 3757 29 743 267 3602 111 1724 186 2632 281 3764 126 1911 41 882 283 3786 212 2941 271 3651 12 539 179 2545 57 1076 213 2949 189 2660 274 3685
134 22 2449 115 1772 121 1850 44 919 233 3190 237 3236 47 957 41 883 248 3365 89 1461 185 2616 240 3276 162 2338 161 2331 146 2150 39 858 12 538 40 878 171 2445 147 2159 272 3657 99 1578 213 2946
135 22 2908 55 1051 20 639 105 1656 170 2429 272 3655 186 2630 37 844 210 2912 56 1066 185 2620 86 1432 47 960 284 3807 195 2732 210 2914 299 3985 203 2825 189 2660 243 3307 182 2580 174 2480 228 3133
136 22 3112 267 3598 29 746 109 1707 208 2892 217 3003 279 3746 138 2054 243 3312 170 2440 178 2532 251 3411 126 1905 24 686 189 2662 134 2007 108 1693 171 2446 266 3581 191 2692 234 3202 123 1870 236 3224
137 22 2804 243 3314 170 2434 208 2886 38 846 272 3659 63 1147 154 2240 245 3331 273 3670 123 1868 239 3268 40 872 271 3650 164 2360 211 2921 74 1287 156 2270 170 2433 130 1953 5 453 152 2222 104 1647
138 22 2695 286 3832 158 2296 7 481 133 1993 268 3608 236 3230 36 822 221 3046 102 1614 235 3212 291 3888 145 2138 84 1402 165 2380 108 1695 213 2956 158 2285 90 1475 90 1474 50 989 13 548 280 3755
139 22 2364 282 3778 152 2217 243 3311 231 3167 291 3888 1 410 167 2403 199 2787 50 991 31 761 209 2904 45 933 228 3136 130 1950 236 3228 68 1214 13 555 44 927 115 1778 63 1145 133 1988 24 684
140 22 2480 37 840 266 3581 218 3012 5 450 120 1834 121 1841 245 3335 168 2410 164 2362 94 1517 265 3572 121 1847 30 751 78 1335 140 2075 169 2426 144 2117 185 2613 234 3208 41 881 138 2050 117 1793
141 22 2432 93 1514 138 2046 181 2562 196 2749 120 1840 70 1229 210 2920 129 1947 35 816 59 1108 184 2600 128 1925 168 2407 82 1376 138 2052 168 2407 248 3365 46 950 254 3443 106 1669 287 3837 1 401
142 22 2469 288 3856 136 2023 24 688 25 696 263 3545 78 1327 176 2504 20 640 272 3660 121 1844 203 2832 171 2449 241 3285 139 2058 39 858 237 3244 85 1420 91 1485 121 1844 29 742 42 901 286 3821
143 22 2658 25 699 195 2732 58 1085 156 2267 208 2885 271 3648 260 3516 231 3165 217 3001 98 1565 95 1539 48 976 34 804 274 3682 10 514 138 2054 209 2908 262 3538 219 3025 65 1179 103 1630 147 2163
144 22 2704 194 2718 70 1230 84 1397 199 2786 206 2864 142 2100 191 2684 205 2851 214 2957 224 3087 52 1018 99 1581 128 1927 197 2759 76 1305 146 2149 115 1777 106 1671 287 3841 74 1279 84 1398 288 3849
145 22 2706 142 2096 96 1546 237 3236 192 2703 21 647 119 1822 241 3283 143 2107 223 3072 208 2896 75 1292 1 408 180 2558 228 3135 37 843 236 3227 152 2218 93 1512 185 2613 70 1231 285 3819 219 3020
146 22 3200 111 1723 36 829 201 2805 183 2594 57 1082 294 3922 292 3903 260 3515 13 545 252 3421 172 2456 272 3655 298 3967 209 2901 86 1424 232 3183 239 3259 240 3280 274 3679 94 1517 44 917 141 2086
147 22 2039 39 863 222 3056 191 2690 17 597 43 909 239 3263 228 3133 219 3028 34 806 53 1035 238 3250 26 710 300 3997 25 691 34 808 79 1345 13 553 92 1503 108 1693 249 3382 82 1384 18 611
148 22 2122 201 2808 183 2585 287 3840 233 3196 3 427 149 2178 54 1047 72 1258 296 3946 237 3240 124 1877 68 1205 138 2053 111 1721 34 804 72 1256 105 1655 1 408 38 849 14 559 225 3090 8 495
149 22 2828 11 531 19 626 236 3221 182 2573 282 3779 174 2479 85 1418 300 3998 15 577 120 1829 260 3514 92 1500 174 2480 130 1960 200 2794 146 2146 128 1930 178 2535 72 1257 230 3157 289 3868 213 2955
150 22 2645 15 573 37 838 87 1434 239 3267 242 3298 279 3740 210 2911 183 2588 204 2839 247 3359 225 3090 47 961 243 3314 234 3205 96 1549 66 1181 71 1252 155 2259 165 2380 49 981 62 1135 151 2211
151 22 2814 195 2738 207 2883 76 1302 165 2380 81 1370 75 1293 10 518 172 2453 62 1134 49 988 234 3199 95 1535 227 3114 120 1840 286 3826 299 3985 132 1978 293 3908 208 2896 27 718 275 3693 230 3152
152 22 2694 116 1782 258 3491 275 3695 258 3486 219 3022 58 1094 15 580 198 2776 287 3834 84 1398 96 1547 252 3417 59 1107 3 435 230 3153 103 1633 24 687 61 1132 170 2434 219 3021 248 3365 135 2012
153 22 3052 93 1506 155 2249 106 1664 227 3124 228 3135 58 1085 187 2638 111 1731 184 2608 101 1607 53 1032 234 3204 122 1860 271 3644 271 3646 210 2915 292 3903 87 1438 246 3351 228 3125 218 3012 134 2002
154 22 2900 296 3942 28 735 279 3745 71 1248 158 2288 241 3285 180 2552 61 1130 252 3424 202 2820 99 1584 276 3706 235 3209 191 2686 274 3681 33 796 44 925 204 2845 33 795 140 2072 243 3308 85 1411
155 22 2968 240 3273 18 605 214 2967 262 3543 157 2279 245 3333 176 2503 264 3566 291 3881 209 2905 288 3846 191 2684 31 770 137 2037 203 2831 65 1171 257 3483 23 669 48 970 268 3613 98 1568 26 704
156 22 2952 276 3712 23 670 281 3772 130 1958 211 2925 180 2549 25 697 198 2767 192 2695 193 2713 162 2333 152 2216 33 792 153 2236 259 3500 216 2986 150 2192 262 3541 130 1952 32 782 172 2454 260 3515
157 22 2953 260 3520 283 3796 177 2518 88 1445 113 1756 159 2304 245 3340 161 2326 53 1036 229 3145 167 2402 174 2480 220 3029 242 3295 137 2037 221 3048 47 957 18 610 230 3156 241 3291 74 1287 153 2231
158 22 2339 205 2859 230 3160 51 1007 203 2836 15 571 10 511 250 3392 273 3673 286 3821 77 1319 14 568 51 1003 2 421 249 3377 25 696 139 2060 126 1910 188 2652 222 3055 48 967 252 3416 8 494
159 22 2233 270 3635 177 2517 60 1116 78 1329 193 2716 84 1398 137 2041 127 1916 23 676 161 2322 111 1732 32 774 216 2992 256 3466 63 1147 77 1321 125 1890 121 1851 113 1749 61 1129 143 2108 164 2359
160 22 2197 226 3106 188 2647 107 1674 61 1121 50 996 95 1538 242 3298 186 2624 42 893 131 1964 21 643 146 2144 274 3685 79 1338 34 803 249 3384 72 1260 152 2219 16 588 16 592 288 3856 72 1262
161 22 2613 48 976 200 2800 97 1553 285 3811 28 735 142 2100 55 1059 212 2941 65 1178 271 3642 64 1159 41 887 182 2578 254 3448 89 1466 114 1765 272 3662 249 3380 285 3811 181 2569 88 1451 45 931
162 22 2922 46 951 241 3285 139 2063 90 1474 270 3636 180 2558 199 2781 32 784 245 3329 248 3374 214 2964 271 3641 214 2959 99 1585 18 612 69 1227 190 2674 282 3773 209 2901 110 1711 240 3275 47 955
163 22 3017 269 3621 263 3553 160 2320 26 704 180 2553 145 2138 236 3226 253 3430 44 925 170 2436 225 3100 196 2749 130 1951 133 1986 265 3579 62 1133 289 3860 123 1875 56 1069 46 941 240 3274 261 3529
164 22 2867 255 3452 220 3038 179 2541 142 2097 202 2823 225 3093 291 3890 24 688 133 1989 128 1929 58 1090 171 2452 42 898 67 1194 283 3791 123 1865 164 2361 118 1815 183 2594 279 3740 87 1435 210 2913
165 22 3207 212 2939 293 3906 266 3581 83 1385 262 3534 130 1951 262 3538 279 3745 3 433 2 414 282 3778 120 1835 97 1564 185 2612 285 3817 289 3861 254 3444 71 1244 190 2674 187 2637 57 1079 200 2800
166 22 2692 243 3314 223 3072 292 3900 45 930 119 1819 113 1755 299 3985 114 1759 216 2987 60 1117 153 2235 273 3672 78 1325 82 1383 117 1800 200 2789 20 632 20 632 199 2782 294 3921 171 2449 35 817
167 22 2879 294 3925 214 2968 7 482 220 3031 225 3094 56 1067 241 3281 254 3446 71 1248 66 1192 286 3828 240 3272 3 432 160 2317 270 3634 46 943 184 2598 82 1378 243 3311 155 2258 210 2918 72 1253
168 22 2708 135 2009 137 2037 241 3290 196 2747 265 3574 6 472 283 3785 270 3639 169 2420 240 3276 19 624 184 2607 49 979 96 1545 56 1062 15 569 47 962 261 3532 281 3761 183 2588 99 1580 154 2237
169 22 2430 91 1490 16 585 80 1350 41 888 86 1427 275 3690 26 708 97 1558 176 2510 180 2550 225 3090 140 2070 283 3785 82 1376 240 3275 154 2239 134 1999 191 2686 68 1209 54 1046 187 2634 212 2940
170 22 2702 147 2156 142 2096 180 2557 200 2791 15 574 231 3167 22 664 288 3849 252 3414 179 2542 69 1224 51 1002 201 2808 127 1914 95 1536 48 968 290 3877 127 1924 130 1960 300 3991 160 2311 124 1882
171 22 2706 79 1347 70 1239 30 755 85 1413 235 3220 232 3179 66 1191 227 3123 137 2044 174 2478 300 3989 91 1489 104 1643 235 3209 280 3757 245 3338 111 1727 148 2175 177 2515 82 1375 269 3617 6 463
172 22 3080 242 3297 245 3331 121 1841 279 3743 182 2582 220 3039 52 1019 26 703 158 2291 114 1757 272 3654 168 2410 206 2861 265 3571 161 2322 144 2117 276 3706 31 771 230 3158 210 2918 235 3209 14 563
173 22 2565 239 3265 55 1054 82 1382 232 3177 79 1342 84 1400 156 2262 224 3087 76 1302 271 3647 27 716 183 2596 267 3598 122 1853 214 2960 108 1693 211 2925 24 679 106 1672 38 845 245 3331 164 2358
174 22 2557 90 1473 23 669 103 1631 206 2862 222 3057 16 587 207 2873 254 3440 18 615 259 3500 31 761 184 2606 31 761 161 2325 77 1315 90 1472 263 3553 239 3257 140 2069 142 2104 195 2733 246 3341
175 22 2801 201 2802 32 779 191 2684 24 681 190 2678 292 3901 68 1216 77 1313 38 856 24 677 143 2113 74 1288 272 3661 188 2646 247 3359 197 2762 208 2892 108 1692 255 3452 286 3831 139 2064 248 3372
176 22 2976 242 3304 121 1846 296 3947 16 590 164 2357 216 2990 264 3566 269 3621 199 2778 198 2775 220 3031 50 999 127 1915 69 1222 244 3318 151 2204 190 2669 184 2601 165 2378 13 549 38 848 285 3813
177 22 2495 57 1082 40 870 261 3532 220 3037 241 3287 88 1445 7 474 274 3679 256 3467 88 1455 185 2609 114 1764 47 956 119 1822 186 2632 4 443 150 2198 131 1962 183 2593 112 1735 225 3096 131 1972
178 22 2519 55 1057 189 2658 284 3808 246 3349 80 1359 172 2458 293 3907 209 2897 76 1301 300 4000 112 1741 160 2318 137 2039 15 570 278 3727 37 838 151 2209 55 1049 30 759 149 2177 104 1641 17 593
179 22 2921 235 3209 247 3364 36 827 258 3493 135 2013 50 990 194 2719 230 3157 186 2626 294 3923 120 1839 218 3012 83 1391 142 2095 204 2848 185 2619 251 3404 118 1810 282 3775 70 1240 69 1227 45 932
180 22 2410 98 1571 119 1820 146 2149 15 569 167 2400 162 2343 241 3283 112 1737 228 3128 10 518 276 3712 24 684 24 685 34 798 269 3618 95 1540 251 3401 159 2302 20 635 262 3540 30 756 271 3648
181 22 2714 54 1041 248 3371 206 2861 262 3537 290 3874 100 1592 92 1496 52 1018 170 2440 96 1542 31 766 279 3741 281 3772 7 478 15 576 265 3578 109 1699 220 3034 192 2697 196 2744 81 1361 147 2156
182 22 2000 47 953 23 673 151 2208 89 1465 51 1004 250 3395 43 915 111 1722 69 1218 255 3460 54 1042 74 1282 197 2761 89 1466 111 1727 269 3624 86 1423 59 1099 90 1480 150 2190 57 1074 175 2497
183 22 2368 254 3448 171 2447 195 2732 244 3327 56 1067 25 690 51 1001 60 1109 119 1818 274 3678 87 1436 110 1716 168 2413 97 1553 275 3700 35 816 184 2605 167 2395 27 716 184 2599 29 747 149 2188
184 22 2367 103 1626 206 2870 253 3433 106 1671 134 1997 40 869 257 3474 29 741 21 644 83 1396 212 2943 231 3164 38 850 271 3651 261 3532 78 1329 136 2022 27 718 156 2264 103 1628 86 1424 128 1928
185 22 2377 123 1869 97 1554 252 3422 112 1738 148 2166 35 812 100 1590 198 2771 209 2897 15 571 107 1680 232 3173 120 1830 39 867 21 643 232 3180 270 3640 278 3735 271 3650 42 902 20 638 51 1004
186 22 2915 257 3475 42 904 168 2407 152 2217 108 1689 187 2637 36 827 170 2434 276 3701 258 3496 195 2740 110 1713 228 3127 240 3279 154 2244 109 1698 267 3593 26 703 294 3919 286 3826 65 1179 16 584
187 22 2517 21 648 33 793 29 742 166 2388 284 3808 34 801 87 1437 108 1686 122 1863 282 3778 195 2731 77 1313 247 3353 71 1249 23 670 240 3276 283 3788 226 3109 174 2487 165 2374 214 2967 66 1182
188 22 2793 166 2382 234 3199 15 569 115 1769 290 3874 188 2645 110 1711 108 1696 189 2668 117 1800 283 3794 191 2689 113 1749 171 2449 54 1045 80 1351 132 1976 142 2096 230 3158 196 2743 266 3591 102 1615
189 22 2292 40 876 166 2383 190 2678 228 3127 246 3352 173 2475 280 3758 3 433 26 709 192 2700 135 2016 161 2327 27 721 27 720 89 1463 29 739 62 1137 45 938 130 1953 169 2423 251 3408 196 2748
190 22 2249 227 3115 157 2284 207 2880 54 1038 253 3434 26 704 63 1154 21 641 57 1077 105 1654 65 1169 143 2116 258 3488 44 919 255 3456 48 975 276 3703 39 861 48 971 255 3460 53 1026 158 2287
191 22 2328 44 923 35 820 245 3331 65 1177 54 1037 128 1927 82 1383 26 711 242 3301 114 1761 123 1866 71 1251 116 1789 76 1310 191 2683 276 3705 24 677 90 1472 236 3229 213 2945 167 2400 293 3913
192 22 2494 80 1350 250 3393 43 908 205 2855 35 819 243 3310 185 2615 27 718 113 1755 215 2973 235 3218 299 3985 114 1762 138 2050 168 2416 19 617 127 1923 61 1122 78 1325 65 1174 175 2489 243 3314
193 22 2301 271 3644 143 2111 181 2572 56 1072 234 3199 94 1517 235 3215 232 3178 193 2709 24 687 171 2443 187 2638 28 730 130 1957 2 416 20 629 24 685 142 2102 51 1003 37 841 241 3283 181 2570
194 22 2442 267 3593 21 644 260 3516 63 1152 9 508 128 1933 182 2579 191 2684 51 1012 264 3561 186 2626 229 3140 31 772 175 2490 156 2267 158 2293 284 3801 207 2883 3 436 21 648 63 1145 104 1642
195 22 2873 249 3380 104 1638 21 651 108 1693 196 2741 245 3340 71 1250 179 2540 172 2454 173 2466 218 3012 282 3778 69 1226 193 2712 58 1089 279 3744 271 3645 160 2311 258 3489 56 1064 159 2307 71 1241
196 22 2927 245 3332 287 3843 208 2887 224 3081 251 3412 66 1186 11 532 126 1911 173 2467 143 2106 105 1656 175 2491 40 879 63 1155 280 3750 113 1749 140 2071 300 3995 79 1347 252 3416 82 1384 296 3947
197 22 3027 24 678 220 3033 289 3867 257 3477 230 3152 166 2385 183 2590 135 2014 184 2604 127 1916 82 1382 242 3297 117 1801 37 836 139 2057 199 2784 278 3733 193 2716 116 1788 104 1645 193 2713 269 3618
198 22 2240 195 2732 207 2882 203 2831 63 1156 210 2913 164 2363 31 762 102 1614 212 2935 75 1297 79 1344 295 3940 63 1147 139 2059 29 743 99 1581 144 2120 41 883 120 1838 40 880 113 1745 176 2501
199 22 2912 109 1700 236 3223 194 2722 280 3759 93 1507 259 3504 205 2849 110 1717 119 1821 291 3881 292 3894 174 2483 152 2222 39 867 23 668 257 3476 291 3881 136 2023 189 2664 35 809 73 1267 84 1398
200 22 2545 54 1037 256 3464 254 3445 79 1341 206 2864 276 3706 42 901 141 2082 87 1441 30 752 277 3713 224 3088 16 582 283 3793 30 759 40 880 29 742 158 2296 296 3951 196 2744 197 2761 11 532
201 22 2071 98 1567 107 1683 25 698 103 1636 121 1852 275 3698 238 3251 94 1518 294 3921 278 3734 116 1786 5 449 144 2127 122 1861 106 1670 218 3016 34 802 25 689 100 1590 2 415 52 1013 32 782
202 22 2600 166 2392 118 1808 90 1474 50 991 183 2591 231 3169 201 2808 143 2113 140 2079 178 2536 287 3844 89 1460 205 2853 71 1249 104 1641 36 829 94 1524 86 1428 300 3994 35 815 177 2515 267 3595
203 22 2799 236 3231 235 3216 31 761 250 3389 219 3026 136 2032 81 1361 111 1731 57 1076 172 2455 264 3558 162 2343 162 2342 254 3441 127 1920 254 3445 184 2597 166 2392 134 2005 104 1637 89 1464 71 1245
204 22 2655 78 1329 215 2969 116 1782 285 3811 98 1576 227 3119 123 1868 66 1184 154 2237 198 2772 200 2796 10 511 274 3687 10 516 170 2437 281 3763 296 3952 55 1056 149 2187 132 1980 129 1944 53 1032
205 22 2763 295 3930 269 3619 76 1306 146 2151 166 2389 53 1035 292 3900 13 555 124 1883 74 1279 20 638 224 3086 79 1347 98 1566 253 3426 74 1288 157 2278 291 3889 153 2234 98 1575 237 3244 262 3542
206 22 3064 298 3968 155 2255 245 3336 51 1009 296 3949 31 769 161 2328 63 1152 211 2932 122 1864 219 3023 137 2037 39 865 121 1849 297 3963 297 3962 264 3558 125 1900 189 2660 245 3335 133 1993 131 1961
207 22 2776 209 2908 183 2596 283 3792 61 1121 91 1490 284 3800 295 3938 293 3915 156 2263 44 925 18 616 5 457 51 1006 57 1077 292 3900 61 1132 160 2315 266 3587 98 1566 160 2316 231 3172 173 2465
208 22 2438 202 2819 229 3145 141 2088 104 1641 246 3351 15 577 14 564 206 2861 143 2112 186 2621 81 1365 165 2372 118 1806 42 903 139 2065 175 2496 5 449 275 3691 207 2884 118 1810 193 2716 44 917
209 22 2585 8 488 2 420 95 1529 11 530 240 3280 231 3161 207 2880 264 3562 242 3300 229 3140 285 3815 25 700 44 926 96 1546 174 2479 170 2436 273 3672 190 2672 21 652 240 3271 23 667 162 2341
210 22 2688 294 3920 195 2736 52 1013 152 2218 120 1834 8 485 238 3252 253 3432 6 468 241 3283 174 2485 96 1546 84 1404 101 1603 85 1418 146 2143 218 3006 268 3608 235 3210 89 1460 25 700 280 3754
211 22 2461 175 2489 288 3848 41 883 36 824 45 937 215 2972 229 3142 12 533 290 3873 131 1972 200 2797 206 2872 262 3542 30 750 68 1211 149 2177 10 516 200 2796 31 764 102 1622 190 2675 167 2393
212 22 2606 173 2466 187 2636 240 3276 71 1242 220 3033 284 3800 240 3275 78 1327 179 2547 228 3126 147 2159 12 535 8 495 251 3412 243 3315 16 592 92 1496 138 2049 105 1657 106 1662 120 1840 120 1830
213 22 2593 197 2760 215 2974 9 505 137 2042 155 2252 29 740 211 2927 239 3268 16 581 34 799 172 2453 275 3698 157 2276 18 616 61 1125 296 3949 159 2303 178 2534 285 3815 113 1755 204 2837 82 1379
214 22 2712 76 1307 25 695 197 2753 276 3706 95 1531 59 1106 294 3917 205 2851 186 2621 130 1959 4 439 262 3537 260 3518 217 2995 12 543 72 1257 136 2023 157 2274 143 2109 35 809 293 3907 257 3481
215 22 2478 119 1818 201 2811 29 745 243 3311 257 3474 16 585 61 1125 233 3185 241 3285 110 1715 74 1279 220 3035 52 1024 21 645 71 1250 178 2528 95 1539 164 2357 228 3134 257 3478 186 2626 42 895
216 22 2608 221 3050 290 3872 200 2793 34 797 97 1563 176 2503 195 2733 114 1761 32 781 48 976 278 3726 64 1161 217 2995 186 2627 226 3103 35 814 166 2381 74 1281 274 3680 194 2726 80 1358 59 1098
217 22 2810 14 567 214 2958 258 3487 141 2089 251 3402 129 1940 270 3632 26 708 183 2594 44 919 251 3402 268 3608 292 3894 212 2944 87 1439 123 1867 159 2300 54 1043 155 2256 68 1210 25 697 289 3860
218 22 3143 19 628 267 3600 198 2769 196 2749 291 3882 277 3721 62 1141 250 3395 274 3683 29 748 181 2568 66 1185 125 1891 20 632 289 3859 288 3846 225 3100 276 3707 86 1422 184 2602 146 2144 180 2554
219 22 2864 133 1990 212 2937 250 3395 148 2169 41 882 19 624 154 2246 86 1421 178 2528 250 3397 298 3970 298 3974 38 848 97 1562 97 1562 29 748 288 3850 134 2007 245 3337 261 3532 252 3414 72 1259
220 22 2386 260 3517 66 1189 253 3428 144 2124 205 2856 157 2281 166 2384 228 3133 8 485 227 3115 142 2093 92 1502 14 557 66 1186 137 2040 61 1122 145 2129 28 728 185 2609 173 2473 107 1680 119 1828
221 22 3352 134 2003 204 2847 152 2215 193 2705 271 3645 150 2196 179 2542 275 3690 140 2077 132 1976 40 872 167 2404 208 2885 98 1565 196 2750 151 2211 155 2259 286 3824 286 3822 260 3518 286 3832 228 3127
222 22 2531 85 1411 280 3750 290 3870 297 3959 58 1095 19 623 49 987 199 2783 16 581 153 2236 122 1854 9 508 121 1845 11 527 279 3741 182 2581 265 3572 299 3980 43 913 201 2804 63 1154 123 1871
223 22 2182 46 949 33 789 223 3074 44 925 41 882 15 569 13 553 286 3831 231 3164 15 569 296 3941 90 1471 194 2724 67 1197 49 986 144 2122 62 1142 75 1289 78 1334 281 3766 260 3510 185 2620
224 22 2130 223 3076 122 1854 32 774 23 674 24 687 276 3703 296 3946 47 963 89 1463 177 2517 97 1558 34 801 23 668 277 3722 190 2671 17 598 86 1428 26 705 69 1226 299 3988 55 1055 181 2562
225 22 3278 19 623 126 1912 268 3606 203 2831 139 2058 289 3865 72 1261 243 3310 164 2357 150 2191 281 3769 207 2873 230 3155 216 2987 247 3360 87 1441 275 3691 276 3707 14 568 290 3873 153 2236 149 2183
226 22 2632 99 1577 235 3209 268 3611 117 1802 80 1357 110 1715 244 3318 43 906 232 3183 123 1866 107 1684 152 2217 82 1379 6 463 196 2748 29 742 115 1771 228 3127 107 1682 258 3496 170 2429 290 3874
227 22 2472 49 977 223 3067 144 2117 29 737 135 2018 147 2153 4 445 6 465 199 2777 13 546 296 3952 155 2259 71 1250 120 1831 164 2360 256 3461 283 3792 83 1396 184 2602 240 3270 195 2739 95 1531
228 22 2932 288 3849 147 2162 36 826 103 1628 48 969 266 3590 279 3741 163 2350 205 2853 46 951 271 3641 165 2376 189 2661 211 2931 26 705 92 1493 249 3383 204 2845 145 2132 127 1924 294 3918 112 1736
229 22 2586 81 1369 242 3301 285 3818 106 1668 272 3661 33 790 230 3158 16 585 130 1949 91 1486 166 2389 8 495 47 961 212 2942 231 3168 119 1826 147 2160 247 3355 222 3064 298 3972 33 790 17 603
230 22 2388 16 587 3 434 117 1797 26 705 100 1596 232 3174 186 2632 188 2651 273 3673 208 2888 48 973 179 2540 251 3407 14 563 291 3883 7 481 7 481 193 2715 157 2283 95 1532 174 2486 220 3037
231 22 2251 72 1261 61 1128 290 3878 44 917 109 1705 269 3622 228 3132 162 2344 272 3656 84 1397 35 812 173 2469 89 1462 256 3464 12 544 97 1555 121 1846 81 1363 50 990 55 1058 143 2113 111 1732
232 22 2404 69 1223 259 3498 286 3826 79 1342 102 1624 213 2945 1 401 282 3774 4 438 154 2248 84 1400 236 3223 163 2346 37 838 22 664 165 2377 57 1075 80 1349 284 3805 158 2286 61 1127 209 2905
233 22 2775 240 3274 282 3782 45 931 25 693 208 2886 293 3907 116 1783 253 3432 291 3891 145 2134 189 2665 251 3406 47 955 293 3909 61 1129 48 965 88 1450 116 1783 246 3352 124 1885 9 508 99 1580
234 22 2759 216 2981 53 1036 82 1383 229 3148 134 2000 118 1806 55 1056 69 1223 298 3968 116 1782 160 2309 217 3000 75 1290 271 3642 121 1847 202 2820 281 3768 73 1268 153 2232 174 2478 72 1260 280 3754
235 22 2656 141 2084 198 2773 14 560 170 2432 268 3616 7 477 160 2314 114 1758 121 1841 226 3108 214 2963 194 2717 160 2310 125 1896 245 3333 207 2883 141 2084 288 3845 34 799 14 561 43 912 237 3239
236 22 2852 136 2029 111 1722 227 3113 269 3619 127 1923 188 2651 66 1188 141 2082 178 2527 253 3429 230 3150 80 1349 119 1823 215 2979 46 951 232 3182 232 3181 151 2208 82 1377 193 2716 51 1012 239 3261
237 22 2528 154 2238 98 1576 219 3018 253 3427 241 3292 290 3876 199 2787 9 505 56 1068 24 681 160 2314 167 2396 177 2520 60 1117 62 1137 111 1725 44 919 262 3540 205 2857 33 794 52 1019 284 3804
238 22 2640 247 3355 298 3966 206 2861 37 833 190 2675 214 2959 52 1013 31 764 89 1459 271 3647 124 1882 21 651 186 2631 33 795 159 2303 223 3074 223 3075 265 3577 118 1816 178 2532 83 1394 53 1032
239 22 2475 256 3468 231 3165 298 3965 42 900 233 3189 186 2630 10 509 101 1607 155 2255 168 2415 157 2278 16 585 48 971 291 3891 54 1045 100 1589 71 1243 98 1566 100 1600 160 2319 285 3820 34 805
240 22 2132 7 477 25 696 43 913 153 2234 115 1770 88 1448 219 3023 45 937 43 916 212 2936 136 2025 275 3698 21 646 148 2167 32 778 187 2643 147 2157 45 938 111 1729 178 2527 230 3155 205 2850
241 22 2889 294 3923 109 1700 198 2772 158 2290 24 688 277 3721 169 2427 73 1266 247 3359 119 1819 251 3404 160 2316 96 1550 39 864 257 3481 299 3982 196 2746 159 2299 91 1484 113 1754 150 2195 133 1990
242 22 2746 72 1253 177 2516 153 2230 274 3678 188 2656 61 1123 11 525 13 547 231 3161 187 2636 194 2725 26 707 225 3093 141 2091 1 402 34 808 227 3121 247 3363 300 3995 148 2166 298 3974 225 3096
243 22 2858 160 2316 261 3524 42 900 44 917 108 1696 54 1040 54 1045 117 1794 39 862 107 1676 174 2482 249 3385 279 3744 179 2545 276 3709 147 2158 204 2839 75 1296 298 3971 291 3890 171 2451 244 3317
244 22 2856 173 2476 146 2144 227 3118 47 963 159 2298 179 2538 217 2994 240 3276 102 1618 42 894 196 2748 273 3670 130 1954 247 3363 265 3580 286 3823 241 3282 79 1346 148 2169 23 665 91 1484 60 1119
245 22 2433 173 2476 251 3410 14 561 158 2289 182 2583 267 3594 112 1739 267 3601 191 2682 264 3558 43 908 58 1088 220 3031 54 1044 236 3222 19 628 154 2247 82 1373 254 3446 21 646 5 453 17 603
246 22 2781 202 2824 227 3119 109 1706 112 1744 117 1796 148 2165 150 2199 185 2615 151 2202 115 1776 158 2286 81 1371 294 3925 88 1446 67 1196 119 1817 289 3867 111 1728 75 1291 248 3367 282 3780 149 2185
247 22 2348 40 878 139 2065 288 3856 98 1574 125 1891 59 1099 219 3017 265 3569 156 2270 137 2040 107 1684 65 1180 184 2606 216 2989 44 917 56 1068 100 1596 132 1982 206 2868 47 961 135 2018 118 1809
248 22 2702 268 3605 155 2252 229 3145 132 1976 94 1520 70 1230 275 3690 19 620 6 472 76 1311 287 3839 233 3187 77 1315 131 1965 291 3884 173 2475 13 556 269 3623 86 1421 49 985 251 3408 194 2726
249 22 2337 150 2192 186 2627 166 2384 202 2820 129 1947 76 1302 299 3978 76 1302 232 3182 144 2120 104 1648 243 3305 60 1118 72 1255 71 1250 206 2864 23 673 42 904 117 1801 57 1076 111 1721 156 2261
250 22 2139 8 489 191 2687 53 1030 233 3196 170 2430 88 1446 126 1906 103 1631 150 2192 147 2159 273 3665 32 773 51 1001 254 3447 71 1252 71 1246 165 2372 68 1211 40 880 179 2543 168 2416 33 794
251 22 2586 101 1601 136 2030 127 1919 199 2782 41 881 22 653 295 3935 264 3562 140 2075 110 1712 177 2521 99 1580 211 2931 74 1284 98 1568 222 3056 76 1309 189 2662 105 1656 223 3067 261 3530 63 1150
252 22 2527 288 3846 240 3271 239 3260 202 2814 50 998 121 1846 163 2349 25 698 220 3033 24 682 215 2979 149 2177 107 1677 138 2050 235 3213 15 578 300 3995 36 821 133 1985 39 863 28 730 192 2697
253 22 3136 83 1392 162 2335 288 3853 212 2939 293 3910 17 593 218 3013 283 3787 5 457 190 2679 235 3218 205 2849 292 3901 172 2458 28 733 193 2713 276 3712 114 1761 168 2411 55 1060 250 3393 181 2567
254 22 2830 207 2875 51 1009 49 987 31 761 107 1678 56 1066 18 612 211 2922 241 3286 254 3438 180 2550 290 3873 248 3375 92 1499 232 3179 196 2751 261 3525 253 3435 86 1423 150 2198 231 3167 94 1524
255 22 2919 130 1958 122 1854 283 3787 216 2989 243 3308 8 490 77 1313 141 2082 192 2694 89 1460 163 2352 94 1520 94 1520 146 2148 67 1201 242 3294 278 3735 254 3439 297 3964 98 1566 256 3462 159 2302
256 22 2312 220 3039 37 843 196 2751 169 2421 249 3377 167 2398 7 478 93 1515 67 1193 62 1141 277 3719 20 630 180 2551 6 472 10 516 173 2470 300 3997 96 1541 123 1871 139 2058 248 3365 51 1008
257 22 2325 278 3732 291 3881 173 2475 115 1777 56 1061 103 1630 20 637 202 2819 84 1406 135 2019 28 731 132 1973 266 3592 36 829 188 2649 47 964 103 1625 5 453 225 3100 278 3735 93 1506 49 978
258 22 2925 79 1343 188 2652 149 2179 276 3706 152 2224 285 3820 82 1373 170 2432 284 3803 165 2370 293 3906 122 1861 248 3376 51 1007 255 3452 42 895 105 1649 251 3404 68 1211 138 2053 118 1810 136 2031
259 22 2504 261 3525 214 2965 159 2308 161 2323 284 3805 147 2157 96 1541 89 1463 132 1981 30 759 240 3277 29 742 61 1129 172 2454 80 1350 98 1572 210 2914 82 1376 49 977 180 2560 113 1745 243 3311
260 22 2613 167 2403 2 415 9 504 179 2538 12 540 178 2529 207 2879 297 3961 34 801 220 3034 197 2764 88 1455 296 3948 171 2445 150 2197 142 2101 47 963 213 2946 294 3924 97 1563 221 3044 46 950
261 22 2413 17 598 200 2797 174 2483 171 2449 180 2556 149 2184 7 481 42 897 17 593 161 2325 269 3626 165 2377 114 1768 114 1758 213 2947 162 2342 26 712 246 3341 194 2722 54 1048 236 3222 106 1663
262 22 2226 36 828 110 1715 27 724 50 999 206 2868 23 674 52 1021 278 3734 215 2979 58 1091 279 3740 50 994 184 2607 43 912 64 1168 141 2082 135 2018 94 1524 300 3995 226 3108 160 2318 52 1017
263 22 2114 19 627 280 3749 245 3338 86 1426 15 580 25 693 173 2473 171 2445 71 1249 129 1939 16 589 97 1564 241 3284 300 3995 79 1347 110 1712 12 541 37 836 205 2858 145 2137 11 523 176 2507
264 22 2496 175 2499 1 409 72 1254 230 3151 143 2114 36 832 295 3931 21 644 19 624 80 1350 31 767 178 2533 63 1155 222 3064 47 953 261 3524 149 2187 89 1458 229 3144 284 3798 234 3205 261 3526
265 22 2537 121 1851 137 2042 182 2577 147 2158 126 1911 288 3846 238 3252 35 812 43 905 206 2861 126 1908 9 501 172 2462 173 2476 117 1804 21 649 198 2771 190 2670 208 2892 155 2251 85 1414 195 2732
266 22 2440 107 1679 186 2628 90 1480 145 2140 233 3193 150 2199 75 1293 29 748 257 3473 116 1790 14 567 61 1124 258 3487 262 3534 44 927 186 2627 115 1769 244 3318 13 551 217 2994 201 2812 47 961
267 22 2544 12 536 237 3243 29 747 54 1039 77 1314 284 3808 81 1362 144 2122 108 1689 56 1066 283 3792 293 3912 92 1494 53 1036 232 3177 249 3379 80 1350 213 2953 64 1163 29 737 242 3298 268 3606
268 22 2482 174 2482 220 3037 28 725 246 3348 35 813 68 1215 131 1969 121 1846 127 1918 268 3606 285 3814 97 1555 116 1786 268 3606 21 651 62 1134 227 3121 143 2116 150 2190 43 909 81 1365 192 2704
269 22 2755 138 2047 136 2022 100 1599 269 3617 197 2763 12 534 230 3151 171 2444 127 1922 285 3814 12 539 197 2757 263 3546 17 595 161 2322 156 2262 138 2052 72 1256 244 3326 13 555 232 3177 274 3686
270 22 2881 63 1145 163 2347 238 3253 200 2792 274 3682 156 2265 67 1200 226 3103 25 695 125 1893 280 3758 209 2897 268 3609 195 2736 125 1891 24 688 23 665 228 3126 291 3891 17 596 254 3444 151 2204
271 22 2438 139 2063 270 3638 171 2445 165 2371 184 2599 253 3433 152 2221 190 2677 52 1021 105 1657 168 2413 130 1952 174 2485 60 1119 49 983 2 415 121 1842 131 1965 198 2773 264 3565 65 1171 5 454
272 22 2483 145 2132 250 3397 296 3946 58 1092 155 2257 150 2199 242 3293 114 1757 63 1149 135 2016 157 2279 33 794 149 2188 89 1465 23 676 209 2906 201 2805 49 978 81 1369 192 2696 42 898 271 3651
273 22 2082 38 847 174 2479 210 2917 276 3709 106 1667 72 1259 202 2824 81 1364 130 1954 227 3114 172 2460 13 548 138 2049 55 1053 1 405 206 2871 41 889 47 953 61 1132 150 2197 172 2453 31 767
274 22 3166 151 2207 218 3015 229 3148 97 1557 249 3380 289 3863 201 2806 56 1069 228 3129 295 3940 38 853 11 531 191 2688 280 3755 163 2345 132 1977 52 1016 214 2960 297 3961 74 1277 250 3396 243 3307
275 22 2504 190 2680 72 1257 70 1233 289 3857 137 2038 77 1323 189 2666 121 1842 199 2779 50 989 53 1034 241 3285 66 1189 10 517 135 2015 267 3600 219 3022 163 2352 104 1637 82 1379 144 2120 252 3424
276 22 2152 116 1789 48 965 97 1559 241 3287 180 2555 84 1406 40 873 195 2729 36 831 1 404 134 2004 231 3168 264 3561 164 2362 84 1404 300 3999 5 449 167 2398 11 526 50 997 87 1440 155 2260
277 22 2689 263 3556 19 625 269 3627 172 2456 182 2573 275 3697 169 2426 181 2565 111 1731 109 1703 25 698 19 622 213 2956 57 1081 133 1987 200 2793 26 705 261 3525 75 1298 239 3264 149 2180 215 2980
278 22 2800 284 3797 73 1268 224 3079 154 2243 156 2267 279 3742 3 428 105 1649 137 2037 207 2882 229 3143 204 2839 10 510 256 3468 176 2508 167 2401 298 3973 113 1748 103 1632 51 1007 260 3513 12 533
279 22 1856 18 616 31 766 1 403 268 3610 147 2163 54 1044 193 2707 4 440 269 3622 64 1162 48 970 155 2251 151 2203 59 1097 181 2570 66 1181 167 2402 47 959 132 1977 21 651 173 2471 72 1255
280 22 2962 291 3891 290 3876 209 2900 238 3245 103 1629 292 3902 91 1484 209 2900 250 3394 45 939 5 450 105 1653 156 2268 109 1700 191 2686 68 1208 51 1011 245 3333 251 3408 288 3851 201 2804 15 576
281 22 1775 3 432 10 512 282 3783 85 1416 54 1037 283 3785 132 1980 148 2166 29 748 102 1617 36 822 228 3136 138 2053 164 2368 60 1114 105 1653 13 550 143 2108 31 766 81 1367 23 672 69 1221
282 22 2483 89 1466 147 2157 41 884 94 1525 186 2629 293 3911 259 3502 130 1952 173 2473 294 3928 12 541 222 3061 286 3823 85 1420 112 1740 68 1211 9 507 52 1022 179 2546 81 1363 269 3623 23 665
283 22 2770 83 1396 123 1874 59 1108 183 2590 246 3347 84 1404 290 3874 53 1027 125 1894 4 437 253 3428 167 2401 145 2134 147 2164 184 2601 270 3633 111 1730 265 3579 106 1669 263 3550 144 2122 158 2289
284 22 3031 21 642 225 3091 96 1547 199 2785 247 3361 243 3315 158 2294 20 638 298 3975 283 3791 83 1388 299 3985 10 510 271 3646 185 2613 260 3513 60 1113 77 1320 157 2279 53 1026 260 3514 284 3798
285 22 2740 195 2740 141 2083 235 3211 138 2054 205 2858 171 2445 260 3520 43 914 110 1714 92 1502 139 2059 68 1208 292 3895 78 1335 148 2175 2 414 225 3091 236 3225 107 1679 270 3639 42 901 229 3140
286 22 2760 204 2838 75 1289 229 3141 112 1734 162 2335 47 958 255 3450 40 877 47 956 159 2300 264 3558 247 3355 191 2687 46 951 80 1351 270 3629 114 1765 105 1656 291 3881 215 2973 153 2225 144 2120
287 22 2854 108 1686 145 2130 157 2281 125 1900 217 2999 271 3648 227 3117 11 524 293 3916 211 2922 92 1493 43 909 80 1352 34 799 114 1767 277 3723 213 2945 213 2956 270 3638 161 2322 182 2581 124 1888
288 22 3004 9 504 123 1875 139 2066 247 3356 238 3249 169 2423 151 2202 93 1513 199 2785 269 3618 254 3439 144 2124 71 1249 168 2414 269 3625 61 1131 122 1860 179 2541 118 1814 291 3881 212 2944 230 3150
289 22 3056 155 2254 29 748 253 3434 235 3213 31 763 76 1307 250 3390 276 3710 207 2873 238 3245 100 1598 227 3121 26 712 18 611 141 2085 281 3772 289 3860 235 3220 177 2516 234 3206 62 1133 280 3749
290 22 2781 267 3597 108 1690 219 3022 171 2443 299 3987 114 1762 59 1102 254 3439 58 1094 42 901 245 3333 207 2873 242 3296 255 3458 41 884 4 445 83 1389 140 2071 151 2205 189 2658 265 3576 64 1159
291 22 2392 173 2465 41 889 129 1948 81 1371 11 530 299 3984 148 2171 214 2957 280 3752 280 3755 231 3162 120 1840 196 2747 24 688 29 746 129 1945 31 772 69 1222 15 570 73 1268 210 2920 207 2874
292 22 2464 85 1416 191 2682 216 2991 36 824 174 2480 212 2938 172 2457 7 474 36 832 93 1514 293 3906 104 1638 253 3426 240 3278 28 727 140 2075 11 524 141 2091 225 3091 237 3239 80 1356 107 1676
293 22 2460 300 3999 241 3283 44 927 58 1090 63 1146 160 2318 67 1193 36 830 119 1824 245 3336 83 1387 1 404 23 676 246 3349 288 3849 191 2690 199 2780 97 1562 275 3700 237 3238 101 1606 2 415
294 22 1998 82 1374 92 1502 258 3486 16 588 114 1765 71 1243 122 1858 239 3260 221 3045 66 1191 172 2464 239 3261 283 3789 46 944 5 450 143 2113 104 1647 60 1117 60 1113 18 614 80 1355 7 476
295 22 2576 211 2929 277 3722 40 870 42 904 70 1229 230 3153 7 479 290 3870 294 3928 194 2719 41 887 133 1991 89 1468 136 2022 244 3318 207 2879 18 614 153 2227 214 2957 245 3336 84 1401 2 417
296 22 3049 159 2297 30 755 256 3463 201 2812 132 1974 227 3120 70 1232 261 3521 115 1778 299 3984 264 3568 141 2083 29 745 196 2745 277 3716 123 1872 127 1918 278 3729 185 2617 192 2698 99 1581 151 2211
297 22 2220 119 1820 180 2549 199 2787 51 1011 216 2983 135 2019 2 420 36 828 139 2067 134 2006 264 3560 216 2992 14 558 43 907 130 1952 64 1157 114 1765 171 2441 207 2882 219 3023 31 767 91 1486
298 22 3070 282 3775 296 3943 149 2188 296 3947 185 2609 206 2861 92 1500 142 2094 21 651 270 3634 201 2810 26 705 184 2603 249 3380 217 2997 114 1764 279 3737 81 1363 69 1217 287 3840 188 2651 4 441
299 22 2993 135 2018 215 2973 77 1313 34 799 279 3739 161 2328 218 3015 293 3912 23 666 249 3384 144 2125 117 1798 213 2955 191 2683 54 1046 253 3433 276 3707 5 452 260 3518 246 3346 146 2146 153 2235
300 22 2525 26 712 116 1792 18 615 35 819 215 2971 61 1126 297 3961 288 3853 23 665 140 2077 232 3173 240 3280 202 2816 276 3705 80 1354 22 656 201 2806 94 1522 49 986 120 1839 233 3187 189 2662
301 22 2474 19 622 232 3177 250 3391 161 2329 49 980 138 2049 51 1003 7 477 83 1390 242 3301 188 2652 176 2501 97 1561 81 1362 92 1495 287 3833 60 1119 214 2962 300 3997 246 3342 46 942 74 1282
302 22 3016 190 2670 109 1702 30 751 253 3428 283 3796 29 745 260 3513 207 2877 104 1638 233 3185 47 964 288 3846 247 3360 178 2529 276 3701 271 3643 103 1634 108 1691 71 1242 199 2786 16 589 268 3613
303 22 2726 146 2147 123 1875 185 2618 217 2995 134 2001 92 1504 211 2924 231 3171 42 900 40 877 171 2444 18 614 134 1998 191 2691 189 2662 267 3601 156 2263 240 3269 153 2230 95 1529 167 2395 206 2869
304 22 2922 99 1587 237 3237 96 1547 21 652 254 3442 262 3533 65 1173 156 2261 232 3173 165 2373 270 3637 55 1058 254 3446 161 2321 72 1264 270 3633 200 2800 164 2358 177 2519 149 2182 255 3457 39 867
305 22 2304 49 979 170 2436 9 497 136 2024 153 2236 45 933 53 1028 281 3766 68 1211 155 2253 157 2284 257 3474 97 1560 266 3588 18 605 119 1821 295 3935 202 2814 276 3707 38 852 32 784 5 460
306 22 2459 8 492 199 2779 115 1780 265 3577 6 462 33 786 290 3875 94 1528 70 1235 57 1084 274 3678 224 3080 85 1414 164 2368 102 1623 105 1659 117 1794 202 2816 74 1285 124 1888 220 3033 246 3350
307 22 2698 110 1714 242 3295 47 954 267 3604 78 1330 51 1008 198 2769 243 3314 127 1920 49 988 30 750 237 3239 60 1120 227 3124 68 1207 83 1395 74 1287 256 3468 281 3762 169 2419 237 3242 239 3264
308 22 2126 21 651 78 1329 189 2662 7 483 68 1205 237 3242 114 1757 66 1184 274 3685 187 2637 35 809 100 1590 112 1740 272 3661 125 1894 171 2449 51 1005 136 2027 1 412 255 3457 25 697 134 2003
309 22 3279 213 2950 59 1106 181 2561 11 526 271 3641 211 2924 195 2734 90 1471 293 3911 269 3617 267 3593 183 2586 52 1015 294 3920 257 3478 183 2586 168 2414 179 2542 170 2438 192 2697 158 2296 203 2825
310 22 2760 210 2910 167 2396 106 1664 98 1573 300 3998 9 506 102 1622 120 1829 166 2388 181 2562 214 2961 276 3707 288 3846 62 1138 255 3456 60 1115 96 1543 73 1274 131 1965 280 3749 252 3414 5 457
311 22 1744 123 1874 21 646 191 2685 100 1600 110 1718 62 1144 219 3020 64 1159 169 2419 168 2416 48 968 56 1066 49 984 215 2970 87 1435 75 1292 76 1309 52 1014 170 2434 59 1102 43 911 23 669
312 22 2526 279 3747 235 3214 162 2337 37 835 284 3799 42 894 265 3572 129 1942 229 3144 57 1075 62 1141 210 2911 186 2624 224 3079 40 869 33 787 284 3804 59 1106 36 829 22 659 30 758 253 3436
313 22 2899 252 3414 272 3657 164 2364 99 1588 232 3181 95 1540 235 3211 277 3723 172 2453 193 2705 194 2719 185 2610 255 3459 160 2313 213 2947 185 2613 170 2431 60 1114 91 1484 7 484 58 1091 55 1059
314 22 2740 125 1894 275 3693 266 3587 284 3802 130 1958 170 2430 19 622 46 941 35 809 168 2406 98 1570 299 3983 46 949 99 1588 121 1842 296 3947 101 1603 225 3094 46 949 162 2342 166 2387 249 3377
315 22 2903 219 3020 84 1398 159 2307 296 3941 197 2756 69 1224 251 3402 198 2770 65 1177 288 3852 6 470 297 3962 187 2638 38 852 6 462 182 2579 270 3630 268 3605 61 1128 4 437 266 3585 218 3005
316 22 2607 85 1415 240 3273 198 2771 50 1000 21 643 56 1066 278 3730 288 3846 204 2843 34 803 85 1417 31 768 185 2612 73 1272 61 1132 208 2893 116 1789 234 3198 299 3986 282 3783 107 1681 124 1882
317 22 2532 180 2554 25 689 155 2257 131 1970 226 3102 261 3522 211 2927 226 3111 223 3065 215 2975 103 1628 106 1666 1 410 290 3873 6 468 75 1291 123 1876 124 1885 98 1574 34 802 230 3156 123 1874
318 22 2407 66 1187 136 2021 55 1060 27 715 105 1654 119 1818 7 476 102 1620 82 1380 39 862 162 2336 133 1994 282 3778 143 2111 293 3916 101 1602 110 1711 239 3261 258 3495 297 3960 13 552 240 3271
319 22 2041 175 2500 256 3464 67 1193 2 420 53 1035 3 431 88 1447 120 1840 66 1189 112 1743 40 869 208 2890 174 2479 241 3282 129 1943 247 3360 150 2200 77 1318 45 932 23 670 23 666 253 3432
320 22 2235 300 4000 83 1396 84 1403 144 2127 276 3703 202 2821 146 2148 28 731 20 632 7 478 111 1730 224 3088 145 2134 164 2367 43 907 282 3777 210 2914 156 2269 41 881 19 624 36 832 73 1266
321 22 2494 192 2697 266 3588 114 1767 250 3390 26 705 251 3411 5 455 54 1042 94 1517 187 2642 27 723 163 2356 284 3805 91 1487 158 2295 297 3963 237 3236 252 3422 43 915 27 720 39 868 61 1129
322 22 2735 151 2211 178 2527 38 847 145 2136 26 705 270 3636 45 939 60 1116 191 2686 146 2142 188 2651 226 3103 270 3635 138 2049 205 2860 265 3580 104 1641 74 1283 185 2612 62 1138 263 3546 189 2662
323 22 2077 245 3333 92 1493 7 474 105 1656 234 3206 172 2459 253 3434 201 2804 56 1064 13 548 236 3223 142 2097 66 1183 42 897 84 1404 191 2681 3 429 30 755 226 3106 39 864 76 1312 84 1408
324 22 2860 183 2592 133 1993 300 3990 230 3158 285 3809 124 1878 9 498 97 1564 210 2914 54 1038 112 1738 117 1803 288 3847 154 2246 153 2235 268 3612 64 1158 182 2584 59 1106 132 1973 212 2944 209 2898
325 22 2442 274 3686 162 2333 14 562 220 3039 18 608 82 1382 233 3185 134 2000 188 2647 183 2590 158 2288 233 3194 98 1573 277 3717 90 1470 20 639 155 2260 244 3325 24 680 106 1672 23 673 117 1799
326 22 2411 141 2092 22 661 47 964 124 1886 186 2625 259 3497 167 2403 139 2058 228 3134 114 1758 221 3045 157 2273 294 3918 46 952 49 988 142 2101 148 2175 112 1743 54 1038 124 1882 109 1702 131 1972
327 22 2366 132 1982 56 1072 196 2747 13 550 71 1241 43 910 45 931 63 1150 83 1389 202 2819 258 3486 293 3908 173 2472 64 1163 175 2491 114 1757 30 754 268 3616 194 2717 153 2228 293 3912 39 865
328 22 2423 199 2785 13 546 174 2480 160 2316 179 2540 292 3895 290 3873 225 3097 24 683 78 1328 198 2768 137 2033 242 3296 75 1289 296 3946 150 2189 29 742 23 667 37 844 21 648 100 1590 87 1435
329 22 2424 70 1237 134 2001 277 3719 259 3504 113 1756 256 3465 139 2062 21 652 35 812 28 736 75 1294 162 2341 125 1900 126 1911 199 2787 31 770 207 2883 205 2853 117 1804 91 1487 132 1981 229 3147
330 22 2180 152 2217 83 1387 268 3615 292 3902 88 1450 224 3080 118 1815 23 669 124 1884 286 3832 181 2563 19 624 30 760 271 3647 15 577 47 957 70 1235 176 2509 8 494 99 1581 8 493 144 2124
331 22 2924 243 3307 49 982 159 2299 59 1102 296 3948 14 562 151 2203 251 3409 285 3815 158 2293 137 2042 233 3185 16 590 148 2171 271 3650 38 854 247 3359 110 1717 281 3769 6 466 267 3598 237 3233
332 22 2595 82 1375 218 3007 80 1349 276 3705 5 460 210 2915 76 1307 110 1717 289 3858 295 3939 23 672 190 2674 208 2886 128 1925 271 3652 159 2299 79 1348 42 902 4 445 133 1994 230 3150 136 2029
333 22 2689 246 3350 65 1174 227 3117 63 1151 166 2391 83 1387 165 2370 257 3484 19 619 84 1399 280 3759 214 2957 249 3386 126 1901 103 1630 233 3196 44 924 256 3472 211 2923 63 1146 113 1746 95 1530
334 22 2796 110 1720 109 1699 180 2552 66 1185 231 3164 24 687 178 2536 76 1311 77 1313 151 2202 259 3502 218 3005 270 3638 246 3342 109 1703 138 2055 244 3326 82 1376 158 2294 161 2330 168 2409 241 3285
335 22 2480 257 3477 21 645 84 1398 113 1752 133 1988 273 3667 26 708 214 2967 211 2930 194 2728 150 2192 191 2685 65 1173 124 1882 65 1176 229 3137 276 3708 62 1137 248 3366 56 1072 38 854 71 1244
336 22 2528 91 1486 272 3658 150 2190 183 2596 4 442 236 3232 95 1538 214 2957 53 1033 24 683 51 1010 259 3503 135 2011 240 3275 171 2444 230 3157 79 1345 166 2387 148 2168 101 1604 137 2038 122 1864
337 22 2500 200 2795 23 669 262 3540 210 2909 90 1476 254 3446 3 426 102 1620 202 2823 27 719 148 2173 77 1315 78 1332 141 2082 5 452 246 3344 280 3759 37 835 175 2491 53 1034 263 3550 250 3399
338 22 2288 212 2940 300 4000 47 959 187 2638 195 2730 36 829 43 913 105 1660 78 1327 56 1065 96 1544 232 3184 156 2272 40 873 22 657 103 1634 194 2717 43 911 119 1823 177 2520 168 2409 251 3406
339 22 2737 44 922 13 551 161 2323 132 1979 135 2016 268 3616 278 3725 96 1546 23 673 197 2763 157 2275 280 3751 131 1969 63 1155 240 3272 130 1952 201 2810 298 3968 185 2612 179 2544 167 2395 44 922
340 22 2588 251 3410 156 2264 234 3198 291 3881 132 1982 12 543 184 2606 53 1030 129 1940 163 2354 180 2552 108 1686 66 1189 74 1284 149 2182 180 2553 250 3396 174 2478 57 1075 149 2177 219 3023 25 699
341 22 1864 219 3021 81 1369 37 833 42 900 198 2773 61 1132 281 3761 29 740 62 1133 91 1483 19 623 22 664 200 2797 89 1466 237 3237 10 518 11 529 117 1798 96 1545 153 2233 223 3068 53 1028
342 22 2546 216 2992 176 2503 5 453 185 2613 20 637 124 1886 16 586 282 3779 134 2008 191 2688 229 3137 115 1770 74 1280 131 1963 258 3490 154 2241 224 3082 94 1526 121 1845 69 1225 121 1844 244 3326
343 22 2886 135 2013 251 3402 245 3336 109 1701 234 3199 209 2902 132 1973 66 1189 248 3368 195 2734 213 2953 70 1234 85 1418 145 2135 221 3044 159 2299 80 1351 232 3175 288 3849 115 1776 42 896 134 2006
344 22 3283 233 3187 291 3882 62 1137 249 3381 227 3123 250 3392 148 2171 191 2688 149 2184 110 1718 253 3430 262 3533 177 2523 113 1747 276 3703 164 2368 19 620 179 2538 221 3041 148 2173 171 2442 211 2932
345 22 2431 122 1856 152 2213 250 3391 254 3437 29 740 259 3502 108 1690 47 953 193 2716 12 534 288 3853 149 2181 183 2586 226 3103 35 817 59 1108 114 1757 8 491 218 3010 16 581 37 839 280 3750
346 22 2093 189 2659 288 3853 79 1342 84 1400 209 2897 62 1142 270 3631 67 1193 114 1758 177 2513 181 2568 166 2386 139 2063 55 1054 102 1618 43 908 74 1277 5 453 139 2057 101 1605 61 1126 12 533
347 22 2308 276 3711 41 888 112 1734 181 2561 53 1025 33 786 295 3934 157 2280 130 1960 296 3951 68 1207 137 2044 120 1834 125 1892 65 1169 248 3376 124 1880 173 2472 24 688 22 662 81 1363 125 1896
348 22 3107 76 1301 178 2530 236 3222 162 2341 21 641 271 3645 114 1766 273 3667 75 1297 258 3487 76 1302 276 3706 272 3654 159 2302 217 3002 264 3567 289 3860 127 1917 22 653 186 2624 157 2274 175 2498
349 22 2407 175 2499 267 3597 194 2717 23 668 141 2084 239 3259 53 1027 128 1928 43 914 140 2079 184 2605 289 3860 138 2046 39 858 15 571 233 3189 50 995 134 1998 161 2321 255 3453 41 884 67 1204
350 22 2604 62 1138 86 1427 112 1742 119 1824 90 1479 215 2969 203 2829 110 1717 276 3711 207 2876 36 822 299 3988 91 1491 69 1222 119 1824 172 2453 110 1716 247 3353 258 3489 68 1207 193 2709 113 1753
351 22 3000 183 2593 142 2095 141 2090 62 1144 85 1419 290 3877 44 922 109 1706 296 3952 49 978 281 3763 265 3578 153 2229 247 3363 141 2092 211 2931 107 1675 224 3086 154 2244 137 2035 245 3331 184 2602
352 22 2568 78 1328 2 423 147 2153 243 3305 153 2225 184 2598 208 2886 243 3312 243 3305 72 1263 175 2500 206 2864 128 1929 188 2653 36 824 93 1515 146 2152 251 3401 28 735 104 1641 234 3208 48 973
353 22 2816 280 3751 127 1916 266 3591 241 3283 20 631 116 1781 170 2432 52 1013 92 1496 246 3348 260 3518 20 633 229 3143 152 2222 223 3067 245 3338 220 3031 209 2898 95 1538 143 2114 11 523 103 1630
354 22 2820 22 658 220 3034 8 494 294 3928 220 3038 169 2426 279 3741 42 903 126 1903 212 2944 186 2623 233 3195 211 2925 245 3329 141 2087 10 516 229 3140 7 478 128 1928 251 3401 106 1664 186 2628
355 22 2724 27 724 136 2027 194 2728 237 3234 297 3953 75 1298 225 3097 112 1738 133 1990 242 3303 154 2246 120 1834 209 2908 171 2443 178 2526 277 3721 112 1742 189 2665 19 626 34 800 60 1112 204 2845
356 22 2592 190 2676 84 1404 215 2975 202 2815 35 812 69 1224 150 2197 128 1926 140 2073 106 1670 93 1509 67 1199 111 1723 64 1163 263 3552 283 3796 278 3732 270 3631 63 1154 148 2170 139 2068 143 2111
357 22 2540 268 3614 7 484 222 3060 168 2408 196 2744 65 1177 228 3125 247 3354 134 2005 163 2348 88 1445 106 1668 156 2264 91 1491 32 784 165 2376 283 3785 146 2141 127 1918 102 1620 138 2048 44 918
358 22 2713 34 803 237 3239 18 605 130 1957 234 3197 32 784 186 2621 58 1085 121 1849 51 1006 128 1933 242 3298 137 2040 285 3811 240 3280 148 2173 190 2672 215 2974 46 944 213 2949 275 3696 172 2462
359 22 2760 103 1636 125 1895 200 2799 17 594 60 1119 148 2168 146 2142 93 1512 153 2236 283 3788 232 3173 296 3950 53 1033 274 3684 107 1676 21 645 129 1941 61 1132 145 2134 289 3863 238 3249 277 3723
360 22 3061 187 2642 92 1498 101 1606 266 3586 106 1667 68 1209 144 2127 214 2967 248 3372 136 2032 299 3985 229 3137 281 3763 296 3942 170 2436 256 3469 116 1788 16 591 286 3828 66 1190 90 1472 160 2318
361 22 2698 243 3311 33 796 76 1308 190 2675 166 2387 137 2033 45 931 107 1683 171 2449 211 2930 211 2922 198 2773 84 1405 231 3164 281 3769 208 2886 247 3356 150 2199 177 2524 33 795 45 930 129 1939
362 22 2655 248 3375 5 454 78 1326 197 2760 64 1165 200 2789 247 3362 270 3636 165 2374 209 2897 167 2393 46 946 79 1337 132 1975 212 2942 77 1316 203 2835 171 2443 147 2159 53 1026 181 2568 168 2415
363 22 2755 140 2078 37 836 221 3052 96 1549 218 3008 23 667 124 1883 280 3755 289 3859 22 655 185 2618 246 3350 181 2569 102 1617 120 1833 265 3577 171 2451 276 3706 138 2045 76 1304 97 1564 137 2035
364 22 2537 97 1559 71 1245 67 1204 257 3474 52 1019 252 3422 19 617 241 3290 97 1561 91 1486 167 2404 105 1652 198 2772 140 2074 12 534 241 3287 288 3847 159 2304 285 3814 8 488 295 3929 30 757
365 22 2620 251 3410 134 1997 15 571 291 3890 197 2753 155 2260 241 3281 133 1988 120 1839 114 1768 265 3579 239 3263 21 646 153 2225 152 2218 12 543 291 3882 108 1688 16 591 72 1255 230 3152 65 1169
366 22 3022 162 2343 264 3568 87 1442 272 3655 199 2787 269 3622 246 3347 176 2502 291 3883 28 725 249 3378 179 2539 177 2514 164 2358 73 1276 177 2513 225 3091 22 657 43 915 106 1664 79 1340 290 3878
367 22 2704 56 1062 31 766 159 2304 106 1663 185 2612 191 2684 147 2161 207 2881 282 3775 167 2400 14 562 82 1374 266 3591 267 3600 16 583 208 2891 271 3649 7 479 35 815 238 3250 276 3711 170 2429
368 22 2906 34 799 52 1013 53 1028 58 1093 280 3749 218 3006 204 2845 183 2593 41 881 299 3979 109 1697 218 3012 270 3635 269 3626 250 3392 177 2522 98 1575 27 715 225 3090 197 2758 121 1841 250 3400
369 22 2720 276 3704 24 680 204 2841 259 3505 39 863 256 3468 204 2837 168 2413 10 517 33 796 246 3343 38 847 275 3696 219 3022 33 789 225 3090 240 3278 46 951 83 1392 280 3759 227 3122 15 574
370 22 2600 13 549 205 2853 131 1964 183 2590 149 2188 167 2401 11 529 194 2726 291 3891 85 1414 132 1981 165 2370 86 1424 134 2006 192 2702 19 622 8 492 294 3917 237 3238 64 1166 201 2801 289 3867
371 22 2078 121 1848 211 2927 56 1061 26 703 249 3387 151 2207 81 1363 58 1085 184 2601 13 552 54 1037 68 1213 240 3270 109 1703 135 2016 132 1977 78 1327 59 1105 244 3325 36 828 234 3203 59 1106
372 22 2779 268 3613 270 3639 138 2047 165 2377 166 2388 25 700 279 3745 204 2840 10 517 9 507 174 2486 275 3692 216 2981 238 3249 42 897 294 3920 59 1107 210 2917 150 2197 112 1735 39 859 131 1967
373 22 2463 293 3905 208 2887 138 2052 184 2601 119 1819 72 1255 129 1944 282 3779 150 2200 32 776 52 1017 84 1402 214 2967 104 1637 103 1628 164 2361 192 2693 176 2508 9 502 124 1884 5 451 245 3339
374 22 2636 1 404 52 1018 108 1689 243 3307 2 421 256 3467 127 1914 262 3534 196 2750 73 1272 286 3822 150 2196 209 2903 248 3371 33 790 203 2828 194 2722 226 3107 78 1332 177 2518 136 2030 36 825
375 22 2440 2 413 84 1397 262 3536 89 1465 2 421 216 2983 199 2777 236 3229 255 3454 288 3846 280 3759 237 3238 7 478 13 549 258 3496 207 2873 18 612 169 2418 70 1240 15 580 138 2047 6 470
376 22 3090 188 2654 283 3789 192 2697 167 2398 74 1278 237 3240 271 3647 252 3414 81 1371 64 1158 215 2969 227 3113 296 3948 131 1963 298 3976 31 761 206 2863 171 2446 128 1932 269 3626 62 1143 20 629
377 22 2846 78 1327 84 1406 161 2328 92 1501 178 2535 87 1434 294 3918 104 1647 167 2397 53 1033 255 3455 77 1315 276 3705 29 747 298 3967 295 3939 200 2797 20 635 196 2748 267 3595 182 2574 165 2373
378 22 2299 297 3960 183 2586 220 3031 24 680 286 3827 60 1115 116 1786 253 3427 252 3413 206 2861 5 457 73 1272 139 2066 13 554 126 1904 37 842 43 913 1 408 32 773 99 1579 207 2883 202 2822
379 22 2624 36 825 54 1037 76 1310 113 1751 20 629 267 3595 257 3484 188 2656 100 1593 103 1625 32 782 130 1957 268 3605 91 1492 208 2887 116 1785 285 3818 146 2152 154 2244 152 2219 193 2710 292 3895
380 22 3053 93 1510 107 1683 280 3759 105 1652 214 2964 294 3924 21 645 73 1274 295 3930 30 751 199 2787 206 2872 277 3715 122 1862 52 1023 297 3963 102 1624 278 3736 144 2125 183 2588 171 2452 274 3681
381 22 2488 100 1589 159 2302 73 1266 270 3637 222 3053 66 1184 271 3649 25 699 121 1843 179 2537 203 2832 185 2620 84 1408 241 3290 96 1541 101 1605 9 499 199 2785 86 1423 195 2729 156 2262 70 1236
382 22 2211 178 2528 119 1825 92 1495 132 1980 82 1383 234 3207 252 3413 74 1277 119 1817 138 2050 161 2323 42 904 290 3878 97 1564 199 2778 107 1684 70 1229 155 2254 48 972 112 1742 53 1025 10 509
383 22 2264 151 2208 65 1175 57 1076 29 737 9 505 4 445 206 2867 244 3318 35 819 177 2524 121 1849 27 713 49 981 288 3851 65 1176 230 3158 64 1162 185 2613 116 1782 143 2116 293 3910 273 3672
384 22 2328 96 1545 45 940 234 3208 107 1683 143 2116 222 3056 30 752 189 2661 124 1881 232 3182 187 2643 132 1975 45 939 264 3564 12 534 65 1176 114 1757 129 1947 32 779 111 1731 288 3849 109 1704
385 22 2253 299 3982 174 2484 56 1071 96 1548 80 1353 22 659 135 2020 19 626 33 788 270 3638 57 1082 252 3423 94 1524 3 425 255 3454 164 2368 233 3193 174 2485 64 1157 54 1045 224 3087 59 1103
386 22 2794 120 1836 272 3657 124 1880 102 1613 151 2206 226 3103 133 1996 224 3085 207 2876 168 2411 263 3547 172 2455 235 3217 111 1728 96 1552 273 3665 137 2036 62 1135 257 3480 81 1365 76 1307 3 434
387 22 2210 6 461 185 2610 150 2198 266 3588 1 406 31 767 35 811 176 2509 185 2615 1 408 124 1883 170 2432 81 1365 225 3089 280 3759 275 3697 11 527 143 2113 167 2395 76 1306 87 1439 88 1451
388 22 2836 1 409 236 3231 33 788 139 2060 197 2763 184 2599 157 2276 185 2620 242 3302 231 3162 208 2891 76 1302 244 3320 35 812 289 3865 53 1032 271 3650 129 1948 116 1781 215 2971 159 2304 145 2136
389 22 2428 157 2282 190 2678 131 1968 245 3336 36 827 160 2319 125 1897 167 2399 66 1188 250 3400 180 2554 151 2209 249 3383 62 1137 80 1349 225 3090 17 603 138 2055 148 2172 106 1667 21 643 131 1961
390 22 2268 13 548 202 2821 273 3671 44 924 84 1401 242 3297 139 2063 154 2239 9 506 206 2871 156 2265 214 2959 51 1005 178 2526 69 1227 132 1974 99 1577 195 2731 28 727 61 1130 246 3342 40 877
391 22 2564 260 3519 52 1020 155 2259 20 629 65 1178 219 3023 130 1951 44 924 149 2184 86 1428 246 3347 51 1004 100 1595 123 1869 280 3749 134 2008 162 2333 186 2622 146 2147 238 3250 178 2536 181 2570
392 22 2975 72 1261 222 3060 217 3002 155 2257 113 1756 218 3005 296 3942 286 3825 109 1704 231 3170 193 2712 92 1498 80 1349 176 2501 155 2255 120 1830 228 3127 132 1973 214 2968 205 2860 1 411 204 2840
393 22 2452 19 625 198 2773 295 3934 238 3252 17 596 41 890 146 2147 275 3700 107 1676 136 2027 297 3958 78 1336 127 1918 194 2720 39 865 238 3251 166 2388 98 1567 99 1582 205 2850 48 971 4 438
394 22 2633 298 3975 14 564 245 3336 174 2480 21 649 300 3996 74 1287 7 484 105 1651 70 1232 274 3682 59 1100 232 3181 285 3818 272 3658 96 1541 271 3642 205 2859 154 2242 44 921 57 1075 35 818
395 22 2856 219 3019 1 409 188 2645 226 3106 275 3691 193 2705 97 1559 296 3950 165 2377 212 2941 79 1339 248 3376 272 3653 154 2246 16 586 202 2820 54 1044 86 1431 59 1104 136 2030 202 2814 191 2685
396 22 2826 154 2245 64 1165 142 2104 130 1951 10 514 230 3158 23 670 184 2603 287 3835 229 3145 112 1741 193 2706 1 402 119 1828 241 3291 296 3946 280 3754 97 1563 232 3174 208 2885 212 2936 89 1461
397 22 2914 134 2005 275 3698 121 1847 287 3843 41 890 217 2997 226 3109 245 3332 61 1127 224 3077 145 2132 222 3064 126 1903 172 2456 244 3322 249 3387 35 814 152 2215 6 470 228 3129 3 436 230 3152
398 22 3147 260 3510 151 2205 95 1538 293 3909 84 1398 76 1301 283 3788 252 3423 203 2826 125 1894 182 2581 79 1337 278 3727 265 3577 290 3874 135 2013 214 2968 30 755 243 3306 72 1254 101 1606 223 3075
399 22 2920 217 3004 201 2801 250 3396 138 2056 205 2854 249 3387 173 2468 107 1678 61 1121 254 3440 229 3137 263 3545 151 2205 88 1455 46 948 155 2256 174 2479 227 3120 110 1712 118 1805 173 2467 61 1125
400 22 2473 164 2364 17 599 184 2597 295 3936 201 2805 9 500 105 1651 20 634 205 2859 193 2713 127 1916 170 2437 293 3906 200 2797 238 3254 2 414 104 1644 49 980 250 3393 127 1921 125 1889 14 565
401 22 2354 224 3088 188 2654 129 1939 186 2621 19 617 160 2320 43 912 34 804 54 1046 37 835 180 2551 154 2244 186 2623 94 1523 81 1363 257 3475 210 2918 197 2764 62 1133 26 708 180 2551 242 3295
402 22 2366 253 3429 258 3485 180 2558 273 3671 103 1632 82 1379 255 3455 3 434 58 1091 108 1687 104 1641 50 998 90 1470 10 515 299 3978 216 2983 146 2141 148 2169 25 699 45 935 13 545 239 3262
403 22 2579 128 1932 173 2469 123 1875 234 3204 14 562 9 499 157 2283 198 2774 74 1283 250 3394 66 1183 158 2290 172 2457 295 3940 299 3983 158 2285 65 1173 227 3113 68 1213 46 942 122 1855 188 2655
404 22 2764 45 930 157 2284 261 3530 69 1221 42 897 157 2282 198 2772 186 2621 63 1150 241 3289 177 2523 180 2555 235 3211 242 3293 27 718 295 3932 206 2864 60 1116 182 2580 66 1183 246 3346 120 1838
405 22 1608 103 1633 108 1690 151 2202 55 1059 150 2198 114 1766 47 953 58 1092 181 2570 178 2526 143 2114 169 2423 28 725 46 950 37 844 67 1196 148 2169 63 1146 34 808 24 679 97 1557 10 512
406 22 2685 52 1024 263 3547 259 3498 270 3638 51 1009 160 2319 19 626 249 3378 237 3236 263 3550 105 1657 115 1774 148 2170 40 872 3 429 96 1542 225 3090 165 2370 23 676 299 3987 252 3422 63 1146
407 22 2662 69 1227 178 2532 84 1400 128 1930 271 3642 150 2198 78 1333 125 1890 164 2365 216 2983 99 1588 78 1334 12 539 114 1767 61 1132 110 1718 269 3626 292 3893 270 3634 140 2075 263 3551 157 2284
408 22 2622 23 670 118 1809 110 1712 139 2065 182 2574 193 2713 51 1006 125 1892 82 1380 288 3847 190 2669 104 1641 171 2449 100 1595 239 3266 296 3950 135 2020 186 2632 147 2157 295 3939 56 1066 48 970
409 22 2672 153 2232 236 3232 263 3548 223 3070 131 1966 220 3034 95 1529 223 3065 4 447 249 3380 284 3802 117 1798 111 1728 86 1431 163 2350 31 772 130 1949 41 884 148 2171 58 1089 238 3250 137 2044
410 22 2965 238 3252 161 2325 73 1272 141 2092 287 3843 166 2389 300 3992 42 903 276 3703 226 3109 167 2400 264 3564 27 720 96 1548 72 1254 256 3470 147 2162 96 1545 150 2196 209 2901 152 2220 161 2328
411 22 2506 157 2280 188 2651 20 632 229 3140 14 557 188 2647 200 2792 8 495 214 2968 192 2704 197 2764 59 1105 97 1561 140 2077 259 3499 115 1776 52 1024 273 3670 191 2686 119 1819 123 1876 98 1570
412 22 2712 110 1711 274 3680 187 2641 169 2424 169 2426 259 3508 162 2343 45 938 193 2715 72 1264 212 2937 82 1379 270 3639 136 2023 156 2266 281 3768 63 1147 52 1017 73 1276 78 1329 108 1687 239 3263
413 22 3274 260 3511 76 1306 167 2396 229 3139 298 3969 115 1770 241 3292 292 3893 260 3515 274 3685 239 3260 273 3671 7 482 31 767 4 446 59 1106 227 3120 209 2900 277 3724 118 1805 212 2933 225 3099
414 22 1962 14 557 68 1205 205 2851 1 402 184 2604 81 1372 103 1636 207 2879 26 701 299 3988 126 1908 225 3094 293 3913 11 531 158 2296 1 405 124 1883 33 793 18 607 58 1094 76 1309 142 2100
415 22 2658 130 1955 124 1884 113 1748 32 777 93 1512 298 3966 246 3343 30 752 266 3585 28 728 221 3050 229 3137 70 1233 183 2590 70 1232 11 522 119 1817 278 3733 287 3837 181 2571 254 3447 60 1111
416 22 2996 199 2784 225 3096 289 3857 119 1820 237 3243 230 3152 7 483 222 3056 188 2652 110 1720 170 2429 247 3360 224 3088 114 1759 60 1113 246 3341 179 2547 152 2220 38 856 3 432 230 3157 257 3482
417 22 2808 113 1753 68 1210 251 3411 290 3872 245 3338 40 872 174 2480 150 2194 183 2596 213 2950 165 2369 159 2302 72 1264 202 2819 214 2957 193 2710 126 1903 40 880 60 1117 186 2622 163 2346 203 2828
418 22 2444 47 959 107 1683 214 2961 258 3494 61 1124 131 1961 68 1205 169 2420 151 2201 117 1796 156 2265 287 3837 92 1498 147 2155 245 3329 191 2681 14 560 77 1315 85 1409 217 3002 193 2709 29 743
419 22 2752 74 1288 160 2315 115 1780 200 2797 261 3524 212 2938 187 2633 293 3905 212 2933 127 1917 90 1480 131 1971 85 1414 169 2427 9 501 206 2868 77 1323 70 1237 292 3896 277 3717 38 847 156 2270
420 22 2751 250 3400 158 2290 27 713 217 2995 287 3844 179 2541 171 2445 235 3211 26 704 154 2243 268 3611 240 3277 18 608 23 667 21 652 208 2886 229 3144 8 490 275 3694 72 1258 252 3424 121 1841
421 22 2675 16 583 168 2412 25 694 2 421 159 2306 245 3338 83 1393 48 969 255 3453 282 3783 185 2609 132 1976 76 1312 268 3610 186 2623 230 3156 217 2993 4 448 279 3745 194 2725 232 3174 58 1086
422 22 2332 36 824 183 2586 129 1939 267 3595 178 2527 239 3258 190 2678 201 2801 13 551 23 671 19 624 46 948 102 1616 245 3330 105 1654 96 1549 4 443 150 2194 185 2614 70 1230 297 3958 138 2045
423 22 2877 19 626 294 3926 139 2064 62 1138 83 1386 192 2701 88 1455 272 3656 165 2378 8 487 247 3360 213 2948 235 3209 17 599 249 3388 201 2812 178 2533 281 3771 213 2952 155 2249 49 981 237 3238
424 22 2277 114 1761 63 1145 280 3756 12 535 220 3037 196 2742 193 2707 133 1996 96 1552 131 1966 68 1209 146 2146 79 1339 241 3286 146 2145 14 557 167 2393 157 2274 38 853 8 495 111 1721 234 3206
425 22 2669 35 811 203 2830 298 3974 246 3344 58 1087 188 2651 153 2226 178 2534 199 2784 115 1772 239 3260 226 3108 119 1818 92 1497 74 1288 110 1717 250 3400 137 2039 141 2084 176 2512 9 501 91 1485
426 22 2910 156 2266 40 879 171 2445 248 3372 2 416 245 3334 252 3423 5 452 282 3780 282 3774 111 1728 148 2165 228 3136 254 3437 118 1809 102 1624 145 2136 283 3796 268 3615 178 2532 20 629 100 1600
427 22 2660 167 2397 195 2729 153 2229 3 433 241 3288 116 1789 257 3482 252 3424 89 1465 236 3228 66 1191 88 1445 109 1703 92 1498 151 2206 239 3266 29 745 180 2549 296 3944 140 2073 128 1930 99 1584
428 22 2640 4 441 45 939 268 3611 64 1168 188 2656 124 1877 88 1451 21 647 32 774 193 2709 32 778 225 3091 189 2666 245 3337 299 3978 295 3935 203 2831 135 2009 278 3736 182 2584 51 1010 139 2067
429 22 2673 173 2470 270 3632 216 2990 65 1175 29 742 102 1615 59 1102 39 866 272 3664 299 3979 185 2612 113 1751 222 3053 216 2992 194 2726 67 1198 263 3553 11 524 175 2490 124 1883 149 2186 99 1588
430 22 2348 78 1334 170 2440 88 1454 254 3440 65 1170 288 3845 60 1119 204 2847 216 2988 172 2458 53 1032 231 3169 230 3151 99 1585 259 3499 14 567 94 1527 118 1816 52 1015 97 1560 20 636 74 1286
431 22 2488 206 2866 5 458 73 1266 224 3083 89 1459 44 919 159 2306 282 3773 84 1397 70 1232 57 1076 48 971 168 2412 157 2274 199 2788 120 1840 203 2831 195 2739 234 3200 201 2807 175 2500 117 1800
432 22 2308 133 1990 235 3217 224 3085 226 3106 216 2990 19 623 80 1358 234 3201 2 421 260 3510 5 456 86 1432 89 1464 286 3830 117 1803 13 546 22 658 131 1970 232 3179 172 2461 94 1523 9 500
433 22 2313 142 2096 210 2910 90 1471 47 954 220 3035 87 1444 299 3985 197 2757 114 1762 1 408 57 1081 260 3518 173 2474 227 3113 183 2592 13 553 6 465 66 1182 165 2369 133 1990 1 404 201 2810
434 22 2609 184 2604 38 856 221 3046 134 1998 181 2566 274 3683 24 677 299 3981 97 1557 225 3098 123 1872 160 2312 11 525 57 1079 53 1033 273 3675 243 3308 113 1747 153 2225 235 3215 23 671 141 2091
435 22 2076 101 1610 173 2474 183 2595 2 416 51 1010 22 656 209 2904 39 866 15 575 85 1416 70 1235 262 3534 103 1634 87 1437 86 1422 159 2302 196 2749 125 1898 160 2310 297 3964 58 1090 113 1745
436 22 2814 100 1590 222 3055 288 3854 39 866 295 3935 1 403 143 2106 106 1661 96 1550 265 3580 177 2521 208 2887 72 1253 161 2327 237 3235 204 2848 281 3766 65 1171 124 1885 256 3465 8 490 170 2429
437 22 2700 153 2226 156 2264 56 1067 293 3905 4 446 149 2185 247 3354 83 1394 99 1579 109 1708 238 3252 208 2886 213 2952 145 2135 20 639 153 2230 145 2140 128 1936 237 3235 192 2700 197 2756 151 2210
438 22 2800 234 3201 243 3314 171 2448 285 3818 77 1316 243 3309 12 539 92 1497 296 3942 66 1185 142 2103 293 3907 247 3363 22 661 212 2942 97 1561 69 1228 231 3170 254 3441 23 671 133 1990 59 1104
439 22 2605 131 1967 126 1906 88 1450 12 542 92 1504 245 3336 91 1482 232 3178 287 3833 107 1677 255 3451 162 2337 2 424 119 1819 288 3855 294 3917 189 2664 86 1429 192 2694 1 404 151 2201 107 1675
440 22 2917 157 2284 229 3144 183 2594 97 1561 219 3018 265 3573 85 1414 299 3979 149 2183 249 3380 299 3978 14 568 8 496 171 2447 166 2386 256 3465 272 3662 60 1110 6 470 152 2217 117 1804 194 2717
441 22 3310 168 2405 249 3385 115 1772 167 2393 152 2218 113 1748 278 3728 186 2622 134 2004 127 1921 138 2045 230 3151 223 3072 211 2927 193 2714 233 3190 190 2675 280 3757 204 2842 285 3815 31 767 231 3166
442 22 2656 126 1911 106 1665 164 2359 84 1408 94 1521 91 1491 120 1832 37 835 66 1182 176 2505 230 3152 197 2759 212 2940 161 2323 166 2383 293 3907 72 1253 187 2637 223 3067 103 1631 129 1943 283 3790
443 22 2695 175 2490 288 3851 45 940 284 3807 169 2426 154 2243 41 892 255 3452 107 1676 221 3044 96 1542 290 3872 17 598 169 2426 90 1471 151 2209 212 2939 278 3728 84 1400 108 1694 5 458 130 1949
444 22 2217 24 685 240 3275 294 3918 99 1581 101 1601 54 1044 30 757 84 1406 13 547 124 1879 100 1599 4 440 137 2038 113 1755 256 3463 141 2088 261 3525 284 3808 196 2752 55 1051 107 1683 55 1053
445 22 2848 283 3794 63 1145 217 3003 60 1109 137 2040 217 2995 171 2450 178 2531 200 2793 283 3790 198 2770 14 558 286 3824 49 978 174 2479 34 804 162 2334 36 824 290 3878 263 3549 142 2095 104 1640
446 22 2812 66 1188 143 2113 121 1842 113 1747 217 2998 264 3558 222 3058 78 1332 248 3366 140 2080 232 3183 6 472 93 1515 103 1634 80 1350 253 3431 269 3626 21 643 169 2425 93 1506 290 3872 295 3930
447 22 2479 73 1265 82 1380 175 2499 69 1228 81 1369 242 3293 73 1265 177 2524 294 3917 28 732 73 1265 261 3525 39 861 25 692 143 2111 194 2726 247 3357 211 2923 31 765 242 3301 65 1179 274 3683
448 22 2748 131 1968 16 586 289 3864 222 3053 197 2760 264 3565 87 1436 47 964 73 1275 87 1435 119 1825 261 3523 16 592 200 2791 214 2963 58 1090 293 3913 81 1370 290 3875 196 2745 224 3082 71 1252
449 22 2513 133 1996 280 3752 27 722 92 1504 116 1788 213 2950 292 3894 34 799 247 3356 209 2907 4 442 13 547 98 1571 251 3404 123 1870 60 1118 84 1405 193 2710 250 3400 273 3669 37 842 113 1754
450 22 2835 58 1090 245 3340 281 3766 278 3727 66 1188 139 2063 256 3464 47 953 172 2461 65 1178 83 1394 130 1958 218 3010 179 2537 156 2261 122 1860 183 2593 209 2905 128 1927 21 646 277 3718 231 3171
451 22 2819 202 2820 203 2833 102 1618 102 1620 272 3659 43 914 201 2804 197 2757 66 1191 97 1560 174 2487 48 974 93 1513 153 2230 21 650 268 3610 153 2231 244 3325 233 3193 139 2064 261 3523 252 3423
452 22 2945 215 2976 9 497 143 2105 131 1962 211 2928 28 732 207 2882 158 2291 232 3174 261 3530 29 744 259 3507 232 3183 202 2814 21 647 42 895 267 3593 271 3650 154 2239 166 2387 167 2395 277 3714
453 22 2861 198 2768 177 2515 120 1833 102 1623 104 1637 194 2724 32 777 178 2536 253 3427 169 2428 243 3313 246 3349 230 3157 290 3879 21 642 6 466 246 3343 54 1042 232 3179 143 2109 68 1206 271 3647
454 22 2721 38 846 182 2575 44 928 2 414 55 1055 248 3366 251 3401 49 977 232 3178 226 3111 266 3590 23 667 131 1969 220 3029 104 1645 103 1628 229 3139 290 3869 296 3947 210 2912 163 2345 40 873
455 22 3054 218 3010 130 1950 99 1583 91 1485 200 2796 223 3075 261 3526 232 3184 153 2229 236 3224 3 435 96 1546 116 1792 165 2372 270 3638 176 2508 245 3330 293 3908 97 1564 93 1510 188 2654 233 3193
456 22 2744 244 3327 67 1203 193 2706 115 1773 124 1886 51 1001 152 2219 125 1896 172 2453 154 2241 167 2398 125 1893 270 3638 16 586 12 541 211 2930 289 3867 194 2726 253 3429 105 1657 298 3975 93 1506
457 22 2690 19 627 101 1608 254 3441 204 2848 129 1939 184 2602 74 1277 94 1527 52 1018 229 3138 217 2993 27 723 295 3939 130 1954 222 3057 264 3558 191 2684 110 1716 278 3733 86 1431 114 1761 89 1463
458 22 2405 106 1670 138 2050 291 3889 121 1846 31 769 244 3321 20 637 171 2441 62 1144 195 2735 83 1391 10 513 146 2148 297 3957 64 1162 1 403 182 2575 38 853 296 3949 103 1629 132 1975 276 3712
459 22 2091 123 1868 121 1850 269 3618 112 1744 102 1620 69 1218 78 1333 260 3517 107 1682 136 2031 239 3266 47 961 30 751 38 852 199 2787 198 2775 134 2008 152 2220 53 1030 26 709 44 919 77 1314
460 22 2138 200 2798 137 2037 144 2123 184 2605 139 2061 175 2499 3 427 25 697 196 2748 203 2835 103 1633 163 2355 113 1749 34 804 12 537 29 737 156 2264 139 2057 207 2879 104 1647 100 1596 107 1681
461 22 2355 13 547 286 3832 54 1046 67 1193 27 722 288 3854 79 1345 166 2386 269 3624 137 2039 8 495 57 1074 3 428 136 2022 249 3378 122 1856 248 3374 40 870 260 3515 154 2243 78 1326 203 2832
462 22 2587 108 1690 66 1187 25 699 12 538 212 2941 270 3635 225 3097 138 2052 230 3154 216 2989 72 1263 162 2335 131 1961 9 502 224 3078 180 2555 290 3875 141 2092 186 2626 85 1409 46 942 206 2872
463 22 3056 69 1224 65 1172 162 2341 61 1125 164 2358 297 3954 275 3698 236 3222 82 1375 202 2817 234 3197 228 3134 157 2279 286 3829 208 2895 223 3066 203 2825 32 783 118 1810 203 2831 80 1354 235 3218
464 22 2714 97 1559 178 2536 148 2168 236 3230 39 867 154 2248 266 3581 127 1919 169 2418 229 3142 152 2217 87 1443 188 2653 282 3777 208 2895 147 2159 228 3135 156 2268 49 977 16 581 60 1109 177 2514
465 22 2695 186 2632 98 1573 151 2203 186 2630 251 3403 196 2749 57 1077 158 2290 32 775 31 768 222 3060 243 3305 109 1702 118 1806 198 2766 110 1717 194 2727 132 1975 143 2107 267 3603 99 1580 188 2654
466 22 1961 149 2178 7 484 39 862 235 3219 73 1267 44 922 204 2839 14 557 276 3712 33 788 11 525 53 1029 229 3137 253 3434 102 1622 9 505 38 853 154 2237 231 3167 271 3646 19 628 8 485
467 22 2850 234 3206 160 2310 59 1102 256 3472 221 3051 168 2408 76 1311 244 3328 195 2736 57 1084 7 477 87 1439 185 2619 23 676 88 1455 292 3893 274 3683 290 3876 28 725 67 1196 260 3518 292 3896
468 22 2854 21 644 201 2805 275 3689 227 3117 58 1085 221 3049 159 2301 119 1820 119 1818 86 1423 40 873 180 2560 290 3871 235 3212 74 1285 207 2873 141 2087 28 730 294 3921 294 3918 78 1330 221 3041
469 22 2452 46 951 148 2176 261 3524 104 1647 33 788 148 2169 199 2778 39 860 198 2769 87 1444 89 1461 270 3631 209 2905 177 2516 56 1070 289 3864 15 573 246 3344 51 1006 155 2260 142 2096 104 1646
470 22 2166 197 2758 38 848 67 1204 233 3185 173 2470 172 2456 94 1519 124 1878 24 685 75 1296 23 671 184 2597 212 2936 53 1027 282 3777 154 2242 111 1723 34 807 250 3393 58 1091 37 834 113 1748
471 22 2803 298 3975 95 1540 120 1837 104 1644 150 2196 279 3737 59 1104 79 1338 149 2182 265 3573 16 584 38 846 51 1006 275 3690 150 2199 210 2916 122 1859 230 3159 273 3665 253 3430 225 3092 63 1151
472 22 2896 250 3400 69 1221 26 705 294 3923 198 2770 123 1867 249 3386 26 712 18 611 166 2384 168 2405 222 3064 260 3514 235 3212 208 2891 201 2808 275 3693 249 3380 72 1263 174 2479 30 751 107 1683
473 22 2549 176 2506 158 2294 66 1182 172 2455 145 2135 201 2809 17 597 248 3370 58 1095 12 539 200 2794 67 1203 253 3426 80 1360 36 830 34 800 214 2957 132 1982 203 2835 165 2370 280 3753 270 3633
474 22 2713 292 3898 190 2676 136 2027 11 527 172 2462 24 680 105 1649 268 3612 236 3224 79 1348 22 659 72 1256 245 3331 215 2971 178 2533 200 2795 209 2908 246 3348 182 2581 203 2831 46 946 61 1126
475 22 2871 280 3753 278 3727 279 3738 52 1019 93 1514 62 1139 180 2552 111 1724 229 3146 165 2370 142 2099 295 3936 65 1180 72 1253 162 2339 236 3225 128 1929 262 3540 124 1884 294 3921 16 583 64 1160
476 22 2320 105 1660 199 2777 49 977 88 1447 162 2338 40 872 260 3519 94 1522 100 1593 267 3595 164 2359 51 1004 54 1045 41 886 281 3761 124 1884 200 2796 130 1957 170 2429 7 475 25 698 289 3861
477 22 3330 66 1189 184 2606 108 1690 150 2197 107 1683 260 3513 299 3988 232 3179 192 2699 169 2425 228 3125 300 3990 194 2725 169 2424 78 1333 189 2661 84 1405 207 2880 240 3278 242 3294 273 3674 192 2702
478 22 2792 185 2610 97 1563 172 2454 145 2130 15 573 241 3282 229 3147 109 1697 201 2805 199 2788 284 3807 268 3608 231 3162 245 3340 277 3717 201 2811 70 1239 4 447 50 995 211 2922 42 901 15 580
479 22 2677 16 592 175 2491 171 2445 107 1680 250 3396 103 1633 149 2181 164 2366 24 679 186 2625 136 2025 124 1880 126 1906 232 3182 222 3063 268 3608 203 2835 252 3420 212 2939 26 701 98 1574 103 1633
480 22 2526 218 3011 162 2334 7 481 67 1201 222 3061 173 2472 72 1260 69 1221 119 1819 256 3464 105 1660 227 3124 218 3006 108 1688 22 659 160 2310 88 1455 252 3417 268 3611 190 2679 62 1133 93 1515
481 22 2923 220 3029 214 2967 213 2955 273 3667 65 1172 107 1676 94 1522 260 3512 230 3150 163 2351 263 3553 120 1836 184 2600 31 762 57 1084 168 2405 76 1307 242 3302 65 1175 223 3069 94 1519 292 3895
482 22 3100 99 1586 171 2446 163 2347 12 539 252 3418 268 3606 195 2730 57 1074 207 2882 142 2098 238 3250 207 2882 177 2513 24 681 207 2876 280 3750 224 3078 245 3340 183 2595 147 2156 197 2756 180 2558
483 22 3057 16 589 167 2401 167 2395 189 2662 157 2278 81 1368 289 3862 219 3022 238 3250 200 2795 262 3542 53 1028 96 1549 296 3949 64 1160 172 2456 109 1704 193 2706 110 1709 216 2985 236 3231 292 3893
484 22 2804 73 1273 80 1354 206 2862 108 1696 106 1666 32 777 22 656 197 2764 137 2034 75 1299 83 1387 241 3282 104 1641 296 3950 58 1093 266 3587 256 3471 246 3343 201 2803 221 3042 264 3558 234 3205
485 22 2837 256 3471 179 2540 241 3282 91 1487 118 1807 50 994 203 2825 249 3378 74 1282 239 3262 1 403 153 2233 72 1260 123 1869 39 865 266 3590 250 3396 287 3838 81 1366 156 2271 280 3754 139 2067
486 22 2635 2 419 58 1089 143 2114 291 3882 284 3799 240 3277 82 1380 162 2336 258 3491 89 1462 16 587 231 3164 21 642 29 743 295 3935 92 1499 232 3181 193 2711 34 797 130 1955 158 2293 254 3440
487 22 2860 265 3571 20 639 184 2608 260 3515 219 3021 68 1215 143 2115 134 2005 244 3323 75 1292 12 534 217 3001 231 3162 168 2415 2 421 238 3249 81 1366 239 3266 216 2987 155 2252 196 2748 208 2886
488 22 2875 125 1897 32 773 152 2224 197 2755 105 1654 164 2365 201 2808 262 3540 194 2717 154 2245 206 2862 247 3361 257 3480 8 488 8 487 81 1361 173 2467 109 1703 173 2474 296 3949 190 2675 260 3514
489 22 2694 207 2880 51 1005 103 1629 247 3363 113 1754 75 1298 115 1769 184 2606 4 444 292 3901 211 2924 161 2322 297 3962 155 2253 47 958 158 2289 39 860 178 2525 45 937 275 3691 147 2163 264 3557
490 22 2835 152 2216 164 2359 298 3971 18 605 199 2786 228 3135 163 2346 95 1539 118 1807 284 3799 192 2701 278 3729 64 1157 141 2085 201 2807 132 1983 250 3397 210 2909 150 2196 43 916 65 1177 99 1588
491 22 2352 146 2144 299 3986 68 1210 212 2940 220 3038 9 499 294 3925 93 1509 46 944 23 667 39 858 169 2425 226 3105 20 629 217 2996 210 2917 37 838 144 2126 79 1346 195 2736 134 2001 60 1117
492 22 3165 276 3708 119 1817 63 1150 213 2948 31 762 78 1326 191 2684 164 2365 135 2009 230 3156 77 1323 202 2813 239 3266 191 2691 201 2811 187 2644 230 3151 174 2487 221 3045 172 2463 290 3873 273 3672
493 22 3286 149 2179 21 642 143 2113 223 3075 146 2144 124 1880 273 3667 277 3721 254 3441 208 2891 213 2949 18 613 268 3616 251 3404 125 1895 195 2736 289 3858 276 3712 181 2568 41 889 145 2139 288 3849
494 22 2487 254 3438 114 1762 200 2799 43 914 94 1526 127 1920 81 1370 153 2228 77 1324 195 2733 255 3460 241 3291 51 1007 134 1997 229 3141 9 505 49 983 280 3754 224 3080 69 1220 129 1948 101 1602
495 22 2550 252 3423 250 3399 102 1619 137 2039 267 3601 45 940 72 1253 203 2827 139 2060 32 780 261 3530 212 2937 254 3446 264 3566 38 846 34 806 124 1882 15 576 64 1158 21 648 126 1906 276 3708
496 22 2233 194 2726 178 2535 44 928 162 2340 44 925 163 2347 49 979 251 3403 113 1746 211 2926 20 629 15 577 283 3788 60 1110 135 2020 132 1984 190 2676 98 1575 249 3377 62 1135 97 1556 42 904
497 22 2820 139 2068 252 3424 46 944 227 3115 122 1859 169 2427 266 3585 76 1306 172 2461 114 1761 75 1289 242 3296 31 764 237 3240 139 2061 80 1353 56 1063 49 983 299 3978 207 2884 290 3875 238 3256
498 22 2637 145 2137 270 3632 232 3175 136 2032 287 3836 137 2043 201 2803 256 3462 93 1516 136 2032 102 1620 286 3824 229 3139 56 1069 210 2915 29 739 90 1479 239 3267 60 1111 55 1054 10 518 38 854
499 22 2958 149 2184 149 2178 289 3865 293 3916 30 756 35 817 272 3658 88 1451 22 656 273 3671 254 3442 201 2808 246 3342 40 875 288 3847 75 1290 137 2035 98 1574 247 3364 280 3760 69 1226 163 2354
500 22 2649 5 456 32 780 292 3900 45 940 60 1120 45 936 171 2452 195 2739 44 921 98 1565 64 1161 161 2322 265 3570 222 3058 239 3268 288 3848 133 1988 160 2314 78 1333 265 3580 292 3893 158 2285
