5 1 0.022
5 1 0.023
5 1 0.021
5 1 0.036
5 1 0.020
5 1 0.031
5 1 0.024
5 1 0.031
5 1 0.027
5 1 0.030
5 1 0.035
5 1 0.031
5 1 0.029
5 1 0.021
5 1 0.041
5 1 0.032
5 1 0.026
5 1 0.032
5 1 0.031
5 1 0.036
5 1 0.019
5 1 0.036
5 1 0.027
5 1 0.019
5 1 0.033
5 1 0.031
5 1 0.025
5 1 0.037
5 1 0.039
5 1 0.033
5 1 0.025
5 1 0.034
5 1 0.028
5 1 0.019
5 1 0.032
5 1 0.020
5 1 0.039
5 1 0.032
5 1 0.026
5 1 0.026
5 1 0.033
5 1 0.029
5 1 0.030
5 1 0.032
5 1 0.033
5 1 0.023
5 1 0.032
5 1 0.029
5 1 0.036
5 1 0.017
5 1 0.029
5 1 0.027
5 1 0.026
5 1 0.025
5 1 0.037
5 1 0.024
5 1 0.022
5 1 0.021
5 1 0.021
5 1 0.026
5 1 0.028
5 1 0.036
5 1 0.026
5 1 0.033
5 1 0.021
5 1 0.023
5 1 0.027
5 1 0.025
5 1 0.027
5 1 0.028
5 1 0.032
5 1 0.024
5 1 0.031
5 1 0.021
5 1 0.025
5 1 0.030
5 1 0.018
5 1 0.019
5 1 0.033
5 1 0.025
5 1 0.024
5 1 0.031
5 1 0.027
5 1 0.033
5 1 0.024
5 1 0.033
5 1 0.027
5 1 0.024
5 1 0.036
5 1 0.032
5 1 0.040
5 1 0.030
5 1 0.021
5 1 0.026
5 1 0.022
5 1 0.027
5 1 0.032
5 1 0.035
5 1 0.029
5 1 0.037
5 1 0.034
5 1 0.029
5 1 0.034
5 1 0.027
5 1 0.023
5 1 0.030
5 1 0.018
5 1 0.026
5 1 0.031
5 1 0.017
5 1 0.028
5 1 0.032
5 1 0.032
5 1 0.030
5 1 0.029
5 1 0.030
5 1 0.042
5 1 0.027
5 1 0.027
5 1 0.024
5 1 0.030
5 1 0.027
5 1 0.032
5 1 0.021
5 1 0.024
5 1 0.027
5 1 0.032
5 1 0.040
5 1 0.028
5 1 0.033
5 1 0.024
5 1 0.035
5 1 0.028
5 1 0.019
5 1 0.031
5 1 0.025
5 1 0.030
5 1 0.029
5 1 0.040
5 1 0.023
5 1 0.019
5 1 0.031
5 1 0.037
5 1 0.028
5 1 0.031
5 1 0.030
5 1 0.030
5 1 0.025
5 1 0.018
5 1 0.028
5 1 0.037
5 1 0.027
5 1 0.028
5 1 0.038
5 1 0.022
5 1 0.024
5 1 0.038
5 1 0.028
5 1 0.031
5 1 0.032
5 1 0.036
5 1 0.033
5 1 0.022
5 1 0.029
5 1 0.023
5 1 0.026
5 1 0.035
5 1 0.025
5 1 0.033
5 1 0.034
5 1 0.022
5 1 0.024
5 1 0.027
5 1 0.029
5 1 0.039
5 1 0.033
5 1 0.029
5 1 0.033
5 1 0.023
5 1 0.027
5 1 0.028
5 1 0.026
5 1 0.035
5 1 0.031
5 1 0.028
5 1 0.030
5 1 0.030
5 1 0.029
5 1 0.024
5 1 0.038
5 1 0.026
5 1 0.032
5 1 0.038
5 1 0.036
5 1 0.032
5 1 0.016
5 1 0.023
5 1 0.029
5 1 0.020
5 1 0.024
5 1 0.028
5 1 0.029
5 1 0.037
5 1 0.030
5 1 0.029
5 1 0.028
5 1 0.030
5 1 0.031
5 1 0.025
5 1 0.032
5 1 0.020
5 1 0.036
5 1 0.035
5 1 0.019
5 1 0.036
5 1 0.035
5 1 0.036
5 1 0.017
5 1 0.036
5 1 0.028
5 1 0.029
5 1 0.021
5 1 0.026
5 1 0.021
5 1 0.026
5 1 0.028
5 1 0.035
5 1 0.030
5 1 0.016
5 1 0.031
5 1 0.035
5 1 0.023
5 1 0.031
5 1 0.022
5 1 0.021
5 1 0.023
5 1 0.030
5 1 0.025
5 1 0.023
5 1 0.027
5 1 0.023
5 1 0.029
5 1 0.039
5 1 0.030
5 1 0.025
5 1 0.031
5 1 0.017
5 1 0.035
5 1 0.031
5 1 0.020
5 1 0.022
5 1 0.031
5 1 0.036
5 1 0.029
5 1 0.032
5 1 0.019
5 1 0.039
5 1 0.025
5 1 0.031
5 1 0.031
5 1 0.025
5 1 0.031
5 1 0.034
5 1 0.024
5 1 0.019
5 1 0.023
5 1 0.036
5 1 0.028
5 1 0.036
5 1 0.021
5 1 0.023
5 1 0.029
5 1 0.022
5 1 0.026
5 1 0.014
5 1 0.031
5 1 0.030
5 1 0.033
5 1 0.026
5 1 0.026
5 1 0.032
5 1 0.027
5 1 0.020
5 1 0.040
5 1 0.028
5 1 0.025
5 1 0.031
5 1 0.034
5 1 0.032
5 1 0.025
5 1 0.020
5 1 0.027
5 1 0.028
5 1 0.028
5 1 0.037
5 1 0.027
5 1 0.029
5 1 0.024
5 1 0.025
5 1 0.021
5 1 0.029
5 1 0.027
5 1 0.043
5 1 0.020
5 1 0.023
5 1 0.032
5 1 0.032
5 1 0.017
5 1 0.022
5 1 0.023
5 1 0.026
5 1 0.032
5 1 0.025
5 1 0.025
5 1 0.026
5 1 0.035
5 1 0.023
5 1 0.033
5 1 0.036
5 1 0.035
5 1 0.024
5 1 0.032
5 1 0.023
5 1 0.027
5 1 0.032
5 1 0.029
5 1 0.021
5 1 0.031
5 1 0.021
5 1 0.030
5 1 0.030
5 1 0.022
5 1 0.023
5 1 0.026
5 1 0.029
5 1 0.026
5 1 0.024
5 1 0.026
5 1 0.030
5 1 0.020
5 1 0.024
5 1 0.026
5 1 0.035
5 1 0.026
5 1 0.026
5 1 0.026
5 1 0.041
5 1 0.023
5 1 0.026
5 1 0.028
5 1 0.033
5 1 0.029
5 1 0.029
5 1 0.032
5 1 0.027
5 1 0.025
5 1 0.032
5 1 0.021
5 1 0.039
5 1 0.028
5 1 0.024
5 1 0.026
5 1 0.040
5 1 0.020
5 1 0.031
5 1 0.034
5 1 0.022
5 1 0.035
5 1 0.026
5 1 0.030
5 1 0.029
5 1 0.023
5 1 0.029
5 1 0.026
5 1 0.025
5 1 0.034
5 1 0.018
5 1 0.030
5 1 0.023
5 1 0.025
5 1 0.022
5 1 0.024
5 1 0.020
5 1 0.022
5 1 0.027
5 1 0.024
5 1 0.024
5 1 0.026
5 1 0.022
5 1 0.031
5 1 0.031
5 1 0.024
5 1 0.035
5 1 0.018
5 1 0.036
5 1 0.024
5 1 0.032
5 1 0.029
5 1 0.018
5 1 0.035
5 1 0.032
5 1 0.030
5 1 0.024
5 1 0.039
5 1 0.018
5 1 0.029
5 1 0.034
5 1 0.033
5 1 0.022
5 1 0.033
5 1 0.023
5 1 0.023
5 1 0.031
5 1 0.029
5 1 0.033
5 1 0.023
5 1 0.037
5 1 0.027
5 1 0.032
5 1 0.034
5 1 0.026
5 1 0.027
5 1 0.026
5 1 0.024
5 1 0.036
5 1 0.029
5 1 0.023
5 1 0.034
5 1 0.036
5 1 0.026
5 1 0.019
5 1 0.026
5 1 0.027
5 1 0.028
5 1 0.023
5 1 0.035
5 1 0.031
5 1 0.029
5 1 0.025
5 1 0.023
5 1 0.030
5 1 0.030
5 1 0.023
5 1 0.013
5 1 0.020
5 1 0.018
5 1 0.026
5 1 0.034
5 1 0.015
5 1 0.029
5 1 0.030
5 1 0.035
5 1 0.027
5 1 0.019
5 1 0.031
5 1 0.037
5 1 0.038
5 1 0.035
5 1 0.035
5 1 0.024
5 1 0.032
5 1 0.023
5 1 0.038
5 1 0.032
5 1 0.041
5 1 0.025
5 1 0.028
5 1 0.025
5 1 0.027
5 1 0.026
5 1 0.024
5 1 0.026
5 1 0.024
5 1 0.039
5 1 0.023
5 1 0.037
5 1 0.033
5 1 0.033
5 1 0.024
5 1 0.025
5 1 0.021
5 1 0.026
5 1 0.028
5 1 0.024
5 1 0.033
5 1 0.034
5 1 0.034
5 1 0.027
5 1 0.015
5 1 0.038
5 1 0.029
5 1 0.031
5 1 0.029
5 1 0.027
5 1 0.033
5 1 0.037
5 1 0.025
5 1 0.037
5 1 0.028
5 1 0.030
5 2 0.019
5 2 0.024
5 2 0.020
5 2 0.036
5 2 0.021
5 2 0.031
5 2 0.024
5 2 0.035
5 2 0.028
5 2 0.030
5 2 0.036
5 2 0.029
5 2 0.029
5 2 0.021
5 2 0.040
5 2 0.035
5 2 0.027
5 2 0.032
5 2 0.031
5 2 0.034
5 2 0.020
5 2 0.038
5 2 0.028
5 2 0.019
5 2 0.038
5 2 0.032
5 2 0.024
5 2 0.037
5 2 0.038
5 2 0.033
5 2 0.028
5 2 0.035
5 2 0.031
5 2 0.020
5 2 0.033
5 2 0.021
5 2 0.037
5 2 0.033
5 2 0.027
5 2 0.028
5 2 0.035
5 2 0.030
5 2 0.032
5 2 0.033
5 2 0.034
5 2 0.022
5 2 0.032
5 2 0.030
5 2 0.036
5 2 0.020
5 2 0.029
5 2 0.029
5 2 0.026
5 2 0.025
5 2 0.035
5 2 0.025
5 2 0.023
5 2 0.021
5 2 0.024
5 2 0.028
5 2 0.028
5 2 0.037
5 2 0.027
5 2 0.030
5 2 0.021
5 2 0.023
5 2 0.027
5 2 0.028
5 2 0.028
5 2 0.028
5 2 0.032
5 2 0.025
5 2 0.028
5 2 0.020
5 2 0.025
5 2 0.029
5 2 0.018
5 2 0.020
5 2 0.032
5 2 0.026
5 2 0.024
5 2 0.030
5 2 0.025
5 2 0.032
5 2 0.024
5 2 0.034
5 2 0.029
5 2 0.024
5 2 0.036
5 2 0.032
5 2 0.034
5 2 0.029
5 2 0.021
5 2 0.025
5 2 0.023
5 2 0.026
5 2 0.033
5 2 0.035
5 2 0.028
5 2 0.033
5 2 0.035
5 2 0.028
5 2 0.033
5 2 0.029
5 2 0.023
5 2 0.029
5 2 0.018
5 2 0.025
5 2 0.029
5 2 0.016
5 2 0.028
5 2 0.032
5 2 0.036
5 2 0.031
5 2 0.027
5 2 0.029
5 2 0.038
5 2 0.025
5 2 0.026
5 2 0.023
5 2 0.028
5 2 0.028
5 2 0.032
5 2 0.021
5 2 0.024
5 2 0.024
5 2 0.030
5 2 0.039
5 2 0.027
5 2 0.032
5 2 0.026
5 2 0.034
5 2 0.027
5 2 0.018
5 2 0.028
5 2 0.024
5 2 0.028
5 2 0.028
5 2 0.039
5 2 0.023
5 2 0.018
5 2 0.031
5 2 0.033
5 2 0.025
5 2 0.029
5 2 0.029
5 2 0.027
5 2 0.024
5 2 0.018
5 2 0.027
5 2 0.035
5 2 0.023
5 2 0.028
5 2 0.037
5 2 0.021
5 2 0.024
5 2 0.036
5 2 0.029
5 2 0.029
5 2 0.031
5 2 0.034
5 2 0.032
5 2 0.021
5 2 0.028
5 2 0.023
5 2 0.026
5 2 0.036
5 2 0.025
5 2 0.029
5 2 0.032
5 2 0.021
5 2 0.024
5 2 0.027
5 2 0.028
5 2 0.040
5 2 0.032
5 2 0.028
5 2 0.029
5 2 0.023
5 2 0.027
5 2 0.027
5 2 0.025
5 2 0.035
5 2 0.034
5 2 0.028
5 2 0.027
5 2 0.029
5 2 0.027
5 2 0.022
5 2 0.034
5 2 0.026
5 2 0.031
5 2 0.043
5 2 0.034
5 2 0.031
5 2 0.016
5 2 0.022
5 2 0.029
5 2 0.020
5 2 0.023
5 2 0.028
5 2 0.032
5 2 0.038
5 2 0.027
5 2 0.029
5 2 0.028
5 2 0.031
5 2 0.031
5 2 0.025
5 2 0.033
5 2 0.023
5 2 0.033
5 2 0.033
5 2 0.018
5 2 0.036
5 2 0.035
5 2 0.035
5 2 0.017
5 2 0.038
5 2 0.029
5 2 0.027
5 2 0.021
5 2 0.026
5 2 0.021
5 2 0.025
5 2 0.028
5 2 0.034
5 2 0.033
5 2 0.016
5 2 0.028
5 2 0.034
5 2 0.024
5 2 0.031
5 2 0.022
5 2 0.021
5 2 0.023
5 2 0.032
5 2 0.027
5 2 0.021
5 2 0.026
5 2 0.023
5 2 0.028
5 2 0.038
5 2 0.030
5 2 0.026
5 2 0.033
5 2 0.019
5 2 0.031
5 2 0.032
5 2 0.020
5 2 0.021
5 2 0.031
5 2 0.036
5 2 0.028
5 2 0.034
5 2 0.021
5 2 0.036
5 2 0.025
5 2 0.031
5 2 0.031
5 2 0.026
5 2 0.031
5 2 0.034
5 2 0.028
5 2 0.019
5 2 0.020
5 2 0.036
5 2 0.029
5 2 0.034
5 2 0.021
5 2 0.022
5 2 0.029
5 2 0.023
5 2 0.027
5 2 0.014
5 2 0.031
5 2 0.030
5 2 0.035
5 2 0.027
5 2 0.027
5 2 0.033
5 2 0.031
5 2 0.020
5 2 0.037
5 2 0.029
5 2 0.025
5 2 0.031
5 2 0.034
5 2 0.032
5 2 0.025
5 2 0.022
5 2 0.028
5 2 0.026
5 2 0.028
5 2 0.037
5 2 0.027
5 2 0.030
5 2 0.024
5 2 0.027
5 2 0.024
5 2 0.030
5 2 0.026
5 2 0.042
5 2 0.020
5 2 0.024
5 2 0.032
5 2 0.033
5 2 0.018
5 2 0.025
5 2 0.025
5 2 0.026
5 2 0.031
5 2 0.024
5 2 0.029
5 2 0.027
5 2 0.036
5 2 0.023
5 2 0.038
5 2 0.036
5 2 0.034
5 2 0.025
5 2 0.032
5 2 0.023
5 2 0.027
5 2 0.032
5 2 0.032
5 2 0.022
5 2 0.031
5 2 0.019
5 2 0.031
5 2 0.031
5 2 0.023
5 2 0.023
5 2 0.026
5 2 0.031
5 2 0.029
5 2 0.025
5 2 0.025
5 2 0.030
5 2 0.022
5 2 0.025
5 2 0.027
5 2 0.035
5 2 0.029
5 2 0.027
5 2 0.026
5 2 0.040
5 2 0.024
5 2 0.026
5 2 0.029
5 2 0.034
5 2 0.030
5 2 0.032
5 2 0.033
5 2 0.028
5 2 0.023
5 2 0.033
5 2 0.022
5 2 0.040
5 2 0.030
5 2 0.026
5 2 0.029
5 2 0.040
5 2 0.020
5 2 0.029
5 2 0.033
5 2 0.023
5 2 0.035
5 2 0.025
5 2 0.034
5 2 0.030
5 2 0.023
5 2 0.029
5 2 0.023
5 2 0.026
5 2 0.034
5 2 0.019
5 2 0.030
5 2 0.025
5 2 0.026
5 2 0.023
5 2 0.024
5 2 0.022
5 2 0.020
5 2 0.026
5 2 0.025
5 2 0.024
5 2 0.026
5 2 0.024
5 2 0.032
5 2 0.032
5 2 0.024
5 2 0.032
5 2 0.019
5 2 0.034
5 2 0.024
5 2 0.031
5 2 0.032
5 2 0.019
5 2 0.035
5 2 0.031
5 2 0.026
5 2 0.023
5 2 0.038
5 2 0.018
5 2 0.029
5 2 0.037
5 2 0.031
5 2 0.022
5 2 0.032
5 2 0.020
5 2 0.023
5 2 0.030
5 2 0.029
5 2 0.033
5 2 0.027
5 2 0.037
5 2 0.027
5 2 0.030
5 2 0.030
5 2 0.025
5 2 0.026
5 2 0.026
5 2 0.024
5 2 0.039
5 2 0.028
5 2 0.022
5 2 0.031
5 2 0.034
5 2 0.026
5 2 0.019
5 2 0.025
5 2 0.027
5 2 0.030
5 2 0.022
5 2 0.035
5 2 0.027
5 2 0.029
5 2 0.024
5 2 0.022
5 2 0.030
5 2 0.030
5 2 0.025
5 2 0.013
5 2 0.020
5 2 0.019
5 2 0.022
5 2 0.032
5 2 0.015
5 2 0.028
5 2 0.029
5 2 0.035
5 2 0.029
5 2 0.018
5 2 0.030
5 2 0.033
5 2 0.035
5 2 0.034
5 2 0.034
5 2 0.025
5 2 0.030
5 2 0.025
5 2 0.036
5 2 0.029
5 2 0.039
5 2 0.023
5 2 0.027
5 2 0.024
5 2 0.026
5 2 0.026
5 2 0.024
5 2 0.026
5 2 0.022
5 2 0.038
5 2 0.023
5 2 0.036
5 2 0.032
5 2 0.032
5 2 0.025
5 2 0.025
5 2 0.020
5 2 0.022
5 2 0.027
5 2 0.024
5 2 0.033
5 2 0.033
5 2 0.034
5 2 0.027
5 2 0.015
5 2 0.035
5 2 0.027
5 2 0.031
5 2 0.028
5 2 0.026
5 2 0.032
5 2 0.036
5 2 0.024
5 2 0.038
5 2 0.024
5 2 0.029
5 3 0.019
5 3 0.022
5 3 0.019
5 3 0.036
5 3 0.021
5 3 0.033
5 3 0.025
5 3 0.032
5 3 0.028
5 3 0.030
5 3 0.034
5 3 0.029
5 3 0.030
5 3 0.021
5 3 0.045
5 3 0.032
5 3 0.026
5 3 0.032
5 3 0.031
5 3 0.034
5 3 0.019
5 3 0.037
5 3 0.028
5 3 0.021
5 3 0.034
5 3 0.032
5 3 0.025
5 3 0.037
5 3 0.039
5 3 0.033
5 3 0.025
5 3 0.039
5 3 0.028
5 3 0.020
5 3 0.033
5 3 0.021
5 3 0.038
5 3 0.033
5 3 0.027
5 3 0.029
5 3 0.037
5 3 0.028
5 3 0.031
5 3 0.033
5 3 0.033
5 3 0.022
5 3 0.031
5 3 0.029
5 3 0.038
5 3 0.017
5 3 0.028
5 3 0.027
5 3 0.026
5 3 0.025
5 3 0.035
5 3 0.025
5 3 0.024
5 3 0.024
5 3 0.022
5 3 0.026
5 3 0.028
5 3 0.036
5 3 0.027
5 3 0.030
5 3 0.021
5 3 0.023
5 3 0.031
5 3 0.026
5 3 0.027
5 3 0.027
5 3 0.031
5 3 0.024
5 3 0.027
5 3 0.020
5 3 0.025
5 3 0.035
5 3 0.018
5 3 0.019
5 3 0.033
5 3 0.025
5 3 0.024
5 3 0.031
5 3 0.025
5 3 0.034
5 3 0.026
5 3 0.033
5 3 0.028
5 3 0.026
5 3 0.037
5 3 0.032
5 3 0.034
5 3 0.029
5 3 0.022
5 3 0.029
5 3 0.022
5 3 0.026
5 3 0.032
5 3 0.035
5 3 0.029
5 3 0.034
5 3 0.033
5 3 0.032
5 3 0.035
5 3 0.026
5 3 0.024
5 3 0.031
5 3 0.018
5 3 0.026
5 3 0.030
5 3 0.017
5 3 0.029
5 3 0.033
5 3 0.032
5 3 0.030
5 3 0.028
5 3 0.029
5 3 0.038
5 3 0.026
5 3 0.026
5 3 0.026
5 3 0.028
5 3 0.026
5 3 0.033
5 3 0.021
5 3 0.025
5 3 0.025
5 3 0.032
5 3 0.040
5 3 0.030
5 3 0.034
5 3 0.024
5 3 0.035
5 3 0.028
5 3 0.018
5 3 0.028
5 3 0.024
5 3 0.030
5 3 0.031
5 3 0.039
5 3 0.022
5 3 0.019
5 3 0.032
5 3 0.034
5 3 0.026
5 3 0.031
5 3 0.033
5 3 0.028
5 3 0.025
5 3 0.018
5 3 0.027
5 3 0.036
5 3 0.023
5 3 0.028
5 3 0.037
5 3 0.025
5 3 0.025
5 3 0.037
5 3 0.028
5 3 0.030
5 3 0.031
5 3 0.034
5 3 0.033
5 3 0.022
5 3 0.031
5 3 0.023
5 3 0.026
5 3 0.035
5 3 0.024
5 3 0.029
5 3 0.032
5 3 0.023
5 3 0.025
5 3 0.029
5 3 0.031
5 3 0.038
5 3 0.033
5 3 0.029
5 3 0.030
5 3 0.023
5 3 0.027
5 3 0.029
5 3 0.026
5 3 0.035
5 3 0.030
5 3 0.029
5 3 0.028
5 3 0.029
5 3 0.028
5 3 0.023
5 3 0.039
5 3 0.027
5 3 0.031
5 3 0.039
5 3 0.034
5 3 0.031
5 3 0.016
5 3 0.023
5 3 0.032
5 3 0.020
5 3 0.023
5 3 0.028
5 3 0.030
5 3 0.037
5 3 0.027
5 3 0.028
5 3 0.029
5 3 0.033
5 3 0.032
5 3 0.025
5 3 0.032
5 3 0.020
5 3 0.033
5 3 0.033
5 3 0.018
5 3 0.037
5 3 0.036
5 3 0.036
5 3 0.016
5 3 0.037
5 3 0.028
5 3 0.027
5 3 0.020
5 3 0.026
5 3 0.021
5 3 0.027
5 3 0.029
5 3 0.034
5 3 0.030
5 3 0.016
5 3 0.028
5 3 0.034
5 3 0.023
5 3 0.031
5 3 0.023
5 3 0.022
5 3 0.023
5 3 0.030
5 3 0.024
5 3 0.020
5 3 0.025
5 3 0.022
5 3 0.028
5 3 0.039
5 3 0.032
5 3 0.025
5 3 0.031
5 3 0.017
5 3 0.031
5 3 0.030
5 3 0.020
5 3 0.021
5 3 0.031
5 3 0.036
5 3 0.028
5 3 0.032
5 3 0.019
5 3 0.036
5 3 0.024
5 3 0.030
5 3 0.031
5 3 0.029
5 3 0.030
5 3 0.033
5 3 0.024
5 3 0.019
5 3 0.019
5 3 0.036
5 3 0.028
5 3 0.034
5 3 0.024
5 3 0.024
5 3 0.029
5 3 0.021
5 3 0.026
5 3 0.013
5 3 0.029
5 3 0.029
5 3 0.033
5 3 0.026
5 3 0.028
5 3 0.033
5 3 0.027
5 3 0.020
5 3 0.036
5 3 0.028
5 3 0.025
5 3 0.031
5 3 0.035
5 3 0.033
5 3 0.025
5 3 0.020
5 3 0.027
5 3 0.025
5 3 0.028
5 3 0.037
5 3 0.027
5 3 0.032
5 3 0.024
5 3 0.025
5 3 0.021
5 3 0.030
5 3 0.025
5 3 0.041
5 3 0.020
5 3 0.023
5 3 0.031
5 3 0.035
5 3 0.017
5 3 0.021
5 3 0.024
5 3 0.026
5 3 0.029
5 3 0.025
5 3 0.025
5 3 0.026
5 3 0.038
5 3 0.023
5 3 0.034
5 3 0.037
5 3 0.033
5 3 0.024
5 3 0.032
5 3 0.022
5 3 0.028
5 3 0.034
5 3 0.029
5 3 0.021
5 3 0.032
5 3 0.019
5 3 0.031
5 3 0.030
5 3 0.023
5 3 0.023
5 3 0.028
5 3 0.031
5 3 0.027
5 3 0.024
5 3 0.025
5 3 0.029
5 3 0.022
5 3 0.024
5 3 0.026
5 3 0.040
5 3 0.027
5 3 0.026
5 3 0.026
5 3 0.039
5 3 0.023
5 3 0.026
5 3 0.029
5 3 0.035
5 3 0.031
5 3 0.029
5 3 0.032
5 3 0.028
5 3 0.024
5 3 0.032
5 3 0.022
5 3 0.040
5 3 0.031
5 3 0.025
5 3 0.027
5 3 0.040
5 3 0.021
5 3 0.028
5 3 0.034
5 3 0.023
5 3 0.036
5 3 0.027
5 3 0.031
5 3 0.029
5 3 0.023
5 3 0.029
5 3 0.023
5 3 0.026
5 3 0.033
5 3 0.019
5 3 0.031
5 3 0.023
5 3 0.025
5 3 0.023
5 3 0.024
5 3 0.020
5 3 0.019
5 3 0.027
5 3 0.025
5 3 0.026
5 3 0.028
5 3 0.022
5 3 0.036
5 3 0.032
5 3 0.025
5 3 0.032
5 3 0.018
5 3 0.034
5 3 0.026
5 3 0.034
5 3 0.029
5 3 0.019
5 3 0.035
5 3 0.032
5 3 0.026
5 3 0.024
5 3 0.038
5 3 0.021
5 3 0.030
5 3 0.034
5 3 0.031
5 3 0.022
5 3 0.032
5 3 0.020
5 3 0.023
5 3 0.030
5 3 0.032
5 3 0.034
5 3 0.023
5 3 0.037
5 3 0.027
5 3 0.030
5 3 0.032
5 3 0.025
5 3 0.029
5 3 0.028
5 3 0.024
5 3 0.036
5 3 0.029
5 3 0.024
5 3 0.032
5 3 0.036
5 3 0.027
5 3 0.022
5 3 0.027
5 3 0.028
5 3 0.027
5 3 0.023
5 3 0.036
5 3 0.028
5 3 0.031
5 3 0.025
5 3 0.025
5 3 0.031
5 3 0.030
5 3 0.023
5 3 0.013
5 3 0.020
5 3 0.019
5 3 0.023
5 3 0.033
5 3 0.016
5 3 0.032
5 3 0.031
5 3 0.035
5 3 0.029
5 3 0.019
5 3 0.030
5 3 0.034
5 3 0.036
5 3 0.036
5 3 0.037
5 3 0.024
5 3 0.031
5 3 0.023
5 3 0.037
5 3 0.030
5 3 0.040
5 3 0.024
5 3 0.030
5 3 0.025
5 3 0.027
5 3 0.026
5 3 0.024
5 3 0.026
5 3 0.022
5 3 0.039
5 3 0.023
5 3 0.038
5 3 0.034
5 3 0.033
5 3 0.024
5 3 0.024
5 3 0.020
5 3 0.022
5 3 0.028
5 3 0.023
5 3 0.035
5 3 0.034
5 3 0.034
5 3 0.026
5 3 0.014
5 3 0.035
5 3 0.026
5 3 0.031
5 3 0.031
5 3 0.029
5 3 0.032
5 3 0.036
5 3 0.023
5 3 0.038
5 3 0.024
5 3 0.029
10 1 0.084
10 1 0.091
10 1 0.113
10 1 0.097
10 1 0.094
10 1 0.120
10 1 0.106
10 1 0.116
10 1 0.121
10 1 0.089
10 1 0.131
10 1 0.116
10 1 0.091
10 1 0.112
10 1 0.110
10 1 0.136
10 1 0.112
10 1 0.127
10 1 0.101
10 1 0.110
10 1 0.122
10 1 0.102
10 1 0.107
10 1 0.121
10 1 0.121
10 1 0.122
10 1 0.136
10 1 0.094
10 1 0.100
10 1 0.106
10 1 0.090
10 1 0.102
10 1 0.099
10 1 0.129
10 1 0.107
10 1 0.077
10 1 0.110
10 1 0.094
10 1 0.113
10 1 0.098
10 1 0.093
10 1 0.096
10 1 0.111
10 1 0.107
10 1 0.098
10 1 0.106
10 1 0.125
10 1 0.103
10 1 0.127
10 1 0.117
10 1 0.097
10 1 0.077
10 1 0.128
10 1 0.114
10 1 0.131
10 1 0.131
10 1 0.126
10 1 0.099
10 1 0.097
10 1 0.084
10 1 0.121
10 1 0.124
10 1 0.112
10 1 0.122
10 1 0.099
10 1 0.098
10 1 0.108
10 1 0.107
10 1 0.080
10 1 0.148
10 1 0.101
10 1 0.120
10 1 0.084
10 1 0.106
10 1 0.090
10 1 0.118
10 1 0.082
10 1 0.126
10 1 0.105
10 1 0.133
10 1 0.085
10 1 0.090
10 1 0.109
10 1 0.121
10 1 0.091
10 1 0.119
10 1 0.112
10 1 0.126
10 1 0.119
10 1 0.095
10 1 0.132
10 1 0.103
10 1 0.107
10 1 0.133
10 1 0.110
10 1 0.135
10 1 0.104
10 1 0.102
10 1 0.088
10 1 0.120
10 1 0.120
10 1 0.096
10 1 0.091
10 1 0.109
10 1 0.122
10 1 0.129
10 1 0.112
10 1 0.104
10 1 0.079
10 1 0.099
10 1 0.138
10 1 0.109
10 1 0.116
10 1 0.112
10 1 0.114
10 1 0.121
10 1 0.096
10 1 0.114
10 1 0.094
10 1 0.122
10 1 0.088
10 1 0.099
10 1 0.117
10 1 0.117
10 1 0.093
10 1 0.120
10 1 0.104
10 1 0.095
10 1 0.114
10 1 0.092
10 1 0.100
10 1 0.102
10 1 0.128
10 1 0.110
10 1 0.097
10 1 0.101
10 1 0.088
10 1 0.133
10 1 0.122
10 1 0.103
10 1 0.125
10 1 0.122
10 1 0.109
10 1 0.101
10 1 0.078
10 1 0.116
10 1 0.117
10 1 0.091
10 1 0.097
10 1 0.065
10 1 0.126
10 1 0.108
10 1 0.122
10 1 0.108
10 1 0.108
10 1 0.116
10 1 0.120
10 1 0.109
10 1 0.083
10 1 0.121
10 1 0.129
10 1 0.121
10 1 0.096
10 1 0.107
10 1 0.113
10 1 0.094
10 1 0.110
10 1 0.102
10 1 0.095
10 1 0.101
10 1 0.088
10 1 0.109
10 1 0.092
10 1 0.131
10 1 0.120
10 1 0.105
10 1 0.088
10 1 0.117
10 1 0.115
10 1 0.105
10 1 0.118
10 1 0.072
10 1 0.127
10 1 0.108
10 1 0.095
10 1 0.102
10 1 0.124
10 1 0.121
10 1 0.106
10 1 0.114
10 1 0.110
10 1 0.130
10 1 0.118
10 1 0.087
10 1 0.128
10 1 0.131
10 1 0.106
10 1 0.136
10 1 0.091
10 1 0.100
10 1 0.127
10 1 0.099
10 1 0.108
10 1 0.095
10 1 0.116
10 1 0.093
10 1 0.096
10 1 0.096
10 1 0.098
10 1 0.104
10 1 0.095
10 1 0.099
10 1 0.115
10 1 0.116
10 1 0.100
10 1 0.116
10 1 0.133
10 1 0.099
10 1 0.127
10 1 0.111
10 1 0.090
10 1 0.133
10 1 0.106
10 1 0.120
10 1 0.100
10 1 0.118
10 1 0.080
10 1 0.122
10 1 0.119
10 1 0.105
10 1 0.085
10 1 0.133
10 1 0.082
10 1 0.140
10 1 0.083
10 1 0.093
10 1 0.107
10 1 0.124
10 1 0.112
10 1 0.105
10 1 0.138
10 1 0.084
10 1 0.084
10 1 0.100
10 1 0.099
10 1 0.101
10 1 0.128
10 1 0.081
10 1 0.133
10 1 0.130
10 1 0.106
10 1 0.096
10 1 0.123
10 1 0.112
10 1 0.117
10 1 0.102
10 1 0.107
10 1 0.107
10 1 0.120
10 1 0.135
10 1 0.098
10 1 0.105
10 1 0.094
10 1 0.090
10 1 0.120
10 1 0.133
10 1 0.084
10 1 0.136
10 1 0.106
10 1 0.108
10 1 0.115
10 1 0.128
10 1 0.097
10 1 0.086
10 1 0.106
10 1 0.095
10 1 0.117
10 1 0.112
10 1 0.090
10 1 0.103
10 1 0.104
10 1 0.136
10 1 0.123
10 1 0.117
10 1 0.124
10 1 0.126
10 1 0.109
10 1 0.113
10 1 0.110
10 1 0.100
10 1 0.085
10 1 0.102
10 1 0.099
10 1 0.099
10 1 0.121
10 1 0.099
10 1 0.089
10 1 0.126
10 1 0.106
10 1 0.124
10 1 0.099
10 1 0.108
10 1 0.093
10 1 0.134
10 1 0.153
10 1 0.100
10 1 0.076
10 1 0.113
10 1 0.094
10 1 0.084
10 1 0.109
10 1 0.105
10 1 0.140
10 1 0.089
10 1 0.086
10 1 0.135
10 1 0.116
10 1 0.104
10 1 0.106
10 1 0.149
10 1 0.113
10 1 0.103
10 1 0.146
10 1 0.095
10 1 0.125
10 1 0.116
10 1 0.131
10 1 0.119
10 1 0.089
10 1 0.088
10 1 0.100
10 1 0.089
10 1 0.098
10 1 0.106
10 1 0.091
10 1 0.099
10 1 0.130
10 1 0.136
10 1 0.131
10 1 0.114
10 1 0.124
10 1 0.110
10 1 0.117
10 1 0.127
10 1 0.124
10 1 0.124
10 1 0.103
10 1 0.130
10 1 0.122
10 1 0.121
10 1 0.093
10 1 0.085
10 1 0.125
10 1 0.115
10 1 0.117
10 1 0.095
10 1 0.127
10 1 0.128
10 1 0.115
10 1 0.112
10 1 0.107
10 1 0.099
10 1 0.103
10 1 0.124
10 1 0.088
10 1 0.142
10 1 0.133
10 1 0.107
10 1 0.111
10 1 0.091
10 1 0.126
10 1 0.084
10 1 0.115
10 1 0.133
10 1 0.091
10 1 0.101
10 1 0.137
10 1 0.102
10 1 0.096
10 1 0.096
10 1 0.120
10 1 0.095
10 1 0.113
10 1 0.099
10 1 0.084
10 1 0.100
10 1 0.117
10 1 0.118
10 1 0.122
10 1 0.097
10 1 0.119
10 1 0.112
10 1 0.116
10 1 0.099
10 1 0.073
10 1 0.107
10 1 0.092
10 1 0.073
10 1 0.102
10 1 0.118
10 1 0.102
10 1 0.120
10 1 0.089
10 1 0.100
10 1 0.111
10 1 0.090
10 1 0.122
10 1 0.125
10 1 0.100
10 1 0.113
10 1 0.129
10 1 0.128
10 1 0.098
10 1 0.075
10 1 0.129
10 1 0.103
10 1 0.100
10 1 0.112
10 1 0.089
10 1 0.088
10 1 0.091
10 1 0.096
10 1 0.121
10 1 0.122
10 1 0.094
10 1 0.112
10 1 0.109
10 1 0.090
10 1 0.141
10 1 0.103
10 1 0.125
10 1 0.094
10 1 0.124
10 1 0.096
10 1 0.093
10 1 0.127
10 1 0.101
10 1 0.111
10 1 0.102
10 1 0.108
10 1 0.093
10 1 0.129
10 1 0.096
10 1 0.096
10 1 0.098
10 1 0.101
10 1 0.107
10 1 0.122
10 1 0.093
10 1 0.126
10 1 0.111
10 1 0.106
10 1 0.135
10 1 0.092
10 1 0.118
10 1 0.147
10 1 0.121
10 1 0.114
10 1 0.120
10 1 0.079
10 1 0.128
10 1 0.149
10 1 0.114
10 1 0.111
10 1 0.071
10 1 0.083
10 1 0.109
10 1 0.079
10 1 0.137
10 1 0.141
10 1 0.114
10 1 0.095
10 1 0.115
10 1 0.087
10 1 0.115
10 1 0.125
10 1 0.118
10 1 0.082
10 1 0.112
10 1 0.112
10 1 0.100
10 1 0.116
10 1 0.078
10 1 0.102
10 1 0.090
10 1 0.139
10 1 0.104
10 1 0.082
10 1 0.118
10 1 0.098
10 1 0.131
10 1 0.101
10 1 0.118
10 1 0.121
10 1 0.080
10 1 0.126
10 1 0.086
10 1 0.131
10 1 0.102
10 1 0.078
10 2 0.082
10 2 0.091
10 2 0.113
10 2 0.094
10 2 0.089
10 2 0.115
10 2 0.106
10 2 0.109
10 2 0.120
10 2 0.088
10 2 0.131
10 2 0.115
10 2 0.095
10 2 0.113
10 2 0.111
10 2 0.131
10 2 0.116
10 2 0.123
10 2 0.100
10 2 0.106
10 2 0.117
10 2 0.099
10 2 0.111
10 2 0.120
10 2 0.117
10 2 0.122
10 2 0.133
10 2 0.095
10 2 0.108
10 2 0.108
10 2 0.089
10 2 0.101
10 2 0.106
10 2 0.126
10 2 0.105
10 2 0.079
10 2 0.110
10 2 0.090
10 2 0.110
10 2 0.110
10 2 0.092
10 2 0.096
10 2 0.116
10 2 0.111
10 2 0.092
10 2 0.112
10 2 0.125
10 2 0.098
10 2 0.131
10 2 0.118
10 2 0.095
10 2 0.079
10 2 0.131
10 2 0.112
10 2 0.128
10 2 0.138
10 2 0.122
10 2 0.097
10 2 0.101
10 2 0.086
10 2 0.114
10 2 0.122
10 2 0.116
10 2 0.120
10 2 0.098
10 2 0.103
10 2 0.111
10 2 0.102
10 2 0.080
10 2 0.145
10 2 0.100
10 2 0.119
10 2 0.085
10 2 0.098
10 2 0.088
10 2 0.121
10 2 0.082
10 2 0.124
10 2 0.103
10 2 0.136
10 2 0.079
10 2 0.090
10 2 0.117
10 2 0.121
10 2 0.092
10 2 0.121
10 2 0.113
10 2 0.119
10 2 0.114
10 2 0.093
10 2 0.131
10 2 0.100
10 2 0.107
10 2 0.128
10 2 0.109
10 2 0.138
10 2 0.099
10 2 0.099
10 2 0.089
10 2 0.119
10 2 0.117
10 2 0.096
10 2 0.094
10 2 0.106
10 2 0.117
10 2 0.135
10 2 0.106
10 2 0.102
10 2 0.073
10 2 0.102
10 2 0.133
10 2 0.108
10 2 0.115
10 2 0.111
10 2 0.114
10 2 0.124
10 2 0.090
10 2 0.115
10 2 0.097
10 2 0.117
10 2 0.088
10 2 0.098
10 2 0.120
10 2 0.112
10 2 0.096
10 2 0.122
10 2 0.103
10 2 0.096
10 2 0.119
10 2 0.091
10 2 0.092
10 2 0.105
10 2 0.130
10 2 0.106
10 2 0.100
10 2 0.097
10 2 0.087
10 2 0.128
10 2 0.117
10 2 0.109
10 2 0.112
10 2 0.124
10 2 0.113
10 2 0.098
10 2 0.078
10 2 0.114
10 2 0.113
10 2 0.091
10 2 0.092
10 2 0.071
10 2 0.121
10 2 0.105
10 2 0.126
10 2 0.108
10 2 0.111
10 2 0.111
10 2 0.117
10 2 0.108
10 2 0.081
10 2 0.129
10 2 0.125
10 2 0.122
10 2 0.102
10 2 0.106
10 2 0.112
10 2 0.096
10 2 0.110
10 2 0.099
10 2 0.095
10 2 0.107
10 2 0.084
10 2 0.108
10 2 0.090
10 2 0.126
10 2 0.115
10 2 0.102
10 2 0.093
10 2 0.113
10 2 0.119
10 2 0.109
10 2 0.112
10 2 0.071
10 2 0.121
10 2 0.110
10 2 0.089
10 2 0.100
10 2 0.121
10 2 0.114
10 2 0.108
10 2 0.114
10 2 0.108
10 2 0.132
10 2 0.117
10 2 0.086
10 2 0.129
10 2 0.132
10 2 0.102
10 2 0.136
10 2 0.092
10 2 0.105
10 2 0.122
10 2 0.099
10 2 0.111
10 2 0.091
10 2 0.114
10 2 0.093
10 2 0.098
10 2 0.094
10 2 0.096
10 2 0.103
10 2 0.092
10 2 0.105
10 2 0.112
10 2 0.120
10 2 0.094
10 2 0.115
10 2 0.133
10 2 0.095
10 2 0.127
10 2 0.117
10 2 0.083
10 2 0.128
10 2 0.103
10 2 0.117
10 2 0.098
10 2 0.119
10 2 0.081
10 2 0.122
10 2 0.119
10 2 0.105
10 2 0.082
10 2 0.131
10 2 0.080
10 2 0.140
10 2 0.081
10 2 0.091
10 2 0.112
10 2 0.126
10 2 0.112
10 2 0.104
10 2 0.133
10 2 0.081
10 2 0.085
10 2 0.098
10 2 0.093
10 2 0.105
10 2 0.130
10 2 0.082
10 2 0.129
10 2 0.125
10 2 0.107
10 2 0.097
10 2 0.121
10 2 0.117
10 2 0.112
10 2 0.102
10 2 0.106
10 2 0.121
10 2 0.117
10 2 0.131
10 2 0.096
10 2 0.103
10 2 0.092
10 2 0.091
10 2 0.120
10 2 0.137
10 2 0.081
10 2 0.134
10 2 0.102
10 2 0.110
10 2 0.118
10 2 0.128
10 2 0.096
10 2 0.087
10 2 0.106
10 2 0.098
10 2 0.118
10 2 0.113
10 2 0.090
10 2 0.100
10 2 0.105
10 2 0.134
10 2 0.124
10 2 0.115
10 2 0.123
10 2 0.125
10 2 0.112
10 2 0.115
10 2 0.111
10 2 0.099
10 2 0.085
10 2 0.103
10 2 0.098
10 2 0.097
10 2 0.119
10 2 0.098
10 2 0.087
10 2 0.125
10 2 0.106
10 2 0.128
10 2 0.097
10 2 0.109
10 2 0.093
10 2 0.130
10 2 0.158
10 2 0.100
10 2 0.082
10 2 0.117
10 2 0.095
10 2 0.085
10 2 0.108
10 2 0.105
10 2 0.132
10 2 0.087
10 2 0.085
10 2 0.135
10 2 0.114
10 2 0.105
10 2 0.107
10 2 0.152
10 2 0.112
10 2 0.108
10 2 0.143
10 2 0.096
10 2 0.124
10 2 0.113
10 2 0.128
10 2 0.117
10 2 0.088
10 2 0.088
10 2 0.102
10 2 0.091
10 2 0.100
10 2 0.105
10 2 0.092
10 2 0.099
10 2 0.128
10 2 0.136
10 2 0.129
10 2 0.113
10 2 0.118
10 2 0.108
10 2 0.115
10 2 0.126
10 2 0.125
10 2 0.123
10 2 0.103
10 2 0.128
10 2 0.123
10 2 0.118
10 2 0.094
10 2 0.080
10 2 0.125
10 2 0.116
10 2 0.115
10 2 0.091
10 2 0.129
10 2 0.127
10 2 0.116
10 2 0.109
10 2 0.106
10 2 0.099
10 2 0.105
10 2 0.118
10 2 0.083
10 2 0.143
10 2 0.134
10 2 0.108
10 2 0.111
10 2 0.099
10 2 0.123
10 2 0.086
10 2 0.114
10 2 0.131
10 2 0.091
10 2 0.100
10 2 0.135
10 2 0.098
10 2 0.091
10 2 0.095
10 2 0.113
10 2 0.097
10 2 0.108
10 2 0.096
10 2 0.078
10 2 0.098
10 2 0.114
10 2 0.117
10 2 0.122
10 2 0.099
10 2 0.119
10 2 0.118
10 2 0.114
10 2 0.100
10 2 0.070
10 2 0.111
10 2 0.094
10 2 0.074
10 2 0.099
10 2 0.119
10 2 0.102
10 2 0.119
10 2 0.092
10 2 0.099
10 2 0.113
10 2 0.087
10 2 0.125
10 2 0.125
10 2 0.099
10 2 0.114
10 2 0.133
10 2 0.127
10 2 0.097
10 2 0.074
10 2 0.132
10 2 0.103
10 2 0.102
10 2 0.112
10 2 0.088
10 2 0.087
10 2 0.090
10 2 0.095
10 2 0.119
10 2 0.120
10 2 0.096
10 2 0.107
10 2 0.109
10 2 0.092
10 2 0.134
10 2 0.102
10 2 0.123
10 2 0.094
10 2 0.126
10 2 0.097
10 2 0.093
10 2 0.130
10 2 0.102
10 2 0.113
10 2 0.103
10 2 0.109
10 2 0.097
10 2 0.125
10 2 0.095
10 2 0.093
10 2 0.098
10 2 0.097
10 2 0.106
10 2 0.126
10 2 0.092
10 2 0.127
10 2 0.110
10 2 0.114
10 2 0.134
10 2 0.095
10 2 0.123
10 2 0.147
10 2 0.124
10 2 0.114
10 2 0.117
10 2 0.079
10 2 0.129
10 2 0.145
10 2 0.113
10 2 0.106
10 2 0.067
10 2 0.084
10 2 0.106
10 2 0.078
10 2 0.125
10 2 0.143
10 2 0.116
10 2 0.089
10 2 0.118
10 2 0.089
10 2 0.113
10 2 0.129
10 2 0.118
10 2 0.085
10 2 0.111
10 2 0.115
10 2 0.099
10 2 0.111
10 2 0.080
10 2 0.103
10 2 0.092
10 2 0.141
10 2 0.105
10 2 0.081
10 2 0.115
10 2 0.098
10 2 0.132
10 2 0.098
10 2 0.126
10 2 0.118
10 2 0.078
10 2 0.127
10 2 0.088
10 2 0.132
10 2 0.100
10 2 0.078
10 3 0.080
10 3 0.089
10 3 0.112
10 3 0.099
10 3 0.094
10 3 0.118
10 3 0.111
10 3 0.115
10 3 0.121
10 3 0.091
10 3 0.132
10 3 0.116
10 3 0.092
10 3 0.114
10 3 0.112
10 3 0.133
10 3 0.114
10 3 0.124
10 3 0.101
10 3 0.106
10 3 0.116
10 3 0.099
10 3 0.112
10 3 0.122
10 3 0.118
10 3 0.124
10 3 0.137
10 3 0.093
10 3 0.105
10 3 0.109
10 3 0.090
10 3 0.101
10 3 0.102
10 3 0.125
10 3 0.105
10 3 0.080
10 3 0.110
10 3 0.091
10 3 0.109
10 3 0.108
10 3 0.094
10 3 0.094
10 3 0.114
10 3 0.108
10 3 0.093
10 3 0.107
10 3 0.129
10 3 0.098
10 3 0.129
10 3 0.120
10 3 0.094
10 3 0.082
10 3 0.132
10 3 0.113
10 3 0.129
10 3 0.139
10 3 0.127
10 3 0.103
10 3 0.100
10 3 0.085
10 3 0.112
10 3 0.123
10 3 0.114
10 3 0.113
10 3 0.097
10 3 0.102
10 3 0.105
10 3 0.099
10 3 0.079
10 3 0.145
10 3 0.096
10 3 0.117
10 3 0.097
10 3 0.099
10 3 0.090
10 3 0.117
10 3 0.082
10 3 0.126
10 3 0.104
10 3 0.139
10 3 0.082
10 3 0.089
10 3 0.113
10 3 0.124
10 3 0.088
10 3 0.117
10 3 0.112
10 3 0.118
10 3 0.116
10 3 0.092
10 3 0.123
10 3 0.101
10 3 0.107
10 3 0.126
10 3 0.113
10 3 0.138
10 3 0.099
10 3 0.098
10 3 0.087
10 3 0.125
10 3 0.119
10 3 0.098
10 3 0.098
10 3 0.106
10 3 0.121
10 3 0.133
10 3 0.106
10 3 0.101
10 3 0.075
10 3 0.107
10 3 0.138
10 3 0.115
10 3 0.122
10 3 0.108
10 3 0.114
10 3 0.127
10 3 0.093
10 3 0.112
10 3 0.094
10 3 0.120
10 3 0.091
10 3 0.104
10 3 0.123
10 3 0.112
10 3 0.095
10 3 0.130
10 3 0.101
10 3 0.100
10 3 0.113
10 3 0.096
10 3 0.095
10 3 0.102
10 3 0.132
10 3 0.107
10 3 0.099
10 3 0.097
10 3 0.089
10 3 0.128
10 3 0.121
10 3 0.102
10 3 0.112
10 3 0.118
10 3 0.111
10 3 0.097
10 3 0.076
10 3 0.116
10 3 0.112
10 3 0.094
10 3 0.094
10 3 0.072
10 3 0.122
10 3 0.108
10 3 0.123
10 3 0.106
10 3 0.111
10 3 0.110
10 3 0.117
10 3 0.111
10 3 0.082
10 3 0.129
10 3 0.125
10 3 0.122
10 3 0.099
10 3 0.108
10 3 0.115
10 3 0.099
10 3 0.112
10 3 0.102
10 3 0.096
10 3 0.107
10 3 0.086
10 3 0.109
10 3 0.089
10 3 0.124
10 3 0.115
10 3 0.107
10 3 0.090
10 3 0.112
10 3 0.114
10 3 0.110
10 3 0.109
10 3 0.072
10 3 0.118
10 3 0.105
10 3 0.089
10 3 0.103
10 3 0.121
10 3 0.114
10 3 0.110
10 3 0.121
10 3 0.105
10 3 0.126
10 3 0.120
10 3 0.087
10 3 0.122
10 3 0.131
10 3 0.101
10 3 0.132
10 3 0.089
10 3 0.105
10 3 0.119
10 3 0.097
10 3 0.108
10 3 0.091
10 3 0.113
10 3 0.091
10 3 0.099
10 3 0.090
10 3 0.094
10 3 0.101
10 3 0.091
10 3 0.100
10 3 0.110
10 3 0.116
10 3 0.094
10 3 0.116
10 3 0.135
10 3 0.094
10 3 0.124
10 3 0.114
10 3 0.085
10 3 0.130
10 3 0.106
10 3 0.122
10 3 0.096
10 3 0.117
10 3 0.084
10 3 0.125
10 3 0.121
10 3 0.108
10 3 0.087
10 3 0.133
10 3 0.084
10 3 0.144
10 3 0.082
10 3 0.093
10 3 0.110
10 3 0.123
10 3 0.113
10 3 0.106
10 3 0.139
10 3 0.081
10 3 0.087
10 3 0.105
10 3 0.097
10 3 0.107
10 3 0.136
10 3 0.081
10 3 0.134
10 3 0.136
10 3 0.108
10 3 0.097
10 3 0.128
10 3 0.110
10 3 0.114
10 3 0.104
10 3 0.108
10 3 0.108
10 3 0.119
10 3 0.135
10 3 0.096
10 3 0.106
10 3 0.095
10 3 0.088
10 3 0.121
10 3 0.132
10 3 0.085
10 3 0.134
10 3 0.103
10 3 0.114
10 3 0.120
10 3 0.127
10 3 0.099
10 3 0.083
10 3 0.103
10 3 0.098
10 3 0.114
10 3 0.111
10 3 0.089
10 3 0.105
10 3 0.099
10 3 0.131
10 3 0.126
10 3 0.115
10 3 0.126
10 3 0.129
10 3 0.104
10 3 0.113
10 3 0.108
10 3 0.098
10 3 0.088
10 3 0.103
10 3 0.105
10 3 0.096
10 3 0.123
10 3 0.100
10 3 0.085
10 3 0.124
10 3 0.104
10 3 0.123
10 3 0.094
10 3 0.105
10 3 0.093
10 3 0.127
10 3 0.154
10 3 0.103
10 3 0.071
10 3 0.111
10 3 0.092
10 3 0.086
10 3 0.113
10 3 0.103
10 3 0.136
10 3 0.087
10 3 0.085
10 3 0.129
10 3 0.113
10 3 0.102
10 3 0.104
10 3 0.151
10 3 0.109
10 3 0.105
10 3 0.142
10 3 0.094
10 3 0.123
10 3 0.110
10 3 0.131
10 3 0.116
10 3 0.086
10 3 0.088
10 3 0.102
10 3 0.090
10 3 0.096
10 3 0.100
10 3 0.089
10 3 0.098
10 3 0.129
10 3 0.132
10 3 0.128
10 3 0.124
10 3 0.120
10 3 0.110
10 3 0.119
10 3 0.127
10 3 0.125
10 3 0.131
10 3 0.103
10 3 0.128
10 3 0.122
10 3 0.124
10 3 0.092
10 3 0.082
10 3 0.126
10 3 0.113
10 3 0.112
10 3 0.095
10 3 0.133
10 3 0.128
10 3 0.118
10 3 0.113
10 3 0.110
10 3 0.098
10 3 0.105
10 3 0.120
10 3 0.087
10 3 0.145
10 3 0.133
10 3 0.107
10 3 0.108
10 3 0.096
10 3 0.128
10 3 0.088
10 3 0.116
10 3 0.132
10 3 0.090
10 3 0.098
10 3 0.134
10 3 0.101
10 3 0.095
10 3 0.095
10 3 0.119
10 3 0.095
10 3 0.112
10 3 0.098
10 3 0.084
10 3 0.092
10 3 0.115
10 3 0.115
10 3 0.120
10 3 0.097
10 3 0.126
10 3 0.112
10 3 0.112
10 3 0.100
10 3 0.072
10 3 0.106
10 3 0.097
10 3 0.076
10 3 0.102
10 3 0.117
10 3 0.102
10 3 0.119
10 3 0.091
10 3 0.100
10 3 0.112
10 3 0.089
10 3 0.123
10 3 0.128
10 3 0.098
10 3 0.112
10 3 0.131
10 3 0.126
10 3 0.102
10 3 0.076
10 3 0.132
10 3 0.102
10 3 0.099
10 3 0.109
10 3 0.088
10 3 0.087
10 3 0.091
10 3 0.094
10 3 0.119
10 3 0.127
10 3 0.097
10 3 0.108
10 3 0.110
10 3 0.091
10 3 0.139
10 3 0.102
10 3 0.124
10 3 0.094
10 3 0.124
10 3 0.094
10 3 0.092
10 3 0.127
10 3 0.099
10 3 0.110
10 3 0.097
10 3 0.108
10 3 0.091
10 3 0.126
10 3 0.095
10 3 0.095
10 3 0.099
10 3 0.096
10 3 0.110
10 3 0.120
10 3 0.091
10 3 0.127
10 3 0.111
10 3 0.105
10 3 0.133
10 3 0.092
10 3 0.119
10 3 0.144
10 3 0.119
10 3 0.113
10 3 0.112
10 3 0.080
10 3 0.130
10 3 0.141
10 3 0.113
10 3 0.110
10 3 0.068
10 3 0.089
10 3 0.107
10 3 0.081
10 3 0.129
10 3 0.148
10 3 0.118
10 3 0.090
10 3 0.121
10 3 0.088
10 3 0.120
10 3 0.131
10 3 0.119
10 3 0.083
10 3 0.113
10 3 0.112
10 3 0.100
10 3 0.112
10 3 0.085
10 3 0.104
10 3 0.094
10 3 0.139
10 3 0.106
10 3 0.082
10 3 0.117
10 3 0.097
10 3 0.132
10 3 0.100
10 3 0.123
10 3 0.120
10 3 0.078
10 3 0.125
10 3 0.087
10 3 0.131
10 3 0.101
10 3 0.079
15 1 0.182
15 1 0.250
15 1 0.235
15 1 0.247
15 1 0.249
15 1 0.301
15 1 0.238
15 1 0.262
15 1 0.229
15 1 0.247
15 1 0.277
15 1 0.272
15 1 0.217
15 1 0.254
15 1 0.237
15 1 0.271
15 1 0.276
15 1 0.259
15 1 0.240
15 1 0.275
15 1 0.248
15 1 0.216
15 1 0.243
15 1 0.250
15 1 0.196
15 1 0.228
15 1 0.240
15 1 0.259
15 1 0.199
15 1 0.234
15 1 0.238
15 1 0.247
15 1 0.262
15 1 0.301
15 1 0.224
15 1 0.211
15 1 0.285
15 1 0.252
15 1 0.265
15 1 0.216
15 1 0.236
15 1 0.227
15 1 0.280
15 1 0.258
15 1 0.213
15 1 0.234
15 1 0.234
15 1 0.278
15 1 0.255
15 1 0.247
15 1 0.210
15 1 0.274
15 1 0.197
15 1 0.264
15 1 0.291
15 1 0.180
15 1 0.249
15 1 0.241
15 1 0.272
15 1 0.265
15 1 0.269
15 1 0.240
15 1 0.266
15 1 0.228
15 1 0.259
15 1 0.309
15 1 0.222
15 1 0.224
15 1 0.293
15 1 0.225
15 1 0.211
15 1 0.267
15 1 0.284
15 1 0.217
15 1 0.214
15 1 0.266
15 1 0.251
15 1 0.262
15 1 0.244
15 1 0.258
15 1 0.258
15 1 0.245
15 1 0.233
15 1 0.211
15 1 0.243
15 1 0.242
15 1 0.257
15 1 0.234
15 1 0.241
15 1 0.206
15 1 0.232
15 1 0.236
15 1 0.233
15 1 0.216
15 1 0.293
15 1 0.231
15 1 0.265
15 1 0.243
15 1 0.247
15 1 0.182
15 1 0.271
15 1 0.231
15 1 0.183
15 1 0.275
15 1 0.244
15 1 0.248
15 1 0.258
15 1 0.260
15 1 0.249
15 1 0.236
15 1 0.265
15 1 0.228
15 1 0.271
15 1 0.237
15 1 0.254
15 1 0.216
15 1 0.226
15 1 0.237
15 1 0.232
15 1 0.275
15 1 0.234
15 1 0.245
15 1 0.278
15 1 0.240
15 1 0.196
15 1 0.253
15 1 0.230
15 1 0.201
15 1 0.299
15 1 0.252
15 1 0.264
15 1 0.280
15 1 0.235
15 1 0.253
15 1 0.280
15 1 0.257
15 1 0.233
15 1 0.266
15 1 0.230
15 1 0.228
15 1 0.285
15 1 0.210
15 1 0.201
15 1 0.206
15 1 0.205
15 1 0.222
15 1 0.266
15 1 0.246
15 1 0.305
15 1 0.208
15 1 0.271
15 1 0.244
15 1 0.285
15 1 0.238
15 1 0.246
15 1 0.233
15 1 0.276
15 1 0.266
15 1 0.192
15 1 0.254
15 1 0.299
15 1 0.189
15 1 0.235
15 1 0.239
15 1 0.264
15 1 0.250
15 1 0.177
15 1 0.236
15 1 0.211
15 1 0.257
15 1 0.240
15 1 0.295
15 1 0.230
15 1 0.275
15 1 0.253
15 1 0.242
15 1 0.232
15 1 0.236
15 1 0.252
15 1 0.241
15 1 0.215
15 1 0.238
15 1 0.299
15 1 0.236
15 1 0.279
15 1 0.284
15 1 0.264
15 1 0.190
15 1 0.260
15 1 0.231
15 1 0.273
15 1 0.250
15 1 0.226
15 1 0.291
15 1 0.283
15 1 0.287
15 1 0.266
15 1 0.261
15 1 0.252
15 1 0.220
15 1 0.226
15 1 0.206
15 1 0.229
15 1 0.217
15 1 0.236
15 1 0.234
15 1 0.248
15 1 0.238
15 1 0.269
15 1 0.296
15 1 0.191
15 1 0.255
15 1 0.140
15 1 0.251
15 1 0.264
15 1 0.202
15 1 0.264
15 1 0.249
15 1 0.243
15 1 0.291
15 1 0.271
15 1 0.301
15 1 0.244
15 1 0.277
15 1 0.277
15 1 0.247
15 1 0.213
15 1 0.212
15 1 0.198
15 1 0.196
15 1 0.218
15 1 0.278
15 1 0.287
15 1 0.271
15 1 0.273
15 1 0.281
15 1 0.284
15 1 0.275
15 1 0.253
15 1 0.261
15 1 0.256
15 1 0.203
15 1 0.270
15 1 0.237
15 1 0.221
15 1 0.288
15 1 0.275
15 1 0.230
15 1 0.242
15 1 0.229
15 1 0.229
15 1 0.311
15 1 0.246
15 1 0.232
15 1 0.278
15 1 0.212
15 1 0.274
15 1 0.203
15 1 0.231
15 1 0.236
15 1 0.194
15 1 0.243
15 1 0.205
15 1 0.239
15 1 0.188
15 1 0.224
15 1 0.287
15 1 0.197
15 1 0.274
15 1 0.255
15 1 0.243
15 1 0.212
15 1 0.199
15 1 0.178
15 1 0.265
15 1 0.230
15 1 0.232
15 1 0.213
15 1 0.233
15 1 0.264
15 1 0.241
15 1 0.244
15 1 0.266
15 1 0.263
15 1 0.224
15 1 0.257
15 1 0.242
15 1 0.214
15 1 0.182
15 1 0.228
15 1 0.239
15 1 0.252
15 1 0.265
15 1 0.234
15 1 0.278
15 1 0.268
15 1 0.232
15 1 0.305
15 1 0.230
15 1 0.227
15 1 0.243
15 1 0.244
15 1 0.217
15 1 0.273
15 1 0.192
15 1 0.246
15 1 0.250
15 1 0.251
15 1 0.237
15 1 0.245
15 1 0.254
15 1 0.249
15 1 0.296
15 1 0.262
15 1 0.271
15 1 0.204
15 1 0.270
15 1 0.349
15 1 0.213
15 1 0.187
15 1 0.203
15 1 0.190
15 1 0.302
15 1 0.275
15 1 0.224
15 1 0.218
15 1 0.252
15 1 0.265
15 1 0.232
15 1 0.204
15 1 0.212
15 1 0.207
15 1 0.220
15 1 0.269
15 1 0.223
15 1 0.242
15 1 0.217
15 1 0.293
15 1 0.272
15 1 0.248
15 1 0.236
15 1 0.240
15 1 0.240
15 1 0.171
15 1 0.220
15 1 0.270
15 1 0.224
15 1 0.259
15 1 0.226
15 1 0.280
15 1 0.254
15 1 0.256
15 1 0.205
15 1 0.254
15 1 0.222
15 1 0.232
15 1 0.263
15 1 0.190
15 1 0.227
15 1 0.207
15 1 0.273
15 1 0.216
15 1 0.264
15 1 0.254
15 1 0.292
15 1 0.225
15 1 0.288
15 1 0.205
15 1 0.229
15 1 0.248
15 1 0.257
15 1 0.219
15 1 0.235
15 1 0.255
15 1 0.220
15 1 0.221
15 1 0.206
15 1 0.201
15 1 0.190
15 1 0.308
15 1 0.234
15 1 0.233
15 1 0.200
15 1 0.294
15 1 0.243
15 1 0.222
15 1 0.266
15 1 0.241
15 1 0.272
15 1 0.222
15 1 0.205
15 1 0.233
15 1 0.273
15 1 0.312
15 1 0.299
15 1 0.188
15 1 0.244
15 1 0.220
15 1 0.272
15 1 0.207
15 1 0.196
15 1 0.264
15 1 0.238
15 1 0.182
15 1 0.253
15 1 0.230
15 1 0.263
15 1 0.283
15 1 0.267
15 1 0.248
15 1 0.261
15 1 0.252
15 1 0.266
15 1 0.291
15 1 0.242
15 1 0.295
15 1 0.240
15 1 0.242
15 1 0.211
15 1 0.257
15 1 0.227
15 1 0.218
15 1 0.160
15 1 0.250
15 1 0.280
15 1 0.228
15 1 0.225
15 1 0.281
15 1 0.249
15 1 0.264
15 1 0.263
15 1 0.224
15 1 0.237
15 1 0.279
15 1 0.244
15 1 0.269
15 1 0.274
15 1 0.212
15 1 0.219
15 1 0.233
15 1 0.211
15 1 0.254
15 1 0.234
15 1 0.318
15 1 0.246
15 1 0.205
15 1 0.174
15 1 0.256
15 1 0.223
15 1 0.235
15 1 0.246
15 1 0.271
15 1 0.243
15 1 0.205
15 1 0.273
15 1 0.187
15 1 0.265
15 1 0.189
15 1 0.231
15 1 0.183
15 1 0.234
15 1 0.199
15 1 0.290
15 1 0.199
15 1 0.257
15 1 0.243
15 1 0.231
15 1 0.217
15 1 0.179
15 1 0.254
15 1 0.261
15 1 0.225
15 1 0.219
15 1 0.224
15 1 0.215
15 1 0.276
15 1 0.257
15 1 0.257
15 1 0.221
15 1 0.245
15 1 0.233
15 1 0.239
15 1 0.233
15 1 0.200
15 1 0.242
15 1 0.213
15 1 0.272
15 1 0.249
15 1 0.225
15 1 0.179
15 1 0.242
15 1 0.266
15 1 0.243
15 1 0.297
15 1 0.239
15 1 0.227
15 1 0.221
15 1 0.189
15 1 0.183
15 1 0.294
15 2 0.186
15 2 0.249
15 2 0.238
15 2 0.241
15 2 0.244
15 2 0.306
15 2 0.243
15 2 0.257
15 2 0.229
15 2 0.242
15 2 0.283
15 2 0.283
15 2 0.222
15 2 0.268
15 2 0.243
15 2 0.272
15 2 0.281
15 2 0.260
15 2 0.241
15 2 0.250
15 2 0.238
15 2 0.230
15 2 0.244
15 2 0.247
15 2 0.206
15 2 0.226
15 2 0.244
15 2 0.250
15 2 0.211
15 2 0.235
15 2 0.226
15 2 0.246
15 2 0.248
15 2 0.294
15 2 0.233
15 2 0.211
15 2 0.295
15 2 0.262
15 2 0.269
15 2 0.214
15 2 0.226
15 2 0.232
15 2 0.283
15 2 0.256
15 2 0.215
15 2 0.225
15 2 0.230
15 2 0.274
15 2 0.244
15 2 0.246
15 2 0.204
15 2 0.272
15 2 0.207
15 2 0.262
15 2 0.296
15 2 0.183
15 2 0.249
15 2 0.251
15 2 0.274
15 2 0.264
15 2 0.272
15 2 0.225
15 2 0.273
15 2 0.233
15 2 0.262
15 2 0.310
15 2 0.217
15 2 0.216
15 2 0.301
15 2 0.220
15 2 0.218
15 2 0.254
15 2 0.281
15 2 0.231
15 2 0.215
15 2 0.268
15 2 0.255
15 2 0.263
15 2 0.256
15 2 0.262
15 2 0.246
15 2 0.247
15 2 0.241
15 2 0.216
15 2 0.243
15 2 0.243
15 2 0.262
15 2 0.234
15 2 0.246
15 2 0.219
15 2 0.237
15 2 0.245
15 2 0.244
15 2 0.232
15 2 0.290
15 2 0.227
15 2 0.268
15 2 0.242
15 2 0.246
15 2 0.193
15 2 0.266
15 2 0.240
15 2 0.181
15 2 0.268
15 2 0.239
15 2 0.243
15 2 0.254
15 2 0.257
15 2 0.241
15 2 0.245
15 2 0.265
15 2 0.232
15 2 0.271
15 2 0.235
15 2 0.258
15 2 0.214
15 2 0.226
15 2 0.224
15 2 0.228
15 2 0.274
15 2 0.230
15 2 0.234
15 2 0.220
15 2 0.226
15 2 0.197
15 2 0.255
15 2 0.236
15 2 0.199
15 2 0.293
15 2 0.255
15 2 0.258
15 2 0.291
15 2 0.248
15 2 0.273
15 2 0.296
15 2 0.269
15 2 0.243
15 2 0.279
15 2 0.244
15 2 0.230
15 2 0.269
15 2 0.225
15 2 0.204
15 2 0.202
15 2 0.210
15 2 0.212
15 2 0.260
15 2 0.233
15 2 0.279
15 2 0.209
15 2 0.274
15 2 0.232
15 2 0.279
15 2 0.236
15 2 0.239
15 2 0.237
15 2 0.276
15 2 0.269
15 2 0.196
15 2 0.230
15 2 0.279
15 2 0.187
15 2 0.239
15 2 0.249
15 2 0.259
15 2 0.256
15 2 0.175
15 2 0.240
15 2 0.210
15 2 0.257
15 2 0.256
15 2 0.292
15 2 0.237
15 2 0.284
15 2 0.253
15 2 0.242
15 2 0.243
15 2 0.223
15 2 0.250
15 2 0.238
15 2 0.229
15 2 0.233
15 2 0.288
15 2 0.221
15 2 0.262
15 2 0.260
15 2 0.265
15 2 0.178
15 2 0.253
15 2 0.217
15 2 0.268
15 2 0.241
15 2 0.211
15 2 0.273
15 2 0.276
15 2 0.273
15 2 0.254
15 2 0.250
15 2 0.239
15 2 0.201
15 2 0.220
15 2 0.205
15 2 0.229
15 2 0.226
15 2 0.236
15 2 0.238
15 2 0.247
15 2 0.226
15 2 0.273
15 2 0.290
15 2 0.201
15 2 0.263
15 2 0.141
15 2 0.257
15 2 0.278
15 2 0.203
15 2 0.263
15 2 0.244
15 2 0.242
15 2 0.294
15 2 0.272
15 2 0.297
15 2 0.239
15 2 0.266
15 2 0.269
15 2 0.251
15 2 0.220
15 2 0.207
15 2 0.199
15 2 0.198
15 2 0.224
15 2 0.306
15 2 0.321
15 2 0.366
15 2 0.277
15 2 0.276
15 2 0.281
15 2 0.271
15 2 0.262
15 2 0.276
15 2 0.257
15 2 0.211
15 2 0.274
15 2 0.237
15 2 0.220
15 2 0.284
15 2 0.262
15 2 0.231
15 2 0.231
15 2 0.230
15 2 0.215
15 2 0.318
15 2 0.256
15 2 0.231
15 2 0.283
15 2 0.220
15 2 0.274
15 2 0.211
15 2 0.236
15 2 0.238
15 2 0.192
15 2 0.245
15 2 0.201
15 2 0.235
15 2 0.199
15 2 0.225
15 2 0.261
15 2 0.206
15 2 0.269
15 2 0.254
15 2 0.243
15 2 0.218
15 2 0.189
15 2 0.183
15 2 0.267
15 2 0.226
15 2 0.233
15 2 0.221
15 2 0.243
15 2 0.271
15 2 0.250
15 2 0.256
15 2 0.258
15 2 0.269
15 2 0.222
15 2 0.253
15 2 0.239
15 2 0.211
15 2 0.190
15 2 0.231
15 2 0.243
15 2 0.250
15 2 0.255
15 2 0.223
15 2 0.261
15 2 0.266
15 2 0.235
15 2 0.252
15 2 0.230
15 2 0.229
15 2 0.238
15 2 0.251
15 2 0.208
15 2 0.283
15 2 0.192
15 2 0.241
15 2 0.250
15 2 0.252
15 2 0.239
15 2 0.241
15 2 0.245
15 2 0.246
15 2 0.302
15 2 0.252
15 2 0.268
15 2 0.201
15 2 0.272
15 2 0.350
15 2 0.214
15 2 0.198
15 2 0.204
15 2 0.186
15 2 0.291
15 2 0.264
15 2 0.230
15 2 0.217
15 2 0.254
15 2 0.271
15 2 0.228
15 2 0.206
15 2 0.217
15 2 0.212
15 2 0.222
15 2 0.272
15 2 0.226
15 2 0.235
15 2 0.224
15 2 0.235
15 2 0.264
15 2 0.246
15 2 0.233
15 2 0.243
15 2 0.237
15 2 0.172
15 2 0.226
15 2 0.266
15 2 0.232
15 2 0.255
15 2 0.231
15 2 0.282
15 2 0.254
15 2 0.257
15 2 0.203
15 2 0.255
15 2 0.228
15 2 0.234
15 2 0.269
15 2 0.199
15 2 0.235
15 2 0.217
15 2 0.280
15 2 0.252
15 2 0.278
15 2 0.254
15 2 0.308
15 2 0.246
15 2 0.294
15 2 0.219
15 2 0.237
15 2 0.404
15 2 0.273
15 2 0.215
15 2 0.233
15 2 0.241
15 2 0.221
15 2 0.221
15 2 0.209
15 2 0.201
15 2 0.188
15 2 0.306
15 2 0.245
15 2 0.234
15 2 0.211
15 2 0.285
15 2 0.243
15 2 0.228
15 2 0.268
15 2 0.248
15 2 0.273
15 2 0.218
15 2 0.205
15 2 0.208
15 2 0.237
15 2 0.262
15 2 0.234
15 2 0.191
15 2 0.240
15 2 0.272
15 2 0.269
15 2 0.257
15 2 0.192
15 2 0.258
15 2 0.241
15 2 0.175
15 2 0.266
15 2 0.219
15 2 0.266
15 2 0.291
15 2 0.262
15 2 0.252
15 2 0.260
15 2 0.249
15 2 0.265
15 2 0.312
15 2 0.240
15 2 0.299
15 2 0.250
15 2 0.237
15 2 0.212
15 2 0.250
15 2 0.225
15 2 0.211
15 2 0.160
15 2 0.252
15 2 0.268
15 2 0.239
15 2 0.220
15 2 0.279
15 2 0.257
15 2 0.256
15 2 0.255
15 2 0.222
15 2 0.227
15 2 0.273
15 2 0.247
15 2 0.273
15 2 0.280
15 2 0.210
15 2 0.227
15 2 0.232
15 2 0.203
15 2 0.254
15 2 0.228
15 2 0.315
15 2 0.253
15 2 0.198
15 2 0.184
15 2 0.265
15 2 0.254
15 2 0.252
15 2 0.261
15 2 0.289
15 2 0.255
15 2 0.214
15 2 0.293
15 2 0.197
15 2 0.268
15 2 0.190
15 2 0.245
15 2 0.188
15 2 0.241
15 2 0.210
15 2 0.292
15 2 0.210
15 2 0.257
15 2 0.253
15 2 0.239
15 2 0.226
15 2 0.185
15 2 0.264
15 2 0.312
15 2 0.218
15 2 0.215
15 2 0.224
15 2 0.217
15 2 0.272
15 2 0.250
15 2 0.257
15 2 0.228
15 2 0.255
15 2 0.231
15 2 0.234
15 2 0.229
15 2 0.203
15 2 0.257
15 2 0.209
15 2 0.261
15 2 0.249
15 2 0.220
15 2 0.174
15 2 0.236
15 2 0.276
15 2 0.251
15 2 0.295
15 2 0.248
15 2 0.221
15 2 0.228
15 2 0.190
15 2 0.191
15 2 0.296
15 3 0.182
15 3 0.250
15 3 0.240
15 3 0.248
15 3 0.239
15 3 0.294
15 3 0.240
15 3 0.252
15 3 0.224
15 3 0.253
15 3 0.316
15 3 0.271
15 3 0.219
15 3 0.262
15 3 0.244
15 3 0.275
15 3 0.276
15 3 0.263
15 3 0.238
15 3 0.251
15 3 0.250
15 3 0.221
15 3 0.248
15 3 0.248
15 3 0.203
15 3 0.220
15 3 0.242
15 3 0.248
15 3 0.201
15 3 0.236
15 3 0.234
15 3 0.243
15 3 0.252
15 3 0.282
15 3 0.224
15 3 0.211
15 3 0.289
15 3 0.260
15 3 0.256
15 3 0.221
15 3 0.234
15 3 0.227
15 3 0.285
15 3 0.253
15 3 0.220
15 3 0.245
15 3 0.224
15 3 0.273
15 3 0.250
15 3 0.251
15 3 0.214
15 3 0.267
15 3 0.200
15 3 0.257
15 3 0.289
15 3 0.186
15 3 0.243
15 3 0.246
15 3 0.267
15 3 0.258
15 3 0.271
15 3 0.232
15 3 0.268
15 3 0.239
15 3 0.258
15 3 0.318
15 3 0.225
15 3 0.214
15 3 0.294
15 3 0.218
15 3 0.211
15 3 0.259
15 3 0.280
15 3 0.222
15 3 0.216
15 3 0.258
15 3 0.255
15 3 0.258
15 3 0.255
15 3 0.262
15 3 0.249
15 3 0.249
15 3 0.237
15 3 0.213
15 3 0.247
15 3 0.239
15 3 0.259
15 3 0.229
15 3 0.238
15 3 0.210
15 3 0.242
15 3 0.236
15 3 0.224
15 3 0.221
15 3 0.290
15 3 0.226
15 3 0.266
15 3 0.248
15 3 0.245
15 3 0.187
15 3 0.267
15 3 0.235
15 3 0.185
15 3 0.270
15 3 0.242
15 3 0.240
15 3 0.257
15 3 0.260
15 3 0.245
15 3 0.244
15 3 0.271
15 3 0.243
15 3 0.268
15 3 0.229
15 3 0.262
15 3 0.209
15 3 0.239
15 3 0.228
15 3 0.225
15 3 0.275
15 3 0.222
15 3 0.235
15 3 0.217
15 3 0.226
15 3 0.193
15 3 0.248
15 3 0.227
15 3 0.196
15 3 0.288
15 3 0.255
15 3 0.258
15 3 0.289
15 3 0.236
15 3 0.258
15 3 0.277
15 3 0.262
15 3 0.234
15 3 0.277
15 3 0.233
15 3 0.224
15 3 0.250
15 3 0.214
15 3 0.201
15 3 0.198
15 3 0.212
15 3 0.224
15 3 0.256
15 3 0.226
15 3 0.280
15 3 0.213
15 3 0.264
15 3 0.235
15 3 0.288
15 3 0.242
15 3 0.241
15 3 0.240
15 3 0.280
15 3 0.269
15 3 0.193
15 3 0.235
15 3 0.283
15 3 0.190
15 3 0.240
15 3 0.241
15 3 0.261
15 3 0.244
15 3 0.175
15 3 0.239
15 3 0.206
15 3 0.265
15 3 0.239
15 3 0.294
15 3 0.236
15 3 0.264
15 3 0.250
15 3 0.240
15 3 0.228
15 3 0.225
15 3 0.237
15 3 0.235
15 3 0.215
15 3 0.233
15 3 0.290
15 3 0.225
15 3 0.264
15 3 0.278
15 3 0.261
15 3 0.184
15 3 0.255
15 3 0.225
15 3 0.277
15 3 0.243
15 3 0.216
15 3 0.274
15 3 0.266
15 3 0.280
15 3 0.258
15 3 0.252
15 3 0.258
15 3 0.200
15 3 0.226
15 3 0.199
15 3 0.234
15 3 0.222
15 3 0.237
15 3 0.244
15 3 0.246
15 3 0.241
15 3 0.273
15 3 0.298
15 3 0.200
15 3 0.251
15 3 0.147
15 3 0.251
15 3 0.273
15 3 0.204
15 3 0.260
15 3 0.249
15 3 0.239
15 3 0.296
15 3 0.278
15 3 0.294
15 3 0.233
15 3 0.268
15 3 0.269
15 3 0.245
15 3 0.215
15 3 0.208
15 3 0.202
15 3 0.195
15 3 0.226
15 3 0.273
15 3 0.278
15 3 0.271
15 3 0.261
15 3 0.270
15 3 0.284
15 3 0.275
15 3 0.246
15 3 0.272
15 3 0.249
15 3 0.203
15 3 0.272
15 3 0.223
15 3 0.221
15 3 0.283
15 3 0.262
15 3 0.239
15 3 0.239
15 3 0.229
15 3 0.218
15 3 0.303
15 3 0.256
15 3 0.235
15 3 0.279
15 3 0.225
15 3 0.267
15 3 0.207
15 3 0.239
15 3 0.233
15 3 0.201
15 3 0.242
15 3 0.209
15 3 0.234
15 3 0.193
15 3 0.221
15 3 0.265
15 3 0.201
15 3 0.265
15 3 0.244
15 3 0.241
15 3 0.216
15 3 0.193
15 3 0.182
15 3 0.269
15 3 0.227
15 3 0.237
15 3 0.214
15 3 0.242
15 3 0.262
15 3 0.244
15 3 0.261
15 3 0.261
15 3 0.268
15 3 0.228
15 3 0.252
15 3 0.242
15 3 0.209
15 3 0.182
15 3 0.227
15 3 0.245
15 3 0.256
15 3 0.257
15 3 0.234
15 3 0.277
15 3 0.268
15 3 0.242
15 3 0.265
15 3 0.232
15 3 0.237
15 3 0.256
15 3 0.251
15 3 0.227
15 3 0.276
15 3 0.200
15 3 0.243
15 3 0.244
15 3 0.256
15 3 0.237
15 3 0.245
15 3 0.252
15 3 0.247
15 3 0.286
15 3 0.253
15 3 0.264
15 3 0.207
15 3 0.268
15 3 0.347
15 3 0.222
15 3 0.190
15 3 0.215
15 3 0.194
15 3 0.304
15 3 0.290
15 3 0.227
15 3 0.227
15 3 0.248
15 3 0.275
15 3 0.243
15 3 0.206
15 3 0.227
15 3 0.209
15 3 0.223
15 3 0.266
15 3 0.224
15 3 0.243
15 3 0.221
15 3 0.243
15 3 0.280
15 3 0.258
15 3 0.252
15 3 0.240
15 3 0.234
15 3 0.166
15 3 0.219
15 3 0.261
15 3 0.221
15 3 0.263
15 3 0.222
15 3 0.272
15 3 0.247
15 3 0.249
15 3 0.207
15 3 0.255
15 3 0.227
15 3 0.239
15 3 0.261
15 3 0.201
15 3 0.226
15 3 0.214
15 3 0.267
15 3 0.211
15 3 0.261
15 3 0.239
15 3 0.287
15 3 0.239
15 3 0.274
15 3 0.207
15 3 0.225
15 3 0.248
15 3 0.250
15 3 0.216
15 3 0.232
15 3 0.239
15 3 0.220
15 3 0.218
15 3 0.209
15 3 0.203
15 3 0.190
15 3 0.304
15 3 0.233
15 3 0.229
15 3 0.198
15 3 0.281
15 3 0.246
15 3 0.227
15 3 0.270
15 3 0.246
15 3 0.267
15 3 0.222
15 3 0.210
15 3 0.213
15 3 0.237
15 3 0.264
15 3 0.235
15 3 0.185
15 3 0.240
15 3 0.218
15 3 0.272
15 3 0.211
15 3 0.195
15 3 0.264
15 3 0.232
15 3 0.175
15 3 0.246
15 3 0.228
15 3 0.272
15 3 0.313
15 3 0.261
15 3 0.250
15 3 0.244
15 3 0.242
15 3 0.267
15 3 0.275
15 3 0.242
15 3 0.295
15 3 0.237
15 3 0.235
15 3 0.209
15 3 0.257
15 3 0.230
15 3 0.211
15 3 0.164
15 3 0.259
15 3 0.273
15 3 0.238
15 3 0.237
15 3 0.283
15 3 0.254
15 3 0.266
15 3 0.261
15 3 0.233
15 3 0.232
15 3 0.269
15 3 0.247
15 3 0.284
15 3 0.277
15 3 0.213
15 3 0.220
15 3 0.227
15 3 0.209
15 3 0.253
15 3 0.222
15 3 0.317
15 3 0.240
15 3 0.221
15 3 0.198
15 3 0.256
15 3 0.252
15 3 0.235
15 3 0.262
15 3 0.270
15 3 0.239
15 3 0.220
15 3 0.274
15 3 0.193
15 3 0.251
15 3 0.191
15 3 0.237
15 3 0.177
15 3 0.239
15 3 0.203
15 3 0.289
15 3 0.200
15 3 0.255
15 3 0.248
15 3 0.231
15 3 0.229
15 3 0.176
15 3 0.261
15 3 0.264
15 3 0.219
15 3 0.224
15 3 0.224
15 3 0.215
15 3 0.275
15 3 0.257
15 3 0.260
15 3 0.214
15 3 0.256
15 3 0.242
15 3 0.232
15 3 0.237
15 3 0.199
15 3 0.253
15 3 0.215
15 3 0.260
15 3 0.247
15 3 0.217
15 3 0.182
15 3 0.231
15 3 0.269
15 3 0.246
15 3 0.298
15 3 0.252
15 3 0.223
15 3 0.222
15 3 0.185
15 3 0.187
15 3 0.299
20 1 0.405
20 1 0.565
20 1 0.523
20 1 0.539
20 1 0.590
20 1 0.578
20 1 0.538
20 1 0.607
20 1 0.629
20 1 0.583
20 1 0.582
20 1 0.552
20 1 0.636
20 1 0.645
20 1 0.542
20 1 0.509
20 1 0.480
20 1 0.578
20 1 0.519
20 1 0.522
20 1 0.551
20 1 0.500
20 1 0.548
20 1 0.540
20 1 0.546
20 1 0.621
20 1 0.486
20 1 0.602
20 1 0.603
20 1 0.553
20 1 0.490
20 1 0.497
20 1 0.584
20 1 0.575
20 1 0.503
20 1 0.499
20 1 0.611
20 1 0.597
20 1 0.449
20 1 0.582
20 1 0.583
20 1 0.621
20 1 0.470
20 1 0.600
20 1 0.556
20 1 0.606
20 1 0.528
20 1 0.595
20 1 0.568
20 1 0.652
20 1 0.541
20 1 0.521
20 1 0.634
20 1 0.478
20 1 0.589
20 1 0.579
20 1 0.459
20 1 0.589
20 1 0.547
20 1 0.545
20 1 0.528
20 1 0.591
20 1 0.546
20 1 0.492
20 1 0.623
20 1 0.535
20 1 0.520
20 1 0.562
20 1 0.473
20 1 0.597
20 1 0.529
20 1 0.487
20 1 0.587
20 1 0.638
20 1 0.599
20 1 0.427
20 1 0.598
20 1 0.496
20 1 0.515
20 1 0.561
20 1 0.511
20 1 0.604
20 1 0.570
20 1 0.491
20 1 0.627
20 1 0.494
20 1 0.506
20 1 0.505
20 1 0.489
20 1 0.495
20 1 0.537
20 1 0.581
20 1 0.500
20 1 0.500
20 1 0.524
20 1 0.510
20 1 0.472
20 1 0.608
20 1 0.549
20 1 0.588
20 1 0.610
20 1 0.540
20 1 0.614
20 1 0.579
20 1 0.574
20 1 0.585
20 1 0.547
20 1 0.548
20 1 0.456
20 1 0.491
20 1 0.481
20 1 0.554
20 1 0.549
20 1 0.519
20 1 0.610
20 1 0.526
20 1 0.549
20 1 0.535
20 1 0.502
20 1 0.595
20 1 0.443
20 1 0.561
20 1 0.583
20 1 0.515
20 1 0.530
20 1 0.593
20 1 0.435
20 1 0.531
20 1 0.477
20 1 0.554
20 1 0.664
20 1 0.515
20 1 0.627
20 1 0.522
20 1 0.525
20 1 0.590
20 1 0.571
20 1 0.518
20 1 0.571
20 1 0.574
20 1 0.585
20 1 0.583
20 1 0.545
20 1 0.481
20 1 0.574
20 1 0.565
20 1 0.494
20 1 0.599
20 1 0.637
20 1 0.558
20 1 0.571
20 1 0.547
20 1 0.488
20 1 0.504
20 1 0.557
20 1 0.542
20 1 0.519
20 1 0.535
20 1 0.565
20 1 0.660
20 1 0.430
20 1 0.449
20 1 0.506
20 1 0.613
20 1 0.447
20 1 0.658
20 1 0.508
20 1 0.669
20 1 0.613
20 1 0.599
20 1 0.601
20 1 0.529
20 1 0.487
20 1 0.479
20 1 0.490
20 1 0.444
20 1 0.648
20 1 0.598
20 1 0.590
20 1 0.598
20 1 0.613
20 1 0.606
20 1 0.562
20 1 0.569
20 1 0.484
20 1 0.575
20 1 0.592
20 1 0.647
20 1 0.561
20 1 0.548
20 1 0.548
20 1 0.648
20 1 0.544
20 1 0.514
20 1 0.524
20 1 0.596
20 1 0.476
20 1 0.538
20 1 0.457
20 1 0.511
20 1 0.515
20 1 0.493
20 1 0.522
20 1 0.573
20 1 0.561
20 1 0.530
20 1 0.477
20 1 0.475
20 1 0.430
20 1 0.580
20 1 0.556
20 1 0.504
20 1 0.512
20 1 0.589
20 1 0.585
20 1 0.595
20 1 0.467
20 1 0.570
20 1 0.558
20 1 0.471
20 1 0.481
20 1 0.592
20 1 0.532
20 1 0.558
20 1 0.591
20 1 0.648
20 1 0.509
20 1 0.421
20 1 0.593
20 1 0.512
20 1 0.492
20 1 0.554
20 1 0.478
20 1 0.591
20 1 0.554
20 1 0.503
20 1 0.535
20 1 0.603
20 1 0.646
20 1 0.593
20 1 0.507
20 1 0.675
20 1 0.562
20 1 0.394
20 1 0.514
20 1 0.598
20 1 0.608
20 1 0.486
20 1 0.607
20 1 0.612
20 1 0.478
20 1 0.561
20 1 0.492
20 1 0.505
20 1 0.613
20 1 0.482
20 1 0.539
20 1 0.551
20 1 0.562
20 1 0.510
20 1 0.605
20 1 0.404
20 1 0.497
20 1 0.586
20 1 0.558
20 1 0.515
20 1 0.640
20 1 0.527
20 1 0.498
20 1 0.592
20 1 0.487
20 1 0.621
20 1 0.448
20 1 0.439
20 1 0.572
20 1 0.492
20 1 0.648
20 1 0.592
20 1 0.533
20 1 0.514
20 1 0.521
20 1 0.551
20 1 0.568
20 1 0.444
20 1 0.580
20 1 0.518
20 1 0.489
20 1 0.454
20 1 0.448
20 1 0.549
20 1 0.522
20 1 0.483
20 1 0.599
20 1 0.493
20 1 0.562
20 1 0.641
20 1 0.478
20 1 0.473
20 1 0.458
20 1 0.622
20 1 0.529
20 1 0.500
20 1 0.485
20 1 0.590
20 1 0.457
20 1 0.552
20 1 0.504
20 1 0.397
20 1 0.547
20 1 0.582
20 1 0.628
20 1 0.543
20 1 0.534
20 1 0.565
20 1 0.581
20 1 0.630
20 1 0.593
20 1 0.518
20 1 0.500
20 1 0.537
20 1 0.461
20 1 0.414
20 1 0.550
20 1 0.586
20 1 0.450
20 1 0.633
20 1 0.591
20 1 0.563
20 1 0.507
20 1 0.558
20 1 0.638
20 1 0.553
20 1 0.626
20 1 0.523
20 1 0.505
20 1 0.510
20 1 0.554
20 1 0.569
20 1 0.619
20 1 0.476
20 1 0.427
20 1 0.511
20 1 0.606
20 1 0.519
20 1 0.576
20 1 0.539
20 1 0.536
20 1 0.450
20 1 0.479
20 1 0.488
20 1 0.466
20 1 0.502
20 1 0.573
20 1 0.468
20 1 0.518
20 1 0.501
20 1 0.510
20 1 0.488
20 1 0.597
20 1 0.480
20 1 0.573
20 1 0.445
20 1 0.591
20 1 0.525
20 1 0.530
20 1 0.587
20 1 0.553
20 1 0.529
20 1 0.480
20 1 0.483
20 1 0.575
20 1 0.559
20 1 0.462
20 1 0.470
20 1 0.556
20 1 0.608
20 1 0.594
20 1 0.524
20 1 0.403
20 1 0.450
20 1 0.611
20 1 0.503
20 1 0.478
20 1 0.563
20 1 0.579
20 1 0.513
20 1 0.596
20 1 0.595
20 1 0.560
20 1 0.528
20 1 0.538
20 1 0.547
20 1 0.517
20 1 0.705
20 1 0.511
20 1 0.522
20 1 0.520
20 1 0.551
20 1 0.553
20 1 0.548
20 1 0.553
20 1 0.601
20 1 0.587
20 1 0.529
20 1 0.487
20 1 0.453
20 1 0.543
20 1 0.522
20 1 0.492
20 1 0.503
20 1 0.552
20 1 0.532
20 1 0.596
20 1 0.439
20 1 0.516
20 1 0.650
20 1 0.581
20 1 0.527
20 1 0.380
20 1 0.580
20 1 0.448
20 1 0.566
20 1 0.579
20 1 0.496
20 1 0.621
20 1 0.519
20 1 0.517
20 1 0.494
20 1 0.645
20 1 0.580
20 1 0.488
20 1 0.610
20 1 0.498
20 1 0.643
20 1 0.593
20 1 0.634
20 1 0.563
20 1 0.535
20 1 0.488
20 1 0.534
20 1 0.460
20 1 0.520
20 1 0.503
20 1 0.438
20 1 0.504
20 1 0.551
20 1 0.582
20 1 0.542
20 1 0.604
20 1 0.539
20 1 0.568
20 1 0.596
20 1 0.577
20 1 0.449
20 1 0.613
20 1 0.591
20 1 0.545
20 1 0.517
20 1 0.598
20 1 0.546
20 1 0.540
20 1 0.455
20 1 0.577
20 1 0.529
20 1 0.542
20 1 0.502
20 1 0.577
20 1 0.496
20 1 0.578
20 1 0.551
20 1 0.500
20 1 0.493
20 1 0.495
20 1 0.492
20 1 0.513
20 1 0.487
20 1 0.599
20 1 0.555
20 1 0.611
20 1 0.485
20 1 0.615
20 1 0.610
20 1 0.653
20 1 0.528
20 1 0.631
20 1 0.433
20 1 0.564
20 1 0.551
20 1 0.541
20 1 0.552
20 1 0.541
20 1 0.552
20 1 0.540
20 1 0.566
20 1 0.566
20 1 0.556
20 1 0.511
20 1 0.583
20 1 0.575
20 1 0.554
20 2 0.425
20 2 0.551
20 2 0.529
20 2 0.537
20 2 0.592
20 2 0.569
20 2 0.534
20 2 0.592
20 2 0.631
20 2 0.597
20 2 0.588
20 2 0.555
20 2 0.654
20 2 0.644
20 2 0.542
20 2 0.501
20 2 0.466
20 2 0.575
20 2 0.517
20 2 0.524
20 2 0.515
20 2 0.481
20 2 0.532
20 2 0.531
20 2 0.543
20 2 0.618
20 2 0.494
20 2 0.615
20 2 0.594
20 2 0.561
20 2 0.517
20 2 0.485
20 2 0.613
20 2 0.562
20 2 0.498
20 2 0.493
20 2 0.609
20 2 0.585
20 2 0.436
20 2 0.577
20 2 0.593
20 2 0.627
20 2 0.463
20 2 0.584
20 2 0.544
20 2 0.584
20 2 0.509
20 2 0.577
20 2 0.560
20 2 0.597
20 2 0.520
20 2 0.505
20 2 0.624
20 2 0.473
20 2 0.589
20 2 0.567
20 2 0.464
20 2 0.608
20 2 0.586
20 2 0.564
20 2 0.567
20 2 0.620
20 2 0.535
20 2 0.508
20 2 0.582
20 2 0.544
20 2 0.519
20 2 0.551
20 2 0.467
20 2 0.609
20 2 0.533
20 2 0.474
20 2 0.596
20 2 0.621
20 2 0.579
20 2 0.413
20 2 0.597
20 2 0.476
20 2 0.492
20 2 0.539
20 2 0.499
20 2 0.571
20 2 0.554
20 2 0.497
20 2 0.624
20 2 0.493
20 2 0.523
20 2 0.524
20 2 0.508
20 2 0.515
20 2 0.549
20 2 0.604
20 2 0.515
20 2 0.519
20 2 0.525
20 2 0.511
20 2 0.474
20 2 0.589
20 2 0.535
20 2 0.585
20 2 0.625
20 2 0.532
20 2 0.603
20 2 0.591
20 2 0.555
20 2 0.560
20 2 0.510
20 2 0.531
20 2 0.434
20 2 0.483
20 2 0.469
20 2 0.545
20 2 0.530
20 2 0.491
20 2 0.609
20 2 0.531
20 2 0.571
20 2 0.544
20 2 0.529
20 2 0.606
20 2 0.464
20 2 0.574
20 2 0.601
20 2 0.508
20 2 0.531
20 2 0.577
20 2 0.432
20 2 0.520
20 2 0.479
20 2 0.578
20 2 0.665
20 2 0.521
20 2 0.619
20 2 0.512
20 2 0.525
20 2 0.565
20 2 0.531
20 2 0.493
20 2 0.563
20 2 0.546
20 2 0.577
20 2 0.561
20 2 0.550
20 2 0.478
20 2 0.551
20 2 0.570
20 2 0.504
20 2 0.634
20 2 0.656
20 2 0.572
20 2 0.584
20 2 0.540
20 2 0.494
20 2 0.490
20 2 0.555
20 2 0.541
20 2 0.540
20 2 0.524
20 2 0.562
20 2 0.647
20 2 0.426
20 2 0.437
20 2 0.507
20 2 0.608
20 2 0.452
20 2 0.654
20 2 0.509
20 2 0.669
20 2 0.612
20 2 0.596
20 2 0.622
20 2 0.528
20 2 0.494
20 2 0.499
20 2 0.509
20 2 0.471
20 2 0.656
20 2 0.607
20 2 0.599
20 2 0.617
20 2 0.609
20 2 0.572
20 2 0.564
20 2 0.562
20 2 0.491
20 2 0.571
20 2 0.578
20 2 0.628
20 2 0.552
20 2 0.544
20 2 0.550
20 2 0.639
20 2 0.537
20 2 0.498
20 2 0.509
20 2 0.585
20 2 0.464
20 2 0.542
20 2 0.453
20 2 0.480
20 2 0.496
20 2 0.488
20 2 0.524
20 2 0.601
20 2 0.572
20 2 0.555
20 2 0.507
20 2 0.501
20 2 0.436
20 2 0.596
20 2 0.550
20 2 0.488
20 2 0.506
20 2 0.584
20 2 0.572
20 2 0.599
20 2 0.469
20 2 0.559
20 2 0.560
20 2 0.463
20 2 0.464
20 2 0.592
20 2 0.514
20 2 0.535
20 2 0.586
20 2 0.633
20 2 0.498
20 2 0.419
20 2 0.593
20 2 0.522
20 2 0.516
20 2 0.582
20 2 0.503
20 2 0.621
20 2 0.575
20 2 0.517
20 2 0.549
20 2 0.611
20 2 0.665
20 2 0.602
20 2 0.486
20 2 0.676
20 2 0.561
20 2 0.385
20 2 0.513
20 2 0.598
20 2 0.598
20 2 0.472
20 2 0.591
20 2 0.602
20 2 0.463
20 2 0.545
20 2 0.476
20 2 0.489
20 2 0.597
20 2 0.484
20 2 0.512
20 2 0.538
20 2 0.578
20 2 0.543
20 2 0.616
20 2 0.424
20 2 0.509
20 2 0.607
20 2 0.564
20 2 0.522
20 2 0.669
20 2 0.526
20 2 0.481
20 2 0.584
20 2 0.476
20 2 0.613
20 2 0.451
20 2 0.453
20 2 0.577
20 2 0.497
20 2 0.622
20 2 0.602
20 2 0.534
20 2 0.505
20 2 0.517
20 2 0.543
20 2 0.542
20 2 0.443
20 2 0.548
20 2 0.490
20 2 0.480
20 2 0.465
20 2 0.484
20 2 0.560
20 2 0.542
20 2 0.491
20 2 0.610
20 2 0.512
20 2 0.581
20 2 0.610
20 2 0.500
20 2 0.480
20 2 0.453
20 2 0.622
20 2 0.528
20 2 0.504
20 2 0.498
20 2 0.597
20 2 0.481
20 2 0.562
20 2 0.501
20 2 0.394
20 2 0.532
20 2 0.578
20 2 0.599
20 2 0.541
20 2 0.530
20 2 0.540
20 2 0.580
20 2 0.628
20 2 0.585
20 2 0.530
20 2 0.513
20 2 0.550
20 2 0.485
20 2 0.444
20 2 0.558
20 2 0.593
20 2 0.467
20 2 0.634
20 2 0.594
20 2 0.566
20 2 0.498
20 2 0.555
20 2 0.632
20 2 0.551
20 2 0.605
20 2 0.511
20 2 0.483
20 2 0.484
20 2 0.534
20 2 0.553
20 2 0.572
20 2 0.463
20 2 0.421
20 2 0.523
20 2 0.597
20 2 0.513
20 2 0.595
20 2 0.560
20 2 0.546
20 2 0.480
20 2 0.504
20 2 0.493
20 2 0.486
20 2 0.515
20 2 0.613
20 2 0.484
20 2 0.547
20 2 0.504
20 2 0.514
20 2 0.475
20 2 0.583
20 2 0.478
20 2 0.570
20 2 0.448
20 2 0.582
20 2 0.526
20 2 0.519
20 2 0.570
20 2 0.564
20 2 0.512
20 2 0.470
20 2 0.484
20 2 0.558
20 2 0.544
20 2 0.451
20 2 0.480
20 2 0.566
20 2 0.617
20 2 0.640
20 2 0.554
20 2 0.416
20 2 0.479
20 2 0.609
20 2 0.517
20 2 0.489
20 2 0.568
20 2 0.578
20 2 0.513
20 2 0.601
20 2 0.604
20 2 0.563
20 2 0.535
20 2 0.534
20 2 0.534
20 2 0.514
20 2 0.712
20 2 0.523
20 2 0.537
20 2 0.511
20 2 0.559
20 2 0.539
20 2 0.557
20 2 0.558
20 2 0.592
20 2 0.600
20 2 0.538
20 2 0.508
20 2 0.479
20 2 0.572
20 2 0.539
20 2 0.507
20 2 0.527
20 2 0.590
20 2 0.543
20 2 0.627
20 2 0.450
20 2 0.523
20 2 0.618
20 2 0.597
20 2 0.515
20 2 0.366
20 2 0.578
20 2 0.437
20 2 0.567
20 2 0.565
20 2 0.464
20 2 0.601
20 2 0.498
20 2 0.488
20 2 0.494
20 2 0.622
20 2 0.542
20 2 0.483
20 2 0.615
20 2 0.573
20 2 0.657
20 2 0.607
20 2 0.650
20 2 0.590
20 2 0.532
20 2 0.495
20 2 0.549
20 2 0.478
20 2 0.548
20 2 0.520
20 2 0.436
20 2 0.502
20 2 0.554
20 2 0.586
20 2 0.532
20 2 0.599
20 2 0.536
20 2 0.561
20 2 0.597
20 2 0.556
20 2 0.440
20 2 0.606
20 2 0.562
20 2 0.524
20 2 0.510
20 2 0.576
20 2 0.546
20 2 0.558
20 2 0.467
20 2 0.595
20 2 0.545
20 2 0.563
20 2 0.502
20 2 0.590
20 2 0.514
20 2 0.598
20 2 0.569
20 2 0.526
20 2 0.505
20 2 0.505
20 2 0.472
20 2 0.515
20 2 0.469
20 2 0.569
20 2 0.538
20 2 0.609
20 2 0.467
20 2 0.593
20 2 0.583
20 2 0.633
20 2 0.519
20 2 0.609
20 2 0.416
20 2 0.542
20 2 0.538
20 2 0.533
20 2 0.586
20 2 0.561
20 2 0.560
20 2 0.560
20 2 0.597
20 2 0.572
20 2 0.582
20 2 0.526
20 2 0.595
20 2 0.592
20 2 0.578
20 3 0.413
20 3 0.553
20 3 0.531
20 3 0.540
20 3 0.588
20 3 0.577
20 3 0.527
20 3 0.576
20 3 0.605
20 3 0.571
20 3 0.558
20 3 0.545
20 3 0.626
20 3 0.639
20 3 0.532
20 3 0.508
20 3 0.495
20 3 0.616
20 3 0.522
20 3 0.526
20 3 0.526
20 3 0.492
20 3 0.543
20 3 0.550
20 3 0.573
20 3 0.633
20 3 0.537
20 3 0.618
20 3 0.603
20 3 0.563
20 3 0.509
20 3 0.464
20 3 0.604
20 3 0.555
20 3 0.490
20 3 0.488
20 3 0.584
20 3 0.562
20 3 0.436
20 3 0.556
20 3 0.590
20 3 0.597
20 3 0.448
20 3 0.583
20 3 0.558
20 3 0.615
20 3 0.536
20 3 0.612
20 3 0.586
20 3 0.618
20 3 0.539
20 3 0.520
20 3 0.641
20 3 0.497
20 3 0.601
20 3 0.592
20 3 0.478
20 3 0.600
20 3 0.553
20 3 0.566
20 3 0.534
20 3 0.605
20 3 0.521
20 3 0.474
20 3 0.557
20 3 0.513
20 3 0.512
20 3 0.548
20 3 0.449
20 3 0.587
20 3 0.515
20 3 0.482
20 3 0.586
20 3 0.619
20 3 0.586
20 3 0.431
20 3 0.602
20 3 0.499
20 3 0.509
20 3 0.558
20 3 0.515
20 3 0.590
20 3 0.579
20 3 0.530
20 3 0.648
20 3 0.505
20 3 0.533
20 3 0.529
20 3 0.505
20 3 0.509
20 3 0.548
20 3 0.587
20 3 0.508
20 3 0.500
20 3 0.525
20 3 0.483
20 3 0.457
20 3 0.580
20 3 0.524
20 3 0.567
20 3 0.593
20 3 0.538
20 3 0.620
20 3 0.614
20 3 0.577
20 3 0.576
20 3 0.519
20 3 0.565
20 3 0.438
20 3 0.505
20 3 0.484
20 3 0.556
20 3 0.550
20 3 0.514
20 3 0.627
20 3 0.535
20 3 0.569
20 3 0.542
20 3 0.507
20 3 0.601
20 3 0.448
20 3 0.555
20 3 0.585
20 3 0.496
20 3 0.512
20 3 0.559
20 3 0.412
20 3 0.509
20 3 0.465
20 3 0.532
20 3 0.658
20 3 0.522
20 3 0.631
20 3 0.531
20 3 0.543
20 3 0.598
20 3 0.555
20 3 0.518
20 3 0.568
20 3 0.579
20 3 0.592
20 3 0.583
20 3 0.548
20 3 0.481
20 3 0.546
20 3 0.568
20 3 0.497
20 3 0.609
20 3 0.684
20 3 0.572
20 3 0.572
20 3 0.542
20 3 0.480
20 3 0.482
20 3 0.536
20 3 0.519
20 3 0.509
20 3 0.516
20 3 0.607
20 3 0.649
20 3 0.438
20 3 0.463
20 3 0.531
20 3 0.614
20 3 0.456
20 3 0.657
20 3 0.519
20 3 0.671
20 3 0.619
20 3 0.611
20 3 0.619
20 3 0.544
20 3 0.506
20 3 0.498
20 3 0.512
20 3 0.467
20 3 0.666
20 3 0.606
20 3 0.585
20 3 0.596
20 3 0.596
20 3 0.550
20 3 0.552
20 3 0.557
20 3 0.474
20 3 0.561
20 3 0.577
20 3 0.650
20 3 0.567
20 3 0.532
20 3 0.550
20 3 0.649
20 3 0.554
20 3 0.511
20 3 0.531
20 3 0.597
20 3 0.462
20 3 0.546
20 3 0.463
20 3 0.506
20 3 0.535
20 3 0.497
20 3 0.527
20 3 0.576
20 3 0.567
20 3 0.529
20 3 0.473
20 3 0.466
20 3 0.419
20 3 0.566
20 3 0.551
20 3 0.485
20 3 0.490
20 3 0.570
20 3 0.578
20 3 0.605
20 3 0.475
20 3 0.569
20 3 0.581
20 3 0.478
20 3 0.479
20 3 0.598
20 3 0.531
20 3 0.559
20 3 0.603
20 3 0.650
20 3 0.513
20 3 0.426
20 3 0.613
20 3 0.529
20 3 0.498
20 3 0.558
20 3 0.485
20 3 0.597
20 3 0.564
20 3 0.502
20 3 0.536
20 3 0.609
20 3 0.626
20 3 0.576
20 3 0.479
20 3 0.657
20 3 0.557
20 3 0.399
20 3 0.518
20 3 0.627
20 3 0.614
20 3 0.476
20 3 0.609
20 3 0.637
20 3 0.496
20 3 0.564
20 3 0.505
20 3 0.533
20 3 0.636
20 3 0.494
20 3 0.519
20 3 0.544
20 3 0.583
20 3 0.523
20 3 0.593
20 3 0.409
20 3 0.491
20 3 0.568
20 3 0.557
20 3 0.501
20 3 0.628
20 3 0.513
20 3 0.491
20 3 0.568
20 3 0.473
20 3 0.613
20 3 0.450
20 3 0.453
20 3 0.577
20 3 0.500
20 3 0.625
20 3 0.608
20 3 0.550
20 3 0.516
20 3 0.534
20 3 0.558
20 3 0.566
20 3 0.473
20 3 0.578
20 3 0.498
20 3 0.495
20 3 0.465
20 3 0.460
20 3 0.552
20 3 0.542
20 3 0.484
20 3 0.586
20 3 0.507
20 3 0.557
20 3 0.605
20 3 0.490
20 3 0.460
20 3 0.445
20 3 0.612
20 3 0.522
20 3 0.503
20 3 0.492
20 3 0.608
20 3 0.478
20 3 0.559
20 3 0.514
20 3 0.396
20 3 0.546
20 3 0.579
20 3 0.609
20 3 0.546
20 3 0.533
20 3 0.559
20 3 0.579
20 3 0.620
20 3 0.597
20 3 0.524
20 3 0.507
20 3 0.542
20 3 0.470
20 3 0.434
20 3 0.554
20 3 0.582
20 3 0.448
20 3 0.615
20 3 0.573
20 3 0.551
20 3 0.496
20 3 0.566
20 3 0.637
20 3 0.556
20 3 0.617
20 3 0.525
20 3 0.501
20 3 0.499
20 3 0.561
20 3 0.576
20 3 0.586
20 3 0.480
20 3 0.430
20 3 0.522
20 3 0.576
20 3 0.529
20 3 0.593
20 3 0.552
20 3 0.525
20 3 0.460
20 3 0.473
20 3 0.477
20 3 0.477
20 3 0.512
20 3 0.592
20 3 0.470
20 3 0.524
20 3 0.488
20 3 0.494
20 3 0.471
20 3 0.592
20 3 0.480
20 3 0.570
20 3 0.452
20 3 0.609
20 3 0.538
20 3 0.529
20 3 0.579
20 3 0.531
20 3 0.524
20 3 0.492
20 3 0.518
20 3 0.581
20 3 0.548
20 3 0.455
20 3 0.470
20 3 0.563
20 3 0.603
20 3 0.602
20 3 0.535
20 3 0.389
20 3 0.449
20 3 0.599
20 3 0.502
20 3 0.471
20 3 0.547
20 3 0.563
20 3 0.500
20 3 0.577
20 3 0.592
20 3 0.560
20 3 0.541
20 3 0.550
20 3 0.562
20 3 0.529
20 3 0.725
20 3 0.540
20 3 0.546
20 3 0.529
20 3 0.575
20 3 0.562
20 3 0.545
20 3 0.576
20 3 0.611
20 3 0.609
20 3 0.537
20 3 0.493
20 3 0.470
20 3 0.555
20 3 0.550
20 3 0.488
20 3 0.500
20 3 0.553
20 3 0.534
20 3 0.592
20 3 0.441
20 3 0.511
20 3 0.621
20 3 0.589
20 3 0.519
20 3 0.385
20 3 0.581
20 3 0.456
20 3 0.570
20 3 0.579
20 3 0.495
20 3 0.623
20 3 0.503
20 3 0.509
20 3 0.499
20 3 0.651
20 3 0.565
20 3 0.489
20 3 0.622
20 3 0.480
20 3 0.657
20 3 0.601
20 3 0.618
20 3 0.569
20 3 0.519
20 3 0.494
20 3 0.527
20 3 0.459
20 3 0.524
20 3 0.528
20 3 0.452
20 3 0.516
20 3 0.553
20 3 0.588
20 3 0.556
20 3 0.607
20 3 0.556
20 3 0.578
20 3 0.610
20 3 0.571
20 3 0.450
20 3 0.619
20 3 0.573
20 3 0.559
20 3 0.522
20 3 0.596
20 3 0.558
20 3 0.557
20 3 0.448
20 3 0.585
20 3 0.538
20 3 0.542
20 3 0.490
20 3 0.571
20 3 0.502
20 3 0.571
20 3 0.554
20 3 0.496
20 3 0.502
20 3 0.503
20 3 0.486
20 3 0.515
20 3 0.480
20 3 0.571
20 3 0.557
20 3 0.611
20 3 0.481
20 3 0.617
20 3 0.614
20 3 0.659
20 3 0.537
20 3 0.635
20 3 0.444
20 3 0.582
20 3 0.554
20 3 0.547
20 3 0.576
20 3 0.558
20 3 0.545
20 3 0.548
20 3 0.571
20 3 0.567
20 3 0.565
20 3 0.505
20 3 0.582
20 3 0.564
20 3 0.575
22 1 0.542
22 1 0.645
22 1 0.657
22 1 0.713
22 1 0.639
22 1 0.704
22 1 0.623
22 1 0.783
22 1 0.645
22 1 0.696
22 1 0.644
22 1 0.734
22 1 0.724
22 1 0.612
22 1 0.622
22 1 0.660
22 1 0.652
22 1 0.632
22 1 0.654
22 1 0.587
22 1 0.658
22 1 0.636
22 1 0.694
22 1 0.778
22 1 0.573
22 1 0.769
22 1 0.765
22 1 0.626
22 1 0.575
22 1 0.709
22 1 0.689
22 1 0.629
22 1 0.592
22 1 0.752
22 1 0.578
22 1 0.611
22 1 0.623
22 1 0.754
22 1 0.591
22 1 0.655
22 1 0.691
22 1 0.678
22 1 0.632
22 1 0.667
22 1 0.660
22 1 0.744
22 1 0.590
22 1 0.738
22 1 0.636
22 1 0.624
22 1 0.782
22 1 0.594
22 1 0.767
22 1 0.691
22 1 0.681
22 1 0.697
22 1 0.666
22 1 0.672
22 1 0.622
22 1 0.688
22 1 0.673
22 1 0.615
22 1 0.543
22 1 0.710
22 1 0.616
22 1 0.669
22 1 0.682
22 1 0.709
22 1 0.601
22 1 0.657
22 1 0.662
22 1 0.572
22 1 0.689
22 1 0.671
22 1 0.648
22 1 0.649
22 1 0.764
22 1 0.672
22 1 0.704
22 1 0.624
22 1 0.595
22 1 0.621
22 1 0.632
22 1 0.729
22 1 0.637
22 1 0.631
22 1 0.560
22 1 0.677
22 1 0.542
22 1 0.730
22 1 0.683
22 1 0.714
22 1 0.639
22 1 0.736
22 1 0.686
22 1 0.689
22 1 0.657
22 1 0.643
22 1 0.624
22 1 0.556
22 1 0.608
22 1 0.637
22 1 0.703
22 1 0.661
22 1 0.715
22 1 0.657
22 1 0.705
22 1 0.624
22 1 0.630
22 1 0.702
22 1 0.656
22 1 0.667
22 1 0.561
22 1 0.681
22 1 0.657
22 1 0.557
22 1 0.607
22 1 0.731
22 1 0.631
22 1 0.732
22 1 0.703
22 1 0.677
22 1 0.627
22 1 0.682
22 1 0.666
22 1 0.614
22 1 0.718
22 1 0.636
22 1 0.638
22 1 0.809
22 1 0.507
22 1 0.656
22 1 0.718
22 1 0.605
22 1 0.701
22 1 0.740
22 1 0.669
22 1 0.651
22 1 0.600
22 1 0.614
22 1 0.611
22 1 0.633
22 1 0.674
22 1 0.681
22 1 0.694
22 1 0.766
22 1 0.538
22 1 0.552
22 1 0.708
22 1 0.668
22 1 0.707
22 1 0.667
22 1 0.764
22 1 0.724
22 1 0.732
22 1 0.732
22 1 0.747
22 1 0.622
22 1 0.566
22 1 0.551
22 1 0.652
22 1 0.705
22 1 0.726
22 1 0.684
22 1 0.786
22 1 0.686
22 1 0.719
22 1 0.680
22 1 0.621
22 1 0.695
22 1 0.683
22 1 0.772
22 1 0.656
22 1 0.647
22 1 0.704
22 1 0.726
22 1 0.636
22 1 0.636
22 1 0.709
22 1 0.608
22 1 0.662
22 1 0.513
22 1 0.591
22 1 0.587
22 1 0.592
22 1 0.697
22 1 0.611
22 1 0.697
22 1 0.594
22 1 0.588
22 1 0.608
22 1 0.631
22 1 0.582
22 1 0.611
22 1 0.694
22 1 0.731
22 1 0.741
22 1 0.579
22 1 0.716
22 1 0.642
22 1 0.552
22 1 0.654
22 1 0.689
22 1 0.675
22 1 0.666
22 1 0.739
22 1 0.677
22 1 0.596
22 1 0.636
22 1 0.655
22 1 0.619
22 1 0.668
22 1 0.671
22 1 0.693
22 1 0.641
22 1 0.653
22 1 0.711
22 1 0.768
22 1 0.714
22 1 0.622
22 1 0.800
22 1 0.635
22 1 0.558
22 1 0.560
22 1 0.800
22 1 0.663
22 1 0.614
22 1 0.722
22 1 0.643
22 1 0.588
22 1 0.574
22 1 0.594
22 1 0.664
22 1 0.676
22 1 0.644
22 1 0.705
22 1 0.638
22 1 0.677
22 1 0.635
22 1 0.574
22 1 0.700
22 1 0.689
22 1 0.694
22 1 0.707
22 1 0.606
22 1 0.686
22 1 0.613
22 1 0.691
22 1 0.599
22 1 0.561
22 1 0.650
22 1 0.642
22 1 0.770
22 1 0.694
22 1 0.709
22 1 0.587
22 1 0.578
22 1 0.716
22 1 0.620
22 1 0.656
22 1 0.620
22 1 0.580
22 1 0.547
22 1 0.627
22 1 0.640
22 1 0.628
22 1 0.642
22 1 0.635
22 1 0.698
22 1 0.708
22 1 0.625
22 1 0.646
22 1 0.550
22 1 0.769
22 1 0.623
22 1 0.552
22 1 0.671
22 1 0.697
22 1 0.479
22 1 0.714
22 1 0.464
22 1 0.628
22 1 0.698
22 1 0.738
22 1 0.693
22 1 0.710
22 1 0.717
22 1 0.734
22 1 0.744
22 1 0.695
22 1 0.609
22 1 0.634
22 1 0.613
22 1 0.526
22 1 0.654
22 1 0.757
22 1 0.573
22 1 0.756
22 1 0.727
22 1 0.614
22 1 0.616
22 1 0.719
22 1 0.664
22 1 0.706
22 1 0.571
22 1 0.609
22 1 0.680
22 1 0.551
22 1 0.812
22 1 0.682
22 1 0.472
22 1 0.640
22 1 0.711
22 1 0.688
22 1 0.724
22 1 0.663
22 1 0.657
22 1 0.609
22 1 0.538
22 1 0.582
22 1 0.629
22 1 0.679
22 1 0.534
22 1 0.691
22 1 0.596
22 1 0.595
22 1 0.594
22 1 0.605
22 1 0.605
22 1 0.553
22 1 0.712
22 1 0.646
22 1 0.703
22 1 0.711
22 1 0.644
22 1 0.679
22 1 0.642
22 1 0.592
22 1 0.703
22 1 0.660
22 1 0.513
22 1 0.640
22 1 0.720
22 1 0.789
22 1 0.615
22 1 0.549
22 1 0.580
22 1 0.744
22 1 0.613
22 1 0.646
22 1 0.734
22 1 0.618
22 1 0.693
22 1 0.683
22 1 0.664
22 1 0.657
22 1 0.646
22 1 0.675
22 1 0.693
22 1 0.752
22 1 0.662
22 1 0.664
22 1 0.681
22 1 0.654
22 1 0.656
22 1 0.775
22 1 0.669
22 1 0.712
22 1 0.673
22 1 0.652
22 1 0.534
22 1 0.686
22 1 0.610
22 1 0.642
22 1 0.602
22 1 0.734
22 1 0.691
22 1 0.588
22 1 0.671
22 1 0.759
22 1 0.633
22 1 0.585
22 1 0.583
22 1 0.590
22 1 0.608
22 1 0.695
22 1 0.584
22 1 0.708
22 1 0.620
22 1 0.585
22 1 0.647
22 1 0.738
22 1 0.621
22 1 0.648
22 1 0.690
22 1 0.690
22 1 0.707
22 1 0.741
22 1 0.695
22 1 0.616
22 1 0.594
22 1 0.601
22 1 0.652
22 1 0.683
22 1 0.450
22 1 0.667
22 1 0.664
22 1 0.652
22 1 0.671
22 1 0.731
22 1 0.654
22 1 0.692
22 1 0.790
22 1 0.527
22 1 0.673
22 1 0.729
22 1 0.676
22 1 0.623
22 1 0.682
22 1 0.674
22 1 0.651
22 1 0.573
22 1 0.690
22 1 0.579
22 1 0.648
22 1 0.717
22 1 0.663
22 1 0.671
22 1 0.675
22 1 0.592
22 1 0.623
22 1 0.612
22 1 0.597
22 1 0.672
22 1 0.544
22 1 0.689
22 1 0.667
22 1 0.707
22 1 0.643
22 1 0.719
22 1 0.796
22 1 0.652
22 1 0.666
22 1 0.562
22 1 0.684
22 1 0.667
22 1 0.604
22 1 0.675
22 1 0.622
22 1 0.685
22 1 0.708
22 1 0.724
22 1 0.712
22 1 0.675
22 1 0.750
22 1 0.711
22 1 0.676
22 1 0.619
22 1 0.562
22 1 0.570
22 1 0.603
22 1 0.662
22 1 0.749
22 1 0.682
22 1 0.668
22 1 0.519
22 1 0.705
22 1 0.697
22 1 0.607
22 1 0.552
22 1 0.689
22 1 0.704
22 1 0.622
22 1 0.676
22 1 0.708
22 1 0.609
22 1 0.817
22 1 0.697
22 1 0.670
22 1 0.652
22 1 0.745
22 1 0.780
22 1 0.753
22 1 0.711
22 1 0.701
22 1 0.660
22 1 0.689
22 1 0.685
22 1 0.655
22 1 0.702
22 1 0.590
22 1 0.767
22 1 0.807
22 1 0.615
22 1 0.641
22 1 0.589
22 1 0.700
22 1 0.667
22 1 0.741
22 1 0.668
22 2 0.549
22 2 0.620
22 2 0.653
22 2 0.717
22 2 0.656
22 2 0.701
22 2 0.644
22 2 0.797
22 2 0.640
22 2 0.700
22 2 0.632
22 2 0.704
22 2 0.707
22 2 0.613
22 2 0.598
22 2 0.647
22 2 0.632
22 2 0.622
22 2 0.655
22 2 0.587
22 2 0.684
22 2 0.673
22 2 0.691
22 2 0.779
22 2 0.561
22 2 0.782
22 2 0.749
22 2 0.621
22 2 0.576
22 2 0.694
22 2 0.716
22 2 0.609
22 2 0.588
22 2 0.730
22 2 0.548
22 2 0.590
22 2 0.621
22 2 0.740
22 2 0.594
22 2 0.629
22 2 0.685
22 2 0.667
22 2 0.630
22 2 0.686
22 2 0.679
22 2 0.763
22 2 0.599
22 2 0.732
22 2 0.656
22 2 0.634
22 2 0.777
22 2 0.594
22 2 0.743
22 2 0.703
22 2 0.692
22 2 0.677
22 2 0.665
22 2 0.647
22 2 0.601
22 2 0.681
22 2 0.665
22 2 0.612
22 2 0.556
22 2 0.709
22 2 0.627
22 2 0.683
22 2 0.702
22 2 0.786
22 2 0.615
22 2 0.668
22 2 0.655
22 2 0.573
22 2 0.693
22 2 0.672
22 2 0.666
22 2 0.641
22 2 0.756
22 2 0.677
22 2 0.691
22 2 0.619
22 2 0.571
22 2 0.600
22 2 0.612
22 2 0.712
22 2 0.608
22 2 0.633
22 2 0.550
22 2 0.656
22 2 0.543
22 2 0.750
22 2 0.696
22 2 0.725
22 2 0.641
22 2 0.719
22 2 0.666
22 2 0.690
22 2 0.635
22 2 0.630
22 2 0.630
22 2 0.568
22 2 0.614
22 2 0.650
22 2 0.649
22 2 0.695
22 2 0.709
22 2 0.635
22 2 0.693
22 2 0.612
22 2 0.621
22 2 0.699
22 2 0.651
22 2 0.684
22 2 0.585
22 2 0.711
22 2 0.708
22 2 0.563
22 2 0.601
22 2 0.720
22 2 0.609
22 2 0.731
22 2 0.696
22 2 0.678
22 2 0.621
22 2 0.674
22 2 0.671
22 2 0.613
22 2 0.708
22 2 0.606
22 2 0.636
22 2 0.775
22 2 0.497
22 2 0.640
22 2 0.718
22 2 0.601
22 2 0.697
22 2 0.761
22 2 0.696
22 2 0.678
22 2 0.612
22 2 0.634
22 2 0.626
22 2 0.635
22 2 0.680
22 2 0.681
22 2 0.701
22 2 0.791
22 2 0.560
22 2 0.566
22 2 0.717
22 2 0.679
22 2 0.691
22 2 0.663
22 2 0.732
22 2 0.700
22 2 0.728
22 2 0.712
22 2 0.705
22 2 0.585
22 2 0.585
22 2 0.579
22 2 0.663
22 2 0.732
22 2 0.797
22 2 0.741
22 2 0.790
22 2 0.678
22 2 0.724
22 2 0.677
22 2 0.645
22 2 0.692
22 2 0.682
22 2 0.764
22 2 0.640
22 2 0.655
22 2 0.676
22 2 0.719
22 2 0.617
22 2 0.625
22 2 0.705
22 2 0.596
22 2 0.669
22 2 0.532
22 2 0.611
22 2 0.605
22 2 0.615
22 2 0.720
22 2 0.638
22 2 0.722
22 2 0.595
22 2 0.590
22 2 0.598
22 2 0.638
22 2 0.603
22 2 0.625
22 2 0.721
22 2 0.729
22 2 0.727
22 2 0.588
22 2 0.704
22 2 0.641
22 2 0.530
22 2 0.704
22 2 0.676
22 2 0.635
22 2 0.665
22 2 0.753
22 2 0.692
22 2 0.636
22 2 0.684
22 2 0.674
22 2 0.626
22 2 0.655
22 2 0.654
22 2 0.674
22 2 0.625
22 2 0.640
22 2 0.708
22 2 0.755
22 2 0.717
22 2 0.621
22 2 0.791
22 2 0.622
22 2 0.543
22 2 0.547
22 2 0.797
22 2 0.651
22 2 0.608
22 2 0.706
22 2 0.644
22 2 0.606
22 2 0.588
22 2 0.620
22 2 0.737
22 2 0.685
22 2 0.682
22 2 0.715
22 2 0.644
22 2 0.659
22 2 0.621
22 2 0.549
22 2 0.697
22 2 0.686
22 2 0.711
22 2 0.720
22 2 0.622
22 2 0.692
22 2 0.585
22 2 0.664
22 2 0.585
22 2 0.539
22 2 0.628
22 2 0.635
22 2 0.766
22 2 0.715
22 2 0.759
22 2 0.599
22 2 0.611
22 2 0.729
22 2 0.641
22 2 0.673
22 2 0.620
22 2 0.573
22 2 0.558
22 2 0.640
22 2 0.634
22 2 0.607
22 2 0.635
22 2 0.612
22 2 0.663
22 2 0.688
22 2 0.605
22 2 0.615
22 2 0.532
22 2 0.778
22 2 0.604
22 2 0.542
22 2 0.678
22 2 0.702
22 2 0.502
22 2 0.735
22 2 0.487
22 2 0.650
22 2 0.683
22 2 0.751
22 2 0.682
22 2 0.687
22 2 0.720
22 2 0.754
22 2 0.750
22 2 0.710
22 2 0.606
22 2 0.632
22 2 0.630
22 2 0.511
22 2 0.629
22 2 0.741
22 2 0.609
22 2 0.748
22 2 0.722
22 2 0.632
22 2 0.635
22 2 0.742
22 2 0.701
22 2 0.742
22 2 0.607
22 2 0.637
22 2 0.675
22 2 0.572
22 2 0.798
22 2 0.679
22 2 0.468
22 2 0.649
22 2 0.726
22 2 0.674
22 2 0.717
22 2 0.647
22 2 0.624
22 2 0.599
22 2 0.521
22 2 0.562
22 2 0.669
22 2 0.680
22 2 0.535
22 2 0.711
22 2 0.620
22 2 0.616
22 2 0.609
22 2 0.629
22 2 0.620
22 2 0.568
22 2 0.721
22 2 0.659
22 2 0.685
22 2 0.699
22 2 0.626
22 2 0.660
22 2 0.614
22 2 0.576
22 2 0.664
22 2 0.636
22 2 0.470
22 2 0.629
22 2 0.693
22 2 0.785
22 2 0.591
22 2 0.536
22 2 0.574
22 2 0.761
22 2 0.616
22 2 0.657
22 2 0.755
22 2 0.642
22 2 0.723
22 2 0.707
22 2 0.687
22 2 0.662
22 2 0.685
22 2 0.698
22 2 0.675
22 2 0.752
22 2 0.741
22 2 0.664
22 2 0.680
22 2 0.632
22 2 0.646
22 2 0.723
22 2 0.653
22 2 0.707
22 2 0.669
22 2 0.652
22 2 0.539
22 2 0.694
22 2 0.636
22 2 0.677
22 2 0.627
22 2 0.767
22 2 0.693
22 2 0.594
22 2 0.653
22 2 0.761
22 2 0.634
22 2 0.567
22 2 0.586
22 2 0.600
22 2 0.573
22 2 0.688
22 2 0.553
22 2 0.683
22 2 0.605
22 2 0.567
22 2 0.627
22 2 0.703
22 2 0.606
22 2 0.645
22 2 0.699
22 2 0.700
22 2 0.726
22 2 0.765
22 2 0.727
22 2 0.667
22 2 0.599
22 2 0.616
22 2 0.656
22 2 0.693
22 2 0.441
22 2 0.672
22 2 0.668
22 2 0.657
22 2 0.700
22 2 0.743
22 2 0.629
22 2 0.659
22 2 0.785
22 2 0.511
22 2 0.654
22 2 0.707
22 2 0.703
22 2 0.606
22 2 0.689
22 2 0.696
22 2 0.676
22 2 0.607
22 2 0.719
22 2 0.589
22 2 0.671
22 2 0.731
22 2 0.668
22 2 0.661
22 2 0.662
22 2 0.607
22 2 0.640
22 2 0.600
22 2 0.606
22 2 0.663
22 2 0.545
22 2 0.686
22 2 0.678
22 2 0.682
22 2 0.639
22 2 0.688
22 2 0.778
22 2 0.658
22 2 0.666
22 2 0.588
22 2 0.707
22 2 0.699
22 2 0.633
22 2 0.700
22 2 0.627
22 2 0.722
22 2 0.702
22 2 0.717
22 2 0.706
22 2 0.674
22 2 0.750
22 2 0.701
22 2 0.670
22 2 0.611
22 2 0.537
22 2 0.557
22 2 0.583
22 2 0.632
22 2 0.748
22 2 0.670
22 2 0.653
22 2 0.526
22 2 0.717
22 2 0.711
22 2 0.636
22 2 0.563
22 2 0.716
22 2 0.730
22 2 0.653
22 2 0.687
22 2 0.708
22 2 0.605
22 2 0.810
22 2 0.693
22 2 0.673
22 2 0.633
22 2 0.706
22 2 0.733
22 2 0.757
22 2 0.702
22 2 0.683
22 2 0.633
22 2 0.684
22 2 0.685
22 2 0.669
22 2 0.706
22 2 0.611
22 2 0.772
22 2 0.804
22 2 0.655
22 2 0.639
22 2 0.582
22 2 0.711
22 2 0.670
22 2 0.725
22 2 0.672
22 3 0.534
22 3 0.639
22 3 0.634
22 3 0.716
22 3 0.647
22 3 0.699
22 3 0.620
22 3 0.756
22 3 0.640
22 3 0.689
22 3 0.643
22 3 0.718
22 3 0.739
22 3 0.630
22 3 0.622
22 3 0.659
22 3 0.646
22 3 0.634
22 3 0.671
22 3 0.584
22 3 0.676
22 3 0.646
22 3 0.663
22 3 0.772
22 3 0.559
22 3 0.760
22 3 0.723
22 3 0.594
22 3 0.573
22 3 0.713
22 3 0.673
22 3 0.615
22 3 0.569
22 3 0.740
22 3 0.565
22 3 0.614
22 3 0.637
22 3 0.768
22 3 0.606
22 3 0.663
22 3 0.690
22 3 0.698
22 3 0.646
22 3 0.702
22 3 0.706
22 3 0.733
22 3 0.597
22 3 0.724
22 3 0.632
22 3 0.622
22 3 0.740
22 3 0.573
22 3 0.726
22 3 0.673
22 3 0.648
22 3 0.651
22 3 0.646
22 3 0.660
22 3 0.614
22 3 0.683
22 3 0.682
22 3 0.637
22 3 0.566
22 3 0.726
22 3 0.630
22 3 0.669
22 3 0.692
22 3 0.715
22 3 0.605
22 3 0.657
22 3 0.656
22 3 0.559
22 3 0.662
22 3 0.646
22 3 0.621
22 3 0.621
22 3 0.725
22 3 0.662
22 3 0.679
22 3 0.610
22 3 0.574
22 3 0.604
22 3 0.646
22 3 0.734
22 3 0.633
22 3 0.635
22 3 0.552
22 3 0.677
22 3 0.558
22 3 0.740
22 3 0.726
22 3 0.733
22 3 0.637
22 3 0.804
22 3 0.662
22 3 0.677
22 3 0.640
22 3 0.613
22 3 0.598
22 3 0.557
22 3 0.586
22 3 0.626
22 3 0.633
22 3 0.681
22 3 0.703
22 3 0.652
22 3 0.714
22 3 0.635
22 3 0.648
22 3 0.722
22 3 0.676
22 3 0.719
22 3 0.589
22 3 0.708
22 3 0.690
22 3 0.553
22 3 0.628
22 3 0.705
22 3 0.631
22 3 0.731
22 3 0.705
22 3 0.666
22 3 0.621
22 3 0.654
22 3 0.657
22 3 0.608
22 3 0.702
22 3 0.619
22 3 0.674
22 3 0.813
22 3 0.517
22 3 0.660
22 3 0.750
22 3 0.630
22 3 0.732
22 3 0.773
22 3 0.699
22 3 0.675
22 3 0.613
22 3 0.657
22 3 0.638
22 3 0.631
22 3 0.672
22 3 0.667
22 3 0.671
22 3 0.770
22 3 0.517
22 3 0.530
22 3 0.679
22 3 0.636
22 3 0.695
22 3 0.678
22 3 0.778
22 3 0.732
22 3 0.730
22 3 0.727
22 3 0.739
22 3 0.601
22 3 0.582
22 3 0.564
22 3 0.652
22 3 0.728
22 3 0.743
22 3 0.690
22 3 0.763
22 3 0.650
22 3 0.684
22 3 0.652
22 3 0.599
22 3 0.655
22 3 0.651
22 3 0.726
22 3 0.623
22 3 0.645
22 3 0.699
22 3 0.740
22 3 0.638
22 3 0.651
22 3 0.712
22 3 0.605
22 3 0.678
22 3 0.537
22 3 0.615
22 3 0.605
22 3 0.601
22 3 0.726
22 3 0.634
22 3 0.695
22 3 0.574
22 3 0.577
22 3 0.584
22 3 0.614
22 3 0.573
22 3 0.596
22 3 0.693
22 3 0.706
22 3 0.742
22 3 0.575
22 3 0.730
22 3 0.649
22 3 0.556
22 3 0.669
22 3 0.698
22 3 0.657
22 3 0.701
22 3 0.744
22 3 0.690
22 3 0.606
22 3 0.633
22 3 0.673
22 3 0.620
22 3 0.672
22 3 0.644
22 3 0.677
22 3 0.611
22 3 0.637
22 3 0.678
22 3 0.748
22 3 0.691
22 3 0.597
22 3 0.810
22 3 0.650
22 3 0.583
22 3 0.560
22 3 0.813
22 3 0.662
22 3 0.636
22 3 0.723
22 3 0.655
22 3 0.615
22 3 0.593
22 3 0.596
22 3 0.681
22 3 0.691
22 3 0.665
22 3 0.706
22 3 0.642
22 3 0.653
22 3 0.625
22 3 0.536
22 3 0.710
22 3 0.660
22 3 0.695
22 3 0.683
22 3 0.628
22 3 0.687
22 3 0.608
22 3 0.685
22 3 0.604
22 3 0.561
22 3 0.644
22 3 0.639
22 3 0.775
22 3 0.715
22 3 0.717
22 3 0.591
22 3 0.614
22 3 0.728
22 3 0.634
22 3 0.664
22 3 0.599
22 3 0.562
22 3 0.565
22 3 0.618
22 3 0.616
22 3 0.601
22 3 0.627
22 3 0.625
22 3 0.666
22 3 0.741
22 3 0.619
22 3 0.641
22 3 0.550
22 3 0.771
22 3 0.635
22 3 0.566
22 3 0.699
22 3 0.712
22 3 0.498
22 3 0.728
22 3 0.469
22 3 0.634
22 3 0.697
22 3 0.742
22 3 0.672
22 3 0.673
22 3 0.677
22 3 0.723
22 3 0.735
22 3 0.661
22 3 0.588
22 3 0.604
22 3 0.626
22 3 0.535
22 3 0.652
22 3 0.768
22 3 0.574
22 3 0.770
22 3 0.732
22 3 0.631
22 3 0.622
22 3 0.735
22 3 0.687
22 3 0.705
22 3 0.581
22 3 0.618
22 3 0.681
22 3 0.544
22 3 0.791
22 3 0.668
22 3 0.443
22 3 0.620
22 3 0.704
22 3 0.671
22 3 0.704
22 3 0.646
22 3 0.642
22 3 0.613
22 3 0.553
22 3 0.582
22 3 0.631
22 3 0.677
22 3 0.544
22 3 0.724
22 3 0.617
22 3 0.630
22 3 0.604
22 3 0.619
22 3 0.621
22 3 0.582
22 3 0.712
22 3 0.643
22 3 0.664
22 3 0.671
22 3 0.603
22 3 0.614
22 3 0.620
22 3 0.571
22 3 0.661
22 3 0.632
22 3 0.487
22 3 0.644
22 3 0.722
22 3 0.811
22 3 0.643
22 3 0.548
22 3 0.579
22 3 0.767
22 3 0.617
22 3 0.665
22 3 0.735
22 3 0.630
22 3 0.696
22 3 0.689
22 3 0.678
22 3 0.643
22 3 0.632
22 3 0.670
22 3 0.687
22 3 0.743
22 3 0.662
22 3 0.664
22 3 0.742
22 3 0.859
22 3 0.670
22 3 0.759
22 3 0.830
22 3 0.709
22 3 0.664
22 3 0.632
22 3 0.523
22 3 0.652
22 3 0.596
22 3 0.620
22 3 0.586
22 3 0.712
22 3 0.661
22 3 0.548
22 3 0.616
22 3 0.700
22 3 0.591
22 3 0.537
22 3 0.548
22 3 0.560
22 3 0.549
22 3 0.656
22 3 0.537
22 3 0.658
22 3 0.583
22 3 0.544
22 3 0.607
22 3 0.695
22 3 0.581
22 3 0.620
22 3 0.663
22 3 0.665
22 3 0.678
22 3 0.717
22 3 0.678
22 3 0.587
22 3 0.578
22 3 0.563
22 3 0.612
22 3 0.644
22 3 0.413
22 3 0.631
22 3 0.620
22 3 0.616
22 3 0.625
22 3 0.685
22 3 0.591
22 3 0.640
22 3 0.738
22 3 0.486
22 3 0.624
22 3 0.686
22 3 0.656
22 3 0.578
22 3 0.651
22 3 0.644
22 3 0.625
22 3 0.562
22 3 0.668
22 3 0.550
22 3 0.625
22 3 0.673
22 3 0.626
22 3 0.628
22 3 0.628
22 3 0.567
22 3 0.588
22 3 0.550
22 3 0.607
22 3 0.617
22 3 0.508
22 3 0.655
22 3 0.633
22 3 0.659
22 3 0.630
22 3 0.678
22 3 0.841
22 3 0.622
22 3 0.626
22 3 0.536
22 3 0.676
22 3 0.656
22 3 0.591
22 3 0.655
22 3 0.595
22 3 0.669
22 3 0.655
22 3 0.679
22 3 0.664
22 3 0.636
22 3 0.707
22 3 0.640
22 3 0.633
22 3 0.577
22 3 0.514
22 3 0.518
22 3 0.563
22 3 0.609
22 3 0.712
22 3 0.636
22 3 0.631
22 3 0.482
22 3 0.665
22 3 0.671
22 3 0.586
22 3 0.529
22 3 0.655
22 3 0.679
22 3 0.600
22 3 0.633
22 3 0.664
22 3 0.558
22 3 0.749
22 3 0.652
22 3 0.627
22 3 0.624
22 3 0.674
22 3 0.709
22 3 0.704
22 3 0.679
22 3 0.655
22 3 0.635
22 3 0.670
22 3 0.667
22 3 0.636
22 3 0.662
22 3 0.568
22 3 0.734
22 3 0.759
22 3 0.598
22 3 0.598
22 3 0.545
22 3 0.664
22 3 0.620
22 3 0.688
22 3 0.628
25 1 0.755
25 1 0.781
25 1 0.844
25 1 0.862
25 1 0.916
25 1 0.816
25 1 0.947
25 1 0.847
25 1 0.869
25 1 0.835
25 1 0.957
25 1 0.889
25 1 0.792
25 1 0.776
25 1 0.882
25 1 0.824
25 1 0.843
25 1 0.753
25 1 0.875
25 1 0.909
25 1 0.940
25 1 0.743
25 1 0.974
25 1 0.920
25 1 0.768
25 1 0.749
25 1 0.927
25 1 0.801
25 1 0.815
25 1 0.952
25 1 0.784
25 1 0.867
25 1 0.813
25 1 0.937
25 1 0.776
25 1 0.800
25 1 0.912
25 1 0.877
25 1 0.907
25 1 0.828
25 1 0.932
25 1 0.791
25 1 0.899
25 1 0.809
25 1 0.976
25 1 0.715
25 1 0.933
25 1 0.904
25 1 0.856
25 1 0.880
25 1 0.841
25 1 0.810
25 1 0.792
25 1 0.941
25 1 0.763
25 1 0.782
25 1 0.788
25 1 0.777
25 1 0.908
25 1 0.944
25 1 0.816
25 1 0.871
25 1 0.776
25 1 0.803
25 1 0.918
25 1 0.797
25 1 0.895
25 1 0.851
25 1 0.836
25 1 0.882
25 1 0.822
25 1 0.773
25 1 0.772
25 1 0.909
25 1 0.830
25 1 0.832
25 1 0.721
25 1 0.841
25 1 0.804
25 1 0.861
25 1 0.931
25 1 0.823
25 1 0.938
25 1 0.842
25 1 0.886
25 1 0.842
25 1 0.810
25 1 0.761
25 1 0.752
25 1 0.790
25 1 0.907
25 1 0.912
25 1 0.867
25 1 0.881
25 1 0.799
25 1 0.839
25 1 1.003
25 1 0.786
25 1 0.882
25 1 0.730
25 1 0.884
25 1 0.916
25 1 0.610
25 1 0.852
25 1 0.814
25 1 0.979
25 1 0.869
25 1 0.821
25 1 0.821
25 1 0.921
25 1 0.772
25 1 0.786
25 1 0.868
25 1 0.914
25 1 1.001
25 1 0.736
25 1 0.804
25 1 0.874
25 1 0.775
25 1 1.038
25 1 0.982
25 1 0.836
25 1 0.806
25 1 0.810
25 1 0.789
25 1 0.862
25 1 0.812
25 1 0.821
25 1 1.016
25 1 0.704
25 1 0.697
25 1 0.891
25 1 0.795
25 1 0.977
25 1 0.793
25 1 1.053
25 1 0.951
25 1 0.916
25 1 0.914
25 1 0.784
25 1 0.753
25 1 0.720
25 1 0.986
25 1 0.965
25 1 0.906
25 1 1.040
25 1 0.873
25 1 0.870
25 1 0.743
25 1 0.882
25 1 0.836
25 1 0.981
25 1 0.826
25 1 0.870
25 1 0.918
25 1 0.866
25 1 0.899
25 1 0.858
25 1 0.775
25 1 0.868
25 1 0.689
25 1 0.783
25 1 0.738
25 1 0.786
25 1 0.859
25 1 0.926
25 1 0.748
25 1 0.823
25 1 0.759
25 1 0.882
25 1 0.766
25 1 0.808
25 1 0.918
25 1 0.893
25 1 0.850
25 1 0.917
25 1 0.770
25 1 0.674
25 1 0.866
25 1 0.856
25 1 0.835
25 1 0.959
25 1 0.832
25 1 0.795
25 1 0.854
25 1 0.804
25 1 0.876
25 1 0.725
25 1 0.916
25 1 0.807
25 1 0.890
25 1 0.854
25 1 1.020
25 1 0.903
25 1 0.832
25 1 1.029
25 1 0.748
25 1 0.727
25 1 1.031
25 1 0.823
25 1 0.807
25 1 0.973
25 1 0.794
25 1 0.826
25 1 0.679
25 1 0.942
25 1 0.824
25 1 0.854
25 1 0.963
25 1 0.765
25 1 0.930
25 1 0.677
25 1 0.914
25 1 0.825
25 1 0.864
25 1 0.865
25 1 0.782
25 1 0.917
25 1 0.758
25 1 0.859
25 1 0.661
25 1 0.803
25 1 0.839
25 1 0.929
25 1 0.958
25 1 0.826
25 1 0.778
25 1 0.901
25 1 0.796
25 1 0.881
25 1 0.787
25 1 0.755
25 1 0.721
25 1 0.889
25 1 0.837
25 1 0.772
25 1 0.839
25 1 0.876
25 1 0.969
25 1 0.787
25 1 0.748
25 1 0.788
25 1 0.834
25 1 0.766
25 1 0.807
25 1 0.869
25 1 0.791
25 1 0.819
25 1 0.731
25 1 0.787
25 1 0.971
25 1 0.871
25 1 0.883
25 1 0.851
25 1 0.976
25 1 1.016
25 1 0.874
25 1 0.773
25 1 0.828
25 1 0.720
25 1 0.829
25 1 0.934
25 1 0.862
25 1 0.906
25 1 0.891
25 1 0.748
25 1 0.937
25 1 0.895
25 1 0.894
25 1 0.771
25 1 0.791
25 1 0.802
25 1 0.880
25 1 0.916
25 1 0.664
25 1 0.743
25 1 0.917
25 1 0.885
25 1 0.887
25 1 0.875
25 1 0.674
25 1 0.783
25 1 0.743
25 1 0.792
25 1 0.847
25 1 0.826
25 1 0.837
25 1 0.782
25 1 0.686
25 1 0.884
25 1 0.751
25 1 0.742
25 1 0.943
25 1 0.865
25 1 0.763
25 1 0.879
25 1 0.813
25 1 0.804
25 1 0.798
25 1 0.886
25 1 0.795
25 1 0.696
25 1 0.925
25 1 0.970
25 1 0.795
25 1 0.774
25 1 0.740
25 1 0.993
25 1 0.701
25 1 0.857
25 1 0.962
25 1 0.855
25 1 0.865
25 1 0.858
25 1 0.833
25 1 0.783
25 1 0.826
25 1 0.956
25 1 0.882
25 1 0.841
25 1 0.924
25 1 0.847
25 1 0.898
25 1 0.884
25 1 0.907
25 1 0.956
25 1 0.903
25 1 0.725
25 1 0.900
25 1 0.825
25 1 0.822
25 1 0.927
25 1 0.851
25 1 0.947
25 1 0.694
25 1 0.981
25 1 0.868
25 1 0.756
25 1 0.742
25 1 0.776
25 1 0.874
25 1 0.746
25 1 0.851
25 1 0.851
25 1 0.739
25 1 0.852
25 1 0.916
25 1 0.805
25 1 0.923
25 1 0.785
25 1 1.002
25 1 0.979
25 1 0.918
25 1 0.833
25 1 0.804
25 1 0.639
25 1 0.883
25 1 0.734
25 1 0.770
25 1 0.865
25 1 0.847
25 1 0.840
25 1 0.882
25 1 0.863
25 1 0.983
25 1 0.794
25 1 0.776
25 1 0.926
25 1 0.842
25 1 0.827
25 1 0.971
25 1 0.828
25 1 0.847
25 1 0.855
25 1 0.733
25 1 0.870
25 1 0.903
25 1 0.824
25 1 0.856
25 1 0.882
25 1 0.675
25 1 0.815
25 1 0.726
25 1 0.850
25 1 0.744
25 1 0.859
25 1 0.903
25 1 0.789
25 1 0.964
25 1 0.961
25 1 0.800
25 1 0.858
25 1 0.719
25 1 0.872
25 1 0.814
25 1 0.830
25 1 0.825
25 1 0.854
25 1 0.926
25 1 0.893
25 1 0.828
25 1 0.948
25 1 0.842
25 1 0.867
25 1 0.745
25 1 0.711
25 1 0.712
25 1 0.685
25 1 0.893
25 1 0.946
25 1 0.839
25 1 0.731
25 1 0.819
25 1 0.920
25 1 0.763
25 1 0.740
25 1 0.870
25 1 0.910
25 1 0.874
25 1 0.924
25 1 0.759
25 1 1.027
25 1 0.821
25 1 0.876
25 1 0.906
25 1 0.908
25 1 0.930
25 1 0.873
25 1 0.958
25 1 0.889
25 1 0.879
25 1 0.893
25 1 0.916
25 1 0.804
25 1 0.881
25 1 1.055
25 1 0.814
25 1 0.822
25 1 0.763
25 1 0.976
25 1 0.772
25 1 0.825
25 1 0.827
25 1 0.883
25 1 0.692
25 1 0.923
25 1 0.801
25 1 0.892
25 1 0.857
25 1 0.656
25 1 0.874
25 1 0.936
25 1 0.793
25 1 0.931
25 1 0.679
25 1 0.786
25 1 0.943
25 1 0.818
25 1 0.782
25 1 0.758
25 1 0.775
25 1 0.854
25 1 0.703
25 1 0.935
25 1 0.929
25 1 1.008
25 1 0.892
25 1 0.817
25 1 0.873
25 1 0.770
25 1 0.840
25 1 0.770
25 1 0.934
25 1 0.782
25 1 0.719
25 1 0.793
25 1 0.786
25 1 0.916
25 1 0.877
25 1 0.834
25 1 0.825
25 1 0.919
25 1 0.884
25 1 0.786
25 1 0.805
25 1 0.888
25 1 0.744
25 1 0.791
25 1 0.867
25 1 0.884
25 1 0.790
25 1 0.981
25 1 0.838
25 1 0.814
25 1 0.778
25 1 0.856
25 1 0.880
25 1 0.770
25 1 0.803
25 1 0.847
25 2 0.787
25 2 0.771
25 2 0.841
25 2 0.858
25 2 0.894
25 2 0.818
25 2 0.959
25 2 0.827
25 2 0.869
25 2 0.841
25 2 0.954
25 2 0.889
25 2 0.784
25 2 0.780
25 2 0.895
25 2 0.797
25 2 0.833
25 2 0.750
25 2 0.861
25 2 0.914
25 2 0.940
25 2 0.748
25 2 0.969
25 2 0.931
25 2 0.763
25 2 0.740
25 2 0.931
25 2 0.772
25 2 0.813
25 2 0.976
25 2 0.779
25 2 0.862
25 2 0.815
25 2 0.922
25 2 0.790
25 2 0.821
25 2 0.920
25 2 0.874
25 2 0.892
25 2 0.852
25 2 0.923
25 2 0.793
25 2 0.903
25 2 0.802
25 2 0.976
25 2 0.722
25 2 0.932
25 2 0.869
25 2 0.860
25 2 0.874
25 2 0.845
25 2 0.802
25 2 0.787
25 2 0.885
25 2 0.767
25 2 0.766
25 2 0.801
25 2 0.791
25 2 0.884
25 2 0.934
25 2 0.809
25 2 0.825
25 2 0.774
25 2 0.810
25 2 0.901
25 2 0.804
25 2 0.906
25 2 0.828
25 2 0.855
25 2 0.869
25 2 0.812
25 2 0.756
25 2 0.771
25 2 0.913
25 2 0.832
25 2 0.822
25 2 0.724
25 2 0.847
25 2 0.794
25 2 0.877
25 2 0.890
25 2 0.815
25 2 0.951
25 2 0.846
25 2 0.890
25 2 0.841
25 2 0.800
25 2 0.765
25 2 0.746
25 2 0.767
25 2 0.863
25 2 0.900
25 2 0.867
25 2 0.878
25 2 0.789
25 2 0.854
25 2 0.951
25 2 0.791
25 2 0.871
25 2 0.735
25 2 0.869
25 2 0.915
25 2 0.610
25 2 0.854
25 2 0.817
25 2 0.972
25 2 0.865
25 2 0.827
25 2 0.841
25 2 0.907
25 2 0.791
25 2 0.784
25 2 0.869
25 2 0.915
25 2 0.983
25 2 0.729
25 2 0.813
25 2 0.860
25 2 0.768
25 2 1.029
25 2 0.978
25 2 0.826
25 2 0.808
25 2 0.797
25 2 0.776
25 2 0.832
25 2 0.815
25 2 0.814
25 2 1.012
25 2 0.705
25 2 0.684
25 2 0.894
25 2 0.802
25 2 0.980
25 2 0.794
25 2 1.038
25 2 0.955
25 2 0.906
25 2 0.923
25 2 0.782
25 2 0.755
25 2 0.723
25 2 0.985
25 2 0.981
25 2 0.919
25 2 0.995
25 2 0.872
25 2 0.874
25 2 0.740
25 2 0.881
25 2 0.842
25 2 0.939
25 2 0.814
25 2 0.850
25 2 0.905
25 2 0.863
25 2 0.900
25 2 0.829
25 2 0.768
25 2 0.875
25 2 0.690
25 2 0.798
25 2 0.736
25 2 0.814
25 2 0.847
25 2 0.925
25 2 0.739
25 2 0.826
25 2 0.759
25 2 0.883
25 2 0.722
25 2 0.795
25 2 0.919
25 2 0.905
25 2 0.849
25 2 0.913
25 2 0.740
25 2 0.682
25 2 0.867
25 2 0.870
25 2 0.813
25 2 0.956
25 2 0.849
25 2 0.798
25 2 0.838
25 2 0.787
25 2 0.868
25 2 0.713
25 2 0.898
25 2 0.795
25 2 0.885
25 2 0.861
25 2 1.033
25 2 0.904
25 2 0.831
25 2 0.936
25 2 0.733
25 2 0.704
25 2 1.030
25 2 0.842
25 2 0.796
25 2 0.970
25 2 0.810
25 2 0.817
25 2 0.682
25 2 0.953
25 2 0.818
25 2 0.816
25 2 0.939
25 2 0.763
25 2 0.886
25 2 0.675
25 2 0.906
25 2 0.803
25 2 0.872
25 2 0.890
25 2 0.777
25 2 0.904
25 2 0.766
25 2 0.877
25 2 0.658
25 2 0.818
25 2 0.823
25 2 0.925
25 2 0.979
25 2 0.839
25 2 0.767
25 2 0.886
25 2 0.788
25 2 0.877
25 2 0.782
25 2 0.753
25 2 0.707
25 2 0.892
25 2 0.841
25 2 0.788
25 2 0.821
25 2 0.883
25 2 0.958
25 2 0.785
25 2 0.742
25 2 0.760
25 2 0.821
25 2 0.759
25 2 0.795
25 2 0.834
25 2 0.772
25 2 0.819
25 2 0.735
25 2 0.777
25 2 0.987
25 2 0.863
25 2 0.847
25 2 0.833
25 2 0.970
25 2 0.996
25 2 0.877
25 2 0.758
25 2 0.792
25 2 0.723
25 2 0.805
25 2 0.940
25 2 0.864
25 2 0.900
25 2 0.897
25 2 0.739
25 2 0.941
25 2 0.881
25 2 0.961
25 2 0.804
25 2 0.802
25 2 0.828
25 2 0.867
25 2 0.928
25 2 0.712
25 2 0.761
25 2 0.944
25 2 0.911
25 2 0.870
25 2 0.868
25 2 0.672
25 2 0.789
25 2 0.743
25 2 0.800
25 2 0.849
25 2 0.821
25 2 0.832
25 2 0.783
25 2 0.686
25 2 0.875
25 2 0.757
25 2 0.742
25 2 0.963
25 2 0.867
25 2 0.765
25 2 0.893
25 2 0.818
25 2 0.788
25 2 0.802
25 2 0.888
25 2 0.780
25 2 0.687
25 2 0.925
25 2 0.957
25 2 0.806
25 2 0.751
25 2 0.703
25 2 0.989
25 2 0.711
25 2 0.838
25 2 0.950
25 2 0.846
25 2 0.855
25 2 0.857
25 2 0.830
25 2 0.783
25 2 0.830
25 2 0.960
25 2 0.949
25 2 0.853
25 2 0.912
25 2 0.831
25 2 0.904
25 2 0.897
25 2 0.888
25 2 0.962
25 2 0.870
25 2 0.730
25 2 0.896
25 2 0.821
25 2 0.820
25 2 0.896
25 2 0.822
25 2 0.947
25 2 0.692
25 2 1.448
25 2 0.955
25 2 0.788
25 2 0.767
25 2 0.802
25 2 0.912
25 2 0.758
25 2 0.901
25 2 0.867
25 2 0.787
25 2 0.894
25 2 0.966
25 2 0.836
25 2 0.951
25 2 0.800
25 2 1.032
25 2 0.996
25 2 0.965
25 2 0.861
25 2 0.852
25 2 0.671
25 2 0.925
25 2 0.762
25 2 0.822
25 2 0.898
25 2 0.877
25 2 0.878
25 2 0.930
25 2 0.918
25 2 0.978
25 2 0.809
25 2 0.820
25 2 0.960
25 2 0.905
25 2 0.873
25 2 0.935
25 2 0.835
25 2 0.883
25 2 0.901
25 2 0.777
25 2 0.889
25 2 0.927
25 2 0.870
25 2 0.886
25 2 0.911
25 2 0.711
25 2 0.859
25 2 0.757
25 2 0.905
25 2 0.762
25 2 0.902
25 2 0.956
25 2 0.845
25 2 0.999
25 2 0.991
25 2 0.840
25 2 0.920
25 2 0.730
25 2 0.914
25 2 0.841
25 2 0.848
25 2 0.885
25 2 0.907
25 2 0.912
25 2 0.932
25 2 0.847
25 2 0.986
25 2 0.877
25 2 0.881
25 2 0.757
25 2 0.742
25 2 0.735
25 2 0.728
25 2 0.944
25 2 0.997
25 2 0.891
25 2 0.756
25 2 0.867
25 2 0.982
25 2 0.805
25 2 0.792
25 2 0.947
25 2 0.959
25 2 0.916
25 2 0.964
25 2 0.824
25 2 1.061
25 2 0.846
25 2 0.900
25 2 0.956
25 2 0.929
25 2 0.972
25 2 0.904
25 2 1.017
25 2 0.919
25 2 0.939
25 2 0.932
25 2 0.964
25 2 0.839
25 2 0.917
25 2 1.098
25 2 0.832
25 2 0.843
25 2 0.794
25 2 1.019
25 2 0.797
25 2 0.847
25 2 0.897
25 2 0.894
25 2 0.723
25 2 0.978
25 2 0.802
25 2 0.938
25 2 0.912
25 2 0.674
25 2 0.905
25 2 0.972
25 2 0.826
25 2 0.967
25 2 0.732
25 2 0.829
25 2 0.996
25 2 0.857
25 2 0.809
25 2 0.782
25 2 0.796
25 2 0.885
25 2 0.738
25 2 0.964
25 2 0.989
25 2 1.028
25 2 0.936
25 2 0.841
25 2 0.922
25 2 0.803
25 2 0.865
25 2 0.794
25 2 0.989
25 2 0.808
25 2 0.758
25 2 0.848
25 2 0.795
25 2 0.954
25 2 0.900
25 2 0.862
25 2 0.866
25 2 0.973
25 2 0.932
25 2 0.810
25 2 0.837
25 2 0.914
25 2 0.764
25 2 0.798
25 2 0.903
25 2 0.890
25 2 0.827
25 2 1.020
25 2 0.875
25 2 0.824
25 2 0.815
25 2 0.875
25 2 0.909
25 2 0.801
25 2 0.835
25 2 0.892
25 3 0.795
25 3 0.811
25 3 0.875
25 3 0.899
25 3 0.945
25 3 0.859
25 3 0.991
25 3 0.859
25 3 0.891
25 3 0.888
25 3 0.988
25 3 0.928
25 3 0.817
25 3 0.812
25 3 0.896
25 3 0.815
25 3 0.845
25 3 0.767
25 3 0.884
25 3 0.936
25 3 0.982
25 3 0.754
25 3 1.009
25 3 0.965
25 3 0.799
25 3 0.773
25 3 0.993
25 3 0.817
25 3 0.829
25 3 0.968
25 3 0.812
25 3 0.891
25 3 0.832
25 3 0.980
25 3 0.814
25 3 0.860
25 3 0.964
25 3 0.919
25 3 0.936
25 3 0.921
25 3 0.963
25 3 0.830
25 3 0.965
25 3 0.843
25 3 1.007
25 3 0.735
25 3 0.959
25 3 0.880
25 3 0.872
25 3 0.888
25 3 0.871
25 3 0.843
25 3 0.815
25 3 0.903
25 3 0.826
25 3 0.813
25 3 0.828
25 3 0.833
25 3 0.912
25 3 0.969
25 3 0.848
25 3 0.861
25 3 0.805
25 3 0.828
25 3 0.934
25 3 0.829
25 3 0.931
25 3 0.876
25 3 0.885
25 3 0.905
25 3 0.866
25 3 0.824
25 3 0.823
25 3 0.957
25 3 0.874
25 3 0.866
25 3 0.761
25 3 0.896
25 3 0.831
25 3 0.914
25 3 0.939
25 3 0.879
25 3 0.963
25 3 0.883
25 3 0.923
25 3 0.887
25 3 0.856
25 3 0.803
25 3 0.784
25 3 0.809
25 3 0.899
25 3 0.931
25 3 0.899
25 3 0.913
25 3 0.840
25 3 0.890
25 3 0.985
25 3 0.814
25 3 0.904
25 3 0.754
25 3 0.903
25 3 0.937
25 3 0.619
25 3 0.883
25 3 0.838
25 3 1.009
25 3 0.915
25 3 0.871
25 3 0.858
25 3 0.955
25 3 0.799
25 3 0.818
25 3 0.895
25 3 0.942
25 3 1.019
25 3 0.752
25 3 0.836
25 3 0.887
25 3 0.805
25 3 1.092
25 3 1.039
25 3 0.854
25 3 0.831
25 3 0.843
25 3 0.827
25 3 0.885
25 3 0.867
25 3 0.852
25 3 1.051
25 3 0.754
25 3 0.725
25 3 0.915
25 3 0.832
25 3 1.014
25 3 0.836
25 3 1.088
25 3 0.988
25 3 0.950
25 3 0.952
25 3 0.825
25 3 0.805
25 3 0.747
25 3 1.010
25 3 1.011
25 3 0.935
25 3 1.043
25 3 0.903
25 3 0.925
25 3 0.765
25 3 0.907
25 3 0.862
25 3 0.952
25 3 0.859
25 3 0.892
25 3 0.955
25 3 0.873
25 3 0.935
25 3 0.863
25 3 0.828
25 3 0.925
25 3 0.725
25 3 0.819
25 3 0.791
25 3 0.839
25 3 0.897
25 3 0.944
25 3 0.778
25 3 0.864
25 3 0.796
25 3 0.895
25 3 0.760
25 3 0.870
25 3 0.943
25 3 0.929
25 3 0.880
25 3 0.952
25 3 0.805
25 3 0.731
25 3 0.910
25 3 0.910
25 3 0.846
25 3 0.999
25 3 0.878
25 3 0.840
25 3 0.879
25 3 0.836
25 3 0.914
25 3 0.751
25 3 0.938
25 3 0.835
25 3 0.922
25 3 0.881
25 3 1.073
25 3 0.948
25 3 0.862
25 3 0.960
25 3 0.759
25 3 0.748
25 3 1.073
25 3 0.933
25 3 0.825
25 3 1.026
25 3 0.833
25 3 0.865
25 3 0.692
25 3 1.008
25 3 0.836
25 3 0.837
25 3 0.996
25 3 0.792
25 3 0.914
25 3 0.702
25 3 0.939
25 3 0.857
25 3 0.908
25 3 0.904
25 3 0.827
25 3 0.939
25 3 0.801
25 3 0.886
25 3 0.692
25 3 0.860
25 3 0.874
25 3 0.977
25 3 0.986
25 3 0.909
25 3 0.797
25 3 0.932
25 3 0.808
25 3 0.912
25 3 0.817
25 3 0.799
25 3 0.761
25 3 0.936
25 3 0.869
25 3 0.819
25 3 0.855
25 3 0.922
25 3 1.003
25 3 0.824
25 3 0.782
25 3 0.794
25 3 0.843
25 3 0.823
25 3 0.846
25 3 0.848
25 3 0.804
25 3 0.874
25 3 0.792
25 3 0.820
25 3 1.014
25 3 0.904
25 3 0.890
25 3 0.870
25 3 1.005
25 3 1.106
25 3 0.925
25 3 0.789
25 3 0.836
25 3 0.751
25 3 0.817
25 3 0.986
25 3 0.917
25 3 0.929
25 3 0.935
25 3 0.774
25 3 0.967
25 3 0.916
25 3 0.918
25 3 0.807
25 3 0.823
25 3 0.861
25 3 0.921
25 3 0.951
25 3 0.698
25 3 0.783
25 3 0.972
25 3 0.905
25 3 0.908
25 3 0.950
25 3 0.700
25 3 0.794
25 3 0.781
25 3 0.834
25 3 0.893
25 3 0.873
25 3 0.857
25 3 0.827
25 3 0.706
25 3 0.907
25 3 0.784
25 3 0.762
25 3 0.989
25 3 0.907
25 3 0.781
25 3 0.923
25 3 0.840
25 3 0.824
25 3 0.827
25 3 0.899
25 3 0.800
25 3 0.729
25 3 0.968
25 3 0.993
25 3 0.914
25 3 0.790
25 3 0.764
25 3 1.033
25 3 0.738
25 3 0.889
25 3 0.989
25 3 0.889
25 3 0.905
25 3 0.896
25 3 0.866
25 3 0.822
25 3 0.867
25 3 1.037
25 3 0.945
25 3 0.887
25 3 0.920
25 3 0.870
25 3 0.930
25 3 0.953
25 3 0.919
25 3 0.987
25 3 0.915
25 3 0.758
25 3 0.945
25 3 0.862
25 3 0.839
25 3 0.917
25 3 0.862
25 3 1.035
25 3 0.725
25 3 1.022
25 3 0.893
25 3 0.787
25 3 0.775
25 3 0.809
25 3 0.906
25 3 0.754
25 3 0.895
25 3 0.872
25 3 0.770
25 3 0.883
25 3 0.947
25 3 0.819
25 3 0.977
25 3 0.816
25 3 1.032
25 3 0.992
25 3 0.954
25 3 0.865
25 3 0.849
25 3 0.668
25 3 0.905
25 3 0.825
25 3 0.812
25 3 0.894
25 3 0.921
25 3 0.889
25 3 0.930
25 3 0.912
25 3 0.986
25 3 0.784
25 3 0.784
25 3 0.976
25 3 0.872
25 3 0.875
25 3 0.947
25 3 0.868
25 3 0.881
25 3 0.908
25 3 0.785
25 3 0.903
25 3 0.939
25 3 0.872
25 3 0.883
25 3 0.913
25 3 0.698
25 3 0.861
25 3 0.749
25 3 0.885
25 3 0.760
25 3 0.904
25 3 1.015
25 3 0.875
25 3 0.995
25 3 1.018
25 3 0.842
25 3 0.911
25 3 0.740
25 3 0.932
25 3 0.818
25 3 0.868
25 3 0.844
25 3 0.913
25 3 0.924
25 3 0.922
25 3 0.857
25 3 0.983
25 3 0.896
25 3 0.896
25 3 0.777
25 3 0.741
25 3 0.726
25 3 0.730
25 3 0.920
25 3 0.976
25 3 0.929
25 3 0.767
25 3 0.901
25 3 0.962
25 3 0.800
25 3 0.772
25 3 0.906
25 3 0.934
25 3 0.913
25 3 0.995
25 3 0.771
25 3 1.056
25 3 0.859
25 3 0.905
25 3 0.941
25 3 0.959
25 3 1.045
25 3 0.891
25 3 1.003
25 3 0.923
25 3 0.929
25 3 0.920
25 3 0.952
25 3 0.827
25 3 0.916
25 3 1.105
25 3 0.829
25 3 0.839
25 3 0.778
25 3 1.039
25 3 0.804
25 3 0.841
25 3 0.877
25 3 0.899
25 3 0.725
25 3 0.957
25 3 0.803
25 3 0.955
25 3 0.900
25 3 0.684
25 3 0.938
25 3 1.020
25 3 0.814
25 3 0.972
25 3 0.715
25 3 0.826
25 3 0.989
25 3 0.869
25 3 0.820
25 3 0.786
25 3 0.811
25 3 0.895
25 3 0.740
25 3 0.952
25 3 0.964
25 3 1.023
25 3 0.932
25 3 0.854
25 3 0.905
25 3 0.814
25 3 0.864
25 3 0.812
25 3 0.962
25 3 0.812
25 3 0.743
25 3 0.822
25 3 0.797
25 3 0.963
25 3 0.919
25 3 0.866
25 3 0.860
25 3 0.975
25 3 0.940
25 3 0.814
25 3 0.849
25 3 0.937
25 3 0.775
25 3 0.804
25 3 0.899
25 3 0.885
25 3 0.817
25 3 1.040
25 3 0.902
25 3 0.820
25 3 0.812
25 3 0.891
25 3 0.923
25 3 0.834
25 3 0.837
25 3 0.892
