1 20 4764 0 1 0 0 1 0 0 0 0 0 0 1 0 0 0 1 0 0 0 0 0.0
2 20 4540 0 1 0 0 0 0 0 0 0 0 1 0 0 0 1 0 0 0 1 0 0.0
3 20 4221 1 0 0 0 0 0 1 0 0 0 0 0 0 0 1 0 0 0 0 0 0.0
4 20 4613 1 1 1 0 0 0 0 0 1 0 0 0 0 0 0 0 0 0 0 0 0.0
5 20 3346 0 0 1 0 1 1 0 0 0 0 0 0 1 0 0 0 0 0 0 0 0.0
6 20 4016 1 1 0 0 0 0 0 1 0 0 0 0 0 1 0 1 0 0 0 0 0.0
7 20 4706 1 0 0 1 0 0 0 0 1 0 0 0 0 0 0 1 0 0 0 0 0.0
8 20 4673 0 0 0 0 1 1 0 0 0 0 0 1 0 0 0 0 0 0 1 0 0.0
9 20 5380 0 0 0 1 0 0 0 0 1 1 0 0 1 0 0 0 0 0 0 0 0.0
10 20 4069 0 0 0 1 0 0 0 0 0 1 0 0 0 1 0 0 1 0 0 0 0.0
11 20 3225 0 0 1 0 0 0 0 0 0 0 0 1 0 0 0 1 0 0 0 0 0.0
12 20 5351 0 0 0 0 0 0 0 1 0 1 0 0 0 1 0 1 0 0 0 0 0.0
13 20 3581 0 0 0 0 0 0 1 1 0 0 1 0 0 0 0 1 0 0 0 0 0.0
14 20 5399 0 0 1 0 1 0 0 0 0 0 0 0 0 1 0 0 0 0 1 0 0.0
15 20 2669 0 0 0 1 0 0 0 1 0 1 0 0 0 0 0 0 0 0 0 0 0.0
16 20 4253 1 0 0 0 1 0 1 0 0 0 0 0 0 0 0 0 0 0 0 0 0.0
17 20 4164 0 0 0 1 0 0 0 0 0 1 0 0 0 0 1 0 0 0 0 1 0.0
18 20 3979 0 1 0 0 0 0 0 0 1 0 0 0 0 0 1 0 0 0 0 0 0.0
19 20 4190 0 0 1 0 0 0 0 1 1 0 0 0 1 0 0 0 0 0 0 0 0.0
20 20 5612 0 0 0 0 1 0 0 0 1 0 0 0 0 1 0 0 0 0 0 1 0.0
21 20 3304 0 0 0 0 1 0 0 1 0 0 0 0 0 0 0 1 0 0 0 0 0.0
22 20 5341 0 0 0 0 0 0 0 1 0 0 0 0 0 0 0 0 1 1 0 1 0.0
23 20 4737 0 0 0 0 0 0 0 1 0 0 1 0 1 1 0 0 0 0 0 0 0.0
24 20 3317 0 0 1 0 0 1 0 1 0 0 0 0 0 0 0 0 0 0 0 0 0.0
25 20 3319 0 0 0 1 0 0 0 0 0 0 0 1 0 0 0 0 1 0 0 0 0.0
26 20 4113 0 0 1 0 0 0 1 0 1 0 0 0 0 0 0 0 0 0 0 0 0.0
27 20 3887 0 0 0 0 0 0 0 0 0 0 0 0 0 0 1 0 1 0 1 0 0.0
28 20 5209 1 0 0 0 0 0 1 0 0 0 0 0 0 0 1 0 0 1 0 0 0.0
29 20 4668 1 0 1 0 0 0 0 1 0 1 0 0 0 0 0 0 0 0 0 0 0.0
30 20 4188 0 0 0 1 0 0 0 0 0 0 0 0 0 0 0 0 1 0 1 0 0.0
31 20 4196 0 1 0 0 0 0 1 0 0 0 1 0 0 0 0 0 0 0 1 0 0.0
32 20 3875 1 0 0 0 0 0 1 0 0 0 1 0 0 0 1 0 0 0 0 0 0.0
33 20 4553 1 0 0 0 0 1 0 0 1 0 1 0 0 0 0 0 0 0 0 0 0.0
34 20 4253 0 0 1 0 0 1 0 0 0 0 0 0 0 0 0 0 0 1 0 0 0.0
35 20 7512 0 1 1 0 1 0 0 0 0 0 0 0 0 0 0 1 0 1 1 0 0.0
36 20 3716 0 0 0 0 0 0 1 0 0 0 0 1 0 0 0 0 0 1 0 0 0.0
37 20 3902 0 1 0 0 0 0 1 0 0 1 0 0 0 0 0 0 0 0 1 0 0.0
38 20 4507 0 0 0 0 0 0 1 0 0 1 0 0 0 0 1 0 0 0 1 0 0.0
39 20 4380 0 0 0 1 0 0 0 0 0 0 1 0 1 0 0 0 1 0 0 0 0.0
40 20 4149 0 0 0 0 0 0 1 0 0 0 0 0 0 1 1 1 0 0 0 0 0.0
41 20 5606 1 0 0 0 0 0 0 0 1 1 0 0 0 0 0 0 1 0 0 1 0.0
42 20 4093 0 0 0 0 1 0 0 1 0 0 0 1 0 0 0 0 0 0 0 0 0.0
43 20 4878 0 0 0 0 0 0 1 0 0 0 1 0 1 0 0 1 0 0 0 1 0.0
44 20 3765 0 1 1 1 0 0 0 0 0 0 0 1 0 0 0 0 0 0 0 0 0.0
45 20 3730 0 1 0 0 1 0 0 0 1 0 0 0 1 0 0 0 0 0 0 0 0.0
46 20 3073 0 1 1 1 1 0 0 0 0 0 0 1 0 0 0 0 0 0 0 0 0.0
47 20 4557 0 0 0 0 1 0 0 0 0 0 0 1 1 0 0 0 0 0 1 0 0.0
48 20 3256 0 0 0 1 0 0 0 1 0 0 0 0 0 0 1 0 0 0 0 0 0.0
49 20 3950 0 0 0 0 1 0 0 0 0 0 0 0 0 0 0 0 1 1 0 1 0.0
50 20 5038 1 0 0 0 1 0 1 0 0 0 0 0 0 0 0 0 1 0 0 0 0.0
51 20 3976 0 0 1 0 0 0 1 0 0 0 1 0 0 0 0 0 0 1 0 0 0.0
52 20 7856 0 0 0 1 1 1 0 1 0 1 0 0 0 0 0 1 0 0 0 0 0.0
53 20 4790 0 0 1 0 0 0 0 0 1 1 0 0 0 0 0 0 1 0 0 0 0.0
54 20 4383 0 0 0 1 0 0 0 0 1 0 0 0 0 0 0 0 0 0 1 0 0.0
55 20 5195 1 1 1 0 0 0 0 1 0 0 0 0 0 0 0 0 0 0 0 0 0.0
56 20 3505 0 0 0 0 0 1 0 0 0 0 1 0 0 0 0 0 0 0 1 0 0.0
57 20 3911 0 0 0 0 0 0 0 0 0 0 1 0 0 0 1 0 0 0 0 1 0.0
58 20 4684 0 0 0 1 1 0 0 0 1 0 0 0 0 0 0 0 0 1 1 0 0.0
59 20 5503 1 0 0 0 1 0 1 0 0 1 1 0 0 0 0 0 0 0 0 0 0.0
60 20 3793 0 0 0 0 1 1 0 1 0 0 0 0 0 0 0 0 0 0 0 0 0.0
61 20 5697 0 1 0 1 0 0 0 0 0 0 0 0 0 0 0 0 0 0 1 1 0.0
62 20 4081 1 0 0 0 0 0 0 0 0 0 1 0 0 1 0 0 0 0 1 0 0.0
63 20 2753 0 0 0 0 0 0 0 1 0 1 0 0 0 0 0 0 0 0 0 1 0.0
64 20 3572 1 1 0 0 0 0 0 0 0 0 0 0 0 0 0 0 0 0 0 1 0.0
65 20 6616 0 0 0 0 0 1 0 0 0 0 1 0 0 0 0 1 0 0 1 1 0.0
66 20 4201 0 1 0 0 1 0 0 0 0 0 1 0 0 0 0 0 0 0 1 0 0.0
67 20 4372 0 0 1 0 0 0 0 0 0 0 0 0 0 0 0 0 0 1 1 0 0.0
68 20 5494 0 0 0 0 0 0 1 0 0 0 0 0 0 0 1 0 0 0 1 1 0.0
69 20 5139 0 0 0 0 0 1 0 0 1 0 1 0 0 0 1 0 0 1 0 0 0.0
70 20 4101 1 1 1 0 0 0 0 0 0 0 0 0 1 0 0 0 0 0 0 0 0.0
71 20 4022 0 0 1 0 0 0 0 1 0 0 0 1 0 0 0 0 0 0 0 0 0.0
72 20 5062 0 0 0 0 0 1 0 0 0 0 0 1 0 0 0 0 0 1 1 0 0.0
73 20 4452 0 0 0 1 0 1 1 0 1 0 0 0 0 0 0 0 0 0 0 0 0.0
74 20 3340 0 1 0 0 0 0 0 1 0 1 0 1 0 0 0 0 0 0 0 0 0.0
75 20 2940 0 1 0 1 0 0 0 0 0 0 0 0 0 1 0 0 0 0 0 0 0.0
76 20 3559 0 0 0 0 0 0 0 0 0 0 0 0 1 1 0 0 0 0 1 1 0.0
77 20 4155 0 0 0 0 0 0 0 0 1 0 0 1 1 0 0 0 0 0 0 1 0.0
78 20 4491 0 0 0 1 0 0 0 0 0 0 0 0 1 0 0 1 0 1 0 0 0.0
79 20 5230 0 0 1 1 0 0 1 0 0 0 0 0 0 0 0 0 0 0 1 0 0.0
80 20 4365 0 0 0 1 0 1 1 0 0 0 0 0 0 0 0 0 0 0 0 0 0.0
81 20 4622 0 1 0 0 0 0 0 1 1 0 1 0 0 0 1 0 0 0 0 0 0.0
82 20 4782 1 1 0 0 0 0 0 0 0 0 0 0 0 0 0 0 0 0 1 1 0.0
83 20 4360 0 0 0 0 0 0 0 1 0 0 0 1 0 0 0 0 0 1 1 0 0.0
84 20 3162 0 0 0 0 0 1 0 0 0 0 1 0 0 0 1 0 0 0 0 0 0.0
85 20 4885 0 1 0 0 0 0 0 1 0 0 0 0 0 0 0 1 1 0 0 0 0.0
86 20 5152 1 0 0 1 0 0 0 0 1 0 0 0 0 0 0 0 0 0 1 1 0.0
87 20 4816 0 0 0 0 0 1 0 0 0 1 0 1 1 0 0 0 0 0 0 0 0.0
88 20 4090 0 0 0 0 0 0 0 0 0 1 0 0 1 1 0 0 0 0 0 0 0.0
89 20 2631 0 0 0 0 0 1 0 0 0 0 0 1 0 0 0 0 0 1 0 0 0.0
90 20 3792 0 0 0 1 1 0 0 0 0 0 0 0 0 1 0 0 0 0 0 0 0.0
91 20 3119 0 0 0 1 0 0 0 0 0 0 0 0 0 0 0 0 0 1 0 1 0.0
92 20 4915 0 0 0 1 0 0 0 0 0 0 1 1 0 0 0 0 0 1 0 0 0.0
93 20 5091 0 0 0 1 0 0 0 0 0 1 0 0 1 0 0 0 1 1 0 0 0.0
94 20 4064 0 0 0 1 0 1 0 0 0 0 0 0 0 1 1 0 0 0 0 0 0.0
95 20 4546 0 0 0 1 0 1 1 0 0 0 0 0 0 1 0 0 0 0 0 0 0.0
96 20 4165 0 0 0 0 0 1 0 0 1 1 0 0 0 0 0 0 0 1 0 0 0.0
97 20 4415 0 0 0 0 0 0 0 1 0 0 0 1 0 1 0 1 0 0 0 0 0.0
98 20 3905 1 1 0 0 0 0 1 1 0 0 0 0 0 0 0 0 0 0 0 0 0.0
99 20 5181 0 0 1 0 0 0 0 0 0 1 0 0 1 0 0 0 0 1 0 0 0.0
100 20 5116 0 0 0 1 0 0 0 0 0 0 1 0 0 0 0 1 1 0 0 0 0.0
101 20 4314 0 0 0 0 0 0 0 0 0 1 0 0 0 1 0 1 0 0 0 1 0.0
102 20 4168 0 0 1 0 0 1 1 1 0 0 1 0 0 0 0 0 0 0 0 0 0.0
103 20 5722 1 0 0 0 0 0 0 1 0 0 0 1 0 0 0 1 1 0 0 0 0.0
104 20 5253 0 1 0 0 0 0 0 0 0 0 0 1 0 0 0 1 0 0 1 0 0.0
105 20 3912 0 0 0 0 0 0 0 0 0 0 0 0 1 0 0 0 1 1 0 0 0.0
106 20 4982 0 1 0 0 0 0 0 0 0 1 0 0 0 0 1 0 0 0 1 0 0.0
107 20 4407 1 0 0 0 0 0 1 0 1 0 1 0 0 0 0 0 0 0 0 0 0.0
108 20 4429 0 0 0 0 1 0 1 0 1 0 0 1 0 1 0 0 0 0 0 0 0.0
109 20 4020 0 0 1 0 0 0 1 0 0 1 0 1 0 0 0 0 0 0 0 0 0.0
110 20 4669 0 1 0 0 0 0 0 0 1 0 1 1 0 0 0 0 0 0 0 0 0.0
111 20 5319 0 0 0 0 0 0 0 1 1 0 1 1 0 0 0 0 0 0 0 0 0.0
112 20 4820 0 0 0 1 1 1 0 0 0 0 0 0 0 0 0 0 1 0 0 0 0.0
113 20 5287 1 0 0 0 0 1 0 0 0 1 0 0 0 0 0 0 1 0 0 0 0.0
114 20 3685 0 0 0 0 1 0 0 0 1 0 0 0 0 0 0 0 0 0 0 1 0.0
115 20 4387 0 0 0 0 0 1 0 0 0 0 0 0 0 0 0 0 1 1 1 0 0.0
116 20 5338 0 0 0 0 0 1 0 0 0 0 1 0 0 0 0 1 0 1 0 0 0.0
117 20 3707 0 0 0 0 0 1 1 0 0 0 0 0 0 0 1 0 0 0 0 0 0.0
118 20 3817 0 0 0 1 0 1 0 0 1 0 0 0 0 0 0 0 0 0 0 0 0.0
119 20 3715 0 0 1 0 0 0 1 0 0 0 0 0 0 0 0 0 0 1 1 0 0.0
120 20 3776 0 0 0 1 0 0 1 0 0 0 1 0 0 0 0 0 0 0 0 0 0.0
121 20 4846 0 0 0 0 0 0 0 1 0 0 0 0 0 0 0 1 1 0 1 1 0.0
122 20 4607 0 0 0 0 1 0 0 0 0 0 1 0 0 0 0 0 1 0 1 0 0.0
123 20 3774 1 0 0 0 0 0 0 0 0 1 0 0 0 0 0 0 0 0 0 1 0.0
124 20 4573 0 1 1 0 0 0 1 0 0 0 0 1 0 0 0 0 0 0 0 0 0.0
125 20 4588 0 0 0 0 0 0 0 0 0 0 0 0 0 1 1 1 0 1 0 0 0.0
126 20 4076 0 0 0 0 0 0 0 0 0 0 1 0 0 0 0 1 1 0 0 1 0.0
127 20 4427 1 0 1 1 0 0 0 0 0 0 0 0 0 0 0 0 0 0 0 1 0.0
128 20 5780 1 0 0 0 0 0 0 0 1 0 0 1 0 1 0 0 0 1 0 0 0.0
129 20 4020 0 0 0 0 0 0 1 0 0 0 1 0 0 0 1 0 0 0 0 0 0.0
130 20 4209 0 0 0 0 1 0 0 0 1 0 1 0 0 0 0 0 1 0 0 0 0.0
131 20 4703 0 1 0 0 0 1 0 0 1 0 0 0 0 0 0 0 0 0 0 1 0.0
132 20 5092 0 0 1 0 0 1 0 0 0 1 0 1 0 0 0 0 0 0 0 0 0.0
133 20 5278 0 1 0 0 0 0 1 0 1 0 0 0 0 0 0 0 0 0 0 1 0.0
134 20 3700 1 0 0 0 0 0 0 0 0 0 0 1 1 0 0 0 0 0 0 0 0.0
135 20 5922 0 1 0 0 0 0 0 0 1 1 0 0 0 0 0 0 0 1 1 0 0.0
136 20 5370 0 0 0 1 0 0 1 0 0 1 0 0 1 0 0 1 0 0 0 0 0.0
137 20 3245 1 0 0 0 0 0 0 0 0 0 0 0 1 0 0 1 0 0 0 0 0.0
138 20 3608 0 0 0 0 0 0 0 0 0 1 1 0 1 0 0 0 0 0 0 0 0.0
139 20 3396 0 0 0 1 0 0 0 0 0 0 1 0 0 0 0 0 0 0 1 0 0.0
140 20 4166 0 0 0 0 1 1 0 1 0 0 0 0 0 1 0 0 0 0 0 0 0.0
141 20 3917 1 0 0 0 0 0 1 0 0 0 0 1 0 0 0 0 0 0 0 0 0.0
142 20 3815 0 0 0 0 0 0 0 0 0 0 1 0 0 1 0 0 0 0 0 1 0.0
143 20 4325 0 1 1 1 0 0 0 0 0 1 0 0 0 0 0 0 0 1 0 0 0.0
144 20 2796 0 0 0 0 0 0 0 0 0 0 0 1 0 0 0 0 0 0 1 0 0.0
145 20 2877 0 0 0 0 0 0 0 0 0 0 0 0 0 1 0 0 1 0 0 1 0.0
146 20 4838 0 0 1 0 0 0 0 0 0 0 1 0 0 0 1 1 0 0 0 0 0.0
147 20 3261 0 0 0 1 0 0 0 0 1 0 0 0 0 0 0 1 0 0 0 0 0.0
148 20 5079 1 0 1 0 0 0 0 0 0 0 1 0 0 1 0 0 0 0 0 0 0.0
149 20 4919 0 0 1 0 0 0 0 0 0 1 0 0 0 0 0 0 0 1 0 1 0.0
150 20 4664 0 0 1 1 0 1 0 0 0 0 0 1 0 0 0 0 0 0 0 1 0.0
151 20 3547 0 0 1 0 1 0 0 0 0 0 0 0 0 1 0 0 0 0 0 0 0.0
152 20 3922 0 1 1 0 0 0 0 0 1 0 0 0 0 1 0 0 0 0 0 0 0.0
153 20 3835 0 0 0 0 0 1 0 1 1 0 0 0 0 1 0 0 0 0 1 0 0.0
154 20 3375 0 1 0 0 0 0 0 0 0 0 0 0 0 0 1 0 0 0 0 1 0.0
155 20 6188 0 0 0 1 0 0 0 0 0 0 0 0 1 1 0 0 1 0 1 0 0.0
156 20 3801 0 0 0 1 0 0 0 0 0 0 0 1 0 0 0 0 0 0 0 1 0.0
157 20 3439 0 0 0 0 0 0 0 0 0 0 0 0 1 0 0 1 0 0 0 1 0.0
158 20 5189 1 0 0 0 0 0 1 0 0 1 0 0 0 1 0 0 0 0 0 1 0.0
159 20 3544 0 0 0 0 0 0 0 0 0 0 0 0 1 0 0 0 1 0 1 0 0.0
160 20 2472 0 1 0 0 0 0 1 0 0 0 1 0 0 0 0 0 0 0 0 0 0.0
161 20 3390 0 0 1 0 0 1 0 0 0 0 0 0 0 0 0 1 0 0 0 0 0.0
162 20 3440 0 0 0 1 0 1 0 0 0 1 0 0 0 0 1 0 0 0 1 0 0.0
163 20 3116 0 0 0 0 0 0 0 0 0 0 1 0 0 1 0 0 1 0 0 0 0.0
164 20 3447 0 1 0 0 0 0 0 0 0 0 0 0 0 0 0 1 0 0 0 1 0.0
165 20 5391 0 0 0 0 0 0 0 0 1 1 1 1 0 0 0 0 0 0 0 0 0.0
166 20 4549 0 0 1 0 0 0 1 1 0 0 0 0 0 1 0 0 0 0 0 1 0.0
167 20 4953 1 1 0 0 0 0 0 0 1 0 1 0 0 0 0 0 0 0 0 1 0.0
168 20 4317 0 0 0 0 0 0 0 0 0 0 1 1 0 0 1 0 0 0 0 1 0.0
169 20 4094 0 0 0 0 0 0 0 1 0 0 0 0 1 0 1 1 0 0 0 0 0.0
170 20 5133 0 0 0 0 0 0 1 0 1 0 0 0 0 0 0 0 0 0 1 1 0.0
171 20 5718 0 0 1 0 1 0 1 0 1 0 0 0 0 0 1 0 0 0 0 0 0.0
172 20 5656 0 0 0 0 1 0 0 1 1 0 0 0 0 0 0 0 0 0 1 0 0.0
173 20 3822 0 0 0 0 1 0 0 0 0 0 1 0 0 0 0 0 0 0 1 0 0.0
174 20 5835 0 0 0 0 1 0 0 0 0 0 1 1 1 0 0 0 1 0 0 1 0.0
175 20 4856 0 0 1 1 0 1 0 0 0 0 1 0 0 0 0 0 0 0 0 0 0.0
176 20 5194 0 0 0 0 1 1 0 0 0 0 0 1 0 0 0 0 0 1 0 0 0.0
177 20 3989 0 0 0 0 0 0 0 0 0 1 0 0 1 0 0 0 0 0 0 1 0.0
178 20 4495 1 0 0 0 0 0 0 0 0 0 0 1 1 0 0 0 0 0 0 1 0.0
179 20 5044 1 0 0 0 0 0 0 0 1 1 0 0 0 1 0 0 1 0 0 0 0.0
180 20 4565 0 0 1 0 0 0 0 1 1 0 0 0 0 0 0 0 0 1 0 0 0.0
181 20 3161 0 0 0 0 0 0 0 0 0 1 1 0 0 0 1 0 0 0 0 0 0.0
182 20 4315 0 0 0 1 0 0 0 0 0 0 0 0 0 0 1 0 1 0 0 1 0.0
183 20 4595 0 0 0 0 0 1 0 0 0 1 0 0 1 0 0 0 0 1 0 0 0.0
184 20 3057 0 0 0 0 0 0 0 0 1 0 0 0 1 0 0 0 0 0 0 1 0.0
185 20 4455 0 0 0 1 0 0 0 0 0 0 1 1 0 0 1 0 0 0 1 0 0.0
186 20 4862 0 1 0 0 0 1 0 0 0 0 0 1 0 1 0 0 0 0 0 0 0.0
187 20 4877 0 1 1 1 1 0 0 0 0 0 0 0 0 0 0 0 0 0 0 0 0.0
188 20 4778 1 0 1 0 0 0 0 0 0 0 1 0 0 0 0 0 0 0 1 0 0.0
189 20 4063 0 0 0 0 0 0 0 1 1 1 0 0 0 0 0 0 0 0 1 0 0.0
190 20 4389 0 1 0 0 0 0 0 0 1 0 0 0 0 0 0 0 0 1 0 1 0.0
191 20 4315 0 0 0 0 0 0 0 0 0 0 0 0 0 1 0 1 1 0 0 0 0.0
192 20 4770 0 0 0 1 0 0 0 0 1 0 0 0 1 0 1 0 1 0 0 0 0.0
193 20 3637 0 0 0 0 0 0 0 0 0 0 0 0 1 1 1 0 0 0 0 0 0.0
194 20 4482 0 0 0 0 1 1 0 0 0 0 0 0 0 1 0 0 1 0 0 0 0.0
195 20 4238 0 0 1 0 0 0 0 0 0 0 1 0 0 0 1 0 0 0 0 0 0.0
196 20 3745 0 0 1 1 0 0 0 0 0 0 0 0 0 0 0 0 0 0 1 0 0.0
197 20 4284 0 0 0 0 0 0 0 1 1 1 0 0 0 0 0 0 0 1 0 0 0.0
198 20 5003 0 0 0 0 0 0 0 0 0 0 1 0 0 1 0 0 0 0 1 1 0.0
199 20 4752 0 0 1 0 1 0 0 0 0 0 0 1 0 0 1 0 0 0 0 1 0.0
200 20 5044 1 1 0 0 0 0 0 0 0 0 1 1 0 0 0 0 0 0 0 0 0.0
201 20 3568 0 0 0 0 0 0 1 0 0 0 0 0 0 0 0 1 1 0 0 0 0.0
202 20 4308 0 0 1 0 0 1 0 0 0 1 0 0 0 1 0 0 0 0 0 0 0.0
203 20 5399 1 0 0 0 0 0 1 0 0 1 1 0 0 0 0 0 0 0 1 0 0.0
204 20 5011 1 0 0 0 0 0 0 1 0 1 0 0 0 0 1 0 0 0 0 0 0.0
205 20 3198 0 0 0 0 0 1 0 0 0 0 0 0 0 0 0 0 1 0 1 0 0.0
206 20 3887 0 0 0 0 0 0 0 0 0 1 1 0 0 0 1 0 0 0 0 0 0.0
207 20 4269 0 1 0 0 0 1 1 0 0 0 0 1 0 0 0 0 0 0 0 0 0.0
208 20 4030 0 0 0 0 0 0 0 0 0 0 0 0 1 1 0 0 1 0 0 0 0.0
209 20 4871 0 1 0 0 0 0 0 0 0 1 1 0 0 0 0 0 0 0 1 0 0.0
210 20 4052 0 0 0 0 0 0 0 1 0 0 0 0 0 1 0 1 0 0 0 1 0.0
211 20 3491 0 0 0 0 0 0 0 1 0 0 1 0 0 0 0 0 0 1 0 0 0.0
212 20 4955 0 0 0 0 0 1 1 0 1 0 0 0 1 0 0 0 1 0 0 0 0.0
213 20 5493 1 1 1 0 0 0 0 0 0 0 1 0 0 1 0 0 0 0 0 0 0.0
214 20 3538 1 0 0 0 0 0 0 0 1 0 1 0 0 0 0 0 0 0 0 0 0.0
215 20 4148 0 1 0 0 0 1 0 0 0 1 0 0 0 0 0 0 0 0 0 1 0.0
216 20 3783 0 0 0 0 0 1 0 0 0 0 1 0 0 1 0 0 0 0 0 0 0.0
217 20 3440 0 0 0 1 0 0 0 0 0 0 0 0 1 0 0 1 0 0 0 0 0.0
218 20 3134 0 1 1 0 0 0 0 0 0 0 0 0 1 0 0 0 0 0 0 0 0.0
219 20 2814 0 0 0 0 0 0 1 0 0 0 0 1 0 1 0 0 0 0 0 1 0.0
220 20 3812 0 0 0 0 0 0 0 0 0 0 1 1 1 0 1 0 0 0 0 0 0.0
221 20 5031 0 0 0 1 0 0 0 0 0 1 0 0 1 1 0 0 0 0 0 0 0.0
222 20 5107 0 0 0 0 0 0 1 0 0 0 0 1 0 0 0 1 0 0 1 0 0.0
223 20 4888 0 0 1 0 0 0 1 0 0 0 0 0 0 0 0 0 0 1 1 0 0.0
224 20 3859 0 0 0 1 0 0 0 0 0 1 0 0 0 0 0 0 1 0 1 0 0.0
225 20 3655 0 0 1 0 1 0 0 0 0 0 0 0 0 0 1 0 0 0 0 0 0.0
226 20 2933 0 0 1 1 0 0 0 0 0 0 0 1 0 0 0 0 0 0 0 0 0.0
227 20 5363 0 0 0 1 1 0 0 0 0 0 1 0 1 0 0 0 0 0 0 0 0.0
228 20 5337 1 0 1 0 0 0 0 0 0 0 1 0 0 0 0 0 0 0 1 0 0.0
229 20 4316 0 0 0 0 0 0 0 0 1 0 1 0 1 0 0 0 1 0 0 0 0.0
230 20 3526 0 1 0 1 0 0 0 0 1 0 0 0 0 0 0 1 0 0 0 0 0.0
231 20 2631 0 1 0 0 0 0 0 0 0 0 0 0 0 0 0 0 1 0 1 0 0.0
232 20 4349 0 0 0 0 0 0 0 0 0 1 0 0 0 1 0 0 1 1 0 0 0.0
233 20 5098 0 0 0 0 1 0 0 0 0 0 0 0 0 1 0 0 1 0 0 1 0.0
234 20 4672 1 0 0 0 0 0 1 1 0 0 0 0 0 1 0 0 0 0 0 0 0.0
235 20 5923 0 1 0 0 0 1 0 0 0 0 0 0 1 0 0 0 0 1 1 0 0.0
236 20 3865 0 0 0 0 0 1 1 0 1 0 0 0 1 0 0 0 0 0 0 0 0.0
237 20 5526 0 1 1 0 1 0 0 0 0 0 1 0 1 0 0 0 0 0 0 0 0.0
238 20 5436 0 0 1 1 0 0 1 0 0 0 0 0 0 0 0 0 1 0 0 0 0.0
239 20 5108 0 1 0 0 0 0 0 0 0 1 0 0 1 0 0 0 1 0 0 0 0.0
240 20 3922 0 0 0 0 0 0 0 0 0 1 0 0 0 0 1 0 0 0 0 1 0.0
241 20 5075 0 0 0 1 0 1 0 0 0 0 0 0 0 1 0 0 0 1 0 0 0.0
242 20 3928 0 0 0 1 0 1 0 0 0 0 1 0 0 0 0 0 0 0 0 0 0.0
243 20 5645 1 0 0 0 0 0 0 0 0 0 0 0 0 0 1 1 0 0 1 0 0.0
244 20 4102 0 0 0 0 0 1 0 1 0 0 0 0 0 0 0 1 0 0 0 0 0.0
245 20 5070 0 0 0 0 1 0 0 0 0 0 0 0 1 0 0 0 0 1 1 0 0.0
246 20 4249 0 1 0 0 1 0 0 0 0 0 0 1 0 1 0 0 0 0 0 0 0.0
247 20 3548 0 0 0 0 0 0 1 0 0 0 0 0 0 0 0 0 1 0 1 0 0.0
248 20 4056 1 0 0 0 0 0 0 1 0 0 0 1 0 1 0 0 0 0 0 0 0.0
249 20 4877 0 0 0 0 0 0 0 1 0 0 0 1 0 0 0 0 1 0 0 1 0.0
250 20 4293 0 0 1 0 1 0 0 0 0 0 0 0 0 0 0 0 1 0 1 0 0.0
251 20 3806 0 0 0 0 0 0 1 0 1 0 0 0 0 1 0 0 0 0 0 1 0.0
252 20 4522 0 0 1 0 0 0 0 1 0 0 0 1 0 0 0 0 0 1 0 0 0.0
253 20 4139 0 0 0 1 0 0 0 0 1 0 0 0 0 1 1 0 0 0 0 0 0.0
254 20 2105 0 1 0 1 0 0 0 0 1 0 0 0 0 0 0 0 0 0 0 0 0.0
255 20 4091 0 0 0 0 0 0 0 0 0 0 0 1 0 1 0 0 0 1 0 1 0.0
256 20 4592 0 0 0 0 1 1 0 1 0 0 0 0 0 0 0 0 0 1 0 0 0.0
257 20 4587 0 0 0 1 0 0 1 0 0 0 0 0 0 0 0 1 0 0 1 0 0.0
258 20 5499 1 0 0 0 0 0 1 0 0 0 0 1 0 0 0 0 0 0 1 0 0.0
259 20 3050 0 0 0 0 0 0 0 0 0 1 1 0 1 1 0 0 0 0 0 0 0.0
260 20 3538 0 0 1 0 0 0 0 0 1 1 0 0 0 0 1 0 0 0 0 0 0.0
261 20 4493 0 0 0 0 0 0 0 0 0 0 0 0 0 0 1 0 1 0 1 1 0.0
262 20 6204 1 1 0 0 0 0 0 0 0 0 0 1 0 1 0 0 0 0 1 0 0.0
263 20 2614 0 0 0 0 0 0 0 0 0 0 1 0 1 0 0 0 0 1 0 0 0.0
264 20 4196 0 1 0 0 0 0 0 0 0 0 0 1 0 0 0 1 0 1 0 0 0.0
265 20 5244 0 1 0 1 0 0 0 0 0 0 1 0 1 0 0 0 0 0 0 0 0.0
266 20 3544 0 0 0 0 0 0 1 0 0 0 0 0 0 0 1 0 0 0 0 1 0.0
267 20 2686 0 0 1 0 0 0 0 0 1 0 0 0 0 0 0 0 0 1 0 0 0.0
268 20 4406 0 0 0 0 0 0 0 0 0 1 0 0 0 0 0 0 1 0 1 1 0.0
269 20 5093 0 1 0 0 0 0 1 0 0 0 0 1 0 0 0 0 1 0 0 0 0.0
270 20 3702 0 0 0 1 1 0 0 0 0 0 0 1 0 0 0 0 0 0 0 0 0.0
271 20 4383 0 0 0 0 0 0 0 0 0 1 1 0 0 0 0 1 0 0 1 0 0.0
272 20 4076 1 0 0 0 1 0 0 0 0 0 0 0 0 0 0 1 0 0 0 0 0.0
273 20 4545 0 1 0 1 0 0 0 0 0 0 0 0 0 1 0 0 0 0 0 1 0.0
274 20 4372 0 0 1 0 0 0 0 0 0 0 1 0 0 0 0 1 0 0 0 1 0.0
275 20 4066 0 0 0 0 0 0 0 0 0 0 1 0 0 1 0 0 0 1 0 0 0.0
276 20 4929 0 0 0 1 0 0 0 1 0 1 0 0 0 1 0 0 0 0 0 0 0.0
277 20 6311 0 0 0 0 1 0 0 1 0 1 0 0 0 0 0 0 1 0 1 0 0.0
278 20 3963 0 0 1 0 0 1 1 0 0 0 0 0 0 0 0 0 0 0 0 0 0.0
279 20 4145 0 0 0 0 0 0 1 0 0 0 1 1 1 0 0 0 0 0 0 0 0.0
280 20 4134 1 0 0 1 0 0 0 0 0 0 0 0 0 0 1 1 0 0 0 0 0.0
281 20 4036 0 0 0 0 0 0 0 1 0 0 0 0 0 0 1 0 0 0 1 1 0.0
282 20 3497 0 0 0 0 1 0 0 0 1 0 1 0 0 0 0 0 1 0 0 0 0.0
283 20 3750 0 1 0 1 0 0 0 0 0 0 0 0 0 0 0 0 1 0 0 0 0.0
284 20 3219 1 0 0 0 1 0 0 0 0 0 0 0 0 0 1 0 0 0 1 0 0.0
285 20 3629 0 0 1 0 0 0 0 1 0 0 0 1 0 0 0 0 0 0 1 0 0.0
286 20 3674 0 0 0 0 0 0 0 0 0 0 1 0 0 1 0 1 0 0 0 1 0.0
287 20 5483 1 0 0 1 0 0 1 1 0 0 0 0 0 0 0 0 0 0 0 0 0.0
288 20 5010 0 0 0 0 1 1 0 0 0 0 0 0 0 1 0 1 0 1 0 0 0.0
289 20 4903 1 0 0 0 0 0 0 0 0 1 0 0 0 1 0 0 1 0 0 0 0.0
290 20 3012 0 0 0 0 0 0 1 1 0 0 0 0 0 0 0 0 0 1 0 0 0.0
291 20 4669 1 0 0 0 0 0 1 0 0 0 0 0 0 0 0 0 1 0 1 0 0.0
292 20 3728 0 0 1 0 0 0 0 1 0 0 1 1 0 0 0 0 0 0 0 0 0.0
293 20 4278 0 0 1 0 1 0 0 0 0 0 1 1 0 1 0 0 0 0 0 0 0.0
294 20 4777 1 0 0 0 1 0 0 0 0 0 0 1 1 0 0 0 0 0 0 0 0.0
295 20 4691 0 0 0 1 1 0 1 0 0 0 0 0 1 0 0 0 0 0 0 0 0.0
296 20 3859 0 0 0 0 0 1 0 1 0 0 0 1 0 0 0 1 0 0 0 0 0.0
297 20 5234 0 1 0 0 1 0 0 0 0 0 0 1 0 0 0 0 0 0 0 1 0.0
298 20 4262 1 0 0 0 0 0 0 0 0 0 0 0 1 0 0 1 0 0 0 0 0.0
299 20 5958 1 1 0 0 0 0 0 0 0 1 1 0 0 1 0 0 0 0 0 0 0.0
300 20 4092 1 0 1 0 0 0 0 0 0 0 0 0 0 0 1 0 0 0 0 0 0.0
301 20 4000 0 0 0 0 0 0 1 0 0 0 0 0 1 0 1 0 0 0 0 0 0.0
302 20 4181 0 0 1 1 0 0 0 0 0 0 1 0 0 0 0 1 0 0 0 0 0.0
303 20 6036 0 0 0 0 0 1 1 0 0 0 0 0 1 0 0 1 0 0 1 0 0.0
304 20 4487 0 1 0 0 0 0 0 0 0 0 1 0 1 0 0 0 0 0 1 0 0.0
305 20 4770 0 0 0 0 0 0 1 0 1 0 1 0 0 0 0 0 0 1 0 0 0.0
306 20 2879 0 0 1 1 0 0 0 0 0 0 0 1 0 0 0 0 0 0 0 0 0.0
307 20 4691 0 0 0 0 1 1 0 0 0 0 0 0 0 0 0 0 1 0 0 1 0.0
308 20 3976 0 0 0 1 0 1 1 0 0 1 0 0 0 0 0 0 0 0 0 0 0.0
309 20 4040 0 1 0 0 0 1 0 0 1 0 0 0 0 0 0 0 0 0 1 0 0.0
310 20 5504 1 0 0 0 0 0 1 0 0 1 0 1 0 0 0 0 0 0 0 0 0.0
311 20 3717 0 0 0 1 0 0 1 0 0 0 0 0 0 0 1 0 0 0 0 0 0.0
312 20 4807 0 0 0 0 1 0 0 0 0 1 0 0 0 1 0 0 0 0 0 1 0.0
313 20 4117 1 0 0 0 0 0 0 0 1 0 0 0 1 0 0 0 0 0 0 0 0.0
314 20 5308 0 0 0 0 0 0 0 0 0 1 0 0 0 0 0 1 1 0 0 1 0.0
315 20 4764 0 0 0 1 0 0 0 1 0 0 0 0 0 0 0 1 1 0 0 0 0.0
316 20 4126 0 0 0 1 0 0 0 0 1 0 0 0 1 0 0 0 0 0 0 1 0.0
317 20 4659 0 0 0 0 0 0 1 0 0 0 0 1 0 0 1 0 0 1 0 0 0.0
318 20 3367 1 0 0 0 0 0 0 1 0 0 0 0 0 0 1 0 0 0 0 0 0.0
319 20 4069 0 1 0 0 0 0 0 0 1 1 1 0 0 0 0 0 0 0 0 0 0.0
320 20 5289 1 0 0 0 1 0 1 0 0 1 1 0 0 0 0 0 0 0 0 0 0.0
321 20 4230 0 0 0 0 0 0 1 1 0 0 0 0 1 0 0 0 0 1 0 0 0.0
322 20 5003 0 0 0 0 0 0 0 0 1 1 1 0 0 0 0 0 0 1 0 0 0.0
323 20 3153 0 0 0 0 0 1 0 0 0 0 0 1 0 1 0 0 0 0 0 0 0.0
324 20 3071 0 0 0 1 0 0 0 0 0 0 0 0 0 1 0 0 0 0 0 1 0.0
325 20 5094 1 1 0 0 1 0 0 0 0 0 0 0 1 0 0 0 0 0 0 0 0.0
326 20 4656 0 0 0 1 0 0 0 0 0 0 0 0 0 1 0 0 1 1 0 0 0.0
327 20 3484 1 1 0 0 0 0 0 0 1 0 0 0 0 0 0 0 0 0 1 0 0.0
328 20 5796 0 0 1 0 0 0 0 0 0 1 0 1 1 1 0 0 1 0 0 0 0.0
329 20 4560 0 0 1 0 0 1 0 0 0 0 0 0 0 0 0 0 1 0 0 1 0.0
330 20 3611 0 0 0 0 1 1 0 1 0 0 0 0 0 0 0 0 0 0 0 0 0.0
331 20 4668 0 0 1 0 0 0 0 0 1 0 1 0 0 0 0 0 1 0 0 0 0.0
332 20 3904 1 0 0 1 0 0 1 0 1 0 0 0 0 0 0 0 0 0 0 0 0.0
333 20 4812 0 0 0 1 0 1 0 0 0 1 0 0 0 0 0 1 0 0 0 0 0.0
334 20 4581 0 0 0 0 1 1 0 1 0 1 0 0 0 0 0 1 0 0 0 0 0.0
335 20 3505 0 0 0 1 0 0 0 1 0 0 0 0 0 0 1 0 0 0 0 1 0.0
336 20 2639 0 1 0 0 0 0 0 0 0 0 0 0 0 0 0 0 0 0 1 0 0.0
337 20 3638 1 0 0 0 0 0 0 1 0 0 0 0 0 0 0 0 1 0 0 0 0.0
338 20 2962 0 0 0 0 0 0 1 0 1 0 0 0 0 1 0 0 0 0 0 0 0.0
339 20 4481 0 0 0 0 0 0 1 0 0 0 1 0 1 0 0 0 0 1 0 0 0.0
340 20 3593 0 0 0 0 0 0 1 0 0 0 1 0 1 0 0 0 0 0 0 0 0.0
341 20 3266 0 0 0 1 0 0 0 1 0 0 0 0 0 0 0 1 0 0 1 0 0.0
342 20 4008 0 1 0 0 0 0 1 0 1 0 0 0 0 0 0 0 1 0 0 0 0.0
343 20 3967 0 0 0 0 0 0 0 0 0 0 1 0 0 1 1 0 0 0 0 0 0.0
344 20 4254 1 0 0 1 0 0 0 0 1 0 0 0 0 0 0 1 0 0 0 0 0.0
345 20 3995 0 0 1 0 0 0 1 0 0 0 0 0 0 0 0 0 0 0 0 1 0.0
346 20 3457 0 0 0 0 0 0 0 1 1 0 1 0 0 0 0 0 0 1 0 0 0.0
347 20 4015 0 1 0 0 0 0 1 0 0 0 1 0 0 0 0 0 0 0 0 0 0.0
348 20 4164 0 0 1 0 0 0 0 0 0 0 0 1 0 0 0 1 0 0 0 0 0.0
349 20 4804 0 0 0 0 0 0 1 0 0 0 1 0 1 0 0 0 1 0 0 0 0.0
350 20 3799 0 0 0 0 1 0 0 1 0 0 1 0 0 0 0 0 0 0 0 0 0.0
351 20 2842 0 1 0 0 1 0 0 0 1 0 0 0 0 0 0 0 0 0 0 0 0.0
352 20 5962 0 0 1 0 0 0 0 0 1 0 0 0 1 0 0 1 0 0 0 1 0.0
353 20 4054 0 1 0 0 0 1 0 0 0 1 0 0 0 0 0 0 0 0 0 1 0.0
354 20 3857 0 0 1 0 0 0 1 0 0 0 0 0 0 0 0 0 0 0 1 0 0.0
355 20 3164 0 0 0 0 0 0 0 0 0 0 1 0 0 0 1 0 0 0 1 0 0.0
356 20 4100 1 0 0 0 1 0 1 1 0 0 0 0 0 0 0 0 0 0 0 0 0.0
357 20 4909 0 0 0 1 1 0 0 0 0 0 0 0 0 1 0 0 0 1 0 0 0.0
358 20 3388 1 0 0 0 0 0 0 0 0 1 0 0 1 0 0 0 0 0 0 0 0.0
359 20 5047 0 0 1 0 0 0 1 0 0 1 0 0 1 0 0 0 0 0 0 0 0.0
360 20 5231 0 0 0 0 1 0 0 1 0 0 0 1 0 0 0 0 1 0 0 0 0.0
361 20 4074 0 0 0 0 0 0 0 0 0 1 0 0 0 1 0 1 1 0 0 0 0.0
362 20 4523 0 1 0 0 0 0 0 0 0 1 0 0 0 1 0 0 0 0 0 1 0.0
363 20 2553 0 0 1 0 1 0 0 0 1 0 0 0 0 0 0 0 0 0 0 0 0.0
364 20 5413 0 0 0 1 0 0 0 0 0 1 0 0 0 1 1 0 0 0 0 0 0.0
365 20 2816 0 0 0 0 0 0 1 0 0 1 0 0 0 0 0 0 0 0 0 0 0.0
366 20 4236 0 0 0 0 0 1 0 0 0 0 0 0 0 1 0 0 0 0 0 1 0.0
367 20 3987 1 0 1 0 0 0 1 0 0 0 1 0 0 0 0 0 0 0 0 0 0.0
368 20 3728 1 0 0 0 0 1 0 1 0 0 0 0 0 0 0 0 0 0 0 0 0.0
369 20 2439 0 0 0 0 1 0 0 0 1 0 0 0 0 0 0 0 0 0 0 0 0.0
370 20 4325 0 0 0 0 0 0 0 0 0 0 0 0 0 0 0 1 0 1 1 0 0.0
371 20 5259 1 0 0 0 0 1 0 0 0 0 0 1 0 0 0 0 1 0 0 0 0.0
372 20 2214 0 0 0 1 0 0 0 0 1 0 0 0 0 0 0 0 0 0 0 0 0.0
373 20 4379 1 0 0 0 0 1 1 0 0 0 0 0 0 0 0 0 0 0 1 0 0.0
374 20 3519 1 0 0 0 0 1 0 0 0 0 0 0 0 0 0 0 0 0 0 1 0.0
375 20 4328 0 1 0 0 0 0 1 0 0 0 0 0 0 1 0 0 0 1 0 0 0.0
376 20 4419 0 0 0 0 1 0 0 0 0 1 0 0 0 0 1 0 0 0 0 1 0.0
377 20 5207 0 0 1 0 1 1 0 0 0 0 0 0 0 0 0 0 0 0 0 1 0.0
378 20 4295 0 1 0 0 0 0 0 0 1 1 0 0 0 0 0 0 0 0 0 0 0.0
379 20 4028 0 1 0 1 0 0 0 0 0 0 0 0 1 0 0 0 0 0 1 0 0.0
380 20 4720 0 0 1 0 0 0 1 0 0 1 0 0 0 0 0 0 0 1 0 0 0.0
381 20 5062 0 0 0 0 1 0 1 0 0 0 0 0 0 0 0 0 0 1 0 1 0.0
382 20 5537 0 0 0 0 1 0 1 0 0 1 1 0 0 0 1 0 0 0 0 0 0.0
383 20 4745 0 0 1 0 0 1 1 0 0 0 0 1 0 0 0 0 0 0 0 0 0.0
384 20 4815 1 0 0 0 0 0 0 0 1 0 0 0 0 0 0 1 0 1 0 0 0.0
385 20 4154 1 0 0 0 0 0 0 0 0 0 1 0 0 1 0 0 0 0 0 0 0.0
386 20 3181 0 0 0 0 0 1 0 0 0 0 0 1 0 0 0 0 1 0 0 0 0.0
387 20 5147 1 1 0 1 0 0 0 0 0 0 0 0 0 0 0 1 0 0 1 0 0.0
388 20 3535 0 0 0 0 0 0 0 0 0 1 0 0 1 0 0 1 0 0 0 0 0.0
389 20 5599 0 0 1 0 1 0 0 1 0 0 0 0 1 0 0 1 0 0 0 0 0.0
390 20 4644 0 0 0 0 1 0 0 0 1 0 0 1 1 0 0 0 0 0 0 0 0.0
391 20 4561 1 0 0 0 0 1 0 0 0 0 0 0 0 0 0 1 1 0 0 0 0.0
392 20 4021 0 0 0 0 0 0 0 0 1 0 1 0 0 1 0 0 0 1 0 0 0.0
393 20 4629 1 1 0 0 0 0 1 0 0 0 0 0 0 0 0 0 0 0 0 1 0.0
394 20 3263 0 0 0 1 0 0 0 0 0 0 1 0 0 0 0 0 0 1 0 0 0.0
395 20 3943 0 0 1 1 0 0 0 0 0 0 1 0 0 0 1 0 0 0 0 0 0.0
396 20 3284 0 0 1 0 0 0 1 0 0 0 0 0 0 0 0 0 1 0 0 0 0.0
397 20 3908 0 0 1 1 0 0 0 0 0 0 0 1 0 0 0 0 0 0 0 1 0.0
398 20 4189 0 0 1 0 0 0 0 0 0 0 0 0 0 0 1 0 0 0 1 0 0.0
399 20 4187 0 0 0 0 1 0 0 0 0 1 0 1 1 0 0 0 0 0 0 0 0.0
400 20 5012 0 1 0 0 0 0 0 0 0 1 0 0 0 0 1 1 0 0 0 0 0.0
401 20 3647 0 1 0 0 1 0 0 0 0 0 0 1 0 0 0 0 0 1 0 0 0.0
402 20 4107 0 0 0 1 0 0 1 0 0 0 1 0 0 0 0 0 0 0 0 0 0.0
403 20 4984 1 0 1 0 0 0 0 0 0 0 1 0 0 0 0 0 0 0 1 0 0.0
404 20 4115 0 0 0 0 0 1 0 0 1 0 1 0 0 0 0 1 0 0 0 0 0.0
405 20 4677 0 0 0 0 0 0 0 1 0 0 0 1 0 0 0 1 0 0 0 1 0.0
406 20 4984 0 0 1 0 0 0 0 1 0 0 0 0 0 1 0 0 1 0 0 0 0.0
407 20 4048 0 0 0 0 0 0 0 1 1 0 0 0 0 0 0 0 0 0 1 0 0.0
408 20 3878 0 0 0 0 0 1 0 0 0 0 0 0 0 0 0 0 1 0 1 0 0.0
409 20 3848 0 0 0 1 0 0 0 0 0 0 0 0 0 0 0 0 0 0 1 1 0.0
410 20 4378 0 0 0 0 1 1 0 0 0 0 0 0 0 0 0 1 0 0 0 0 0.0
411 20 4655 0 0 0 0 0 0 0 0 1 1 1 0 0 0 0 0 1 0 0 0 0.0
412 20 4798 0 1 0 0 0 0 0 0 0 0 0 1 0 1 0 0 0 1 0 0 0.0
413 20 3602 0 0 0 0 0 1 0 0 0 0 0 0 0 0 0 0 1 0 0 1 0.0
414 20 4678 0 0 1 0 1 0 0 0 0 1 0 0 0 0 0 0 0 0 0 1 0.0
415 20 3879 0 0 0 0 1 0 1 0 0 0 1 0 0 0 0 0 0 0 0 1 0.0
416 20 2831 0 0 0 0 1 0 0 0 0 0 1 0 0 0 0 0 0 0 0 1 0.0
417 20 4053 1 1 0 0 0 0 0 0 0 0 1 1 0 0 0 0 0 0 0 0 0.0
418 20 3832 0 1 0 0 0 0 0 0 1 0 0 0 0 0 0 0 1 0 0 0 0.0
419 20 5023 0 0 0 0 0 0 0 0 1 0 1 0 0 0 0 0 0 1 1 0 0.0
420 20 3854 0 0 0 0 0 0 0 0 0 0 0 0 0 1 0 1 0 0 1 0 0.0
421 20 5542 1 0 0 0 0 1 0 0 0 0 0 0 0 1 0 1 0 0 0 0 0.0
422 20 5598 0 0 1 0 0 0 0 0 0 0 0 0 1 0 0 1 0 0 0 1 0.0
423 20 5003 1 0 0 0 1 0 1 0 0 0 0 0 0 0 1 0 0 0 0 0 0.0
424 20 3341 0 0 0 0 0 0 0 0 0 0 0 0 0 1 0 0 0 0 1 1 0.0
425 20 3676 0 0 0 0 0 1 0 0 0 0 0 1 0 0 0 0 1 0 0 0 0.0
426 20 4895 0 0 0 0 0 0 0 1 0 0 0 0 1 0 0 0 1 0 0 1 0.0
427 20 4385 0 0 0 0 0 0 0 1 0 0 0 0 0 0 0 1 0 1 0 0 0.0
428 20 4499 0 0 1 0 0 0 0 1 0 0 0 0 0 0 1 1 0 1 0 0 0.0
429 20 5862 1 0 0 1 0 0 0 0 0 0 0 0 1 0 1 0 0 0 0 1 0.0
430 20 4651 0 0 0 0 0 1 0 1 0 0 0 0 0 1 0 0 0 1 0 0 0.0
431 20 4040 0 0 0 0 1 0 0 0 0 0 0 0 0 0 1 1 0 0 0 0 0.0
432 20 4043 0 0 0 1 1 0 0 0 1 0 0 0 0 0 0 0 0 0 0 0 0.0
433 20 4983 0 1 0 1 0 0 1 0 0 1 0 0 0 0 0 1 0 0 0 0 0.0
434 20 4473 0 0 0 0 0 0 0 0 1 0 1 0 0 0 1 1 0 0 0 0 0.0
435 20 3795 1 1 0 0 0 0 0 0 0 1 0 0 0 0 0 0 0 0 0 0 0.0
436 20 4775 0 1 0 0 0 0 0 0 0 0 1 0 0 1 0 0 1 0 1 0 0.0
437 20 4957 0 1 1 0 0 0 0 0 0 0 1 0 0 1 0 0 0 0 0 0 0.0
438 20 5560 0 0 0 1 0 0 1 0 0 0 0 0 1 0 0 0 0 0 1 1 0.0
439 20 4877 0 0 0 0 0 0 0 1 1 0 0 0 0 0 0 0 0 1 1 0 0.0
440 20 5344 0 0 0 1 0 0 0 0 0 0 1 0 1 0 1 0 0 0 0 0 0.0
441 20 4163 1 0 0 1 0 0 0 0 0 0 0 0 0 1 0 0 0 0 0 0 0.0
442 20 4577 1 1 0 0 0 0 1 0 0 1 0 0 0 0 0 0 0 0 0 0 0.0
443 20 3559 0 0 0 0 0 0 0 0 0 0 0 1 1 0 1 0 0 0 0 0 0.0
444 20 3896 0 0 0 0 0 0 0 0 0 0 0 0 0 1 0 0 0 0 1 1 0.0
445 20 5568 0 0 1 0 0 0 1 0 0 0 0 0 0 0 1 1 1 0 0 0 0.0
446 20 3758 0 1 0 1 0 0 0 0 1 1 0 0 0 0 0 0 0 0 0 0 0.0
447 20 5136 1 0 0 0 0 0 1 0 0 0 1 0 0 0 0 1 0 1 0 0 0.0
448 20 4595 1 0 0 0 0 0 0 0 0 1 0 1 0 0 0 0 1 0 0 0 0.0
449 20 4904 0 0 0 1 0 1 0 0 0 0 0 0 0 0 0 0 0 1 0 1 0.0
450 20 4950 1 0 0 1 0 0 1 0 0 0 0 0 1 0 0 0 0 0 0 0 0.0
451 20 3669 0 0 0 0 0 0 0 0 0 0 1 0 1 1 0 0 0 0 1 0 0.0
452 20 4796 0 0 0 0 0 0 0 0 0 0 1 1 0 1 1 0 0 0 0 0 0.0
453 20 3635 0 0 0 0 0 0 1 0 0 0 0 0 0 0 1 1 0 0 0 0 0.0
454 20 5249 0 0 0 0 1 1 1 1 1 0 0 0 0 0 0 0 0 0 0 0 0.0
455 20 3998 0 0 1 1 0 0 0 0 0 0 0 0 0 0 1 1 0 0 0 0 0.0
456 20 4485 0 0 0 0 0 0 1 0 0 0 0 0 1 1 1 0 0 0 0 1 0.0
457 20 4005 0 0 0 0 0 0 0 0 0 0 0 0 1 1 0 0 1 1 0 0 0.0
458 20 3686 0 0 1 0 0 0 1 1 0 0 0 0 0 0 0 0 0 1 0 0 0.0
459 20 3906 0 0 0 0 1 0 0 0 0 1 0 0 1 0 0 0 0 0 0 0 0.0
460 20 5333 0 1 0 0 0 0 0 0 0 0 1 1 0 0 0 0 1 0 1 0 0.0
461 20 3296 0 0 0 0 0 1 1 0 0 0 0 0 0 1 0 0 0 0 0 0 0.0
462 20 3826 0 0 0 1 0 0 0 0 0 0 0 1 0 0 1 0 0 0 0 0 0.0
463 20 4421 0 0 0 0 0 1 0 0 0 1 0 0 0 0 1 0 0 1 0 0 0.0
464 20 3956 0 0 0 1 0 0 0 1 0 0 0 0 1 0 0 0 0 0 0 0 0.0
465 20 3946 0 0 0 0 0 0 0 0 1 0 0 1 1 0 0 0 0 0 0 0 0.0
466 20 2898 0 0 1 0 0 0 0 1 0 0 0 1 0 0 0 0 0 0 0 0 0.0
467 20 4109 0 0 0 1 0 1 0 0 1 0 0 0 0 0 0 1 0 0 0 0 0.0
468 20 5002 1 0 0 1 0 0 0 1 0 0 0 0 0 0 1 0 0 1 0 0 0.0
469 20 4357 0 1 0 1 0 0 0 0 0 0 0 0 0 1 0 1 0 0 0 0 0.0
470 20 3500 1 0 1 0 0 0 0 0 0 0 0 0 0 0 0 0 0 0 1 0 0.0
471 20 3650 0 0 0 0 0 0 0 0 0 1 0 0 1 0 0 0 0 0 1 0 0.0
472 20 5106 0 1 0 1 0 0 0 0 0 0 0 0 1 0 0 0 0 0 1 0 0.0
473 20 3879 0 1 0 0 0 0 1 0 0 0 0 0 0 0 0 0 0 0 1 1 0.0
474 20 4640 0 0 0 0 0 0 1 0 0 0 0 1 0 0 0 1 0 0 0 1 0.0
475 20 5280 0 0 0 0 0 1 1 1 1 0 0 0 0 0 0 0 0 0 0 1 0.0
476 20 5434 0 1 0 0 0 0 0 0 1 0 1 0 0 1 0 0 0 0 0 0 0.0
477 20 3555 1 0 0 0 0 0 0 0 0 0 0 0 0 1 1 0 1 0 0 0 0.0
478 20 4145 0 1 0 0 0 0 0 0 0 1 0 0 0 0 0 0 1 0 1 0 0.0
479 20 5553 0 0 0 0 1 0 1 0 0 0 0 0 0 0 0 1 0 1 0 1 0.0
480 20 3608 0 0 0 0 0 0 0 0 0 1 0 0 0 0 1 0 1 0 0 0 0.0
481 20 4290 0 0 0 0 1 1 0 0 0 0 0 1 0 0 1 0 0 0 0 0 0.0
482 20 3630 0 1 0 0 0 0 1 0 0 0 0 0 1 0 0 0 0 0 0 0 0.0
483 20 2667 0 0 0 0 0 0 0 0 0 0 0 0 0 0 1 0 0 1 0 0 0.0
484 20 3725 0 0 0 0 1 0 0 0 0 1 0 0 0 0 0 0 0 1 0 0 0.0
485 20 3492 0 0 1 0 0 0 0 0 0 0 1 0 0 0 0 1 1 0 0 0 0.0
486 20 4255 0 1 0 0 0 0 0 1 0 0 0 0 0 0 0 0 0 0 1 1 0.0
487 20 3178 0 0 0 0 0 1 0 1 0 0 1 1 0 0 0 0 0 0 0 0 0.0
488 20 4466 0 0 0 0 0 1 0 0 0 1 0 1 0 1 0 0 0 0 0 0 0.0
489 20 4314 0 0 0 0 0 0 0 0 0 0 0 1 0 0 0 0 1 1 0 1 0.0
490 20 5165 0 1 1 0 1 0 0 0 0 0 0 0 0 0 0 1 0 0 0 0 0.0
491 20 3830 0 0 0 0 0 0 1 0 0 0 1 0 0 1 1 0 0 0 0 0 0.0
492 20 5179 0 0 0 1 0 1 0 0 1 0 0 0 0 0 1 0 0 0 0 0 0.0
493 20 4962 0 0 0 0 0 0 0 1 1 0 0 0 0 0 1 0 0 0 1 0 0.0
494 20 5227 0 0 0 0 0 1 0 0 0 0 0 1 0 0 1 1 1 0 0 0 0.0
495 20 4757 0 0 0 0 0 1 0 0 0 0 0 0 1 0 0 0 1 0 1 0 0.0
496 20 5372 0 0 0 1 1 0 0 0 1 0 0 0 0 0 0 0 1 0 0 1 0.0
497 20 6040 0 0 1 0 1 0 0 0 0 0 0 0 1 0 0 1 0 1 0 0 0.0
498 20 5256 1 0 0 0 0 0 0 0 0 0 0 0 1 0 0 1 0 0 0 1 0.0
499 20 3250 0 0 0 1 0 1 0 0 0 0 0 0 0 0 0 0 0 0 1 0 0.0
500 20 4321 0 0 0 1 0 0 0 0 0 0 0 0 0 0 0 1 0 1 1 0 0.0
