1 20 1786 44 23 1 11 52 26 136 51 243 83 12 14 179 64 251 86 33 20 78 34 65 30 89 37 176 63 36 21 181 65 73 32 19 16 171 62 257 88 137 52
2 20 2449 271 92 286 96 185 66 294 98 170 61 9 13 27 18 9 13 233 80 164 60 155 57 198 70 141 53 220 76 60 28 146 54 183 65 27 19 121 47 163 59
3 20 2304 240 82 211 74 152 56 89 37 207 73 10 13 197 70 281 95 156 57 100 40 39 22 9 13 256 87 202 71 51 26 172 62 165 60 105 42 57 27 181 65
4 20 2328 192 68 237 82 50 25 281 95 18 16 250 85 249 85 21 17 106 42 88 37 197 69 223 77 49 25 264 89 159 58 71 32 59 28 203 71 103 41 90 37
5 20 2610 165 60 283 95 189 67 287 96 287 96 64 30 177 63 259 88 161 59 250 85 60 28 65 30 286 96 129 49 178 64 21 17 104 42 22 17 81 35 195 69
6 20 2542 213 74 211 74 75 33 26 18 289 97 144 53 182 65 223 77 137 51 235 81 226 78 208 73 92 38 213 74 244 84 14 15 135 51 223 77 46 24 42 23
7 20 2323 208 73 234 81 140 52 261 89 217 75 162 59 100 40 60 28 186 66 105 42 272 92 95 39 53 26 231 80 33 20 99 40 42 23 142 53 172 62 92 38
8 20 2649 246 84 222 77 31 20 285 96 200 70 15 15 97 39 295 99 114 45 239 82 66 30 30 19 193 68 118 46 79 34 280 94 151 56 94 39 279 94 278 94
9 20 2792 132 50 202 71 192 68 283 95 290 97 63 29 61 29 173 62 241 83 231 80 233 80 220 76 21 17 252 86 69 31 186 66 146 54 31 20 233 80 232 80
10 20 2600 266 90 232 80 272 92 29 19 260 88 192 68 123 47 166 60 56 27 78 34 124 48 49 25 189 67 49 25 227 78 81 35 115 45 266 90 238 82 239 82
11 20 2532 20 16 30 19 143 53 57 27 272 92 168 61 235 81 191 68 208 73 143 53 262 89 120 46 231 80 40 22 220 76 231 80 176 63 19 16 115 45 285 96
12 20 2436 38 22 192 68 137 51 80 34 239 82 85 36 131 50 203 71 13 14 267 91 194 69 159 58 276 93 70 31 191 68 194 69 264 89 98 40 17 16 198 70
13 20 2831 173 62 173 62 243 83 198 70 73 32 103 41 35 21 180 64 151 56 259 88 294 99 226 78 193 68 256 87 176 63 93 38 210 73 248 85 142 53 113 44
14 20 2909 103 41 85 36 255 87 51 26 174 63 280 94 59 28 297 100 212 74 80 34 156 57 120 46 151 56 291 98 294 99 138 52 298 100 56 27 274 92 263 89
15 20 2348 127 49 56 27 70 31 68 31 90 37 139 52 67 31 131 50 284 95 66 30 233 80 123 47 74 32 283 95 23 17 273 92 96 39 199 70 275 93 258 88
16 20 2188 24 18 91 38 116 45 211 74 30 19 55 27 213 74 154 56 85 36 248 85 114 45 190 67 162 59 253 86 138 52 278 94 107 42 3 11 21 17 242 83
17 20 2028 168 61 100 40 109 43 160 58 67 31 135 51 190 67 48 25 89 37 159 58 61 29 295 99 87 36 135 51 237 81 26 18 37 22 236 81 50 25 147 55
18 20 2566 247 85 22 17 144 54 16 15 243 83 247 84 121 47 141 53 136 51 258 88 254 86 36 21 297 100 214 74 121 47 244 84 185 66 134 50 77 34 71 32
19 20 2239 89 37 122 47 73 32 279 94 267 91 284 96 201 71 150 55 94 39 52 26 19 16 68 31 116 45 45 24 36 21 153 56 242 83 261 89 98 40 150 55
20 20 2284 237 81 132 50 211 74 241 83 116 45 216 75 27 18 83 35 36 21 133 50 297 100 90 37 172 62 33 20 79 34 182 65 121 47 71 32 264 90 114 44
21 20 2296 116 45 289 97 187 66 139 52 150 55 13 14 198 70 3 11 279 94 73 32 81 35 99 40 105 42 203 71 273 92 89 37 78 34 298 100 102 41 95 39
22 20 2148 2 11 284 96 171 62 193 68 96 39 280 94 51 26 43 23 85 36 174 63 276 93 256 87 17 15 87 36 245 84 28 19 18 16 11 14 76 33 293 98
23 20 2382 118 46 180 64 5 12 83 35 58 28 224 78 241 83 269 91 300 100 98 40 2 11 237 81 129 49 270 91 114 45 78 34 63 29 190 67 30 19 289 97
24 20 2385 198 70 2 11 100 40 129 49 233 80 95 39 97 40 295 99 257 87 1 11 62 29 279 94 161 59 147 54 22 17 45 24 160 58 212 74 235 81 252 86
25 20 2463 105 42 20 16 289 97 181 65 36 21 232 80 168 61 46 24 190 67 269 91 263 89 142 53 116 45 84 35 251 86 142 53 151 56 67 30 97 39 230 79
26 20 2838 58 28 43 23 194 69 260 88 292 98 178 64 265 90 53 26 178 64 135 51 46 24 266 90 196 69 272 92 142 53 91 38 287 96 113 44 300 100 179 64
27 20 2127 145 54 198 70 25 18 202 71 230 79 177 64 50 25 287 97 57 27 69 31 75 33 158 58 52 26 149 55 289 97 142 53 46 24 126 48 50 25 132 50
28 20 2792 152 56 179 64 88 37 63 29 116 45 274 93 129 49 127 48 231 80 36 21 245 84 109 43 234 81 277 93 210 73 190 67 269 91 240 82 51 26 270 91
29 20 2730 256 87 237 81 125 48 123 47 30 19 113 44 209 73 132 50 270 91 217 76 118 46 45 24 221 77 248 85 161 59 264 89 49 25 288 97 35 21 272 92
30 20 2496 1 11 226 78 240 82 125 48 260 88 280 94 23 17 275 93 96 39 72 32 214 74 17 15 124 48 282 95 281 95 252 86 179 64 12 14 60 28 101 41
31 20 2172 95 39 207 72 260 88 4 11 258 88 1 11 113 44 70 31 90 37 89 37 49 25 234 81 60 28 271 92 237 81 51 26 60 28 197 70 135 51 235 81
32 20 2013 50 25 119 46 71 32 124 47 28 19 124 48 90 37 18 16 237 82 123 47 125 48 287 96 58 28 170 61 5 12 240 82 294 99 84 36 227 78 43 23
33 20 2684 129 49 82 35 188 67 261 89 238 82 273 92 154 57 140 52 226 78 90 37 222 77 108 43 163 59 291 98 105 42 184 66 10 13 138 52 259 88 95 39
34 20 2465 173 62 11 14 40 22 170 61 280 94 121 47 257 88 262 89 207 72 139 52 268 91 185 66 61 29 55 27 136 51 6 12 215 75 158 58 189 67 149 55
35 20 2140 136 51 28 19 186 66 157 57 124 47 82 35 278 94 159 58 36 21 231 80 73 32 10 13 218 76 32 20 158 58 57 27 234 81 171 62 13 14 293 98
36 20 2170 154 56 273 92 287 96 43 23 187 66 44 23 152 56 110 43 154 57 280 94 95 39 23 17 178 64 53 26 39 22 225 78 107 42 86 36 65 30 158 58
37 20 2709 12 14 261 89 141 53 255 87 199 70 278 94 246 84 137 52 221 77 250 85 274 93 43 23 235 81 209 73 152 56 79 34 69 31 96 39 138 52 92 38
38 20 2580 265 90 272 92 11 14 159 58 274 93 109 43 69 31 20 16 227 79 171 62 284 96 244 84 216 75 71 32 79 34 131 50 39 22 200 70 112 44 272 92
39 20 1854 168 61 17 16 115 45 2 11 142 53 13 14 263 89 113 44 110 43 152 56 140 52 182 65 129 49 56 27 232 80 151 56 81 35 6 12 48 25 198 70
40 20 2517 255 87 20 16 75 33 35 21 252 86 292 98 79 34 126 48 261 89 245 84 285 96 172 62 270 91 184 66 37 21 37 22 140 52 74 33 162 59 146 54
41 20 2619 18 16 202 71 93 38 50 25 84 36 171 62 299 100 207 72 71 32 48 25 262 89 223 77 297 100 197 69 285 96 180 64 24 17 196 69 159 58 208 73
42 20 2779 129 49 149 55 221 77 22 17 254 87 78 34 215 75 275 93 244 84 265 90 112 44 88 37 291 98 69 31 290 97 159 58 270 91 179 64 139 52 25 18
43 20 2006 196 69 207 72 24 18 203 71 17 16 192 68 1 11 97 39 130 49 166 60 8 13 77 33 156 57 227 79 108 43 6 12 233 80 6 12 246 84 208 73
44 20 2646 213 74 192 68 291 98 2 11 196 69 291 98 75 33 36 21 81 35 183 65 28 19 226 78 298 100 25 18 111 44 172 62 298 100 113 44 282 95 195 69
45 20 2396 3 11 155 57 30 19 270 91 87 36 221 77 137 52 278 94 23 17 10 13 186 66 146 54 283 95 85 36 221 77 261 89 215 75 147 54 230 79 8 13
46 20 2680 217 75 177 63 90 37 123 47 173 62 268 91 231 80 41 23 159 58 95 39 214 75 294 99 40 22 233 80 34 21 189 67 187 67 116 45 190 67 280 94
47 20 2307 223 77 41 23 141 53 263 89 273 92 158 58 37 21 149 55 98 40 232 80 39 22 245 84 293 98 161 59 148 55 41 23 122 47 179 64 11 14 30 19
48 20 2611 94 38 238 82 36 21 258 88 71 32 118 46 160 58 96 39 278 94 249 85 226 78 205 72 166 60 128 49 280 94 89 37 51 26 290 97 120 46 111 44
49 20 2533 299 100 5 12 115 45 252 86 135 51 99 40 144 54 169 61 163 59 291 98 162 59 166 60 87 36 42 23 6 12 162 59 261 89 238 82 73 32 298 100
50 20 2760 92 38 135 51 260 88 292 98 35 21 251 86 25 18 140 52 193 68 101 41 26 18 246 84 154 57 273 92 117 45 280 94 47 24 300 100 249 85 235 81
51 20 2355 265 90 294 98 136 51 110 43 111 44 27 18 260 88 229 79 37 22 134 51 117 46 5 12 240 82 66 30 11 14 283 95 230 79 262 89 50 25 77 33
52 20 2252 280 94 137 52 7 13 161 59 150 55 202 71 227 78 6 12 118 46 87 36 191 68 116 45 216 75 138 52 105 42 120 46 64 30 257 88 4 12 230 79
53 20 2870 124 47 137 52 270 91 298 100 174 63 142 53 54 27 236 81 215 75 278 94 43 23 273 92 50 25 197 70 251 86 19 16 255 87 102 41 267 90 203 71
54 20 2053 126 48 88 37 47 25 149 55 60 28 152 56 237 82 216 75 98 40 90 37 198 70 192 68 27 19 270 91 26 18 105 42 103 41 122 47 132 50 129 49
55 20 2708 212 74 256 87 39 22 204 72 286 96 17 16 16 15 275 93 140 52 222 77 60 28 273 92 145 54 36 21 284 96 159 58 262 89 24 18 279 94 197 69
56 20 2621 275 93 269 91 34 20 252 86 115 45 121 47 252 86 255 87 200 70 137 51 42 23 153 56 251 86 276 93 290 97 38 22 107 42 52 26 156 57 2 11
57 20 2029 174 62 31 20 67 30 221 77 91 38 259 88 25 18 287 97 160 58 42 23 274 93 211 74 136 51 104 41 47 25 67 30 145 54 128 49 23 17 45 24
58 20 2700 136 51 277 93 39 22 151 56 101 41 232 80 165 60 108 43 157 57 182 65 173 62 90 37 162 59 209 73 95 39 212 74 188 67 285 96 297 99 117 46
59 20 2468 33 20 257 87 138 52 219 76 82 35 151 56 146 54 145 54 153 56 110 43 237 81 23 17 293 98 35 21 204 71 193 68 55 27 221 77 241 83 150 55
60 20 2465 176 63 115 45 108 43 141 53 192 68 143 53 291 98 90 37 127 48 179 64 226 78 57 27 7 12 210 73 101 41 284 96 185 66 35 21 298 100 117 45
61 20 2353 43 23 82 35 257 87 68 31 34 21 35 21 218 76 33 20 242 83 194 69 248 85 112 44 298 100 132 50 203 71 155 57 169 61 227 78 182 65 10 13
62 20 2727 47 25 178 64 11 14 167 60 237 82 248 85 198 70 209 73 104 42 97 39 174 63 179 64 300 100 230 79 2 11 115 45 278 94 226 78 175 63 234 81
63 20 2340 16 15 121 47 4 11 191 68 47 24 212 74 276 93 76 33 235 81 187 66 269 91 162 59 65 30 74 32 190 67 276 93 176 63 147 55 8 13 194 68
64 20 2064 56 27 274 93 37 22 54 27 227 78 130 49 14 15 91 38 165 60 293 98 201 71 29 19 154 57 30 19 294 99 119 46 51 26 27 19 252 86 82 35
65 20 2570 75 33 79 34 60 28 228 79 219 76 212 74 243 83 225 78 187 67 55 27 54 27 77 33 112 44 145 54 291 98 118 46 298 100 300 100 140 52 95 39
66 20 2310 178 64 168 61 67 30 33 20 46 24 57 27 12 14 205 72 269 91 155 57 16 15 106 42 218 76 272 92 104 42 163 59 206 72 142 53 216 75 255 87
67 20 2268 143 53 155 57 25 18 59 28 228 79 181 65 285 96 219 76 95 39 16 15 232 80 264 90 95 39 119 46 24 18 153 56 162 59 239 82 3 11 138 52
68 20 2461 180 64 110 43 200 70 104 42 250 85 128 49 38 22 77 34 297 99 170 61 218 76 139 52 54 27 239 82 213 74 26 18 63 29 74 33 294 98 203 71
69 20 1989 56 27 160 58 74 32 192 68 38 22 118 46 155 57 247 85 110 43 172 62 12 14 164 60 1 11 135 51 193 68 78 34 176 63 92 38 74 33 240 82
70 20 2684 227 79 214 75 167 60 98 40 203 71 238 82 294 99 291 98 50 25 276 93 275 93 44 24 108 43 140 52 63 29 63 29 84 36 221 77 293 98 7 12
71 20 2328 201 71 174 63 285 96 114 44 111 44 137 51 56 27 134 51 24 18 60 28 139 52 191 68 283 95 247 85 66 30 212 74 90 37 40 22 158 58 189 67
72 20 2064 223 77 111 44 72 32 32 20 77 33 165 60 222 77 5 12 182 65 197 69 17 15 147 55 74 32 116 45 69 31 263 89 198 70 211 74 148 55 51 26
73 20 2582 56 27 272 92 141 53 284 96 280 94 253 86 170 61 160 58 264 90 182 65 6 12 91 38 51 26 271 92 299 100 240 82 49 25 125 48 31 20 3 11
74 20 2819 292 98 53 26 293 98 288 97 185 66 47 24 289 97 211 74 147 55 244 84 112 44 21 17 282 95 5 12 189 67 225 78 165 60 70 31 162 59 244 84
75 20 2626 16 15 254 87 193 68 263 89 124 47 241 83 98 40 188 67 289 97 105 42 13 14 45 24 83 35 288 97 217 75 190 67 81 35 193 68 274 93 128 49
76 20 1779 286 96 110 43 12 14 18 16 124 47 234 81 157 58 120 46 91 38 88 37 77 34 36 21 212 74 54 27 111 44 261 89 10 13 13 14 148 55 62 29
77 20 2707 179 64 255 87 73 32 262 89 264 90 140 52 208 73 110 43 68 31 282 95 118 46 126 48 276 93 154 56 163 59 150 55 237 82 252 86 12 14 55 27
78 20 2120 120 46 146 54 221 77 26 18 59 28 124 48 101 41 265 90 105 42 83 35 280 94 276 93 1 11 166 60 146 54 99 40 16 15 192 68 218 76 7 12
79 20 2225 243 83 46 24 122 47 166 60 136 51 64 30 40 22 58 28 15 15 78 34 97 39 203 71 54 27 171 62 156 57 185 66 275 93 295 99 266 90 112 44
80 20 2448 190 67 207 72 66 30 241 83 131 50 295 99 42 23 240 82 114 45 131 50 192 68 42 23 150 55 214 74 101 41 188 67 190 67 220 76 42 23 64 29
81 20 2219 229 79 295 99 137 52 242 83 17 16 241 83 217 75 199 70 77 33 195 69 69 31 76 33 125 48 3 11 168 61 120 46 93 38 5 12 80 34 186 66
82 20 2609 286 96 244 84 61 29 191 68 206 72 91 38 31 20 266 90 294 99 113 44 116 45 168 61 205 72 65 30 61 29 69 31 171 62 182 65 278 94 164 60
83 20 2551 129 49 47 24 283 95 224 78 300 100 139 52 289 97 233 80 6 12 111 44 260 88 122 47 15 15 148 55 226 78 114 45 176 63 248 85 4 11 115 45
84 20 2184 14 14 142 53 10 13 35 21 122 47 150 55 175 63 274 93 224 77 144 53 135 51 223 77 64 30 105 42 153 56 281 95 103 41 187 66 54 27 135 51
85 20 2892 244 84 272 92 169 61 283 95 95 39 253 86 65 30 210 73 232 80 211 74 10 13 270 91 119 46 228 79 185 66 257 87 25 18 162 59 147 55 179 64
86 20 2172 40 22 61 29 120 46 54 27 252 86 123 47 116 45 141 53 294 99 19 16 230 79 46 24 21 17 215 75 162 59 76 33 277 94 136 51 232 80 100 40
87 20 2301 282 95 65 30 7 13 240 82 77 34 43 23 300 100 212 74 231 80 263 89 249 85 48 25 110 43 60 28 13 14 259 88 49 25 129 49 100 40 140 52
88 20 2275 183 65 2 11 256 87 241 83 279 94 180 64 195 69 15 15 15 15 128 49 266 90 229 79 57 28 255 87 128 49 121 47 111 44 99 40 82 35 2 11
89 20 2168 14 14 103 41 21 17 176 63 247 85 182 65 196 69 95 39 155 57 102 41 87 37 97 39 190 67 245 84 3 11 135 51 119 46 143 53 239 82 162 59
90 20 2190 177 63 181 65 112 44 85 36 78 34 84 36 120 46 270 91 37 22 7 12 113 44 238 82 152 56 183 65 192 68 130 49 149 55 272 92 47 24 111 44
91 20 2414 237 81 214 75 79 34 234 80 248 85 12 14 98 40 133 50 186 66 102 41 98 40 30 19 292 98 126 48 248 85 199 70 111 44 20 16 166 60 185 66
92 20 2639 218 76 272 92 37 21 224 78 248 85 116 45 81 35 260 88 139 52 19 16 290 97 254 87 2 11 84 36 170 61 271 92 151 56 154 56 30 19 279 94
93 20 2225 96 39 14 15 28 19 298 100 131 50 63 29 192 68 34 21 269 91 173 62 81 35 16 15 185 66 48 25 174 62 209 73 292 98 59 28 252 86 168 61
94 20 2186 253 86 58 28 219 76 3 11 104 41 200 70 189 67 48 25 45 24 297 99 196 69 228 79 112 44 39 22 289 97 88 37 211 74 56 27 33 20 65 30
95 20 2289 199 70 230 79 29 19 288 97 103 41 163 59 4 11 142 53 261 89 152 56 269 91 180 64 157 57 56 27 110 43 234 81 26 18 25 18 137 51 97 39
96 20 2184 42 23 135 51 54 27 2 11 155 57 53 26 215 75 275 93 190 67 91 38 168 61 274 92 159 58 129 49 55 27 143 53 214 75 22 17 215 75 139 52
97 20 2001 161 59 130 49 16 15 206 72 135 51 241 83 161 59 196 69 165 60 3 11 164 59 49 25 152 56 123 47 199 70 122 47 214 74 17 15 4 12 44 24
98 20 2625 259 88 129 49 224 78 264 90 75 33 18 16 38 22 255 87 23 17 104 42 50 25 209 73 240 82 117 46 267 91 242 83 295 99 162 59 23 17 288 97
99 20 2382 196 69 203 71 60 28 10 13 260 88 243 83 89 37 64 30 298 100 66 30 195 69 176 63 108 43 229 79 244 83 91 38 29 19 77 34 119 46 221 77
100 20 2580 223 77 289 97 222 77 281 95 36 21 78 34 182 65 11 14 252 86 28 19 213 74 31 20 207 72 213 74 182 65 188 67 22 17 202 71 125 48 241 83
101 20 2704 122 47 210 73 286 96 169 61 143 53 250 85 243 83 147 54 70 31 101 41 254 86 73 32 125 48 145 54 256 87 193 68 88 37 24 17 242 83 240 82
102 20 2348 279 94 60 28 32 20 60 28 192 68 108 43 167 61 220 76 119 46 103 41 84 36 53 26 139 52 199 70 201 71 248 85 253 86 84 36 133 50 201 71
103 20 2716 129 49 176 63 173 62 78 34 1 11 280 94 295 99 267 90 99 40 253 86 245 84 170 61 231 80 10 13 170 61 259 88 109 43 37 22 165 60 249 85
104 20 2608 137 51 107 43 174 63 115 45 170 61 226 78 175 63 37 21 163 59 262 89 264 90 168 61 281 95 214 74 252 86 245 84 3 11 61 29 43 23 164 60
105 20 2540 233 80 176 63 121 47 95 39 128 49 116 45 244 84 5 12 300 100 203 71 210 73 43 23 62 29 171 62 49 25 213 74 94 39 232 80 264 89 217 76
106 20 2506 223 77 202 71 205 72 140 52 45 24 152 56 108 43 244 84 116 45 63 29 224 78 118 46 212 74 239 82 36 21 1 11 258 88 164 59 156 57 227 79
107 20 2256 284 95 144 54 87 36 45 24 40 22 180 64 216 75 209 73 105 42 17 16 267 91 38 22 11 14 203 71 122 47 27 18 219 76 164 60 284 96 159 58
108 20 2414 53 26 168 61 155 57 186 66 118 46 165 60 286 96 198 70 260 88 75 33 171 62 6 12 110 43 102 41 113 44 127 49 100 40 187 67 258 88 180 64
109 20 1885 207 72 38 22 15 15 239 82 94 38 45 24 216 75 56 27 101 41 266 90 19 16 292 98 76 33 266 90 28 19 48 25 186 66 44 23 32 20 89 37
110 20 2165 154 57 296 99 255 87 116 45 61 29 1 11 296 99 28 19 34 21 20 16 95 39 54 26 196 69 122 47 258 88 99 40 92 38 187 66 119 46 224 77
111 20 2076 52 26 133 50 263 89 47 24 154 56 86 36 101 41 1 11 200 70 201 71 144 53 152 56 134 51 286 96 45 24 102 41 151 56 83 35 145 54 116 45
112 20 2460 108 43 46 24 109 43 161 59 258 88 100 40 66 30 299 100 117 45 249 85 159 58 223 77 148 55 108 43 276 93 6 12 134 51 244 83 11 14 254 86
113 20 2420 195 69 113 44 213 74 209 73 176 63 215 75 172 62 66 30 90 37 114 44 1 11 47 24 238 82 110 43 171 62 256 87 213 74 257 87 114 44 55 27
114 20 2244 109 43 84 36 163 59 293 98 214 75 53 26 194 69 133 50 272 92 281 95 282 95 150 55 41 23 26 18 67 30 137 52 129 49 103 41 37 21 38 22
115 20 2835 299 100 187 66 215 75 126 48 184 66 88 37 189 67 201 71 149 55 267 90 76 33 226 78 174 63 255 87 49 25 97 40 142 53 203 71 269 91 148 55
116 20 2341 37 21 125 48 271 92 268 91 299 100 298 100 90 37 157 57 7 13 75 33 108 43 70 31 104 42 74 33 139 52 72 32 156 57 232 80 254 86 91 38
117 20 2485 144 53 109 43 271 92 258 88 182 65 65 30 230 79 239 82 130 49 21 17 247 84 93 38 269 91 62 29 47 25 146 54 43 23 131 50 290 97 130 49
118 20 2392 223 77 210 73 246 84 141 53 141 53 74 33 55 27 93 38 176 63 267 90 22 17 180 64 2 11 131 50 191 68 92 38 195 69 164 59 267 90 121 47
119 20 2264 216 75 75 33 272 92 192 68 71 32 97 39 277 94 295 99 128 49 87 36 161 59 12 14 91 38 194 68 228 79 83 35 1 11 27 18 76 33 248 85
120 20 2703 222 77 234 81 48 25 129 49 17 15 54 27 293 98 227 78 207 73 231 80 114 45 214 74 144 53 128 49 247 85 258 88 79 34 119 46 221 77 193 68
121 20 1920 113 44 80 34 172 62 258 88 49 25 105 42 284 96 119 46 70 31 25 18 234 81 10 13 280 94 106 42 267 90 9 13 37 21 38 22 37 21 108 43
122 20 2524 285 96 87 36 297 100 242 83 70 31 134 50 299 100 273 92 72 32 161 59 218 76 213 74 193 68 6 12 23 17 200 70 33 20 13 14 288 97 49 25
123 20 2646 157 57 70 31 264 90 177 63 200 70 256 87 85 36 299 100 294 99 69 31 259 88 229 79 195 69 78 34 246 84 127 48 53 26 67 30 109 43 74 33
124 20 2202 40 22 134 50 4 11 171 62 168 61 143 53 80 34 126 48 146 54 195 69 182 65 35 21 169 61 155 57 281 95 83 35 9 13 268 91 190 67 174 63
125 20 2304 6 12 81 35 146 54 223 77 118 46 127 48 208 73 99 40 272 92 198 70 232 80 195 69 115 45 166 60 55 27 185 66 221 77 55 27 44 23 134 50
126 20 2541 152 56 278 94 271 92 94 38 205 72 107 43 139 52 117 45 287 96 38 22 138 52 179 64 60 28 163 59 108 43 264 89 234 81 68 31 142 53 133 50
127 20 1796 161 59 278 94 178 64 208 73 4 12 164 60 66 30 48 25 143 53 173 62 164 60 101 41 55 27 87 36 37 21 23 17 46 24 178 64 101 41 31 20
128 20 2284 228 79 37 21 250 85 94 39 70 31 151 56 30 19 100 40 131 50 65 30 47 24 92 38 136 51 243 83 255 87 206 72 252 86 68 31 255 87 146 54
129 20 2043 37 22 30 19 123 47 130 49 16 15 235 81 199 70 189 67 83 35 127 49 186 66 11 14 203 71 41 23 275 93 271 92 45 24 108 43 219 76 26 18
130 20 2399 283 95 238 82 193 68 245 84 279 94 21 17 130 49 44 24 83 35 265 90 9 13 114 44 29 19 37 21 178 64 70 31 203 71 56 27 281 95 241 83
131 20 2973 292 98 276 93 221 77 50 25 111 44 189 67 239 82 191 68 138 52 275 93 189 67 3 11 225 78 232 80 206 72 20 16 300 100 195 69 230 79 135 51
132 20 2259 203 71 179 64 53 26 80 34 258 88 30 19 42 23 227 79 148 55 283 95 297 100 113 44 43 23 121 47 150 55 106 42 30 19 251 86 185 66 25 18
133 20 2783 299 100 242 83 270 91 144 54 106 42 99 40 118 46 217 76 217 75 47 24 213 74 17 15 284 95 228 79 250 85 235 81 151 56 70 31 31 20 241 83
134 20 2241 40 22 292 98 131 50 89 37 128 49 179 64 101 41 260 88 79 34 61 29 288 97 145 54 54 27 82 35 143 53 106 42 273 92 145 54 18 16 188 67
135 20 2312 289 97 50 25 95 39 30 19 243 83 245 84 45 24 186 66 32 20 240 82 90 37 240 82 4 11 227 79 167 60 299 100 19 16 260 88 40 22 89 37
136 20 2600 28 19 133 50 80 34 64 30 191 68 300 100 273 92 285 96 20 16 18 16 31 20 248 85 263 89 27 18 255 87 153 56 286 96 277 93 293 98 25 18
137 20 2387 270 91 96 39 229 79 112 44 225 78 35 21 14 15 199 70 168 61 287 96 245 84 56 27 80 34 8 13 77 33 268 91 188 67 200 70 59 28 168 61
138 20 2194 162 59 157 57 191 68 2 11 216 75 44 24 147 54 103 41 267 91 18 16 229 79 106 42 99 40 124 47 118 46 246 84 72 32 207 73 41 23 194 69
139 20 2540 117 45 281 95 102 41 32 20 70 31 76 33 209 73 201 71 259 88 102 41 175 63 113 44 260 88 105 42 173 62 127 48 294 99 241 83 15 15 223 77
140 20 2523 291 98 289 97 250 85 211 74 123 47 161 59 60 28 154 57 95 39 41 23 17 15 84 36 70 31 85 36 223 77 3 11 292 98 181 65 238 82 286 96
141 20 2626 128 49 90 37 84 35 216 75 201 71 256 87 250 85 197 70 266 90 47 24 114 45 168 61 285 96 201 71 175 63 44 24 87 36 49 25 153 56 272 92
142 20 2566 192 68 23 17 41 23 136 51 12 14 231 80 283 95 262 89 195 69 232 80 290 97 257 88 151 56 136 51 146 54 165 60 179 64 110 43 6 12 161 59
143 20 2403 293 98 32 20 294 99 283 95 178 64 202 71 23 17 198 70 119 46 73 32 229 79 65 30 245 84 289 97 141 53 56 27 73 32 118 46 10 13 83 35
144 20 2094 21 17 12 14 86 36 63 29 35 21 164 60 214 74 48 25 179 64 290 97 259 88 193 68 151 56 73 32 2 11 122 47 146 54 40 22 293 98 227 78
145 20 2429 257 88 71 32 71 32 236 81 243 83 237 82 63 29 63 29 102 41 244 84 4 12 162 59 64 30 89 37 136 51 263 89 156 57 280 94 29 19 267 91
146 20 2540 186 66 281 95 126 48 41 23 283 95 212 74 271 92 12 14 179 64 57 27 213 74 189 67 274 93 54 26 115 45 121 47 44 23 233 80 237 81 47 24
147 20 2154 248 85 89 37 185 66 240 82 162 59 161 59 146 54 39 22 12 14 40 22 171 62 147 54 272 92 99 40 213 74 119 46 55 27 20 16 105 42 170 61
148 20 2763 186 66 37 22 210 73 56 27 185 66 86 36 47 24 284 96 195 69 210 73 299 100 203 71 189 67 243 83 182 65 174 62 228 79 144 54 267 90 29 19
149 20 2936 208 73 217 76 279 94 138 52 243 83 170 61 178 64 251 86 126 48 24 18 189 67 134 51 108 43 171 62 266 90 191 68 234 81 123 47 236 81 184 66
150 20 2526 170 61 208 73 38 22 272 92 63 29 154 56 245 84 273 92 123 47 239 82 40 22 271 92 164 59 211 74 74 33 156 57 170 61 130 49 5 12 152 56
151 20 2593 216 75 286 96 158 58 7 13 133 50 268 91 236 81 36 21 221 77 102 41 235 81 291 98 145 54 84 36 165 60 108 43 213 74 158 58 90 37 90 37
152 20 2387 13 14 280 94 115 45 282 95 152 56 243 83 231 80 291 98 1 11 167 61 199 70 50 25 31 20 209 73 45 24 228 79 130 49 236 81 68 31 13 14
153 20 2080 115 45 63 29 133 50 24 18 194 69 37 21 266 90 218 76 5 12 120 46 121 47 245 84 168 61 164 60 94 38 265 90 121 47 30 19 78 34 140 52
154 20 2112 144 53 185 66 234 81 41 23 138 52 117 45 70 31 93 38 138 52 181 65 196 69 120 46 70 31 210 73 129 49 35 21 59 28 184 65 128 49 168 61
155 20 2432 138 52 168 61 248 85 46 24 254 87 106 42 287 96 1 11 187 66 288 97 136 51 24 18 25 18 263 89 78 34 176 63 20 16 272 92 121 47 203 71
156 20 2351 241 83 139 52 39 22 237 82 85 36 91 38 121 47 29 19 42 23 286 96 8 13 25 18 195 69 58 28 156 57 208 73 271 92 260 88 231 80 217 76
157 20 2250 95 39 48 25 34 21 274 93 10 13 138 52 209 73 262 89 219 76 65 30 103 41 147 55 123 47 194 68 70 31 84 35 199 70 206 72 142 53 191 68
158 20 2291 214 74 224 78 52 26 99 40 128 49 197 69 76 33 146 54 115 45 106 42 287 97 74 32 84 35 288 97 86 36 142 53 96 39 237 81 192 68 21 17
159 20 2467 241 83 143 53 223 77 208 73 75 33 1 11 180 64 228 79 37 22 236 81 152 56 93 38 185 66 70 31 285 96 219 76 160 58 111 44 36 21 201 71
160 20 2965 57 28 294 99 292 98 260 88 13 14 252 86 172 62 272 92 298 100 209 73 86 36 232 80 239 82 240 82 274 92 94 38 44 23 141 53 199 70 39 22
161 20 1830 191 68 17 15 43 23 239 82 228 79 219 76 34 21 53 26 238 82 26 18 300 100 25 18 34 21 79 34 13 14 92 38 108 43 249 85 82 35 18 16
162 20 1936 201 71 183 65 287 96 233 80 3 11 149 55 54 27 72 32 296 99 237 81 124 47 68 31 138 52 111 44 34 21 72 32 105 42 1 11 38 22 14 14
163 20 2254 8 13 78 34 11 14 19 16 236 81 182 65 282 95 174 62 85 36 300 100 15 15 120 46 260 88 92 38 174 62 130 49 200 70 146 54 128 49 178 64
164 20 2783 230 79 289 97 213 74 93 38 15 15 37 21 87 36 239 82 242 83 279 94 210 73 183 65 204 71 247 84 225 78 47 25 243 83 234 81 96 39 66 30
165 20 1891 155 57 165 60 49 25 62 29 151 56 14 14 195 69 207 73 76 33 165 60 81 35 75 33 10 13 172 62 62 29 49 25 234 80 95 39 227 78 120 46
166 20 2942 299 100 132 50 293 98 208 73 27 18 275 93 230 79 98 40 116 45 258 88 275 93 258 88 219 76 58 28 15 15 198 70 287 96 84 35 96 39 252 86
167 20 2250 3 11 230 79 103 41 24 18 61 29 170 61 219 76 248 85 135 51 170 61 93 38 155 57 106 42 227 79 228 79 58 28 187 66 111 44 184 66 101 41
168 20 3072 234 81 122 47 271 92 271 92 210 73 292 98 87 36 246 84 228 79 218 76 134 51 214 75 296 99 28 19 279 94 71 32 158 58 241 83 180 64 61 29
169 20 2788 202 71 99 40 276 93 235 81 191 68 274 93 33 20 44 24 204 72 33 20 140 52 243 83 85 36 290 97 240 82 18 16 214 75 262 89 157 57 245 84
170 20 2723 264 90 291 98 209 73 288 97 191 68 31 20 137 51 203 71 65 30 257 88 23 17 48 25 268 91 98 40 26 18 295 99 276 93 23 17 281 95 130 49
171 20 2771 180 64 25 18 198 70 192 68 193 68 162 59 152 56 33 20 153 56 259 88 216 75 150 55 262 89 130 49 32 20 172 62 260 88 152 56 260 88 283 95
172 20 2379 88 37 113 44 159 58 245 84 161 59 53 26 229 79 167 61 174 62 220 76 242 83 137 51 221 77 47 24 18 16 230 79 241 83 74 33 153 56 2 11
173 20 2168 230 79 51 26 203 71 15 15 10 13 250 85 273 92 286 96 77 33 14 15 51 26 2 11 249 85 25 18 139 52 126 48 188 67 222 77 48 25 252 86
174 20 2118 224 78 270 91 177 63 60 28 78 34 193 68 84 35 137 52 127 48 23 17 161 59 111 44 32 20 216 75 256 87 63 29 77 34 125 48 121 47 113 44
175 20 2163 143 53 164 59 194 69 226 78 188 67 107 42 61 29 50 25 95 39 242 83 186 66 42 23 131 50 21 17 146 54 274 93 79 34 34 21 249 85 72 32
176 20 1997 16 15 16 15 288 97 72 32 72 32 48 25 200 70 97 39 285 96 28 19 142 53 55 27 212 74 65 30 271 92 64 29 41 23 182 65 254 87 89 37
177 20 3013 272 92 249 85 285 96 181 65 88 37 45 24 258 88 46 24 241 83 139 52 90 37 270 91 180 64 199 70 32 20 245 84 248 85 214 75 271 92 214 74
178 20 2698 18 16 69 31 190 67 282 95 209 73 110 43 240 82 47 24 237 81 269 91 263 89 160 58 26 18 180 64 145 54 236 81 253 86 44 24 170 61 225 78
179 20 2731 130 49 133 50 265 90 62 29 289 97 123 47 56 27 46 24 240 82 261 89 138 52 255 87 220 76 179 64 142 53 202 71 225 78 291 98 24 18 133 50
180 20 2705 58 28 171 62 42 23 67 30 283 95 123 47 164 60 118 46 183 65 279 94 87 36 210 73 89 37 212 74 293 98 266 90 83 35 262 89 130 49 262 89
181 20 2700 3 11 2 11 282 95 120 46 97 40 185 66 285 96 289 97 254 87 71 32 190 67 187 66 57 27 200 70 232 80 243 83 223 77 292 98 45 24 119 46
182 20 2496 299 100 114 44 216 75 60 28 153 56 273 92 78 34 82 35 117 45 200 70 20 16 20 16 199 70 294 99 171 62 35 21 275 93 294 99 214 75 7 13
183 20 2488 225 78 56 27 241 83 254 87 71 32 66 30 286 96 240 82 3 11 160 58 270 91 46 24 184 65 82 35 243 83 155 57 210 73 72 32 112 44 135 51
184 20 2491 241 83 196 69 265 90 6 12 283 95 270 91 169 61 240 82 19 16 184 66 49 25 96 39 56 27 15 15 47 25 261 89 281 95 183 65 99 40 154 56
185 20 2111 91 38 16 15 80 34 41 23 86 36 275 93 26 18 97 39 176 63 180 64 225 78 140 52 283 95 82 35 240 82 154 56 134 50 191 68 68 31 54 27
186 20 2501 212 74 251 86 147 54 142 53 180 64 200 70 15 15 231 80 22 17 288 97 252 86 179 64 69 31 51 26 201 71 127 48 95 39 48 25 290 97 127 49
187 20 2547 300 100 160 58 124 48 10 13 79 34 70 31 30 19 85 36 235 81 232 80 66 30 227 79 137 52 174 62 300 100 91 38 104 42 235 81 280 94 245 84
188 20 2796 148 55 177 63 82 35 269 91 6 12 264 89 242 83 245 84 121 47 279 94 182 65 220 76 52 26 26 18 158 58 114 44 272 92 168 61 206 72 265 90
189 20 2422 144 53 276 93 31 20 230 79 210 73 235 81 14 15 180 64 239 82 55 27 82 35 232 80 79 34 84 35 156 57 224 78 76 33 271 92 27 18 183 65
190 20 2341 122 47 214 74 108 43 211 74 24 17 106 42 38 22 245 84 164 59 297 99 90 37 23 17 103 41 206 72 222 77 16 15 207 72 254 86 18 16 259 88
191 20 2381 184 66 31 20 161 59 77 33 90 37 263 89 239 82 140 52 142 53 195 69 246 84 134 51 201 71 32 20 191 68 24 18 190 67 292 98 68 31 77 33
192 20 2925 24 17 143 53 74 33 272 92 188 67 247 84 197 70 208 73 108 43 255 87 286 96 139 52 248 85 213 74 242 83 121 47 296 99 16 15 164 59 216 75
193 20 2384 269 91 199 70 198 70 220 76 50 25 127 48 69 31 244 83 151 56 190 67 184 66 165 60 13 14 38 22 285 96 1 11 57 28 40 22 261 89 220 76
194 20 2209 88 37 7 12 274 92 256 87 88 37 185 66 114 45 47 24 119 46 186 66 4 12 150 55 131 50 183 65 112 44 225 78 131 50 218 76 55 27 189 67
195 20 2290 246 84 80 34 172 62 293 98 209 73 76 33 300 100 112 44 160 58 137 51 15 15 278 94 37 21 151 56 55 27 30 19 149 55 104 42 17 15 242 83
196 20 2697 247 85 36 21 258 88 135 51 50 25 194 68 230 79 186 66 294 99 120 46 218 76 83 35 142 53 204 72 185 66 251 86 118 46 282 95 70 31 69 31
197 20 2050 113 44 98 40 119 46 146 54 15 15 167 60 162 59 241 83 112 44 228 79 10 13 276 93 24 18 24 18 34 20 269 91 95 39 251 86 159 58 20 16
198 20 2468 30 19 271 92 228 79 54 27 248 85 206 72 262 89 290 97 100 40 92 38 52 26 170 61 96 39 31 20 279 94 281 95 7 12 15 15 265 90 109 43
199 20 2014 192 68 196 69 81 35 147 54 288 97 47 24 23 17 151 56 89 37 51 26 250 85 43 23 111 44 69 31 255 87 54 27 74 33 197 70 89 37 111 44
200 20 2135 86 36 59 28 90 37 150 55 57 27 175 63 238 82 254 87 171 62 195 69 244 84 56 27 25 18 51 26 60 28 119 46 274 92 87 36 110 43 168 61
201 20 2184 275 93 35 21 184 66 167 60 27 18 184 65 29 19 149 55 236 81 103 41 206 72 253 86 106 42 134 50 40 22 257 87 29 19 21 17 83 35 212 74
202 20 2118 38 22 271 92 261 89 78 34 136 51 27 18 156 57 103 41 86 36 128 49 90 37 123 47 97 39 252 86 112 44 148 55 35 21 100 40 198 70 209 73
203 20 2254 107 42 232 80 120 46 39 22 21 17 232 80 270 91 278 94 271 92 42 23 20 16 51 26 185 66 257 87 42 23 168 61 152 56 108 43 187 66 36 21
204 20 2624 276 93 258 88 195 69 110 43 228 79 240 82 154 57 109 43 267 90 26 18 294 98 286 96 65 30 16 15 223 77 21 17 33 20 29 19 166 60 284 96
205 20 2524 87 36 108 43 122 47 282 95 195 69 77 33 247 84 71 32 23 17 240 82 283 95 226 78 174 63 165 60 214 75 66 30 161 59 166 60 234 80 15 15
206 20 2428 290 97 188 67 110 43 108 43 189 67 117 45 283 95 191 68 113 44 171 62 54 27 80 34 132 50 142 53 230 79 196 69 266 90 102 41 34 21 40 22
207 20 2127 190 67 228 79 246 84 173 62 280 94 3 11 26 18 192 68 135 51 161 59 27 19 27 18 89 37 29 19 62 29 45 24 130 49 169 61 251 86 196 69
208 20 2080 227 78 157 58 207 72 54 26 253 86 26 18 63 29 21 17 57 27 105 42 65 30 143 53 258 88 44 23 255 87 48 25 276 93 39 22 48 25 255 87
209 20 1789 158 58 77 34 44 24 35 21 245 84 65 30 54 26 128 49 82 35 26 18 242 83 114 45 123 47 71 32 116 45 76 33 191 68 276 93 24 17 90 37
210 20 2572 213 74 167 60 293 98 174 63 80 34 250 85 43 23 205 72 35 21 243 83 185 66 27 18 113 44 215 75 235 81 299 100 114 45 138 52 168 61 19 16
211 20 2448 61 29 78 34 65 30 175 63 243 83 260 88 271 92 143 53 181 65 56 27 234 80 94 38 235 81 232 80 193 68 24 18 171 62 187 66 28 19 130 49
212 20 2144 20 16 24 18 142 53 51 26 37 22 241 83 181 65 134 51 267 90 21 17 260 88 63 29 9 13 128 49 182 65 191 68 51 26 264 90 186 66 229 79
213 20 2203 175 63 156 57 158 58 284 96 207 73 3 11 21 17 63 29 104 42 65 30 249 85 104 41 21 17 108 43 196 69 245 84 71 32 179 64 172 62 173 62
214 20 2640 282 95 69 31 193 68 58 28 279 94 271 92 160 58 258 88 56 27 159 58 71 32 26 18 245 84 287 97 208 73 224 78 251 86 66 30 11 14 126 48
215 20 2624 143 53 105 42 175 63 40 22 63 29 280 94 113 44 140 52 300 100 79 34 252 86 82 35 296 99 27 19 24 17 220 76 289 97 257 87 230 79 166 60
216 20 2663 135 51 184 66 127 48 82 35 242 83 117 46 37 21 139 52 199 70 278 94 193 68 116 45 104 42 193 68 269 91 246 84 195 69 207 73 203 71 63 29
217 20 1995 164 60 31 20 102 41 212 74 75 33 79 34 295 99 63 29 139 52 29 19 99 40 144 53 41 23 120 46 40 22 113 44 176 63 227 78 109 43 236 81
218 20 2483 280 94 93 38 259 88 205 72 110 43 119 46 291 98 292 98 174 63 152 56 39 22 23 17 257 87 291 98 136 51 189 67 35 21 73 32 84 35 2 11
219 20 2493 256 87 254 87 79 34 206 72 276 93 42 23 141 53 87 37 30 19 277 93 224 78 16 15 283 95 30 19 40 22 29 19 158 58 296 99 196 69 197 70
220 20 2045 54 27 98 40 107 43 25 18 103 41 121 47 275 93 238 82 94 38 294 99 278 94 116 45 5 12 144 54 122 47 106 42 218 76 34 21 25 18 100 40
221 20 2045 52 26 32 20 87 36 166 60 118 46 90 37 50 25 183 65 231 80 201 71 143 53 140 52 178 64 287 97 89 37 205 72 71 32 104 42 36 21 94 39
222 20 2672 300 100 35 21 177 63 267 90 64 30 236 81 235 81 31 20 250 85 219 76 136 51 81 35 111 44 57 27 172 62 264 89 162 59 162 59 254 87 127 48
223 20 2320 184 65 166 60 134 51 104 41 89 37 71 32 108 43 78 34 215 75 116 45 285 96 98 40 227 78 123 47 66 30 154 56 198 70 200 70 10 13 274 93
224 20 2416 170 61 281 95 296 99 55 27 149 55 132 50 129 49 53 26 228 79 295 99 269 91 76 33 146 54 166 60 53 26 292 98 13 14 124 48 74 32 20 16
225 20 2662 79 34 98 40 253 86 74 33 157 57 291 98 153 56 98 40 237 82 262 89 115 45 298 100 155 57 245 84 51 26 296 99 31 20 161 59 63 29 211 74
226 20 2919 219 76 137 51 39 22 121 47 297 100 297 100 264 89 125 48 189 67 245 84 133 50 131 50 46 24 209 73 183 65 283 95 61 29 91 38 284 95 295 99
227 20 2230 156 57 44 24 18 16 5 12 51 26 57 27 292 98 61 29 160 58 266 90 98 40 160 58 231 80 173 62 94 39 202 71 229 79 141 53 104 42 246 84
228 20 1840 14 15 206 72 143 53 186 66 81 35 165 60 118 46 42 23 139 52 175 63 5 12 275 93 207 73 118 46 193 68 44 23 85 36 8 13 2 11 95 39
229 20 2762 240 82 231 80 207 72 264 90 242 83 229 79 285 96 25 18 44 24 96 39 174 62 170 61 273 92 190 67 21 17 240 82 23 17 162 59 43 23 294 98
230 20 2296 52 26 152 56 120 46 8 13 238 82 253 86 6 12 241 83 174 63 96 39 84 36 101 41 85 36 146 54 218 76 268 91 235 81 89 37 25 18 280 94
231 20 2176 175 63 288 97 41 23 36 21 45 24 215 75 229 79 12 14 290 97 131 50 200 70 206 72 262 89 30 19 68 31 149 55 10 13 200 70 31 20 102 41
232 20 2528 167 60 186 66 173 62 187 66 240 82 71 32 220 76 284 95 240 82 78 34 179 64 228 79 147 54 12 14 8 13 251 86 243 83 16 15 92 38 138 52
233 20 2126 106 42 120 46 120 46 91 38 197 69 215 75 9 13 137 52 155 57 29 19 211 74 239 82 16 15 34 20 172 62 275 93 157 57 18 16 61 29 296 99
234 20 2708 178 64 285 96 113 44 204 71 82 35 237 81 76 33 25 18 197 69 276 93 95 39 59 28 294 98 205 72 186 66 130 49 4 11 262 89 260 88 217 75
235 20 2481 72 32 136 51 157 57 143 53 35 21 293 98 257 88 205 72 119 46 201 71 29 19 243 83 257 87 16 15 61 29 233 80 241 83 110 43 74 32 220 76
236 20 2252 21 17 71 32 178 64 95 39 164 59 228 79 257 87 186 66 42 23 166 60 221 77 290 97 200 70 34 20 97 40 176 63 195 69 114 45 32 20 48 25
237 20 2420 64 30 217 75 186 66 226 78 35 21 166 60 74 33 274 92 194 69 80 34 59 28 147 54 14 15 214 74 258 88 141 53 251 86 129 49 270 91 26 18
238 20 2720 44 23 251 86 268 91 292 98 212 74 87 36 123 47 159 58 54 27 155 57 68 31 25 18 289 97 126 48 19 16 267 90 198 70 196 69 291 98 277 94
239 20 2920 250 85 274 93 29 19 181 65 66 30 125 48 20 16 289 97 288 97 225 78 276 93 86 36 184 66 146 54 180 64 288 97 133 50 212 74 250 85 148 55
240 20 2613 19 16 154 57 86 36 178 64 250 85 298 100 298 100 38 22 97 40 97 40 29 19 288 97 134 51 245 84 261 89 252 86 72 32 145 54 260 88 66 30
241 20 2129 144 54 205 72 157 58 166 60 228 79 8 13 227 78 142 53 92 38 14 14 66 30 137 51 61 29 145 54 28 19 185 66 173 62 107 42 119 46 258 88
242 20 3063 204 72 152 56 193 68 271 92 150 55 179 64 275 93 140 52 132 50 40 22 167 61 208 73 98 40 196 69 151 56 155 57 286 96 286 96 260 88 286 96
243 20 2460 298 100 85 36 280 94 290 97 297 99 58 28 19 16 49 25 199 70 16 15 153 56 122 47 9 13 121 47 11 14 279 94 182 65 265 90 299 100 43 23
244 20 1646 63 29 123 47 23 17 46 24 33 20 223 77 44 24 41 23 15 15 13 14 286 96 231 80 15 15 296 99 90 37 194 69 67 30 49 25 144 54 62 29
245 20 2218 78 34 281 95 260 88 185 66 39 22 223 77 122 47 32 20 23 17 24 18 276 93 296 99 47 25 89 37 177 63 97 39 34 21 23 17 277 94 190 67
246 20 2700 86 36 26 18 69 31 299 100 55 27 181 65 268 91 19 16 126 48 268 91 203 71 139 52 289 97 72 32 243 83 164 59 150 55 281 95 207 72 230 79
247 20 2722 247 84 87 37 275 93 276 93 14 15 290 97 153 56 149 55 254 87 99 40 235 81 268 91 117 46 80 34 110 43 244 83 43 23 232 80 123 47 107 43
248 20 2051 82 35 6 12 196 69 29 19 115 45 228 79 107 43 258 88 170 61 290 97 147 54 49 25 223 77 144 53 29 19 135 51 147 54 4 12 6 12 199 70
249 20 2712 296 99 155 57 71 32 120 46 164 59 256 87 283 95 83 35 184 66 240 82 195 69 95 39 81 35 288 97 147 55 36 21 103 41 48 25 266 90 279 94
250 20 2784 205 72 46 24 271 92 165 60 189 67 211 74 26 18 92 38 249 85 204 72 145 54 127 49 294 98 112 44 159 58 81 35 242 83 285 96 106 42 272 92
251 20 2047 230 79 16 15 130 49 91 38 166 60 8 13 47 25 212 74 231 80 119 46 147 54 247 84 222 77 298 100 33 20 17 16 209 73 16 15 3 11 117 45
252 20 2480 100 40 232 80 186 66 188 67 273 92 208 73 48 25 179 64 251 86 14 15 291 98 7 13 7 13 193 68 157 58 95 39 174 63 220 76 205 72 72 32
253 20 2144 290 97 44 23 109 43 269 91 228 79 162 59 272 92 84 35 35 21 173 62 89 37 256 87 12 14 97 39 121 47 81 35 50 25 55 27 143 53 111 44
254 20 2188 69 31 259 88 286 96 79 34 102 41 213 74 1 11 282 95 4 11 154 57 84 35 236 81 163 59 37 21 22 17 165 60 57 27 80 34 284 96 158 58
255 20 2776 209 73 271 92 240 82 282 95 45 24 25 18 208 73 293 98 116 45 253 86 291 98 145 54 189 67 251 86 47 24 293 98 61 29 48 25 88 37 116 45
256 20 2145 124 48 9 13 99 40 34 20 216 75 53 26 82 35 229 79 134 50 118 46 55 27 69 31 298 100 116 45 160 58 217 75 75 33 271 92 121 47 202 71
257 20 2303 73 32 153 56 174 62 72 32 280 94 15 15 141 53 198 70 14 14 170 61 268 91 7 12 160 58 114 44 121 47 226 78 214 75 194 68 160 58 125 48
258 20 2411 207 73 141 53 288 97 34 20 14 15 43 23 237 81 44 24 136 51 111 44 227 78 269 91 127 49 188 67 66 30 141 53 178 64 253 86 230 79 80 34
259 20 2536 215 75 46 24 232 80 232 80 151 56 82 35 193 68 51 26 239 82 187 66 154 56 98 40 219 76 253 86 241 83 290 97 199 70 9 13 56 27 24 18
260 20 2305 167 60 177 63 60 28 62 29 111 44 44 23 262 89 205 72 33 20 52 26 284 96 150 55 247 84 298 100 206 72 37 21 190 67 214 74 52 26 31 20
261 20 2730 271 92 124 48 21 17 186 66 33 20 159 58 223 77 223 77 265 90 118 46 178 64 83 35 53 26 230 79 256 87 231 80 298 100 42 23 233 80 186 66
262 20 1744 101 41 155 57 168 61 157 57 16 15 48 25 291 98 54 27 100 40 71 32 98 40 100 40 160 58 285 96 34 21 114 45 7 12 25 18 43 23 153 56
263 20 2206 88 37 219 76 45 24 43 23 212 74 136 51 275 93 21 17 148 55 32 20 187 67 147 54 45 24 111 44 178 64 230 79 205 72 33 20 294 99 109 43
264 20 2615 158 58 24 18 277 94 169 61 73 32 247 84 119 46 251 86 160 58 96 39 39 22 257 88 299 100 196 69 159 58 91 38 113 44 150 55 133 50 258 88
265 20 2508 177 63 153 56 274 92 188 67 61 29 11 14 13 14 231 80 187 66 194 69 26 18 225 78 141 53 1 11 34 21 227 79 247 85 300 100 148 55 298 100
266 20 2296 3 11 160 58 261 89 42 23 44 23 108 43 54 26 54 27 117 45 39 22 107 42 174 63 249 85 279 94 179 64 276 93 147 54 204 71 75 33 298 100
267 20 2923 171 62 244 83 69 31 173 62 146 54 227 78 47 25 159 58 179 64 217 75 240 82 102 41 42 23 196 69 273 92 130 49 247 85 265 90 286 96 241 83
268 20 2299 148 55 23 17 91 38 60 28 62 29 173 62 251 86 14 15 158 58 182 65 267 90 112 44 267 91 191 68 264 89 43 23 58 28 220 76 54 27 236 81
269 20 2110 154 57 82 35 254 87 21 17 5 12 17 16 56 27 202 71 227 78 109 43 112 44 117 45 148 55 150 55 185 66 151 56 115 45 158 58 81 35 294 99
270 20 2588 67 30 119 46 289 97 111 44 75 33 248 85 282 95 149 55 262 89 40 22 139 52 288 97 98 40 125 48 59 28 219 76 265 90 156 57 137 51 107 43
271 20 2057 184 66 216 75 44 23 56 27 100 40 132 50 206 72 47 25 135 51 118 46 86 36 268 91 155 57 229 79 132 50 94 38 70 31 275 93 19 16 6 12
272 20 2751 287 96 233 80 77 33 131 50 291 98 173 62 13 14 269 91 86 36 49 25 251 86 194 69 177 63 150 55 186 66 166 60 202 71 129 49 76 33 299 100
273 20 1869 232 80 144 53 104 42 243 83 60 28 72 32 71 32 206 72 23 17 42 23 117 46 57 27 111 44 156 57 44 24 8 13 191 68 53 26 233 80 170 61
274 20 1885 126 48 103 41 150 55 147 54 273 92 32 20 51 26 254 87 71 32 71 32 165 60 68 31 40 22 179 64 168 61 33 20 62 29 101 41 136 51 127 48
275 20 2535 41 23 22 17 295 99 264 90 140 52 110 43 177 64 99 40 211 74 74 33 98 40 222 77 76 33 189 67 105 42 223 77 261 89 63 29 211 74 288 97
276 20 2104 239 82 202 71 50 25 121 47 163 59 25 18 220 76 24 18 215 75 149 55 107 42 138 52 235 81 15 15 300 100 36 21 133 50 39 22 28 19 192 68
277 20 2791 83 35 162 59 288 97 212 74 293 98 17 15 218 76 283 95 5 12 190 67 235 81 205 72 292 98 172 62 28 19 193 68 276 93 114 45 168 61 55 27
278 20 2713 181 65 234 80 207 72 51 26 49 25 31 20 107 42 56 27 18 16 211 74 241 83 254 86 180 64 290 97 248 85 92 38 232 80 196 69 261 89 253 86
279 20 2372 150 55 231 80 94 39 183 65 130 49 122 47 283 95 216 75 243 83 8 13 77 33 141 53 192 68 89 37 163 59 94 38 94 38 146 54 67 31 242 83
280 20 2263 254 86 297 100 98 40 256 87 159 58 15 15 220 76 37 22 196 69 169 61 249 85 167 60 7 12 93 38 67 30 62 29 277 93 20 16 180 64 6 12
281 20 2309 173 62 300 100 96 39 123 47 139 52 248 85 51 26 140 52 278 94 291 98 173 62 115 45 56 27 103 41 20 16 202 71 84 36 135 51 28 19 132 50
282 20 2432 36 21 188 67 47 25 103 41 5 12 225 78 278 94 93 38 49 25 186 66 79 34 188 67 149 55 276 93 152 56 285 96 82 35 170 61 284 96 165 60
283 20 2477 122 47 248 85 51 26 255 87 42 23 105 42 251 86 68 31 138 52 118 46 136 51 152 56 261 89 214 75 159 58 161 59 284 96 147 54 96 39 89 37
284 20 1932 30 19 240 82 29 19 61 29 172 62 80 34 98 40 210 73 82 35 49 25 180 64 113 44 243 83 281 95 167 61 2 11 9 13 179 64 12 14 178 64
285 20 2527 297 100 34 21 220 76 197 70 88 37 296 99 171 62 150 55 142 53 47 25 213 74 294 99 97 40 221 77 46 24 84 36 17 15 200 70 174 63 171 62
286 20 2164 149 55 7 13 42 23 17 15 161 59 269 91 165 60 114 45 114 44 213 74 162 59 26 18 246 84 194 69 54 27 236 81 106 42 285 96 36 21 110 43
287 20 2104 50 25 206 72 23 17 52 26 278 94 215 75 58 28 279 94 50 25 184 66 43 23 64 30 141 53 135 51 94 39 300 100 226 78 160 58 52 26 21 17
288 20 1958 280 94 245 84 86 36 15 15 25 18 173 62 171 62 71 32 129 49 16 15 97 40 241 83 300 100 79 34 110 43 12 14 37 21 205 72 145 54 11 14
289 20 1954 102 41 175 63 1 11 72 32 230 79 143 53 36 21 295 99 21 17 19 16 80 34 31 20 178 64 63 29 222 77 47 24 261 89 149 55 89 37 229 79
290 20 2456 234 81 261 89 236 81 121 47 137 52 182 65 147 54 126 48 288 97 238 82 35 21 43 23 206 72 126 48 9 13 172 62 173 62 117 46 21 17 198 70
291 20 2362 208 73 155 57 85 36 195 69 283 95 107 42 186 66 90 37 145 54 233 80 150 55 75 33 29 19 257 87 116 45 14 15 61 29 258 88 262 89 44 24
292 20 2092 115 45 244 83 13 14 217 75 201 71 47 25 28 19 12 14 237 82 29 19 54 26 77 33 284 96 81 35 144 54 108 43 56 27 283 95 293 98 92 38
293 20 2665 232 80 249 85 80 34 213 74 64 30 29 19 242 83 268 91 252 86 174 63 220 76 28 19 246 84 35 21 68 31 131 50 121 47 127 48 268 91 285 96
294 20 2200 116 45 268 91 21 17 62 29 227 79 143 53 150 55 43 23 81 35 192 68 68 31 138 52 136 51 100 40 269 91 197 70 12 14 230 79 171 62 127 49
295 20 2568 12 14 197 69 263 89 17 15 161 59 156 57 138 52 72 32 244 84 13 14 232 80 274 93 271 92 63 29 163 59 238 82 200 70 274 93 156 57 67 30
296 20 2724 25 18 125 48 280 94 209 73 268 91 195 69 125 48 24 18 23 17 228 79 291 98 17 15 254 87 151 56 262 89 139 52 270 91 171 62 165 60 184 65
297 20 2139 152 56 190 67 52 26 105 42 168 61 130 49 174 63 60 28 49 25 2 11 121 47 131 50 198 70 264 90 65 30 5 12 117 46 145 54 250 85 296 99
298 20 2032 155 57 150 55 242 83 114 44 63 29 135 51 157 57 33 20 149 55 89 37 23 17 209 73 201 71 49 25 81 35 192 68 42 23 271 92 147 54 38 22
299 20 1912 210 73 276 93 106 42 72 32 202 71 81 35 130 49 227 78 172 62 13 14 138 52 55 27 1 11 206 72 41 23 47 24 61 29 150 55 172 62 31 20
300 20 2772 151 56 218 76 229 79 97 39 249 85 289 97 201 71 56 27 228 79 295 99 38 22 11 14 191 68 280 94 163 59 132 50 52 26 214 74 297 100 74 32
301 20 2256 243 83 30 19 190 67 72 32 70 31 289 97 137 51 77 34 189 67 121 47 199 70 50 25 53 26 241 83 66 30 10 13 135 51 267 90 219 76 163 59
302 20 2160 82 35 144 53 252 86 7 12 116 45 48 25 97 39 241 83 180 64 84 36 40 22 195 69 36 21 1 11 134 51 231 80 264 90 164 60 84 36 300 100
303 20 2117 167 60 11 14 50 25 87 36 155 57 113 44 263 89 19 16 269 91 172 62 182 65 275 93 169 61 181 65 111 44 109 43 25 18 19 16 213 74 57 28
304 20 2683 200 70 26 18 261 89 75 33 239 82 149 55 215 75 134 51 284 95 73 32 224 77 154 57 156 57 279 94 3 11 105 42 137 51 207 73 229 79 204 71
305 20 1999 256 87 176 63 167 61 298 100 113 44 103 41 51 26 260 88 12 14 14 14 18 16 31 20 1 11 268 91 147 55 54 27 193 68 4 11 269 91 64 30
306 20 2444 155 57 151 56 59 28 181 65 66 30 167 61 47 24 132 50 21 17 173 62 72 32 108 43 291 98 290 97 209 73 238 82 103 41 292 98 91 38 209 73
307 20 2162 45 24 5 12 105 42 156 57 109 43 191 68 68 31 51 26 245 84 251 86 288 97 201 71 15 15 256 87 3 11 10 13 282 95 85 36 54 26 283 95
308 20 1627 148 55 29 19 102 41 36 21 228 79 138 52 164 60 60 28 105 42 13 14 143 53 31 20 81 35 23 17 69 31 293 98 89 37 147 54 41 23 94 39
309 20 2389 293 98 259 88 130 49 173 62 294 99 12 14 222 77 286 96 85 36 112 44 68 31 9 13 52 26 179 64 81 35 269 91 23 17 234 80 83 35 123 47
310 20 2590 183 65 246 84 84 36 290 97 53 26 125 48 4 11 253 86 167 61 145 54 147 55 184 66 270 91 111 44 265 90 106 42 263 89 144 54 158 58 40 22
311 20 2787 225 78 96 39 199 70 247 85 243 83 158 58 20 16 298 100 283 95 83 35 299 100 10 13 271 92 185 66 260 88 60 28 77 33 157 57 53 26 260 88
312 20 2428 151 56 195 69 141 53 235 81 138 52 205 72 171 62 260 88 43 23 110 43 92 38 139 52 68 31 292 98 78 34 148 55 2 11 225 78 236 81 107 42
313 20 2328 42 23 229 79 98 40 204 71 75 33 229 79 112 44 162 59 47 24 255 87 40 22 47 24 159 58 264 89 247 84 191 68 46 24 80 34 270 91 114 45
314 20 2480 291 98 215 75 153 56 144 53 170 61 108 43 145 54 157 58 125 48 217 75 271 92 227 78 11 14 293 98 211 74 92 38 43 23 80 34 34 20 114 45
315 20 2652 213 74 213 74 270 91 161 59 182 65 124 48 46 24 9 13 123 47 139 52 247 84 238 82 169 61 151 56 93 38 199 70 269 91 254 86 144 54 71 32
316 20 2875 269 91 61 29 122 47 179 64 118 46 291 98 212 74 230 79 262 89 155 57 29 19 253 86 235 81 31 20 76 33 250 85 276 93 207 72 238 82 100 40
317 20 2689 26 18 18 16 141 53 281 95 289 97 235 81 177 63 234 81 62 29 280 94 70 31 267 90 108 43 219 76 171 62 299 100 114 45 59 28 254 86 58 28
318 20 2340 245 84 207 72 242 83 255 87 41 23 4 12 83 35 140 52 151 56 189 67 265 90 64 29 157 57 173 62 41 23 129 49 81 35 11 14 299 100 148 55
319 20 2224 280 94 280 94 231 80 120 46 196 69 24 18 29 19 129 49 31 20 69 31 15 15 73 32 210 73 207 72 184 66 85 36 191 68 216 75 36 21 174 62
320 20 2373 172 62 7 12 36 21 93 38 293 98 104 41 253 86 240 82 28 19 140 52 11 14 141 53 225 78 237 81 80 34 107 42 215 75 300 100 241 83 44 24
321 20 2068 63 29 160 58 67 30 36 21 119 46 245 84 83 35 1 11 23 17 246 84 288 97 191 68 199 70 97 40 275 93 237 81 101 41 2 11 70 31 82 35
322 20 1859 258 88 16 15 114 45 71 32 122 47 239 82 221 77 66 30 172 62 239 82 283 95 46 24 5 12 143 53 104 42 60 28 60 28 18 16 80 34 7 12
323 20 2508 211 74 277 94 40 22 42 23 70 31 230 79 7 12 290 97 294 99 194 68 41 23 133 50 89 37 136 51 244 83 207 72 18 16 153 56 214 74 245 84
324 20 2648 2 11 124 48 159 58 30 19 256 87 201 71 132 50 227 78 70 31 261 89 115 45 299 100 264 90 141 53 29 19 196 69 277 93 123 47 127 48 278 94
325 20 1961 192 68 99 40 151 56 68 31 119 46 180 64 199 70 51 26 216 75 135 51 2 11 36 21 139 52 134 51 264 89 216 75 14 14 43 23 130 49 64 29
326 20 2840 171 62 207 73 219 76 31 20 91 38 233 80 282 95 296 99 149 55 296 99 185 66 206 72 92 38 142 53 21 17 270 91 201 71 26 18 184 66 249 85
327 20 2612 114 45 279 94 81 35 69 31 287 96 188 67 4 12 298 100 135 51 215 75 77 33 34 20 279 94 161 59 218 76 293 98 23 17 249 85 144 54 117 45
328 20 2452 191 68 54 27 253 86 276 93 5 12 260 88 246 84 146 54 153 56 262 89 26 18 116 45 18 16 35 21 215 75 61 29 297 100 288 97 23 17 140 52
329 20 2149 240 82 202 71 276 93 80 34 22 17 201 71 94 39 49 25 120 46 233 80 189 67 74 33 19 16 232 80 250 85 161 59 49 25 138 52 51 26 7 12
330 20 2463 242 83 188 67 176 63 97 40 81 35 92 38 287 96 60 28 214 75 300 100 246 84 46 24 74 33 82 35 190 67 109 43 30 19 253 86 283 95 29 19
331 20 2862 207 72 104 41 233 80 47 25 288 97 247 84 178 64 276 93 271 92 103 41 108 43 71 32 199 70 16 15 268 91 291 98 146 54 123 47 185 66 217 75
332 20 2411 92 38 211 74 231 80 42 23 40 22 171 62 18 16 134 50 191 68 189 67 267 91 156 57 240 82 153 56 95 39 167 60 206 72 75 33 99 40 237 81
333 20 2759 21 17 254 87 262 89 65 30 156 57 232 80 165 60 270 91 55 27 254 87 161 59 72 32 270 91 200 70 164 59 177 63 149 55 255 87 39 22 228 79
334 20 2261 170 61 9 13 136 51 153 56 45 24 53 26 281 95 68 31 155 57 157 58 257 87 97 39 266 90 18 16 119 46 295 99 202 71 276 93 38 22 32 20
335 20 2128 176 63 8 13 199 70 115 45 265 90 6 12 33 20 290 97 94 39 70 31 57 28 274 92 224 77 85 36 164 60 102 41 105 42 117 45 202 71 74 33
336 20 2139 220 76 246 84 17 16 110 43 242 83 47 24 267 91 78 34 51 26 198 70 243 83 127 48 49 25 30 19 237 81 60 28 227 79 68 31 83 35 74 33
337 20 2394 281 95 169 61 237 82 239 82 182 65 21 17 78 34 189 67 7 13 68 31 237 82 114 44 66 30 274 93 187 66 35 21 100 40 112 44 272 92 125 48
338 20 2501 51 26 136 51 1 11 255 87 25 18 134 51 230 79 213 74 59 28 181 65 11 14 271 92 211 74 195 69 90 37 293 98 269 91 267 90 183 65 52 26
339 20 2563 257 87 183 65 168 61 179 64 170 61 192 68 158 58 203 71 21 17 210 73 167 60 106 42 98 40 300 100 9 13 102 41 120 46 166 60 181 65 214 75
340 20 2064 288 97 62 29 255 87 60 28 96 39 73 32 131 50 280 94 252 86 5 12 19 16 123 47 21 17 191 68 100 40 110 43 62 29 219 76 64 29 169 61
341 20 1811 48 25 56 27 49 25 215 75 87 36 75 33 76 33 52 26 170 61 59 28 43 23 23 17 7 12 279 94 235 81 162 59 37 21 284 95 42 23 265 90
342 20 2229 229 79 57 27 62 29 210 73 186 66 224 77 40 22 33 20 284 96 59 28 36 21 22 17 30 19 253 86 43 23 252 86 272 92 164 60 99 40 232 80
343 20 2669 235 81 277 94 172 62 193 68 194 68 185 66 255 87 160 58 213 74 185 66 170 61 60 28 91 38 7 13 58 28 55 27 161 59 125 48 275 93 266 90
344 20 2314 130 49 170 61 19 16 46 24 35 21 168 61 98 40 299 100 46 24 99 40 121 47 296 99 101 41 225 78 46 24 162 59 166 60 249 85 198 70 219 76
345 20 2660 159 58 296 99 197 69 69 31 251 86 198 70 65 30 288 97 6 12 297 100 187 66 38 22 6 12 182 65 270 91 268 91 61 29 4 11 266 90 218 76
346 20 2422 85 36 240 82 198 70 50 25 21 17 56 27 278 94 288 97 204 72 34 21 85 36 31 20 185 66 73 32 61 29 208 73 116 45 234 80 299 100 282 95
347 20 2333 124 48 112 44 180 64 25 18 155 57 131 50 226 78 261 89 211 74 226 78 223 77 215 75 103 41 106 42 1 11 290 97 6 12 75 33 123 47 124 48
348 20 1998 34 21 230 79 123 47 259 88 66 30 136 51 55 27 27 18 105 42 119 46 7 12 102 41 82 35 39 22 162 59 133 50 282 95 143 53 293 98 101 41
349 20 2142 239 82 258 88 297 99 13 14 240 82 26 18 175 63 256 87 67 30 2 11 53 26 3 11 88 37 120 46 66 30 112 44 40 22 208 73 174 62 241 83
350 20 2108 247 84 150 55 77 33 45 24 23 17 23 17 253 86 192 68 300 100 83 35 84 36 144 54 276 93 202 71 146 54 28 19 20 16 7 12 111 44 224 78
351 20 2060 164 60 43 23 282 95 210 73 156 57 41 23 19 16 36 21 73 32 113 44 192 68 266 90 114 45 250 85 26 18 251 86 5 12 54 27 94 38 187 67
352 20 2235 163 59 284 96 91 38 158 58 297 100 237 81 252 86 43 23 27 18 39 22 61 29 229 79 151 56 178 64 38 22 145 54 26 18 270 91 45 24 60 28
353 20 2681 146 54 188 67 226 78 270 91 138 52 205 72 265 90 104 42 74 33 185 66 62 29 263 89 189 67 182 65 245 84 92 38 7 12 105 42 234 81 172 62
354 20 2083 201 71 56 27 13 14 236 81 142 53 66 30 42 23 84 36 191 68 3 11 30 19 226 78 39 22 76 33 84 36 269 91 183 65 133 50 300 100 230 79
355 20 2334 124 47 9 13 97 40 210 73 54 26 112 44 117 46 288 97 154 57 153 56 268 91 64 29 182 65 59 28 132 50 212 74 209 73 38 22 274 93 162 59
356 20 2156 220 76 18 16 82 35 233 80 134 50 188 67 183 65 158 58 233 80 98 40 277 93 90 37 20 16 155 57 244 84 24 17 106 42 23 17 117 45 93 38
357 20 2193 22 17 47 25 124 48 186 66 259 88 167 61 139 52 228 79 114 44 221 77 157 57 294 98 46 24 49 25 142 53 148 55 112 44 54 26 124 48 109 43
358 20 2090 140 52 132 50 56 27 196 69 13 14 71 32 43 23 45 24 63 29 83 35 202 71 258 88 293 98 173 62 64 30 175 63 114 44 30 19 268 91 194 68
359 20 2620 293 98 39 22 183 65 199 70 13 14 174 62 160 58 179 64 292 98 290 97 225 78 24 18 78 34 198 70 137 51 242 83 75 33 296 99 150 55 29 19
360 20 2034 37 22 21 17 100 40 87 36 279 94 70 31 134 51 277 93 259 88 113 44 256 87 139 52 21 17 35 21 28 19 75 33 162 59 125 48 126 48 199 70
361 20 2483 207 73 205 72 117 46 91 38 132 50 229 79 235 81 152 56 83 35 268 91 292 98 88 37 224 77 118 46 23 17 124 48 286 96 181 65 19 16 30 19
362 20 1903 15 15 47 24 70 31 176 63 8 13 99 40 8 13 144 54 10 13 243 83 49 25 159 58 59 28 296 99 14 15 151 56 251 86 285 96 158 58 137 52
363 20 2608 16 15 148 55 271 92 38 22 247 84 110 43 281 95 6 12 267 90 237 81 293 98 82 35 218 76 80 34 276 93 5 12 210 73 76 33 110 43 289 97
364 20 2329 23 17 190 67 208 73 128 49 271 92 159 58 79 34 42 23 4 12 133 50 230 79 136 51 294 98 246 84 65 30 227 78 63 29 166 60 83 35 165 60
365 20 2277 19 16 84 35 280 94 214 74 249 85 126 48 103 41 233 80 44 24 256 87 211 74 63 29 113 44 95 39 61 29 110 43 109 43 180 64 66 30 231 80
366 20 2535 178 64 76 33 77 33 151 56 259 88 218 76 270 91 246 84 109 43 138 52 244 84 82 35 158 58 161 59 168 61 241 83 31 20 257 87 21 17 84 35
367 20 2334 133 50 273 92 26 18 214 75 211 74 194 69 150 55 191 68 65 30 124 48 65 30 229 79 276 93 62 29 248 85 56 27 38 22 71 32 201 71 91 38
368 20 2238 150 55 183 65 4 12 236 81 95 39 214 74 53 26 24 18 51 26 259 88 135 51 240 82 171 62 230 79 79 34 166 60 148 55 101 41 137 51 122 47
369 20 2090 200 70 23 17 262 89 210 73 90 37 254 87 3 11 102 41 202 71 27 18 148 55 77 33 78 34 141 53 5 12 246 84 280 94 37 21 175 63 53 26
370 20 2060 250 85 180 64 212 74 300 100 47 24 187 66 195 69 36 21 43 23 105 42 78 34 56 27 96 39 232 80 156 57 40 22 22 17 103 41 194 68 43 23
371 20 2543 177 63 168 61 251 86 235 81 44 24 13 14 161 59 132 50 135 51 268 91 278 94 96 39 23 17 197 70 157 57 280 94 131 50 63 29 240 82 130 49
372 20 2453 298 100 185 66 179 64 167 60 44 24 161 59 251 86 156 57 234 80 291 98 132 50 12 14 184 66 53 26 129 49 163 59 180 64 108 43 66 30 74 33
373 20 1960 180 64 250 85 174 62 57 27 149 55 219 76 25 18 254 86 219 76 81 35 37 21 42 23 198 70 61 29 281 95 29 19 62 29 91 38 19 16 22 17
374 20 2052 89 37 237 81 10 13 11 14 117 45 96 39 153 56 223 77 53 26 228 79 216 75 176 63 5 12 185 66 20 16 124 48 16 15 282 95 134 51 191 68
375 20 2517 115 45 74 32 131 50 258 88 154 57 224 78 94 39 121 47 69 31 121 47 244 84 161 59 135 51 251 86 245 84 109 43 234 80 209 73 132 50 66 30
376 20 2748 195 69 213 74 70 31 85 36 145 54 221 77 159 58 80 34 232 80 288 97 115 45 42 23 134 51 144 54 233 80 291 98 62 29 249 85 227 79 250 85
377 20 2756 191 68 149 55 110 43 253 86 262 89 177 64 113 44 276 93 164 60 19 16 179 64 221 77 148 55 171 62 211 74 23 17 122 47 152 56 250 85 254 86
378 20 2357 259 88 108 43 47 24 193 68 12 14 288 97 149 55 183 65 226 78 35 21 59 28 114 44 8 13 218 76 16 15 37 21 280 94 238 82 189 67 288 97
379 20 1721 84 35 209 73 62 29 270 91 67 30 114 44 177 63 181 65 166 60 139 52 55 27 102 41 43 23 74 32 5 12 139 52 101 41 61 29 12 14 91 38
380 20 1988 41 23 112 44 181 65 53 26 33 20 295 99 157 57 130 49 296 99 68 31 137 52 120 46 125 48 65 30 248 85 124 47 173 62 24 18 22 17 81 35
381 20 2759 83 35 76 33 178 64 236 81 162 59 21 17 271 92 114 45 273 92 75 33 258 88 76 33 276 93 272 92 159 58 217 76 264 90 289 97 127 48 22 17
382 20 2220 157 57 175 63 93 38 175 63 267 90 194 68 23 17 141 53 239 82 53 26 128 49 43 23 140 52 184 66 289 97 138 52 39 22 15 15 233 80 50 25
383 20 2095 161 59 255 87 41 23 67 31 1 11 62 29 86 36 112 44 119 46 90 37 215 75 203 71 110 43 276 93 207 72 36 21 299 100 91 38 69 31 119 46
384 20 2512 110 43 247 84 258 88 68 31 193 68 113 44 51 26 183 65 142 53 141 53 62 29 85 36 290 97 44 24 109 43 296 99 49 25 281 95 265 90 153 56
385 20 2549 141 53 211 74 107 42 224 78 154 57 137 51 245 84 184 66 36 21 78 34 2 11 147 54 243 83 153 56 184 65 208 73 243 83 243 83 72 32 175 63
386 20 2230 128 49 188 67 36 21 93 38 146 54 251 86 28 19 104 42 234 81 48 25 168 61 280 94 127 48 266 90 241 83 20 16 116 45 170 61 52 26 92 38
387 20 2653 260 88 20 16 229 79 152 56 223 77 245 84 220 76 209 73 95 39 143 53 11 14 103 41 195 69 22 17 220 76 8 13 294 99 220 76 169 61 279 94
388 20 2597 126 48 212 74 186 66 233 80 211 74 245 84 141 53 10 13 229 79 7 12 128 49 251 86 106 42 186 66 85 36 27 19 136 51 194 69 237 81 297 99
389 20 2472 225 78 112 44 133 50 242 83 154 57 120 46 209 73 171 62 178 64 277 94 112 44 189 67 19 16 34 20 60 28 204 72 163 59 190 67 84 36 215 75
390 20 2294 35 21 69 31 150 55 128 49 140 52 106 42 93 38 67 30 111 44 64 30 263 89 283 95 278 94 270 91 63 29 148 55 139 52 143 53 50 25 268 91
391 20 2320 222 77 168 61 196 69 65 30 228 79 247 84 134 51 163 59 88 37 106 42 156 57 91 38 32 20 165 60 283 95 146 54 127 48 102 41 138 52 44 23
392 20 2356 34 21 237 81 18 16 130 49 234 80 32 20 186 66 58 28 121 47 51 26 128 49 242 83 137 51 285 96 240 82 148 55 190 67 215 75 46 24 213 74
393 20 2258 172 62 150 55 103 41 125 48 200 70 17 15 60 28 148 55 146 54 93 38 153 56 283 95 232 80 296 99 53 26 274 93 107 42 21 17 129 49 61 29
394 20 3344 289 97 238 82 277 94 283 95 187 67 92 38 101 41 266 90 106 42 68 31 144 54 214 75 248 85 136 51 299 100 229 79 281 95 296 99 170 61 256 87
395 20 2340 16 15 286 96 66 30 90 37 160 58 205 72 243 83 33 20 76 33 190 67 166 60 137 51 45 24 107 43 171 62 211 74 211 74 198 70 84 36 231 80
396 20 2380 208 73 247 84 150 55 177 64 33 20 45 24 129 49 91 38 248 85 5 12 78 34 197 69 64 30 200 70 247 85 270 91 165 60 209 73 167 60 46 24
397 20 2328 132 50 212 74 77 33 203 71 171 62 147 54 53 26 181 65 168 61 116 45 140 52 37 21 221 77 96 39 218 76 23 17 124 48 280 94 289 97 22 17
398 20 2497 246 84 181 65 102 41 120 46 265 90 171 62 276 93 138 52 76 33 97 40 137 51 257 88 97 39 71 32 67 31 257 87 52 26 252 86 19 16 241 83
399 20 2450 91 38 167 61 105 42 198 70 140 52 12 14 241 83 288 97 159 58 285 96 8 13 295 99 30 19 1 11 251 86 134 50 15 15 291 98 197 69 155 57
400 20 2410 133 50 120 46 114 45 265 90 239 82 21 17 153 56 152 56 12 14 291 98 108 43 16 15 72 32 230 79 65 30 237 81 162 59 264 90 87 37 272 92
401 20 2484 269 91 246 84 176 63 291 98 28 19 249 85 179 64 177 63 164 59 73 32 177 63 225 78 22 17 43 23 106 42 79 34 290 97 224 78 56 27 31 20
402 20 2703 106 42 185 66 191 68 147 55 207 73 282 95 167 60 14 15 82 35 266 90 267 90 16 15 208 73 271 92 7 12 35 21 238 82 276 93 170 61 244 84
403 20 2679 52 26 53 26 58 28 280 94 218 76 204 72 183 65 41 23 299 100 109 43 218 76 270 91 269 91 250 85 177 64 98 40 27 18 225 78 197 69 121 47
404 20 2363 76 33 276 93 24 17 204 72 259 88 39 22 256 87 204 71 168 61 10 13 33 20 246 84 38 22 275 93 219 76 33 20 225 78 240 82 46 24 83 35
405 20 2152 227 79 15 15 284 95 13 14 205 72 131 50 183 65 149 55 167 61 11 14 194 69 291 98 85 36 132 50 165 60 86 36 134 51 192 68 19 16 8 13
406 20 2044 237 81 64 30 201 71 289 97 8 13 121 47 211 74 56 27 26 18 249 85 151 56 81 35 58 28 184 66 13 14 54 26 68 31 240 82 109 43 135 51
407 20 2495 78 34 59 28 244 84 36 21 234 81 59 28 210 73 268 91 270 91 138 52 165 60 166 60 25 18 279 94 204 71 10 13 9 13 174 63 275 93 216 75
408 20 2380 42 23 294 98 59 28 210 73 150 55 112 44 39 22 131 50 279 94 293 98 208 73 138 52 184 66 119 46 72 32 129 49 282 95 150 55 32 20 52 26
409 20 2196 214 75 104 41 103 41 164 60 192 68 176 63 9 13 124 48 5 12 245 84 162 59 1 11 52 26 108 43 243 83 2 11 256 87 127 48 262 89 196 69
410 20 2268 286 96 150 55 209 73 248 85 33 20 203 71 194 69 226 78 78 34 177 63 136 51 36 21 5 12 2 11 84 35 262 89 89 37 2 11 216 75 199 70
411 20 2513 255 87 288 97 280 94 237 81 7 12 13 14 258 88 207 72 18 16 169 61 70 31 15 15 138 52 6 12 277 93 188 67 283 95 192 68 167 60 74 32
412 20 2438 271 92 252 86 81 35 64 29 215 75 227 78 296 99 131 50 298 100 31 20 206 72 171 62 128 49 269 91 62 29 20 16 3 11 78 34 84 36 161 59
413 20 2798 178 64 87 36 294 98 104 42 167 60 53 26 255 87 77 33 276 93 29 19 298 100 295 99 200 70 20 16 196 69 267 90 182 65 165 60 58 28 297 99
414 20 1915 220 76 24 17 286 96 60 28 116 45 253 86 252 86 206 72 5 12 73 32 139 52 13 14 126 48 37 22 43 23 1 11 32 20 99 40 207 73 202 71
415 20 2236 36 21 54 26 76 33 113 44 20 16 267 90 257 88 188 67 100 40 103 41 32 20 130 49 268 91 91 38 208 73 116 45 285 96 146 54 154 57 152 56
416 20 2832 292 98 203 71 93 38 107 43 280 94 105 42 214 75 294 99 21 17 73 32 295 99 30 19 199 70 206 72 277 93 122 47 52 26 297 100 102 41 278 94
417 20 2569 183 65 171 62 274 93 188 67 100 40 159 58 73 32 270 91 222 77 66 30 271 92 25 18 121 47 179 64 203 71 185 66 84 36 241 83 96 39 101 41
418 20 2256 199 70 86 36 195 69 156 57 70 31 104 42 178 64 119 46 92 38 132 50 82 35 234 81 252 86 74 32 119 46 138 52 161 59 42 23 290 97 97 40
419 20 1562 107 43 70 31 155 57 48 25 112 44 53 26 10 13 273 92 151 56 65 30 57 27 29 19 9 13 4 12 206 72 244 83 35 21 177 64 121 47 27 18
420 20 2556 288 97 65 30 230 79 64 30 185 66 116 45 143 53 293 98 273 92 117 45 96 39 45 24 234 81 107 43 143 53 222 77 30 19 189 67 124 48 232 80
421 20 1924 132 50 45 24 264 90 12 14 65 30 114 44 129 49 32 20 111 44 288 97 109 43 223 77 299 100 174 63 56 27 96 39 80 34 22 17 135 51 19 16
422 20 2518 270 91 57 28 252 86 94 39 3 11 255 87 164 60 233 80 174 63 64 29 54 27 224 78 59 28 250 85 120 46 272 92 124 47 102 41 151 56 226 78
423 20 2548 224 78 207 72 168 61 263 89 172 62 235 81 111 44 96 39 273 92 137 51 62 29 257 87 81 35 76 33 3 11 214 75 6 12 185 66 150 55 266 90
424 20 2065 31 20 35 21 176 63 185 66 1 11 124 48 170 61 81 35 225 78 280 94 275 93 11 14 143 53 167 60 76 33 87 36 88 37 190 67 1 11 236 81
425 20 2768 139 52 197 70 184 65 157 57 185 66 242 83 231 80 208 73 76 33 244 83 35 21 289 97 53 26 271 92 129 49 116 45 215 75 159 58 145 54 186 66
426 20 2197 190 67 131 50 245 84 36 21 160 58 125 48 167 60 66 30 250 85 180 64 151 56 249 85 62 29 80 34 225 78 17 16 138 52 148 55 106 42 21 17
427 20 2184 243 83 13 14 202 71 273 92 44 24 84 36 242 83 139 52 154 56 9 13 206 72 156 57 214 74 51 26 178 64 69 31 132 50 99 40 195 69 28 19
428 20 2175 246 84 40 22 157 57 260 88 52 26 155 57 20 16 65 30 219 76 130 49 44 24 149 55 86 36 246 84 51 26 100 40 123 47 280 94 134 51 162 59
429 20 2916 146 54 238 82 178 64 181 65 288 97 72 32 222 77 217 76 155 57 113 44 218 76 296 99 286 96 109 43 231 80 193 68 92 38 80 34 176 63 155 57
430 20 2491 228 79 132 50 214 75 205 72 1 11 204 71 156 57 19 16 198 70 295 99 238 82 17 15 41 23 146 54 275 93 107 42 136 51 297 99 78 34 127 48
431 20 2080 39 22 238 82 166 60 98 40 99 40 205 72 48 25 4 11 121 47 298 100 14 15 245 84 174 62 21 17 300 100 74 33 7 13 105 42 70 31 274 93
432 20 2772 232 80 285 96 272 92 96 39 271 92 205 72 154 57 44 24 57 27 35 21 154 57 219 76 1 11 188 67 226 78 275 93 193 68 97 39 296 99 165 60
433 20 2083 79 34 248 85 272 92 154 57 16 15 202 71 54 27 86 36 59 28 136 51 202 71 191 68 152 56 154 57 64 30 142 53 130 49 10 13 230 79 23 17
434 20 2877 287 96 229 79 112 44 193 68 1 11 119 46 241 83 296 99 280 94 97 40 232 80 208 73 212 74 89 37 143 53 134 51 275 93 121 47 287 97 41 23
435 20 2698 226 78 245 84 61 29 224 77 145 54 222 77 126 48 172 62 244 84 249 85 35 21 152 56 6 12 228 79 3 11 230 79 299 100 260 88 151 56 95 39
436 20 2890 84 35 76 33 283 95 252 86 203 71 125 48 182 65 79 34 278 94 265 90 290 97 135 51 214 75 30 19 243 83 72 32 101 41 223 77 261 89 217 76
437 20 2585 250 85 138 52 205 72 249 85 173 62 107 42 61 29 254 86 229 79 263 89 151 56 88 37 46 24 155 57 174 62 227 78 110 43 118 46 173 62 61 29
438 20 2362 164 60 17 15 184 65 295 99 201 71 9 13 105 42 20 16 205 72 193 68 127 48 170 61 293 98 200 70 238 82 2 11 104 42 49 25 250 85 127 49
439 20 2160 14 15 253 86 224 78 188 67 129 49 186 66 19 16 160 58 43 23 34 21 54 27 37 21 180 64 154 57 186 66 94 39 81 35 257 87 210 73 197 70
440 20 2384 26 18 180 64 242 83 190 67 253 86 258 88 180 64 273 92 103 41 82 35 255 87 3 11 58 28 108 43 104 42 50 25 90 37 10 13 299 100 216 75
441 20 2017 148 55 25 18 45 24 13 14 239 82 1 11 128 49 173 62 123 47 234 81 14 15 9 13 157 58 198 70 74 33 250 85 66 30 158 58 172 62 295 99
442 20 2351 158 58 65 30 227 78 68 31 46 24 122 47 188 67 289 97 45 24 157 58 261 89 69 31 42 23 157 58 198 70 186 66 63 29 241 83 177 64 180 64
443 20 2226 242 83 27 18 295 99 206 72 60 28 182 65 66 30 246 84 120 46 194 69 103 41 108 43 151 56 55 27 150 55 114 45 47 24 58 28 181 65 178 64
444 20 1848 169 61 28 19 46 24 37 22 67 30 148 55 63 29 34 21 24 17 97 39 10 13 265 90 52 26 263 89 259 88 270 91 51 26 160 58 19 16 249 85
445 20 2170 263 89 105 42 115 45 148 55 40 22 3 11 96 39 225 78 165 60 23 17 299 100 252 86 63 29 36 21 69 31 178 64 84 35 128 49 271 92 150 55
446 20 2409 125 48 164 60 216 75 99 40 78 34 12 14 114 45 61 29 110 43 269 91 292 98 270 91 140 52 263 89 157 58 252 86 23 17 118 46 110 43 139 52
447 20 2563 193 68 51 26 125 48 82 35 288 97 190 67 104 42 171 62 100 40 239 82 296 99 135 51 186 66 147 54 295 99 56 27 48 25 109 43 153 56 236 81
448 20 2344 223 77 131 50 220 76 95 39 223 77 4 12 249 85 284 96 117 45 111 44 86 36 163 59 31 20 130 49 41 23 148 55 58 28 238 82 137 52 241 83
449 20 2646 161 59 73 32 141 53 287 97 166 60 300 100 42 23 276 93 226 78 167 60 264 90 27 18 96 39 72 32 256 87 147 55 96 39 150 55 209 73 152 56
450 20 2400 207 72 157 57 188 67 20 16 229 79 14 14 188 67 200 70 8 13 214 75 192 68 197 70 59 28 97 40 140 52 259 88 115 45 52 26 273 92 191 68
451 20 2519 123 47 98 40 88 37 110 43 274 92 187 67 169 61 169 61 259 88 162 59 45 24 193 68 72 32 212 74 82 35 270 91 136 51 156 57 281 95 63 29
452 20 2675 73 32 78 34 108 43 239 82 80 34 260 88 76 33 167 60 229 79 298 100 115 45 241 83 292 98 260 88 274 93 239 82 273 92 7 13 31 20 4 12
453 20 2515 227 78 209 73 277 94 118 46 212 74 225 78 44 24 14 14 68 31 205 72 1 11 184 66 81 35 103 41 207 72 26 18 299 100 126 48 225 78 293 98
454 20 1876 158 58 1 11 124 48 33 20 18 16 58 28 76 33 142 53 155 57 130 49 124 48 113 44 32 20 93 38 298 100 246 84 30 19 266 90 28 19 221 77
455 20 2701 70 31 183 65 70 31 11 14 119 46 278 94 287 96 181 65 254 87 60 28 148 55 199 70 225 78 289 97 119 46 237 82 230 79 7 13 222 77 188 67
456 20 2528 170 61 247 84 224 78 114 44 60 28 246 84 179 64 152 56 38 22 3 11 230 79 257 88 59 28 113 44 68 31 251 86 290 97 245 84 40 22 174 62
457 20 2393 183 65 213 74 165 60 159 58 72 32 202 71 214 74 193 68 126 48 40 22 60 28 186 66 163 59 203 71 126 48 47 24 107 43 214 75 258 88 61 29
458 20 2281 68 31 169 61 151 56 117 45 156 57 287 96 92 38 147 54 245 84 191 68 14 14 77 33 85 36 217 76 193 68 29 19 265 90 74 33 160 58 115 45
459 20 2664 261 89 212 74 187 66 293 98 212 74 127 48 90 37 131 50 85 36 169 61 9 13 206 72 77 34 70 31 292 98 277 93 38 22 156 57 189 67 250 85
460 20 2424 27 18 217 75 287 97 179 64 171 62 235 81 26 18 154 57 268 91 240 82 18 16 23 17 21 17 208 73 229 79 8 13 275 93 72 32 252 86 121 47
461 20 2443 16 15 168 61 25 18 2 11 159 58 245 84 83 35 48 25 255 87 282 95 185 66 132 50 76 33 268 91 186 66 230 79 217 75 4 12 279 94 194 69
462 20 1952 58 28 157 58 36 21 183 65 129 49 267 90 178 64 239 82 190 67 201 71 13 14 23 17 19 16 46 24 102 41 245 84 105 42 96 39 4 12 150 55
463 20 2600 70 31 297 99 138 52 262 89 19 16 294 99 139 52 62 29 83 35 192 68 88 37 272 92 165 60 8 13 247 84 213 74 235 81 17 15 249 85 201 71
464 20 2380 281 95 213 74 155 57 49 25 237 81 68 31 114 45 63 29 280 94 12 14 220 76 196 69 193 68 133 50 96 39 131 50 68 31 146 54 79 34 241 83
465 20 2479 14 14 167 60 157 57 38 22 8 13 111 44 234 81 232 80 35 21 203 71 298 100 246 84 58 28 188 67 153 56 178 64 199 70 115 45 239 82 226 78
466 20 2215 92 38 74 33 110 43 250 85 137 51 141 53 176 63 9 13 91 38 6 12 156 57 40 22 171 62 248 85 2 11 245 84 252 86 5 12 282 95 282 95
467 20 2613 148 55 228 79 254 86 118 46 102 41 145 54 283 95 268 91 178 64 20 16 100 40 39 22 167 60 195 69 153 56 3 11 241 83 116 45 257 88 252 86
468 20 2223 236 81 66 30 88 37 109 43 92 38 151 56 239 82 29 19 180 64 296 99 140 52 128 49 99 40 233 80 4 12 45 24 268 91 64 30 188 67 124 47
469 20 2652 21 17 32 20 193 68 32 20 225 78 189 67 245 84 299 100 295 99 203 71 135 51 278 94 182 65 51 26 139 52 72 32 173 62 270 91 216 75 65 30
470 20 2488 102 41 59 28 39 22 272 92 299 100 185 66 113 44 222 77 216 75 194 69 67 30 263 89 11 14 175 63 124 48 149 55 99 40 273 92 78 34 170 61
471 20 2209 254 86 65 30 288 97 60 28 204 72 216 75 172 62 53 26 231 80 230 79 99 40 259 88 14 15 94 39 118 46 52 26 97 39 20 16 74 33 162 59
472 20 2229 5 12 73 32 224 78 89 37 44 23 159 58 282 95 84 35 70 31 57 27 48 25 168 61 157 57 199 70 120 46 203 71 195 69 234 80 201 71 175 63
473 20 2202 143 53 133 50 235 81 224 78 226 78 216 75 19 16 80 34 234 81 2 11 260 88 5 12 86 36 89 37 286 96 117 46 13 14 22 17 131 50 232 80
474 20 2061 94 39 9 13 148 55 142 53 210 73 90 37 47 24 220 76 87 37 299 100 197 69 114 45 1 11 57 28 260 88 173 62 227 78 183 65 13 14 6 12
475 20 2218 165 60 133 50 1 11 201 71 192 68 184 66 38 22 221 77 134 50 181 65 274 93 24 17 299 100 97 39 225 78 123 47 160 58 11 14 57 27 53 26
476 20 2012 243 83 113 44 153 56 235 81 23 17 141 53 292 98 101 41 173 62 183 65 2 11 51 26 22 17 209 73 39 22 15 15 85 36 70 31 262 89 103 41
477 20 2515 86 36 159 58 196 69 125 48 160 58 297 100 58 28 113 44 218 76 100 40 222 77 288 97 39 22 295 99 1 11 143 53 106 42 96 39 265 90 177 64
478 20 2420 72 32 161 59 237 81 204 72 281 95 65 30 124 48 256 87 8 13 170 61 207 72 153 56 156 57 56 27 293 98 4 12 149 55 247 84 83 35 99 40
479 20 2769 238 82 208 73 213 74 145 54 20 16 153 56 145 54 128 49 237 81 192 68 197 69 151 56 170 61 234 81 243 83 171 62 285 96 77 33 243 83 12 14
480 20 2075 296 99 66 30 142 53 293 98 247 85 22 17 212 74 97 40 69 31 231 80 254 87 23 17 133 50 59 28 1 11 131 50 126 48 88 37 12 14 92 38
481 20 2716 91 38 232 80 287 96 107 42 255 87 162 59 2 11 119 46 288 97 294 98 189 67 86 36 192 68 1 11 151 56 107 42 264 90 157 58 229 79 183 65
482 20 2714 219 76 265 90 85 36 299 100 149 55 249 85 299 100 14 15 8 13 171 62 166 60 256 87 272 92 60 28 6 12 152 56 117 46 194 68 244 84 168 61
483 20 2976 115 45 167 60 152 56 113 44 278 94 186 66 134 51 127 49 138 52 230 79 223 77 211 74 193 68 233 80 190 67 280 94 204 72 285 96 31 20 231 80
484 20 2326 126 48 106 42 164 59 84 36 94 39 91 38 120 46 37 21 66 30 176 63 230 79 197 69 212 74 161 59 166 60 293 98 72 32 187 66 223 77 103 41
485 20 2829 283 95 212 74 175 63 288 97 45 24 284 96 169 61 154 57 41 23 255 87 107 42 221 77 96 39 290 97 17 15 169 61 90 37 151 56 212 74 278 94
486 20 1844 108 43 5 12 130 49 249 85 24 18 240 82 294 98 99 40 101 41 54 27 30 19 84 36 13 14 124 47 100 40 4 11 137 51 113 44 256 87 141 53
487 20 2492 284 96 196 69 55 27 107 43 55 27 62 29 283 95 63 29 217 76 60 28 137 51 217 75 171 62 178 64 200 70 283 95 198 70 14 14 286 96 49 25
488 20 2419 34 21 162 59 36 21 290 97 263 89 142 53 104 41 143 53 66 30 143 53 121 47 113 44 217 75 264 89 222 77 78 34 248 85 140 52 232 80 6 12
489 20 2375 103 41 80 34 253 86 269 91 21 17 169 61 93 38 290 97 295 99 102 41 73 32 82 35 175 63 69 31 81 35 242 83 73 32 177 64 294 98 28 19
490 20 2496 261 89 39 22 25 18 143 53 194 69 247 84 211 74 31 20 242 83 65 30 274 93 136 51 131 50 16 15 289 97 222 77 197 69 264 90 87 36 47 25
491 20 2461 87 36 119 46 261 89 16 15 200 70 214 75 58 28 293 98 81 35 290 97 196 69 224 78 71 32 106 42 133 50 280 94 27 19 92 38 116 45 213 74
492 20 2440 34 20 247 84 209 73 4 12 13 14 98 40 251 86 123 47 60 28 84 36 193 68 250 85 273 92 37 22 113 44 200 70 58 28 245 84 281 95 278 94
493 20 2426 139 52 256 87 47 24 172 62 65 30 83 35 130 49 218 76 179 64 156 57 122 47 183 65 209 73 128 49 21 17 277 93 231 80 12 14 202 71 203 71
494 20 2617 102 41 272 92 43 23 201 71 197 69 66 30 97 39 174 63 48 25 93 38 153 56 21 17 268 91 153 56 244 84 233 80 139 52 261 89 252 86 255 87
495 20 2552 9 13 143 53 131 50 211 74 28 19 207 73 158 58 232 80 261 89 29 19 259 88 232 80 202 71 21 17 42 23 267 90 271 92 154 56 166 60 167 60
496 20 2524 60 28 198 70 177 63 120 46 102 41 104 41 194 69 32 20 178 64 253 86 169 61 243 83 246 84 230 79 290 97 21 17 6 12 246 84 54 27 232 80
497 20 2272 68 31 271 92 98 40 38 22 182 65 44 24 2 11 55 27 248 85 251 86 49 25 232 80 226 78 266 90 23 17 131 50 220 76 104 42 103 41 229 79
498 20 2671 296 99 210 73 163 59 40 22 137 51 218 76 130 49 99 40 91 38 200 70 223 77 261 89 232 80 153 56 236 81 3 11 96 39 116 45 165 60 270 91
499 20 2593 245 84 293 98 97 40 93 38 188 67 233 80 134 51 244 84 67 31 193 68 115 45 124 48 51 26 152 56 125 48 172 62 154 57 167 60 125 48 270 91
500 20 2536 12 14 211 74 289 97 194 69 253 86 105 42 298 100 93 38 159 58 19 16 101 41 254 87 204 72 129 49 184 66 74 32 94 39 52 26 229 79 217 75
