1 15 4108 0 1 0 0 1 0 0 0 0 1 0 0 0 0 1 0.0
2 15 5508 1 0 0 1 0 0 0 0 0 1 0 0 0 1 1 0.0
3 15 4612 0 1 0 0 1 1 0 0 1 0 0 0 0 0 0 0.0
4 15 5565 0 0 1 0 0 1 0 0 1 0 0 1 1 0 0 0.0
5 15 5126 0 1 0 1 0 0 0 0 0 1 1 0 1 1 0 0.0
6 15 4041 1 0 0 0 1 0 0 0 0 0 0 0 0 1 1 0.0
7 15 4486 0 0 0 1 1 0 0 0 0 0 1 1 1 0 0 0.0
8 15 5036 0 0 0 1 0 1 1 0 0 0 0 1 0 1 0 0.0
9 15 5282 0 0 0 1 1 0 1 0 0 0 1 0 1 0 0 0.0
10 15 6842 0 1 0 1 0 0 0 0 1 1 0 0 1 0 1 0.0
11 15 3824 0 0 0 0 0 0 1 0 0 0 1 0 1 0 1 0.0
12 15 4549 0 1 0 0 1 0 0 0 0 1 0 1 0 1 0 0.0
13 15 4841 1 0 0 1 1 0 0 0 1 0 0 0 0 0 1 0.0
14 15 7111 1 1 1 0 1 0 0 0 1 1 0 0 0 0 0 0.0
15 15 5012 0 0 1 1 0 0 1 0 0 0 0 1 0 1 0 0.0
16 15 6088 0 1 0 1 1 0 0 0 0 0 1 0 0 0 1 0.0
17 15 4903 0 1 0 1 0 0 0 1 0 0 0 1 0 1 0 0.0
18 15 4178 0 0 0 0 0 0 0 1 0 0 0 1 0 1 0 0.0
19 15 3581 0 0 1 0 0 0 1 0 0 0 0 1 1 0 0 0.0
20 15 5713 0 1 0 0 0 1 0 0 0 1 0 0 1 0 0 0.0
21 15 5530 1 0 1 0 0 1 0 1 0 0 0 1 0 0 0 0.0
22 15 4747 0 0 0 0 1 0 0 1 0 1 0 0 1 1 0 0.0
23 15 7064 0 0 0 1 0 0 0 1 0 1 1 1 1 0 0 0.0
24 15 5968 1 0 1 0 0 0 1 0 1 0 0 0 1 0 0 0.0
25 15 4688 0 0 0 0 0 0 0 1 0 1 0 1 0 0 1 0.0
26 15 6343 1 0 0 0 1 0 0 1 0 0 0 0 0 1 1 0.0
27 15 5136 0 0 1 1 0 0 0 0 0 0 1 0 1 0 0 0.0
28 15 4405 1 0 0 1 0 1 0 1 0 0 1 0 0 0 0 0.0
29 15 4987 0 0 0 0 0 0 0 1 0 1 1 0 0 1 0 0.0
30 15 4443 0 1 0 0 0 1 1 0 0 0 0 1 0 0 0 0.0
31 15 4707 0 1 1 1 0 0 0 0 0 0 1 0 0 0 0 0.0
32 15 5249 0 0 0 0 0 0 0 0 0 0 1 0 1 1 1 0.0
33 15 4793 0 1 0 1 1 0 0 1 0 1 0 0 0 0 0 0.0
34 15 5496 0 1 0 0 1 0 0 0 1 1 0 0 0 1 0 0.0
35 15 5134 0 1 0 0 0 1 0 1 0 0 0 0 0 1 1 0.0
36 15 5798 0 0 1 0 1 0 0 0 0 0 0 1 1 1 0 0.0
37 15 4196 0 1 0 0 1 0 0 0 1 0 0 0 0 0 1 0.0
38 15 4527 1 0 0 0 0 0 0 1 0 0 0 1 1 0 0 0.0
39 15 5020 0 0 0 0 1 0 0 0 0 0 1 0 1 1 0 0.0
40 15 4801 1 0 0 0 0 0 0 1 0 0 1 1 0 0 0 0.0
41 15 7045 1 0 1 0 0 0 1 0 0 1 1 0 1 0 0 0.0
42 15 8523 1 1 0 1 0 0 0 0 0 1 0 1 1 0 1 0.0
43 15 4829 0 1 0 0 0 1 0 0 0 0 1 0 0 0 1 0.0
44 15 4753 0 0 1 0 0 1 0 0 0 0 0 1 1 0 0 0.0
45 15 4863 0 0 1 0 0 0 1 0 0 1 0 1 0 1 0 0.0
46 15 5840 0 0 1 0 1 0 0 1 0 0 1 1 1 1 0 0.0
47 15 5436 0 0 1 0 1 0 0 0 1 1 0 0 0 0 1 0.0
48 15 4963 0 0 0 1 0 0 0 1 0 0 1 1 1 0 0 0.0
49 15 6764 1 0 0 0 0 0 0 1 0 0 1 1 0 1 1 0.0
50 15 4985 0 0 0 1 0 0 1 0 0 0 1 1 0 0 0 0.0
51 15 5765 1 0 1 1 0 0 0 0 0 0 1 0 0 0 1 0.0
52 15 5643 0 1 1 0 0 1 0 0 0 1 0 0 1 0 0 0.0
53 15 3874 0 0 0 0 0 1 0 0 1 0 0 0 0 1 0 0.0
54 15 5551 0 0 1 0 1 0 1 0 1 0 1 0 0 0 0 0.0
55 15 3531 1 0 1 1 0 0 0 1 1 0 0 0 0 0 0 0.0
56 15 5265 1 0 0 0 0 0 0 1 1 0 0 0 0 1 0 0.0
57 15 3677 1 0 0 0 1 1 0 0 1 0 0 0 0 0 0 0.0
58 15 4430 1 1 0 0 0 0 0 0 1 0 1 0 0 0 0 0.0
59 15 5872 0 0 1 1 0 1 0 0 0 1 0 1 0 0 0 0.0
60 15 4053 0 0 1 0 1 0 1 1 0 0 0 0 1 0 0 0.0
61 15 4835 1 0 1 0 0 0 1 0 0 0 0 0 0 1 0 0.0
62 15 8123 0 0 1 1 1 1 0 0 1 0 1 0 0 0 0 0.0
63 15 6065 0 1 1 0 0 0 1 0 0 1 0 0 0 0 1 0.0
64 15 4708 0 0 0 0 0 0 1 1 0 0 1 0 0 0 1 0.0
65 15 6178 0 0 0 1 0 1 1 1 1 0 0 0 0 1 0 0.0
66 15 4991 1 0 0 0 1 0 0 0 0 1 0 0 0 1 1 0.0
67 15 3821 0 0 0 1 1 0 1 0 0 0 0 1 0 0 0 0.0
68 15 6068 1 1 1 0 0 1 1 0 0 0 1 0 0 0 0 0.0
69 15 4328 0 0 0 1 0 0 0 0 0 0 1 0 1 1 0 0.0
70 15 4805 0 0 0 0 1 0 1 1 1 0 0 0 0 0 0 0.0
71 15 5630 0 0 0 1 1 0 1 0 0 0 0 1 1 0 0 0.0
72 15 5695 1 1 0 1 0 1 0 0 0 1 0 0 0 0 1 0.0
73 15 6377 1 0 0 0 1 1 0 1 0 0 0 1 0 0 0 0.0
74 15 6342 1 1 0 1 1 0 0 0 0 1 0 0 0 0 1 0.0
75 15 3166 0 0 0 0 0 1 0 1 1 1 0 0 0 0 0 0.0
76 15 4394 0 1 0 1 1 1 0 0 0 0 0 0 0 0 0 0.0
77 15 6484 0 1 1 0 1 1 0 0 0 1 0 0 1 0 0 0.0
78 15 5135 0 0 0 1 1 1 1 0 0 0 0 0 0 0 0 0.0
79 15 6583 0 0 0 0 0 0 0 1 1 0 1 0 1 0 1 0.0
80 15 5431 1 0 0 0 0 1 0 0 0 1 1 0 0 0 0 0.0
81 15 6877 1 1 0 1 0 0 0 0 1 0 0 1 1 0 1 0.0
82 15 5247 1 0 0 1 0 0 0 1 0 0 1 1 0 0 0 0.0
83 15 5504 1 1 0 1 1 1 0 0 0 0 0 0 0 0 0 0.0
84 15 5124 0 0 0 0 0 1 0 0 1 0 0 0 1 1 0 0.0
85 15 3991 0 1 0 1 0 1 0 0 0 1 0 0 0 0 0 0.0
86 15 7359 1 0 0 1 1 0 0 0 0 1 1 1 0 0 0 0.0
87 15 4392 0 1 1 0 1 0 0 0 1 0 0 0 0 0 0 0.0
88 15 3340 1 0 0 0 0 0 1 0 1 0 1 0 0 0 0 0.0
89 15 4635 0 0 0 1 0 1 1 0 1 1 0 0 0 0 0 0.0
90 15 2286 0 0 1 0 0 0 0 1 0 0 0 0 0 1 0 0.0
91 15 5183 0 1 1 0 0 1 0 1 0 0 0 0 0 1 0 0.0
92 15 6202 0 1 1 0 0 1 1 0 0 0 0 1 0 0 1 0.0
93 15 5941 1 0 1 1 0 1 1 0 0 0 0 0 1 0 0 0.0
94 15 5815 1 0 0 0 0 0 1 0 1 1 0 0 0 0 0 0.0
95 15 5870 1 0 0 1 0 1 0 0 0 1 1 0 1 0 0 0.0
96 15 6351 0 0 0 0 1 0 1 0 1 1 0 0 1 0 0 0.0
97 15 4838 0 0 0 0 0 1 1 1 0 0 0 0 0 1 0 0.0
98 15 4089 0 0 0 1 1 0 0 0 0 0 1 0 1 0 0 0.0
99 15 4414 1 1 0 0 0 0 1 0 0 0 0 1 0 1 0 0.0
100 15 4908 0 0 0 0 0 1 1 0 0 0 0 0 1 0 1 0.0
101 15 5665 1 1 0 0 0 0 0 0 0 1 1 0 0 1 1 0.0
102 15 4816 0 1 0 0 0 1 0 1 1 0 0 0 0 0 0 0.0
103 15 5404 0 0 0 0 0 0 0 0 1 1 0 1 1 0 0 0.0
104 15 3831 0 1 0 0 0 0 0 0 1 1 0 1 0 0 0 0.0
105 15 5854 0 1 0 0 1 0 1 0 1 1 0 0 0 0 1 0.0
106 15 4726 1 1 0 0 1 0 0 0 0 0 0 0 0 1 0 0.0
107 15 4482 0 0 1 0 0 1 0 0 0 0 0 1 0 1 1 0.0
108 15 5226 0 1 0 0 1 0 0 1 0 0 1 1 0 0 0 0.0
109 15 5810 0 1 1 0 0 0 0 0 1 0 0 1 1 0 1 0.0
110 15 5347 0 0 0 0 1 1 0 0 0 0 1 0 1 1 0 0.0
111 15 4943 0 0 0 0 0 0 1 1 0 0 0 1 0 1 1 0.0
112 15 4619 1 0 0 0 0 1 0 0 1 1 0 0 0 0 0 0.0
113 15 4707 1 0 0 0 1 0 0 1 1 0 0 0 0 1 0 0.0
114 15 5508 1 0 0 0 0 0 0 1 0 1 0 1 0 1 0 0.0
115 15 4571 0 0 1 0 0 1 1 1 0 0 0 0 1 0 0 0.0
116 15 5761 1 0 0 0 1 0 1 0 1 0 0 0 1 1 0 0.0
117 15 4930 1 0 1 0 0 0 0 1 0 0 0 0 0 0 1 0.0
118 15 6497 1 0 0 1 0 0 0 0 1 1 0 1 0 0 0 0.0
119 15 5569 1 0 0 0 1 1 0 0 0 1 0 0 0 1 0 0.0
120 15 4967 1 1 0 0 0 0 0 1 0 0 0 1 1 0 0 0.0
121 15 5273 1 0 0 1 0 0 0 0 1 0 0 0 0 1 0 0.0
122 15 5196 0 0 0 1 0 0 0 1 1 0 0 1 1 0 0 0.0
123 15 6476 1 0 0 1 0 0 0 0 1 1 0 0 1 1 0 0.0
124 15 5971 0 1 0 1 0 0 1 1 0 0 1 0 1 0 0 0.0
125 15 6137 1 1 0 0 1 0 1 0 0 0 0 1 1 0 0 0.0
126 15 6145 1 1 0 0 0 1 0 0 1 0 0 1 0 0 1 0.0
127 15 5394 0 0 1 1 1 0 0 0 0 0 1 0 0 0 1 0.0
128 15 5779 0 0 0 0 0 1 0 1 1 0 1 0 1 1 0 0.0
129 15 4747 0 1 0 1 0 0 1 0 0 0 1 0 0 1 0 0.0
130 15 3995 0 0 0 0 1 0 0 0 1 0 1 0 0 1 0 0.0
131 15 5872 0 1 1 0 0 0 1 0 0 1 0 0 0 0 1 0.0
132 15 5319 0 1 1 0 1 1 0 0 0 0 0 0 0 0 0 0.0
133 15 4674 1 0 0 0 0 0 1 1 0 1 1 1 0 1 1 0.0
134 15 7903 1 0 1 0 0 1 0 1 0 0 1 0 1 0 0 0.0
135 15 4628 1 0 0 0 0 0 0 1 1 0 0 0 1 0 0 0.0
136 15 4967 0 0 0 0 1 0 0 1 0 1 1 1 1 0 0 0.0
137 15 6184 0 1 1 0 0 0 1 0 0 1 0 0 0 0 1 0.0
138 15 4878 1 1 0 0 0 0 0 1 1 0 0 0 0 0 0 0.0
139 15 4436 0 0 1 0 0 0 0 0 1 0 0 1 0 0 1 0.0
140 15 4227 0 0 0 1 0 0 0 1 0 1 0 0 0 0 1 0.0
141 15 4601 0 0 1 0 1 0 1 0 0 0 0 0 1 0 1 0.0
142 15 5117 0 1 0 0 0 0 1 0 0 1 0 0 0 1 0 0.0
143 15 4564 1 1 0 0 1 0 0 1 1 0 0 1 0 0 0 0.0
144 15 6150 0 1 0 0 1 1 1 0 0 0 0 0 0 1 0 0.0
145 15 5817 1 0 0 0 0 1 0 1 0 0 1 0 0 0 1 0.0
146 15 4545 0 1 0 1 0 0 1 0 0 0 0 0 0 1 0 0.0
147 15 5236 1 1 0 1 0 1 0 0 0 1 0 0 0 0 0 0.0
148 15 3661 0 1 0 0 0 0 0 1 0 0 0 0 0 1 1 0.0
149 15 5264 1 1 0 1 0 1 0 0 0 0 0 1 0 0 0 0.0
150 15 4704 0 0 0 0 1 1 0 0 0 0 1 1 0 0 0 0.0
151 15 4452 1 1 0 0 0 0 1 1 0 1 0 0 0 0 0 0.0
152 15 6931 0 1 0 0 1 0 1 0 1 1 1 0 0 0 0 0.0
153 15 5162 1 0 0 0 1 0 0 0 1 0 0 0 1 0 0 0.0
154 15 4965 0 0 0 0 0 0 0 1 0 1 1 1 0 1 0 0.0
155 15 4286 0 0 0 0 0 1 0 0 0 1 1 0 0 1 0 0.0
156 15 3923 0 0 1 0 1 0 0 0 0 0 1 0 0 1 0 0.0
157 15 5752 0 0 1 1 0 1 1 0 1 1 0 0 0 0 0 0.0
158 15 5591 1 0 0 0 0 1 0 0 0 0 1 1 1 0 0 0.0
159 15 4884 1 0 1 0 0 0 0 0 0 1 0 0 0 0 1 0.0
160 15 7370 0 1 1 0 1 1 1 0 1 0 0 1 0 0 0 0.0
161 15 6139 0 0 1 0 0 0 0 1 0 0 0 1 1 0 1 0.0
162 15 4923 0 0 1 1 0 1 0 0 0 0 0 0 1 0 0 0.0
163 15 4647 0 1 1 0 0 0 0 0 0 0 1 0 0 1 1 0.0
164 15 3466 0 0 1 1 0 0 0 0 0 1 0 0 0 1 1 0.0
165 15 4527 1 1 0 1 0 0 0 0 0 0 0 0 0 1 0 0.0
166 15 5303 0 0 0 0 1 1 0 0 1 1 0 0 1 0 0 0.0
167 15 5394 0 0 0 1 1 0 1 0 1 0 0 0 1 0 1 0.0
168 15 4626 0 0 0 0 1 0 0 0 0 0 1 1 1 0 0 0.0
169 15 5037 0 0 0 0 0 1 0 0 0 1 0 1 0 0 1 0.0
170 15 5685 0 0 0 1 0 1 0 0 1 0 0 1 0 0 1 0.0
171 15 4941 0 1 1 0 1 0 1 1 1 0 0 1 0 1 0 0.0
172 15 4552 0 0 0 0 0 1 0 0 1 0 0 0 1 0 1 0.0
173 15 3538 0 1 0 1 0 0 0 0 0 0 0 0 0 1 0 0.0
174 15 4062 0 0 1 0 0 1 0 1 0 0 1 0 0 0 0 0.0
175 15 4380 0 1 0 0 0 1 1 0 0 0 0 1 0 0 0 0.0
176 15 4012 0 0 1 1 1 0 0 0 0 1 0 0 0 0 1 0.0
177 15 5350 1 0 0 0 1 1 0 1 0 0 1 0 1 0 0 0.0
178 15 5239 0 1 0 0 1 0 1 0 0 0 1 1 0 0 0 0.0
179 15 7340 0 0 0 1 0 1 0 1 1 0 1 1 0 0 0 0.0
180 15 5143 1 0 1 0 0 0 0 0 0 0 1 0 1 0 1 0.0
181 15 3455 0 0 0 0 1 0 0 1 0 0 1 0 0 1 0 0.0
182 15 4744 1 1 0 1 0 0 0 1 1 0 1 0 0 0 0 0.0
183 15 5390 0 0 0 1 0 1 0 1 1 1 0 0 0 1 0 0.0
184 15 4121 0 0 1 0 1 0 0 0 0 1 1 0 0 0 0 0.0
185 15 6360 0 1 1 1 0 0 1 0 0 0 0 1 1 0 0 0.0
186 15 6174 1 1 0 0 1 0 1 0 0 0 1 0 0 0 0 0.0
187 15 4723 1 0 1 0 1 0 0 0 0 0 0 0 1 0 1 0.0
188 15 4565 0 0 0 0 0 0 1 1 1 0 0 1 0 0 1 0.0
189 15 6147 0 0 0 1 0 0 1 1 0 0 1 0 1 0 1 0.0
190 15 4536 0 0 0 0 1 1 0 0 0 0 0 0 1 1 0 0.0
191 15 5507 1 0 1 0 1 0 0 0 1 1 0 0 0 1 0 0.0
192 15 3441 0 0 0 0 0 1 0 0 0 0 1 0 0 1 0 0.0
193 15 5263 0 0 0 1 0 1 0 0 0 0 1 0 1 0 1 0.0
194 15 3849 1 0 0 0 0 0 0 0 0 1 0 1 1 1 0 0.0
195 15 4807 0 0 0 1 1 0 1 0 0 1 0 0 1 0 0 0.0
196 15 4285 1 1 0 0 0 1 0 0 0 0 0 0 0 0 1 0.0
197 15 6417 0 0 0 0 0 0 0 0 1 1 1 1 0 1 0 0.0
198 15 5522 0 0 0 0 0 1 1 0 0 1 0 0 1 0 1 0.0
199 15 5498 0 1 0 0 1 0 0 1 1 1 1 0 0 0 0 0.0
200 15 4864 0 0 0 0 1 0 1 0 0 1 0 0 1 0 1 0.0
201 15 5530 0 0 0 1 1 0 0 1 0 0 1 0 0 1 0 0.0
202 15 5963 0 0 1 0 0 1 0 0 0 0 1 1 1 0 0 0.0
203 15 4588 0 0 0 0 1 0 0 0 0 1 0 1 1 0 0 0.0
204 15 6195 1 0 0 0 0 0 0 1 1 0 0 1 1 0 1 0.0
205 15 5309 1 1 1 0 0 0 0 0 1 1 0 0 0 0 0 0.0
206 15 5480 1 0 0 1 0 0 1 1 1 0 0 0 0 0 0 0.0
207 15 5416 0 0 0 0 1 0 1 1 0 0 1 0 0 0 1 0.0
208 15 5652 1 0 0 1 1 0 0 1 0 0 0 0 0 1 0 0.0
209 15 6507 0 0 0 1 1 1 0 1 1 0 0 0 1 0 0 0.0
210 15 5172 0 1 0 0 0 0 0 1 1 0 0 0 1 0 0 0.0
211 15 6299 0 0 0 0 0 1 0 0 0 0 1 1 1 1 0 0.0
212 15 5430 1 1 0 0 0 0 0 1 0 0 0 0 1 0 1 0.0
213 15 5015 0 0 1 0 1 0 1 0 0 1 0 1 0 0 1 0.0
214 15 5395 1 1 0 0 0 0 0 0 0 0 1 1 0 0 1 0.0
215 15 4847 0 1 1 1 0 0 0 0 1 0 0 0 0 1 0 0.0
216 15 4646 0 1 0 0 0 1 0 0 1 1 0 0 0 1 0 0.0
217 15 3549 1 0 0 1 0 0 0 0 0 1 0 0 0 1 0 0.0
218 15 5536 1 0 1 0 0 0 0 1 0 0 0 1 0 0 1 0.0
219 15 4506 0 0 0 0 0 1 0 0 0 1 0 1 0 0 1 0.0
220 15 4748 1 1 0 0 0 1 0 0 1 0 0 0 1 0 0 0.0
221 15 5253 0 0 0 0 1 1 1 0 0 0 1 0 1 0 0 0.0
222 15 5808 1 0 0 0 1 0 1 0 0 0 1 0 0 1 1 0.0
223 15 5868 1 1 1 0 0 0 1 0 1 0 0 0 0 0 0 0.0
224 15 4432 0 1 0 0 0 0 0 1 0 0 1 0 0 0 1 0.0
225 15 4829 0 0 0 1 0 1 0 0 0 1 1 1 0 0 0 0.0
226 15 4113 0 0 1 0 0 0 0 0 1 1 1 0 0 1 0 0.0
227 15 6121 0 0 1 1 0 0 0 0 0 1 0 0 1 1 0 0.0
228 15 5942 0 1 1 0 1 1 0 0 0 0 0 0 0 1 0 0.0
229 15 4108 0 1 0 1 0 0 0 1 0 0 1 1 0 0 0 0.0
230 15 6642 0 0 1 0 1 1 1 0 0 1 0 0 0 0 1 0.0
231 15 5249 1 0 0 0 0 0 1 0 1 1 0 0 0 1 1 0.0
232 15 5036 0 0 1 0 0 0 1 0 0 0 0 0 1 1 0 0.0
233 15 4558 1 0 0 1 1 0 0 0 0 0 1 0 0 0 0 0.0
234 15 4173 0 1 0 1 1 1 0 1 0 0 0 0 0 0 0 0.0
235 15 5246 1 1 0 0 0 1 0 1 0 0 0 0 0 0 1 0.0
236 15 7273 0 0 0 1 0 0 1 0 0 0 1 1 1 0 1 0.0
237 15 4607 0 0 1 1 0 1 0 0 0 1 0 0 1 0 0 0.0
238 15 6004 0 0 1 0 0 0 0 1 0 1 1 0 1 0 0 0.0
239 15 3230 1 1 0 1 0 0 0 0 0 0 0 0 0 0 0 0.0
240 15 6088 1 0 0 0 0 1 1 0 0 0 0 1 0 0 1 0.0
241 15 5161 0 0 0 0 1 0 0 1 1 1 0 0 1 0 0 0.0
242 15 6857 1 0 0 1 1 0 1 0 0 1 1 1 0 0 0 0.0
243 15 4988 0 0 1 0 1 0 0 1 1 0 1 0 0 0 0 0.0
244 15 3237 0 0 0 0 0 1 0 0 0 1 1 0 1 0 0 0.0
245 15 5195 0 0 0 0 1 0 1 0 0 1 1 0 0 0 1 0.0
246 15 5623 0 1 0 0 0 1 0 1 1 0 0 0 0 1 0 0.0
247 15 4629 0 0 0 0 0 0 1 1 0 0 0 1 0 0 1 0.0
248 15 5792 1 1 0 1 0 1 0 1 0 0 0 0 0 0 0 0.0
249 15 6179 1 1 1 1 0 0 1 0 1 1 0 0 0 0 0 0.0
250 15 5330 0 0 0 0 1 0 0 0 1 1 0 0 1 0 1 0.0
251 15 3783 0 0 1 0 0 1 0 0 1 0 0 0 1 0 0 0.0
252 15 5214 0 0 0 0 0 1 1 1 0 1 0 0 0 1 0 0.0
253 15 6248 0 0 1 1 0 0 1 1 1 0 0 0 0 0 0 0.0
254 15 5806 0 0 1 0 0 0 0 0 1 1 1 0 0 1 0 0.0
255 15 3550 1 0 0 0 0 0 0 1 0 1 0 0 1 0 0 0.0
256 15 4922 0 1 1 0 1 1 0 0 0 1 0 0 1 0 0 0.0
257 15 4935 0 1 0 0 0 0 0 0 0 1 0 1 0 0 1 0.0
258 15 5057 0 0 1 0 1 0 0 1 0 1 0 1 0 0 0 0.0
259 15 4372 0 1 0 1 0 0 0 0 1 1 0 0 0 0 1 0.0
260 15 4809 1 0 0 1 0 1 1 0 0 0 1 0 0 0 0 0.0
261 15 4190 0 0 0 0 1 1 0 1 0 0 0 0 0 0 1 0.0
262 15 4114 1 0 1 0 0 1 0 0 1 1 0 0 0 0 0 0.0
263 15 6064 0 0 0 1 0 0 0 1 0 1 1 1 0 0 0 0.0
264 15 5157 1 0 1 0 0 0 1 1 1 0 0 0 1 0 0 0.0
265 15 5379 0 0 1 0 0 0 1 0 0 0 1 1 0 0 1 0.0
266 15 4889 1 0 0 1 1 0 1 0 0 0 0 0 1 0 0 0.0
267 15 5824 1 0 0 1 1 1 0 0 1 0 1 0 0 0 0 0.0
268 15 3822 0 0 0 0 1 0 0 0 0 0 0 1 0 1 1 0.0
269 15 4974 0 1 0 0 1 0 0 0 0 0 0 1 0 1 1 0.0
270 15 5385 0 0 0 0 0 0 1 0 1 0 1 0 1 0 1 0.0
271 15 5426 1 1 0 1 1 0 0 0 0 1 0 0 1 0 0 0.0
272 15 5555 1 1 0 0 0 0 0 0 1 0 1 1 0 0 0 0.0
273 15 4033 1 0 1 0 0 0 0 1 0 1 0 0 0 0 1 0.0
274 15 4510 0 0 0 1 1 0 0 0 0 1 0 1 0 0 0 0.0
275 15 3765 1 0 1 0 1 0 0 0 0 0 0 1 0 0 0 0.0
276 15 4539 0 0 1 0 1 0 0 1 0 0 1 0 0 0 0 0.0
277 15 6693 0 1 0 0 1 0 0 1 0 0 0 0 0 1 1 0.0
278 15 4683 0 0 0 0 0 0 1 0 0 0 0 1 0 1 1 0.0
279 15 5959 0 0 0 0 0 0 0 0 1 1 1 0 1 1 0 0.0
280 15 5079 1 0 0 1 0 1 0 0 0 1 0 1 0 1 0 0.0
281 15 6823 1 0 1 1 0 1 1 0 1 0 0 0 0 0 1 0.0
282 15 6173 1 0 0 0 1 0 0 0 0 1 1 0 0 1 0 0.0
283 15 5344 1 1 0 0 0 0 0 0 0 0 1 1 0 0 1 0.0
284 15 5163 0 0 0 0 0 1 0 0 1 0 1 0 1 0 1 0.0
285 15 5864 0 0 0 0 1 0 1 1 0 0 1 1 0 0 0 0.0
286 15 6603 0 0 1 0 0 1 0 1 1 0 1 0 0 1 0 0.0
287 15 5224 0 0 0 0 0 0 1 0 1 0 0 0 0 1 1 0.0
288 15 5611 0 1 0 0 1 0 0 0 0 0 1 1 0 0 0 0.0
289 15 6507 0 1 0 0 0 1 0 0 1 1 0 0 1 1 0 0.0
290 15 5041 1 1 0 0 0 0 0 1 1 0 0 0 0 0 0 0.0
291 15 5539 1 1 0 0 0 0 0 1 1 0 0 0 1 0 0 0.0
292 15 5547 1 0 0 1 0 0 0 1 0 0 1 0 1 0 1 0.0
293 15 4060 0 0 0 0 0 1 0 0 1 0 0 0 0 1 1 0.0
294 15 4677 0 0 1 1 0 0 0 0 0 0 1 1 0 0 1 0.0
295 15 4233 1 0 1 0 0 1 0 0 0 0 0 0 1 0 0 0.0
296 15 4988 0 1 0 1 0 0 0 1 0 0 0 0 1 0 0 0.0
297 15 4933 0 1 0 0 0 1 0 0 0 0 1 1 0 0 0 0.0
298 15 4577 0 0 0 1 0 1 0 0 0 0 0 1 1 0 1 0.0
299 15 4680 0 0 0 1 0 0 0 0 1 1 0 1 0 0 0 0.0
300 15 4497 1 1 0 0 1 0 0 0 0 0 1 0 0 0 0 0.0
301 15 4201 0 1 0 0 1 0 0 0 0 1 0 0 0 0 1 0.0
302 15 3891 1 0 1 1 0 0 0 0 0 1 0 0 0 0 0 0.0
303 15 4482 0 1 0 0 0 1 0 0 1 1 0 1 0 0 0 0.0
304 15 4975 0 1 0 0 0 1 1 0 1 0 1 0 0 0 0 0.0
305 15 4846 1 0 1 0 0 0 0 1 0 0 1 0 0 0 0 0.0
306 15 5171 0 0 0 0 1 1 1 1 0 1 0 0 0 0 0 0.0
307 15 4780 0 1 0 0 1 0 0 1 0 0 0 1 0 0 0 0.0
308 15 5047 1 0 0 1 0 0 0 1 1 0 0 0 0 1 0 0.0
309 15 4363 0 0 0 1 1 0 0 0 0 1 1 0 0 1 0 0.0
310 15 4987 1 1 1 1 0 0 0 1 0 0 0 0 0 0 0 0.0
311 15 5134 0 0 0 0 1 0 1 0 1 0 0 0 1 0 0 0.0
312 15 6680 0 1 0 0 1 0 1 0 1 1 0 1 1 0 0 0.0
313 15 4097 1 0 0 0 1 0 1 0 0 0 0 1 0 0 1 0.0
314 15 6086 1 0 1 0 0 0 0 0 1 0 0 0 1 0 1 0.0
315 15 5688 0 0 1 0 0 1 0 1 0 1 0 0 0 0 1 0.0
316 15 4552 0 1 1 0 0 0 1 0 0 0 0 0 0 1 0 0.0
317 15 4005 0 0 0 1 0 0 1 1 0 0 1 0 0 0 0 0.0
318 15 4010 1 0 1 0 0 1 0 0 0 0 0 1 0 0 0 0.0
319 15 5093 0 0 0 0 1 1 0 0 0 0 0 1 1 1 1 0.0
320 15 5885 0 1 0 0 0 0 1 1 0 1 0 1 0 0 0 0.0
321 15 4828 1 0 1 0 0 0 0 0 1 1 0 0 0 0 1 0.0
322 15 3487 0 0 1 0 0 0 1 0 0 0 0 1 0 1 0 0.0
323 15 4843 0 0 0 1 0 0 0 1 0 0 1 0 0 1 0 0.0
324 15 4803 1 1 0 1 0 0 0 0 0 0 0 0 1 0 1 0.0
325 15 6173 0 1 0 1 0 1 0 0 1 0 0 0 0 1 0 0.0
326 15 4169 0 0 0 1 0 1 0 1 0 1 0 0 0 0 0 0.0
327 15 4008 0 0 0 0 1 1 1 1 0 0 0 0 0 0 0 0.0
328 15 6634 1 0 0 1 0 1 0 0 0 0 1 0 0 0 1 0.0
329 15 5056 1 0 1 0 1 0 0 0 0 0 0 0 0 0 1 0.0
330 15 8253 0 1 0 1 0 0 0 0 1 1 1 0 1 0 1 0.0
331 15 4934 1 0 1 1 0 0 0 0 0 0 1 0 0 0 0 0.0
332 15 4921 0 0 0 0 1 0 1 0 1 1 1 0 0 0 0 0.0
333 15 3950 0 0 0 0 0 0 1 0 0 1 1 1 0 0 1 0.0
334 15 4935 0 0 0 1 1 1 0 0 1 0 0 0 0 1 0 0.0
335 15 4810 0 1 0 0 0 0 0 0 1 0 0 0 1 1 1 0.0
336 15 4162 0 1 0 0 0 1 0 1 0 1 0 1 0 0 0 0.0
337 15 4364 0 1 0 0 1 0 0 1 0 1 0 0 0 0 1 0.0
338 15 5981 0 0 1 1 0 0 1 1 0 0 0 0 0 1 0 0.0
339 15 4426 1 1 1 0 0 0 0 1 0 0 0 1 0 0 0 0.0
340 15 4548 0 0 1 1 0 0 1 0 0 1 0 0 0 0 0 0.0
341 15 5587 1 0 1 0 1 0 0 0 0 0 1 0 0 1 0 0.0
342 15 5888 1 0 0 0 1 0 0 0 0 1 1 0 0 1 0 0.0
343 15 6440 1 1 0 0 0 1 0 1 1 0 1 0 0 0 0 0.0
344 15 5714 1 0 0 1 1 0 0 0 0 0 1 0 1 1 1 0.0
345 15 4457 1 0 0 1 0 0 0 0 0 0 0 1 1 1 1 0.0
346 15 4900 1 1 0 0 0 0 0 0 0 1 1 1 0 0 0 0.0
347 15 4372 0 0 0 0 1 1 0 0 0 0 0 1 1 0 0 0.0
348 15 4966 1 0 1 0 0 0 0 0 1 0 0 1 0 0 0 0.0
349 15 4558 1 1 1 0 0 1 0 0 0 0 0 0 0 0 1 0.0
350 15 4672 1 0 0 0 1 1 1 1 0 1 0 0 1 0 0 0.0
351 15 5258 0 1 0 0 0 1 1 0 0 0 1 1 0 0 0 0.0
352 15 5735 0 0 1 0 0 1 1 1 0 0 0 0 1 0 0 0.0
353 15 4026 0 0 0 0 0 0 0 0 1 1 1 0 0 0 1 0.0
354 15 4556 0 0 0 0 1 0 0 0 0 1 1 0 1 0 1 0.0
355 15 6069 0 1 0 0 0 1 0 1 0 0 0 1 1 0 0 0.0
356 15 6538 0 0 0 1 0 0 1 0 0 1 0 0 1 1 0 0.0
357 15 5054 0 0 1 0 0 1 1 0 1 1 0 0 0 0 0 0.0
358 15 6206 0 1 1 1 0 0 0 0 0 0 1 1 0 0 0 0.0
359 15 4962 0 1 0 1 0 0 0 0 0 1 0 0 0 0 1 0.0
360 15 4690 0 1 1 0 0 0 1 1 0 0 0 0 0 0 0 0.0
361 15 5407 1 0 0 0 1 0 0 1 0 0 0 0 1 0 1 0.0
362 15 6018 0 0 0 1 0 1 1 0 0 0 1 0 0 1 0 0.0
363 15 5309 1 0 1 0 0 0 1 0 0 1 0 1 0 0 0 0.0
364 15 5899 0 0 0 0 0 0 0 1 1 1 1 0 1 0 0 0.0
365 15 5183 0 1 0 0 0 1 1 0 0 0 1 0 0 1 0 0.0
366 15 5065 0 1 0 1 0 1 0 0 0 0 1 1 0 0 0 0.0
367 15 5591 0 0 0 0 0 0 1 0 0 1 0 1 1 0 1 0.0
368 15 3787 0 1 0 1 1 1 0 1 0 0 0 0 0 0 0 0.0
369 15 4878 0 1 1 0 0 0 1 0 0 0 0 1 0 1 0 0.0
370 15 6883 1 0 1 0 0 0 0 1 0 1 1 0 1 0 0 0.0
371 15 4825 0 0 0 0 0 1 0 0 1 1 0 0 1 0 0 0.0
372 15 5033 0 0 0 0 1 0 0 1 1 0 0 0 1 0 0 0.0
373 15 4733 0 0 0 0 1 0 0 1 1 0 0 0 0 0 1 0.0
374 15 6292 1 0 0 0 1 0 0 0 1 0 0 0 1 0 1 0.0
375 15 5061 0 0 1 0 0 1 0 0 1 0 0 0 1 0 0 0.0
376 15 6725 0 0 0 1 0 1 1 1 0 1 0 0 0 1 0 0.0
377 15 5657 0 0 0 0 0 1 1 0 0 1 0 0 1 0 1 0.0
378 15 5120 1 1 0 0 0 1 0 0 0 0 0 1 1 0 0 0.0
379 15 5007 1 0 0 0 0 1 0 0 1 0 1 1 0 0 0 0.0
380 15 4972 0 0 0 1 1 0 0 0 1 0 0 1 1 0 0 0.0
381 15 5427 1 0 0 1 0 0 0 0 0 0 1 1 1 0 0 0.0
382 15 4698 0 0 0 0 1 1 0 1 0 0 0 1 0 1 0 0.0
383 15 4735 0 1 1 1 0 0 0 0 1 0 1 0 0 0 0 0.0
384 15 5926 1 0 1 0 1 1 0 0 0 0 1 0 0 0 0 0.0
385 15 5409 0 1 0 1 0 0 0 0 0 0 0 0 1 1 1 0.0
386 15 4169 0 0 0 0 0 0 1 0 1 0 0 0 1 1 1 0.0
387 15 3561 0 0 0 1 0 1 0 0 1 0 0 0 0 0 0 0.0
388 15 4444 0 0 1 0 1 0 0 0 0 0 1 0 1 1 0 0.0
389 15 5881 1 0 1 1 0 0 1 0 0 0 0 0 0 0 1 0.0
390 15 5147 1 0 0 1 1 0 0 0 0 1 0 0 0 0 1 0.0
391 15 5241 0 1 1 0 1 0 0 0 1 0 0 1 0 0 0 0.0
392 15 5744 0 0 1 1 0 1 0 0 0 0 1 0 1 0 1 0.0
393 15 7676 0 1 1 0 0 1 1 0 0 1 1 0 0 1 0 0.0
394 15 4401 0 1 0 0 1 0 0 0 1 0 0 1 0 0 1 0.0
395 15 5537 0 1 1 0 1 0 0 0 0 0 0 1 0 0 1 0.0
396 15 5596 1 0 0 0 0 0 1 1 1 0 0 0 1 0 1 0.0
397 15 4738 0 0 0 0 0 1 1 0 0 1 0 1 0 0 0 0.0
398 15 4741 0 0 1 0 0 0 0 0 1 1 1 1 0 0 0 0.0
399 15 5322 0 0 0 0 1 1 1 0 0 0 0 1 1 0 1 0.0
400 15 3674 0 1 0 0 1 0 0 0 0 0 0 1 0 0 1 0.0
401 15 4232 0 1 1 0 0 0 1 0 0 0 0 1 1 1 0 0.0
402 15 3705 0 1 0 0 0 0 0 0 0 0 0 1 0 0 1 0.0
403 15 5320 0 1 0 0 0 1 0 1 0 0 0 1 0 0 1 0.0
404 15 4040 0 0 0 0 0 0 0 1 0 0 1 0 1 1 0 0.0
405 15 4830 0 0 0 1 0 0 0 1 0 0 1 0 1 0 0 0.0
406 15 6508 0 1 1 0 1 1 0 0 0 1 0 1 0 0 0 0.0
407 15 4725 0 1 0 1 0 0 0 1 0 0 0 0 0 1 0 0.0
408 15 6476 0 0 0 0 0 1 0 1 1 0 1 0 1 0 0 0.0
409 15 4379 0 0 0 1 0 1 0 0 0 0 0 1 0 1 0 0.0
410 15 5092 0 0 0 0 0 0 0 0 1 0 1 0 0 1 1 0.0
411 15 6400 0 1 1 0 0 0 0 1 1 1 0 0 0 1 0 0.0
412 15 5527 0 0 0 0 1 0 0 0 0 1 1 0 1 0 1 0.0
413 15 5765 1 0 0 0 0 0 0 1 1 1 0 1 0 0 0 0.0
414 15 4907 0 0 0 0 1 1 0 1 0 0 0 0 1 1 1 0.0
415 15 6227 0 1 0 1 1 0 0 0 1 0 0 0 1 0 0 0.0
416 15 4762 0 0 0 0 1 0 0 1 0 1 0 0 1 0 1 0.0
417 15 5739 0 0 1 0 1 0 1 1 0 0 1 0 0 0 0 0.0
418 15 5937 0 0 1 0 0 0 1 0 1 0 1 0 1 0 0 0.0
419 15 5237 0 0 1 0 0 0 1 1 0 0 0 0 0 1 0 0.0
420 15 4364 0 0 0 1 0 1 0 0 1 1 0 0 1 0 0 0.0
421 15 4845 1 1 0 1 0 0 0 0 0 0 0 0 0 1 0 0.0
422 15 6207 0 0 1 1 0 1 1 0 1 0 0 0 1 0 0 0.0
423 15 4282 0 1 1 0 0 1 1 0 0 0 0 0 0 0 0 0.0
424 15 6685 0 0 0 0 0 1 1 0 0 1 1 0 0 1 0 0.0
425 15 4441 0 0 1 0 0 0 0 0 0 1 0 1 0 1 0 0.0
426 15 5222 0 0 0 0 1 0 1 0 0 0 1 0 1 1 0 0.0
427 15 4042 0 1 0 1 0 1 1 0 0 0 0 0 0 0 0 0.0
428 15 5936 1 0 0 0 0 1 1 0 1 0 0 0 1 0 0 0.0
429 15 5851 1 1 0 0 0 1 0 0 1 1 0 0 0 0 1 0.0
430 15 5298 1 0 0 1 0 0 0 1 1 0 0 0 0 0 1 0.0
431 15 4968 0 0 0 0 1 0 0 1 1 0 0 1 0 0 0 0.0
432 15 6886 0 1 0 0 1 1 1 0 1 0 0 1 0 0 0 0.0
433 15 4507 0 0 0 1 0 0 0 0 1 1 0 0 1 1 0 0.0
434 15 5734 1 0 0 0 1 0 0 1 1 0 0 0 1 0 0 0.0
435 15 5188 0 0 1 0 1 0 0 0 1 0 0 0 1 0 0 0.0
436 15 2391 1 0 1 0 0 0 1 0 0 0 1 0 0 0 0 0.0
437 15 6494 1 0 0 0 0 0 1 1 0 0 1 1 0 0 0 0.0
438 15 5251 0 0 0 0 0 0 1 0 1 1 0 0 0 1 0 0.0
439 15 5311 0 0 0 1 1 0 1 0 1 0 0 0 0 0 0 0.0
440 15 5323 1 0 0 0 1 0 1 0 0 0 1 0 0 0 0 0.0
441 15 5934 1 0 0 0 0 0 1 0 0 0 1 1 1 0 0 0.0
442 15 4397 1 0 0 0 1 0 0 0 0 0 1 0 0 0 1 0.0
443 15 3094 0 1 0 0 0 0 1 0 0 1 0 0 1 0 0 0.0
444 15 5722 0 0 0 0 0 0 0 0 1 0 1 1 0 0 1 0.0
445 15 5707 1 0 0 0 0 0 0 0 1 1 0 1 0 0 1 0.0
446 15 3014 0 0 0 0 1 1 0 0 0 1 0 0 0 0 0 0.0
447 15 5775 0 0 1 1 0 0 0 1 1 0 0 0 1 0 1 0.0
448 15 4722 0 0 0 0 1 0 1 0 0 1 0 0 0 0 1 0.0
449 15 5222 0 1 1 1 0 0 0 0 0 1 0 0 1 1 0 0.0
450 15 5228 1 0 1 0 0 1 0 0 0 1 0 0 0 1 0 0.0
451 15 4393 1 0 0 1 0 0 1 0 0 0 0 1 0 0 0 0.0
452 15 6540 0 0 1 0 1 0 1 0 1 1 1 0 0 0 0 0.0
453 15 5320 0 0 0 0 0 1 1 0 0 0 0 0 0 1 1 0.0
454 15 5416 0 0 0 1 0 0 1 0 0 1 0 1 0 1 0 0.0
455 15 5036 0 0 1 0 0 0 1 1 0 0 1 0 1 0 0 0.0
456 15 6711 0 1 1 1 0 1 1 0 0 0 0 0 0 0 1 0.0
457 15 4503 0 0 1 0 0 0 1 0 1 0 1 0 0 1 0 0.0
458 15 5951 1 1 0 0 0 1 0 1 0 0 0 1 0 0 1 0.0
459 15 6758 0 1 0 1 0 1 0 0 0 0 0 0 1 1 1 0.0
460 15 4445 1 0 0 0 0 1 0 0 0 0 1 0 1 0 0 0.0
461 15 4789 0 1 1 0 1 0 0 0 0 1 0 0 0 1 0 0.0
462 15 5369 1 0 1 0 0 0 0 0 0 0 1 1 0 0 0 0.0
463 15 4607 1 0 0 0 0 0 0 0 1 0 1 0 0 1 1 0.0
464 15 4508 0 0 0 1 0 1 0 0 0 1 0 1 0 0 0 0.0
465 15 4749 0 0 1 0 0 0 1 1 0 0 1 1 0 0 1 0.0
466 15 5868 1 0 1 0 0 0 0 0 1 0 0 0 1 0 1 0.0
467 15 5170 0 1 0 0 0 0 1 0 1 0 0 0 1 1 0 0.0
468 15 5688 0 1 0 0 0 1 1 0 1 1 0 0 0 0 0 0.0
469 15 3297 0 0 0 0 1 0 0 1 0 1 0 0 0 0 1 0.0
470 15 4457 0 0 0 1 1 0 0 0 0 0 1 1 0 1 0 0.0
471 15 5999 0 1 0 0 1 0 0 0 0 1 0 1 0 1 0 0.0
472 15 5694 1 0 0 1 1 0 0 0 0 0 0 1 1 0 0 0.0
473 15 4395 1 0 1 0 0 0 0 1 0 0 0 0 0 0 1 0.0
474 15 5007 0 1 0 0 0 1 0 1 1 1 0 0 1 0 0 0.0
475 15 4639 0 0 0 1 1 0 0 1 0 0 1 0 0 1 0 0.0
476 15 5343 1 0 0 1 0 1 0 0 0 0 1 1 0 0 0 0.0
477 15 4969 0 0 0 1 0 0 0 1 0 0 0 1 1 1 0 0.0
478 15 5159 0 0 0 0 0 1 0 0 1 0 0 1 1 0 0 0.0
479 15 3738 1 0 0 0 1 0 0 0 0 1 0 1 0 0 0 0.0
480 15 6197 0 0 0 0 1 0 0 1 0 0 0 1 1 0 1 0.0
481 15 4787 0 0 0 1 0 0 1 0 0 1 0 0 0 1 1 0.0
482 15 6190 0 0 0 0 0 1 1 0 0 1 0 0 0 1 1 0.0
483 15 3738 0 0 0 0 0 1 0 0 0 1 1 0 0 1 0 0.0
484 15 4641 0 0 0 0 1 0 0 0 1 0 1 0 0 1 1 0.0
485 15 5390 0 1 0 1 0 0 0 0 1 0 0 1 0 0 1 0.0
486 15 4978 0 1 0 1 1 1 0 0 0 0 0 1 0 0 0 0.0
487 15 4624 0 0 0 0 1 0 0 1 0 0 1 0 1 0 1 0.0
488 15 6147 0 0 1 1 1 0 0 0 0 1 0 0 0 0 1 0.0
489 15 5666 0 1 0 0 0 0 1 1 0 0 1 0 1 0 0 0.0
490 15 4593 1 0 0 1 0 0 0 1 0 0 0 0 0 1 0 0.0
491 15 6385 1 0 0 0 0 0 0 0 1 1 1 1 0 0 1 0.0
492 15 5683 1 0 1 0 1 1 1 0 0 0 0 0 0 0 0 0.0
493 15 6012 1 1 1 1 0 0 0 0 0 0 1 0 0 0 0 0.0
494 15 5806 1 0 0 0 1 0 0 0 0 0 1 0 0 1 1 0.0
495 15 4415 0 0 1 0 0 1 0 1 0 0 0 0 1 0 0 0.0
496 15 5875 1 0 0 0 1 1 0 1 0 0 0 0 1 0 0 0.0
497 15 5849 0 0 0 1 1 0 1 0 0 0 1 0 1 0 0 0.0
498 15 4919 1 0 1 1 0 0 0 0 0 0 0 1 0 1 0 0.0
499 15 3745 1 1 0 0 0 1 0 0 0 0 0 0 0 0 1 0.0
500 15 4430 1 1 0 0 0 0 0 0 0 0 1 0 1 0 0 0.0
