1 22 3 1 8 1 952 2 571 3 456 1 1441 2 1299 1 170 1 596 1 618 1 882 2 1002 3 85 2 1160 1 661 1 833 2 293 1 220 1 509 2 495 1 418 5 752 3 1027
2 22 4 3 1224 1 35 1 1377 2 1123 6 711 3 1032 1 1471 1 798 1 859 1 265 2 1090 1 1490 1 910 1 476 2 290 1 1353 1 410 4 451 2 711 1 221 3 718 1 381
3 22 4 5 1466 1 115 1 1378 2 1098 3 142 1 1050 2 1413 2 978 1 1043 1 21 3 84 1 1432 1 662 1 397 1 198 1 867 4 875 1 329 2 125 3 152 5 976 4 917
4 22 4 2 1415 1 603 3 1247 1 851 1 1061 1 227 6 1496 2 1485 1 477 2 468 1 187 1 831 1 530 3 1327 4 991 2 441 2 1 2 1393 2 1149 2 405 1 802 1 923
5 22 5 1 215 3 731 4 692 1 789 1 655 1 501 6 1136 2 127 7 993 1 587 1 607 3 1406 1 1029 3 893 1 73 4 643 4 280 2 1400 3 174 1 1308 3 1369 1 944
6 22 4 1 862 1 706 2 436 2 64 1 629 1 454 1 1082 2 38 1 996 2 1175 3 1320 5 1474 3 174 3 1072 1 1073 1 861 2 222 1 637 3 52 4 486 1 475 1 1432
7 22 4 1 1423 2 496 2 1279 1 388 2 946 1 1307 2 1122 1 793 5 1226 1 1243 2 1452 3 937 4 341 4 1001 1 1391 1 1470 2 333 2 326 1 1276 1 168 1 669 1 1060
8 22 4 4 1247 2 15 1 153 1 88 1 62 3 1426 3 289 2 111 5 806 1 797 1 125 1 774 3 1223 1 827 4 376 2 748 1 1052 1 148 2 286 1 1357 1 82 1 472
9 22 3 3 1077 1 698 2 678 1 644 2 1317 1 798 1 232 1 10 1 238 1 1070 1 702 3 844 2 260 1 335 1 848 2 1274 1 599 5 1229 4 1112 1 465 1 1459 3 668
10 22 4 2 629 1 1028 1 1089 1 1252 4 1464 1 1440 1 987 2 1303 3 1424 1 1145 1 1157 2 561 4 1194 2 1101 3 1324 3 231 1 231 1 1453 1 683 3 26 3 777 1 786
11 22 5 1 10 7 971 1 351 2 886 7 237 2 1049 3 1132 2 1041 1 617 1 1407 4 1017 1 1382 3 1190 1 1158 1 652 1 66 6 351 1 492 4 263 4 591 1 1422 1 80
12 22 3 2 1155 2 1474 1 1188 2 1297 1 1046 1 364 2 1364 1 476 1 962 4 565 1 118 3 570 1 740 1 522 1 967 3 727 1 123 1 19 2 1256 3 1204 2 828 3 985
13 22 3 2 1038 2 1350 2 788 3 849 2 275 2 1358 1 640 1 1470 1 688 1 370 1 44 2 810 1 668 5 1021 2 669 1 457 1 917 2 1151 2 824 2 831 2 414 1 767
14 22 4 2 180 1 266 2 1145 3 376 1 1466 2 20 2 804 2 584 2 1480 3 576 3 390 2 1324 1 1433 2 1142 2 301 1 1334 2 827 3 123 2 745 1 977 1 337 3 794
15 22 4 1 118 1 1219 5 835 3 928 4 613 1 1232 1 54 1 662 1 641 1 275 1 111 2 4 1 1156 1 386 3 337 2 1462 3 1003 1 470 2 419 12 406 1 966 1 693
16 22 5 2 354 4 803 1 1258 2 1102 2 1341 2 1335 1 1414 2 1481 1 666 1 979 1 1497 1 1250 1 246 2 515 7 582 1 1437 3 465 2 1224 7 129 5 919 1 688 1 1264
17 22 4 1 842 3 405 1 462 1 100 1 1201 1 88 1 306 3 977 2 950 2 1394 4 249 3 1129 1 658 1 1051 2 864 2 1401 2 1240 1 825 1 64 4 179 2 1411 4 290
18 22 4 4 182 1 1430 3 270 4 471 2 1475 1 483 1 778 1 360 4 1035 2 73 1 1190 1 1463 1 896 1 1258 1 1355 2 1332 4 260 1 723 3 357 1 878 1 236 1 1105
19 22 4 2 1105 1 423 1 1418 1 855 2 427 1 20 1 667 2 871 7 128 1 763 1 587 1 1006 2 639 1 638 1 636 1 55 2 1331 2 991 1 168 1 567 7 790 3 192
20 22 5 2 139 2 1143 5 1087 2 1131 4 223 3 890 5 722 1 95 3 1488 2 66 1 1265 2 1311 2 1219 3 393 1 923 2 101 3 1488 3 1459 1 972 1 350 1 306 1 622
21 22 3 1 1082 1 22 1 97 3 135 3 426 1 1154 4 488 1 22 3 1176 1 1470 1 849 1 1489 2 15 1 80 2 608 2 1239 1 120 3 1193 1 899 2 1115 1 845 1 101
22 22 3 1 37 2 1072 2 813 4 1042 1 964 1 277 1 772 1 1023 2 623 1 209 1 337 1 1186 1 195 1 1335 1 1362 1 1366 2 1139 4 436 1 1481 1 356 2 250 5 1040
23 22 4 1 60 1 1489 1 68 1 229 3 236 4 1278 1 142 3 849 5 643 1 774 1 397 1 688 2 1465 2 833 1 144 2 312 1 1005 1 909 2 818 4 169 8 29 1 1343
24 22 4 1 416 1 571 1 1084 1 312 3 236 5 1015 1 732 2 1394 1 904 2 782 1 400 2 665 3 1013 2 143 1 1104 1 1310 7 196 2 476 4 681 1 1235 1 206 1 785
25 22 4 5 223 2 280 2 90 1 178 3 1487 4 173 1 357 1 1484 1 900 1 1394 4 1321 1 137 3 1370 1 1349 1 691 1 203 1 891 2 731 2 532 3 905 1 937 1 248
26 22 4 3 1332 1 568 1 567 1 1019 1 599 1 377 5 1335 2 304 2 560 2 944 1 1282 1 617 3 1301 2 1119 1 1164 2 1329 3 1468 1 588 1 268 2 165 1 356 7 494
27 22 6 1 1475 4 1244 4 1312 4 1184 2 3 1 383 2 54 1 186 1 1290 11 959 2 1405 2 1013 4 530 5 39 3 364 1 313 3 430 3 1134 1 656 1 1343 3 1382 1 263
28 22 4 1 1410 1 1444 1 674 1 581 2 805 1 564 5 194 1 1013 2 1349 1 960 5 1213 5 1133 1 892 1 1466 1 80 2 631 1 1084 1 1195 4 921 1 1327 3 762 4 776
29 22 5 2 1299 1 1345 9 149 1 1470 2 1108 4 191 2 211 4 451 5 650 1 1242 8 162 1 1442 1 1222 2 898 1 503 1 289 2 194 2 1445 4 1426 1 48 1 869 1 1472
30 22 4 1 142 2 685 3 21 3 846 3 742 1 1028 2 976 2 837 1 257 1 884 1 600 1 1216 2 500 3 155 1 1075 1 630 3 61 1 527 5 357 1 664 1 1164 2 1298
31 22 5 3 403 2 147 2 932 4 907 3 195 3 625 1 726 2 104 9 383 2 1272 7 525 3 1193 1 478 1 740 1 217 1 1080 1 388 3 646 1 1146 3 194 1 661 4 525
32 22 5 3 484 2 690 1 1442 4 919 3 1298 1 468 1 1156 1 525 1 442 8 1053 2 757 3 521 2 1247 1 1163 3 1283 1 1334 1 517 4 475 5 664 1 727 2 1381 1 286
33 22 4 1 79 3 954 1 831 2 1450 1 285 2 1100 1 316 1 1067 4 852 3 1259 2 22 1 814 1 321 6 474 1 1354 1 837 1 891 3 545 1 688 1 1191 1 987 4 1168
34 22 4 2 564 1 180 7 728 2 915 1 1309 2 679 3 598 1 566 2 1300 6 823 1 1259 1 1343 1 1060 1 719 1 862 2 726 1 1248 3 1389 2 668 1 1468 2 121 1 715
35 22 4 1 1377 1 892 1 381 1 846 1 527 5 584 2 1402 2 864 1 1243 1 1495 2 1368 1 532 2 281 3 114 8 751 2 779 1 921 3 1403 1 583 2 307 1 704 2 1248
36 22 4 3 1240 1 807 2 989 5 611 1 990 1 313 5 964 1 218 1 1456 5 33 4 973 1 1142 1 572 1 654 2 272 4 36 2 643 1 307 2 1125 3 53 1 291 2 1397
37 22 4 1 158 2 119 2 653 1 50 4 455 3 1352 4 1155 3 958 5 1101 1 655 1 712 3 1431 1 1029 2 1318 1 1060 2 1312 1 1334 2 915 2 1416 1 401 2 762 3 554
38 22 5 7 825 3 1016 2 1271 1 573 1 387 1 439 2 946 2 827 6 213 2 643 2 845 1 728 1 210 3 438 1 339 4 611 6 1338 2 262 1 48 2 1451 4 95 2 1405
39 22 3 1 1154 1 225 2 902 2 576 3 567 1 1256 1 1217 4 320 2 819 1 193 1 366 1 1341 1 930 1 281 2 678 1 295 1 927 1 719 2 54 1 244 1 1186 1 194
40 22 4 2 1035 2 984 1 579 2 1342 1 1143 2 129 3 1092 1 547 1 156 1 5 1 100 1 874 3 608 2 1326 4 228 6 918 1 254 1 226 1 286 2 1123 3 36 1 1208
41 22 4 3 282 1 873 3 499 1 995 1 740 1 409 2 114 1 1479 2 181 1 1317 1 545 3 82 6 254 1 112 2 997 2 489 1 546 4 690 1 696 1 1341 3 145 5 721
42 22 4 2 959 1 473 2 286 3 387 2 1389 1 830 1 146 3 390 1 450 1 1270 2 828 3 983 2 43 1 122 1 228 2 314 1 1403 2 1118 4 26 5 224 4 27 1 1265
43 22 4 1 1497 1 1316 1 1274 1 1415 1 1148 5 1264 1 1408 6 1037 1 1445 1 414 2 8 1 738 1 721 2 764 1 1472 3 1015 2 734 3 265 2 1404 1 561 4 933 2 1072
44 22 3 2 353 4 578 2 172 1 172 4 1311 1 1353 2 751 1 439 1 494 1 894 2 559 1 1468 1 987 2 641 2 433 1 1181 1 287 2 293 1 59 1 1072 3 143 1 198
45 22 4 4 892 1 1452 1 975 1 1113 1 1161 2 318 3 1192 1 139 5 184 1 600 4 454 4 1291 3 242 4 777 2 1151 1 670 1 208 1 473 4 34 1 874 2 257 1 140
46 22 3 2 1235 3 1329 1 737 1 1118 1 558 1 231 1 349 1 510 1 1231 1 843 3 504 1 591 3 34 1 106 3 1366 1 439 1 1156 2 18 2 546 1 515 5 773 1 746
47 22 5 1 1231 1 911 1 1025 2 1226 4 961 1 822 1 1164 3 19 1 229 4 1399 1 1400 3 1356 1 52 5 532 2 532 1 1347 6 1231 2 707 4 173 1 1148 7 1046 1 326
48 22 4 2 517 3 879 2 65 2 191 2 183 3 1074 3 1038 3 1411 1 695 2 727 4 1165 2 1469 3 874 1 1125 3 1275 1 1236 1 968 2 1476 2 1472 3 87 1 144 3 1484
49 22 4 5 709 1 627 1 461 3 1285 1 684 1 1361 2 1396 2 188 1 1081 1 115 2 1230 1 278 3 158 1 876 1 916 1 26 11 112 1 700 1 290 1 1455 4 1001 1 1497
50 22 5 3 956 6 1369 1 1015 4 522 1 139 3 1299 2 37 1 649 2 275 3 409 2 510 1 1430 1 1315 5 865 1 1136 2 883 1 570 1 462 2 1422 2 1209 3 732 3 1012
51 22 4 1 1305 1 985 4 1424 1 862 1 982 3 909 5 799 3 375 3 549 1 978 1 655 4 801 3 452 2 588 2 1230 1 96 3 1362 4 577 2 105 1 877 2 729 1 737
52 22 3 2 1081 1 188 1 393 3 620 2 649 2 657 2 1013 1 300 1 1139 3 820 1 1115 1 1200 1 940 1 24 1 348 1 701 4 535 1 547 1 929 1 847 2 948 1 809
53 22 4 1 286 1 1045 2 757 2 229 1 1113 1 1007 4 639 5 538 3 70 1 1248 4 1399 2 711 1 1314 8 1429 2 532 2 464 1 365 1 1451 1 1137 1 1466 1 1081 1 922
54 22 4 1 430 4 912 1 956 1 471 2 1308 1 738 1 947 4 862 1 602 6 1233 1 378 4 922 1 556 1 44 1 1217 1 1419 8 1368 1 1456 2 789 1 1068 2 497 2 1423
55 22 4 2 1337 2 375 2 1051 1 37 2 978 1 1178 1 505 3 41 1 483 1 1436 1 1480 2 64 2 130 1 546 5 1240 1 651 2 448 1 1481 4 718 4 772 3 1477 7 125
56 22 5 3 1384 1 1257 3 283 2 596 1 1334 1 961 4 193 1 1126 1 1302 1 1377 3 131 2 572 3 1324 2 759 6 479 4 81 1 1289 2 295 5 591 1 703 1 554 2 38
57 22 4 2 1063 1 31 3 927 1 1328 3 601 1 764 1 1243 1 1439 3 234 4 1341 1 290 3 1047 2 113 1 495 3 83 2 773 1 61 1 655 2 5 1 223 2 937 1 885
58 22 3 2 1059 1 1363 5 1150 3 238 2 832 2 1381 1 1495 2 1256 1 784 1 419 1 1164 3 1171 1 1126 2 188 1 320 1 212 1 917 1 113 2 1406 2 1000 2 493 2 423
59 22 4 1 1107 3 291 1 796 1 1255 1 1376 1 573 1 735 2 58 3 472 1 1042 1 1399 1 1180 4 414 7 1084 6 1394 5 618 2 204 1 1373 1 1488 1 251 1 852 3 644
60 22 3 1 1461 1 631 2 715 1 679 2 748 2 931 1 302 3 1434 1 499 2 1078 1 289 1 597 5 604 3 28 1 323 1 524 2 270 2 1250 1 225 1 677 4 264 1 816
61 22 4 2 193 1 89 1 326 4 1025 1 125 2 248 1 599 1 1198 4 1001 1 830 1 824 1 416 2 1098 1 685 2 807 6 823 2 607 3 237 3 18 1 912 2 222 2 729
62 22 4 2 220 2 869 2 113 1 21 1 120 2 585 2 1152 3 388 5 1220 1 182 1 117 1 74 1 265 3 910 1 24 4 990 1 762 1 1031 5 776 2 994 1 1099 1 667
63 22 4 1 103 1 888 1 471 3 565 3 431 1 262 2 108 1 1403 1 665 3 1436 2 1212 1 607 1 880 3 514 3 375 2 1422 1 1410 3 1198 2 706 3 377 2 752 1 817
64 22 5 8 1189 1 1066 2 106 1 1198 1 114 1 1249 1 1154 2 677 1 507 2 1377 6 1355 1 101 4 574 4 889 3 1454 1 456 5 1361 3 550 2 734 1 1450 2 742 1 816
65 22 3 3 1039 1 513 1 1404 3 182 1 1486 1 125 1 1471 1 1408 3 89 1 1338 1 692 1 69 1 799 1 270 1 1124 1 24 2 285 1 348 5 583 1 878 3 828 5 688
66 22 5 1 1433 2 821 1 1143 1 1392 3 1155 1 985 3 505 1 224 3 1253 8 234 3 292 1 1139 3 19 2 1438 2 390 1 985 2 1357 3 521 2 644 2 1432 3 1393 4 322
67 22 3 2 439 3 1159 1 852 1 543 1 420 1 1013 1 1397 1 1378 1 493 5 1340 3 17 1 924 1 324 1 1050 1 52 1 358 2 827 2 1480 2 411 1 1211 1 1175 1 252
68 22 3 2 83 1 454 1 362 1 358 2 526 1 931 1 513 1 772 2 236 2 1499 1 1062 1 168 1 23 2 1223 2 419 1 655 3 471 2 733 4 267 1 334 1 837 2 436
69 22 4 1 508 1 1164 2 309 4 1182 5 267 2 304 2 1300 2 1328 3 356 1 990 1 1274 1 156 1 743 1 88 1 510 2 3 1 1149 1 363 2 1495 4 691 1 698 1 793
70 22 4 4 188 1 56 1 129 5 761 5 466 3 287 1 995 1 937 2 1069 2 1151 1 1071 2 1171 2 1416 1 612 1 1470 1 253 2 11 1 527 1 638 2 1155 1 1429 1 1279
71 22 3 1 133 3 709 2 969 2 785 1 47 2 555 1 696 5 328 1 1058 2 488 2 1225 2 382 1 1100 1 632 1 1326 1 1314 2 40 1 1330 1 1434 2 744 1 551 2 318
72 22 4 1 1451 1 95 1 889 3 532 6 1272 2 2 1 63 2 1026 2 577 1 593 1 1204 2 68 3 1145 4 743 3 889 2 186 1 823 1 483 4 769 1 488 2 645 1 1086
73 22 3 4 14 4 1314 1 1277 1 1373 1 148 4 242 2 1037 1 121 1 807 1 1035 3 372 2 287 1 1142 1 681 1 885 1 10 1 329 3 727 1 711 2 123 2 856 1 1261
74 22 4 1 1128 3 63 1 431 1 727 2 236 4 574 1 735 2 1033 1 703 3 39 2 686 2 210 1 1083 2 138 1 775 1 1162 1 746 5 1172 6 1238 1 1017 1 309 4 141
75 22 4 3 807 1 484 1 1457 3 1382 3 1293 2 118 2 34 1 587 1 1063 3 381 4 753 2 842 1 171 4 243 1 412 3 295 6 1429 1 1335 2 1329 2 533 1 1084 2 835
76 22 4 2 1062 1 473 1 1089 5 811 2 1385 7 639 3 1055 1 1192 2 1195 1 1149 2 1444 1 135 3 1022 3 1442 1 94 1 676 6 1139 1 894 1 829 1 359 1 528 3 440
77 22 5 1 498 1 1197 3 643 1 1246 1 777 2 30 4 918 1 451 4 401 1 1326 3 16 1 365 3 1288 1 643 7 160 2 645 3 503 4 909 1 448 3 1046 1 371 3 1374
78 22 4 4 306 1 963 3 816 3 1443 1 1324 1 785 1 88 7 624 1 386 1 1 1 768 4 822 1 8 1 1093 2 146 1 798 1 780 4 173 4 1432 2 404 1 1475 2 94
79 22 4 2 127 1 807 1 378 1 1117 3 965 1 1016 2 76 2 1009 3 1040 6 463 1 1001 1 392 2 314 1 514 1 1284 1 469 3 148 1 460 1 8 3 289 2 1303 3 530
80 22 4 6 204 3 165 5 1381 2 1290 1 224 1 1374 2 444 1 442 5 706 3 853 1 273 1 1106 1 1215 2 67 2 571 1 1332 1 835 1 737 2 855 1 31 1 1260 5 684
81 22 4 1 867 1 230 1 474 3 201 1 1224 3 182 2 1394 1 364 3 742 1 1017 5 534 3 1068 2 324 4 304 1 1440 1 1435 3 794 2 1211 5 1071 1 400 3 68 1 80
82 22 5 3 1202 2 895 2 1460 3 892 6 809 2 438 1 994 4 211 6 933 1 143 1 1308 2 432 1 1445 2 1314 2 893 2 425 1 567 1 434 1 884 4 548 3 253 1 508
83 22 5 1 1223 1 1155 1 720 2 605 4 659 1 901 3 1457 2 1108 2 1225 3 1422 8 658 1 194 3 800 4 1094 1 1179 3 1053 3 373 3 286 1 127 1 1215 5 488 2 966
84 22 4 2 344 2 1391 1 1216 4 23 6 931 1 584 1 1100 1 1012 1 50 1 605 1 707 1 1161 1 596 2 578 2 275 2 61 1 1342 1 152 4 1190 3 813 1 22 1 1310
85 22 4 3 1143 1 1077 3 911 7 940 1 1470 1 1120 1 103 1 1312 2 780 1 904 2 950 4 224 1 1121 1 557 1 64 1 375 1 739 3 1273 1 1338 2 213 1 190 1 719
86 22 5 5 840 1 1280 1 1294 1 12 2 197 1 1129 1 333 1 403 3 338 7 864 2 281 5 505 1 832 1 1199 2 469 5 990 2 983 1 123 1 1270 4 1315 4 985 4 420
87 22 5 2 284 3 401 1 878 4 1500 5 255 3 1424 5 972 2 737 1 1066 5 169 1 1343 1 687 1 1120 1 444 1 61 2 1390 3 574 1 676 1 841 3 54 4 668 2 1065
88 22 4 4 249 3 134 4 697 4 1497 1 680 4 1017 1 1179 2 1038 1 730 1 707 5 1465 1 818 1 104 1 1022 1 1323 1 343 1 391 2 273 3 1162 4 1027 3 42 1 1070
89 22 4 5 214 7 384 1 1019 1 151 1 359 1 1105 2 570 1 826 1 447 1 76 1 1140 1 751 3 710 3 650 1 1015 1 40 1 857 3 1347 1 639 1 983 2 485 1 1155
90 22 4 1 1043 1 1456 3 288 2 1007 2 644 2 1322 3 1049 4 190 1 628 7 1104 1 610 1 103 3 893 2 1423 8 54 1 967 1 1288 1 1490 2 730 1 1186 1 1355 1 889
91 22 5 2 999 2 693 4 261 1 322 1 605 1 267 1 286 1 196 1 1227 7 1238 7 1226 2 389 4 804 7 444 1 303 1 578 5 1420 1 329 1 612 1 844 3 24 1 103
92 22 4 2 110 1 1169 7 1369 1 1458 3 899 3 3 1 1431 1 335 1 1204 3 1365 2 784 1 1158 1 527 1 1483 1 318 3 1438 2 290 1 38 2 362 2 888 1 553 1 466
93 22 4 1 1023 3 95 1 395 2 1392 1 879 5 546 2 319 1 524 1 534 1 166 1 1103 1 72 2 474 1 717 3 459 1 941 1 640 1 969 1 597 7 141 6 666 1 535
94 22 3 2 231 1 997 1 1066 1 1091 2 826 1 782 2 1301 1 1298 2 612 2 1139 1 1356 2 495 4 367 3 104 1 201 1 1373 1 1141 1 1311 1 1109 1 1001 2 1025 1 745
95 22 3 1 468 1 1188 1 1270 1 696 4 981 2 676 2 223 1 268 2 1225 2 98 1 1249 1 148 1 761 2 67 1 410 2 1328 1 1019 1 452 2 677 1 824 2 538 2 96
96 22 4 3 1191 1 1344 3 703 3 1211 1 1346 6 856 1 18 1 292 2 886 2 437 1 905 2 416 2 646 1 70 3 1018 2 1090 1 1413 3 884 1 530 1 645 3 512 1 556
97 22 3 1 878 1 23 1 278 2 1009 6 222 1 7 2 1433 3 1109 2 1089 1 556 2 896 1 1341 1 851 3 229 2 604 2 821 1 1358 1 944 1 162 1 1248 1 1116 2 521
98 22 5 1 1170 1 277 1 544 3 1428 3 719 1 676 3 1149 2 1007 1 790 1 590 4 193 1 16 1 575 2 825 4 598 2 537 2 9 4 1438 2 1469 2 437 8 349 1 1348
99 22 3 1 355 1 1049 1 941 5 587 1 654 1 751 1 704 1 685 2 626 1 1343 1 485 1 135 2 681 2 740 3 584 1 1298 2 631 1 1215 2 274 2 983 1 1493 2 394
100 22 4 2 1205 1 436 1 56 6 866 2 1383 2 32 1 963 1 168 2 1333 1 881 2 1320 2 798 1 26 1 792 3 836 2 59 1 1318 2 854 6 548 1 1003 1 1117 4 647
101 22 4 3 492 2 1191 4 326 1 1065 3 739 4 1423 2 940 1 860 1 427 1 290 3 242 3 1198 2 980 1 511 1 464 2 626 3 179 2 245 1 302 1 937 3 1054 4 516
102 22 4 4 221 2 1097 2 1022 2 948 2 1333 1 880 1 1213 1 1403 1 977 1 668 1 995 4 939 1 834 3 500 2 620 5 1491 2 142 1 57 2 1055 1 53 3 1471 3 811
103 22 4 2 1 3 88 1 332 1 622 1 1487 1 1080 2 1484 2 617 1 807 1 641 1 1261 1 876 3 479 3 85 1 137 1 681 3 1250 1 815 1 13 9 1116 3 104 2 185
104 22 5 1 113 1 108 1 1345 3 969 2 934 4 322 7 402 1 34 2 340 3 634 1 1372 2 358 9 45 1 1072 2 289 1 1357 1 455 1 557 2 1409 1 1164 2 1346 6 97
105 22 3 2 457 2 617 2 205 1 789 1 1311 1 1047 2 1198 3 331 1 1262 1 609 1 989 1 267 1 1447 1 989 1 335 3 504 2 884 2 508 5 167 2 533 3 1189 1 1098
106 22 3 1 1368 2 182 1 985 2 892 1 1070 1 761 1 920 5 585 4 1422 1 87 1 227 2 317 1 1121 1 264 3 226 1 336 1 1435 2 800 3 237 2 491 1 930 2 72
107 22 4 3 1362 2 1242 1 956 1 637 1 768 2 299 1 690 1 275 1 697 2 301 1 874 1 95 2 43 1 1325 4 303 1 36 1 1346 1 654 9 72 1 881 1 1036 2 343
108 22 4 1 1488 1 1385 1 450 1 6 2 1037 2 347 3 970 4 1108 5 281 3 826 2 244 1 56 1 1276 3 433 2 118 4 1028 1 256 1 1408 2 854 1 1303 2 675 3 221
109 22 3 1 1313 1 41 1 1110 2 1480 1 317 3 189 2 261 1 503 2 1499 1 1291 4 589 2 1027 1 410 1 155 1 1170 1 1475 1 874 5 1331 1 487 1 603 2 1452 2 998
110 22 4 1 752 2 1100 1 56 2 726 1 1379 6 1089 8 74 5 438 6 3 1 24 1 210 1 1014 1 993 1 189 1 790 2 580 1 1196 2 1478 2 804 2 1348 1 1410 1 1126
111 22 4 1 1088 7 114 1 1393 4 1442 2 1443 1 837 1 1467 1 1359 3 1451 1 1213 2 924 1 472 1 861 1 398 2 531 3 705 1 884 1 633 1 403 2 481 4 550 1 777
112 22 4 1 1395 1 916 1 251 2 805 2 331 1 162 3 198 6 163 1 372 2 1189 3 1141 2 750 1 723 1 1042 3 559 1 258 1 1287 2 12 2 71 1 81 1 115 2 328
113 22 3 4 195 2 217 1 254 1 777 1 561 4 925 1 1234 1 1285 1 283 1 1089 1 408 1 208 1 249 1 381 1 306 3 842 3 698 1 736 2 649 1 919 2 759 2 1291
114 22 4 4 173 2 1479 1 658 4 1438 1 564 2 1464 1 704 1 105 5 1120 1 998 1 211 1 233 1 112 2 481 1 883 1 1384 7 303 1 1185 2 789 1 526 3 647 2 215
115 22 3 2 724 1 21 1 714 6 1202 1 702 1 455 3 1119 1 534 2 569 2 310 1 1181 1 941 1 429 2 1022 1 1012 3 602 1 1358 1 1030 1 1057 2 476 2 367 1 1378
116 22 3 1 26 2 826 2 102 2 648 1 661 1 95 1 1453 1 100 4 639 2 396 2 1415 3 1414 1 995 3 214 1 734 1 1174 1 691 2 515 1 1024 2 1263 1 1191 2 501
117 22 5 1 1371 2 1068 2 1023 1 846 4 351 2 174 1 1253 1 913 1 792 3 1055 1 340 3 445 1 649 1 665 1 545 3 975 9 272 1 615 3 901 1 422 8 1002 1 752
118 22 3 1 462 5 348 1 99 1 527 1 158 2 330 1 953 2 237 1 670 1 1013 1 498 3 1109 1 581 1 1483 2 205 1 1103 1 863 1 303 1 1313 2 303 1 125 2 1209
119 22 3 1 773 4 1439 1 325 1 705 1 280 2 1292 1 381 2 1362 1 96 1 462 2 1455 1 692 1 803 4 1419 1 792 1 983 1 491 1 1450 1 737 1 733 1 826 1 581
120 22 2 1 488 2 1119 1 739 1 584 1 1320 1 6 2 1033 1 466 1 1115 1 953 2 1072 3 516 1 767 1 732 1 992 1 80 1 683 2 29 1 148 1 1431 1 683 1 263
121 22 4 4 397 3 667 3 787 1 838 3 14 2 13 2 336 3 261 2 797 1 1268 1 468 5 529 4 503 1 237 1 545 1 898 1 35 1 1125 5 525 3 568 1 1249 1 353
122 22 5 1 409 4 210 3 1482 1 265 1 508 1 971 3 228 1 787 6 291 2 14 3 1132 1 813 1 1186 3 1228 4 798 3 763 1 804 3 466 1 1341 3 1459 1 1421 4 740
123 22 4 1 856 4 467 1 1323 2 1442 3 1122 6 445 2 379 3 1106 1 678 3 1080 3 917 2 978 3 11 1 391 6 1080 1 611 1 850 1 38 1 1490 1 210 1 1165 1 400
124 22 4 2 623 3 831 2 984 1 613 1 472 2 238 1 892 2 676 1 95 2 1332 3 1218 3 341 1 618 1 566 2 1445 2 409 1 324 1 253 9 1156 3 1256 1 1161 1 515
125 22 6 3 729 3 301 1 750 3 1365 3 40 5 351 2 505 1 187 2 782 5 1350 10 216 1 1356 3 110 1 926 3 356 1 982 1 589 3 957 2 108 3 164 3 34 1 580
126 22 3 2 410 2 813 1 150 1 758 4 306 1 1353 2 129 1 593 2 31 3 77 2 1350 1 660 2 603 1 56 1 571 2 611 1 1021 1 686 1 766 3 232 1 417 1 1001
127 22 4 1 127 2 229 1 120 1 1394 2 1492 8 399 8 1059 1 160 1 1346 1 1205 1 551 2 1107 1 1093 4 343 1 1150 2 1298 1 1016 1 619 1 1380 2 1071 1 376 3 1197
128 22 5 2 314 4 421 1 357 1 738 1 206 1 1360 3 204 4 95 2 926 2 259 4 774 1 147 2 621 1 1061 5 1045 1 464 2 92 2 1064 5 1040 3 988 2 779 3 742
129 22 4 1 737 1 837 1 933 2 978 1 45 1 1316 1 646 2 526 1 742 1 1285 3 964 3 214 2 954 1 1154 3 1406 2 876 1 798 1 1343 4 755 2 824 1 914 7 906
130 22 3 1 543 1 900 1 616 1 1038 3 1249 5 1400 2 814 2 1462 1 919 2 204 1 681 1 448 2 392 1 607 2 1407 1 1198 1 957 2 193 1 808 1 1090 5 620 1 1256
131 22 3 1 697 1 89 2 840 3 101 1 689 1 932 2 920 1 269 2 574 1 843 4 1283 2 18 3 1416 1 91 1 3 2 1242 1 410 4 1383 1 137 1 87 2 1454 1 459
132 22 4 2 1080 1 107 1 745 6 259 1 987 3 1295 1 116 6 1229 1 484 1 289 1 1191 3 977 1 290 4 204 1 247 2 1483 3 195 1 639 4 1279 1 1466 4 795 1 546
133 22 3 2 1004 1 31 4 818 1 179 2 911 1 610 4 788 1 584 1 989 2 1037 1 272 2 614 1 602 4 215 1 718 1 848 1 843 1 300 1 1022 3 115 3 333 1 1094
134 22 3 2 992 2 1053 1 333 1 1000 2 1061 2 163 1 142 1 1131 1 987 1 531 3 756 3 798 1 1079 1 465 1 732 1 869 4 779 2 1480 1 169 2 840 1 8 1 1088
135 22 4 7 1283 3 1165 1 721 1 160 2 1440 1 298 2 779 1 207 1 1492 1 1270 1 1342 1 1287 1 662 1 1026 1 189 2 324 3 858 2 1011 7 877 1 1258 2 1210 2 890
136 22 5 1 422 1 107 1 827 1 515 5 736 1 1021 1 542 1 1206 2 382 5 28 2 993 4 92 3 870 1 891 5 1015 10 959 2 676 1 1041 1 532 3 1365 4 346 3 665
137 22 5 4 856 2 92 2 915 2 761 1 1249 7 798 1 339 2 104 4 1485 1 1216 1 30 2 654 1 652 3 511 3 1408 3 435 3 511 3 48 2 529 1 1178 1 765 2 104
138 22 5 2 1369 1 758 1 1444 3 1449 2 271 1 930 2 729 2 242 2 1213 5 1497 1 263 2 1363 6 806 4 1158 1 1059 2 682 5 1273 3 1055 2 907 1 997 1 1330 1 1214
139 22 4 1 359 2 609 1 695 2 1209 1 1141 1 806 1 76 1 241 4 1036 1 1215 3 6 1 1316 1 916 1 859 3 606 2 845 2 761 6 91 2 191 5 1132 4 448 1 1382
140 22 5 1 1225 1 1220 2 724 4 249 1 405 2 1319 5 425 1 1081 4 1082 1 892 2 723 1 1001 3 294 2 122 4 1040 3 793 4 678 1 1366 2 1327 2 94 3 1452 6 11
141 22 4 3 686 1 147 2 964 1 1406 2 1039 2 297 1 1354 1 1411 1 532 2 211 6 243 3 1100 1 184 2 538 1 151 1 1485 1 669 2 1458 2 1243 1 938 1 984 6 268
142 22 4 1 1046 3 478 3 170 1 1058 2 413 1 151 1 114 1 963 1 363 4 956 1 879 1 1399 2 145 1 149 1 805 4 978 2 551 3 627 4 1347 1 112 1 1185 6 632
143 22 4 3 633 4 1175 4 1115 1 1107 1 1127 1 1142 4 1406 1 1184 1 544 2 10 2 988 1 129 1 1403 2 735 5 1495 1 918 1 267 3 1135 1 42 3 497 1 505 1 1341
144 22 3 3 1365 1 544 2 1110 1 1455 2 1359 2 1136 3 884 2 618 2 981 1 940 1 802 3 1177 1 1245 4 1042 4 1151 1 45 1 261 1 1145 1 1303 1 1302 1 1304 1 34
145 22 4 1 1377 1 1203 1 47 1 202 2 111 4 517 5 537 1 1112 1 580 1 593 3 1307 3 1353 1 647 1 173 1 1091 1 1327 2 108 2 821 2 1066 5 959 1 965 3 1378
146 22 4 6 800 1 366 1 631 5 911 1 387 2 131 6 1151 1 830 1 1044 2 882 3 880 4 392 1 792 1 624 5 1087 1 595 1 317 1 978 1 1154 1 795 1 623 1 1128
147 22 4 1 107 2 1289 1 671 1 1114 1 108 2 587 7 157 5 1304 1 1130 2 343 2 869 2 781 2 1216 1 643 1 292 1 1084 1 683 2 34 1 490 1 1275 3 368 1 270
148 22 4 1 712 1 632 1 511 6 1025 1 757 1 676 1 444 1 95 2 1366 2 480 4 698 2 1010 3 1412 3 566 1 451 1 123 2 580 2 998 1 920 2 1259 3 1408 1 861
149 22 4 2 1030 2 312 2 1011 1 1032 2 1074 3 901 1 794 1 946 1 861 3 1286 1 1206 3 605 2 725 2 429 3 782 1 1411 3 708 1 77 2 893 2 1484 1 525 1 694
150 22 4 3 390 2 91 2 580 1 917 2 806 1 899 1 975 4 121 3 314 2 157 1 1061 2 950 4 1299 1 792 2 1148 1 128 1 510 1 1021 1 661 2 387 2 663 5 444
151 22 4 1 263 2 239 3 965 1 355 1 1008 2 1160 1 428 2 790 3 189 4 620 2 1198 2 428 1 1459 4 665 2 504 3 138 1 1182 2 246 3 1394 2 61 1 1178 4 512
152 22 4 3 335 1 1043 7 19 2 1006 2 949 1 721 1 230 2 843 1 1275 1 409 1 822 1 1460 1 1323 1 1272 2 1221 4 321 1 102 2 1284 1 68 1 529 4 621 1 500
153 22 5 3 963 6 37 1 363 1 1088 3 706 1 565 4 1214 4 712 4 736 1 882 3 294 2 204 3 1222 1 207 3 455 4 1145 2 1240 1 1462 3 1418 1 136 3 1365 1 337
154 22 5 3 1195 3 182 2 1105 3 760 5 523 1 305 2 1393 1 1320 1 674 2 410 2 38 5 443 1 83 3 714 1 313 1 833 3 1220 6 16 1 368 1 352 3 47 1 553
155 22 4 1 499 1 1072 1 425 4 503 2 769 2 1230 1 356 4 1235 1 1168 1 959 3 1135 1 220 1 889 2 984 4 451 1 1080 3 714 2 1079 2 1428 1 1486 2 1012 1 1430
156 22 5 3 1341 1 1399 2 1037 2 1064 1 709 4 559 3 757 7 925 5 1150 3 738 1 397 2 783 2 1340 1 373 1 1228 2 1091 1 789 4 1216 2 1475 1 288 4 1353 2 162
157 22 4 5 1229 1 688 3 1470 2 907 1 653 1 503 1 139 5 860 2 712 2 1442 1 794 2 1174 1 1474 1 1180 1 983 2 434 1 391 1 1296 2 1425 5 517 6 594 1 573
158 22 3 1 1281 1 964 4 28 3 334 3 629 4 243 2 1072 1 1165 1 251 1 451 1 1072 2 174 2 75 3 1327 1 783 1 814 1 384 1 1500 1 617 1 103 1 825 1 1050
159 22 3 2 358 1 552 4 482 1 49 1 1288 1 1198 2 420 1 50 2 147 1 1298 1 1331 1 859 3 72 1 587 1 302 5 748 1 957 1 927 1 778 1 499 3 28 1 982
160 22 3 1 517 1 553 1 1116 3 659 1 1005 1 306 4 161 2 782 2 538 2 723 1 304 1 200 1 602 1 1188 1 1497 2 840 1 418 3 1112 1 491 3 507 1 997 1 484
161 22 5 2 920 3 6 2 643 5 995 2 1073 1 231 5 124 6 795 1 643 1 1338 2 20 3 285 1 1333 1 608 4 424 1 353 1 917 1 1331 1 1001 4 618 1 1353 4 738
162 22 5 1 1118 1 1351 2 940 3 995 2 868 2 420 3 845 3 68 1 895 3 1292 1 295 1 553 3 1193 7 389 2 544 7 712 1 600 1 1213 7 176 1 322 2 1034 1 768
163 22 3 1 1272 2 1383 2 875 1 1345 1 1203 1 611 1 860 2 677 2 1361 1 1042 1 460 1 850 1 486 2 887 1 119 1 179 1 643 2 819 1 749 2 1252 1 566 2 672
164 22 4 1 568 1 474 3 340 5 417 1 1463 2 1356 2 1318 2 216 6 267 2 127 1 1029 2 398 3 1096 1 1432 1 115 2 545 2 1003 1 1133 3 98 3 563 1 474 1 714
165 22 5 7 504 4 1018 2 1364 2 515 3 660 1 992 1 1111 2 834 1 165 1 480 1 1165 2 19 1 731 4 489 10 1061 1 1381 1 1463 1 526 3 339 4 317 2 634 2 518
166 22 3 2 1114 1 713 3 1137 1 994 1 512 1 130 1 739 1 1367 1 277 1 1175 3 987 2 877 2 297 2 1194 1 773 4 1060 1 254 3 560 1 10 1 9 1 388 4 1149
167 22 4 1 174 2 1175 1 535 2 310 2 1139 5 1485 1 149 2 853 1 321 3 890 1 923 1 174 1 1100 7 1055 1 521 1 907 1 1098 1 776 5 250 1 571 1 1167 1 1366
168 22 4 3 1391 2 768 1 1354 1 653 1 7 4 96 1 725 1 247 1 1285 1 1484 4 1067 2 833 2 307 3 434 1 775 1 104 2 1237 4 1203 2 498 2 639 2 980 3 398
169 22 4 3 707 1 504 1 1026 1 960 2 32 2 452 1 221 1 1211 1 912 4 934 2 1432 1 1374 1 1406 1 906 1 702 1 1250 4 567 1 893 4 1179 1 1337 1 555 5 118
170 22 5 1 1406 1 305 1 141 4 70 1 744 2 961 1 1240 1 1298 1 863 1 856 1 517 11 478 3 1341 1 830 4 861 1 996 1 819 1 468 5 1006 3 1371 4 525 1 385
171 22 4 5 736 1 4 1 522 5 1232 1 1366 1 342 4 421 2 724 1 1057 2 1486 2 896 2 300 1 831 3 732 1 590 3 208 4 281 1 89 3 874 4 117 1 203 1 1330
172 22 5 2 1023 1 115 3 822 2 1184 4 36 3 790 2 145 1 395 4 1106 4 1030 2 99 2 331 5 608 3 1103 1 351 2 460 3 1270 1 1232 1 1368 1 119 1 428 4 25
173 22 5 2 1285 2 304 4 1012 1 916 5 1394 2 260 2 922 1 1011 4 18 4 384 1 1367 1 1466 1 1482 2 816 1 222 3 881 3 1300 2 162 2 385 11 722 1 800 3 578
174 22 4 1 77 4 538 1 378 2 416 1 97 2 1190 1 1472 2 1063 2 995 3 880 1 1281 2 104 3 1241 2 788 1 65 3 294 1 345 4 931 2 1402 1 94 1 855 2 991
175 22 4 1 185 1 176 1 517 3 691 2 867 3 173 2 1021 1 833 1 490 6 151 1 567 1 1450 3 1220 3 53 2 83 1 868 1 266 5 832 1 714 1 6 3 273 2 1402
176 22 3 1 997 3 161 2 557 1 360 2 627 1 960 1 471 3 1469 2 1470 1 389 1 1274 4 241 3 775 1 1194 1 982 3 1020 1 461 1 783 2 280 1 1113 1 119 3 706
177 22 3 1 1454 1 1024 1 294 1 1139 2 590 1 998 2 716 4 1106 2 285 1 20 3 132 1 811 2 456 1 1105 5 412 2 737 2 1080 1 101 1 1041 1 717 1 90 2 733
178 22 4 1 403 1 698 1 431 1 618 3 53 3 545 1 1376 3 197 1 687 3 1470 3 218 1 46 4 578 1 658 1 116 1 95 8 361 3 442 2 610 1 747 2 1001 1 263
179 22 4 7 64 1 135 2 1249 1 867 6 199 1 824 1 299 3 925 3 1452 1 179 3 105 1 376 1 1250 2 329 1 206 3 420 1 100 1 546 2 300 2 620 1 884 1 1163
180 22 4 1 1112 4 1095 1 109 2 18 2 138 7 1435 2 1225 4 1333 1 1372 1 14 2 1352 2 1056 1 1120 3 328 1 1033 1 1199 1 1340 1 669 1 370 2 1180 1 315 1 1042
181 22 4 1 598 2 229 1 546 2 420 2 303 1 237 1 421 1 496 1 1180 6 1291 4 579 6 1062 1 1472 1 344 1 124 1 1381 2 921 3 402 1 1263 2 927 1 238 2 182
182 22 4 2 617 2 980 4 549 1 851 1 1106 3 12 2 498 1 1031 2 346 2 93 1 1374 1 1123 2 1408 1 719 1 68 3 829 4 552 2 1379 3 422 1 945 1 557 2 411
183 22 4 1 863 3 214 3 1038 1 980 1 717 1 871 7 1217 1 453 1 1308 3 96 1 1085 3 673 1 165 1 331 2 1176 4 1386 4 1364 3 1357 2 1262 1 399 1 96 1 407
184 22 3 2 170 1 362 1 658 1 247 1 998 1 904 1 760 1 354 1 843 4 778 1 97 1 1031 2 964 2 769 3 1416 1 398 3 1289 1 233 1 423 2 365 1 1446 1 1231
185 22 4 1 519 2 1193 5 771 2 1014 1 392 2 716 1 1187 3 1116 1 1499 3 235 1 565 3 34 1 650 3 553 2 1484 1 1110 5 662 1 1076 1 496 5 53 1 492 4 238
186 22 4 5 1194 3 243 1 1198 2 1050 2 1056 1 875 2 880 1 39 1 1461 1 457 2 1416 3 761 4 1273 4 1217 2 1027 3 791 3 1066 1 1167 2 1002 1 1403 2 1112 2 517
187 22 4 1 1149 5 1111 2 914 5 423 1 941 3 1113 2 1222 2 747 1 51 1 692 2 343 1 638 4 920 1 139 1 49 2 124 1 1032 1 84 4 1007 5 435 3 1307 1 1151
188 22 3 1 47 2 553 2 11 2 337 1 497 1 461 2 1487 3 1493 1 372 3 1393 1 562 2 969 1 267 1 684 2 442 1 796 2 372 2 306 3 126 3 1189 2 806 1 500
189 22 4 5 298 3 448 1 219 1 105 1 1384 2 992 1 1129 3 678 2 729 1 939 1 897 2 1231 1 1087 2 1045 1 301 2 1120 2 114 3 99 1 926 1 1418 1 582 3 802
190 22 4 1 657 1 1412 1 15 3 195 1 1181 3 972 3 139 1 214 3 374 2 216 1 1466 1 1216 3 1219 1 241 4 1227 2 1332 2 1071 1 1432 1 545 2 1001 2 1088 2 400
191 22 4 3 880 1 1005 1 801 1 1345 2 323 3 730 4 1434 3 107 2 380 2 1102 3 1139 3 540 1 657 1 1183 1 1484 2 1050 1 1446 2 1189 1 216 3 747 4 1006 1 1112
192 22 4 1 746 3 1019 1 421 2 1083 1 1286 1 418 1 599 6 1349 1 597 2 236 3 55 1 375 1 714 7 406 1 1431 1 945 2 196 1 1090 2 850 2 1041 2 1027 6 452
193 22 5 1 488 6 1193 1 877 2 506 1 1183 3 867 3 48 2 1167 1 921 1 161 1 429 5 1083 1 439 1 1328 1 1497 2 1452 4 1064 1 1244 2 1101 2 891 3 252 6 1269
194 22 4 2 218 2 690 4 646 3 612 2 757 2 1415 1 1171 3 1317 5 973 1 930 1 122 1 165 3 1305 2 448 1 1412 1 606 5 125 1 1193 2 1226 1 1033 2 385 1 637
195 22 4 1 932 2 496 1 888 1 1015 1 270 2 1409 5 1425 1 334 1 891 5 683 1 1200 1 1172 2 1117 1 805 1 1142 1 1459 2 119 2 871 2 851 4 351 1 1263 4 1223
196 22 3 1 1179 2 155 1 1475 1 639 2 22 1 750 2 773 1 567 1 1297 4 769 1 320 1 565 1 1124 2 861 1 586 2 1016 1 768 1 1464 3 1314 1 1286 1 695 3 1037
197 22 4 1 49 1 1250 1 1224 1 1175 1 654 1 291 2 1454 4 1278 2 929 3 1407 1 247 3 993 1 1492 2 1490 2 859 1 510 1 62 2 434 3 1025 1 1023 7 593 4 381
198 22 3 3 122 2 1021 1 1006 2 1093 2 1303 1 1496 1 1441 1 422 3 509 1 748 1 793 3 1360 1 970 1 1482 2 1363 2 645 2 1000 2 61 1 796 4 667 1 936 1 1260
199 22 4 2 862 1 439 1 247 2 1360 2 677 6 1064 1 1445 1 867 1 112 1 530 1 320 2 780 2 1285 1 884 1 1390 2 1352 2 1060 5 920 1 953 1 108 3 709 3 1346
200 22 5 2 906 1 485 1 1035 1 124 4 1467 4 94 1 571 6 551 1 90 1 1090 3 1265 1 1351 6 472 1 727 3 543 2 353 1 46 3 768 2 606 3 247 1 494 2 122
201 22 4 1 1039 4 1248 1 426 4 1294 1 238 2 1131 2 1396 2 1304 3 1460 1 377 1 1030 1 734 3 726 1 107 1 380 2 1170 3 945 4 573 1 870 1 677 2 1019 4 830
202 22 5 4 990 1 1086 3 1033 3 681 2 1366 3 586 3 1279 4 25 2 437 3 443 2 481 4 1408 6 1135 1 66 2 1418 1 61 1 948 1 692 4 1342 1 537 1 1411 1 557
203 22 4 1 476 5 417 1 1211 2 679 1 526 1 1307 2 906 1 657 2 793 1 946 2 359 2 132 4 703 2 568 2 1355 2 1325 1 312 2 1322 3 971 2 360 2 755 1 1394
204 22 5 1 735 2 574 1 717 3 843 1 677 3 1132 2 42 5 1328 2 842 1 933 2 83 1 691 3 785 2 681 2 1457 7 854 1 167 1 362 1 504 2 978 2 1356 8 1494
205 22 3 3 940 1 308 3 425 2 662 1 1334 1 864 1 843 1 776 1 1133 2 467 3 184 1 638 1 789 3 350 1 1166 2 368 3 1118 1 641 2 235 1 1009 2 398 2 1306
206 22 3 1 411 1 1306 4 290 2 138 2 899 2 734 1 870 2 493 2 427 2 1154 1 415 1 719 1 463 1 651 3 515 2 1387 1 735 1 168 2 365 2 98 1 380 4 967
207 22 4 1 437 2 787 1 353 3 1153 4 1306 2 772 1 104 3 964 3 321 2 1353 3 849 1 162 1 261 1 1144 2 633 1 952 4 1377 2 389 4 1301 1 1395 1 314 1 600
208 22 4 2 907 3 458 2 649 1 214 1 1051 1 1117 3 711 1 1173 3 199 1 1034 1 341 5 247 3 288 2 754 2 979 2 1483 1 748 1 1251 4 221 2 687 2 178 3 489
209 22 4 5 862 1 1175 2 1252 2 1190 1 937 2 359 2 470 2 571 1 438 2 761 1 302 3 773 2 1329 1 1253 1 484 1 782 1 305 1 1323 2 1045 3 1382 4 767 5 1428
210 22 4 1 1335 1 140 1 1132 4 994 1 666 1 1394 1 715 2 1022 1 807 1 79 4 976 2 1116 1 1447 1 458 1 118 2 644 2 25 5 1333 3 1048 7 940 2 117 3 1045
211 22 5 1 471 1 645 2 1238 3 219 4 1285 4 1402 5 685 2 1090 1 274 1 237 3 257 1 845 2 825 2 540 2 267 4 1406 3 652 1 611 1 1012 2 112 5 1215 1 1070
212 22 5 3 886 2 598 2 637 2 1053 2 1377 2 921 1 917 3 187 4 822 2 22 1 719 7 1179 5 1298 4 236 2 276 3 998 1 88 3 783 1 528 4 940 1 246 1 1420
213 22 3 1 207 3 1407 1 1029 1 375 1 1320 1 724 1 334 1 1018 1 1365 1 705 1 259 2 863 3 395 1 651 6 772 2 1187 1 849 1 528 1 1400 1 368 1 1450 1 971
214 22 5 2 783 12 2 1 589 1 770 2 1225 3 234 1 610 1 744 1 113 2 769 2 1416 1 882 1 706 1 869 3 360 3 943 5 1404 3 822 1 863 2 1417 1 650 1 739
215 22 3 1 1248 4 893 1 1381 2 116 3 1113 1 449 1 663 1 483 1 1118 5 849 1 452 2 438 1 1482 2 182 1 857 2 1109 1 734 2 1065 2 1488 1 1432 3 233 1 1236
216 22 3 1 365 3 305 1 1128 3 492 1 546 4 676 2 99 1 1158 1 970 1 1418 1 722 2 292 2 1055 1 959 6 1141 1 855 1 148 1 411 1 24 2 51 1 1205 1 175
217 22 3 2 216 3 1228 1 432 1 1055 2 1169 1 126 1 1119 1 912 2 1291 1 552 1 919 4 484 2 608 1 322 1 633 3 397 1 833 2 210 1 538 1 657 1 270 6 1061
218 22 5 1 53 1 518 1 1380 3 1320 1 357 3 1465 3 204 3 584 3 1081 3 143 2 60 1 1215 1 423 2 402 2 663 8 1235 4 756 4 644 2 1424 1 264 1 741 1 1026
219 22 4 1 186 1 1215 2 758 4 865 1 635 3 524 1 1198 1 751 2 346 2 1364 2 662 1 1357 4 138 1 503 6 1029 3 144 1 1059 3 739 2 275 5 267 1 227 1 353
220 22 3 3 589 1 1288 1 1188 1 377 1 431 2 626 2 588 1 777 2 45 1 1226 1 472 3 104 1 21 1 669 1 65 2 1297 1 192 1 472 1 799 1 579 1 793 3 350
221 22 3 1 305 2 260 1 227 1 1003 1 969 2 669 1 258 1 1333 2 1354 5 71 1 1078 1 692 2 528 1 1429 2 1028 2 1322 1 902 1 1173 1 393 1 480 1 432 3 1330
222 22 5 1 308 1 79 3 825 1 156 2 924 1 1474 6 482 1 774 1 1333 2 1189 1 1500 2 939 2 1408 3 1163 3 23 2 1235 7 1479 1 64 1 454 1 103 1 697 7 1401
223 22 3 2 708 2 598 2 869 2 1303 1 430 1 1015 1 244 1 907 3 1226 1 944 1 457 2 474 2 205 1 514 5 722 1 1176 1 728 1 605 1 657 4 577 1 1174 1 876
224 22 3 1 1144 1 1078 1 880 2 1499 2 360 1 505 1 198 3 111 3 1475 1 416 1 712 2 845 1 1432 2 895 1 1309 1 196 1 1014 6 1279 2 79 1 1446 1 502 2 1118
225 22 5 1 1362 3 1193 1 1309 3 292 1 1416 1 114 2 1470 5 1481 1 758 2 548 3 1270 2 184 1 98 1 248 3 853 3 928 1 327 1 321 1 1412 1 32 14 679 1 1168
226 22 4 1 1078 7 1397 1 593 5 758 3 62 1 1041 2 1433 1 1436 3 1083 1 1217 2 832 1 880 1 1026 1 1282 1 1334 1 946 2 1436 1 851 1 567 1 508 6 769 1 1191
227 22 4 3 406 1 299 1 916 1 472 4 1482 2 603 1 1011 1 443 1 776 3 835 1 802 1 1197 1 1135 2 1291 1 114 1 202 3 52 1 137 8 217 2 48 4 339 3 564
228 22 4 2 322 4 1072 1 506 1 348 2 1463 1 14 4 712 2 630 1 341 2 482 1 1421 1 1005 1 551 3 1236 6 668 2 1434 2 961 2 248 3 44 2 1069 1 524 3 1138
229 22 3 3 1293 1 978 1 398 3 1426 2 738 1 706 2 465 4 1220 1 1013 2 226 4 606 2 1294 1 1297 1 748 1 774 1 551 2 327 1 232 1 482 1 1247 1 500 1 687
230 22 4 2 288 3 743 1 692 3 1003 1 985 2 424 4 439 3 949 3 1401 3 735 1 573 1 488 5 764 1 505 1 104 2 677 1 1039 1 88 1 1211 2 857 1 132 3 503
231 22 4 1 1036 1 78 2 671 1 386 1 868 1 763 4 1446 1 6 1 1500 2 1381 2 1020 2 166 1 53 1 165 6 262 1 1469 4 576 1 1443 2 1114 1 76 2 605 3 753
232 22 4 2 493 2 577 1 385 2 793 4 1276 4 1302 1 768 1 69 3 882 3 411 1 843 4 1453 2 16 1 787 2 1332 1 427 1 595 2 1316 3 1241 3 725 1 1113 3 510
233 22 6 2 804 5 506 1 473 2 492 1 1391 2 58 2 919 4 859 3 51 5 413 4 832 3 494 4 1290 7 1474 5 897 1 853 4 938 4 1417 2 1306 2 490 1 916 1 398
234 22 4 2 85 1 599 1 852 1 1455 2 170 5 181 1 1246 1 402 1 15 1 1331 1 1451 2 811 5 583 3 1035 1 1448 1 434 1 999 1 601 4 1446 1 610 1 265 3 45
235 22 6 1 170 7 432 4 1215 1 1176 1 1172 4 372 1 111 7 803 5 809 4 860 1 115 4 542 1 963 2 452 2 1053 4 613 1 646 4 465 2 104 1 461 3 639 3 587
236 22 4 4 34 3 1214 3 419 2 501 2 126 5 776 1 1267 1 795 1 843 1 445 2 298 1 1294 1 783 2 1186 2 31 2 446 1 342 2 1033 6 306 1 422 1 1411 1 780
237 22 4 1 1461 1 632 2 1397 1 34 2 894 1 596 3 1155 2 192 2 315 2 87 1 821 1 777 3 646 2 1100 1 1 5 1121 2 517 3 1431 1 1343 2 293 1 243 1 289
238 22 4 1 627 2 1391 3 1094 1 384 4 1216 4 774 2 1097 1 736 1 585 4 62 1 1378 1 90 2 61 3 671 1 245 1 1111 1 543 1 696 1 480 6 523 2 1354 1 295
239 22 5 2 554 1 59 4 629 1 267 6 843 3 1044 1 854 2 225 1 964 3 285 5 1140 1 44 1 462 1 532 1 1009 1 916 8 999 1 535 2 339 2 524 1 254 3 814
240 22 4 5 1133 4 1197 3 232 2 247 2 1359 1 255 4 1416 1 474 1 1307 1 481 1 124 3 1095 6 972 1 919 1 1192 1 395 3 1275 2 348 2 328 2 154 2 34 1 101
241 22 5 4 1001 1 1359 1 1436 4 1482 7 1373 4 1196 4 897 4 1044 1 1357 2 188 2 1203 5 928 1 318 2 575 1 199 2 282 1 407 5 1080 1 143 3 81 1 1018 2 952
242 22 3 1 396 1 367 2 900 1 1124 3 937 1 390 1 165 1 785 2 732 5 1020 2 1411 2 1341 1 1055 1 1225 1 167 1 836 2 515 1 655 1 1471 2 1160 1 1029 2 1166
243 22 3 2 211 2 623 4 7 1 1483 3 1204 1 1431 2 148 1 428 1 130 1 939 1 1187 1 634 2 693 1 259 1 213 1 1446 1 497 2 1098 1 1385 6 965 1 523 1 929
244 22 4 2 1094 1 1500 1 1278 3 334 2 930 5 1355 2 1308 1 1021 2 932 5 1439 1 594 2 1373 1 219 1 853 1 1213 3 1159 2 957 4 173 1 307 3 887 1 1282 1 1169
245 22 3 3 1018 1 1020 2 748 3 1291 3 1179 2 480 1 1091 1 1222 2 505 2 1249 2 84 1 1368 2 1058 1 1254 2 231 1 585 2 1472 1 384 1 885 1 970 2 519 1 199
246 22 4 1 701 1 1370 1 1049 1 949 3 766 1 660 1 573 1 1242 2 1450 2 1335 2 117 3 1474 3 225 3 1075 2 308 2 290 1 1469 1 1160 3 1444 1 19 9 721 2 1470
247 22 4 3 844 1 995 1 300 5 1439 2 379 1 266 1 557 2 246 2 1225 2 871 2 1058 2 1153 1 337 1 780 1 1475 3 959 5 719 1 439 1 1147 4 1294 1 79 1 1463
248 22 4 2 413 1 1171 7 1202 1 1155 2 239 2 59 2 260 2 815 3 980 1 405 1 1249 2 125 1 919 3 176 2 781 2 313 1 1164 2 1449 1 416 2 501 1 223 3 1155
249 22 3 2 740 5 454 1 299 1 670 1 1053 1 1430 1 1326 2 592 1 1420 4 1044 2 1182 1 130 4 521 1 971 1 780 1 406 1 421 1 1306 1 801 1 118 1 312 4 673
250 22 4 5 1246 1 1121 2 408 1 772 1 984 4 1108 1 640 3 1010 2 1319 3 204 1 686 1 529 1 479 1 74 6 235 1 1322 1 1098 3 1230 6 605 1 272 2 193 1 593
251 22 4 3 259 1 5 2 1289 2 70 1 1032 1 416 2 950 1 1239 4 685 1 949 1 1000 3 427 1 1371 1 907 2 103 1 421 1 698 1 651 6 1380 2 1110 2 511 2 730
252 22 4 1 277 3 1402 2 689 3 1201 1 693 8 587 1 946 1 659 3 809 1 504 1 143 1 1206 2 51 1 21 1 102 1 128 1 1402 3 391 2 665 3 898 3 427 1 1020
253 22 4 2 299 1 22 1 1153 1 499 1 181 3 905 6 701 1 1454 1 359 1 761 1 1365 9 515 1 1130 1 469 1 153 1 298 3 444 1 357 3 604 2 1383 3 973 1 420
254 22 4 2 1341 2 1005 1 1180 1 330 1 121 1 1257 1 47 1 28 4 133 1 50 2 576 1 565 4 478 1 1280 5 932 2 323 2 1409 2 1468 2 1044 2 506 1 170 1 876
255 22 3 4 445 1 1173 1 251 1 431 2 1065 2 125 1 1155 2 99 1 276 1 1099 1 1119 3 497 1 1014 1 537 1 62 3 861 1 1360 1 948 1 1242 4 281 1 480 2 111
256 22 3 1 433 1 1155 2 1083 1 368 2 1377 1 1377 1 691 3 63 1 187 1 1498 6 731 1 1020 2 487 1 935 1 448 1 1217 1 552 1 926 1 1024 1 118 3 1266 1 1422
257 22 5 1 634 2 512 1 32 3 914 1 1398 1 750 1 433 3 582 5 685 1 1325 5 605 1 724 1 1136 2 1402 3 1078 1 992 4 1383 2 561 2 313 1 1146 3 301 6 855
258 22 3 1 881 3 1109 5 158 1 467 1 1138 1 1488 2 643 2 1138 1 755 2 627 1 367 1 919 1 612 2 1357 1 777 2 122 1 372 3 315 1 1378 2 552 1 67 3 905
259 22 4 7 120 2 986 1 1052 3 228 2 180 5 427 1 1415 2 1008 2 613 3 303 2 801 1 1073 2 82 4 1458 1 1093 1 41 1 348 1 1078 3 1334 2 987 1 317 2 1119
260 22 4 1 894 1 978 2 201 3 1487 1 33 1 797 7 769 1 792 1 1479 1 824 1 92 2 1475 2 1142 2 1358 2 83 2 196 1 793 1 328 5 424 4 1004 4 862 2 94
261 22 3 2 1293 1 599 1 1007 1 941 1 1328 2 1276 1 403 3 930 3 1335 2 490 4 1 1 409 1 715 1 685 4 586 1 1157 2 59 1 61 1 637 1 1374 1 279 1 767
262 22 4 1 382 5 902 2 1121 1 1286 1 705 1 111 3 582 2 74 3 699 1 519 2 67 1 1104 4 957 2 979 1 125 6 656 3 1435 2 1435 2 191 1 1471 1 686 3 775
263 22 4 2 113 3 1167 1 1013 2 705 1 248 4 128 3 961 1 1060 1 206 1 676 3 598 1 134 2 913 2 224 3 34 1 561 4 205 5 452 2 949 1 1267 1 1457 1 1456
264 22 3 1 127 3 1209 3 206 1 352 5 682 1 823 1 21 1 465 2 702 4 922 2 869 1 1316 1 1040 1 525 1 478 1 757 1 1133 2 869 1 980 1 17 3 1113 2 1448
265 22 4 1 568 1 147 1 501 4 570 1 456 3 107 1 381 2 1040 1 828 1 174 1 797 1 323 2 488 1 451 4 602 7 1316 2 1374 2 473 1 872 1 573 1 205 1 159
266 22 4 1 1433 8 770 1 507 1 1421 2 1242 1 10 1 346 1 660 2 912 2 61 5 916 1 948 1 583 1 623 3 335 2 1005 1 963 1 1429 2 468 4 1100 3 606 2 414
267 22 4 2 1190 4 1386 2 673 1 166 1 887 3 840 3 248 1 1323 1 1017 1 551 1 644 6 1227 4 1379 1 6 1 1048 2 664 1 464 2 1209 1 57 5 111 1 329 3 13
268 22 5 4 337 1 792 2 1425 2 1207 1 974 1 74 3 1171 3 1464 10 193 1 571 3 471 1 880 2 519 1 1102 1 627 1 893 1 364 4 118 1 1320 1 1203 6 442 2 1371
269 22 4 1 1151 6 786 3 27 1 1366 2 417 1 380 1 294 1 673 1 621 1 215 1 866 2 1187 11 111 2 309 1 938 1 170 1 278 1 1105 1 316 2 916 1 819 1 157
270 22 4 1 633 1 136 1 1128 1 1316 1 511 1 1167 1 832 7 1023 3 1245 2 139 4 468 1 690 1 1047 1 375 1 613 1 879 3 1055 1 616 11 459 1 315 2 266 1 107
271 22 3 1 1129 1 695 1 1383 1 212 2 343 3 97 1 594 2 997 1 1179 4 1249 1 327 2 1399 1 359 2 1441 1 1404 2 687 2 630 1 1038 3 833 1 855 2 300 2 1058
272 22 4 2 1046 7 1499 1 231 2 626 3 1168 1 337 5 527 1 239 1 53 2 919 1 1269 1 744 1 1183 4 1420 1 216 4 1228 1 1378 2 154 1 77 2 702 3 524 3 1175
273 22 6 2 1011 1 982 1 976 7 436 4 1197 5 1076 6 127 1 691 1 699 2 338 1 799 3 876 3 1008 3 1040 4 92 3 156 1 782 4 981 3 302 3 459 2 612 1 14
274 22 4 1 999 2 774 1 178 2 853 1 529 1 252 6 314 1 25 3 667 1 1483 3 748 3 796 1 56 2 534 1 494 2 1189 1 285 5 84 2 203 3 367 2 941 2 525
275 22 4 1 561 3 188 1 212 2 277 1 488 3 459 1 225 1 19 4 1021 2 1450 1 453 2 677 2 1314 1 992 1 134 2 649 1 261 1 1158 2 481 1 949 4 433 3 128
276 22 4 1 1126 3 528 1 893 3 511 3 216 1 1328 1 629 1 567 1 362 1 33 3 777 2 988 1 845 1 310 1 542 1 827 3 759 1 920 2 1448 4 648 2 637 3 398
277 22 4 2 1128 3 857 1 246 2 1217 4 731 2 633 2 619 2 1226 1 424 3 291 1 1256 5 468 1 1131 1 576 2 897 1 127 5 223 1 690 2 1413 1 467 1 1349 1 1066
278 22 4 1 1 1 626 2 305 3 455 1 797 5 1002 1 1193 1 669 3 1250 9 1221 1 1253 3 1048 1 1147 1 496 1 978 3 1237 1 1033 2 227 3 854 1 93 1 137 1 444
279 22 5 2 632 2 520 3 1255 1 853 2 1325 3 177 7 346 1 1188 5 598 2 1404 2 1413 1 299 2 1455 2 216 1 1016 2 1158 9 551 1 13 1 20 1 1234 2 812 1 410
280 22 3 1 1045 3 571 1 53 3 407 2 1141 2 951 2 1387 1 105 1 1348 3 1226 1 1112 2 1253 3 1451 1 371 1 701 1 736 3 1364 1 1125 1 578 1 1349 1 147 2 272
281 22 5 1 1107 1 1333 1 1285 1 663 1 830 2 1105 1 203 9 289 3 1474 2 1477 1 1237 2 1327 3 1303 4 1263 4 240 1 866 2 1276 2 540 2 1119 2 120 2 898 4 152
282 22 3 1 383 4 1356 1 592 3 529 1 1060 1 1302 1 826 1 1331 2 254 1 900 1 90 1 1311 1 42 2 61 3 99 1 917 4 1201 1 414 1 935 1 1100 1 1066 4 805
283 22 4 1 538 1 1353 1 230 1 333 5 1154 4 1362 2 210 6 1153 1 853 1 876 3 978 1 844 2 84 2 1282 3 24 1 41 1 768 1 682 1 884 2 931 2 696 1 1385
284 22 4 1 1364 1 1033 1 234 7 1104 4 825 1 1276 3 667 1 259 2 639 1 1169 1 94 1 947 2 463 2 885 1 85 1 565 2 318 3 880 1 1288 5 125 1 1319 1 122
285 22 4 1 38 3 616 1 611 3 486 1 979 2 1080 1 1498 4 155 1 906 1 353 1 1347 1 1009 1 62 1 671 1 979 1 322 2 503 6 627 2 1274 1 351 4 410 4 1012
286 22 4 2 757 3 414 3 1026 1 1496 4 32 1 1186 2 483 3 1133 2 411 1 706 2 172 2 174 3 1041 1 1124 1 376 3 1007 1 927 1 1426 1 1200 1 1035 1 670 1 1112
287 22 3 1 1108 1 1487 1 768 2 1112 3 1349 1 1103 2 1308 1 708 3 241 3 1322 1 778 1 903 1 617 2 647 1 872 1 448 2 1265 2 889 1 1067 2 1196 1 248 2 1136
288 22 4 1 888 1 370 2 699 3 751 4 968 2 812 3 416 6 1226 1 242 1 570 1 1446 4 1190 1 733 2 1280 2 1055 1 423 1 1153 4 729 1 1399 1 1268 3 1318 1 1053
289 22 4 3 1028 1 164 1 911 5 815 2 259 1 760 2 1064 1 107 5 258 1 1111 2 1347 2 400 3 660 1 694 1 240 3 262 3 1390 2 995 2 442 3 166 2 392 2 1194
290 22 4 1 1489 1 1470 2 131 4 673 1 1483 1 985 2 830 2 934 1 1258 1 955 1 1059 4 18 4 276 1 622 1 543 3 827 1 316 3 737 2 684 2 599 1 1116 2 180
291 22 3 2 152 2 1414 1 191 2 1289 2 1244 1 98 3 983 1 717 2 775 2 268 1 1254 3 1049 1 1072 4 803 2 46 1 433 1 838 1 609 1 1267 1 791 1 426 1 733
292 22 3 1 41 1 709 1 1075 1 159 1 1448 1 786 2 634 1 205 1 13 3 1442 3 443 1 554 2 1197 2 1105 6 151 3 1117 3 1110 2 1011 1 1134 1 1389 1 347 1 1033
293 22 5 2 959 1 68 1 996 2 307 3 565 1 1125 2 862 7 860 4 931 1 1261 1 131 2 306 1 937 1 600 2 1302 1 484 4 440 2 834 1 940 6 883 4 1413 1 1165
294 22 3 1 1108 1 154 2 1481 2 215 1 683 1 817 1 608 1 506 2 512 3 694 2 1268 1 1499 2 228 2 1334 2 575 1 921 2 993 1 346 1 1493 1 1134 1 503 4 1260
295 22 4 1 575 2 1420 2 1048 2 1082 1 630 3 652 2 596 1 1248 2 257 2 1082 1 1469 1 773 1 882 5 295 1 1390 1 393 2 505 1 1124 2 856 2 323 7 1237 1 92
296 22 4 1 589 2 658 1 533 5 1023 1 477 2 893 2 423 2 1393 1 1291 4 16 1 474 1 590 1 700 3 514 1 794 1 1289 4 1187 6 1289 4 367 1 887 2 683 1 309
297 22 4 6 56 2 1347 2 1367 3 998 2 83 4 796 1 844 1 459 1 139 1 478 1 1338 1 215 2 1491 3 1352 1 61 2 933 1 1454 2 971 2 1251 3 813 1 905 3 875
298 22 5 1 860 3 1475 1 104 1 397 2 66 5 295 4 1069 1 247 1 69 3 341 2 305 1 277 4 943 3 429 2 265 5 601 3 268 1 1391 4 607 2 208 1 685 1 728
299 22 3 1 1369 1 1081 1 180 1 261 1 1437 1 1216 5 924 2 660 1 798 1 703 3 353 1 397 2 712 2 766 1 1111 1 470 1 1436 1 533 1 1308 1 1380 2 1179 1 216
300 22 3 2 23 1 362 1 1127 2 1316 1 1040 1 493 1 1351 1 1327 1 46 1 1196 1 761 1 1437 2 59 2 244 2 1208 1 747 1 944 1 415 4 913 1 1484 2 763 1 109
301 22 4 1 1173 2 1158 1 1315 2 706 1 1118 2 872 1 1351 1 330 3 1234 2 931 1 470 1 353 2 575 1 43 3 519 8 1279 2 1452 2 230 2 119 3 985 1 1104 1 1051
302 22 3 1 1074 1 1448 2 45 1 297 2 734 1 41 1 155 1 991 3 269 3 438 1 123 1 553 2 1171 1 1288 1 533 1 83 1 387 1 1151 1 809 1 592 1 318 2 1309
303 22 3 1 53 1 629 1 725 3 687 1 110 1 704 1 449 2 219 1 856 2 540 5 1409 3 514 1 935 3 27 1 831 1 956 2 1294 2 1143 1 299 2 765 1 1434 1 1278
304 22 4 1 437 1 1432 1 1459 2 70 1 916 1 1397 1 22 4 1401 7 1496 3 653 1 594 2 524 4 817 1 725 1 1131 3 529 3 1150 1 10 3 17 1 1417 1 1099 2 410
305 22 4 1 732 3 1193 1 106 2 4 3 1443 1 771 2 486 2 636 3 293 2 800 1 261 4 1352 1 331 1 354 4 916 1 130 3 1026 2 1083 1 869 1 392 3 1044 3 583
306 22 4 1 784 4 710 1 1275 1 1123 1 301 9 187 2 1022 2 1410 4 953 1 706 2 1306 1 103 2 665 2 1372 2 451 1 1112 1 185 4 398 1 1066 1 781 2 905 2 684
307 22 4 1 1172 1 901 1 1029 1 702 2 1014 2 313 3 80 1 198 3 632 1 383 3 1091 3 546 1 1281 1 926 3 357 1 112 1 463 4 230 1 783 3 992 1 214 2 1363
308 22 4 2 967 2 909 1 396 1 181 1 1123 3 328 3 762 2 411 1 1496 5 1395 2 1408 2 1361 2 941 1 109 1 912 1 31 5 1076 1 1494 2 753 3 505 3 510 2 437
309 22 4 1 208 1 626 1 256 1 367 3 1162 3 230 1 1387 4 44 1 426 1 87 1 1343 2 452 1 1495 1 1344 1 545 1 270 3 1379 8 737 2 230 1 66 3 213 1 366
310 22 3 3 34 2 214 1 1025 1 1430 2 1428 1 50 2 384 1 622 1 49 1 553 1 1450 1 1415 1 66 3 111 2 1375 1 140 2 1163 1 1053 1 340 5 512 1 1004 4 159
311 22 4 3 1101 1 1140 1 713 1 844 1 142 3 530 1 785 1 619 1 319 6 511 1 991 2 1112 7 959 2 276 2 1095 1 194 1 1053 2 805 4 1329 2 1280 2 920 1 1219
312 22 5 2 1137 1 1015 1 1271 4 1348 1 976 1 1106 6 881 2 283 4 830 3 817 2 1378 2 1399 2 854 1 1124 4 1081 1 1023 3 799 3 1052 1 38 1 1368 5 74 1 1219
313 22 4 1 46 1 5 1 504 2 660 1 348 1 389 1 336 1 627 5 895 4 381 5 1278 1 1174 1 606 1 1301 4 48 5 353 3 380 1 1139 3 1165 1 114 1 971 1 1358
314 22 5 2 429 4 407 1 1304 3 197 2 312 4 574 6 954 3 1195 2 168 3 607 2 65 1 1353 1 1432 1 999 1 345 4 994 2 803 4 1464 1 961 3 361 2 176 4 1102
315 22 3 2 1429 1 592 2 1206 1 491 3 333 1 898 1 704 2 1172 1 820 1 468 2 579 4 654 1 630 1 1227 1 434 2 1046 2 814 1 1140 3 98 3 959 1 1481 3 805
316 22 4 1 875 1 1209 1 48 1 330 1 226 1 276 2 801 1 475 4 1456 2 1441 1 1238 2 591 3 1113 3 1277 2 38 2 806 3 235 2 159 1 285 2 839 3 1144 1 1428
317 22 4 1 673 3 1319 1 110 1 704 1 751 1 480 3 142 2 1434 3 246 1 1002 1 574 1 310 3 1043 1 1263 2 1250 1 809 1 167 2 777 3 858 7 910 1 708 2 930
318 22 5 1 144 1 648 1 1154 10 1213 3 194 1 736 2 1000 3 716 2 938 1 503 1 210 2 1368 3 919 5 752 2 1325 1 522 4 191 1 842 1 564 5 725 4 228 1 1390
319 22 4 2 1344 1 186 1 1213 1 92 2 43 1 1113 4 1060 3 128 3 262 2 645 1 1250 1 633 1 818 1 14 1 624 3 8 3 1346 1 643 8 1219 1 1134 1 934 4 457
320 22 4 1 454 2 489 1 1207 1 1044 2 1289 1 1249 1 1054 3 879 2 799 1 479 3 560 3 429 1 377 3 277 5 1117 1 702 2 225 2 578 1 963 2 905 2 1159 1 12
321 22 4 1 309 2 142 1 473 1 301 2 579 1 1307 1 843 5 1309 1 175 2 928 2 1285 3 1128 1 726 1 583 3 988 1 998 4 910 1 778 3 95 2 1093 1 1310 1 435
322 22 4 1 737 4 237 1 1437 1 722 1 1243 2 1319 1 1231 3 27 1 243 1 1416 2 1421 2 622 2 1470 1 435 2 223 2 776 2 989 3 1004 2 659 4 1415 1 1248 1 1125
323 22 4 3 1073 4 920 1 422 3 1124 1 1087 1 718 2 518 2 441 1 416 1 851 2 839 1 189 2 1076 2 719 1 628 1 226 1 1128 1 880 5 112 3 413 1 60 2 351
324 22 4 1 501 1 880 1 1340 2 308 4 1056 1 1055 3 232 1 85 1 313 3 44 5 677 2 416 1 1340 1 811 1 186 4 1154 1 1028 1 42 2 1059 1 700 1 276 2 983
325 22 5 3 811 2 40 4 850 1 916 2 990 2 1042 1 102 3 1208 4 740 5 338 1 561 1 1436 2 993 2 374 2 1019 1 118 1 79 8 473 2 710 1 687 3 944 3 314
326 22 4 2 961 7 689 3 266 1 175 2 781 1 1062 1 1478 1 365 2 903 4 244 3 1062 1 297 2 1389 3 1480 4 30 1 1168 1 295 1 591 1 1306 2 1296 1 403 2 89
327 22 4 1 1021 1 459 1 438 3 667 1 812 1 599 2 199 3 929 2 1063 1 939 1 566 1 966 2 986 2 189 1 107 7 158 1 85 4 879 1 1195 1 856 2 266 1 970
328 22 5 2 1455 1 453 3 97 3 561 2 1428 1 1214 3 244 1 1390 2 1101 2 588 3 913 1 39 2 1353 3 902 4 1254 1 1013 4 298 3 1137 3 1147 3 414 5 591 4 948
329 22 3 2 469 1 709 1 565 1 381 4 711 1 132 2 250 1 546 2 803 1 1222 1 1242 2 748 2 690 1 1411 3 257 1 95 2 763 1 1454 1 861 1 697 2 1482 3 1107
330 22 3 2 1325 2 577 1 881 2 370 1 127 1 443 1 864 1 1220 1 687 2 1079 1 773 1 525 1 699 1 338 3 491 2 533 2 252 1 683 4 336 3 189 3 645 1 1414
331 22 5 1 1322 5 198 1 624 4 874 2 566 3 1135 1 785 4 433 1 567 1 1163 1 523 1 1055 4 248 2 192 1 663 2 757 1 729 5 1322 2 569 2 1385 2 973 4 1187
332 22 5 2 117 1 276 1 814 1 539 1 1071 1 561 1 1063 7 538 1 298 3 290 3 1303 3 79 2 1469 1 293 6 633 2 1003 4 413 4 423 2 421 1 1330 4 62 2 524
333 22 4 3 268 6 1029 1 252 1 75 3 1095 2 810 1 1206 1 463 5 1181 1 562 1 1100 1 1381 1 1275 2 1020 1 817 2 36 1 672 1 999 3 1021 1 261 2 1342 2 1168
334 22 4 1 983 2 790 1 648 2 1306 3 612 1 1481 1 903 4 157 2 1205 2 1324 6 296 1 975 1 368 2 806 2 883 2 1432 4 1077 1 58 1 1086 1 227 2 13 1 682
335 22 3 1 555 1 1324 2 757 5 974 1 34 2 344 1 387 1 751 3 49 1 762 1 678 2 296 3 681 2 1016 3 1043 1 375 1 501 4 342 1 949 1 1462 1 1469 1 1180
336 22 4 2 1023 1 647 1 1040 1 856 3 1494 1 724 2 62 1 1447 2 1369 1 1287 2 686 2 531 2 450 3 200 7 1421 4 545 1 210 2 459 1 567 1 697 1 1349 1 1459
337 22 5 2 61 2 1105 2 72 2 504 3 66 2 874 1 452 8 1478 1 1402 1 91 4 1312 3 745 2 835 3 428 1 692 2 444 1 82 3 1413 1 1483 4 1000 1 478 4 1430
338 22 4 1 658 4 579 2 759 1 1435 2 401 3 531 1 1079 2 1117 1 331 2 1330 1 282 5 1019 1 1243 2 332 1 589 3 1498 2 1040 4 1003 1 126 2 1253 1 309 3 983
339 22 4 1 1388 3 1165 1 409 1 720 1 778 1 1246 4 1139 1 1116 1 452 3 1397 5 707 3 858 1 1347 1 771 2 1496 2 1373 3 427 2 1192 3 746 1 1280 2 1316 2 853
340 22 4 2 1053 4 1150 2 43 1 993 2 246 1 1291 3 946 1 59 2 77 1 900 1 970 1 326 2 198 1 197 3 1324 7 1262 1 496 6 1256 1 695 1 350 2 1214 1 19
341 22 3 1 914 1 650 3 615 4 802 1 334 1 1384 2 852 1 605 1 535 2 464 1 146 1 52 1 485 2 972 1 797 3 30 1 1420 1 1158 1 205 2 404 1 98 5 880
342 22 3 1 1358 4 668 2 207 2 520 1 117 1 1225 1 250 2 627 3 1438 1 53 2 1023 2 1222 1 117 1 1324 1 942 1 478 1 596 4 742 1 1284 1 467 1 812 2 578
343 22 5 1 1222 1 1224 2 718 2 1468 1 724 4 373 3 463 2 131 2 430 5 1328 3 774 3 1292 2 1460 3 832 1 561 4 752 1 469 1 1391 1 785 3 1056 2 1258 3 596
344 22 4 1 823 1 468 1 495 1 826 1 999 1 1236 1 289 1 900 1 1143 3 1356 2 1260 1 855 3 335 3 407 1 1485 1 16 5 406 5 924 2 656 6 1017 1 21 2 1029
345 22 4 5 940 1 1490 1 224 1 1271 2 1251 2 384 3 505 3 101 2 987 1 1482 1 276 2 1307 1 802 2 276 4 1159 5 351 1 1191 2 271 1 988 1 1205 1 359 1 1027
346 22 3 1 91 1 1411 1 224 1 704 3 206 1 1500 1 822 1 1146 1 248 1 540 3 109 1 1193 1 1032 1 1350 2 1178 2 199 3 115 3 301 1 805 1 1314 1 1047 1 597
347 22 4 3 780 1 217 2 1414 1 873 2 137 1 952 2 621 4 706 4 126 2 890 1 846 1 549 3 302 1 618 1 1086 4 686 2 781 1 779 4 329 1 1114 1 1141 2 1057
348 22 3 2 912 2 1354 1 721 1 695 1 1130 1 85 4 649 2 1016 1 1054 2 1230 2 768 2 187 1 946 1 1492 1 528 1 671 2 154 3 300 2 1270 1 824 3 155 2 24
349 22 4 1 988 4 589 1 964 4 391 3 435 1 1440 1 740 3 817 3 839 1 1172 3 1119 2 1206 1 1295 1 500 1 92 2 1147 1 212 2 204 1 362 3 1147 2 982 1 1473
350 22 5 1 208 4 23 1 559 4 95 2 1339 3 1255 1 1453 1 195 2 1459 2 168 3 1250 1 999 3 33 3 353 1 766 1 28 2 1019 4 853 2 461 1 906 7 1126 2 929
351 22 5 5 252 2 1279 7 77 1 1004 1 805 2 863 1 1018 1 266 2 689 3 1227 1 1426 2 626 3 339 1 870 2 1279 2 796 6 1283 8 1125 2 312 1 22 2 1461 2 1077
352 22 4 2 128 1 1360 4 737 2 546 1 474 8 1237 1 1383 1 136 3 760 2 624 2 1161 1 918 1 341 1 1491 1 146 2 292 3 180 4 191 6 26 1 887 1 349 1 647
353 22 3 2 360 4 579 1 1355 2 68 2 1417 2 1500 1 742 1 398 1 1367 1 187 1 1203 1 169 2 1093 1 44 1 1239 2 179 1 1414 1 1259 2 424 1 1066 2 1193 1 69
354 22 3 2 194 1 1484 1 1317 1 747 1 304 1 945 1 1242 2 1283 2 1019 1 277 5 1007 1 568 1 1227 1 79 1 855 3 971 1 1295 2 199 1 739 1 252 1 87 1 1038
355 22 4 2 654 1 1336 2 344 1 1257 3 1379 6 888 2 1291 1 1010 4 1122 1 447 3 801 2 630 1 735 2 1033 1 180 1 1462 1 586 1 841 2 1224 6 1362 2 933 1 1404
356 22 4 1 1438 1 766 1 31 1 661 5 1258 1 1190 1 1375 1 763 8 576 1 34 3 1090 1 42 1 340 1 87 1 1230 1 772 4 1135 1 497 5 429 1 864 3 1406 1 144
357 22 5 2 1417 1 910 1 1177 9 55 1 384 4 692 2 155 2 577 3 624 1 411 2 850 1 1429 3 176 2 408 1 570 2 530 1 132 1 719 4 859 1 880 9 801 1 1354
358 22 4 1 1135 1 1164 4 1236 1 509 1 733 3 1068 2 1253 1 1244 1 806 10 80 1 1414 5 129 2 325 1 178 3 1444 1 969 1 113 1 1450 2 843 1 1319 2 967 1 220
359 22 5 6 806 8 1449 1 71 1 1339 7 222 4 99 2 642 2 846 1 439 1 1117 1 1014 1 611 1 217 4 249 3 1436 1 124 2 242 1 1016 1 1430 2 820 3 668 3 454
360 22 3 1 218 1 391 1 1093 1 1338 2 830 1 290 1 373 1 724 2 785 1 676 4 156 2 1156 1 1106 3 1119 1 1319 2 1038 1 1489 5 1340 1 1202 3 1220 2 227 1 314
361 22 3 1 1491 1 1262 4 571 1 1377 1 252 1 897 1 1099 1 825 1 211 1 1295 2 78 1 812 1 339 5 53 1 1010 2 963 1 1336 1 7 1 868 1 218 1 1043 2 948
362 22 5 2 264 2 820 3 273 1 675 5 91 1 222 2 890 3 684 3 1092 3 192 2 887 3 1077 2 321 3 520 1 465 2 115 5 534 2 1017 2 1496 1 1377 2 2 1 686
363 22 3 1 538 1 489 2 360 3 1019 3 540 1 22 1 440 2 924 1 225 1 692 3 983 1 622 3 1293 1 801 2 589 2 1168 1 1398 3 35 2 1209 1 393 1 71 1 1127
364 22 4 1 497 1 1488 3 1410 2 999 1 371 1 608 5 369 2 817 5 449 1 1445 1 269 3 695 2 355 1 1299 1 1256 1 917 6 1193 4 941 1 117 1 890 4 1098 1 1186
365 22 4 2 385 2 1385 3 935 1 994 1 688 3 1347 1 535 2 339 1 453 1 448 1 393 5 753 1 568 2 625 1 1227 2 1465 1 89 1 82 5 839 4 1365 1 315 8 568
366 22 5 5 259 1 350 17 418 2 482 3 1334 1 222 1 1448 1 55 2 808 1 692 1 978 1 594 3 667 3 353 4 295 2 988 2 1072 1 838 1 420 1 1174 1 684 1 1288
367 22 3 1 273 1 608 1 990 1 1155 1 1037 3 1305 3 25 2 387 2 354 2 1102 3 1409 1 934 1 202 1 1500 6 125 2 791 2 1311 2 1309 1 688 1 826 1 880 1 226
368 22 5 3 924 2 1139 1 1046 1 912 1 1424 2 473 1 1258 1 566 2 1037 1 1208 5 919 1 547 2 1224 9 921 2 1488 2 139 1 1292 3 990 2 1141 1 172 9 434 1 1151
369 22 5 1 444 3 167 2 1059 6 1149 4 1447 1 54 1 137 2 815 1 1456 1 1271 1 784 1 684 1 535 3 712 2 316 1 323 1 745 2 690 6 1489 7 1083 1 376 5 38
370 22 4 2 1074 8 1335 1 974 1 1362 2 1435 1 1102 1 1179 5 1105 2 740 1 60 1 4 1 436 2 970 1 256 1 512 4 716 3 1226 1 1144 2 647 2 549 2 249 2 573
371 22 3 1 1424 1 348 1 51 4 952 1 1090 1 1401 1 690 1 715 1 846 1 220 2 1408 4 803 3 628 1 282 2 875 1 550 1 1138 1 1381 1 899 1 1281 1 726 2 1155
372 22 5 7 265 2 966 3 1177 4 886 2 376 4 1363 2 406 2 97 5 554 1 1352 1 757 2 13 2 1340 1 34 2 202 2 259 3 371 1 130 2 149 1 246 2 932 1 522
373 22 4 1 878 1 1367 1 185 4 834 3 295 3 99 4 1430 3 97 2 203 1 718 4 368 1 216 3 1118 1 818 1 711 1 1194 1 2 6 294 2 620 1 467 1 1044 1 1332
374 22 4 3 477 1 129 2 1429 2 821 1 576 1 29 1 222 3 227 1 257 4 392 1 247 1 1048 1 1269 4 1210 7 369 1 912 1 776 1 180 2 1285 1 1115 2 1350 3 405
375 22 4 1 1251 1 1028 3 1069 2 308 2 724 1 677 1 1408 3 1314 1 19 4 569 1 413 3 1314 4 1097 2 1241 2 854 1 439 1 573 2 69 1 466 1 16 2 555 4 1008
376 22 3 1 553 2 1379 1 583 2 1157 1 1410 2 84 2 264 1 1169 1 118 3 329 1 1133 3 576 2 731 1 237 2 668 1 651 5 1047 1 422 2 1348 2 1360 1 1415 1 1078
377 22 4 1 336 3 627 4 1059 1 299 1 1251 1 1190 9 1145 1 999 2 848 2 1168 1 204 1 250 4 380 3 280 1 411 1 932 1 1355 2 313 1 50 1 423 1 737 2 252
378 22 4 1 1360 3 1323 2 1009 3 327 1 669 2 241 3 659 6 187 2 626 3 721 4 1234 1 1268 2 223 1 499 1 748 1 420 1 972 2 819 2 111 1 1484 3 815 1 538
379 22 4 4 467 2 951 1 178 7 1258 2 1294 3 1305 3 1154 1 889 2 323 1 142 2 304 1 1287 1 691 1 560 5 513 1 42 1 1431 1 814 1 592 2 647 1 881 2 1198
380 22 3 1 255 1 1065 1 1057 2 415 2 681 1 1497 2 1274 4 1110 1 1394 1 296 1 123 2 532 1 646 3 827 1 44 1 214 1 920 2 451 3 1335 3 117 2 109 2 391
381 22 4 6 1077 1 1330 2 1280 1 624 1 37 1 282 2 293 1 988 1 219 1 467 1 893 5 1216 4 1014 1 563 1 1017 1 623 1 99 4 1277 1 156 1 184 2 476 1 493
382 22 4 1 1252 1 577 1 458 1 323 1 913 3 1010 1 803 4 1052 1 636 1 1080 3 1197 3 218 2 864 1 470 3 934 2 629 1 1313 6 348 1 248 4 1154 2 896 3 1150
383 22 4 1 506 4 858 1 983 1 52 8 1446 1 431 3 208 1 384 1 335 1 1269 2 835 2 220 1 1125 2 816 4 64 1 1350 1 8 2 1431 3 908 4 1104 1 530 1 399
384 22 5 1 252 2 764 6 1416 2 623 1 1017 2 1005 1 559 3 1268 9 423 4 1178 6 891 4 134 1 1062 1 353 1 1321 3 288 1 995 1 961 2 1463 2 691 2 1019 2 1487
385 22 3 3 292 1 982 4 539 1 969 1 779 1 674 1 731 1 1117 1 976 3 821 2 627 1 641 1 1091 3 1138 1 138 2 769 1 1050 1 1265 3 998 4 1477 1 1250 2 273
386 22 4 2 1179 1 370 2 789 1 670 5 1272 1 1135 2 463 1 522 4 306 1 938 1 779 2 1208 3 348 1 235 3 1418 1 573 3 607 2 534 1 1416 1 767 2 465 2 1141
387 22 4 1 501 1 1494 2 24 1 480 1 259 1 964 2 1112 3 694 4 1379 4 1006 2 851 2 439 3 391 3 620 2 1216 2 661 1 880 1 717 3 1450 5 137 1 745 2 992
388 22 4 2 260 4 712 4 556 2 1050 1 1236 1 737 2 389 2 421 2 1446 1 1053 3 566 1 182 3 126 1 1369 1 23 4 406 3 586 1 982 1 91 1 293 1 138 7 207
389 22 4 1 479 2 1445 1 1111 1 1475 1 525 6 1367 2 319 1 214 2 787 4 922 1 203 1 724 3 61 5 64 1 1392 1 394 1 502 2 434 3 405 1 109 3 1258 1 1354
390 22 4 1 1396 3 987 2 1304 1 1292 1 397 1 871 4 459 1 437 3 1283 1 444 1 507 1 907 1 750 1 365 3 407 2 489 3 761 2 693 2 1007 1 714 4 87 1 617
391 22 4 1 994 2 584 1 835 3 717 1 461 3 1476 1 101 2 312 1 138 2 1227 1 340 3 951 1 1455 2 181 3 293 5 732 2 733 3 474 2 430 1 957 5 600 1 1272
392 22 5 1 1095 2 5 2 594 2 178 1 85 1 1468 3 601 1 1122 2 1375 2 1148 2 1265 2 981 8 1027 7 1106 5 1401 4 579 1 502 2 655 1 1130 1 418 1 1331 1 89
393 22 4 2 53 6 686 1 610 1 607 3 226 3 996 1 250 2 1446 1 1328 1 650 2 356 1 539 1 822 1 1270 1 184 1 1010 1 196 1 750 4 594 1 670 4 1321 3 1399
394 22 3 3 994 1 1017 1 1214 2 172 2 841 1 330 2 153 2 719 1 868 2 779 1 123 1 1191 2 1322 2 1322 1 837 2 683 2 7 1 114 1 116 1 423 1 736 2 1160
395 22 3 3 729 1 1471 2 1187 1 478 1 523 1 371 2 12 1 1370 2 644 1 858 5 1152 2 1434 2 1455 1 976 1 794 2 902 3 572 1 771 1 357 1 901 2 114 2 1354
396 22 3 1 344 1 418 1 601 2 7 2 318 1 1226 1 1200 1 1041 1 1441 1 897 1 1118 2 751 2 1387 1 883 1 1144 1 541 1 476 2 1204 5 896 1 1414 1 830 1 989
397 22 4 2 446 3 793 3 874 1 836 1 1167 1 171 1 777 3 1109 1 955 1 379 2 100 2 600 4 183 6 878 2 256 2 890 1 574 1 145 1 389 3 908 5 431 1 1227
398 22 5 1 680 1 181 3 1092 1 930 2 1498 1 232 2 657 1 833 2 1180 2 182 1 544 2 118 5 1034 2 865 1 197 5 789 5 587 1 1180 3 1193 3 613 3 192 3 969
399 22 3 1 204 1 739 1 1230 1 564 2 798 2 1019 1 225 3 511 3 1495 1 263 6 161 2 721 2 1310 2 1361 2 117 1 116 1 638 1 704 1 1039 2 485 1 1361 2 225
400 22 5 4 1234 1 903 1 842 5 1327 2 651 1 207 8 733 2 1350 5 710 3 1100 3 187 1 36 2 932 2 709 1 19 3 359 2 793 3 653 1 541 3 1420 1 55 2 216
401 22 4 1 1300 1 1334 1 310 1 1139 1 1249 1 1180 2 224 1 1259 2 492 1 4 1 756 2 550 3 1078 4 741 3 1408 3 720 2 455 2 317 1 1477 3 962 1 1070 4 47
402 22 5 2 808 2 1178 3 670 1 256 1 34 2 715 9 71 3 649 4 573 1 1331 3 1277 3 1381 1 352 1 697 1 286 4 1144 5 1117 1 169 2 556 1 425 1 726 1 1170
403 22 5 4 1143 1 566 1 1493 1 116 1 1104 1 1306 3 1203 2 450 1 575 1 174 1 282 1 1210 2 770 4 98 6 444 2 1011 2 335 2 587 4 1183 7 1151 2 152 2 1369
404 22 4 1 1197 1 1340 2 130 1 1076 3 169 1 25 1 85 1 1216 3 156 1 1209 5 1015 1 1121 4 626 2 1324 2 514 7 669 2 1289 1 896 1 336 3 348 1 1244 1 1273
405 22 4 4 56 2 950 3 922 1 1051 3 1299 1 591 1 947 2 685 1 1404 6 418 2 781 1 762 1 983 5 171 1 1319 2 663 4 628 1 231 2 498 1 486 1 771 1 996
406 22 5 2 348 2 833 2 171 1 173 1 1363 5 1335 5 686 6 1135 2 1126 1 199 12 933 3 878 1 1329 1 110 2 482 1 913 3 1208 1 1431 1 291 1 1276 2 72 1 297
407 22 6 4 1335 2 1005 5 1402 2 608 1 1005 7 98 6 827 1 984 8 971 5 1279 1 1294 1 1317 1 56 1 238 5 82 5 41 1 847 1 707 2 152 2 353 2 176 1 1435
408 22 4 3 364 4 898 2 1319 1 1267 2 1458 1 695 1 83 2 366 1 943 2 1395 1 1335 1 104 1 931 3 360 2 616 2 664 4 647 2 1155 2 125 2 244 2 1122 1 972
409 22 4 4 318 2 821 2 121 2 826 1 1171 1 140 4 1080 4 1457 2 248 2 24 2 1095 1 413 1 119 2 1499 1 679 2 214 1 1311 1 1160 2 1142 1 390 1 1264 3 1303
410 22 4 1 714 1 317 4 288 3 700 2 228 2 1022 1 1165 1 382 1 419 2 1455 4 1435 2 663 1 503 1 676 2 749 3 764 1 421 2 238 2 1103 2 855 1 1318 2 637
411 22 4 2 536 1 985 1 924 1 1229 4 1298 5 146 2 645 2 1360 2 571 1 659 1 295 1 1261 1 637 2 1316 3 1463 1 1041 5 1193 4 146 1 600 1 1311 1 1322 1 1224
412 22 4 1 778 1 993 3 1087 2 117 2 386 3 659 1 170 1 1084 1 606 2 51 2 1438 2 774 2 13 2 1256 1 86 1 471 3 536 1 868 1 725 5 1498 4 1173 4 674
413 22 4 1 143 1 1140 2 1041 2 1282 1 572 1 811 2 121 1 1417 2 1350 4 790 1 80 4 883 4 793 1 827 1 1399 1 598 1 188 2 740 2 450 1 174 3 514 3 748
414 22 6 1 1467 2 710 2 172 2 1081 5 161 13 1257 1 931 1 1053 2 992 1 1495 3 1064 1 92 3 1493 2 1342 4 746 1 485 5 1478 3 1053 2 1346 2 1346 4 269 1 997
415 22 5 1 136 2 388 2 1017 5 1157 1 456 6 1123 1 909 1 825 9 502 1 294 3 681 3 1181 2 1041 4 456 1 724 2 554 3 1093 2 202 2 682 1 997 4 518 1 1494
416 22 3 1 191 1 114 2 21 1 179 1 22 2 39 2 576 2 1484 2 621 1 251 1 529 1 640 2 970 3 35 3 126 1 637 2 1318 1 737 2 509 1 1233 1 712 3 1137
417 22 4 2 1491 4 240 1 409 3 1497 1 472 2 742 1 1166 2 489 2 1498 1 506 1 242 2 1306 3 1063 4 107 1 946 2 421 2 88 2 132 1 1268 1 369 1 1314 1 573
418 22 4 2 735 2 1434 1 1018 1 1479 3 1382 2 18 1 6 2 1071 2 1005 2 494 4 209 1 9 3 1439 1 59 1 1 1 1469 3 541 5 709 1 363 1 396 1 88 5 823
419 22 4 1 1354 1 1178 2 501 1 1418 2 843 1 953 1 973 2 69 1 761 3 8 1 881 10 1402 4 1092 7 1284 1 1148 4 376 1 1173 2 1171 1 843 1 241 1 890 1 40
420 22 4 1 412 3 1333 1 285 3 178 2 1329 1 127 1 816 1 131 1 969 2 805 4 1040 1 545 3 734 1 379 2 1342 1 655 3 449 3 800 3 112 6 1374 3 1323 3 521
421 22 4 2 126 6 1483 2 374 2 1107 3 666 2 1202 3 1181 2 1087 2 370 1 494 1 612 1 229 2 225 1 446 1 1134 1 1430 1 353 3 385 1 1212 3 1227 1 496 1 1430
422 22 3 2 199 1 864 1 167 1 1278 1 1077 1 1332 1 791 1 169 2 993 1 1026 4 1239 1 555 2 808 1 760 2 730 1 1197 3 954 2 588 2 336 2 561 1 1401 1 299
423 22 7 2 173 3 261 3 909 1 1007 6 196 8 292 1 979 2 763 4 1178 1 1030 8 63 5 828 1 614 2 1108 2 122 7 292 4 619 4 375 4 1475 2 775 1 1202 3 1307
424 22 3 2 1228 1 42 2 718 2 1382 2 1167 2 987 1 672 2 620 1 66 1 1473 5 791 2 308 1 1463 3 719 1 905 1 1272 1 102 1 797 1 798 3 1127 2 224 2 180
425 22 5 1 575 1 67 2 1252 4 997 2 1185 1 243 2 367 1 1102 5 954 4 363 1 215 2 887 4 833 1 1186 1 1249 1 1370 2 1438 1 1088 4 34 4 753 6 1385 1 569
426 22 4 1 895 4 1447 1 212 1 655 3 573 1 274 1 443 1 1292 6 851 1 1452 2 8 1 876 1 999 3 1049 1 44 1 862 2 1448 4 12 1 1198 2 430 1 822 5 278
427 22 4 2 85 2 529 1 1324 1 620 1 1048 3 728 2 1227 1 1439 2 836 2 1338 2 939 3 1252 1 76 2 910 1 1134 5 794 3 1350 3 828 2 910 1 970 1 111 1 1333
428 22 5 1 665 1 645 3 488 2 1095 3 158 1 212 2 33 4 139 4 553 4 780 2 1099 4 1222 2 53 1 244 5 292 2 1327 7 823 2 1471 1 882 2 661 3 1390 1 52
429 22 3 1 511 2 257 1 537 1 333 1 1385 2 1147 3 34 1 274 1 479 1 440 2 336 3 882 2 123 3 1166 1 119 1 973 1 882 1 180 1 1374 2 382 1 100 1 339
430 22 4 5 1022 1 1039 5 1064 1 360 5 925 2 357 1 738 1 97 1 586 2 1301 1 18 1 1421 3 843 2 270 2 826 2 1016 3 518 2 311 1 1178 1 1272 1 330 3 260
431 22 4 2 716 2 108 1 77 1 839 3 1238 2 733 2 468 3 727 1 493 1 438 1 1431 2 1276 1 6 1 1472 1 1231 4 1108 1 1353 2 199 2 121 5 587 2 550 3 227
432 22 4 3 832 1 682 2 126 2 1221 1 942 1 1309 6 851 1 377 1 1052 1 1364 3 100 1 755 1 1174 1 344 2 1400 2 236 5 168 2 373 3 348 1 499 4 828 2 1313
433 22 4 3 146 5 1222 1 102 2 26 1 597 1 910 1 130 1 1050 5 580 1 1215 2 433 1 642 6 140 1 593 1 1246 2 1037 1 256 1 781 1 1165 1 839 1 1246 3 11
434 22 4 1 296 1 1131 1 642 1 1436 2 424 1 433 2 1164 2 377 1 332 2 1289 1 946 1 920 4 447 2 274 6 1191 1 860 1 550 4 1498 6 728 3 1012 1 319 1 1403
435 22 4 1 1234 4 1009 4 785 1 181 2 660 4 968 1 80 3 1356 1 198 2 756 1 1122 1 552 1 420 2 2 1 185 2 1008 1 3 2 700 2 1273 2 359 2 1199 1 342
436 22 5 2 589 1 807 2 424 3 456 1 699 1 339 3 185 2 1334 1 583 1 1324 1 468 4 470 1 131 9 817 1 1308 2 1380 3 630 1 1435 1 3 6 505 3 171 4 677
437 22 3 1 92 2 1377 2 617 1 249 2 730 1 400 1 156 1 669 4 1339 3 138 1 405 1 1326 1 225 1 770 1 296 3 33 1 1438 1 1016 1 875 1 612 3 303 2 946
438 22 4 1 1077 3 753 1 930 2 505 1 1022 1 809 1 1083 1 711 1 1098 2 781 1 605 1 68 2 1268 3 810 8 671 3 718 1 383 1 1264 1 1081 3 985 2 1487 3 811
439 22 5 3 483 2 113 2 696 2 1406 2 1371 2 698 1 1008 5 861 2 633 2 1430 1 1488 1 487 4 1205 3 1166 2 284 5 71 3 797 2 1322 1 945 2 555 3 508 1 33
440 22 4 2 536 2 1465 4 912 3 287 1 1054 1 703 11 554 3 409 1 490 1 48 2 1339 3 1225 2 75 1 96 2 788 1 274 2 814 1 1248 1 956 1 1342 1 1365 1 616
441 22 3 1 185 1 125 5 958 1 459 1 1012 1 964 1 456 2 206 1 27 2 544 2 942 1 1232 5 1486 1 767 1 636 2 509 1 369 4 1045 2 886 1 1365 1 764 2 1346
442 22 3 2 1438 1 947 1 719 2 1427 1 1064 2 252 2 958 1 936 1 305 2 359 1 947 1 803 1 105 1 533 1 501 4 103 3 104 3 127 4 1152 1 994 3 134 1 615
443 22 3 2 1214 3 426 2 1485 2 1342 2 902 2 607 1 1154 1 151 1 715 2 57 1 618 1 1487 3 736 1 636 1 183 1 196 1 695 1 31 2 733 2 888 1 1464 2 1475
444 22 4 1 1281 1 205 4 946 1 1042 1 996 4 1003 1 228 2 271 1 1214 4 1168 1 421 1 288 3 25 2 512 1 12 2 985 2 485 5 290 1 1173 2 58 1 1352 1 64
445 22 4 1 435 1 490 1 1237 2 1036 1 492 8 855 2 1397 2 379 3 872 2 281 2 776 1 1160 2 687 1 1264 3 518 1 1350 2 635 3 1178 1 302 3 634 1 938 2 887
446 22 4 2 452 1 1193 1 351 1 670 2 1078 7 370 1 276 2 1140 1 1273 3 874 1 569 1 744 1 991 1 645 1 885 3 978 4 209 2 109 3 542 1 579 1 780 1 457
447 22 5 1 239 1 679 7 247 1 5 4 693 4 1319 1 1476 1 438 1 100 4 781 4 348 1 492 2 626 1 1470 1 26 1 201 2 925 2 142 2 900 6 152 2 894 1 576
448 22 4 1 286 11 1424 2 314 2 664 1 611 1 823 4 329 5 1427 1 1171 1 249 1 1395 1 479 1 1281 1 435 1 711 1 580 2 739 4 351 2 981 1 211 1 438 1 189
449 22 4 2 626 2 938 1 1467 1 762 3 1417 4 3 1 502 4 273 1 554 1 322 1 590 2 843 2 1041 3 1114 1 1257 4 902 1 615 1 753 1 44 2 1220 1 917 3 1245
450 22 6 1 1050 3 1354 2 261 2 180 3 1123 1 572 1 1004 12 943 4 1003 8 809 3 356 2 1411 1 416 1 58 4 1306 1 1042 2 278 3 621 3 41 1 848 1 177 2 50
451 22 5 2 599 1 1273 4 1222 1 113 2 1237 2 1049 5 1310 4 49 2 573 2 138 2 770 1 1067 1 1047 4 1251 3 832 3 1226 2 525 1 1494 6 1481 2 1257 2 1362 2 422
452 22 3 1 944 1 1198 1 1011 2 698 1 1001 1 1050 2 478 1 608 1 1063 3 39 1 1060 3 1152 1 1388 1 1449 3 1030 1 1345 1 937 2 1363 1 840 4 157 2 323 4 832
453 22 4 1 448 1 836 1 89 1 1126 1 642 1 523 3 895 3 665 7 568 1 383 1 1456 1 1136 3 356 3 446 2 157 1 1459 1 708 2 327 5 1019 1 384 1 427 1 694
454 22 4 4 1027 2 1410 1 175 3 970 1 288 2 20 4 740 3 729 1 1302 1 398 1 403 1 25 3 910 1 654 1 18 2 798 1 931 1 193 2 703 1 744 3 1120 1 451
455 22 5 3 583 1 33 2 210 2 258 1 781 1 1337 7 1139 3 95 2 1217 1 828 1 53 1 1310 1 1171 6 1241 1 293 1 118 6 326 2 139 9 321 1 1214 2 456 1 708
456 22 3 2 102 1 718 1 580 1 822 1 682 1 765 1 1417 8 1280 1 500 1 199 2 1155 2 978 2 272 3 629 1 772 1 1497 1 753 1 1210 1 422 1 755 2 943 2 1445
457 22 2 1 328 1 660 1 710 1 790 1 786 1 716 1 764 2 1153 2 396 3 385 1 806 1 370 1 721 1 334 1 201 1 80 1 666 1 164 2 1222 2 575 1 98 2 628
458 22 5 4 1209 1 799 3 958 2 1408 3 793 1 488 1 1260 2 231 5 573 2 905 1 31 1 1171 1 428 6 1430 2 1430 4 297 3 650 2 1404 2 799 2 514 2 1202 2 1155
459 22 4 3 757 1 1331 6 662 1 616 1 1167 4 949 3 743 1 1037 6 575 1 24 2 383 3 549 1 1175 1 1181 2 436 1 1015 2 404 1 622 4 1243 1 1283 1 60 1 963
460 22 3 4 1190 1 133 1 646 4 1409 3 492 1 893 1 1130 2 1122 4 1430 1 243 1 795 1 1248 2 1378 1 733 1 472 2 473 1 983 3 56 1 808 1 1043 1 530 1 1388
461 22 4 1 1249 2 118 1 1200 3 915 4 719 7 942 1 1244 3 1324 1 861 1 784 5 1013 1 768 1 727 2 1492 1 198 1 1104 2 991 1 941 2 713 5 1182 1 299 2 507
462 22 5 4 102 1 1490 5 1146 1 1084 1 857 3 395 2 991 2 470 2 166 1 358 1 721 5 1281 3 548 1 101 2 1310 1 580 2 690 2 876 2 738 1 305 4 951 4 1385
463 22 5 3 1449 1 138 1 933 4 914 3 558 3 1206 3 1410 1 1166 2 1264 2 903 1 301 5 1417 1 398 3 315 1 919 1 503 2 736 4 241 1 1127 1 1206 2 1342 5 84
464 22 4 2 1365 2 1026 1 292 3 51 2 1237 1 947 1 860 2 1241 2 553 2 169 1 963 2 551 1 181 1 1288 1 1386 2 1018 1 503 5 709 4 596 3 145 2 414 1 316
465 22 4 4 1060 2 798 5 1490 1 854 2 591 1 1124 2 1392 2 450 1 702 7 689 1 1131 2 307 2 46 2 89 1 1013 1 1199 3 1139 1 865 1 723 1 1055 1 685 2 1346
466 22 5 2 649 5 716 1 38 1 906 1 637 1 1088 2 1256 1 989 9 492 1 412 1 1144 3 445 1 349 4 61 1 316 1 1389 1 1121 4 1347 3 1270 1 1323 1 407 9 1226
467 22 4 1 546 4 78 4 286 1 924 1 813 2 492 2 776 1 179 1 1053 2 570 1 592 4 1206 2 1254 1 1216 1 1182 1 1122 1 1283 5 875 2 982 1 113 1 1050 2 703
468 22 4 1 12 5 772 5 667 1 986 2 919 1 955 3 1033 1 863 5 729 1 740 2 1217 1 784 2 1201 1 58 1 872 1 533 4 1191 1 654 2 1148 1 218 1 450 1 60
469 22 4 2 592 1 1116 1 1242 2 526 3 1231 6 1337 1 1291 2 1241 4 1287 1 1157 3 7 1 624 1 151 2 315 1 648 3 15 2 778 2 919 1 1449 1 834 2 956 2 1386
470 22 4 2 76 2 82 2 951 1 819 2 693 1 610 5 1431 1 848 1 670 1 1282 1 374 7 1129 1 842 1 1485 3 742 3 1476 1 979 3 272 3 973 1 1277 2 1449 2 1225
471 22 5 2 653 4 1403 2 242 1 1184 3 600 1 390 2 1201 1 765 3 489 1 866 3 849 2 287 1 1215 1 574 1 1130 2 430 9 1441 4 796 2 576 3 960 1 1014 1 2
472 22 3 1 931 2 358 1 206 2 382 1 414 2 1492 2 802 1 735 1 229 4 444 1 155 1 414 3 1280 4 717 2 292 1 1190 2 774 4 346 1 1199 1 895 1 744 1 274
473 22 3 2 618 5 406 1 135 1 932 3 1241 2 691 1 62 2 553 2 1005 3 238 1 1204 1 1212 1 736 1 1276 1 347 1 431 2 159 1 1234 1 1318 2 174 3 1097 1 390
474 22 4 3 46 2 616 1 405 2 603 2 1063 3 933 2 1377 4 1123 1 720 3 87 1 86 3 444 1 1024 1 977 1 1143 2 109 3 41 1 1361 2 659 1 506 1 1454 1 838
475 22 4 1 1162 3 1406 4 765 3 570 1 223 6 658 1 472 1 904 2 883 1 670 3 1229 1 1318 1 609 1 466 1 801 6 141 3 334 3 227 2 795 2 1455 1 57 1 929
476 22 4 4 1112 1 1065 3 113 1 815 1 553 1 834 3 1095 1 651 3 868 2 568 1 4 3 16 5 94 1 814 1 605 2 493 2 107 1 608 1 1170 2 223 3 489 1 1001
477 22 4 2 1270 3 1043 1 1003 1 1307 1 1037 5 388 1 763 1 989 1 761 1 1426 4 1360 2 641 2 249 1 1043 2 85 1 623 1 1284 1 1158 4 279 1 535 3 179 1 216
478 22 4 1 1089 1 1101 2 1324 1 286 2 157 2 307 1 1329 2 1089 1 469 2 626 1 1228 1 259 2 888 3 891 3 1486 5 483 1 354 2 309 3 911 3 1012 3 978 1 1314
479 22 4 1 534 2 1240 1 1479 1 709 1 1092 1 1352 3 1056 2 295 2 78 1 1324 5 195 2 323 3 15 1 79 2 1123 2 1003 1 1404 2 337 4 661 2 118 3 1253 1 1476
480 22 4 1 211 1 1230 1 147 2 1072 3 210 1 1158 3 1499 1 758 1 1305 2 565 1 1415 5 1289 4 155 2 1317 1 45 1 1265 3 253 5 701 2 99 1 514 1 1046 2 307
481 22 4 1 1171 1 763 3 1290 1 947 2 670 1 1376 2 1156 4 356 1 80 2 1391 1 195 1 978 5 944 1 1341 4 24 2 501 1 664 1 590 1 407 7 924 1 159 1 775
482 22 4 4 524 1 148 2 181 1 569 3 674 1 866 2 528 1 1097 5 851 2 549 2 560 1 1150 1 1495 2 1418 2 1057 1 986 1 579 1 775 2 1287 3 189 1 1236 2 345
483 22 3 1 1272 3 1383 1 518 1 758 2 1113 1 1454 1 306 3 1141 5 824 2 572 1 1368 2 78 1 77 1 1496 1 1045 2 1203 1 1389 1 384 4 1200 2 470 1 1333 1 53
484 22 4 3 960 2 419 3 67 2 979 6 518 2 235 1 960 2 228 1 37 2 1244 1 1362 4 1190 2 1420 2 691 2 1394 2 746 5 588 1 537 1 1123 1 960 1 337 2 511
485 22 3 1 374 1 485 2 584 3 288 1 698 2 569 2 555 3 255 1 1274 1 473 1 21 1 911 3 1023 1 910 2 476 1 507 2 340 1 206 2 24 4 249 1 373 1 1018
486 22 4 2 721 3 1269 9 328 1 723 1 383 1 1474 1 149 1 906 1 1390 1 1440 1 1161 1 1402 2 855 3 1431 5 7 2 1316 1 574 1 950 2 1150 1 487 3 391 1 87
487 22 4 2 26 2 389 2 116 1 355 2 113 4 997 1 242 3 200 5 248 1 324 1 627 3 1194 1 1064 3 389 1 1147 1 938 3 862 1 1236 1 984 1 1057 1 109 2 166
488 22 4 1 808 1 154 1 944 1 560 1 1415 2 975 2 622 1 545 2 1286 4 1282 1 144 2 761 3 184 1 1450 2 679 1 346 3 1218 2 77 1 948 4 501 4 832 1 1279
489 22 6 1 880 1 360 1 148 6 1333 2 1077 2 1142 3 1058 2 1487 3 656 4 678 1 1341 3 569 2 419 1 523 2 371 3 787 13 1141 1 1057 2 76 9 111 1 888 3 38
490 22 3 1 1046 1 1247 2 456 2 868 1 902 2 952 2 430 1 713 6 598 1 923 2 1308 3 369 2 907 1 209 1 1213 1 488 1 850 1 984 1 1455 1 982 1 952 1 1093
491 22 4 2 1105 1 659 1 516 3 1313 1 1265 1 245 3 979 1 570 1 1119 2 568 3 1112 2 449 4 825 2 517 1 912 6 289 1 490 1 1119 2 1486 3 47 1 186 1 1355
492 22 5 5 125 4 982 2 817 5 195 3 973 1 544 2 1194 1 848 1 116 2 1240 2 434 1 468 3 853 1 721 2 200 2 204 2 513 4 84 1 737 3 1225 3 629 1 986
493 22 4 2 403 2 1353 1 940 4 370 3 1491 1 917 2 1085 2 808 2 1031 1 190 4 681 2 42 1 271 1 296 2 901 2 783 2 1157 1 1301 1 473 1 998 3 618 2 1489
494 22 5 1 1121 6 980 3 1152 1 754 3 5 8 1500 2 117 1 51 1 494 1 696 1 1436 4 783 3 1398 2 1051 2 663 2 1114 2 892 1 139 1 1386 3 357 3 283 2 140
495 22 4 2 1045 1 161 1 721 4 1301 2 487 1 1407 1 117 4 1445 1 1222 1 533 2 1243 6 1482 1 1012 2 529 1 608 1 585 2 1148 7 1067 1 1261 2 1423 2 751 1 1475
496 22 3 1 1070 1 309 4 1486 2 873 2 1387 4 1203 1 308 1 455 1 989 2 940 2 1170 1 953 3 1393 1 296 1 36 1 166 2 295 1 1476 1 1043 1 170 1 1266 2 570
497 22 3 5 927 1 71 1 281 2 684 1 534 1 1250 1 461 3 172 1 582 1 1125 2 416 4 897 2 967 1 1400 1 1372 1 607 1 530 1 971 4 124 2 830 1 1485 2 1261
498 22 3 1 425 4 835 2 70 4 867 1 511 1 987 3 24 1 671 1 1400 1 1000 1 1368 2 749 2 91 1 163 1 1325 1 602 2 744 2 1040 1 1440 2 1291 1 1206 2 564
499 22 5 5 1042 2 187 3 1067 4 1187 1 1492 1 1430 4 1031 4 851 2 413 2 333 1 951 2 397 4 229 1 754 3 993 5 1328 3 578 1 255 3 873 1 1248 2 1196 2 1478
500 22 5 3 954 1 300 2 1418 2 1085 1 1332 4 709 3 435 5 319 5 338 2 1456 1 539 1 1295 1 1101 5 215 2 1373 1 8 1 499 2 894 4 1480 1 372 1 159 4 917
