1 15 3 1 8 1 952 2 571 3 456 1 1441 2 1299 10 835 1 596 1 618 5 816 1 800 1 882 2 1002 3 85 3 1162
2 15 2 2 1160 1 661 4 1098 1 799 1 833 2 293 1 220 1 509 2 495 1 418 5 752 3 1027 1 35 1 1377 2 1123
3 15 3 2 1124 6 711 3 1032 1 1471 1 798 5 354 1 62 1 859 1 265 2 1090 1 1490 4 259 3 709 1 910 1 476
4 15 2 1 1353 1 410 4 451 2 711 1 221 3 718 1 381 1 115 1 1378 2 1098 3 142 1 1050 2 1413 2 978 1 1043
5 15 3 3 96 1 21 5 212 2 768 4 200 1 1432 1 662 1 397 1 198 1 867 4 875 1 329 2 125 3 152 5 976
6 15 3 4 535 4 917 3 1366 2 1415 1 603 3 1247 1 851 1 1061 1 227 6 1496 2 1485 1 477 2 468 1 187 1 831
7 15 3 1 870 2 562 3 1327 3 1468 2 441 2 1 2 1393 2 1149 2 405 1 802 1 923 4 481 1 215 3 731 4 692
8 15 4 5 1270 8 861 1 655 1 501 6 1136 2 127 7 993 1 587 1 607 3 1406 1 1029 3 893 1 73 4 643 4 280
9 15 3 1 1246 2 1400 3 174 1 1308 3 1369 1 944 1 706 7 98 1 1070 8 519 3 1186 2 436 2 64 1 629 1 454
10 15 4 2 38 1 996 2 1175 3 1320 5 1474 3 174 3 1072 9 649 2 973 1 1073 1 861 2 222 1 637 3 52 2 305
11 15 2 4 486 1 475 1 1432 2 496 2 1279 1 388 1 397 1 538 2 946 1 1307 2 1122 1 793 5 1226 1 1243 2 1452
12 15 2 4 341 4 1001 1 1391 1 1470 2 333 2 326 1 1276 1 168 1 669 1 1060 2 343 4 1247 2 15 1 153 1 88
13 15 3 6 907 3 222 1 1393 1 62 3 1426 3 289 2 111 5 806 1 797 1 125 1 774 3 1223 1 827 4 376 2 748
14 15 2 3 1034 1 1052 3 89 1 496 1 148 2 286 1 1357 1 82 1 472 5 894 3 1077 1 698 2 678 1 644 2 1317
15 15 3 1 232 1 10 1 238 1 1070 4 1017 3 395 1 702 3 844 2 260 1 335 4 13 2 1274 1 599 5 1229 4 1112
16 15 2 1 1200 1 465 1 1459 3 668 1 1028 1 694 1 1252 4 1464 1 1440 1 987 2 1303 3 1424 1 1145 1 1157 2 561
17 15 3 3 441 4 1194 2 1101 3 1324 3 231 1 231 1 1453 1 683 3 26 3 777 1 786 1 512 1 10 7 971 1 396
18 15 3 1 351 2 886 7 237 2 1049 2 783 2 1041 1 617 1 1407 4 1017 1 1382 3 1190 1 1158 1 652 1 66 6 351
19 15 2 2 84 1 492 4 263 4 591 1 1422 1 80 1 84 2 1155 2 1474 1 1188 2 1297 1 1046 1 364 2 1364 1 476
20 15 3 4 565 1 118 3 570 1 740 1 522 1 967 3 727 2 637 1 19 2 1256 3 1204 2 828 3 985 2 1350 2 788
21 15 2 2 275 2 1358 1 640 1 1470 1 1224 1 1488 1 688 1 370 1 44 2 810 1 668 5 1021 2 669 3 210 1 430
22 15 2 2 127 1 457 1 917 2 1151 2 824 4 1453 2 414 1 767 2 1229 2 180 1 266 2 1145 3 376 1 1466 2 20
23 15 3 2 911 2 804 2 584 2 1480 1 498 2 240 3 576 3 390 2 1324 1 1433 2 1142 4 490 1 1334 2 827 3 123
24 15 2 1 689 2 745 1 977 1 337 3 794 1 1413 1 118 1 1219 5 835 3 928 4 613 1 1232 1 54 1 662 1 641
25 15 3 2 525 1 275 1 111 2 4 1 1156 1 386 3 337 2 1462 3 1003 1 737 1 1331 1 470 2 419 12 406 1 966
26 15 2 1 264 1 693 1 25 2 354 4 803 2 197 1 649 1 1258 2 1102 2 1341 2 1335 1 1414 2 1481 1 666 1 979
27 15 3 1 212 1 1497 1 1250 1 246 2 515 7 582 1 1437 3 465 2 1224 7 129 5 919 1 688 1 1264 2 621 1 842
28 15 2 1 747 3 405 1 462 1 100 1 1201 1 88 1 429 1 1052 1 306 3 977 2 950 2 1394 4 249 3 1129 1 658
29 15 4 2 864 2 1401 2 1240 1 825 1 64 4 179 2 1411 4 290 2 1098 4 182 1 1430 3 270 4 471 7 1348 1 483
30 15 3 2 521 2 625 1 360 4 1035 2 73 1 1190 1 1463 1 896 1 1258 1 1355 2 1332 4 260 1 723 3 357 6 222
31 15 3 1 878 1 236 3 1356 1 1359 5 1422 4 1037 1 1105 1 423 1 1418 1 855 2 427 1 20 1 667 2 871 7 128
32 15 3 1 587 1 1006 2 639 1 638 1 980 1 55 2 1331 2 991 1 168 1 567 7 790 3 192 2 1143 5 1087 2 1131
33 15 3 3 890 5 722 1 95 3 1488 2 66 1 1265 2 1311 2 1219 3 393 1 923 2 101 3 1488 3 1459 1 972 1 350
34 15 2 3 1156 1 306 1 622 2 1235 1 1082 1 22 1 97 3 135 3 426 1 1154 4 488 1 22 3 1176 1 1470 1 849
35 15 2 1 487 1 1489 2 15 1 80 2 849 3 1236 2 608 2 1239 1 120 3 1193 1 899 2 1115 1 845 1 101 2 626
36 15 2 2 1072 2 813 4 1042 1 964 1 277 1 772 1 1023 2 623 1 209 1 337 1 1186 1 195 1 1335 5 201 1 1366
37 15 4 2 587 2 1139 4 436 1 1481 1 356 2 250 2 1391 1 328 1 60 1 1489 1 68 8 74 3 236 4 1278 10 265
38 15 3 1 142 3 849 5 643 1 774 1 397 1 688 2 1465 2 833 1 144 2 312 1 1005 1 909 2 818 4 169 8 29
39 15 2 1 571 1 1084 1 312 3 236 5 1015 1 732 2 1394 1 904 2 782 1 400 2 665 3 1013 2 143 1 1104 1 1310
40 15 2 2 476 4 681 1 1235 1 206 1 785 2 280 2 90 1 178 3 1487 4 173 1 357 1 1484 1 900 1 1394 4 1321
41 15 3 3 1370 1 1349 1 691 5 556 5 267 1 203 1 891 2 731 2 532 3 480 1 937 1 248 2 1126 3 1177 8 1260
42 15 2 1 840 3 1332 1 568 1 567 1 1019 1 599 1 377 5 1335 2 304 2 560 2 944 1 1282 1 617 3 1301 2 1119
43 15 3 1 1056 1 1164 2 1329 3 1468 4 823 1 703 1 588 1 268 2 165 1 356 7 494 4 1244 4 1312 4 1184 2 3
44 15 4 2 54 1 186 1 1290 11 959 2 1405 2 1013 4 530 5 39 3 364 1 313 3 430 2 1322 2 421 3 1134 1 656
45 15 3 1 525 1 1343 3 1382 1 263 1 1444 1 674 1 581 2 805 1 564 5 194 1 1013 2 1349 1 960 5 1213 5 1133
46 15 4 4 1421 1 892 1 1466 3 213 1 965 1 80 2 631 1 1084 1 1195 4 921 1 1327 3 762 4 776 4 831 9 149
47 15 4 2 1108 4 191 2 211 4 451 5 650 1 1242 8 162 1 1442 1 1222 2 898 1 503 1 289 2 194 2 1445 4 1426
48 15 2 1 869 1 1472 2 685 3 21 3 846 3 742 1 1028 2 976 2 837 1 257 1 884 1 600 1 1216 2 500 3 155
49 15 3 1 124 1 1075 2 23 3 61 1 527 3 264 1 937 5 357 1 664 1 1164 2 1298 1 197 6 20 2 147 2 932
50 15 3 3 195 3 625 1 726 2 104 9 383 2 1272 3 494 3 1193 1 478 1 740 1 217 1 1080 1 388 3 646 1 1146
51 15 4 8 1262 8 1222 5 563 3 194 3 262 1 839 1 661 4 525 2 690 1 1442 4 919 3 1298 1 468 1 1156 1 525
52 15 3 2 453 1 442 8 1053 2 757 3 521 2 1247 1 1163 3 1283 1 1334 1 517 4 475 2 1124 1 727 2 1381 1 286
53 15 3 1 79 3 954 1 831 2 1450 1 285 2 1100 1 316 1 1067 4 852 3 1259 2 22 1 814 1 321 6 474 1 1354
54 15 4 3 149 1 837 1 891 5 1045 4 1464 3 545 1 688 1 1191 1 987 4 1168 4 1367 2 564 1 180 7 728 2 915
55 15 3 8 803 2 1010 1 1485 1 1309 2 679 2 488 1 21 6 879 1 81 3 598 1 566 2 1300 6 823 1 1259 1 1343
56 15 2 1 719 1 862 2 726 1 1248 3 1389 2 668 1 1468 2 121 1 715 2 271 1 1377 2 1269 1 381 1 846 1 527
57 15 4 2 1402 2 864 1 1243 6 270 2 1368 1 532 7 1155 3 114 8 751 2 779 1 921 3 1403 1 583 2 307 1 704
58 15 3 2 969 2 1248 1 807 2 989 5 611 1 990 1 313 5 964 1 218 1 1456 5 33 1 515 1 1142 1 572 1 654
59 15 4 2 381 5 395 4 36 2 643 5 772 2 1125 3 53 1 291 2 1397 2 119 2 653 1 50 4 455 3 1352 4 1155
60 15 3 3 68 1 655 1 521 2 86 1 712 4 759 7 895 3 1431 1 1029 2 1318 2 878 1 182 1 1334 2 915 2 1416
61 15 3 2 762 3 554 3 1016 2 1271 1 573 1 387 1 439 2 946 2 827 6 213 2 643 4 672 3 14 2 845 1 728
62 15 4 1 352 1 210 3 438 6 1479 6 758 3 1198 4 611 6 1338 2 262 1 48 2 1451 4 95 2 1405 4 413 1 1154
63 15 3 7 636 5 1460 2 902 2 272 3 567 1 1256 1 1217 4 320 2 819 1 193 1 366 2 1379 1 930 1 281 2 678
64 15 2 1 927 1 719 2 54 1 244 1 1186 1 194 2 1199 2 1035 6 630 1 579 2 1342 1 1143 2 129 3 1092 1 547
65 15 3 1 487 4 1410 3 341 1 156 1 5 1 100 1 874 3 608 4 685 1 125 2 1326 4 228 6 918 1 254 1 226
66 15 2 2 1123 3 1236 1 1208 1 873 5 907 1 995 2 856 1 901 1 740 1 409 2 114 1 1479 2 181 1 1317 1 545
67 15 3 6 254 1 112 2 997 2 489 1 546 4 690 1 696 1 1341 3 145 5 721 2 183 2 959 1 473 2 286 3 387
68 15 2 1 1332 2 1389 1 830 1 146 3 390 1 450 1 1270 2 828 3 983 2 43 5 1411 1 228 2 314 1 1403 2 1118
69 15 5 5 224 4 27 1 1265 1 1316 1 1274 11 680 1 1148 5 1264 1 1408 6 1037 4 899 3 230 6 1335 4 928 1 1445
70 15 3 1 32 1 414 2 8 1 738 1 721 2 764 1 1472 11 1117 2 1295 3 1015 2 734 3 265 2 1404 1 561 4 933
71 15 3 5 1078 2 1072 4 578 2 172 1 172 4 1311 1 1353 2 751 2 230 1 61 1 439 1 494 1 894 2 559 1 1468
72 15 2 2 1148 1 987 2 641 2 433 3 1052 1 1463 1 1181 1 287 2 293 1 59 1 1072 3 143 1 198 1 877 4 892
73 15 4 1 975 1 1113 1 1161 2 318 3 1192 5 1146 3 851 1 1444 5 184 1 600 4 454 4 1291 3 242 4 777 2 1151
74 15 2 1 208 1 473 4 172 1 271 4 34 1 874 2 257 1 140 3 1329 1 737 1 1118 1 558 1 231 1 349 1 510
75 15 2 1 1256 1 1231 1 843 3 504 1 591 3 34 1 106 3 1366 1 439 1 1156 2 18 2 546 1 515 1 979 1 746
76 15 3 1 1231 1 911 1 1025 2 1226 4 961 1 822 1 1164 3 1246 1 229 4 1399 1 1400 3 1356 1 52 5 532 2 532
77 15 4 6 1231 2 707 4 173 4 677 1 847 1 1148 7 1046 1 326 4 632 1 787 3 879 2 65 7 731 2 183 3 1074
78 15 3 4 1343 3 1038 3 1411 2 648 1 1207 1 695 2 727 4 1165 2 1469 3 874 1 1125 3 1275 1 1236 5 817 3 1316
79 15 4 3 625 1 968 2 1476 2 1472 10 145 6 1300 3 87 4 413 4 376 1 74 3 1484 1 627 1 461 3 1285 1 684
80 15 2 1 1056 1 1361 1 1351 2 188 1 1081 4 285 3 1020 1 115 2 1230 1 278 3 158 1 876 1 916 1 26 2 877
81 15 4 11 112 1 700 1 290 1 1455 4 1001 1 1497 4 644 3 956 6 1369 1 1015 4 522 1 139 3 1299 2 37 3 1284
82 15 3 1 649 2 275 3 409 2 510 1 1430 1 1315 5 865 1 1136 2 883 1 570 1 462 2 1422 2 1209 3 155 6 570
83 15 3 3 1012 1 985 3 419 1 862 1 982 3 909 5 799 3 375 3 549 1 978 1 655 4 801 2 1198 2 588 2 1230
84 15 3 1 236 1 96 3 1362 4 577 2 105 1 877 2 729 1 737 1 471 2 1081 1 188 1 393 3 620 5 1103 2 657
85 15 2 1 300 1 1139 3 820 1 1115 1 1200 1 940 3 144 1 348 1 701 4 535 1 547 1 929 1 847 2 948 4 31
86 15 3 1 809 1 1045 2 757 2 229 1 1113 4 991 1 1257 1 1007 4 639 5 538 3 70 1 1248 2 520 4 761 4 1399
87 15 3 1 1314 8 1429 2 532 2 464 1 365 1 1451 3 1024 4 970 1 1137 1 1466 1 1081 1 922 4 912 1 956 6 246
88 15 3 1 471 2 1308 1 738 1 947 4 862 4 586 6 1233 1 378 4 922 1 556 1 44 1 1217 1 332 3 484 1 1419
89 15 2 1 53 8 1368 1 1456 2 789 1 1068 2 497 2 1423 1 1228 2 1337 2 375 2 1051 1 37 2 978 1 1178 1 505
90 15 3 3 302 3 41 1 483 1 1436 1 1480 2 64 2 130 1 546 5 1240 1 651 2 448 1 1481 4 718 4 772 3 1477
91 15 3 4 755 7 125 1 1257 3 283 2 596 1 1334 1 961 4 193 1 1126 1 1302 1 1377 3 131 2 572 3 1324 2 759
92 15 3 1 879 6 479 7 538 1 1289 2 295 5 591 1 703 6 1099 1 949 1 554 2 38 1 31 1 870 1 210 3 927
93 15 3 1 730 1 1328 3 601 3 1470 1 1243 1 1439 3 234 4 1341 1 290 3 1047 2 113 1 495 3 83 2 815 1 61
94 15 3 2 423 1 655 5 1243 1 600 2 5 7 312 2 1177 1 223 2 937 1 885 1 423 2 1059 1 1363 5 1150 3 238
95 15 2 2 401 2 832 2 1381 1 1495 2 1256 1 784 1 419 1 1164 3 1171 1 1126 1 429 1 320 1 212 1 917 1 113
96 15 3 1 237 6 1255 2 1000 2 493 1 769 2 1328 1 1107 5 542 2 417 6 322 1 796 2 130 1 1376 1 573 1 735
97 15 3 2 216 2 58 3 472 1 1042 1 1399 1 1180 4 414 7 1084 6 1394 5 618 2 204 1 1373 1 712 1 739 1 1488
98 15 2 1 517 1 251 1 852 3 644 1 631 2 715 1 679 2 748 2 931 1 302 3 1434 1 499 2 1078 5 282 1 597
99 15 2 3 805 5 604 3 28 1 323 1 524 2 270 2 1250 1 225 1 677 4 264 1 816 1 171 2 193 1 89 1 326
100 15 3 1 125 2 248 8 271 4 1286 1 599 1 1198 4 1001 1 830 1 824 1 416 2 1098 1 685 2 807 6 823 2 607
101 15 2 3 18 1 912 2 222 2 729 2 869 2 113 1 21 1 120 2 585 2 1152 3 388 5 1220 1 182 1 117 1 74
102 15 3 3 910 1 24 4 990 3 286 1 500 1 762 1 1031 5 776 1 647 5 838 2 994 1 1099 1 667 5 1303 4 1195
103 15 3 4 341 3 565 3 431 1 262 2 108 2 1241 1 1480 2 887 2 1142 1 1403 1 665 3 1128 3 768 1 454 2 1212
104 15 3 4 208 2 273 1 437 1 607 1 880 3 514 4 379 2 1422 1 1410 6 540 2 558 2 98 1 741 3 1198 2 706
105 15 2 2 752 1 817 2 283 8 1189 1 1066 2 106 1 1198 2 1371 1 513 1 114 1 1249 1 1154 2 677 1 507 2 1377
106 15 4 1 1447 6 1355 2 671 4 574 4 889 3 1454 1 456 5 1361 2 273 6 291 3 550 2 734 1 1450 2 742 1 224
107 15 2 4 988 1 513 1 1404 1 470 1 1486 1 125 1 1471 1 1408 2 1330 4 769 3 89 1 1338 1 692 1 69 3 150
108 15 3 1 799 1 270 1 1124 1 1062 8 295 1 24 2 285 1 348 5 583 1 878 3 263 2 883 3 828 5 688 2 821
109 15 3 1 1094 1 1143 1 1392 3 1155 1 985 4 570 3 1059 3 505 1 224 3 1253 1 156 2 241 8 234 3 292 1 1139
110 15 3 3 380 6 1372 2 1438 2 390 1 985 2 1357 3 521 2 644 2 1432 3 1393 4 322 2 414 2 439 3 1159 1 852
111 15 3 2 1418 1 543 1 420 1 1013 1 1397 1 1378 3 1474 4 1349 2 1157 5 1340 4 193 4 184 3 17 1 924 3 429
112 15 1 1 324 1 1050 1 52 1 358 2 827 2 1480 2 411 1 1211 1 1175 1 252 1 454 1 362 1 358 2 526 1 931
113 15 3 7 465 1 513 2 816 3 88 6 727 1 1169 1 772 2 236 2 1499 1 1062 1 168 1 23 2 1223 2 419 1 655
114 15 3 3 543 1 1457 2 733 4 267 1 334 1 837 2 436 1 1164 2 309 4 1182 5 267 2 304 2 1300 2 1328 3 356
115 15 2 2 616 1 990 1 1274 1 156 1 743 1 88 1 510 2 3 1 1149 1 363 2 1495 4 691 1 698 1 793 8 102
116 15 4 1 56 1 129 5 761 7 1100 2 406 5 466 3 287 1 995 1 937 6 1495 2 1151 4 1386 2 1171 2 1416 1 612
117 15 2 1 253 2 11 1 527 1 638 2 1155 1 1429 1 1279 2 133 6 416 4 1478 1 133 2 400 2 969 2 785 1 47
118 15 2 1 696 5 328 1 1058 2 1440 2 1225 2 382 3 301 1 632 1 1326 1 1314 2 40 1 1330 1 1434 2 744 1 551
119 15 3 1 95 1 889 3 532 6 1272 2 2 1 63 2 1026 2 577 1 593 1 1204 2 68 3 1145 4 743 3 889 2 186
120 15 3 7 1061 1 823 1 483 4 769 2 708 2 1008 2 218 1 604 1 488 2 645 4 737 4 1314 1 1277 1 1373 1 148
121 15 2 2 1140 5 1290 2 1037 1 121 1 807 1 1035 3 372 2 287 1 1142 1 681 1 885 1 10 1 329 3 727 1 711
122 15 3 3 438 2 991 2 856 1 1261 3 63 1 431 1 727 2 236 3 106 2 1091 4 574 1 735 2 1033 1 703 3 39
123 15 3 2 1268 2 686 2 210 1 1083 2 138 1 775 1 1162 1 746 5 1172 6 1238 1 1017 1 309 4 141 1 624 3 807
124 15 3 2 670 1 1378 1 1457 3 1382 3 1293 4 697 4 1478 1 587 1 1063 3 381 2 848 5 505 3 582 1 1110 3 1138
125 15 3 1 171 4 243 1 412 3 295 6 1429 1 1335 2 1329 2 533 1 1084 2 835 1 396 2 1062 1 473 1 1089 5 811
126 15 3 7 639 3 1055 1 1192 2 1195 1 1149 2 1444 2 332 3 1022 3 1442 1 94 1 676 6 1139 1 894 1 829 1 359
127 15 3 3 1270 1 528 4 1377 1 301 1 258 1 703 3 440 5 812 1 498 1 1197 3 643 1 1246 1 777 4 1297 1 473
128 15 3 1 974 2 30 4 918 1 451 4 401 1 1326 3 16 1 365 3 1288 1 643 3 1424 2 645 3 503 4 909 1 448
129 15 3 2 867 3 1046 1 371 3 1374 1 963 3 816 3 1443 1 1324 1 785 1 88 7 624 1 386 1 1 1 768 4 822
130 15 3 1 1093 1 139 2 1064 3 514 1 798 1 780 4 173 4 1432 2 404 1 1475 2 94 3 920 2 127 1 807 2 23
131 15 3 1 378 1 1117 3 965 1 1016 2 76 2 1009 3 1040 6 463 1 1001 1 392 4 1360 2 475 2 314 1 514 1 1284
132 15 4 3 148 1 460 1 8 3 289 3 603 3 530 5 1461 6 204 3 165 5 1381 2 1290 1 224 1 1374 2 444 1 442
133 15 3 3 853 1 273 1 1106 1 1215 2 67 2 571 1 1332 1 835 2 395 2 855 1 31 1 1260 5 684 1 407 13 58
134 15 3 1 867 1 230 1 474 3 201 1 1224 3 182 2 1394 4 731 2 688 1 364 3 742 1 1017 5 534 3 1068 2 324
135 15 3 1 1440 1 1435 3 794 2 1211 5 1071 1 400 3 68 1 80 1 102 3 1202 2 895 2 1460 3 892 6 809 2 438
136 15 3 7 1458 1 994 4 211 6 933 1 143 1 1308 2 432 1 1445 2 1314 2 893 2 425 1 567 1 434 1 884 4 548
137 15 3 3 1040 3 253 1 508 1 1155 1 720 2 605 4 659 1 901 3 1457 2 1108 2 1225 3 1422 8 658 1 194 3 800
138 15 5 2 1169 3 558 6 1351 3 1053 3 373 3 286 1 127 1 1215 5 488 2 966 2 1391 1 1216 4 23 6 931 9 578
139 15 2 1 584 1 1100 1 1012 1 50 1 605 1 707 1 1161 1 596 2 578 2 275 2 61 6 1101 1 152 4 1190 3 813
140 15 2 1 164 1 22 1 1310 1 1077 3 911 7 940 1 1470 1 1120 1 103 1 1312 2 780 1 904 2 1142 1 1015 2 950
141 15 1 1 1121 1 557 1 64 1 375 1 739 3 1273 1 1338 2 213 1 190 1 719 1 1280 1 1294 1 12 2 197 1 1129
142 15 3 1 583 1 333 1 403 3 338 7 864 2 281 5 505 1 832 1 1199 2 469 5 990 2 983 1 123 1 1270 4 1315
143 15 4 3 94 4 985 4 420 1 1384 2 284 3 401 1 878 4 1500 5 810 3 1424 5 972 2 737 1 1066 5 169 1 1343
144 15 3 1 1120 2 835 1 61 2 1390 3 574 1 676 1 841 3 54 4 668 2 1065 1 1403 6 1350 3 134 4 697 4 1497
145 15 3 4 1289 1 680 4 1017 1 1179 2 1038 1 730 3 131 5 1465 1 818 1 104 1 1022 5 1194 1 343 1 391 2 273
146 15 3 4 1027 3 42 1 1070 3 612 5 214 7 384 1 1019 1 151 1 359 1 1105 2 570 1 826 1 447 1 76 2 449
147 15 3 1 1140 7 504 3 1440 1 751 3 710 3 650 1 1015 1 40 1 857 3 1347 1 639 1 983 2 485 1 1155 2 1252
148 15 4 1 1456 3 288 2 1007 2 644 2 1322 3 1049 4 190 1 628 7 1104 1 610 1 103 3 893 2 1423 8 54 1 967
149 15 2 1 891 1 1288 1 1490 2 730 1 1186 1 1355 1 889 3 293 2 999 2 693 4 261 1 322 1 605 1 267 1 286
150 15 4 1 1227 1 1453 1 1296 7 1238 7 1226 2 389 4 804 7 444 1 303 1 578 5 1420 1 329 1 612 1 844 3 24
151 15 3 1 678 2 110 1 1169 7 1369 3 21 3 899 3 3 1 1431 1 335 3 842 1 669 1 1204 3 1365 2 784 1 1158
152 15 2 2 794 1 527 2 815 3 938 1 1483 1 318 3 1438 2 290 1 38 2 362 2 888 1 1258 4 1180 1 553 1 466
153 15 2 1 1023 3 95 1 395 2 1392 1 879 5 546 2 319 1 524 1 534 1 166 1 1103 1 72 2 474 1 717 2 966
154 15 3 3 459 1 941 3 471 1 969 1 597 7 141 6 666 1 535 5 1465 2 231 1 997 1 1066 1 1091 2 826 1 782
155 15 3 6 1266 3 1163 1 1298 2 1490 2 1139 3 1391 3 1423 1 1356 2 495 4 367 3 104 1 201 1 1373 6 1196 1 1311
156 15 2 1 261 1 1109 1 1001 2 1025 1 745 4 1418 3 1147 1 422 1 468 1 1188 1 1270 1 696 4 981 2 676 2 223
157 15 2 2 1225 2 98 1 1249 1 148 1 761 2 67 1 410 2 1328 1 1019 1 452 2 677 1 824 1 1127 2 96 1 1344
158 15 3 2 131 3 703 3 1211 1 1346 6 856 1 18 1 292 2 886 2 437 1 905 2 416 2 646 1 70 3 1018 2 1090
159 15 3 3 884 1 530 1 645 3 512 1 556 7 255 1 878 1 23 1 278 2 1009 6 222 1 7 2 1433 3 1109 2 1089
160 15 2 2 896 1 1341 1 851 3 229 2 604 2 821 1 1358 1 944 1 162 1 1248 1 1116 2 521 1 886 1 1170 1 277
161 15 3 1 1389 2 248 3 1428 3 719 1 676 3 1149 2 1137 1 790 1 590 4 193 4 17 5 1194 1 16 2 94 3 465
162 15 3 1 300 1 575 2 825 4 598 2 537 2 9 4 1438 2 1469 2 437 1 944 1 930 8 349 1 1348 1 1049 3 844
163 15 2 1 941 5 587 1 654 1 751 1 704 1 685 2 626 3 1310 2 1037 1 1343 1 485 1 135 2 681 2 740 3 584
164 15 3 2 631 1 1215 2 274 2 983 1 1493 2 394 5 801 2 1205 1 436 1 56 6 866 2 1383 2 32 1 963 1 168
165 15 3 1 881 2 1320 2 798 1 26 1 792 3 836 2 59 1 1318 2 854 6 548 1 1003 1 1117 4 647 2 1191 4 326
166 15 3 3 739 4 1423 2 940 1 860 1 1388 1 290 3 242 3 1198 2 980 1 511 1 464 2 626 3 179 2 245 1 302
167 15 3 3 64 5 1414 3 616 1 973 3 1054 4 516 2 1097 2 848 2 385 2 1022 2 579 2 1333 1 880 1 1213 1 1403
168 15 3 2 1273 1 977 1 668 1 995 4 939 1 834 3 1366 2 540 3 500 2 620 5 1491 2 142 1 57 2 1055 1 53
169 15 3 2 1196 3 1471 5 784 1 702 3 811 3 88 1 332 1 622 1 1487 1 1080 2 1484 2 617 1 807 5 620 1 1261
170 15 3 3 1285 1 876 3 479 3 85 1 137 1 681 3 1250 1 815 1 13 9 1116 3 104 2 185 1 108 2 133 2 1367
171 15 4 1 406 1 1345 3 969 2 934 4 322 7 402 1 34 2 340 3 634 1 1372 2 358 9 45 1 1072 2 289 1 1357
172 15 3 4 152 1 455 1 557 2 1409 1 1164 2 1346 6 97 2 548 2 457 2 617 2 205 1 789 2 81 2 953 1 1311
173 15 2 1 190 5 125 2 1198 3 331 1 1262 1 609 1 989 1 267 1 1447 1 989 1 335 3 504 2 884 4 872 1 871
174 15 3 5 167 2 533 3 1189 1 1098 2 182 3 418 2 892 1 1070 1 761 1 920 5 585 4 1422 1 87 1 227 2 317
175 15 3 3 794 1 1121 1 264 3 226 1 336 1 1435 2 800 3 237 5 1261 1 930 2 72 2 1242 1 956 6 807 6 1026
176 15 2 1 768 2 299 1 690 1 275 1 697 2 301 4 786 1 1382 1 874 1 95 2 43 1 1325 4 303 1 36 1 1346
177 15 3 2 623 1 654 9 72 1 881 1 1036 2 343 1 1385 1 450 1 6 2 1037 2 347 3 970 2 5 5 281 3 826
178 15 3 1 56 1 1276 3 433 9 26 4 1028 1 256 1 1408 2 854 1 1303 2 675 3 221 1 41 1 1110 2 1480 1 317
179 15 2 2 261 1 503 2 1499 1 1291 4 589 1 6 1 1048 2 1027 3 1377 1 876 1 10 2 371 1 410 1 155 1 1170
180 15 5 7 214 1 1475 1 874 5 1331 1 487 5 326 2 1452 2 998 2 1100 6 1073 2 726 1 1379 6 1089 8 74 5 438
181 15 3 1 24 1 210 1 1014 1 993 1 189 1 790 2 580 8 44 2 1478 2 804 2 1348 1 1410 1 1126 7 114 1 1393
182 15 3 4 278 1 837 1 1467 5 1376 3 1451 1 1213 2 924 1 472 1 861 1 398 4 90 1 945 2 531 3 705 1 884
183 15 4 1 403 10 698 4 550 1 777 1 916 1 251 2 805 2 331 1 162 3 198 6 163 1 372 2 1189 3 1141 2 750
184 15 2 1 1042 3 559 1 258 1 1287 2 1060 2 71 1 81 1 115 2 328 1 583 4 195 2 217 4 406 1 777 1 561
185 15 2 1 1234 1 1285 1 283 1 1089 1 408 1 208 1 1081 1 381 2 186 3 842 3 698 1 736 2 649 1 919 2 759
186 15 4 4 1077 2 1291 5 445 4 1204 3 1131 4 173 2 1479 1 658 4 1438 1 564 2 1464 1 704 1 105 5 1120 1 998
187 15 3 7 475 1 211 1 233 1 164 4 960 1 112 2 481 1 883 1 1384 7 303 1 1185 2 789 1 526 3 647 2 215
188 15 2 2 724 1 21 1 714 6 1202 1 702 1 455 3 1119 1 534 2 569 2 310 1 1181 1 941 3 95 2 1022 1 1012
189 15 2 1 1358 1 1030 1 1057 2 476 2 367 1 1378 2 826 2 102 2 648 1 661 1 95 3 614 1 100 4 639 2 396
190 15 2 2 1476 2 1415 3 1414 1 995 3 214 1 734 1 1174 1 691 2 515 1 1024 2 1263 1 1191 2 501 1 591 1 1371
191 15 3 4 962 2 1068 2 1023 1 846 4 351 2 174 1 1253 1 913 1 792 1 1203 7 54 3 1055 1 340 3 445 1 649
192 15 4 1 545 3 975 9 272 1 615 3 901 4 20 8 1002 1 752 5 348 1 99 1 527 1 158 2 330 1 953 2 237
193 15 2 1 1013 1 498 3 1109 1 581 1 1483 2 205 1 1103 1 863 1 303 3 1246 1 740 1 1313 2 303 1 125 2 1209
194 15 2 1 773 4 1439 1 325 1 705 2 1229 2 1292 4 543 2 1362 1 96 1 462 4 1034 1 1091 2 1455 1 692 1 803
195 15 2 2 744 4 1419 1 792 1 983 1 491 1 1450 1 737 1 733 1 826 1 581 2 1119 1 739 1 584 1 1320 1 6
196 15 4 1 1500 2 1033 1 466 1 1115 1 953 2 1072 10 278 4 268 5 1285 6 435 3 516 1 767 1 732 1 992 1 80
197 15 3 3 894 1 683 2 29 1 148 1 1431 1 683 1 263 2 591 4 397 3 667 3 787 1 838 3 14 2 13 2 336
198 15 3 2 1399 3 261 2 797 1 1268 1 468 5 529 4 503 1 237 1 545 1 898 1 35 1 1125 5 525 3 568 1 1249
199 15 3 1 522 1 353 6 46 1 409 4 210 3 1482 1 265 1 508 1 971 3 228 1 787 6 291 2 14 2 1072 1 813
200 15 3 3 1228 4 798 3 763 2 164 2 1391 1 804 3 466 1 1341 3 1459 1 1421 4 740 1 957 1 856 4 467 1 1323
201 15 3 3 1122 6 445 2 379 3 1106 1 678 3 1080 3 917 2 978 3 11 1 391 6 1080 1 611 1 850 1 38 1 1490
202 15 2 1 1165 1 400 4 1029 2 623 3 831 2 984 1 613 1 472 2 238 1 892 2 676 1 95 2 1332 3 1218 3 341
203 15 4 1 566 2 1445 2 409 3 247 1 253 9 1156 3 1256 1 1161 1 515 6 438 3 729 3 301 1 750 3 1365 3 40
204 15 4 2 565 5 351 2 505 1 187 2 782 5 1350 10 216 6 964 3 110 1 926 3 356 1 982 1 589 3 957 2 108
205 15 3 3 34 1 580 4 819 2 410 2 813 1 150 1 758 4 306 1 1353 2 129 3 1386 2 31 3 77 2 1350 1 660
206 15 2 1 56 1 571 2 611 5 712 1 631 1 1021 1 686 1 766 3 232 1 417 1 1001 4 429 1 127 2 229 1 120
207 15 4 3 1196 5 124 2 1492 8 399 3 701 2 1329 8 1059 1 160 1 1346 1 1205 1 551 2 1107 1 1093 4 343 1 1150
208 15 2 2 732 2 1298 1 1016 1 619 1 1380 3 1398 1 376 3 1197 4 421 1 357 1 738 1 206 1 1360 3 204 4 95
209 15 3 1 632 2 926 2 259 4 774 1 147 2 621 1 1061 5 1045 1 464 2 92 2 1064 5 1040 3 988 2 779 3 742
210 15 3 7 1362 1 383 1 737 1 837 1 933 2 978 1 45 1 1316 1 646 2 526 1 742 1 1190 8 633 1 1285 3 964
211 15 3 2 954 4 222 1 769 1 1154 3 1406 2 876 1 798 3 68 4 755 2 824 1 914 7 906 4 1125 1 616 3 232
212 15 2 1 1038 3 1249 5 1400 2 814 2 1462 1 919 2 204 1 681 1 448 2 392 1 607 2 1407 1 1198 1 957 2 193
213 15 2 2 269 1 808 1 1090 5 620 1 1256 4 347 1 697 1 89 2 840 3 101 1 689 1 932 2 920 1 269 2 574
214 15 3 4 1283 2 18 2 63 1 91 4 165 2 1242 1 410 4 1383 1 137 1 87 2 1454 1 459 1 107 1 745 3 1292
215 15 3 6 259 5 614 3 1295 1 116 6 1229 1 484 1 289 1 1191 3 977 1 290 4 204 1 247 2 826 3 195 1 639
216 15 4 1 1466 4 795 3 1302 4 545 1 546 5 1359 2 1004 1 31 4 818 1 179 2 911 5 177 2 200 1 610 4 788
217 15 2 1 989 2 1037 1 272 2 614 1 602 4 215 1 718 1 848 1 843 1 300 1 1022 3 115 3 333 1 1094 2 1053
218 15 2 1 987 1 333 1 1000 2 1061 2 163 4 880 1 1131 1 987 1 531 3 756 6 1452 1 1079 1 465 3 486 1 317
219 15 2 2 260 1 732 1 869 4 779 2 1480 2 745 1 1228 1 169 2 840 1 8 1 1088 3 1165 1 721 1 160 2 1440
220 15 3 6 223 1 298 2 779 1 207 1 1492 1 1270 1 1342 1 1287 1 662 2 437 1 189 2 324 3 858 2 1011 7 877
221 15 3 5 692 1 1258 2 1210 2 890 1 107 1 827 1 515 2 656 1 275 1 542 1 1206 2 382 5 28 2 993 4 92
222 15 5 1 891 5 1015 10 959 2 676 7 937 4 592 1 1083 1 532 3 1365 4 346 3 665 4 464 4 856 2 92 2 915
223 15 4 1 1249 15 105 3 606 2 647 1 279 7 798 1 339 2 104 4 1485 1 1216 1 30 2 654 1 652 3 511 3 1408
224 15 3 3 511 3 48 2 529 1 1178 1 765 2 104 1 758 1 1444 3 1449 2 271 6 374 1 131 1 930 2 729 2 242
225 15 3 5 1497 1 263 2 1363 6 806 4 1158 1 1059 2 682 5 1273 3 1055 2 907 1 997 4 1244 1 1214 1 824 1 359
226 15 2 1 471 2 609 1 695 2 1209 1 1141 1 806 1 76 1 241 4 1036 4 1270 3 100 1 1215 3 6 1 1316 1 916
227 15 3 3 1343 1 859 3 606 2 845 2 761 6 91 2 191 5 1132 4 448 1 1382 1 1220 2 724 4 249 1 405 1 1378
228 15 3 2 1319 5 425 1 1081 4 1082 1 892 3 1120 1 1001 3 294 2 122 4 1040 3 793 4 678 1 1366 2 1327 2 94
229 15 4 6 11 2 497 3 686 1 147 7 695 1 1406 2 1039 2 297 1 1354 1 1411 1 532 2 211 6 243 3 1100 6 1101
230 15 3 1 184 2 538 6 796 1 1307 1 151 1 1485 1 669 2 1458 2 1243 1 938 1 984 6 268 1 1365 1 1046 3 478
231 15 2 3 699 1 767 3 463 3 170 1 1058 2 413 1 151 1 114 1 963 1 363 4 956 1 879 1 1399 2 145 1 149
232 15 5 8 827 1 805 4 978 2 551 3 627 4 1347 5 1241 1 680 1 845 1 1185 6 632 4 1179 7 698 1 1288 4 1115
233 15 3 4 1164 2 134 1 1032 1 1107 1 1127 1 1142 4 1406 1 1184 1 544 2 10 2 988 1 129 1 1403 2 735 7 421
234 15 3 5 1495 1 918 1 267 3 1135 1 42 3 497 1 505 4 1485 3 1333 1 1341 1 1458 1 100 3 284 3 1365 1 544
235 15 3 1 1455 2 1359 2 1136 3 884 2 618 2 981 1 940 4 480 1 322 1 802 3 1177 1 1245 4 1042 4 1151 1 45
236 15 2 1 1145 1 1303 1 1302 1 1304 1 34 1 424 1 1377 1 1203 1 47 1 202 2 111 4 517 5 537 1 1308 2 1148
237 15 3 1 580 3 379 3 1211 1 593 3 1307 3 1353 1 647 1 173 9 1008 1 871 1 1091 1 1327 4 654 2 1455 2 108
238 15 3 1 473 2 821 2 1066 5 959 1 965 3 1378 1 1136 6 800 2 1119 1 631 5 911 1 387 2 131 6 1151 1 830
239 15 3 2 196 1 1044 2 882 3 880 4 392 1 792 1 624 4 119 1 1242 5 1087 1 595 2 843 1 978 1 1154 2 395
240 15 3 1 795 1 623 1 1128 1 1153 1 107 2 1289 1 671 1 1114 1 108 2 587 7 157 5 1304 1 1130 2 343 4 664
241 15 2 2 869 2 781 2 1216 1 643 1 292 2 735 1 683 2 34 1 490 1 1275 1 1068 1 413 3 368 1 270 1 818
242 15 3 3 1374 2 246 1 632 1 511 6 1025 1 757 1 1445 1 444 1 95 2 1366 2 480 4 698 2 1010 3 1412 3 566
243 15 2 3 1039 1 451 1 123 1 1089 2 998 1 920 2 1259 3 1408 1 861 2 468 2 1030 2 312 2 1011 1 1032 2 1074
244 15 2 1 794 1 946 1 861 3 1286 1 1206 3 605 2 725 2 429 3 782 1 1411 3 708 1 77 2 893 2 1484 1 525
245 15 3 2 91 2 580 1 917 2 806 1 899 1 975 2 753 3 1413 2 157 1 1061 6 1373 4 1299 1 792 2 1148 1 128
246 15 5 1 99 1 510 1 1021 14 277 8 988 1 661 2 387 7 267 5 444 5 259 3 965 1 355 1 1008 2 1160 2 444
247 15 3 1 428 2 790 3 189 4 620 2 1198 2 428 1 1459 4 665 2 504 3 253 1 1182 2 246 3 1394 2 61 4 94
248 15 2 1 1178 4 512 1 1043 7 19 2 1006 2 949 1 721 1 230 2 843 1 1275 1 409 1 822 1 1460 1 1323 1 1272
249 15 3 7 375 3 1326 4 321 1 102 2 1284 1 68 1 529 2 1249 1 696 4 621 1 500 1 200 3 963 6 37 1 363
250 15 3 1 428 1 1088 8 589 1 565 4 1214 4 712 4 736 1 120 1 666 1 882 3 294 2 204 3 1222 1 207 3 455
251 15 3 2 1240 1 1462 3 1418 3 1246 3 1365 1 337 3 182 2 1105 3 760 5 523 1 305 2 1393 1 1320 1 517 2 410
252 15 4 5 443 1 83 5 735 3 1227 3 714 7 826 1 833 2 688 1 667 3 1220 6 16 1 368 1 352 3 47 1 553
253 15 2 1 499 1 1072 1 425 4 503 2 769 2 1170 2 239 2 1230 1 356 3 242 1 1482 4 1235 1 1168 2 306 2 920
254 15 3 2 371 1 959 3 1135 1 220 1 889 2 984 4 451 1 1080 3 714 2 1079 2 1428 4 466 2 1407 1 1486 2 1012
255 15 4 1 336 1 1430 1 1399 2 1037 2 1064 1 709 4 559 3 757 7 925 3 127 1 1005 9 1346 2 1399 5 1150 3 738
256 15 3 4 6 1 397 2 783 2 1340 3 1359 1 1351 1 373 1 1228 6 523 1 789 4 1216 2 1475 1 288 1 92 2 162
257 15 2 5 1229 1 688 3 1470 2 907 1 653 1 503 1 139 5 860 2 712 2 1442 1 794 2 1174 1 1474 1 1180 1 983
258 15 3 5 1254 2 434 1 391 2 1215 2 1425 5 517 6 594 1 573 1 915 1 1281 1 964 4 28 3 334 2 1360 2 1081
259 15 2 4 243 2 1072 1 1165 1 251 1 451 1 1072 2 174 2 75 3 1327 1 783 1 814 1 384 1 1500 1 617 1 103
260 15 2 1 148 1 825 1 1050 3 848 2 358 6 153 1 1450 1 552 4 482 1 49 1 1288 1 1198 2 420 1 538 2 830
261 15 2 4 417 1 50 2 147 1 1298 1 1331 1 859 3 72 1 587 1 302 5 748 1 957 1 927 1 778 1 499 3 28
262 15 3 2 460 1 982 3 311 1 517 1 553 1 1116 3 659 1 1005 1 306 4 161 2 782 2 538 7 143 1 304 1 200
263 15 3 1 1188 1 1497 3 406 3 266 2 840 1 418 3 1112 1 491 3 507 1 997 6 1057 4 1316 2 920 3 6 4 884
264 15 3 2 643 5 995 2 1073 1 231 5 124 6 795 1 643 1 1338 2 20 3 285 1 1333 1 608 4 424 1 353 1 917
265 15 3 3 1465 1 1331 1 1001 2 1381 2 499 4 618 1 1353 4 738 1 1351 2 940 3 995 2 868 2 420 3 845 3 68
266 15 4 1 1392 1 895 3 1292 1 295 1 553 3 1193 7 389 2 544 7 712 1 600 1 1213 10 1029 1 415 7 176 1 322
267 15 2 2 591 2 1034 1 768 2 1383 2 152 1 1345 1 1203 1 611 1 860 2 677 2 1361 1 1042 1 460 1 850 1 486
268 15 3 6 241 2 887 1 119 1 179 1 643 2 819 1 749 2 1252 1 566 2 672 1 142 1 568 1 474 3 340 5 417
269 15 3 1 1246 1 1463 2 1356 2 1318 2 216 6 267 3 633 2 1077 2 127 1 1029 2 398 3 1096 1 1432 1 115 2 545
270 15 3 2 726 2 1003 1 1133 3 98 3 563 1 474 1 714 2 1476 7 504 4 1018 2 1364 2 515 3 660 1 992 1 1111
271 15 4 5 339 2 834 1 165 1 480 6 780 2 19 1 731 4 489 10 1061 1 1381 1 1463 1 526 3 339 4 317 2 634
272 15 3 5 1430 2 1114 1 713 3 1137 1 994 1 512 8 149 2 471 1 130 1 739 1 1367 1 277 1 1175 3 987 2 877
273 15 3 4 1199 1 1030 2 1194 1 773 4 1060 1 254 3 560 1 10 1 9 1 388 4 1149 3 969 1 174 2 1175 1 535
274 15 3 1 557 2 310 5 922 1 70 2 1139 5 1485 1 149 2 853 1 321 3 890 1 923 1 174 1 1100 7 1055 1 521
275 15 2 1 1213 1 907 1 1098 1 776 5 250 1 571 1 61 2 1184 1 1167 1 1366 3 389 2 1151 2 768 1 1354 1 653
276 15 3 3 1420 1 7 4 96 4 864 1 379 1 725 1 247 5 865 3 149 1 1285 1 1484 4 1067 2 833 2 307 3 434
277 15 3 1 526 1 775 1 104 2 1237 4 1203 2 498 2 639 4 63 2 989 3 938 3 398 1 504 1 1026 1 960 2 32
278 15 2 1 1142 2 452 1 221 1 1211 1 912 4 934 2 385 1 1374 1 1406 1 906 1 259 1 1250 4 567 1 893 4 1179
279 15 3 1 372 1 1337 1 555 5 118 1 305 1 141 4 70 1 744 2 961 1 1240 1 1298 1 863 1 856 1 517 11 478
280 15 3 2 610 3 1341 1 830 4 861 1 996 1 819 1 468 5 1006 3 1371 4 525 1 385 1 4 1 522 5 1232 1 1366
281 15 3 1 759 1 342 4 1249 3 284 4 421 2 724 1 1057 2 60 1 798 2 1486 2 896 2 300 1 831 3 732 1 590
282 15 3 4 281 1 89 3 874 3 1235 1 203 1 1330 1 115 1 564 2 1184 4 36 3 790 2 145 1 395 4 1106 8 107
283 15 3 2 234 2 99 2 331 5 608 3 1103 1 351 2 460 3 1270 1 1232 1 1368 1 119 1 428 4 25 2 304 4 1012
284 15 3 5 1394 2 260 2 922 1 1011 4 18 4 384 5 1422 1 23 1 1367 1 1466 1 1482 2 816 1 222 3 881 3 1300
285 15 4 2 578 2 162 2 385 11 722 1 800 5 730 4 538 1 378 2 416 2 1356 2 1190 2 989 2 1063 2 995 3 880
286 15 2 1 873 1 1281 2 104 3 1241 2 788 1 65 3 294 1 345 4 931 2 1402 1 94 1 855 2 991 1 176 1 517
287 15 3 1 165 3 691 1 175 4 1264 2 867 3 173 2 1021 1 833 1 490 6 151 1 567 1 1450 3 1220 3 53 2 83
288 15 2 1 266 5 832 1 714 1 6 3 273 2 1402 2 1428 2 478 2 402 1 997 3 161 2 557 1 360 2 692 1 960
289 15 2 1 1315 1 471 3 1469 2 1470 1 389 1 1274 4 241 3 775 1 1194 1 982 3 1020 1 461 1 783 2 280 1 1113
290 15 2 2 309 1 1024 1 294 1 1139 2 590 1 998 2 716 4 1106 2 285 1 20 3 132 3 738 1 1196 1 811 2 456
291 15 2 5 412 2 737 2 1080 1 101 1 1041 1 717 1 90 2 733 3 1016 1 403 1 698 1 431 1 618 3 53 3 545
292 15 3 3 197 1 687 3 1470 3 218 1 46 4 578 1 658 1 116 1 95 7 1038 3 442 2 610 1 747 2 1001 1 263
293 15 3 7 64 1 135 2 1249 1 867 6 199 1 824 6 542 3 925 3 1452 1 179 3 105 1 376 1 1250 2 329 1 206
294 15 3 1 147 3 660 1 172 3 420 5 1183 1 546 2 300 1 657 1 884 2 1108 5 1323 1 1163 4 1095 1 109 2 18
295 15 4 4 1328 2 138 7 1435 2 1225 4 1333 1 1372 1 14 11 232 1 156 2 1352 2 1056 1 1120 3 328 1 1033 1 1199
296 15 2 1 669 1 370 7 178 2 203 2 1180 1 315 1 1042 2 229 1 546 2 420 2 303 1 1074 1 372 1 237 4 432
297 15 3 1 421 1 496 1 1180 6 1291 4 579 6 1062 1 1472 1 344 1 124 1 1381 2 921 2 1355 2 855 3 402 1 1263
298 15 3 4 505 2 927 1 238 4 939 1 1128 2 617 2 980 4 549 1 851 1 1106 3 12 3 1041 1 1031 2 346 2 93
299 15 3 2 815 1 1374 1 1123 7 561 1 719 2 616 1 1063 1 68 3 829 4 552 2 1379 3 422 1 945 1 557 2 411
300 15 3 1 863 3 214 3 1038 1 980 1 717 1 871 7 1217 1 453 1 1308 3 1075 1 1085 3 673 1 165 1 331 2 1176
301 15 3 3 1107 4 1386 4 1364 3 1357 2 899 3 612 2 1262 1 399 1 96 1 407 2 966 2 170 6 1418 1 658 1 247
302 15 3 1 904 1 760 1 354 7 1279 2 944 1 843 4 778 1 97 1 1031 2 964 2 769 3 1416 1 398 3 1289 1 233
303 15 3 2 1024 1 423 3 429 1 1306 2 365 3 904 4 1401 1 1446 1 1231 2 1193 5 771 2 1014 1 392 7 749 1 1187
304 15 3 1 1499 3 235 1 565 3 34 1 650 3 553 2 1484 1 1110 5 662 1 1372 1 982 1 1076 1 496 5 53 1 492
305 15 3 1 1237 4 238 3 243 1 1198 2 1050 2 1488 1 875 2 880 5 564 2 1006 1 39 1 1461 1 457 2 1416 3 761
306 15 3 4 1217 2 1027 3 791 3 817 2 265 3 1066 1 1167 4 907 1 597 2 1002 1 1403 2 1112 2 517 2 741 1 1149
307 15 3 2 914 5 423 1 941 3 1153 1 861 6 628 2 1222 2 747 1 51 1 692 2 343 1 638 4 920 1 139 1 49
308 15 3 2 445 1 548 1 1032 1 84 4 1007 5 435 3 1307 3 670 1 147 1 1151 2 1375 1 47 2 553 2 11 2 337
309 15 2 1 461 2 1487 3 1493 1 372 3 1393 1 562 3 1244 1 267 1 684 2 442 1 796 2 372 2 306 3 126 3 1189
310 15 3 1 500 2 1316 5 298 3 448 1 219 1 105 1 1384 2 992 5 814 1 505 1 1129 3 678 2 729 1 939 1 897
311 15 3 3 1246 6 461 2 1141 2 1231 1 1087 2 1045 1 301 2 1120 2 523 3 99 2 1048 9 1221 1 926 1 1418 1 582
312 15 3 1 1412 1 15 3 195 1 1181 3 972 3 139 1 214 3 374 2 216 1 1466 1 1216 5 429 1 241 4 1227 2 1332
313 15 4 3 178 2 1071 1 1432 1 545 2 1001 2 1088 2 400 8 1292 3 880 1 1005 11 43 6 1266 1 801 1 1345 2 323
314 15 3 4 1434 3 107 2 380 2 1102 1 906 3 1189 3 1139 3 540 1 657 1 1183 1 1484 2 1050 1 1446 2 1189 1 216
315 15 3 1 739 3 747 4 1006 5 654 1 721 1 1112 6 1335 1 746 3 91 1 421 2 1083 1 1286 3 1256 1 599 6 1349
316 15 3 2 236 3 55 1 375 1 714 7 406 1 1431 1 945 2 196 1 1090 2 850 2 1041 2 1027 6 452 6 1193 1 877
317 15 3 1 1183 3 867 3 48 2 1167 5 1034 1 161 1 429 5 1083 1 439 1 1328 1 1497 2 1452 4 1064 1 1244 2 1101
318 15 3 1 937 2 891 3 252 2 1475 2 767 2 218 2 690 4 646 3 612 1 1367 1 535 3 27 2 1415 1 1171 3 1317
319 15 2 1 930 1 122 1 165 3 1305 2 448 1 1412 1 606 5 125 1 1193 2 1226 1 1033 5 1397 1 1332 2 385 1 637
320 15 2 1 932 2 496 1 888 1 1015 1 270 2 1409 5 1425 1 334 1 891 5 683 1 1200 1 1172 2 1117 1 805 1 1142
321 15 3 2 119 2 871 2 851 4 351 1 1263 4 1223 3 1098 1 1179 2 155 1 1475 1 639 2 22 1 750 2 773 6 1220
322 15 2 1 567 1 1297 4 769 1 320 1 565 1 1124 2 861 1 586 2 1016 1 768 1 296 4 572 1 1392 3 1314 1 1286
323 15 3 3 1037 1 384 1 49 1 1250 1 1224 1 1175 1 654 2 1109 2 1454 4 1278 2 929 3 1407 1 247 7 80 1 1492
324 15 3 5 948 2 1490 2 859 1 510 1 62 2 434 2 114 1 1023 7 593 4 381 2 1021 1 1006 2 1093 2 1303 1 1496
325 15 3 2 511 4 796 1 1216 3 509 1 748 1 793 3 1360 1 970 1 1482 6 1238 1 1360 2 1363 2 645 2 1000 2 61
326 15 2 1 311 1 796 4 667 1 936 1 1260 1 116 2 862 1 439 1 247 2 1360 2 1012 1 81 2 677 6 1064 1 1445
327 15 2 1 901 1 867 1 112 1 530 1 320 2 1112 6 1284 1 884 1 1390 2 1352 2 1060 5 920 2 648 1 1282 1 953
328 15 3 3 709 3 1346 1 773 2 906 1 485 1 1035 1 124 4 1467 4 94 1 571 6 551 1 90 1 1090 3 1265 1 1351
329 15 2 1 727 3 543 2 1099 2 1059 2 353 1 46 3 768 2 606 3 247 1 494 2 122 1 59 1 1039 4 1248 1 426
330 15 3 1 238 2 1131 2 1396 2 1304 3 1460 1 377 1 1030 3 266 2 1479 3 745 3 726 1 107 1 380 2 1170 3 945
331 15 3 3 329 4 573 1 870 1 677 2 1019 4 830 1 1366 4 990 1 1086 3 1033 3 681 2 1366 3 586 3 1279 4 25
332 15 3 3 443 2 481 4 1408 6 1135 1 66 2 1418 2 714 1 948 1 692 4 1342 4 134 1 1411 1 557 2 6 1 476
333 15 3 5 830 5 417 1 1211 2 679 1 526 1 1307 2 906 1 657 10 882 1 1236 2 793 1 946 2 359 2 132 1 348
334 15 3 4 703 2 568 2 1355 2 1325 1 312 2 1322 3 971 2 360 2 755 1 1394 2 574 1 717 3 843 1 677 3 1132
335 15 3 1 18 2 42 5 1328 2 842 1 933 2 83 1 691 3 785 2 1159 4 14 2 681 2 1457 7 854 1 167 3 1076
336 15 3 1 362 1 504 4 252 1 725 2 978 3 478 8 1494 1 889 3 940 1 308 3 425 2 662 1 1334 1 864 1 843
337 15 2 1 204 1 776 1 1133 2 467 3 184 1 638 1 789 3 350 1 1166 2 368 3 1118 1 641 2 235 1 1009 2 398
338 15 3 3 1310 1 411 1 1306 4 290 2 138 2 899 2 734 1 870 1 954 6 639 2 493 2 427 2 1154 1 415 1 719
339 15 3 1 651 3 515 2 1387 2 208 2 1045 1 735 1 168 4 617 2 410 2 365 2 98 1 380 4 967 2 1118 1 437
340 15 3 1 1255 2 787 1 353 3 1153 4 1306 2 772 1 104 3 964 3 321 2 1353 3 772 1 162 1 261 1 1144 2 633
341 15 3 1 1328 1 952 4 1377 2 389 4 1301 1 1395 1 314 1 600 3 458 2 649 4 105 1 1051 1 1117 3 711 1 1173
342 15 3 3 1173 3 199 1 1034 1 341 5 247 3 288 2 754 2 979 2 1483 1 748 1 1251 4 221 2 687 2 1431 3 489
343 15 2 5 862 1 1175 2 1252 2 1190 1 937 2 359 2 470 2 571 1 438 2 761 1 302 3 773 2 1329 1 1253 1 484
344 15 4 1 938 11 437 1 1222 1 782 1 305 1 1323 2 1045 3 1382 4 767 5 1428 3 559 1 1335 1 140 1 1132 4 994
345 15 3 1 1394 1 715 2 1022 1 807 1 79 4 976 2 1116 1 1447 1 458 1 118 2 644 2 25 5 1333 3 1048 7 940
346 15 3 1 762 2 117 3 1045 1 645 2 1238 3 219 1 457 1 710 4 1285 4 1402 5 685 3 818 2 343 2 1090 1 274
347 15 4 4 1342 1 237 3 257 1 845 2 825 2 540 2 267 4 1406 3 652 1 611 1 1012 9 912 1 262 2 112 5 1215
348 15 4 2 598 2 637 2 1053 2 1377 2 921 2 1237 3 187 4 822 2 22 1 719 5 1425 5 1298 4 236 2 276 3 998
349 15 2 1 1056 1 88 4 1056 1 528 4 940 1 246 1 1420 3 1407 1 1029 1 375 1 1320 1 724 1 334 1 1018 1 1365
350 15 3 1 401 1 705 1 259 2 863 3 395 1 651 6 772 2 1187 1 849 1 528 1 1400 1 368 1 1450 4 1084 4 829
351 15 4 2 414 4 1314 9 1460 1 971 12 2 1 589 1 770 2 1225 3 234 2 1339 1 744 1 113 2 769 2 1416 1 882
352 15 3 1 1152 1 706 1 869 3 360 3 943 5 1404 3 822 1 863 2 1417 1 650 1 739 4 893 3 933 2 116 6 13
353 15 2 3 1113 1 449 1 663 1 483 1 1118 5 849 1 452 2 438 1 1482 2 182 1 857 2 1109 1 734 2 1065 2 1488
354 15 2 3 233 1 1236 3 305 1 1128 3 492 1 546 4 676 2 99 1 1158 1 970 1 1418 1 722 2 292 2 1055 1 959
355 15 2 1 855 3 1180 1 154 1 148 1 411 1 24 4 422 1 66 2 51 1 1205 4 871 1 915 1 175 3 360 2 216
356 15 2 2 1224 3 1228 2 780 1 1220 1 432 1 1055 2 1169 1 126 1 1119 1 912 2 1291 1 552 1 919 4 484 2 608
357 15 2 1 633 3 397 1 833 2 210 1 538 1 657 1 270 6 1061 1 461 1 53 1 518 1 934 3 1320 1 357 3 1465
358 15 4 3 584 3 1081 3 321 2 59 3 143 2 60 1 1215 1 423 4 1455 2 663 8 1235 4 756 4 644 2 1424 1 264
359 15 3 1 1026 1 1215 2 758 4 865 1 635 3 524 1 1198 1 751 2 346 2 1364 2 662 1 1357 4 138 1 503 6 1029
360 15 2 1 516 4 162 1 1323 3 144 1 1059 3 739 2 275 5 267 1 227 1 353 1 1288 1 1188 1 377 1 431 2 626
361 15 3 1 777 2 45 1 1226 1 472 3 104 1 21 1 669 1 65 2 1297 1 192 1 472 4 521 2 237 1 799 9 921
362 15 2 1 579 1 793 3 350 2 260 1 227 1 1003 1 969 2 669 3 135 1 725 1 258 1 1333 2 1354 5 71 1 1078
363 15 2 2 528 1 1429 2 1028 2 1322 1 902 1 1173 1 393 4 1484 1 432 3 1330 1 55 1 308 1 79 3 825 1 156
364 15 3 1 1474 6 482 1 774 3 495 2 255 1 1333 2 1189 1 1500 2 939 2 1408 3 1163 3 23 2 1235 7 1479 1 64
365 15 3 1 103 1 697 7 1401 2 598 3 164 2 1303 1 430 1 1015 1 244 1 907 6 656 1 944 1 457 3 793 2 342
366 15 2 1 704 2 474 2 205 1 514 5 722 1 1176 1 728 1 605 1 657 4 577 1 1174 3 257 2 1172 1 876 1 1078
367 15 2 2 1499 2 360 1 505 1 198 2 594 1 1175 3 111 3 1475 1 416 2 1464 1 1325 1 712 2 845 1 1432 2 895
368 15 3 1 1155 5 1396 1 31 1 1309 2 717 1 1014 6 1279 2 79 1 1446 1 502 2 1118 3 1193 1 1309 3 292 1 1416
369 15 4 2 1470 5 1481 1 758 2 548 3 1270 2 184 1 98 1 248 3 853 3 928 1 327 1 321 1 1412 1 32 14 679
370 15 3 1 174 1 1078 7 1397 1 593 5 758 3 62 1 1041 2 1433 1 1436 3 1083 1 1217 2 101 8 1178 2 832 1 880
371 15 2 1 1127 1 1026 1 1282 1 1334 1 946 2 1436 1 851 1 567 1 508 6 769 1 1191 2 1136 3 406 4 1278 1 481
372 15 2 1 916 1 472 2 646 4 859 4 1482 4 433 1 1011 1 443 1 776 3 835 1 802 1 1197 1 1135 2 1291 1 114
373 15 4 6 1444 1 202 3 52 1 137 8 217 2 48 4 339 3 564 1 1003 2 322 4 1072 1 506 1 348 2 1463 1 14
374 15 4 4 1331 4 712 2 630 1 341 2 482 1 1421 1 1005 6 562 3 1236 6 668 2 1434 2 961 2 248 3 44 2 1069
375 15 3 1 1133 1 524 3 1138 6 269 3 1293 1 978 1 398 3 1426 2 738 1 706 2 465 4 1220 1 1013 2 226 4 606
376 15 2 1 1197 2 1294 1 1297 1 748 1 774 1 551 2 327 1 232 7 1085 1 1247 1 500 2 526 3 743 1 692 3 1003
377 15 3 6 281 1 985 2 424 4 439 3 949 3 1401 3 735 1 573 1 488 5 764 1 505 1 104 2 677 1 1039 1 88
378 15 2 2 857 1 132 3 503 1 194 1 1036 1 78 2 671 1 386 1 868 1 763 4 1446 1 6 1 1500 2 1381 2 1020
379 15 3 1 53 1 165 6 262 4 855 4 576 1 1443 2 1114 1 76 2 605 3 753 2 577 2 665 2 793 4 1276 4 1302
380 15 2 1 69 3 882 3 411 1 843 2 237 1 1253 4 1453 2 16 1 787 2 677 1 427 2 785 2 1428 1 595 2 1316
381 15 3 2 1127 3 1241 3 725 1 1113 3 510 3 1293 2 804 5 506 1 473 7 728 1 1134 2 492 1 1391 2 58 2 919
382 15 4 3 51 5 413 4 832 3 494 4 1290 7 1474 5 897 1 853 4 938 4 1417 2 1306 2 490 1 916 1 398 1 127
383 15 3 3 1392 2 85 1 599 1 852 1 1455 2 170 5 181 1 1246 1 402 1 15 1 1331 1 1451 2 811 5 583 3 1035
384 15 3 1 434 1 999 1 601 4 1446 1 610 1 265 3 45 4 649 1 200 7 432 4 1215 1 1176 1 1172 4 739 1 111
385 15 5 5 809 4 860 1 115 9 1298 1 963 2 452 2 1053 4 613 1 646 4 465 2 104 6 270 3 639 3 587 3 1214
386 15 2 1 411 3 419 2 501 2 126 5 776 1 1267 1 795 2 139 2 489 1 843 1 445 2 298 1 1294 1 783 3 58
387 15 2 2 1186 2 393 1 1388 2 31 2 446 1 342 3 1160 6 306 1 422 1 1411 1 780 1 632 2 1397 1 34 2 894
388 15 3 3 1155 2 192 2 315 2 87 1 821 1 777 3 646 2 1100 1 1 5 1121 2 517 3 1431 1 1343 2 293 1 243
389 15 3 2 1461 1 289 2 1391 3 1094 1 384 4 1216 4 774 8 434 1 1464 2 1097 1 736 1 585 4 62 1 1378 1 90
390 15 3 2 52 2 61 3 671 1 245 1 1111 3 1301 2 1257 1 543 1 696 1 480 6 523 2 1354 1 295 3 1137 2 554
391 15 4 4 629 1 267 6 843 3 1044 1 854 2 225 1 964 3 285 5 1140 1 44 4 732 1 532 1 1009 1 916 8 999
392 15 3 2 661 1 535 2 339 2 524 1 254 3 814 4 1197 3 232 2 247 2 1359 1 255 4 1416 1 474 1 1307 1 481
393 15 4 5 31 1 124 3 1095 6 972 1 919 1 1192 1 395 3 1275 2 348 2 328 2 154 2 34 11 1365 1 46 4 1001
394 15 4 2 250 1 1359 1 539 1 386 1 1436 4 1482 7 1373 4 1196 4 897 4 1044 1 1357 2 188 2 1203 5 928 1 318
395 15 2 1 199 2 282 1 407 5 1080 3 618 3 1241 1 143 3 81 1 1018 2 952 1 932 1 396 1 367 2 900 1 1124
396 15 3 2 310 3 937 1 390 1 165 1 785 2 732 5 1020 5 824 1 687 2 1411 2 1341 1 1055 2 1467 4 455 1 1225
397 15 3 1 836 5 944 1 39 2 515 1 655 1 1471 2 1160 6 369 2 993 1 1029 2 1166 2 623 4 7 1 1483 3 1204
398 15 1 2 148 1 428 1 130 1 586 2 1179 1 702 1 1187 1 634 2 693 1 259 1 213 1 1446 1 497 2 1098 1 1385
399 15 4 1 523 1 929 5 1014 2 1094 1 1500 1 1278 3 334 2 930 5 1355 2 1308 9 1055 2 932 5 1439 1 594 2 1373
400 15 3 1 111 1 219 4 1374 1 1213 7 516 2 957 4 173 1 307 5 423 2 568 1 990 1 1282 1 1169 1 1442 3 1018
401 15 2 1 269 1 1020 2 748 3 1291 3 1179 2 480 1 1091 1 1222 2 505 2 1249 2 84 1 1368 2 1058 1 1254 2 231
402 15 2 2 1472 1 384 1 885 1 970 2 519 1 199 2 393 1 701 1 1370 1 1049 1 949 3 766 1 660 5 854 1 1388
403 15 3 6 656 1 573 1 1242 2 1450 2 1335 2 117 3 1474 3 225 3 1075 2 308 2 290 1 1469 1 1160 3 1444 1 19
404 15 3 2 60 9 721 2 1447 3 1126 3 844 1 995 1 300 5 1439 2 379 1 266 1 557 2 246 2 1225 2 1283 1 39
405 15 3 2 1058 2 1153 3 83 5 644 1 337 1 780 1 1475 3 631 1 46 3 959 5 719 1 439 1 1147 4 1294 1 79
406 15 3 1 1245 1 1463 8 741 2 413 1 1171 7 1202 1 1155 2 239 2 59 2 260 2 150 1 204 2 815 3 980 1 405
407 15 3 2 125 1 919 4 492 4 326 1 834 2 781 2 313 1 1164 2 1449 1 416 2 501 1 223 3 1155 5 454 1 299
408 15 3 1 1053 2 253 1 1326 2 592 1 1420 5 1161 2 1012 4 1044 2 1182 1 130 6 676 1 971 1 780 1 406 1 421
409 15 3 1 801 1 118 1 312 4 673 2 513 5 1246 2 567 2 408 1 772 3 490 2 574 1 640 3 1010 2 1319 3 204
410 15 3 3 686 1 686 1 529 1 479 1 74 6 235 1 1322 1 1098 3 1230 6 605 1 272 2 193 1 593 1 737 3 259
411 15 2 2 1289 2 70 1 1032 1 416 2 950 1 1239 4 685 3 11 1 1000 3 427 1 1371 1 907 2 103 1 421 1 698
412 15 3 3 1026 1 651 6 1380 2 1110 2 675 2 730 1 378 1 277 3 1402 2 689 3 1201 1 693 8 587 1 946 1 659
413 15 2 2 49 3 809 1 504 1 868 1 339 1 143 1 1206 2 51 1 21 1 102 1 128 5 153 3 391 2 665 3 898
414 15 3 1 1020 1 22 1 1153 6 586 1 181 3 905 6 701 1 1454 1 359 1 761 1 1365 9 515 1 1499 1 469 1 153
415 15 3 10 1494 1 298 3 444 1 357 3 604 2 1383 3 973 1 420 2 1005 1 1180 1 330 1 121 1 1257 1 47 1 28
416 15 3 5 1320 4 133 1 50 2 576 1 565 4 478 1 1280 5 932 2 323 2 1409 2 1468 2 1044 2 506 1 170 1 876
417 15 3 4 445 1 1173 1 251 1 431 9 678 2 125 1 1155 2 99 1 276 1 1099 1 1119 3 497 1 1014 1 537 1 62
418 15 2 1 867 3 861 1 1360 1 948 1 1242 4 281 1 480 2 111 1 1155 2 1083 1 368 2 1377 1 1377 1 691 3 63
419 15 3 1 1498 6 731 1 1020 2 487 1 935 1 448 1 1217 1 552 1 926 1 1024 1 118 3 1266 6 1498 5 24 1 634
420 15 3 3 1118 2 512 1 32 3 914 1 1398 1 750 1 433 3 582 5 685 2 945 1 1449 1 1325 5 605 1 724 1 1136
421 15 3 3 147 2 1402 3 1078 1 992 4 1383 2 561 2 313 1 1146 3 301 6 855 2 305 1 881 3 1109 5 158 1 467
422 15 3 1 1488 2 643 5 1494 1 755 6 282 1 367 1 919 1 612 2 1331 1 59 2 1357 1 777 2 122 1 372 3 315
423 15 4 2 552 1 67 3 905 3 754 7 120 2 986 1 1052 4 782 3 770 3 228 3 984 5 427 1 1415 2 1008 2 613
424 15 2 2 801 1 1073 2 82 4 1458 1 1093 1 41 1 348 1 1078 3 1334 2 987 1 926 1 910 1 317 2 1119 1 503
425 15 2 1 655 3 160 1 978 2 201 3 1487 1 33 1 797 7 769 1 792 1 1479 1 824 1 92 2 1475 2 1142 2 1358
426 15 3 2 196 1 793 1 328 5 424 4 1004 7 116 2 94 1 599 1 1007 1 941 1 1328 2 1276 1 403 3 930 3 1335
427 15 2 1 765 2 490 4 1 1 409 1 715 1 685 4 586 1 1157 2 59 1 61 1 637 1 1374 1 279 1 767 4 316
428 15 5 5 902 2 1121 1 1286 1 705 6 1162 3 582 4 425 3 699 1 519 2 67 12 337 4 957 2 979 1 125 6 656
429 15 3 1 1321 3 1435 2 1435 2 191 1 1471 1 686 3 775 3 131 2 113 3 1167 1 1013 2 705 1 248 4 128 3 961
430 15 3 4 126 1 1060 1 206 1 676 3 598 1 134 2 913 4 86 3 34 1 561 4 205 5 452 2 949 1 1267 1 1457
431 15 3 7 4 1 127 3 1209 3 206 1 352 5 682 1 823 1 21 1 465 2 702 4 922 2 869 2 1013 1 1040 1 525
432 15 2 1 16 3 1353 2 239 1 478 1 757 1 1133 2 869 1 980 1 17 3 1113 2 1448 1 147 1 501 4 570 1 456
433 15 2 1 381 2 1040 1 828 1 174 1 797 1 323 2 488 1 451 4 602 7 1316 2 1374 2 473 1 872 1 573 2 1384
434 15 2 1 205 1 159 1 1371 1 1433 8 770 1 507 1 1421 2 1242 1 10 1 346 1 660 2 912 2 61 5 916 1 948
435 15 3 2 1222 4 933 1 623 5 467 1 740 3 335 2 1005 3 384 1 1429 2 468 4 64 3 606 2 414 2 1245 2 1190
436 15 3 2 673 1 166 1 887 3 840 3 248 1 1323 1 1017 3 982 3 507 1 551 2 485 6 1227 4 1379 1 6 2 256
437 15 3 1 1048 2 664 1 464 2 1209 1 57 2 527 1 329 3 13 6 1083 4 337 1 792 2 1425 2 1207 1 974 2 12
438 15 3 1 74 3 1171 3 1464 10 193 1 571 3 471 1 880 2 519 1 1102 1 627 1 893 1 364 4 118 1 1320 4 1192
439 15 3 1 1203 6 442 2 1371 1 1116 4 816 1 392 1 1151 6 786 3 27 1 1366 2 417 1 380 1 294 1 673 1 621
440 15 3 2 1187 1 215 1 866 2 1187 11 111 2 309 1 938 1 170 1 278 1 1105 1 316 2 916 1 819 1 157 2 953
441 15 3 1 136 1 1128 1 1316 1 511 1 1167 1 832 7 1023 3 1245 2 139 4 468 3 245 1 584 2 938 1 1047 1 375
442 15 3 3 1096 1 613 1 879 3 1055 1 616 3 796 1 977 11 459 1 315 2 266 1 107 2 323 1 1129 1 695 1 1383
443 15 3 5 529 1 212 4 1001 3 97 1 594 2 997 1 1179 3 1013 1 327 2 1399 1 359 2 1441 1 1404 2 687 2 630
444 15 3 3 833 1 855 2 300 2 1058 2 1102 2 1046 7 1499 4 1348 2 626 3 1113 1 337 5 527 1 239 1 53 2 919
445 15 3 1 744 1 1183 4 1420 1 216 4 1228 1 1378 2 154 1 77 2 702 3 524 3 1175 1 982 1 750 7 436 4 1197
446 15 3 6 127 1 691 6 593 1 803 1 699 3 159 1 1498 2 338 1 799 3 876 3 1008 3 1040 4 92 3 156 1 782
447 15 4 5 741 4 981 3 302 3 1060 2 612 1 14 4 777 1 999 2 774 1 178 2 853 1 529 5 369 5 762 1 252
448 15 3 1 25 3 667 1 1483 3 748 3 796 1 56 2 534 1 494 2 1189 1 285 5 84 2 203 3 367 2 941 2 525
449 15 3 1 561 3 188 1 212 2 277 1 488 3 459 1 225 1 19 4 1021 2 1101 4 1024 2 1450 1 453 2 677 2 1314
450 15 3 1 464 1 992 1 134 2 649 5 1494 1 1158 2 481 1 949 4 433 3 128 3 528 1 893 3 511 3 216 1 1328
451 15 2 5 1267 1 629 1 567 1 362 1 33 2 21 1 522 3 777 2 988 1 845 1 310 1 1197 3 94 1 542 1 827
452 15 4 9 487 2 346 1 920 2 1448 4 648 2 637 3 398 3 857 1 246 2 1217 4 731 2 633 2 619 2 1226 1 1404
453 15 2 1 424 3 291 1 1256 5 468 1 1131 1 576 2 897 1 127 5 223 1 690 2 1413 1 467 1 1349 1 1066 1 626
454 15 3 3 455 1 797 5 1002 1 1193 1 669 3 1250 4 394 1 1253 3 1048 1 1147 1 496 1 978 3 1237 1 1033 2 227
455 15 3 1 93 1 137 4 575 1 1292 2 632 2 520 3 1255 1 853 2 1325 3 177 7 346 1 260 5 598 2 1404 2 1413
456 15 3 3 1468 1 299 2 1455 6 1440 1 822 2 216 2 768 1 133 1 1016 2 1158 9 551 1 13 1 20 1 1234 2 812
457 15 3 3 571 1 53 3 407 2 1141 2 951 2 1387 1 105 1 1348 3 1226 7 819 3 39 1 1112 2 1253 3 1451 1 371
458 15 2 1 736 3 1364 1 1125 1 578 1 1349 1 147 2 272 1 1333 1 1285 1 663 1 830 2 1105 1 203 9 289 3 1474
459 15 3 3 56 2 1477 1 1237 2 1327 3 1303 2 1154 4 240 1 866 2 1276 2 540 2 1119 2 120 2 898 4 152 1 934
460 15 2 4 1356 1 592 3 529 1 1060 1 1302 1 826 1 1331 2 254 1 900 1 90 1 1311 1 42 2 61 3 99 1 917
461 15 3 2 584 4 1201 5 218 1 935 1 1100 1 1066 4 805 3 1159 3 1259 1 1353 1 230 1 333 5 1154 4 1362 2 210
462 15 2 1 853 1 876 3 1224 1 844 2 84 2 1282 3 24 1 41 1 768 1 682 1 884 2 931 2 696 1 1385 1 162
463 15 3 1 25 1 1364 1 1033 1 234 7 1104 4 825 1 1482 3 667 1 259 2 639 1 1169 1 94 1 967 2 578 4 1021
464 15 2 1 947 2 463 2 885 1 85 1 565 2 318 3 880 2 438 5 125 1 1319 1 122 3 616 1 611 3 486 1 979
465 15 2 3 800 1 848 2 628 2 1080 1 1498 4 155 1 906 1 353 1 1347 1 1009 1 62 1 671 1 979 1 322 2 503
466 15 3 2 1274 1 351 4 410 4 1012 1 1416 2 757 3 414 3 1026 1 1496 4 32 1 1186 2 483 3 1133 2 411 1 706
467 15 2 3 256 2 172 2 174 3 1041 1 1124 1 376 3 1007 1 927 5 222 1 1200 1 1035 1 670 1 1112 1 752 1 1108
468 15 3 2 1415 1 1487 1 768 2 1112 3 1349 1 1103 2 1308 1 708 3 241 3 1322 4 214 4 679 1 778 1 903 1 617
469 15 3 1 872 1 448 2 1265 2 889 1 1067 2 1196 1 248 2 1136 1 370 2 699 3 751 4 968 2 812 3 60 6 1226
470 15 4 2 730 1 242 1 570 4 921 6 50 1 1446 2 120 1 733 2 1280 6 1305 1 423 1 1153 10 1387 1 238 1 763
471 15 3 4 1251 1 1399 2 1184 3 1318 1 1053 2 1082 3 1028 1 164 1 911 5 815 2 259 1 760 2 1064 1 107 5 258
472 15 3 1 361 1 1111 2 1347 2 400 3 660 1 694 1 240 3 262 3 1390 2 995 2 442 3 166 2 392 6 263 2 280
473 15 2 1 1470 2 131 4 673 1 1483 1 985 2 830 2 934 1 1258 1 955 1 1059 4 18 4 276 1 622 1 543 3 827
474 15 3 1 989 1 316 1 305 2 684 2 599 1 1116 2 180 7 34 2 152 2 1414 1 191 2 1289 2 1244 1 596 3 983
475 15 2 2 5 1 717 2 775 2 268 1 1254 2 555 2 197 3 1049 1 1072 4 803 2 46 1 433 1 838 1 609 1 1267
476 15 2 1 426 1 733 1 709 1 1075 1 159 1 1448 1 786 2 634 1 205 1 13 3 1442 6 1341 2 1393 3 443 1 554
477 15 2 1 859 2 1197 2 1105 6 151 3 1117 3 1110 2 1011 1 1134 1 1389 1 347 1 1033 2 665 2 959 1 68 1 996
478 15 3 3 565 1 1125 2 862 7 860 4 931 1 1261 1 131 2 306 1 937 1 600 2 1302 1 484 4 440 2 834 1 940
479 15 2 1 1134 6 883 4 1413 1 1165 1 154 2 1481 2 215 1 683 1 817 1 608 1 506 2 512 3 694 2 1268 1 1499
480 15 3 5 147 2 228 2 1334 2 575 1 921 2 993 1 346 1 1493 3 164 2 1293 1 1134 1 503 4 1260 5 994 1 575
481 15 2 2 1032 2 1420 2 1048 2 1082 1 630 3 652 2 596 1 1248 2 257 2 1082 1 1469 1 773 1 882 5 295 1 1390
482 15 3 1 753 1 393 2 505 1 1124 5 1020 2 323 7 1237 1 92 2 658 1 533 5 1023 1 477 2 1227 2 423 2 1393
483 15 3 4 44 1 1291 4 16 1 474 1 590 1 700 3 514 1 794 1 1289 4 1187 6 1289 4 367 2 124 4 443 1 887
484 15 3 1 916 2 683 1 309 2 1347 2 1367 3 998 2 83 4 796 1 844 1 459 1 139 9 383 1 1338 1 215 2 1491
485 15 3 1 61 2 933 1 1454 2 971 2 1251 3 813 1 905 3 875 3 1475 1 104 1 397 2 66 5 295 4 1069 1 247
486 15 3 3 870 1 69 3 341 2 305 3 1137 4 943 3 429 2 265 5 601 3 268 1 1391 4 607 2 208 1 685 1 728
487 15 2 1 1369 1 1081 1 180 1 261 1 1437 1 1216 5 924 2 660 1 798 1 703 3 353 1 397 2 712 2 766 1 1111
488 15 1 1 1436 1 533 1 1308 1 1380 2 1179 1 216 1 888 1 1127 2 1316 1 1040 1 493 1 1351 1 1327 1 46 1 1196
489 15 2 1 19 1 761 1 1437 2 59 2 244 2 1208 1 747 1 944 1 415 4 913 1 1484 2 763 1 109 2 225 1 1173
490 15 2 1 1315 2 706 1 1118 2 872 5 32 3 1203 1 1351 1 330 3 1234 2 931 1 470 1 353 2 575 1 43 3 519
491 15 3 2 585 1 259 2 726 8 1279 3 1437 2 230 2 119 3 985 1 1104 1 1051 1 1448 1 633 1 1100 3 23 3 151
492 15 2 4 1449 2 45 1 297 2 734 1 41 1 155 1 991 3 269 3 438 4 569 2 63 1 112 1 553 2 1171 1 1288
493 15 2 1 83 1 387 1 1151 3 1092 2 659 1 809 1 592 1 318 2 1309 1 629 1 725 3 687 1 639 1 704 1 449
494 15 2 1 856 1 509 5 1409 3 514 1 935 3 27 1 831 1 956 2 355 1 46 2 1294 2 1143 1 299 2 765 1 1434
495 15 3 2 87 1 1278 1 1432 1 1459 2 70 1 916 1 1397 1 22 4 1401 7 1496 4 568 1 1314 3 653 1 594 2 524
496 15 3 1 725 1 1131 3 529 3 1150 1 10 3 17 1 1417 1 1099 2 410 3 1193 1 106 2 4 3 1443 7 154 1 12
497 15 3 5 180 2 418 3 561 1 771 2 486 2 636 3 293 2 800 1 261 4 1352 1 331 2 817 4 916 1 130 3 1026
498 15 3 1 869 1 392 3 1044 3 583 4 710 1 1275 1 1123 1 301 9 187 2 1022 2 1410 4 953 1 706 2 1306 1 103
499 15 2 2 1372 2 451 1 1112 1 185 4 398 1 1066 1 781 2 905 2 684 4 581 1 1172 1 901 1 1029 1 341 1 262
500 15 3 1 68 1 702 2 1014 2 313 3 80 1 198 3 632 4 1150 3 1091 3 546 1 1281 1 926 3 357 1 112 1 463
