1 10 2 1 8 1 952 2 571 3 456 1 1441 2 1299 10 835 1 596 1 618 5 816
2 10 1 1 882 2 1002 3 85 3 1162 1 1489 2 1160 1 661 4 1098 1 799 1 833
3 10 1 2 1353 2 293 1 220 1 509 2 495 1 418 5 752 3 1027 1 35 1 1377
4 10 2 6 711 3 1032 1 1471 1 798 5 354 1 62 1 859 1 265 2 1090 1 1490
5 10 2 5 443 4 259 3 709 1 910 1 476 2 290 1 1353 1 410 4 451 2 711
6 10 1 3 718 1 381 1 115 1 1378 2 1098 3 142 1 1050 2 1413 2 978 1 1043
7 10 2 3 96 1 21 5 212 2 768 4 200 1 1432 1 662 1 397 1 198 1 867
8 10 2 4 967 4 875 1 329 2 125 3 152 5 976 4 917 3 1366 2 1415 1 603
9 10 1 1 851 1 1061 1 227 6 1496 2 1485 1 477 2 468 1 187 1 831 2 562
10 10 1 1 530 3 1327 3 1468 2 441 2 1 2 1393 2 1149 2 405 1 802 1 923
11 10 3 1 215 3 731 4 692 8 861 1 655 1 501 6 1136 2 127 7 993 1 587
12 10 2 1 1143 1 607 3 1406 1 1029 3 893 1 73 4 643 4 280 2 1400 3 174
13 10 2 1 23 1 1308 3 1369 1 944 1 706 7 98 1 1070 8 519 3 1186 2 436
14 10 2 1 629 1 454 1 1082 2 38 1 996 2 1175 3 1320 5 1474 3 174 3 1072
15 10 2 3 52 9 649 2 973 1 1073 1 861 2 222 1 637 3 52 2 305 1 475
16 10 1 2 645 1 1432 2 496 2 1279 1 388 1 397 1 538 2 946 1 1307 2 1122
17 10 2 2 1023 1 793 5 1226 1 1243 2 1452 3 937 4 341 4 1001 1 1391 1 1470
18 10 1 1 1377 2 333 2 326 1 1276 1 168 1 669 1 1060 2 343 4 1247 2 15
19 10 2 3 460 1 153 1 88 3 222 1 1393 1 62 3 1426 3 289 2 111 5 806
20 10 2 6 102 1 797 1 125 1 774 3 1223 1 827 4 376 2 748 1 1052 3 89
21 10 1 1 148 2 286 1 1357 1 82 1 472 5 894 3 1077 1 698 2 678 1 644
22 10 1 1 798 1 232 1 10 1 238 1 1070 4 1017 3 395 1 702 3 844 2 260
23 10 2 2 162 1 335 4 13 2 1274 1 599 5 1229 4 1112 3 501 1 1200 1 465
24 10 1 3 668 1 1028 1 694 1 1252 4 1464 1 1440 1 987 2 1303 3 1424 1 1145
25 10 2 2 561 4 1194 2 1101 3 1324 3 231 1 231 1 1453 1 683 3 26 3 777
26 10 2 1 512 1 10 7 971 1 396 1 659 1 351 2 886 7 237 2 1049 2 783
27 10 1 3 1132 2 1041 1 617 1 1407 4 1017 1 1382 3 1190 1 1158 1 652 1 66
28 10 2 2 1449 6 351 1 492 4 263 4 591 1 1422 1 80 1 84 2 1155 2 1474
29 10 1 2 290 1 1188 2 1297 1 1046 1 364 2 1364 1 476 1 962 4 565 1 118
30 10 1 1 740 1 522 1 967 3 727 2 637 1 19 2 1256 3 1204 2 828 3 985
31 10 1 2 1038 2 1350 2 788 3 849 2 275 2 1358 1 640 1 1470 1 1224 1 1488
32 10 1 1 370 1 44 2 810 1 668 5 1021 2 669 3 210 1 430 1 457 1 917
33 10 2 2 1384 2 1151 2 824 4 1453 2 414 1 767 2 1229 2 180 1 266 2 1145
34 10 2 1 1466 2 20 2 804 2 584 2 1480 1 498 2 240 3 576 3 390 2 1324
35 10 1 1 1108 1 1433 2 1142 4 490 1 1334 2 827 3 123 2 745 1 977 1 337
36 10 1 1 1413 1 118 1 1219 5 835 3 928 4 613 1 1232 1 54 1 662 1 641
37 10 1 2 525 1 275 1 111 2 4 1 1156 1 386 3 337 2 1462 3 1003 1 737
38 10 2 1 470 2 419 12 406 1 966 3 911 1 264 1 693 1 25 2 354 4 803
39 10 1 1 649 1 1258 2 1102 2 1341 2 1335 1 1414 2 1481 1 666 1 979 1 1497
40 10 3 3 118 1 1250 1 246 2 515 7 582 1 1437 3 465 2 1224 7 129 5 919
41 10 1 4 1209 1 688 1 1264 2 621 1 842 3 405 1 462 1 100 1 1201 1 88
42 10 2 4 1087 1 429 1 1052 1 306 3 977 2 950 2 1394 4 249 3 1129 1 658
43 10 2 2 864 2 1401 2 1240 1 825 1 64 4 179 2 1411 4 290 2 1098 4 182
44 10 2 3 270 4 471 7 1348 1 483 2 625 1 360 4 1035 2 73 1 1190 1 1463
45 10 2 1 338 1 896 1 1258 1 1355 2 1332 4 260 1 723 3 357 6 222 1 236
46 10 1 1 1359 5 1422 4 1037 1 1105 1 423 1 1418 1 855 2 427 1 20 1 667
47 10 1 7 128 1 763 1 587 1 1006 2 639 1 638 1 980 1 55 2 1331 2 991
48 10 2 1 495 1 168 1 567 7 790 3 192 2 1143 5 1087 2 1131 4 223 3 890
49 10 2 2 876 5 722 1 95 3 1488 2 66 1 1265 2 1311 2 1219 3 393 1 923
50 10 1 3 1488 3 1459 1 972 1 350 1 306 1 622 2 1235 1 1082 1 22 1 97
51 10 1 1 1212 3 135 3 426 1 1154 4 488 1 22 3 1176 1 1470 1 849 1 1489
52 10 2 4 1381 2 15 1 80 2 849 3 1236 2 608 2 1239 1 120 3 1193 1 899
53 10 1 1 617 2 1115 1 845 1 101 2 626 1 37 2 1072 2 813 4 1042 1 964
54 10 1 1 772 1 1023 2 623 1 209 1 337 1 1186 1 195 1 1335 5 201 1 1366
55 10 1 2 587 2 1139 4 436 1 1481 1 356 2 250 2 1391 1 328 1 60 1 1489
56 10 3 8 74 3 236 4 1278 10 265 3 849 5 643 1 774 1 397 1 688 2 1465
57 10 2 3 1197 2 833 1 144 2 312 1 1005 1 909 2 818 4 169 8 29 1 1343
58 10 1 1 416 1 571 1 1084 1 312 3 236 5 1015 1 732 2 1394 1 904 2 782
59 10 2 2 665 3 1013 2 143 1 1104 1 1310 4 873 2 476 4 681 1 1235 1 206
60 10 2 2 280 2 90 1 178 3 1487 4 173 1 357 1 1484 1 900 1 1394 4 1321
61 10 2 3 1370 1 1349 1 691 5 556 5 267 1 203 1 891 2 731 2 532 3 480
62 10 2 3 905 1 937 1 248 2 1126 3 1177 8 1260 3 1332 1 568 1 567 1 1019
63 10 1 1 752 1 599 1 377 5 1335 2 304 2 560 2 944 1 1282 1 617 3 1301
64 10 2 1 1164 2 1329 3 1468 4 823 1 703 1 588 1 268 2 165 1 356 7 494
65 10 3 1 1475 4 1244 4 1312 4 1184 2 3 1 383 2 54 1 186 1 1290 11 959
66 10 2 1 456 2 1405 2 1013 4 530 5 39 3 364 1 313 3 430 2 1322 2 421
67 10 1 1 762 3 1134 1 656 1 1343 3 1382 1 263 1 1444 1 674 1 581 2 805
68 10 2 5 194 1 1013 2 1349 1 960 5 1213 5 1133 1 892 1 1466 3 213 1 965
69 10 3 2 631 1 1084 1 1195 4 921 1 1327 3 762 4 776 4 831 9 149 5 1379
70 10 2 1 1470 2 1108 4 191 2 211 4 451 5 650 1 1242 8 162 1 1442 1 1222
71 10 1 1 383 2 898 1 503 1 289 2 194 2 1445 4 1426 1 48 1 869 1 1472
72 10 1 1 142 2 685 3 21 3 846 3 742 1 1028 2 976 2 837 1 257 1 884
73 10 1 2 675 1 600 1 1216 2 500 3 155 1 1075 2 23 3 61 1 527 3 264
74 10 2 5 357 1 664 1 1164 2 1298 1 197 6 20 2 147 2 932 4 907 3 195
75 10 2 1 726 2 104 9 383 2 1272 3 494 3 1193 1 478 1 740 1 217 1 1080
76 10 2 3 236 1 388 3 646 1 1146 8 1222 5 563 3 194 3 262 1 839 1 661
77 10 2 2 690 1 1442 4 919 3 1298 1 468 1 1156 1 525 1 442 8 1053 2 757
78 10 1 2 1247 1 1163 3 1283 1 1334 1 517 4 475 2 1124 1 727 2 1381 1 286
79 10 1 1 79 3 954 1 831 2 1450 1 285 2 1100 1 316 1 1067 4 852 3 1259
80 10 2 1 535 2 22 1 814 1 321 6 474 1 1354 1 837 1 891 5 1045 4 1464
81 10 2 3 603 3 545 1 688 1 1191 1 987 4 1168 4 1367 2 564 1 180 7 728
82 10 1 1 1153 2 915 2 1010 1 1485 1 1309 2 679 2 488 1 21 6 879 1 81
83 10 1 1 566 2 1300 6 823 1 1259 1 1343 1 1060 1 719 1 862 2 726 1 1248
84 10 1 2 668 1 1468 2 121 1 715 2 271 1 1377 2 1269 1 381 1 846 1 527
85 10 3 2 1402 2 864 1 1243 6 270 2 1368 1 532 7 1155 3 114 8 751 2 779
86 10 1 3 1403 1 583 2 307 1 704 2 1248 1 807 2 989 5 611 1 990 1 313
87 10 2 1 180 5 964 1 218 1 1456 5 33 1 515 1 1142 1 572 1 654 5 395
88 10 2 2 1076 4 36 2 643 5 772 2 1125 3 53 1 291 2 1397 2 119 2 653
89 10 2 4 408 1 50 4 455 3 1352 4 1155 3 958 3 68 1 655 1 521 2 86
90 10 2 4 759 7 895 3 1431 1 1029 2 1318 2 878 1 182 1 1334 2 915 2 1416
91 10 2 2 762 3 554 3 1016 2 1271 1 573 1 387 1 439 2 946 2 827 6 213
92 10 2 1 274 2 643 4 672 3 14 2 845 1 728 1 210 3 438 6 1479 6 758
93 10 2 4 611 6 1338 2 262 1 48 2 1451 4 95 2 1405 4 413 1 1154 1 225
94 10 2 5 1460 2 902 2 272 3 567 1 1256 1 1217 4 320 2 819 1 193 1 366
95 10 1 1 930 1 281 2 678 1 295 1 927 1 719 2 54 1 244 1 1186 1 194
96 10 2 2 1035 6 630 1 579 2 1342 1 1143 2 129 3 1092 1 547 4 1410 3 341
97 10 2 4 299 1 156 1 5 1 100 1 874 3 608 4 685 1 125 2 1326 4 228
98 10 1 1 254 1 226 1 286 2 1123 3 1236 1 1208 1 873 5 907 1 995 2 856
99 10 2 1 740 1 409 2 114 1 1479 2 181 1 1317 1 545 4 565 6 254 1 112
100 10 2 2 1334 2 997 2 489 1 546 4 690 1 696 1 1341 3 145 5 721 2 183
101 10 1 3 47 2 959 1 473 2 286 3 387 2 1389 1 830 1 146 3 390 1 450
102 10 2 2 828 3 983 2 43 5 1411 1 228 2 314 1 1403 2 1118 4 26 5 224
103 10 3 1 810 4 27 1 1265 1 1316 1 1274 11 680 1 1148 5 1264 1 1408 6 1037
104 10 2 3 230 6 1335 4 928 1 1445 1 414 2 8 1 738 1 721 2 764 1 1472
105 10 3 2 753 11 1117 2 1295 3 1015 2 734 3 265 2 1404 1 561 4 933 2 1072
106 10 2 2 16 4 578 2 172 1 172 4 1311 1 1353 2 751 2 230 1 61 1 439
107 10 1 1 894 2 559 1 1468 1 987 2 641 2 433 3 1052 1 1463 1 1181 1 287
108 10 1 1 966 2 293 1 59 1 1072 3 143 1 198 1 877 4 892 1 1452 1 975
109 10 2 1 1477 1 1113 1 1161 2 318 3 1192 5 1146 3 851 1 1444 5 184 1 600
110 10 2 4 1291 3 242 4 777 2 1151 1 670 1 208 1 473 4 172 1 271 4 34
111 10 1 2 747 1 874 2 257 1 140 3 1329 1 737 1 1118 1 558 1 231 1 349
112 10 1 1 1402 1 510 1 1231 1 843 3 504 1 591 3 34 1 106 3 1366 1 439
113 10 1 2 18 2 546 1 515 1 979 1 746 1 911 1 1025 2 1226 4 961 1 822
114 10 2 3 1246 1 229 4 1399 1 1400 3 1356 1 52 5 532 2 532 1 1347 6 1231
115 10 2 4 173 4 677 1 847 1 1148 7 1046 1 326 4 632 1 787 3 879 2 65
116 10 2 1 1406 7 731 2 183 3 1074 3 1038 3 1411 2 648 1 1207 1 695 2 727
117 10 2 1 698 4 1165 2 1469 3 874 1 1125 3 1275 1 1236 5 817 3 1316 1 968
118 10 3 1 1019 2 1476 2 1472 10 145 6 1300 3 87 4 413 4 376 1 74 3 1484
119 10 2 5 709 1 627 1 461 3 1285 1 684 8 59 1 1056 1 1361 1 1351 2 188
120 10 1 2 713 1 1081 4 285 3 1020 1 115 2 1230 1 278 3 158 1 876 1 916
121 10 2 2 1194 1 26 2 877 1 700 1 290 1 1455 4 1001 1 1497 4 644 3 956
122 10 2 1 1015 4 522 1 139 3 1299 2 37 3 1284 1 184 1 649 2 275 3 409
123 10 1 1 1430 1 1315 5 865 1 1136 2 883 1 570 1 462 2 1422 2 1209 3 155
124 10 2 3 732 3 1012 1 985 3 419 1 862 1 982 3 909 5 799 3 375 3 549
125 10 2 2 786 1 978 1 655 4 801 2 1198 2 588 2 1230 1 96 3 1362 4 577
126 10 1 1 1444 2 105 1 877 2 729 1 737 1 471 2 1081 1 188 1 393 3 620
127 10 1 2 657 2 1013 1 300 1 1139 3 820 1 1115 1 1200 1 940 3 144 1 348
128 10 1 1 32 1 701 4 535 1 547 1 929 1 847 2 948 4 31 2 722 1 809
129 10 2 1 286 1 1045 2 757 2 229 1 1113 4 991 1 1257 1 1007 4 639 5 538
130 10 2 1 1360 3 70 1 1248 2 520 4 761 4 1399 2 711 1 1314 8 1429 2 532
131 10 1 1 245 2 464 1 365 1 1451 3 1024 4 970 1 1137 1 1466 1 1081 1 922
132 10 2 1 430 4 912 1 956 6 246 3 1276 1 471 2 1308 1 738 1 947 4 862
133 10 2 2 1095 4 586 6 1233 1 378 4 922 1 556 1 44 1 1217 1 332 3 484
134 10 2 8 1368 1 1456 2 789 1 1068 2 497 2 1423 1 1228 2 1337 2 375 2 1051
135 10 1 2 978 1 1178 1 505 3 41 1 483 1 1436 1 1480 2 64 2 130 1 546
136 10 2 1 1172 5 1240 1 651 2 448 1 1481 4 718 4 772 3 1477 7 125 1 1257
137 10 1 1 469 3 283 2 596 1 1334 1 961 4 193 1 1126 1 1302 1 1377 3 131
138 10 3 1 1215 2 572 3 1324 2 759 6 479 7 538 1 1289 2 295 5 591 1 703
139 10 1 1 949 1 554 2 38 1 31 1 870 1 210 3 927 1 1328 3 601 3 1470
140 10 2 1 764 1 1243 1 1439 3 234 4 1341 1 290 3 1047 2 113 1 495 3 83
141 10 2 4 126 2 815 1 61 1 655 5 1243 1 600 2 5 7 312 2 1177 1 223
142 10 2 1 885 1 423 2 1059 1 1363 5 1150 3 238 2 832 2 1381 1 1495 2 1256
143 10 1 2 1277 1 784 1 419 1 1164 3 1171 1 1126 1 429 1 320 1 212 1 917
144 10 2 2 857 1 113 6 1255 2 1000 2 493 1 769 2 1328 1 1107 5 542 2 417
145 10 2 4 151 6 322 1 796 2 130 1 1376 1 573 1 735 2 58 3 472 1 1042
146 10 3 2 63 1 1399 1 1180 4 414 7 1084 6 1394 5 618 2 204 1 1373 1 712
147 10 1 1 1488 1 251 1 852 3 644 1 631 2 715 1 679 2 748 2 931 1 302
148 10 2 1 56 3 1434 1 499 2 1078 5 282 1 597 5 604 3 28 1 323 1 524
149 10 1 2 1250 1 225 1 677 4 264 1 816 1 171 2 193 1 89 1 326 4 1025
150 10 2 2 248 8 271 4 1286 1 599 1 1198 4 1001 1 830 1 824 1 416 2 1098
151 10 2 1 991 1 685 2 807 6 823 2 607 3 237 3 18 1 912 2 222 2 729
152 10 2 2 220 2 869 2 113 1 21 1 120 2 585 2 1152 3 388 5 1220 1 182
153 10 1 3 556 1 117 1 74 1 265 3 910 1 24 4 990 3 286 1 500 1 762
154 10 3 5 687 1 1031 5 776 1 647 5 838 2 994 1 1099 1 667 5 1303 4 1195
155 10 2 4 341 3 565 3 431 1 262 2 108 2 1241 1 1480 2 887 2 1142 1 1403
156 10 1 3 405 1 665 3 1128 3 768 1 454 2 1212 2 273 1 437 1 607 1 880
157 10 2 4 379 2 1422 1 1410 6 540 2 558 2 98 1 741 3 1198 2 706 3 377
158 10 2 1 817 2 283 8 1189 1 1066 2 106 1 1198 2 1371 1 513 1 114 1 1249
159 10 2 3 1081 1 1154 2 677 1 507 2 1377 6 1355 2 671 4 574 4 889 3 1454
160 10 2 3 1287 1 456 5 1361 2 273 6 291 3 550 2 734 1 1450 2 742 1 224
161 10 1 4 988 1 513 1 1404 1 470 1 1486 1 125 1 1471 1 1408 2 1330 4 769
162 10 2 1 1338 1 692 1 69 3 150 1 270 1 1124 1 1062 8 295 1 24 2 285
163 10 2 5 583 1 878 3 263 2 883 3 828 5 688 2 821 1 1143 1 1392 3 1155
164 10 2 4 570 3 1059 3 505 1 224 3 1253 1 156 2 241 8 234 3 292 1 1139
165 10 2 3 380 6 1372 2 1438 2 390 1 985 2 1357 3 521 2 644 2 1432 3 1393
166 10 1 2 414 2 439 3 1159 1 852 1 543 1 420 1 1013 1 1397 1 1378 3 1474
167 10 2 1 493 4 1349 2 1157 5 1340 4 193 4 184 3 17 1 924 3 429 1 695
168 10 1 1 1050 1 52 1 358 2 827 2 1480 2 411 1 1211 1 1175 1 252 1 454
169 10 2 3 702 1 362 1 358 2 526 1 931 1 513 2 816 3 88 6 727 1 1169
170 10 1 2 236 2 1499 1 1062 1 168 1 23 2 1223 2 419 1 655 3 471 3 543
171 10 2 2 733 4 267 1 334 1 837 2 436 1 1164 2 309 4 1182 5 267 2 304
172 10 1 1 429 2 1300 2 1328 3 356 1 990 1 1274 1 156 1 743 1 88 1 510
173 10 2 1 1149 1 363 2 1495 4 691 1 698 1 793 8 102 4 188 1 56 1 129
174 10 3 7 1100 2 406 5 466 3 287 1 995 1 937 6 1495 2 1151 4 1386 2 1171
175 10 1 1 612 1 1470 1 253 2 11 1 527 1 638 2 1155 1 1429 1 1279 2 133
176 10 2 4 1478 1 133 2 400 2 969 2 785 1 47 2 555 1 696 5 328 1 1058
177 10 1 2 1225 2 382 3 301 1 632 1 1326 1 1314 2 40 1 1330 1 1434 2 744
178 10 2 1 360 1 551 2 318 1 95 1 889 3 532 6 1272 2 2 1 63 2 1026
179 10 2 1 1160 2 577 1 593 1 1204 2 68 3 1145 4 743 3 889 2 186 1 823
180 10 2 4 769 2 708 2 1008 2 218 1 604 1 488 2 645 4 737 4 1314 1 1277
181 10 1 1 148 5 1290 2 1037 1 121 1 807 1 1035 3 372 2 287 1 1142 1 681
182 10 1 1 10 1 329 3 727 1 711 2 991 2 856 1 1261 3 63 1 431 1 727
183 10 2 3 106 2 1091 4 574 1 735 2 1033 1 703 3 39 2 686 2 210 1 1083
184 10 2 1 805 2 138 1 775 1 1162 1 746 5 1172 6 1238 1 1017 1 309 4 141
185 10 2 3 807 1 484 2 670 1 1378 1 1457 3 1382 3 1293 4 697 4 1478 1 587
186 10 2 1 1456 1 1063 3 381 2 848 5 505 3 582 1 1110 3 1138 4 243 1 412
187 10 2 1 958 3 295 6 1429 1 1335 2 1329 2 533 1 1084 2 835 1 396 2 1062
188 10 2 1 1089 5 811 2 1385 7 639 3 1055 1 1192 2 1195 1 1149 2 1444 2 332
189 10 1 1 135 3 1022 3 1442 1 94 1 676 6 1139 1 894 1 829 1 359 1 528
190 10 1 1 301 1 258 1 703 3 440 5 812 1 498 1 1197 3 643 1 1246 1 777
191 10 2 3 1362 4 1297 1 473 2 30 4 918 1 451 4 401 1 1326 3 16 1 365
192 10 2 1 1186 3 1288 1 643 3 1424 2 645 3 503 4 909 1 448 3 1046 1 371
193 10 2 2 205 3 1374 1 963 3 816 3 1443 1 1324 1 785 1 88 7 624 1 386
194 10 1 1 1397 1 1 1 768 4 822 1 8 1 1093 1 139 2 1064 3 514 1 798
195 10 2 4 173 4 1432 2 404 1 1475 2 94 3 920 2 127 1 807 2 23 1 1117
196 10 2 1 170 3 965 1 1016 2 76 2 1009 3 1040 6 463 1 1001 1 392 4 1360
197 10 1 2 314 1 514 1 1284 1 469 3 148 1 460 1 8 3 289 3 603 3 530
198 10 2 6 204 3 165 5 1381 2 1290 1 224 1 1374 2 444 1 442 5 706 3 853
199 10 1 2 530 1 273 1 1106 1 1215 2 67 2 571 1 1332 1 835 2 395 2 855
200 10 3 1 1260 5 684 1 407 13 58 1 230 1 474 3 201 1 1224 3 182 2 1394
201 10 2 3 796 4 731 2 688 1 364 3 742 1 1017 5 534 3 1068 2 324 4 304
202 10 2 1 1435 3 794 2 1211 5 1071 1 400 3 68 1 80 1 102 3 1202 2 895
203 10 2 1 816 2 1460 3 892 6 809 2 438 1 994 4 211 6 933 1 143 1 1308
204 10 1 2 264 2 432 1 1445 2 1314 2 893 2 425 1 567 1 434 1 884 4 548
205 10 2 3 1040 3 253 1 508 1 1155 1 720 2 605 4 659 1 901 3 1457 2 1108
206 10 3 1 469 2 1225 3 1422 8 658 1 194 3 800 4 1094 2 1169 3 558 6 1351
207 10 2 3 373 3 286 1 127 1 1215 5 488 2 966 2 1391 1 1216 4 23 6 931
208 10 1 1 942 9 578 1 1100 1 1012 1 50 1 605 1 707 1 1161 1 596 2 578
209 10 2 1 157 2 275 2 61 6 1101 1 152 4 1190 3 813 1 22 1 1310 1 1077
210 10 2 2 166 3 911 7 940 1 1470 1 1120 1 103 1 1312 2 780 1 904 2 1142
211 10 1 2 950 4 224 1 1121 1 557 1 64 1 375 1 739 3 1273 1 1338 2 213
212 10 1 1 719 1 1280 1 1294 1 12 2 197 1 1129 1 333 1 403 3 338 7 864
213 10 2 1 198 2 281 5 505 1 832 1 1199 2 469 5 990 2 983 1 123 1 1270
214 10 3 3 1148 4 1315 4 985 4 420 1 1384 2 284 3 401 1 878 4 1500 5 810
215 10 2 5 255 3 1424 5 972 2 737 1 1066 5 169 1 1343 1 687 1 1120 2 835
216 10 1 1 444 1 61 2 1390 3 574 1 676 1 841 3 54 4 668 2 1065 1 1403
217 10 2 3 134 4 697 4 1497 1 680 4 1017 1 1179 2 1038 1 730 3 131 5 1465
218 10 2 1 104 1 1022 5 1194 1 343 1 391 2 273 3 1162 4 1027 3 42 1 1070
219 10 2 5 214 7 384 1 1019 1 151 1 359 1 1105 2 570 1 826 1 447 1 76
220 10 2 5 458 2 449 7 504 3 1440 1 751 3 710 3 650 1 1015 1 40 1 857
221 10 1 1 639 1 983 2 485 1 1155 2 1252 1 1043 1 1456 3 288 2 1007 2 644
222 10 3 3 1049 4 190 1 628 7 1104 1 610 1 103 3 893 2 1423 8 54 1 967
223 10 1 1 891 1 1288 1 1490 2 730 1 1186 1 1355 1 889 3 293 2 999 2 693
224 10 2 1 322 1 605 1 267 1 286 1 196 1 1227 1 1453 1 1296 7 1238 7 1226
225 10 2 3 1096 2 389 4 804 7 444 1 303 1 578 5 1420 1 329 1 612 1 844
226 10 2 1 434 3 24 1 103 1 678 2 110 1 1169 7 1369 3 21 3 899 3 3
227 10 1 2 879 1 1431 1 335 3 842 1 669 1 1204 3 1365 2 784 1 1158 1 527
228 10 2 5 1455 2 815 3 938 1 1483 1 318 3 1438 2 290 1 38 2 362 2 888
229 10 2 4 1180 1 553 1 466 1 1324 1 1023 3 95 1 395 2 1392 1 879 5 546
230 10 1 1 524 1 534 1 166 1 1103 1 72 2 474 1 717 2 966 1 1233 3 459
231 10 2 1 117 1 941 3 471 1 969 1 597 7 141 6 666 1 535 5 1465 2 231
232 10 2 3 1277 1 997 1 1066 1 1091 2 826 1 782 2 1301 6 1266 3 1163 1 1298
233 10 2 1 405 2 1490 2 1139 3 1391 3 1423 1 1356 2 495 4 367 3 104 1 201
234 10 2 6 1196 1 1311 1 1109 1 1001 2 1025 1 745 4 1418 3 1147 1 422 1 468
235 10 2 5 612 1 1188 1 1270 1 696 4 981 2 676 2 223 1 268 2 1225 2 98
236 10 1 3 779 1 1249 1 148 1 761 2 67 1 410 2 1328 1 1019 1 452 2 677
237 10 2 1 1127 2 96 1 1344 3 703 3 1211 1 1346 6 856 1 18 1 292 2 886
238 10 1 1 905 2 416 2 646 1 70 3 1018 2 1090 1 1413 3 884 1 530 1 645
239 10 2 1 556 7 255 1 878 1 23 1 278 2 1009 6 222 1 7 2 1433 3 1109
240 10 1 1 790 2 1089 1 556 2 896 1 1341 1 851 3 229 2 604 2 821 1 1358
241 10 1 1 1155 1 944 1 162 1 1248 1 1116 2 521 1 886 1 1170 1 277 2 248
242 10 2 1 544 3 1428 3 719 1 676 3 1149 2 1137 1 790 1 590 4 193 4 17
243 10 2 1 16 2 94 3 465 1 575 2 825 4 598 2 537 2 9 4 1438 2 1469
244 10 2 1 944 1 930 8 349 1 1348 1 1049 3 844 5 587 1 654 1 751 1 704
245 10 1 3 1119 1 685 2 626 3 1310 2 1037 1 1343 1 485 1 135 2 681 2 740
246 10 1 1 1298 2 631 1 1215 2 274 2 983 1 1493 2 394 5 801 2 1205 1 436
247 10 2 6 866 2 1383 2 32 1 963 1 168 2 1333 1 881 2 1320 2 798 1 26
248 10 2 1 478 1 792 3 836 2 59 1 1318 2 854 6 548 1 1003 1 1117 4 647
249 10 2 3 492 2 1191 4 326 1 1065 3 739 4 1423 2 940 1 860 1 1388 1 290
250 10 2 3 1198 2 980 1 511 1 464 2 626 3 179 2 245 1 302 5 1414 3 616
251 10 2 3 1054 4 516 2 1097 2 848 2 385 2 1022 2 579 2 1333 1 880 1 1213
252 10 1 2 852 1 1403 1 977 1 668 1 995 4 939 1 834 3 1366 2 540 3 500
253 10 2 1 1472 2 620 5 1491 2 142 1 57 2 1055 1 53 3 1471 5 784 1 702
254 10 1 2 273 3 811 3 88 1 332 1 622 1 1487 1 1080 2 1484 2 617 1 807
255 10 2 1 945 5 620 1 1261 1 876 3 479 3 85 1 137 1 681 3 1250 1 815
256 10 2 1 456 1 13 9 1116 3 104 2 185 1 108 2 133 2 1367 4 61 1 406
257 10 3 3 969 2 934 4 322 7 402 1 34 2 340 3 634 1 1372 2 358 9 45
258 10 2 2 289 1 1357 1 455 1 557 2 1409 1 1164 2 1346 6 97 2 548 2 457
259 10 2 1 1142 2 617 2 205 1 789 2 81 2 953 1 1311 5 125 2 1198 3 331
260 10 1 1 609 1 989 1 267 1 1447 1 989 1 335 3 504 2 884 4 872 1 871
261 10 2 5 167 2 533 3 1189 1 1098 2 182 3 418 2 892 1 1070 1 761 1 920
262 10 1 4 1422 1 87 1 227 2 317 1 1121 1 264 3 226 1 336 1 1435 2 800
263 10 2 5 1261 1 930 2 72 2 1242 1 956 6 807 6 1026 1 637 1 768 2 299
264 10 1 1 275 1 697 2 301 4 786 1 1382 1 874 1 95 2 43 1 1325 4 303
265 10 2 3 1373 1 36 1 1346 1 654 9 72 1 881 1 1036 2 343 1 1385 1 450
266 10 2 6 674 1 6 2 1037 2 347 3 970 2 5 5 281 3 826 2 244 1 56
267 10 2 3 433 9 26 4 1028 1 256 1 1408 2 854 1 1303 2 675 3 221 1 41
268 10 1 2 1480 1 317 3 189 2 261 1 503 2 1499 1 1291 4 589 1 6 1 1048
269 10 1 1 596 2 1027 3 1377 1 876 1 10 2 371 1 410 1 155 1 1170 1 1475
270 10 2 1 20 1 874 5 1331 1 487 5 326 2 1452 2 998 2 1100 6 1073 2 726
271 10 3 6 1089 8 74 5 438 6 3 1 24 1 210 1 1014 1 993 1 189 1 790
272 10 3 4 1332 2 580 8 44 2 1478 2 804 2 1348 1 1410 1 1126 7 114 1 1393
273 10 2 4 278 1 837 1 1467 5 1376 3 1451 1 1213 2 924 1 472 1 861 1 398
274 10 2 1 945 2 531 3 705 1 884 1 633 1 403 10 698 4 550 1 777 1 916
275 10 2 3 990 1 251 2 805 2 331 1 162 3 198 6 163 1 372 2 1189 3 1141
276 10 1 3 1056 2 750 1 723 1 1042 3 559 1 258 1 1287 2 1060 2 71 1 81
277 10 2 2 328 1 583 4 195 2 217 4 406 1 777 1 561 4 925 1 1234 1 1285
278 10 1 1 1089 1 408 1 208 1 1081 1 381 2 186 3 842 3 698 1 736 2 649
279 10 2 3 378 1 919 2 759 2 1291 5 445 4 1204 3 1131 4 173 2 1479 1 658
280 10 1 1 564 2 1464 1 704 1 105 5 1120 1 998 1 211 1 233 1 164 4 960
281 10 2 2 481 1 883 1 1384 7 303 1 1185 2 789 1 526 3 647 2 215 1 21
282 10 2 6 1202 1 702 1 455 3 1119 1 534 2 569 2 310 1 1181 1 941 3 95
283 10 1 3 1003 2 1022 1 1012 3 602 1 1358 1 1030 1 1057 2 476 2 367 1 1378
284 10 1 1 26 2 826 2 102 2 648 1 661 1 95 3 614 1 100 4 639 2 396
285 10 1 2 1476 2 1415 3 1414 1 995 3 214 1 734 1 1174 1 691 2 515 1 1024
286 10 1 1 1191 2 501 1 591 1 1371 2 1068 2 1023 1 846 4 351 2 174 1 1253
287 10 2 3 21 1 913 1 792 1 1203 7 54 3 1055 1 340 3 445 1 649 1 665
288 10 3 2 758 1 545 3 975 9 272 1 615 3 901 4 20 8 1002 1 752 5 348
289 10 1 2 329 1 99 1 527 1 158 2 330 1 953 2 237 1 670 1 1013 1 498
290 10 1 2 1267 3 1109 1 581 1 1483 2 205 1 1103 1 863 1 303 3 1246 1 740
291 10 1 1 638 1 1313 2 303 1 125 2 1209 1 797 1 773 4 1439 1 325 1 705
292 10 1 2 1292 4 543 2 1362 1 96 1 462 4 1034 1 1091 2 1455 1 692 1 803
293 10 1 2 744 4 1419 1 792 1 983 1 491 1 1450 1 737 1 733 1 826 1 581
294 10 1 1 488 2 1119 1 739 1 584 1 1320 1 6 2 1033 1 466 1 1115 1 953
295 10 3 1 258 2 1072 10 278 4 268 5 1285 6 435 3 516 1 767 1 732 1 992
296 10 1 1 14 1 80 1 683 2 29 1 148 1 1431 1 683 1 263 2 591 4 397
297 10 2 1 1376 3 667 3 787 1 838 3 14 2 13 2 336 3 261 2 797 1 1268
298 10 2 1 763 1 468 5 529 4 503 1 237 1 545 1 898 1 35 1 1125 5 525
299 10 2 1 1249 1 353 6 46 1 409 4 210 3 1482 1 265 1 508 1 971 3 228
300 10 2 6 291 2 14 2 1072 1 813 1 1186 3 1228 4 798 3 763 2 164 2 1391
301 10 2 3 1046 1 804 3 466 1 1341 3 1459 1 1421 4 740 1 957 1 856 4 467
302 10 2 2 1442 3 1122 6 445 2 379 3 1106 1 678 3 1080 3 917 2 978 3 11
303 10 1 1 1380 1 391 6 1080 1 611 1 850 1 38 1 1490 1 210 1 1165 1 400
304 10 1 2 623 3 831 2 984 1 613 1 472 2 238 1 892 2 676 1 95 2 1332
305 10 2 1 1273 3 1218 3 341 1 618 1 566 2 1445 2 409 3 247 1 253 9 1156
306 10 2 1 1161 1 515 6 438 3 729 3 301 1 750 3 1365 3 40 5 351 2 505
307 10 3 2 782 5 1350 10 216 6 964 3 110 1 926 3 356 1 982 1 589 3 957
308 10 2 3 164 3 34 1 580 4 819 2 410 2 813 1 150 1 758 4 306 1 1353
309 10 2 3 1386 2 31 3 77 2 1350 1 660 2 603 1 56 1 571 2 611 5 712
310 10 1 1 1021 1 686 1 766 3 232 1 417 1 1001 4 429 1 127 2 229 1 120
311 10 3 3 1196 5 124 2 1492 8 399 3 701 2 1329 8 1059 1 160 1 1346 1 1205
312 10 1 3 1016 1 551 2 1107 1 1093 4 343 1 1150 2 1298 1 1016 1 619 1 1380
313 10 1 1 159 3 1398 1 376 3 1197 4 421 1 357 1 738 1 206 1 1360 3 204
314 10 2 2 926 2 259 4 774 1 147 2 621 1 1061 5 1045 1 464 2 92 2 1064
315 10 2 2 704 5 1040 3 988 2 779 3 742 1 383 1 737 1 837 1 933 2 978
316 10 2 3 1110 1 45 1 1316 1 646 2 526 1 742 1 1190 8 633 1 1285 3 964
317 10 2 2 954 4 222 1 769 1 1154 3 1406 2 876 1 798 3 68 4 755 2 824
318 10 3 2 897 1 914 7 906 4 1125 1 616 3 232 3 1141 1 1038 3 1249 5 1400
319 10 1 1 137 2 814 2 1462 1 919 2 204 1 681 1 448 2 392 1 607 2 1407
320 10 1 1 957 2 193 1 808 1 1090 5 620 1 1256 4 347 1 697 1 89 2 840
321 10 1 1 554 3 101 1 689 1 932 2 920 1 269 2 574 1 843 4 1283 2 18
322 10 1 1 91 4 165 2 1242 1 410 4 1383 1 137 1 87 2 1454 1 459 1 107
323 10 3 2 203 1 745 3 1292 2 337 6 259 5 614 3 1295 1 116 6 1229 1 484
324 10 2 1 1191 3 977 1 290 4 204 1 247 2 826 3 195 1 639 4 1279 1 1466
325 10 2 1 1211 4 795 3 1302 4 545 1 546 5 1359 2 1004 1 31 4 818 1 179
326 10 2 5 177 2 200 1 610 4 788 1 584 1 989 2 1037 1 272 2 614 1 602
327 10 1 1 718 1 848 1 843 1 300 1 1022 3 115 3 333 1 1094 2 1053 1 333
328 10 2 1 1128 1 1000 2 1061 2 163 4 880 1 1131 1 987 1 531 3 756 6 1452
329 10 1 3 798 1 1079 1 465 3 486 1 317 1 732 1 869 4 779 2 1480 2 745
330 10 1 1 169 2 840 1 8 1 1088 3 1165 1 721 1 160 2 1440 1 298 2 779
331 10 1 1 1492 1 1270 1 1342 1 1287 1 662 2 437 1 189 2 324 3 858 2 1011
332 10 1 1 1258 2 1210 2 890 1 107 1 827 1 515 2 656 1 275 1 542 1 1206
333 10 4 5 28 2 993 4 92 3 870 1 891 5 1015 10 959 2 676 7 937 4 592
334 10 2 1 988 1 1083 1 532 3 1365 4 346 3 665 4 464 4 856 2 92 2 915
335 10 3 1 1249 15 105 3 606 2 647 1 279 7 798 1 339 2 104 4 1485 1 1216
336 10 2 3 72 1 30 2 654 1 652 3 511 3 1408 3 435 3 511 3 48 2 529
337 10 1 1 697 1 1178 1 765 2 104 1 758 1 1444 3 1449 2 271 6 374 1 131
338 10 2 2 372 1 930 2 729 2 242 2 1213 5 1497 1 263 2 1363 6 806 4 1158
339 10 2 3 334 1 1059 2 682 5 1273 3 1055 2 907 1 997 4 1244 1 1214 1 824
340 10 2 2 609 1 695 2 1209 1 1141 1 806 1 76 1 241 4 1036 4 1270 3 100
341 10 2 3 6 1 1316 1 916 1 859 3 606 2 845 2 761 6 91 2 191 5 1132
342 10 2 1 1382 1 1220 2 724 4 249 1 405 1 1378 5 425 1 1081 4 1082 1 892
343 10 2 1 308 3 1120 1 1001 3 294 2 122 4 1040 3 793 4 678 1 1366 2 1327
344 10 2 1 810 2 94 3 1452 6 11 2 497 3 686 1 147 7 695 1 1406 2 1039
345 10 2 1 1354 1 1411 1 532 2 211 6 243 3 1100 6 1101 2 538 6 796 1 1307
346 10 1 1 1485 1 669 2 1458 2 1243 1 938 1 984 6 268 1 1365 1 1046 3 478
347 10 1 3 699 1 767 3 463 3 170 1 1058 2 413 1 151 1 114 1 963 1 363
348 10 2 1 879 1 1399 2 145 1 149 2 921 8 827 1 805 4 978 2 551 3 627
349 10 3 5 1241 1 680 1 845 1 1185 6 632 4 1179 7 698 1 1288 4 1115 2 134
350 10 1 1 1107 1 1127 1 1142 4 1406 1 1184 1 544 2 10 2 988 1 129 1 1403
351 10 2 7 421 1 846 5 1495 1 918 1 267 3 1135 1 42 3 497 1 505 4 1485
352 10 1 1 1341 1 1458 1 100 3 284 3 1365 1 544 2 1110 1 1455 2 1359 2 1136
353 10 2 2 618 2 981 1 940 4 480 1 322 1 802 3 1177 1 1245 4 1042 4 1151
354 10 1 1 261 1 1145 1 1303 1 1302 1 1304 1 34 1 424 1 1377 1 1203 1 47
355 10 2 5 646 1 202 2 111 4 517 5 537 1 1308 2 1148 1 1112 1 580 3 379
356 10 2 1 593 3 1307 3 1353 1 647 1 173 9 1008 1 871 1 1091 1 1327 4 654
357 10 2 2 108 2 821 2 1066 5 959 1 965 3 1378 1 1136 6 800 2 1119 1 631
358 10 2 3 291 5 911 1 387 2 131 6 1151 1 830 1 1044 2 882 3 880 4 392
359 10 1 1 886 1 792 1 624 4 119 1 1242 5 1087 1 595 2 843 1 978 1 1154
360 10 1 3 1328 2 395 6 386 1 795 1 623 1 1128 1 1153 1 107 2 1289 1 671
361 10 2 1 108 2 587 7 157 5 1304 1 1130 2 343 4 664 2 781 2 1216 1 643
362 10 1 2 735 1 683 2 34 1 490 1 1275 1 1068 1 413 3 368 1 270 1 818
363 10 1 3 1374 2 246 1 632 1 511 6 1025 1 757 1 1445 1 444 1 95 2 1366
364 10 2 4 698 2 1010 3 1412 3 566 1 451 1 123 1 1089 2 998 1 920 2 1259
365 10 1 1 1491 3 1408 1 861 2 468 2 1030 2 312 2 1011 1 1032 2 1074 3 901
366 10 2 1 946 1 861 3 1286 1 1206 3 605 2 725 2 429 3 782 1 1411 3 708
367 10 1 2 893 2 1484 1 525 1 694 2 91 2 580 1 917 2 806 1 899 1 975
368 10 2 3 1413 2 157 1 1061 6 1373 4 1299 1 792 2 1148 1 128 1 510 1 1021
369 10 4 2 308 14 277 8 988 1 661 2 387 7 267 5 444 5 259 3 965 1 355
370 10 2 2 1160 2 444 5 1190 1 428 2 790 3 189 4 620 2 1198 2 428 1 1459
371 10 2 2 504 3 253 1 1182 2 246 3 1394 2 61 4 94 1 671 1 1178 4 512
372 10 2 3 335 1 1043 7 19 2 1006 2 949 1 721 1 230 2 843 1 1275 1 409
373 10 2 1 1460 1 1323 1 1272 2 1221 7 375 3 1326 4 321 1 102 2 1284 1 68
374 10 2 3 1428 1 529 2 1249 1 696 4 621 1 500 1 200 3 963 6 37 1 363
375 10 2 1 428 1 1088 8 589 1 565 4 1214 4 712 4 736 1 120 1 666 1 882
376 10 2 2 395 3 294 2 204 3 1222 1 207 3 455 4 1145 2 1240 1 1462 3 1418
377 10 2 3 1365 1 337 3 182 2 1105 3 760 5 523 1 305 2 1393 1 1320 1 517
378 10 3 1 674 2 410 2 38 5 443 1 83 5 735 3 1227 3 714 7 826 1 833
379 10 2 1 667 3 1220 6 16 1 368 1 352 3 47 1 553 1 1072 1 425 4 503
380 10 2 2 1170 2 239 2 1230 1 356 3 242 1 1482 4 1235 1 1168 2 306 2 920
381 10 2 2 371 1 959 3 1135 1 220 1 889 2 984 4 451 1 1080 3 714 2 1079
382 10 2 4 466 2 1407 1 1486 2 1012 1 1430 1 1399 2 1037 2 1064 1 709 4 559
383 10 3 5 1122 3 757 7 925 3 127 1 1005 9 1346 2 1399 5 1150 3 738 1 397
384 10 2 1 1335 2 783 2 1340 3 1359 1 1351 1 373 1 1228 6 523 1 789 4 1216
385 10 1 1 288 1 92 2 162 1 688 3 1470 2 907 1 653 1 503 1 139 5 860
386 10 1 2 1442 1 794 2 1174 1 1474 1 1180 1 983 2 434 1 391 2 1215 2 1425
387 10 2 2 1188 5 517 6 594 1 573 1 915 1 1281 1 964 4 28 3 334 2 1360
388 10 2 3 629 4 243 2 1072 1 1165 1 251 1 451 1 1072 2 174 2 75 3 1327
389 10 1 1 814 1 384 1 1500 1 617 1 103 1 825 1 1050 3 848 2 358 6 153
390 10 1 1 552 4 482 1 49 1 1288 1 1198 2 420 1 538 2 830 1 50 2 147
391 10 1 3 705 1 1298 1 1331 1 859 3 72 1 587 1 302 5 748 1 957 1 927
392 10 2 6 972 1 778 1 499 3 28 1 982 3 311 1 517 1 553 1 1116 3 659
393 10 2 1 306 4 161 2 782 2 538 7 143 1 304 1 200 1 602 1 1188 1 1497
394 10 2 5 304 3 406 3 266 2 840 1 418 3 1112 1 491 3 507 1 997 6 1057
395 10 2 1 484 4 1316 2 920 3 6 4 884 1 2 2 643 5 995 2 1073 1 231
396 10 2 4 836 5 124 6 795 1 643 1 1338 2 20 3 285 1 1333 1 608 4 424
397 10 1 1 917 1 1331 1 1001 2 1381 2 499 4 618 1 1353 4 738 1 1351 2 940
398 10 2 2 868 2 420 3 845 3 68 1 895 3 1292 1 295 1 553 3 1193 7 389
399 10 3 7 712 1 600 1 1213 10 1029 1 415 7 176 1 322 2 1034 1 768 2 1383
400 10 1 2 282 2 152 1 1345 1 1203 1 611 1 860 2 677 2 1361 1 1042 1 460
401 10 1 5 1321 1 850 1 486 2 887 1 119 1 179 1 643 2 819 1 749 2 1252
402 10 1 1 781 1 566 2 672 1 142 1 568 1 474 3 340 5 417 1 1463 2 1356
403 10 2 1 953 2 1318 2 216 6 267 3 633 2 1077 2 127 1 1029 2 398 3 1096
404 10 2 1 115 2 545 2 1003 1 1133 3 98 3 563 1 474 1 714 2 1476 7 504
405 10 1 2 558 4 1018 2 1364 2 515 3 660 1 992 1 1111 2 834 1 165 1 480
406 10 3 1 893 6 780 2 19 1 731 4 489 10 1061 1 1381 1 1463 1 526 3 339
407 10 2 2 1100 4 317 2 634 2 518 5 1430 2 1114 1 713 3 1137 1 994 1 512
408 10 2 7 65 8 149 2 471 1 130 1 739 1 1367 1 277 1 1175 3 987 2 877
409 10 1 4 1199 1 1030 2 1194 1 773 4 1060 1 254 3 560 1 10 1 9 1 388
410 10 2 3 969 1 174 2 1175 1 535 2 310 5 922 1 70 2 1139 5 1485 1 149
411 10 1 1 82 2 853 1 321 3 890 1 923 1 174 1 1100 7 1055 1 521 1 907
412 10 1 1 776 5 250 1 571 1 61 2 1184 1 1167 1 1366 3 389 2 1151 2 768
413 10 2 2 1456 1 1354 1 653 1 7 4 96 4 864 1 379 1 725 1 247 5 865
414 10 2 1 1285 1 1484 4 1067 2 833 2 307 3 434 1 775 1 104 2 1237 4 1203
415 10 2 9 1183 2 498 2 639 4 63 2 989 3 938 3 398 1 504 1 1026 1 960
416 10 1 1 1102 2 32 2 452 1 221 1 1211 1 912 4 934 2 385 1 1374 1 1406
417 10 2 1 259 1 1250 4 567 1 893 4 1179 1 1337 1 555 5 118 1 305 1 141
418 10 2 2 683 4 70 1 744 2 961 1 1240 1 1298 1 863 1 856 1 517 11 478
419 10 2 2 610 3 1341 1 830 4 861 1 996 1 819 1 468 5 1006 3 1371 4 525
420 10 2 1 4 1 522 5 1232 1 1366 1 342 4 1249 3 284 4 421 2 724 1 1057
421 10 1 2 968 2 60 1 798 2 1486 2 896 2 300 1 831 3 732 1 590 3 208
422 10 2 1 89 3 874 3 1235 1 203 1 1330 1 115 1 564 2 1184 4 36 3 790
423 10 2 1 395 4 1106 8 107 1 977 2 234 2 99 2 331 5 608 3 1103 1 351
424 10 2 3 1270 1 1232 1 1368 1 119 1 428 4 25 2 304 4 1012 1 916 5 1394
425 10 2 1 263 2 260 2 922 1 1011 4 18 4 384 5 1422 1 23 1 1367 1 1466
426 10 2 3 1027 1 1482 2 816 1 222 3 881 3 1300 2 162 2 385 11 722 1 800
427 10 2 2 812 5 730 4 538 1 378 2 416 2 1356 2 1190 2 989 2 1063 2 995
428 10 2 1 1281 2 104 3 1241 2 788 1 65 3 294 1 345 4 931 2 1402 1 94
429 10 2 2 991 1 176 1 517 3 691 1 175 4 1264 2 867 3 173 2 1021 1 833
430 10 2 6 151 1 567 1 1450 3 1220 3 53 2 83 1 868 1 266 5 832 1 714
431 10 1 1 761 1 6 3 273 2 1402 2 1428 2 478 2 402 1 997 3 161 2 557
432 10 2 1 11 1 360 2 692 1 960 7 575 1 1315 1 471 3 1469 2 1470 1 389
433 10 1 2 1373 1 1274 4 241 3 775 1 1194 1 982 3 1020 1 461 1 783 2 280
434 10 1 1 119 2 309 1 1024 1 294 1 1139 2 590 1 998 2 716 4 1106 2 285
435 10 2 3 132 3 738 1 1196 1 811 2 456 1 1105 5 412 2 737 2 1080 1 101
436 10 1 4 542 1 1041 1 717 1 90 2 733 3 1016 1 403 1 698 1 431 1 618
437 10 2 3 545 1 1376 3 197 1 687 3 1470 3 218 1 46 4 578 1 658 1 116
438 10 2 1 1119 1 95 7 1038 3 442 2 610 1 747 2 1001 1 263 1 135 2 1249
439 10 2 1 1028 1 867 6 199 1 824 6 542 3 925 3 1452 1 179 3 105 1 376
440 10 2 2 329 1 206 6 80 1 147 3 660 1 172 3 420 5 1183 1 546 2 300
441 10 2 1 467 1 657 1 884 2 1108 5 1323 1 1163 4 1095 1 109 2 18 2 138
442 10 3 4 952 7 1435 2 1225 4 1333 1 1372 1 14 11 232 1 156 2 1352 2 1056
443 10 2 3 328 1 1033 1 1199 1 1340 1 669 1 370 7 178 2 203 2 1180 1 315
444 10 2 5 967 1 1042 2 229 1 546 2 420 2 303 1 1074 1 372 1 237 4 432
445 10 2 1 421 1 496 1 1180 6 1291 4 579 6 1062 1 1472 1 344 1 124 1 1381
446 10 2 2 1355 2 855 3 402 1 1263 2 927 1 238 4 939 1 1128 2 617 2 980
447 10 2 2 882 4 549 1 851 1 1106 3 12 3 1041 1 1031 2 346 2 93 1 1374
448 10 2 7 561 1 719 2 616 1 1063 1 68 3 829 4 552 2 1379 3 422 1 945
449 10 2 2 411 1 420 1 863 3 214 3 1038 1 980 1 717 1 871 7 1217 1 453
450 10 2 3 1075 1 1085 3 673 1 165 1 331 2 1176 4 1386 4 1364 3 1357 2 899
451 10 1 2 1262 1 399 1 96 1 407 2 966 2 170 6 1418 1 658 1 247 1 998
452 10 2 1 760 1 354 7 1279 2 944 1 843 4 778 1 97 1 1031 2 964 2 769
453 10 2 1 398 3 1289 1 233 1 423 3 429 1 1306 2 365 3 904 4 1401 1 1446
454 10 2 1 1417 1 1231 2 1193 5 771 2 1014 1 392 7 749 1 1187 3 1116 1 1499
455 10 2 3 117 3 235 1 565 3 34 1 650 3 553 2 1484 1 1110 5 662 1 1372
456 10 2 1 1076 1 496 5 53 1 492 4 238 3 243 1 1198 2 1050 2 1488 1 875
457 10 2 5 564 2 1006 1 39 1 1461 1 457 2 1416 3 761 4 1273 4 1217 2 1027
458 10 2 1 711 3 791 3 817 2 265 3 1066 1 1167 4 907 1 597 2 1002 1 1403
459 10 2 2 271 2 1112 2 517 2 741 1 1149 5 1111 2 914 5 423 1 941 3 1153
460 10 2 6 628 2 1222 2 747 1 51 1 692 2 343 1 638 4 920 1 139 1 49
461 10 2 2 445 1 548 1 1032 1 84 4 1007 5 435 3 1307 3 670 1 147 1 1151
462 10 1 1 47 2 553 2 11 2 337 1 497 1 461 2 1487 3 1493 1 372 3 1393
463 10 2 3 1244 1 267 1 684 2 442 1 796 2 372 2 306 3 126 3 1189 2 806
464 10 2 2 1316 5 298 3 448 1 219 1 105 1 1384 2 992 5 814 1 505 1 1129
465 10 2 2 729 1 939 1 897 2 478 3 1246 6 461 2 1141 2 1231 1 1087 2 1045
466 10 2 3 102 1 301 2 1120 2 523 3 99 2 1048 9 1221 1 926 1 1418 1 582
467 10 1 1 1412 1 15 3 195 1 1181 3 972 3 139 1 214 3 374 2 216 1 1466
468 10 2 5 429 1 241 4 1227 2 1332 2 1071 1 1432 1 545 2 1001 2 1088 2 400
469 10 3 3 880 1 1005 11 43 6 1266 1 801 1 1345 2 323 3 730 4 1434 3 107
470 10 2 5 660 2 380 2 1102 1 906 3 1189 3 1139 3 540 1 657 1 1183 1 1484
471 10 2 2 666 2 1050 1 1446 2 1189 1 216 3 747 4 1006 5 654 1 721 1 1112
472 10 2 1 746 3 91 1 421 2 1083 1 1286 3 1256 1 599 6 1349 1 597 2 236
473 10 2 1 1391 3 55 1 375 1 714 7 406 1 1431 1 945 2 196 1 1090 2 850
474 10 3 2 1027 6 452 6 1193 1 877 2 506 1 1183 3 867 3 48 2 1167 5 1034
475 10 1 1 921 1 161 1 429 5 1083 1 439 1 1328 1 1497 2 1452 4 1064 1 1244
476 10 2 2 891 3 252 2 1475 2 767 2 218 2 690 4 646 3 612 1 1367 1 535
477 10 3 11 1088 3 27 2 1415 1 1171 3 1317 5 973 1 930 1 122 1 165 3 1305
478 10 2 3 839 2 448 1 1412 1 606 5 125 1 1193 2 1226 1 1033 5 1397 1 1332
479 10 2 1 637 2 496 1 888 1 1015 1 270 2 1409 5 1425 1 334 1 891 5 683
480 10 1 1 1172 2 1117 1 805 1 1142 1 1459 2 119 2 871 2 851 4 351 1 1263
481 10 1 2 394 4 1223 3 1098 1 1179 2 155 1 1475 1 639 2 22 1 750 2 773
482 10 1 3 1042 1 567 1 1297 4 769 1 320 1 565 1 1124 2 861 1 586 2 1016
483 10 2 4 631 1 768 1 296 4 572 1 1392 3 1314 1 1286 1 695 3 1037 1 384
484 10 1 1 1250 1 1224 1 1175 1 654 2 1109 2 1454 4 1278 2 929 3 1407 1 247
485 10 2 1 1492 2 1490 2 859 1 510 1 62 2 434 2 114 1 1023 7 593 4 381
486 10 1 3 122 2 1021 1 1006 2 1093 2 1303 1 1496 1 1441 2 511 4 796 1 1216
487 10 2 4 125 3 509 1 748 1 793 3 1360 1 970 1 1482 6 1238 1 1360 2 1363
488 10 1 2 1000 2 61 1 796 4 667 1 936 1 1260 1 116 2 862 1 439 1 247
489 10 1 2 1012 1 81 2 677 6 1064 1 1445 1 867 1 112 1 530 1 320 2 1112
490 10 2 2 780 6 1284 1 884 1 1390 2 1352 2 1060 5 920 2 648 1 1282 1 953
491 10 2 3 709 3 1346 1 773 2 906 1 485 1 1035 1 124 4 1467 4 94 1 571
492 10 2 1 90 1 1090 3 1265 1 1351 6 472 1 727 3 543 2 1099 2 1059 2 353
493 10 2 3 768 2 606 3 247 1 494 2 122 1 59 1 1039 4 1248 1 426 4 1294
494 10 2 2 1131 2 1396 2 1304 3 1460 1 377 1 1030 3 266 2 1479 3 745 3 726
495 10 2 1 872 1 107 1 380 2 1170 3 945 4 573 1 870 1 677 2 1019 4 830
496 10 3 4 990 1 1086 3 1033 3 681 2 1366 3 586 3 1279 4 25 5 742 3 443
497 10 2 4 1408 6 1135 1 66 2 1418 2 714 1 948 1 692 4 1342 4 134 1 1411
498 10 2 2 6 1 476 5 417 1 1211 2 679 1 526 1 1307 2 906 1 657 10 882
499 10 1 2 793 1 946 2 359 2 132 1 348 2 568 2 1355 2 1325 1 312 2 1322
500 10 2 2 360 2 755 1 1394 2 574 1 717 3 843 1 677 3 1132 2 42 5 1328
