1 20 4 1 8 1 952 2 571 3 456 1 1441 2 1299 10 835 1 596 1 618 5 816 1 800 1 882 2 1002 3 85 3 1162 1 1489 2 1160 1 661 4 1098 1 799
2 20 4 1 547 1 833 2 293 1 220 1 509 2 495 1 418 5 752 3 1027 1 35 1 1377 2 1123 6 711 3 1032 1 1471 1 798 5 354 1 62 1 859 1 265
3 20 3 1 1490 4 259 3 709 1 910 1 476 2 290 1 1353 1 410 4 451 2 711 1 221 3 718 1 381 1 115 1 1378 2 1098 3 142 1 1050 2 1413 2 978
4 20 4 1 1186 1 1043 1 952 3 96 1 21 5 212 2 768 4 200 1 1432 1 662 1 397 1 198 1 867 4 875 1 329 2 125 3 152 5 976 4 917 3 1366
5 20 4 2 968 2 1415 1 603 3 1247 1 851 1 1061 1 227 6 1496 2 1485 1 477 2 468 1 187 1 831 2 562 3 1327 3 1468 2 441 2 1 2 1393 2 1149
6 20 5 1 802 1 923 4 481 1 215 3 731 4 692 8 861 1 655 1 501 6 1136 2 127 7 993 1 587 1 607 3 1406 1 1029 3 893 1 73 4 643 4 280
7 20 4 1 1246 2 1400 3 174 1 1308 3 1369 1 944 1 706 7 98 1 1070 8 519 3 1186 2 436 2 64 1 629 1 454 1 1082 2 38 1 996 2 1175 3 1320
8 20 4 3 174 3 1072 9 649 2 973 1 1073 1 861 2 222 1 637 3 52 2 305 1 475 1 1432 2 496 2 1279 1 388 1 397 1 538 2 946 1 1307 2 1122
9 20 4 2 1023 1 793 5 1226 1 1243 2 1452 3 937 4 341 4 1001 1 1391 1 1470 2 333 2 326 1 1276 1 168 1 669 1 1060 2 343 4 1247 2 15 1 153
10 20 4 4 395 1 88 3 222 1 1393 1 62 3 1426 3 289 2 111 5 806 1 797 1 125 1 774 3 1223 1 827 4 376 2 748 1 1052 3 89 1 496 1 148
11 20 3 1 501 2 286 1 1357 1 82 1 472 5 894 3 1077 1 698 2 678 1 644 2 1317 1 798 1 232 1 10 1 238 1 1070 4 1017 3 395 1 702 3 844
12 20 4 1 335 4 13 2 1274 1 599 5 1229 4 1112 3 501 1 1200 1 465 1 1459 3 668 1 1028 1 694 1 1252 4 1464 1 1440 1 987 2 1303 3 1424 1 1145
13 20 4 2 561 4 1194 2 1101 3 1324 3 231 1 231 1 1453 1 683 3 26 3 777 1 786 1 512 1 10 7 971 1 396 1 659 1 351 2 886 7 237 2 1049
14 20 4 2 1041 1 617 1 1407 4 1017 1 1382 3 1190 1 1158 1 652 1 66 6 351 1 492 4 263 4 591 1 1422 1 80 1 84 2 1155 2 1474 1 1188 2 1297
15 20 3 1 364 2 1364 1 476 1 962 4 565 1 118 3 570 1 740 1 522 1 967 3 727 2 637 1 19 2 1256 3 1204 2 828 3 985 2 1350 2 788 3 849
16 20 3 1 1295 2 275 2 1358 1 640 1 1470 1 1224 1 1488 1 688 1 370 1 44 2 810 1 668 5 1021 2 669 3 210 1 430 1 457 1 917 2 1151 2 824
17 20 4 4 1131 4 1453 2 414 1 767 2 1229 2 180 1 266 2 1145 3 376 1 1466 2 20 2 804 2 584 2 1480 1 498 2 240 3 576 3 390 2 1324 1 1433
18 20 3 4 490 1 1334 2 827 3 123 2 745 1 977 1 337 3 794 1 1413 1 118 1 1219 5 835 3 928 4 613 1 1232 1 54 1 662 1 641 1 275 1 111
19 20 4 3 1095 2 4 1 1156 1 386 3 337 2 1462 3 1003 1 737 1 1331 1 470 2 419 12 406 1 966 3 911 1 264 1 693 1 25 2 354 4 803 2 197
20 20 4 1 1258 2 1102 2 1341 2 1335 1 1414 2 1481 1 666 1 979 1 1497 1 1250 1 246 2 515 7 582 1 1437 3 465 2 1224 7 129 5 919 1 688 1 1264
21 20 3 1 842 3 405 1 462 1 100 1 1201 1 88 1 429 1 1052 1 306 3 977 2 950 2 1394 4 249 3 1129 1 658 1 1051 2 864 2 1401 2 1240 1 825
22 20 4 3 763 1 64 4 179 2 1411 4 290 2 1098 4 182 1 1430 3 270 4 471 7 1348 1 483 2 625 1 360 4 1035 2 73 1 1190 1 1463 1 896 1 1258
23 20 4 2 1332 4 260 1 723 3 357 6 222 1 236 3 1356 1 1359 5 1422 4 1037 1 1105 1 423 1 1418 1 855 2 427 1 20 1 667 2 871 7 128 1 763
24 20 4 4 844 1 587 1 1006 2 639 1 638 1 980 1 55 2 1331 2 991 1 168 1 567 7 790 3 192 2 1143 5 1087 2 1131 4 223 3 890 5 722 1 95
25 20 3 2 811 3 1488 2 66 1 1265 2 1311 2 1219 3 393 1 923 2 101 3 1488 3 1459 1 972 1 350 1 306 1 622 2 1235 1 1082 1 22 1 97 3 135
26 20 3 2 1195 3 426 1 1154 4 488 1 22 3 1176 1 1470 1 849 1 1489 2 15 1 80 2 849 3 1236 2 608 2 1239 1 120 3 1193 1 899 2 1115 1 845
27 20 3 1 425 1 101 2 626 1 37 2 1072 2 813 4 1042 1 964 1 277 1 772 1 1023 2 623 1 209 1 337 1 1186 1 195 1 1335 5 201 1 1366 2 1139
28 20 5 1 1481 1 356 2 250 2 1391 1 328 1 60 1 1489 1 68 8 74 3 236 4 1278 10 265 3 849 5 643 1 774 1 397 1 688 2 1465 2 833 1 144
29 20 4 1 1236 2 312 1 1005 1 909 2 818 4 169 8 29 1 1343 1 571 1 1084 1 312 3 236 5 1015 1 732 2 1394 1 904 2 782 1 400 2 665 3 1013
30 20 3 1 576 2 143 1 1104 1 1310 4 873 2 476 4 681 1 1235 1 206 1 785 2 280 2 90 1 178 3 1487 4 173 1 357 1 1484 1 900 1 1394 4 1321
31 20 4 3 1370 1 1349 1 691 5 556 5 267 1 203 1 891 2 731 2 532 3 480 1 937 1 248 2 1126 3 1177 8 1260 3 1332 1 568 1 567 1 1019 1 599
32 20 4 1 726 1 377 5 1335 2 304 2 560 2 944 1 1282 1 617 3 1301 2 1119 1 1164 2 1329 3 1468 4 823 1 703 1 588 1 268 2 165 1 356 7 494
33 20 5 1 1475 4 1244 4 1312 4 1184 2 3 1 383 2 54 1 186 1 1290 11 959 2 1405 2 1013 4 530 5 39 3 364 1 313 3 430 2 1322 2 421 3 1134
34 20 3 1 1338 1 656 1 1343 3 1382 1 263 1 1444 1 674 1 581 2 805 1 564 5 194 1 1013 2 1349 1 960 5 1213 5 1133 1 892 1 1466 3 213 1 965
35 20 6 2 631 1 1084 1 1195 4 921 1 1327 3 762 4 776 4 831 9 149 5 1379 2 1108 4 191 2 211 4 451 5 650 1 1242 8 162 1 1442 1 1222 2 898
36 20 3 1 289 2 194 2 1445 4 1426 1 48 1 869 1 1472 2 685 3 21 3 846 3 742 1 1028 2 976 2 837 1 257 1 884 1 600 1 1216 2 500 3 155
37 20 4 1 124 1 1075 2 23 3 61 1 527 3 264 1 937 5 357 1 664 1 1164 2 1298 1 197 6 20 2 147 2 932 4 907 3 195 3 625 1 726 2 104
38 20 4 2 1272 3 494 3 1193 1 478 1 740 1 217 1 1080 1 388 3 646 1 1146 8 1222 5 563 3 194 3 262 1 839 1 661 4 525 2 690 1 1442 4 919
39 20 4 2 894 3 1298 1 468 1 1156 1 525 1 442 8 1053 2 757 3 521 2 1247 1 1163 3 1283 1 1334 1 517 4 475 2 1124 1 727 2 1381 1 286 1 259
40 20 4 3 954 1 831 2 1450 1 285 2 1100 1 316 1 1067 4 852 3 1259 2 22 1 814 1 321 6 474 1 1354 1 837 1 891 5 1045 4 1464 3 545 1 688
41 20 5 1 987 4 1168 4 1367 2 564 1 180 7 728 2 915 2 1010 1 1485 1 1309 2 679 2 488 1 21 6 879 1 81 3 598 1 566 2 1300 6 823 1 1259
42 20 3 1 1060 1 719 1 862 2 726 1 1248 3 1389 2 668 1 1468 2 121 1 715 2 271 1 1377 2 1269 1 381 1 846 1 527 5 584 2 1402 2 864 1 1243
43 20 5 2 1368 1 532 7 1155 3 114 8 751 2 779 1 921 3 1403 1 583 2 307 1 704 2 1248 1 807 2 989 5 611 1 990 1 313 5 964 1 218 1 1456
44 20 5 1 515 1 1142 1 572 1 654 5 395 4 36 2 643 5 772 2 1125 3 53 1 291 2 1397 2 119 2 653 1 50 4 455 3 1352 4 1155 3 958 3 68
45 20 4 5 1101 1 655 1 521 2 86 1 712 4 759 7 895 3 1431 1 1029 2 1318 2 878 1 182 1 1334 2 915 2 1416 1 401 2 762 3 554 3 1016 2 1271
46 20 6 4 605 1 573 1 387 1 439 2 946 2 827 6 213 2 643 4 672 3 14 2 845 1 728 1 210 3 438 6 1479 6 758 3 1198 4 611 6 1338 2 262
47 20 4 2 1451 4 95 2 1405 4 413 1 1154 1 225 7 636 5 1460 2 902 2 272 3 567 1 1256 1 1217 4 320 2 819 1 193 1 366 2 1379 1 930 1 281
48 20 3 1 254 2 678 1 295 1 927 1 719 2 54 1 244 1 1186 1 194 2 1199 2 1035 6 630 1 579 2 1342 1 1143 2 129 3 1092 1 547 4 1410 3 341
49 20 4 4 299 1 156 1 5 1 100 1 874 3 608 4 685 1 125 2 1326 4 228 6 918 1 254 1 226 1 286 2 1123 3 1236 1 1208 1 873 5 907 1 995
50 20 4 1 901 1 740 1 409 2 114 1 1479 2 181 1 1317 1 545 4 565 6 254 1 112 2 997 2 489 1 546 4 690 1 696 1 1341 3 145 5 721 2 183
51 20 4 3 47 2 959 1 473 2 286 3 387 2 1389 1 830 1 146 3 390 1 450 1 1270 2 828 3 983 2 43 5 1411 1 228 2 314 1 1403 2 1118 4 26
52 20 6 4 1183 5 224 4 27 1 1265 1 1316 1 1274 11 680 1 1148 5 1264 1 1408 6 1037 4 899 3 230 6 1335 4 928 1 1445 1 414 2 8 1 738 1 721
53 20 5 8 924 2 764 1 1472 11 1117 2 1295 3 1015 2 734 3 265 2 1404 1 561 4 933 2 1072 4 578 2 172 1 172 4 1311 1 1353 2 751 2 230 1 61
54 20 3 1 494 1 894 2 559 1 1468 1 987 2 641 2 433 3 1052 1 1463 1 1181 1 287 2 293 1 59 1 1072 3 143 1 198 1 877 4 892 1 1452 1 975
55 20 4 1 1477 1 1113 1 1161 2 318 3 1192 5 1146 3 851 1 1444 5 184 1 600 4 454 4 1291 3 242 4 777 2 1151 1 670 1 208 1 473 4 172 1 271
56 20 3 1 874 2 257 1 140 3 1329 1 737 1 1118 1 558 1 231 1 349 1 510 1 1231 1 843 3 504 1 591 3 34 1 106 3 1366 1 439 1 1156 2 18
57 20 3 1 902 2 546 1 515 1 979 1 746 1 911 1 1025 2 1226 4 961 1 822 1 1164 3 1246 1 229 4 1399 1 1400 3 1356 1 52 5 532 2 532 1 1347
58 20 5 2 707 4 173 4 677 1 847 1 1148 7 1046 1 326 4 632 1 787 3 879 2 65 7 731 2 183 3 1074 3 1038 3 1411 2 648 1 1207 1 695 2 727
59 20 6 1 698 4 1165 2 1469 3 874 1 1125 3 1275 1 1236 5 817 3 1316 1 968 2 1476 2 1472 10 145 6 1300 3 87 4 413 4 376 1 74 3 1484 1 627
60 20 3 3 1285 1 684 8 59 1 1056 1 1361 1 1351 2 188 1 1081 4 285 3 1020 1 115 2 1230 1 278 3 158 1 876 1 916 1 26 2 877 1 700 1 290
61 20 4 1 959 1 1455 4 1001 1 1497 4 644 3 956 6 1369 1 1015 4 522 1 139 3 1299 2 37 3 1284 1 184 1 649 2 275 3 409 2 510 1 1430 1 1315
62 20 4 1 1136 2 883 1 570 1 462 2 1422 2 1209 3 155 6 570 3 732 3 1012 1 985 3 419 1 862 1 982 3 909 5 799 3 375 3 549 1 978 1 655
63 20 3 2 1198 2 588 2 1230 1 96 3 1362 4 577 2 105 1 877 2 729 1 737 1 471 2 1081 1 188 1 393 3 620 5 1103 2 657 2 1013 1 300 1 1139
64 20 3 1 1115 1 1200 1 940 3 144 1 348 1 701 4 535 1 547 1 929 1 847 2 948 4 31 2 722 1 809 1 1045 2 757 2 229 1 1113 4 991 1 1257
65 20 5 2 334 1 1007 4 639 5 538 3 70 1 1248 2 520 4 761 4 1399 2 711 1 1314 8 1429 2 532 2 464 1 365 1 1451 3 1024 4 970 1 1137 1 1466
66 20 4 4 450 1 1081 1 922 4 912 1 956 6 246 3 1276 1 471 2 1308 1 738 1 947 4 862 4 586 6 1233 1 378 4 922 1 556 1 44 1 1217 1 332
67 20 3 1 1419 8 1368 1 1456 2 789 1 1068 2 497 2 1423 1 1228 2 1337 2 375 2 1051 1 37 2 978 1 1178 1 505 3 41 1 483 1 1436 1 1480 2 64
68 20 4 1 261 2 130 1 546 5 1240 1 651 2 448 1 1481 4 718 4 772 3 1477 7 125 1 1257 3 283 2 596 1 1334 1 961 4 193 1 1126 1 1302 1 1377
69 20 5 2 572 3 1324 2 759 6 479 7 538 1 1289 2 295 5 591 1 703 6 1099 1 949 1 554 2 38 1 31 1 870 1 210 3 927 1 1328 3 601 3 1470
70 20 4 1 764 1 1243 1 1439 3 234 4 1341 1 290 3 1047 2 113 1 495 3 83 2 815 1 61 1 655 5 1243 1 600 2 5 7 312 2 1177 1 223 2 937
71 20 3 1 423 2 1059 1 1363 5 1150 3 238 2 832 2 1381 1 1495 2 1256 1 784 1 419 1 1164 3 1171 1 1126 1 429 1 320 1 212 1 917 1 113 6 1255
72 20 4 2 1406 2 1000 2 493 1 769 2 1328 1 1107 5 542 2 417 6 322 1 796 2 130 1 1376 1 573 1 735 2 58 3 472 1 1042 1 1399 1 1180 4 414
73 20 4 6 1394 5 618 2 204 1 1373 1 712 1 739 1 1488 1 251 1 852 3 644 1 631 2 715 1 679 2 748 2 931 1 302 3 1434 1 499 2 1078 5 282
74 20 5 8 935 1 597 5 604 3 28 1 323 1 524 2 270 2 1250 1 225 1 677 4 264 1 816 1 171 2 193 1 89 1 326 4 1025 1 125 2 248 8 271
75 20 3 1 599 1 1198 4 1001 1 830 1 824 1 416 2 1098 1 685 2 807 6 823 2 607 3 237 3 18 1 912 2 222 2 729 2 869 2 113 1 21 1 120
76 20 4 2 1152 3 388 5 1220 1 182 1 117 1 74 1 265 3 910 1 24 4 990 3 286 1 500 1 762 1 1031 5 776 1 647 5 838 2 994 1 1099 1 667
77 20 4 1 103 5 1303 4 1195 3 565 3 431 1 262 2 108 2 1241 1 1480 2 887 2 1142 1 1403 1 665 3 1128 3 768 1 454 2 1212 2 273 1 437 1 607
78 20 4 3 514 4 379 2 1422 1 1410 6 540 2 558 2 98 1 741 3 1198 2 706 3 377 2 752 1 817 2 283 8 1189 1 1066 2 106 1 1198 2 1371 1 513
79 20 5 1 621 1 114 1 1249 1 1154 2 677 1 507 2 1377 6 1355 2 671 4 574 4 889 3 1454 1 456 5 1361 2 273 6 291 3 550 2 734 1 1450 2 742
80 20 3 1 513 1 1404 1 470 1 1486 1 125 1 1471 1 1408 2 1330 4 769 3 89 1 1338 1 692 1 69 3 150 1 270 1 1124 1 1062 8 295 1 24 2 285
81 20 5 5 583 1 878 3 263 2 883 3 828 5 688 2 821 1 1143 1 1392 3 1155 1 985 4 570 3 1059 3 505 1 224 3 1253 1 156 2 241 8 234 3 292
82 20 4 1 1233 1 1139 6 1372 2 1438 2 390 1 985 2 1357 3 521 2 644 2 1432 3 1393 4 322 2 414 2 439 3 1159 1 852 1 543 1 420 1 1013 1 1397
83 20 4 3 1474 4 1349 2 1157 5 1340 4 193 4 184 3 17 1 924 3 429 1 695 1 324 1 1050 1 52 1 358 2 827 2 1480 2 411 1 1211 1 1175 1 252
84 20 3 2 83 1 454 1 362 1 358 2 526 1 931 1 513 2 816 3 88 6 727 1 1169 1 772 2 236 2 1499 1 1062 1 168 1 23 2 1223 2 419 1 655
85 20 4 3 543 1 1457 2 733 4 267 1 334 1 837 2 436 1 1164 2 309 4 1182 5 267 2 304 2 1300 2 1328 3 356 1 990 1 1274 1 156 1 743 1 88
86 20 5 1 1278 1 510 2 3 1 1149 1 363 2 1495 4 691 1 698 1 793 8 102 4 188 1 56 1 129 5 761 7 1100 2 406 5 466 3 287 1 995 1 937
87 20 4 2 1151 4 1386 2 1171 2 1416 1 612 1 1470 1 253 2 11 1 527 1 638 2 1155 1 1429 1 1279 2 133 6 416 4 1478 1 133 2 400 2 969 2 785
88 20 3 2 555 1 696 5 328 1 1058 2 1440 2 1225 2 382 3 301 1 632 1 1326 1 1314 2 40 1 1330 1 1434 2 744 1 551 2 318 1 95 1 889 3 532
89 20 3 2 2 1 63 2 1026 2 577 1 593 1 1204 2 68 3 1145 4 743 3 889 2 186 1 823 1 483 4 769 2 708 2 1008 2 218 1 604 1 488 2 645
90 20 3 1 544 4 737 4 1314 1 1277 1 1373 1 148 5 1290 2 1037 1 121 1 807 1 1035 3 372 2 287 1 1142 1 681 1 885 1 10 1 329 3 727 1 711
91 20 3 3 438 2 991 2 856 1 1261 3 63 1 431 1 727 2 236 3 106 2 1091 4 574 1 735 2 1033 1 703 3 39 2 686 2 210 1 1083 2 138 1 775
92 20 4 1 746 5 1172 6 1238 1 1017 1 309 4 141 1 624 3 807 1 484 2 670 1 1378 1 1457 3 1382 3 1293 4 697 4 1478 1 587 1 1063 3 381 2 848
93 20 5 4 753 5 505 3 582 1 1110 3 1138 4 243 1 412 3 295 6 1429 1 1335 2 1329 2 533 1 1084 2 835 1 396 2 1062 1 473 1 1089 5 811 2 1385
94 20 4 2 822 7 639 3 1055 1 1192 2 1195 1 1149 2 1444 2 332 3 1022 3 1442 1 94 1 676 6 1139 1 894 1 829 1 359 1 528 4 1377 1 301 1 258
95 20 4 3 440 5 812 1 498 1 1197 3 643 1 1246 1 777 4 1297 1 473 2 30 4 918 1 451 4 401 1 1326 3 16 1 365 3 1288 1 643 3 1424 2 645
96 20 4 4 909 1 448 3 1046 1 371 3 1374 1 963 3 816 3 1443 1 1324 1 785 1 88 7 624 1 386 1 1 1 768 4 822 1 8 1 1093 1 139 2 1064
97 20 4 1 561 3 514 1 798 1 780 4 173 4 1432 2 404 1 1475 2 94 3 920 2 127 1 807 2 23 1 1117 3 965 1 1016 2 76 2 1009 3 1040 6 463
98 20 4 1 1106 1 1001 1 392 4 1360 2 475 2 314 1 514 1 1284 1 469 3 148 1 460 1 8 3 289 3 603 3 530 5 1461 6 204 3 165 5 1381 2 1290
99 20 4 6 790 1 224 1 1374 2 444 1 442 5 706 3 853 1 273 1 1106 1 1215 2 67 2 571 1 1332 1 835 2 395 2 855 1 31 1 1260 5 684 1 407
100 20 4 1 230 1 474 3 201 1 1224 3 182 2 1394 4 731 2 688 1 364 3 742 1 1017 5 534 3 1068 2 324 4 304 1 1440 1 1435 3 794 2 1211 5 1071
101 20 4 3 68 1 80 1 102 3 1202 2 895 2 1460 3 892 6 809 2 438 1 994 4 211 6 933 1 143 1 1308 2 432 1 1445 2 1314 2 893 2 425 1 567
102 20 5 4 408 1 434 1 884 4 548 3 253 1 508 1 1155 1 720 2 605 4 659 1 901 3 1457 2 1108 2 1225 3 1422 8 658 1 194 3 800 4 1094 2 1169
103 20 5 1 1179 3 558 6 1351 3 1053 3 373 3 286 1 127 1 1215 5 488 2 966 2 1391 1 1216 4 23 6 931 9 578 1 1100 1 1012 1 50 1 605 1 707
104 20 4 1 564 1 1161 1 596 2 578 2 275 2 61 6 1101 1 152 4 1190 3 813 1 22 1 1310 1 1077 3 911 7 940 1 1470 1 1120 1 103 1 1312 2 780
105 20 3 4 27 1 904 2 1142 1 1015 2 950 4 224 1 1121 1 557 1 64 1 375 1 739 3 1273 1 1338 2 213 1 190 1 719 1 1280 1 1294 1 12 2 197
106 20 4 1 574 1 1129 1 333 1 403 3 338 7 864 2 281 5 505 1 832 1 1199 2 469 5 990 2 983 1 123 1 1270 4 1315 4 985 4 420 1 1384 2 284
107 20 4 1 878 4 1500 5 810 3 1424 5 972 2 737 1 1066 5 169 1 1343 1 687 1 1120 2 835 1 61 2 1390 3 574 1 676 1 841 3 54 4 668 2 1065
108 20 5 6 1350 3 134 4 697 4 1497 1 680 4 1017 1 1179 2 1038 1 730 3 131 5 1465 1 818 1 104 1 1022 5 1194 1 343 1 391 2 273 3 1162 4 1027
109 20 4 1 239 3 42 1 1070 3 612 5 214 7 384 1 1019 1 151 1 359 1 1105 2 570 1 826 1 447 1 76 2 449 7 504 3 1440 1 751 3 710 3 650
110 20 4 1 2 1 1015 1 40 1 857 3 1347 1 639 1 983 2 485 1 1155 2 1252 1 1043 1 1456 3 288 2 1007 2 644 2 1322 3 1049 4 190 1 628 7 1104
111 20 4 3 1374 1 610 1 103 3 893 2 1423 8 54 1 967 1 1288 1 1490 2 730 1 1186 1 1355 1 889 3 293 2 999 2 693 4 261 1 322 1 605 1 267
112 20 4 1 95 1 286 1 196 1 1227 1 1453 1 1296 7 1238 7 1226 2 389 4 804 7 444 1 303 1 578 5 1420 1 329 1 612 1 844 3 24 1 103 1 678
113 20 4 1 1169 7 1369 3 21 3 899 3 3 1 1431 1 335 3 842 1 669 1 1204 3 1365 2 784 1 1158 1 527 2 815 3 938 1 1483 1 318 3 1438 2 290
114 20 3 2 1461 1 38 2 362 2 888 1 1258 4 1180 1 553 1 466 1 1324 1 1023 3 95 1 395 2 1392 1 879 5 546 2 319 1 524 1 534 1 166 1 1103
115 20 4 4 306 1 72 2 474 1 717 2 966 1 1233 3 459 1 941 3 471 1 969 1 597 7 141 6 666 1 535 5 1465 2 231 1 997 1 1066 1 1091 2 826
116 20 4 2 661 1 782 2 1301 6 1266 3 1163 1 1298 2 1490 2 1139 3 1391 3 1423 1 1356 2 495 4 367 3 104 1 201 1 1373 6 1196 1 1311 1 1109 1 1001
117 20 3 1 745 4 1418 3 1147 1 422 1 468 1 1188 1 1270 1 696 4 981 2 676 2 223 1 268 2 1225 2 98 1 1249 1 148 1 761 2 67 1 410 2 1328
118 20 3 1 452 2 677 1 824 1 1127 2 96 1 1344 3 703 3 1211 1 1346 6 856 1 18 1 292 2 886 2 437 1 905 2 416 2 646 1 70 3 1018 2 1090
119 20 4 3 884 1 530 1 645 3 512 1 556 7 255 1 878 1 23 1 278 2 1009 6 222 1 7 2 1433 3 1109 2 1089 1 556 2 896 1 1341 1 851 3 229
120 20 3 3 69 2 604 2 821 1 1358 1 944 1 162 1 1248 1 1116 2 521 1 886 1 1170 1 277 2 248 3 1428 3 719 1 676 3 1149 2 1137 1 790 1 590
121 20 5 1 87 4 193 4 17 5 1194 1 16 2 94 3 465 1 575 2 825 4 598 2 537 2 9 4 1438 2 1469 2 437 1 944 1 930 8 349 1 1348 1 1049
122 20 4 9 840 3 844 5 587 1 654 1 751 1 704 1 685 2 626 3 1310 2 1037 1 1343 1 485 1 135 2 681 2 740 3 584 1 1298 2 631 1 1215 2 274
123 20 3 1 1493 2 394 5 801 2 1205 1 436 1 56 6 866 2 1383 2 32 1 963 1 168 2 1333 1 881 2 1320 2 798 1 26 1 792 3 836 2 59 1 1318
124 20 4 6 548 1 1003 1 1117 4 647 2 1191 4 326 1 1065 3 739 4 1423 2 940 1 860 1 1388 1 290 3 242 3 1198 2 980 1 511 1 464 2 626 3 179
125 20 4 1 302 5 1414 3 616 1 973 3 1054 4 516 2 1097 2 848 2 385 2 1022 2 579 2 1333 1 880 1 1213 1 1403 1 977 1 668 1 995 4 939 1 834
126 20 4 2 540 3 500 2 620 5 1491 2 142 1 57 2 1055 1 53 3 1471 5 784 1 702 3 811 3 88 1 332 1 622 1 1487 1 1080 2 1484 2 617 1 807
127 20 4 1 945 5 620 1 1261 1 876 3 479 3 85 1 137 1 681 3 1250 1 815 1 13 9 1116 3 104 2 185 1 108 2 133 2 1367 4 61 1 406 1 1345
128 20 5 1 815 3 969 2 934 4 322 7 402 1 34 2 340 3 634 1 1372 2 358 9 45 1 1072 2 289 1 1357 1 455 1 557 2 1409 1 1164 2 1346 6 97
129 20 3 2 457 2 617 2 205 1 789 2 81 2 953 1 1311 5 125 2 1198 3 331 1 1262 1 609 1 989 1 267 1 1447 1 989 1 335 3 504 2 884 4 872
130 20 4 2 508 5 167 2 533 3 1189 1 1098 2 182 3 418 2 892 1 1070 1 761 1 920 5 585 4 1422 1 87 1 227 2 317 1 1121 1 264 3 226 1 336
131 20 4 4 1360 1 1435 2 800 3 237 5 1261 1 930 2 72 2 1242 1 956 6 807 6 1026 1 637 1 768 2 299 1 690 1 275 1 697 2 301 4 786 1 1382
132 20 4 1 95 2 43 1 1325 4 303 1 36 1 1346 1 654 9 72 1 881 1 1036 2 343 1 1385 1 450 1 6 2 1037 2 347 3 970 2 5 5 281 3 826
133 20 4 1 56 1 1276 3 433 9 26 4 1028 1 256 1 1408 2 854 1 1303 2 675 3 221 1 41 1 1110 2 1480 1 317 3 189 2 261 1 503 2 1499 1 1291
134 20 3 1 1055 4 589 1 6 1 1048 2 1027 3 1377 1 876 1 10 2 371 1 410 1 155 1 1170 1 1475 1 874 5 1331 1 487 5 326 2 1452 2 998 2 1100
135 20 5 2 726 1 1379 6 1089 8 74 5 438 6 3 1 24 1 210 1 1014 1 993 1 189 1 790 2 580 8 44 2 1478 2 804 2 1348 1 1410 1 1126 7 114
136 20 5 4 1442 4 278 1 837 1 1467 5 1376 3 1451 1 1213 2 924 1 472 1 861 1 398 4 90 1 945 2 531 3 705 1 884 1 633 1 403 10 698 4 550
137 20 3 1 916 1 251 2 805 2 331 1 162 3 198 6 163 1 372 2 1189 3 1141 2 750 1 723 1 1042 3 559 1 258 1 1287 2 1060 2 71 1 81 1 115
138 20 3 1 45 2 328 1 583 4 195 2 217 4 406 1 777 1 561 4 925 1 1234 1 1285 1 283 1 1089 1 408 1 208 1 1081 1 381 2 186 3 842 3 698
139 20 4 1 192 1 736 2 649 1 919 2 759 2 1291 5 445 4 1204 3 1131 4 173 2 1479 1 658 4 1438 1 564 2 1464 1 704 1 105 5 1120 1 998 1 211
140 20 4 1 164 4 960 1 112 2 481 1 883 1 1384 7 303 1 1185 2 789 1 526 3 647 2 215 1 21 1 714 6 1202 1 702 1 455 3 1119 1 534 2 569
141 20 3 1 1181 1 941 3 95 2 1022 1 1012 3 602 1 1358 1 1030 1 1057 2 476 2 367 1 1378 2 826 2 102 2 648 1 661 1 95 3 614 1 100 4 639
142 20 3 2 1415 3 1414 1 995 3 214 1 734 1 1174 1 691 2 515 1 1024 2 1263 1 1191 2 501 1 591 1 1371 2 1068 2 1023 1 846 4 351 2 174 1 1253
143 20 5 3 21 1 913 1 792 1 1203 7 54 3 1055 1 340 3 445 1 649 1 665 1 545 3 975 9 272 1 615 3 901 4 20 8 1002 1 752 5 348 1 99
144 20 2 1 691 1 527 1 158 2 330 1 953 2 237 1 670 1 1013 1 498 3 1109 1 581 1 1483 2 205 1 1103 1 863 1 303 3 1246 1 740 1 1313 2 303
145 20 3 2 1209 1 797 1 773 4 1439 1 325 1 705 2 1229 2 1292 4 543 2 1362 1 96 1 462 4 1034 1 1091 2 1455 1 692 1 803 4 1419 1 792 1 983
146 20 4 2 1013 1 491 1 1450 1 737 1 733 1 826 1 581 2 1119 1 739 1 584 1 1320 1 6 2 1033 1 466 1 1115 1 953 2 1072 10 278 4 268 5 1285
147 20 3 3 516 1 767 1 732 1 992 1 80 1 683 2 29 1 148 1 1431 1 683 1 263 2 591 4 397 3 667 3 787 1 838 3 14 2 13 2 336 3 261
148 20 4 1 1437 2 797 1 1268 1 468 5 529 4 503 1 237 1 545 1 898 1 35 1 1125 5 525 3 568 1 1249 1 353 6 46 1 409 4 210 3 1482 1 265
149 20 4 1 831 1 508 1 971 3 228 1 787 6 291 2 14 2 1072 1 813 1 1186 3 1228 4 798 3 763 2 164 2 1391 1 804 3 466 1 1341 3 1459 1 1421
150 20 5 2 619 4 740 1 957 1 856 4 467 1 1323 2 1442 3 1122 6 445 2 379 3 1106 1 678 3 1080 3 917 2 978 3 11 1 391 6 1080 1 611 1 850
151 20 3 1 299 1 38 1 1490 1 210 1 1165 1 400 4 1029 2 623 3 831 2 984 1 613 1 472 2 238 1 892 2 676 1 95 2 1332 3 1218 3 341 1 618
152 20 5 2 799 1 566 2 1445 2 409 3 247 1 253 9 1156 3 1256 1 1161 1 515 6 438 3 729 3 301 1 750 3 1365 3 40 5 351 2 505 1 187 2 782
153 20 5 3 427 5 1350 10 216 6 964 3 110 1 926 3 356 1 982 1 589 3 957 2 108 3 164 3 34 1 580 4 819 2 410 2 813 1 150 1 758 4 306
154 20 3 2 1431 1 1353 2 129 3 1386 2 31 3 77 2 1350 1 660 2 603 1 56 1 571 2 611 5 712 1 631 1 1021 1 686 1 766 3 232 1 417 1 1001
155 20 5 1 127 2 229 1 120 1 1394 3 1196 5 124 2 1492 8 399 3 701 2 1329 8 1059 1 160 1 1346 1 1205 1 551 2 1107 1 1093 4 343 1 1150 2 1298
156 20 3 1 755 1 1016 1 619 1 1380 3 1398 1 376 3 1197 4 421 1 357 1 738 1 206 1 1360 3 204 4 95 2 926 2 259 4 774 1 147 2 621 1 1061
157 20 3 1 183 5 1045 1 464 2 92 2 1064 5 1040 3 988 2 779 3 742 1 383 1 737 1 837 1 933 2 978 1 45 1 1316 1 646 2 526 1 742 1 1190
158 20 5 1 1285 3 964 3 214 2 954 4 222 1 769 1 1154 3 1406 2 876 1 798 3 68 4 755 2 824 1 914 7 906 4 1125 1 616 3 232 3 1141 1 1038
159 20 3 1 647 3 1249 5 1400 2 814 2 1462 1 919 2 204 1 681 1 448 2 392 1 607 2 1407 1 1198 1 957 2 193 1 808 1 1090 5 620 1 1256 4 347
160 20 3 1 143 1 697 1 89 2 840 3 101 1 689 1 932 2 920 1 269 2 574 1 843 4 1283 2 18 2 63 1 91 4 165 2 1242 1 410 4 1383 1 137
161 20 4 3 1203 1 87 2 1454 1 459 1 107 1 745 3 1292 2 337 6 259 5 614 3 1295 1 116 6 1229 1 484 1 289 1 1191 3 977 1 290 4 204 1 247
162 20 5 4 1034 2 826 3 195 1 639 4 1279 1 1466 4 795 3 1302 4 545 1 546 5 1359 2 1004 1 31 4 818 1 179 2 911 5 177 2 200 1 610 4 788
163 20 3 1 989 2 1037 1 272 2 614 1 602 4 215 1 718 1 848 1 843 1 300 1 1022 3 115 3 333 1 1094 2 1053 1 333 1 1000 2 1061 2 163 4 880
164 20 3 1 142 1 1131 1 987 1 531 3 756 6 1452 1 1079 1 465 3 486 1 317 1 732 1 869 4 779 2 1480 2 745 1 1228 1 169 2 840 1 8 1 1088
165 20 4 7 1283 3 1165 1 721 1 160 2 1440 1 298 2 779 1 207 1 1492 1 1270 1 1342 1 1287 1 662 2 437 1 189 2 324 3 858 2 1011 7 877 1 1258
166 20 5 2 890 1 107 1 827 1 515 2 656 1 275 1 542 1 1206 2 382 5 28 2 993 4 92 3 870 1 891 5 1015 10 959 2 676 7 937 4 592 1 1083
167 20 6 1 1041 1 532 3 1365 4 346 3 665 4 464 4 856 2 92 2 915 2 761 1 1249 15 105 3 606 2 647 1 279 7 798 1 339 2 104 4 1485 1 1216
168 20 4 3 72 1 30 2 654 1 652 3 511 3 1408 3 435 3 511 3 48 2 529 1 1178 1 765 2 104 1 758 1 1444 3 1449 2 271 6 374 1 131 1 930
169 20 4 2 242 2 1213 5 1497 1 263 2 1363 6 806 4 1158 1 1059 2 682 5 1273 3 1055 2 907 1 997 4 1244 1 1214 1 824 1 359 2 609 1 695 2 1209
170 20 4 1 806 1 76 1 241 4 1036 4 1270 3 100 1 1215 3 6 1 1316 1 916 1 859 3 606 2 845 2 761 6 91 2 191 5 1132 4 448 1 1382 1 1220
171 20 5 4 249 1 405 1 1378 5 425 1 1081 4 1082 1 892 3 1120 1 1001 3 294 2 122 4 1040 3 793 4 678 1 1366 2 1327 2 94 3 1452 6 11 2 497
172 20 4 1 381 3 686 1 147 7 695 1 1406 2 1039 2 297 1 1354 1 1411 1 532 2 211 6 243 3 1100 6 1101 2 538 6 796 1 1307 1 151 1 1485 1 669
173 20 3 2 1243 1 938 1 984 6 268 1 1365 1 1046 3 478 1 767 3 463 3 170 1 1058 2 413 1 151 1 114 1 963 1 363 4 956 1 879 1 1399 2 145
174 20 6 2 1183 1 149 2 921 8 827 1 805 4 978 2 551 3 627 4 1347 5 1241 1 680 1 845 1 1185 6 632 4 1179 7 698 1 1288 4 1115 2 134 1 1032
175 20 4 4 674 1 1107 1 1127 1 1142 4 1406 1 1184 1 544 2 10 2 988 1 129 1 1403 2 735 7 421 1 846 5 1495 1 918 1 267 3 1135 1 42 3 497
176 20 4 5 1127 1 505 4 1485 3 1333 1 1341 1 1458 1 100 3 284 3 1365 1 544 2 1110 1 1455 2 1359 2 1136 3 884 2 618 2 981 1 940 4 480 1 322
177 20 3 3 1177 1 1245 4 1042 4 1151 1 45 1 261 1 1145 1 1303 1 1302 1 1304 1 34 1 424 1 1377 1 1203 1 47 1 202 2 111 4 517 5 537 1 1308
178 20 4 1 1112 1 580 3 379 3 1211 1 593 3 1307 3 1353 1 647 1 173 9 1008 1 871 1 1091 1 1327 4 654 2 1455 2 108 2 821 2 1066 5 959 1 965
179 20 5 1 1136 6 800 2 1119 1 631 5 911 1 387 2 131 6 1151 1 830 1 1044 2 882 3 880 4 392 1 792 1 624 4 119 1 1242 5 1087 1 595 2 843
180 20 4 1 317 1 978 1 1154 2 395 6 386 1 795 1 623 1 1128 1 1153 1 107 2 1289 1 671 1 1114 1 108 2 587 7 157 5 1304 1 1130 2 343 4 664
181 20 3 2 869 2 781 2 1216 1 643 1 292 2 735 1 683 2 34 1 490 1 1275 1 1068 1 413 3 368 1 270 1 818 1 712 3 1374 2 246 1 632 1 511
182 20 4 2 1166 6 1025 1 757 1 1445 1 444 1 95 2 1366 2 480 4 698 2 1010 3 1412 3 566 1 451 1 123 1 1089 2 998 1 920 2 1259 3 1408 1 861
183 20 4 5 73 2 468 2 1030 2 312 2 1011 1 1032 2 1074 3 901 1 794 1 946 1 861 3 1286 1 1206 3 605 2 725 2 429 3 782 1 1411 3 708 1 77
184 20 3 2 1484 1 525 1 694 2 91 2 580 1 917 2 806 1 899 1 975 2 753 3 1413 2 157 1 1061 6 1373 4 1299 1 792 2 1148 1 128 1 510 1 1021
185 20 7 2 308 14 277 8 988 1 661 2 387 7 267 5 444 5 259 3 965 1 355 1 1008 2 1160 2 444 5 1190 1 428 2 790 3 189 4 620 2 1198 2 428
186 20 4 5 629 1 1459 4 665 2 504 3 253 1 1182 2 246 3 1394 2 61 4 94 1 671 1 1178 4 512 1 1043 7 19 2 1006 2 949 1 721 1 230 2 843
187 20 4 1 409 1 822 1 1460 1 1323 1 1272 2 1221 7 375 3 1326 4 321 1 102 2 1284 1 68 1 529 2 1249 1 696 4 621 1 500 1 200 3 963 6 37
188 20 5 2 1346 1 363 1 1088 8 589 1 565 4 1214 4 712 4 736 1 120 1 666 1 882 3 294 2 204 3 1222 1 207 3 455 4 1145 2 1240 1 1462 3 1418
189 20 5 3 1365 1 337 3 182 2 1105 3 760 5 523 1 305 2 1393 1 1320 1 517 2 410 2 38 5 443 1 83 5 735 3 1227 3 714 7 826 1 833 2 688
190 20 4 3 473 1 667 3 1220 6 16 1 368 1 352 3 47 1 553 1 1072 1 425 4 503 2 769 2 1170 2 239 2 1230 1 356 3 242 1 1482 4 1235 1 1168
191 20 3 2 920 1 959 3 1135 1 220 1 889 2 984 4 451 1 1080 3 714 2 1079 2 1428 4 466 2 1407 1 1486 2 1012 1 1430 1 1399 2 1037 2 1064 1 709
192 20 5 3 757 7 925 3 127 1 1005 9 1346 2 1399 5 1150 3 738 1 397 2 783 2 1340 3 1359 1 1351 1 373 1 1228 6 523 1 789 4 1216 2 1475 1 288
193 20 3 2 162 1 688 3 1470 2 907 1 653 1 503 1 139 5 860 2 712 2 1442 1 794 2 1174 1 1474 1 1180 1 983 2 434 1 391 2 1215 2 1425 5 517
194 20 4 2 1115 6 594 1 573 1 915 1 1281 1 964 4 28 3 334 2 1360 2 1081 3 629 4 243 2 1072 1 1165 1 251 1 451 1 1072 2 174 2 75 3 1327
195 20 3 1 814 1 384 1 1500 1 617 1 103 1 825 1 1050 3 848 2 358 6 153 1 1450 1 552 4 482 1 49 1 1288 1 1198 2 420 1 538 2 830 1 50
196 20 3 2 223 2 147 1 1298 1 1331 1 859 3 72 1 587 1 302 5 748 1 957 1 927 1 778 1 499 3 28 1 982 3 311 1 517 1 553 1 1116 3 659
197 20 4 1 306 4 161 2 782 2 538 7 143 1 304 1 200 1 602 1 1188 1 1497 3 406 3 266 2 840 1 418 3 1112 1 491 3 507 1 997 6 1057 4 1316
198 20 4 3 6 4 884 1 2 2 643 5 995 2 1073 1 231 5 124 6 795 1 643 1 1338 2 20 3 285 1 1333 1 608 4 424 1 353 1 917 1 1331 1 1001
199 20 5 2 499 4 618 1 1353 4 738 1 1351 2 940 3 995 2 868 2 420 3 845 3 68 1 895 3 1292 1 295 1 553 3 1193 7 389 2 544 7 712 1 600
200 20 4 1 1283 1 1213 10 1029 1 415 7 176 1 322 2 1034 1 768 2 1383 2 152 1 1345 1 1203 1 611 1 860 2 677 2 1361 1 1042 1 460 1 850 1 486
201 20 4 6 241 2 887 1 119 1 179 1 643 2 819 1 749 2 1252 1 566 2 672 1 142 1 568 1 474 3 340 5 417 1 1463 2 1356 2 1318 2 216 6 267
202 20 4 2 1077 2 127 1 1029 2 398 3 1096 1 1432 1 115 2 545 2 1003 1 1133 3 98 3 563 1 474 1 714 2 1476 7 504 4 1018 2 1364 2 515 3 660
203 20 5 1 1111 2 834 1 165 1 480 6 780 2 19 1 731 4 489 10 1061 1 1381 1 1463 1 526 3 339 4 317 2 634 2 518 5 1430 2 1114 1 713 3 1137
204 20 4 1 1439 1 994 1 512 8 149 2 471 1 130 1 739 1 1367 1 277 1 1175 3 987 2 877 2 297 4 1199 1 1030 2 1194 1 773 4 1060 1 254 3 560
205 20 4 1 9 1 388 4 1149 3 969 1 174 2 1175 1 535 2 310 5 922 1 70 2 1139 5 1485 1 149 2 853 1 321 3 890 1 923 1 174 1 1100 7 1055
206 20 3 2 1232 1 521 1 907 1 1098 1 776 5 250 1 571 1 61 2 1184 1 1167 1 1366 3 389 2 1151 2 768 1 1354 1 653 1 7 4 96 4 864 1 379
207 20 4 5 962 1 725 1 247 5 865 3 149 1 1285 1 1484 4 1067 2 833 2 307 3 434 1 775 1 104 2 1237 4 1203 2 498 2 639 4 63 2 989 3 938
208 20 3 2 980 3 398 1 504 1 1026 1 960 2 32 2 452 1 221 1 1211 1 912 4 934 2 385 1 1374 1 1406 1 906 1 259 1 1250 4 567 1 893 4 1179
209 20 4 1 372 1 1337 1 555 5 118 1 305 1 141 4 70 1 744 2 961 1 1240 1 1298 1 863 1 856 1 517 11 478 3 1341 1 830 4 861 1 996 1 819
210 20 4 5 1006 3 1371 4 525 1 385 1 4 1 522 5 1232 1 1366 1 342 4 1249 3 284 4 421 2 724 1 1057 2 60 1 798 2 1486 2 896 2 300 1 831
211 20 4 1 590 3 208 4 281 1 89 3 874 3 1235 1 203 1 1330 1 115 1 564 2 1184 4 36 3 790 2 145 1 395 4 1106 8 107 1 977 2 234 2 99
212 20 5 5 608 3 1103 1 351 2 460 3 1270 1 1232 1 1368 1 119 1 428 4 25 2 304 4 1012 1 916 5 1394 2 260 2 922 1 1011 4 18 4 384 5 1422
213 20 5 1 1367 1 1466 1 1482 2 816 1 222 3 881 3 1300 2 162 2 385 11 722 1 800 5 730 4 538 1 378 2 416 2 1356 2 1190 2 989 2 1063 2 995
214 20 4 1 1281 2 104 3 1241 2 788 1 65 3 294 1 345 4 931 2 1402 1 94 1 855 2 991 1 176 1 517 3 691 1 175 4 1264 2 867 3 173 2 1021
215 20 4 2 340 1 833 1 490 6 151 1 567 1 1450 3 1220 3 53 2 83 1 868 1 266 5 832 1 714 1 6 3 273 2 1402 2 1428 2 478 2 402 1 997
216 20 3 2 557 1 360 2 692 1 960 7 575 1 1315 1 471 3 1469 2 1470 1 389 1 1274 4 241 3 775 1 1194 1 982 3 1020 1 461 1 783 2 280 1 1113
217 20 3 2 309 1 1024 1 294 1 1139 2 590 1 998 2 716 4 1106 2 285 1 20 3 132 3 738 1 1196 1 811 2 456 1 1105 5 412 2 737 2 1080 1 101
218 20 3 4 542 1 1041 1 717 1 90 2 733 3 1016 1 403 1 698 1 431 1 618 3 53 3 545 1 1376 3 197 1 687 3 1470 3 218 1 46 4 578 1 658
219 20 4 1 262 1 116 1 95 7 1038 3 442 2 610 1 747 2 1001 1 263 1 135 2 1249 1 867 6 199 1 824 6 542 3 925 3 1452 1 179 3 105 1 376
220 20 5 2 329 1 206 6 80 1 147 3 660 1 172 3 420 5 1183 1 546 2 300 1 657 1 884 2 1108 5 1323 1 1163 4 1095 1 109 2 18 2 138 7 1435
221 20 4 3 309 2 1225 4 1333 1 1372 1 14 11 232 1 156 2 1352 2 1056 1 1120 3 328 1 1033 1 1199 1 1340 1 669 1 370 7 178 2 203 2 1180 1 315
222 20 4 5 967 1 1042 2 229 1 546 2 420 2 303 1 1074 1 372 1 237 4 432 1 496 1 1180 6 1291 4 579 6 1062 1 1472 1 344 1 124 1 1381 2 921
223 20 4 2 855 3 402 1 1263 2 927 1 238 4 939 1 1128 2 617 2 980 4 549 1 851 1 1106 3 12 3 1041 1 1031 2 346 2 93 1 1374 1 1123 7 561
224 20 4 2 1408 1 719 2 616 1 1063 1 68 3 829 4 552 2 1379 3 422 1 945 1 557 2 411 1 420 1 863 3 214 3 1038 1 980 1 717 1 871 7 1217
225 20 4 3 510 1 453 1 1308 3 1075 1 1085 3 673 1 165 1 331 2 1176 4 1386 4 1364 3 1357 2 899 3 612 2 1262 1 399 1 96 1 407 2 966 2 170
226 20 3 1 658 1 247 1 998 1 904 1 760 1 354 7 1279 2 944 1 843 4 778 1 97 1 1031 2 964 2 769 3 1416 1 398 3 1289 1 233 1 423 3 429
227 20 4 2 365 3 904 4 1401 1 1446 1 1231 2 1193 5 771 2 1014 1 392 7 749 1 1187 3 1116 1 1499 3 235 1 565 3 34 1 650 3 553 2 1484 1 1110
228 20 4 1 1306 5 662 1 1372 1 982 1 1076 1 496 5 53 1 492 4 238 3 243 1 1198 2 1050 2 1488 1 875 2 880 5 564 2 1006 1 39 1 1461 1 457
229 20 5 3 761 4 1273 4 1217 2 1027 3 791 3 817 2 265 3 1066 1 1167 4 907 1 597 2 1002 1 1403 2 1112 2 517 2 741 1 1149 5 1111 2 914 5 423
230 20 4 6 712 1 941 3 1153 1 861 6 628 2 1222 2 747 1 51 1 692 2 343 1 638 4 920 1 139 1 49 1 548 1 1032 1 84 4 1007 5 435 3 1307
231 20 3 1 147 1 1151 2 1375 1 47 2 553 2 11 2 337 1 497 1 461 2 1487 3 1493 1 372 3 1393 1 562 3 1244 1 267 1 684 2 442 1 796 2 372
232 20 4 3 126 3 1189 2 806 1 500 2 1316 5 298 3 448 1 219 1 105 1 1384 2 992 5 814 1 505 1 1129 3 678 2 729 1 939 1 897 2 478 3 1246
233 20 4 1 805 6 461 2 1141 2 1231 1 1087 2 1045 1 301 2 1120 2 523 3 99 2 1048 9 1221 1 926 1 1418 1 582 3 802 1 1412 1 15 3 195 1 1181
234 20 4 1 558 3 972 3 139 1 214 3 374 2 216 1 1466 1 1216 5 429 1 241 4 1227 2 1332 2 1071 1 1432 1 545 2 1001 2 1088 2 400 8 1292 3 880
235 20 5 2 1277 1 1005 11 43 6 1266 1 801 1 1345 2 323 3 730 4 1434 3 107 2 380 2 1102 1 906 3 1189 3 1139 3 540 1 657 1 1183 1 1484 2 1050
236 20 4 2 1189 1 216 3 747 4 1006 5 654 1 721 1 1112 6 1335 1 746 3 91 1 421 2 1083 1 1286 3 1256 1 599 6 1349 1 597 2 236 3 55 1 375
237 20 5 7 406 1 1431 1 945 2 196 1 1090 2 850 2 1041 2 1027 6 452 6 1193 1 877 2 506 1 1183 3 867 3 48 2 1167 5 1034 1 161 1 429 5 1083
238 20 4 1 372 1 439 1 1328 1 1497 2 1452 4 1064 1 1244 2 1101 2 891 3 252 2 1475 2 767 2 218 2 690 4 646 3 612 1 1367 1 535 3 27 2 1415
239 20 4 2 1418 1 1171 3 1317 5 973 1 930 1 122 1 165 3 1305 2 448 1 1412 1 606 5 125 1 1193 2 1226 1 1033 5 1397 1 1332 2 385 1 637 2 496
240 20 3 3 1090 1 888 1 1015 1 270 2 1409 5 1425 1 334 1 891 5 683 1 1200 1 1172 2 1117 1 805 1 1142 1 1459 2 119 2 871 2 851 4 351 1 1263
241 20 4 2 394 4 1223 3 1098 1 1179 2 155 1 1475 1 639 2 22 1 750 2 773 6 1220 3 1042 1 567 1 1297 4 769 1 320 1 565 1 1124 2 861 1 586
242 20 3 1 768 1 296 4 572 1 1392 3 1314 1 1286 1 695 3 1037 1 384 1 49 1 1250 1 1224 1 1175 1 654 2 1109 2 1454 4 1278 2 929 3 1407 1 247
243 20 4 1 1492 2 1490 2 859 1 510 1 62 2 434 2 114 1 1023 7 593 4 381 2 1021 1 1006 2 1093 2 1303 1 1496 1 1441 2 511 4 796 1 1216 3 509
244 20 3 3 952 1 748 1 793 3 1360 1 970 1 1482 6 1238 1 1360 2 1363 2 645 2 1000 2 61 1 796 4 667 1 936 1 1260 1 116 2 862 1 439 1 247
245 20 4 2 1012 1 81 2 677 6 1064 1 1445 1 867 1 112 1 530 1 320 2 1112 6 1284 1 884 1 1390 2 1352 2 1060 5 920 2 648 1 1282 1 953 1 108
246 20 4 3 1346 1 773 2 906 1 485 1 1035 1 124 4 1467 4 94 1 571 6 551 1 90 1 1090 3 1265 1 1351 6 472 1 727 3 543 2 1099 2 1059 2 353
247 20 4 3 768 2 606 3 247 1 494 2 122 1 59 1 1039 4 1248 1 426 4 1294 1 238 2 1131 2 1396 2 1304 3 1460 1 377 1 1030 3 266 2 1479 3 745
248 20 4 1 734 3 726 1 107 1 380 2 1170 3 945 4 573 1 870 1 677 2 1019 4 830 1 1366 4 990 1 1086 3 1033 3 681 2 1366 3 586 3 1279 4 25
249 20 4 3 443 2 481 4 1408 6 1135 1 66 2 1418 2 714 1 948 1 692 4 1342 4 134 1 1411 1 557 2 6 1 476 5 417 1 1211 2 679 1 526 1 1307
250 20 4 1 657 10 882 1 1236 2 793 1 946 2 359 2 132 1 348 2 568 2 1355 2 1325 1 312 2 1322 3 971 2 360 2 755 1 1394 2 574 1 717 3 843
251 20 5 3 831 1 677 3 1132 2 42 5 1328 2 842 1 933 2 83 1 691 3 785 2 1159 4 14 2 681 2 1457 7 854 1 167 3 1076 1 504 4 252 1 725
252 20 4 3 478 8 1494 1 889 3 940 1 308 3 425 2 662 1 1334 1 864 1 843 1 776 1 1133 2 467 3 184 1 638 1 789 3 350 1 1166 2 368 3 1118
253 20 4 2 934 1 641 2 235 1 1009 2 398 2 1306 3 1310 1 411 1 1306 4 290 2 138 2 899 2 734 1 870 1 954 6 639 2 493 2 427 2 1154 1 415
254 20 3 3 1120 1 719 1 463 1 651 3 515 2 1387 2 208 2 1045 1 735 1 168 4 617 2 410 2 365 2 98 1 380 4 967 2 1118 1 437 2 787 1 353
255 20 4 4 373 3 1153 4 1306 2 772 1 104 3 964 3 321 2 1353 3 772 1 162 1 261 1 1144 2 633 1 952 4 1377 2 389 4 1301 1 1395 1 314 1 600
256 20 4 2 907 3 458 2 649 4 105 1 1051 1 1117 3 711 1 1173 3 199 1 1034 1 341 5 247 3 288 2 754 2 979 2 1483 1 748 1 1251 4 221 2 687
257 20 4 2 1473 2 1431 3 489 1 1175 2 1252 2 1190 1 937 2 359 2 470 2 571 1 438 2 761 1 302 3 773 2 1329 1 1253 1 484 11 437 1 1222 1 782
258 20 4 1 1323 2 1045 3 1382 4 767 5 1428 3 559 1 1335 1 140 1 1132 4 994 1 666 1 1394 1 715 2 1022 1 807 1 79 4 976 2 1116 1 1447 1 458
259 20 5 4 769 1 118 2 644 2 25 5 1333 3 1048 7 940 2 117 3 1045 1 645 2 1238 3 219 1 457 1 710 4 1285 4 1402 5 685 3 818 2 343 2 1090
260 20 4 1 237 3 257 1 845 2 825 2 540 2 267 4 1406 3 652 1 611 1 1012 9 912 1 262 2 112 5 1215 1 1070 2 598 2 637 2 1053 2 1377 2 921
261 20 4 3 187 4 822 2 22 1 719 5 1425 5 1298 4 236 2 276 3 998 1 88 4 1056 1 528 4 940 1 246 1 1420 3 1407 1 1029 1 375 1 1320 1 724
262 20 5 1 1018 1 1365 1 705 1 259 2 863 3 395 1 651 6 772 2 1187 1 849 1 528 1 1400 1 368 1 1450 4 1084 4 829 4 1314 9 1460 1 971 12 2
263 20 3 2 1424 1 589 1 770 2 1225 3 234 2 1339 1 744 1 113 2 769 2 1416 1 882 1 706 1 869 3 360 3 943 5 1404 3 822 1 863 2 1417 1 650
264 20 4 2 745 1 739 4 893 3 933 2 116 6 13 3 372 3 1113 1 449 1 663 1 483 1 1118 5 849 1 452 2 438 1 1482 2 182 1 857 2 1109 1 734
265 20 4 2 1488 1 1432 3 233 1 1236 3 305 1 1128 3 492 1 546 4 676 2 99 1 1158 1 970 1 1418 1 722 2 292 2 1055 1 959 6 1141 1 855 3 1180
266 20 3 1 148 1 411 1 24 4 422 1 66 2 51 1 1205 4 871 1 915 1 175 3 360 2 216 3 1228 2 780 1 1220 1 432 1 1055 2 1169 1 126 1 1119
267 20 3 2 1291 1 552 1 919 4 484 2 608 1 322 1 633 3 397 1 833 2 210 1 538 1 657 1 270 6 1061 1 461 1 53 1 518 1 934 3 1320 1 357
268 20 5 1 53 3 1465 3 204 3 584 3 1081 3 321 2 59 3 143 2 60 1 1215 1 423 4 1455 2 663 8 1235 4 756 4 644 2 1424 1 264 1 741 1 1026
269 20 4 1 186 1 1215 2 758 4 865 1 635 3 524 1 1198 1 751 2 346 2 1364 2 662 1 1357 4 138 1 503 6 1029 4 162 1 1323 3 144 1 1059 3 739
270 20 3 5 267 1 227 1 353 1 1288 1 1188 1 377 1 431 2 626 2 588 1 777 2 45 1 1226 1 472 3 104 1 21 1 669 1 65 2 1297 1 192 1 472
271 20 4 1 710 4 521 2 237 1 799 9 921 1 793 3 350 2 260 1 227 1 1003 1 969 2 669 3 135 1 725 1 258 1 1333 2 1354 5 71 1 1078 1 692
272 20 3 1 1429 2 1028 2 1322 1 902 1 1173 1 393 4 1484 1 432 3 1330 1 55 1 308 1 79 3 825 1 156 2 924 1 1474 6 482 1 774 3 495 2 255
273 20 4 2 31 1 1333 2 1189 1 1500 2 939 2 1408 3 1163 3 23 2 1235 7 1479 1 64 5 78 1 103 1 697 7 1401 2 598 3 164 2 1303 1 430 1 1015
274 20 4 1 907 6 656 1 944 1 457 3 793 2 342 2 474 2 205 1 514 5 722 1 1176 1 728 1 605 1 657 4 577 1 1174 3 257 2 1172 1 876 1 1078
275 20 3 2 1499 2 360 1 505 1 198 2 594 1 1175 3 111 3 1475 1 416 2 1464 1 1325 1 712 2 845 1 1432 2 895 5 1396 1 31 1 1309 2 717 1 1014
276 20 4 2 392 6 1279 2 79 1 1446 1 502 2 1118 3 1193 1 1309 3 292 1 1416 1 114 2 1470 5 1481 1 758 2 548 3 1270 2 184 1 98 1 248 3 853
277 20 5 4 1441 3 928 1 327 1 321 1 1412 1 32 14 679 1 1168 1 174 1 1078 7 1397 1 593 5 758 3 62 1 1041 2 1433 1 1436 3 1083 1 1217 2 101
278 20 3 2 832 1 880 1 1347 1 1127 1 1026 1 1282 1 1334 1 946 2 1436 1 851 1 567 1 508 6 769 1 1191 2 1136 3 406 4 1278 1 481 1 299 1 916
279 20 4 4 1040 1 472 2 646 4 859 4 1482 4 433 1 1011 1 443 1 776 3 835 1 802 1 1197 1 1135 2 1291 1 114 1 202 3 52 1 137 8 217 2 48
280 20 4 1 705 4 339 3 564 1 1003 2 322 4 1072 1 506 1 348 2 1463 1 14 4 712 2 630 1 341 2 482 1 1421 1 1005 6 562 3 1236 6 668 2 1434
281 20 4 2 248 3 44 2 1069 1 524 3 1138 6 269 3 1293 1 978 1 398 3 1426 2 738 1 706 2 465 4 1220 1 1013 2 226 4 606 2 1294 1 1297 1 748
282 20 4 1 551 2 327 1 232 7 1085 1 1247 1 500 2 526 3 743 1 692 3 1003 1 985 2 424 4 439 3 949 3 1401 3 735 1 573 1 488 5 764 1 505
283 20 3 2 677 1 1039 1 88 1 1211 2 857 1 132 3 503 1 194 1 1036 1 78 2 671 1 386 1 868 1 763 4 1446 1 6 1 1500 2 1381 2 1020 2 166
284 20 4 1 165 6 262 4 855 4 576 1 1443 2 1114 1 76 2 605 3 753 2 577 2 665 2 793 4 1276 4 1302 1 768 1 69 3 882 3 411 1 843 2 237
285 20 4 4 1453 2 16 1 787 2 677 1 427 2 785 2 1428 1 595 2 1316 3 1241 3 725 1 1113 3 510 3 1293 2 804 5 506 1 473 7 728 1 1134 2 492
286 20 5 2 58 2 919 4 859 3 51 5 413 4 832 3 494 4 1290 7 1474 5 897 1 853 4 938 4 1417 2 1306 2 490 1 916 1 398 1 127 2 85 1 599
287 20 4 1 1455 2 170 5 181 1 1246 1 402 1 15 1 1331 1 1451 2 811 5 583 3 1035 7 103 1 434 1 999 1 601 4 1446 1 610 1 265 3 45 4 649
288 20 6 2 953 1 200 7 432 4 1215 1 1176 1 1172 4 739 1 111 7 803 5 809 4 860 1 115 9 1298 1 963 2 452 2 1053 4 613 1 646 4 465 2 104
289 20 4 1 1499 6 270 3 639 3 587 3 1214 3 419 2 501 2 126 5 776 1 1267 1 795 2 139 2 489 1 843 1 445 2 298 1 1294 1 783 3 58 2 393
290 20 3 2 31 2 446 1 342 3 1160 6 306 1 422 1 1411 1 780 1 632 2 1397 1 34 2 894 1 596 3 1155 2 192 2 315 2 87 1 821 1 777 3 646
291 20 4 1 1126 2 1100 1 1 5 1121 2 517 3 1431 1 1343 2 293 1 243 1 289 2 1391 3 1094 1 384 4 1216 4 774 8 434 1 1464 2 1097 1 736 1 585
292 20 4 2 832 4 62 1 1378 1 90 2 61 3 671 1 245 1 1111 3 1301 2 1257 1 543 1 696 1 480 6 523 2 1354 1 295 3 1137 2 554 1 59 4 629
293 20 5 6 843 3 1044 1 854 2 225 1 964 3 285 5 1140 1 44 4 732 1 532 1 1009 1 916 8 999 1 535 2 339 2 524 1 254 3 814 4 1197 3 232
294 20 5 2 1359 1 255 4 1416 1 474 1 1307 1 481 3 106 5 31 1 124 3 1095 6 972 1 919 1 1192 1 395 3 1275 2 348 2 328 2 154 2 34 11 1365
295 20 4 1 101 1 46 4 1001 1 1359 1 539 1 386 1 1436 4 1482 7 1373 4 1196 4 897 4 1044 1 1357 2 188 2 1203 5 928 1 318 2 575 1 199 2 282
296 20 4 5 1080 3 618 3 1241 1 143 3 81 1 1018 2 952 1 932 1 396 1 367 2 900 1 1124 3 937 1 390 1 165 1 785 2 732 5 1020 5 824 1 687
297 20 4 2 1341 1 1055 2 1467 4 455 1 1225 1 167 1 836 5 944 1 39 2 515 1 655 1 1471 2 1160 6 369 2 993 1 1029 2 1166 2 623 4 7 1 1483
298 20 3 1 1431 2 148 1 428 1 130 1 586 2 1179 1 702 1 1187 1 634 2 693 1 259 1 213 1 1446 1 497 2 1098 1 1385 6 965 1 523 1 929 5 1014
299 20 6 1 1500 1 1278 3 334 2 930 5 1355 2 1308 9 1055 2 932 5 1439 1 594 2 1373 1 219 4 1374 1 1213 7 516 2 957 4 173 1 307 5 423 2 568
300 20 3 1 1282 1 1169 1 1442 3 1018 1 1020 2 748 3 1291 3 1179 2 480 1 1091 1 1222 2 505 2 1249 2 84 1 1368 2 1058 1 1254 2 231 1 585 2 1472
301 20 3 1 885 1 970 2 519 1 199 2 393 1 701 1 1370 1 1049 1 949 3 766 1 660 5 854 1 1388 1 573 1 1242 2 1450 2 1335 2 117 3 1474 3 225
302 20 4 2 308 2 290 1 1469 1 1160 3 1444 1 19 9 721 2 1447 3 1126 3 844 1 995 1 300 5 1439 2 379 1 266 1 557 2 246 2 1225 2 1283 1 39
303 20 5 2 1058 2 1153 3 83 5 644 1 337 1 780 1 1475 3 631 1 46 3 959 5 719 1 439 1 1147 4 1294 1 79 1 1463 8 741 2 413 1 1171 7 1202
304 20 4 5 164 1 1155 2 239 2 59 2 260 2 150 1 204 2 815 3 980 1 405 1 1249 2 125 1 919 4 492 4 326 1 834 2 781 2 313 1 1164 2 1449
305 20 4 2 501 1 223 3 1155 5 454 1 299 3 739 1 1053 2 253 1 1326 2 592 1 1420 5 1161 2 1012 4 1044 2 1182 1 130 6 676 1 971 1 780 1 406
306 20 3 1 756 1 421 1 1306 1 801 1 118 1 312 4 673 2 513 5 1246 2 567 2 408 1 772 3 490 2 574 1 640 3 1010 2 1319 3 204 1 686 1 529
307 20 4 8 688 1 479 1 74 6 235 1 1322 1 1098 3 1230 6 605 1 272 2 193 1 593 1 737 3 259 1 5 2 1289 2 70 1 1032 1 416 2 950 1 1239
308 20 4 4 68 4 685 3 11 1 1000 3 427 1 1371 1 907 2 103 1 421 1 698 1 651 6 1380 2 1110 2 675 2 730 1 378 1 277 3 1402 2 689 3 1201
309 20 4 8 587 1 946 1 659 3 809 1 504 1 868 1 339 1 143 1 1206 2 51 1 21 1 102 1 128 5 153 3 391 2 665 3 898 3 427 1 1020 1 22
310 20 4 1 1186 1 1153 6 586 1 181 3 905 6 701 1 1454 1 359 1 761 1 1365 9 515 1 1499 1 469 1 153 1 298 3 444 1 357 3 604 2 1383 3 973
311 20 3 1 356 1 420 2 1005 1 1180 1 330 1 121 1 1257 1 47 1 28 4 133 1 50 2 576 1 565 4 478 1 1280 5 932 2 323 2 1409 2 1468 2 1044
312 20 4 1 170 1 876 4 1036 4 445 1 1173 1 251 1 431 9 678 2 125 1 1155 2 99 1 276 1 1099 1 1119 3 497 1 1014 1 537 1 62 3 861 1 1360
313 20 3 1 1242 4 281 1 480 2 111 1 1155 2 1083 1 368 2 1377 1 1377 1 691 3 63 1 187 1 1498 6 731 1 1020 2 487 1 935 1 448 1 1217 1 552
314 20 4 1 1024 1 118 3 1266 6 1498 5 24 1 634 2 512 1 32 3 914 1 1398 1 750 1 433 3 582 5 685 2 945 1 1449 1 1325 5 605 1 724 1 1136
315 20 4 3 147 2 1402 3 1078 1 992 4 1383 2 561 2 313 1 1146 3 301 6 855 2 305 1 881 3 1109 5 158 1 467 1 1138 1 1488 2 643 5 1494 1 755
316 20 4 2 477 6 282 1 367 1 919 1 612 2 1331 1 59 2 1357 1 777 2 122 1 372 3 315 1 1378 2 552 1 67 3 905 3 754 7 120 2 986 1 1052
317 20 4 4 1342 4 782 3 770 3 228 3 984 5 427 1 1415 2 1008 2 613 3 303 2 801 1 1073 2 82 4 1458 1 1093 1 41 1 348 1 1078 3 1334 2 987
318 20 3 1 910 1 317 2 1119 1 503 2 440 1 655 3 160 1 978 2 201 3 1487 1 33 1 797 7 769 1 792 1 1479 1 824 1 92 2 1475 2 1142 2 1358
319 20 4 2 196 1 793 1 328 5 424 4 1004 7 116 2 94 1 599 1 1007 1 941 1 1328 2 1276 1 403 3 930 3 1335 2 490 4 1 1 409 1 715 1 685
320 20 5 1 1157 2 59 1 61 1 637 1 1374 1 279 1 767 4 316 2 1121 1 1286 1 705 6 1162 3 582 4 425 3 699 1 519 2 67 12 337 4 957 2 979
321 20 4 7 870 1 125 6 656 3 1435 2 1435 2 191 1 1471 1 686 3 775 3 131 2 113 3 1167 1 1013 2 705 1 248 4 128 3 961 1 1060 1 206 1 676
322 20 4 1 134 2 913 4 86 3 34 1 561 4 205 5 452 2 949 1 1267 1 1457 1 1456 7 4 1 127 3 1209 3 206 1 352 5 682 1 823 1 21 1 465
323 20 3 3 1056 2 702 4 922 2 869 2 1013 1 1040 1 525 3 1353 2 239 1 478 1 757 1 1133 2 869 1 980 1 17 3 1113 2 1448 1 147 1 501 4 570
324 20 3 3 107 1 381 2 1040 1 828 1 174 1 797 1 323 2 488 1 451 4 602 7 1316 2 1374 2 473 1 872 1 573 2 1384 2 765 1 205 1 159 1 1371
325 20 4 1 1292 1 1433 8 770 1 507 1 1421 2 1242 1 10 1 346 1 660 2 912 2 61 5 916 1 948 1 583 2 1222 4 933 1 623 5 467 1 740 3 335
326 20 4 3 943 2 1005 3 384 1 1429 2 468 4 64 3 606 2 414 2 1245 2 1190 4 1386 2 673 1 166 1 887 3 840 3 248 1 1323 1 1017 3 982 3 507
327 20 4 1 1093 1 551 2 485 6 1227 4 1379 1 6 2 256 1 364 1 1048 2 664 1 464 2 1209 1 57 2 527 1 329 3 13 6 1083 4 337 1 792 2 1425
328 20 6 11 389 2 1207 1 974 2 12 3 1171 3 1464 10 193 1 571 3 471 1 880 2 519 1 1102 1 627 1 893 1 364 4 118 1 1320 4 1192 6 442 2 1371
329 20 4 4 816 1 392 1 1151 6 786 3 27 1 1366 2 417 1 380 1 294 1 673 1 621 1 215 1 866 2 1187 11 111 2 309 1 938 1 170 1 278 1 1105
330 20 3 2 916 1 819 1 157 2 953 1 1128 1 1316 1 511 1 1167 1 832 7 1023 3 1245 2 139 4 468 3 245 1 584 2 938 1 1047 1 375 1 613 1 879
331 20 4 1 616 3 796 1 977 11 459 1 315 2 266 1 107 2 323 1 1129 1 695 1 1383 1 212 4 1001 3 97 1 594 2 997 1 1179 3 1013 1 327 2 1399
332 20 4 1 607 1 359 2 1441 1 1404 2 687 2 630 1 1038 3 833 1 855 2 300 2 1058 2 1102 2 1046 7 1499 4 1348 2 626 3 1113 1 337 5 527 1 239
333 20 4 2 753 1 53 2 919 1 1269 1 744 1 1183 4 1420 1 216 4 1228 1 1378 2 154 1 77 2 702 3 524 3 1175 1 982 1 750 7 436 4 1197 5 1076
334 20 5 1 243 6 127 1 691 6 593 1 803 1 699 3 159 1 1498 2 338 1 799 3 876 3 1008 3 1040 4 92 3 156 1 782 4 981 3 302 3 1060 2 612
335 20 4 1 491 1 14 4 777 1 999 2 774 1 178 2 853 1 529 5 369 5 762 1 252 6 314 1 25 3 667 1 1483 3 748 3 796 1 56 2 534 1 494
336 20 4 2 449 2 1189 1 285 5 84 2 203 3 367 2 941 2 525 3 188 1 212 2 277 1 488 3 459 1 225 1 19 4 1021 2 1101 4 1024 2 1450 1 453
337 20 3 1 1152 2 677 2 1314 1 992 1 134 2 649 5 1494 1 1158 2 481 1 949 4 433 3 128 3 528 1 893 3 511 3 216 1 1328 1 629 1 567 1 362
338 20 3 1 48 1 33 2 21 1 522 3 777 2 988 1 845 1 310 1 1197 3 94 1 542 1 827 2 346 1 920 2 1448 4 648 2 637 3 398 3 857 1 246
339 20 4 1 35 2 1217 4 731 2 633 2 619 2 1226 1 1404 2 860 1 424 3 291 1 1256 5 468 1 1131 1 576 2 897 1 127 5 223 1 690 2 1413 1 467
340 20 3 1 1066 1 626 2 305 3 455 1 797 5 1002 1 1193 1 669 3 1250 4 394 1 1253 3 1048 1 1147 1 496 1 978 3 1237 1 1033 2 227 3 854 1 93
341 20 4 1 209 1 137 4 575 1 1292 2 632 2 520 3 1255 1 853 2 1325 3 177 7 346 1 260 5 598 2 1404 2 1413 1 299 2 1455 6 1440 1 822 2 216
342 20 4 1 133 1 1016 2 1158 9 551 1 13 1 20 1 1234 2 812 1 410 3 571 1 53 3 407 2 1141 2 951 2 1387 1 105 1 1348 3 1226 7 819 3 39
343 20 3 1 852 1 1112 2 1253 3 1451 1 371 1 701 1 736 3 1364 1 1125 1 578 1 1349 1 147 2 272 1 1333 1 1285 1 663 1 830 2 1105 1 203 9 289
344 20 4 1 1217 3 1474 2 1477 1 1237 2 1327 3 1303 2 1154 4 240 1 866 2 1276 2 540 2 1119 2 120 2 898 4 152 1 934 1 383 4 1356 1 592 3 529
345 20 3 1 1302 1 826 1 1331 2 254 1 900 1 90 1 1311 1 42 2 61 3 99 1 917 4 1201 5 218 1 935 1 1100 1 1066 4 805 3 1159 3 1259 1 1353
346 20 4 2 429 1 230 1 333 5 1154 4 1362 2 210 6 1153 1 853 1 876 3 1224 1 844 2 84 2 1282 3 24 1 41 1 768 1 682 1 884 2 931 2 696
347 20 3 1 162 1 1364 1 1033 1 234 7 1104 4 825 1 1482 3 667 1 259 2 639 1 1169 1 94 1 967 2 578 4 1021 2 463 2 885 1 85 1 565 2 318
348 20 3 2 438 5 125 1 1319 1 122 3 616 1 611 3 486 1 979 1 848 2 628 2 1080 1 1498 4 155 1 906 1 353 1 1347 1 1009 1 62 1 671 1 979
349 20 4 2 503 6 627 2 1274 1 351 4 410 4 1012 1 1416 2 757 3 414 3 1026 1 1496 4 32 1 1186 2 483 3 1133 2 411 1 706 2 172 2 174 3 1041
350 20 3 1 376 3 1007 1 927 5 222 1 1200 1 1035 1 670 1 1112 1 752 1 1108 1 1487 1 768 2 1112 3 1349 1 1103 2 1308 1 708 3 241 3 1322 4 214
351 20 3 1 778 1 903 1 617 2 647 1 872 1 448 2 1265 2 889 1 1067 2 1196 1 248 2 1136 1 370 2 699 3 751 4 968 2 812 3 60 6 1226 1 242
352 20 5 4 921 6 50 1 1446 2 120 1 733 2 1280 6 1305 1 423 1 1153 10 1387 1 238 1 763 1 1399 2 1184 3 1318 1 1053 2 1082 3 1028 1 164 1 911
353 20 4 2 259 1 760 2 1064 1 107 5 258 1 1111 2 1347 2 400 3 660 1 694 1 240 3 262 3 1390 2 995 2 442 3 166 2 392 6 263 2 280 1 1489
354 20 3 2 131 4 673 1 1483 1 985 2 830 2 934 1 1258 1 955 1 1059 4 18 4 276 1 622 1 543 3 827 1 316 1 305 2 684 2 599 1 1116 2 180
355 20 3 2 152 2 1414 1 191 2 1289 2 1244 1 596 3 983 1 717 2 775 2 268 1 1254 2 555 2 197 3 1049 1 1072 4 803 2 46 1 433 1 838 1 609
356 20 4 1 791 1 426 1 733 1 709 1 1075 1 159 1 1448 1 786 2 634 1 205 1 13 3 1442 6 1341 2 1393 3 443 1 554 2 1197 2 1105 6 151 3 1117
357 20 4 4 798 3 1110 2 1011 1 1134 1 1389 1 347 1 1033 2 665 2 959 1 68 1 996 2 307 3 565 1 1125 2 862 7 860 4 931 1 1261 1 131 2 306
358 20 3 1 1089 1 937 1 600 2 1302 1 484 4 440 2 834 1 940 2 1378 1 1134 6 883 4 1413 1 1165 1 154 2 1481 2 215 1 683 1 817 1 608 1 506
359 20 4 3 694 2 1268 1 1499 2 228 2 1334 2 575 1 921 2 993 1 346 1 1493 3 164 2 1293 1 1134 1 503 4 1260 5 994 1 575 2 1420 2 1048 2 1082
360 20 4 3 324 1 630 3 652 2 596 1 1248 2 257 2 1082 1 1469 1 773 1 882 5 295 1 1390 2 641 1 753 1 393 2 505 1 1124 5 1020 2 323 7 1237
361 20 4 5 1487 1 92 2 658 1 533 5 1023 1 477 2 1227 2 423 2 1393 1 1291 4 16 1 474 1 590 1 700 3 514 1 794 1 1289 4 1187 6 1289 4 367
362 20 4 4 443 1 887 2 683 1 309 2 1347 2 1367 3 998 2 83 4 796 1 844 1 459 1 139 9 383 1 1338 1 215 2 1491 3 1352 1 61 2 933 1 1454
363 20 4 1 115 2 971 2 1251 3 813 1 905 3 875 3 1475 1 104 1 397 2 66 5 295 4 1069 1 247 1 69 3 341 2 305 3 1137 4 943 3 429 2 265
364 20 4 3 82 5 601 3 268 1 1391 4 607 2 208 1 685 1 728 2 51 1 1369 1 1081 1 180 1 261 1 1437 1 1216 5 924 2 660 1 798 1 703 3 353
365 20 2 2 191 1 397 2 712 2 766 1 1111 1 470 1 1436 1 533 1 1308 1 1380 2 1179 1 216 1 888 1 1127 2 1316 1 1040 1 493 1 1351 1 1327 1 46
366 20 3 2 847 1 1196 2 487 1 19 1 761 1 1437 2 59 2 244 2 1208 1 747 1 944 1 415 4 913 1 1484 2 763 1 109 2 225 1 1173 2 1158 1 1315
367 20 4 1 1048 2 706 1 1118 2 872 5 32 3 1203 1 1351 1 330 3 1234 2 931 1 470 1 353 2 575 1 43 3 519 1 248 2 585 1 259 2 726 8 1279
368 20 3 1 1176 3 1437 2 230 2 119 3 985 1 1104 1 1051 1 1448 1 633 1 1100 3 23 3 151 2 45 1 297 2 734 1 41 1 155 1 991 3 269 3 438
369 20 2 2 63 1 112 1 553 2 1171 1 1288 1 533 1 83 1 387 1 1151 3 1092 2 659 1 809 1 592 1 318 2 1309 1 629 1 725 3 687 1 639 1 704
370 20 3 2 219 1 856 1 509 5 1409 3 514 1 935 3 27 1 831 1 956 2 355 1 46 2 1294 2 1143 1 299 2 765 1 1434 1 1278 1 1432 1 1459 2 70
371 20 4 1 1397 1 22 4 1401 7 1496 4 568 1 1314 3 653 1 594 2 524 4 817 1 725 1 1131 3 529 3 1150 1 10 3 17 1 1417 1 1099 2 410 3 1193
372 20 4 3 912 1 106 2 4 3 1443 7 154 1 12 2 418 3 561 1 771 2 486 2 636 3 293 2 800 1 261 4 1352 1 331 2 817 4 916 1 130 3 1026
373 20 4 1 869 1 392 3 1044 3 583 4 710 1 1275 1 1123 1 301 9 187 2 1022 2 1410 4 953 1 706 2 1306 1 103 2 665 2 1372 2 451 1 1112 1 185
374 20 3 1 1066 1 781 2 905 2 684 4 581 1 1172 1 901 1 1029 1 341 1 262 1 702 2 1014 2 313 3 80 1 198 3 632 4 1150 3 1091 3 546 1 1281
375 20 4 3 486 1 926 3 357 1 112 1 463 4 230 1 783 3 992 1 214 2 1363 2 909 1 396 1 181 1 1123 3 328 3 762 2 411 1 1496 5 1395 2 1408
376 20 4 2 941 4 114 2 755 4 1022 1 912 5 127 2 1115 1 31 5 1076 1 1494 2 753 3 505 3 510 2 437 1 626 1 256 1 367 3 1162 3 230 1 1387
377 20 4 1 426 1 87 1 1343 2 452 1 1495 1 1344 1 545 3 10 4 1034 1 270 3 1379 8 737 2 230 1 66 3 213 1 366 2 1174 3 34 2 214 1 1025
378 20 3 1 744 1 1430 2 1428 1 50 2 384 1 622 1 49 1 553 1 1450 1 1415 1 66 3 111 2 1375 1 140 2 1163 1 1053 1 340 1 1113 1 640 5 512
379 20 4 4 159 1 1140 1 713 1 844 1 142 3 530 1 785 5 1274 4 1257 1 619 1 319 6 511 1 991 2 1112 7 959 2 276 2 1095 1 194 1 1053 2 805
380 20 4 2 1280 2 920 1 1219 1 247 2 977 1 1015 1 1271 4 1348 1 976 1 1106 6 881 2 283 4 830 3 817 2 1378 2 1399 2 854 1 1124 4 1081 1 1023
381 20 4 3 266 3 799 3 1052 1 38 1 1368 5 74 1 1219 1 5 1 504 2 660 1 348 1 389 1 336 1 627 5 895 4 381 5 1278 1 1174 1 606 1 1301
382 20 5 1 35 4 51 5 353 6 594 1 765 3 380 1 1139 3 1165 1 114 1 971 1 1358 4 1334 1 175 4 407 1 1304 3 197 2 312 4 574 6 954 3 1195
383 20 4 3 607 2 65 1 1353 7 933 1 892 1 1432 1 999 1 345 4 994 2 803 4 1464 1 961 1 586 2 176 4 1102 3 69 2 1429 1 592 2 1206 1 491
384 20 4 1 898 1 704 2 1172 1 820 1 468 2 579 4 654 1 630 1 1227 1 434 2 1046 2 814 5 1347 3 98 3 959 1 1481 3 805 1 1209 10 911 2 1081
385 20 4 1 1475 1 48 1 330 1 226 1 276 2 580 2 400 2 801 1 475 11 1372 2 1441 3 806 1 30 1 1238 2 591 3 1113 3 1277 2 38 2 806 3 235
386 20 3 6 1217 2 159 1 285 2 839 3 1144 1 1428 2 304 1 673 3 1319 1 110 1 704 1 751 1 480 3 142 2 1434 3 246 1 1002 1 574 1 310 3 1043
387 20 5 1 1185 1 1263 2 725 1 809 1 167 2 777 3 858 7 910 5 811 3 311 1 708 2 930 2 853 1 144 1 648 1 1154 10 1213 3 194 1 736 2 1000
388 20 5 1 161 3 716 2 938 6 1227 2 542 1 344 1 113 1 503 1 210 2 1368 7 820 5 752 2 1325 1 522 4 191 1 842 1 564 5 725 2 694 4 108
389 20 5 3 1259 4 228 1 1390 1 186 1 1213 1 92 2 43 1 1113 4 1060 3 128 3 262 2 645 1 1250 6 1092 4 910 1 633 3 1409 1 14 1 624 7 743
390 20 4 3 8 3 1346 1 643 8 1219 1 1134 1 934 4 457 2 489 1 1207 1 1044 2 1289 1 1249 1 1054 3 879 2 799 1 479 3 560 3 429 1 377 3 277
391 20 4 1 1448 5 1117 1 702 2 225 2 578 1 963 2 905 2 1159 1 12 1 452 1 309 2 142 1 473 1 301 2 579 1 1307 1 843 5 948 5 654 5 1309
392 20 4 3 1356 1 175 2 928 2 1285 3 1128 1 726 1 583 3 988 1 998 4 910 1 778 3 95 2 1093 1 1310 1 435 3 137 2 1477 1 935 1 737 4 237
393 20 4 1 722 1 1243 2 1319 5 625 3 27 1 243 1 1416 2 1421 2 622 2 1470 1 435 2 223 3 1130 3 924 2 776 2 989 3 1004 2 659 4 1415 1 1248
394 20 3 4 920 1 422 3 1124 1 1087 1 718 2 518 5 1376 2 740 2 441 1 416 1 851 2 839 1 189 2 1263 1 411 2 1076 2 719 1 1325 1 775 1 628
395 20 4 2 210 1 226 1 1128 1 880 5 112 3 413 4 292 2 351 6 605 1 501 1 880 2 1208 2 308 4 1056 1 1055 3 232 1 85 1 313 3 44 5 677
396 20 3 2 20 2 416 1 1340 1 811 1 186 4 1154 1 1028 1 42 2 1059 1 700 1 276 2 983 1 760 3 811 2 40 4 850 1 916 2 990 2 1042 1 102
397 20 5 4 740 5 338 1 561 1 1436 2 993 2 374 2 1019 1 118 1 79 8 473 2 710 1 687 3 944 3 314 3 158 2 961 7 689 3 266 1 175 2 1224
398 20 3 2 781 1 1062 1 1478 1 365 2 903 6 334 3 1062 1 297 2 1389 3 1480 4 30 1 1168 1 295 1 591 1 1306 2 1296 2 696 2 89 1 1405 1 1021
399 20 4 8 1035 1 459 1 438 3 667 1 812 1 599 2 199 3 929 2 1063 1 939 1 566 1 966 1 1470 2 189 1 107 7 158 3 1197 3 685 1 85 4 879
400 20 4 1 296 1 1195 1 856 2 266 1 970 1 453 3 97 3 561 2 1428 1 1214 12 296 1 738 3 1311 2 1316 1 1213 1 1390 2 1101 2 651 3 913 1 39
401 20 5 5 1232 2 1353 3 902 4 1254 1 1013 4 298 3 1137 3 1147 3 414 5 591 4 948 1 709 1 565 1 381 5 365 1 132 1 374 1 572 2 250 1 546
402 20 3 2 584 2 803 1 1222 1 1242 2 748 2 690 1 1411 3 257 1 95 2 763 1 1454 1 861 1 697 2 1482 3 1107 2 577 1 881 2 370 1 127 1 443
403 20 4 1 1220 4 904 1 1197 1 687 2 1079 1 773 1 525 1 699 1 338 3 217 1 1153 3 491 2 533 2 252 1 683 4 336 3 189 3 645 1 1414 5 198
404 20 4 2 272 1 624 4 874 2 566 3 1135 1 1168 4 433 1 567 1 1163 1 523 1 1055 4 248 2 192 1 663 2 757 1 729 5 1322 2 569 2 1385 2 973
405 20 4 1 1058 2 117 1 276 1 814 1 603 4 724 1 539 1 1071 7 1239 2 449 1 561 1 1063 7 538 1 298 3 290 1 1425 2 500 3 1303 3 1016 1 1118
406 20 5 1 647 3 79 2 1469 1 293 6 633 2 1003 3 414 1 1444 5 522 7 1470 4 413 4 423 2 421 1 1330 4 62 2 524 1 741 3 268 6 1029 1 252
407 20 3 3 1095 2 810 1 1206 1 463 5 1181 1 562 1 1100 1 1381 1 1275 2 1020 1 817 2 36 1 672 1 999 3 1021 1 261 2 1342 2 1168 1 1392 1 983
408 20 3 2 677 1 2 1 648 2 1306 3 612 1 1481 1 903 4 157 2 1205 2 1324 6 296 1 975 1 368 2 806 2 883 2 1432 1 1311 1 58 1 1086 1 227
409 20 3 1 757 2 13 1 682 1 1324 2 757 5 974 1 34 2 344 2 514 1 751 3 49 1 762 1 678 2 296 3 681 2 1016 3 1043 3 296 1 1045 1 1479
410 20 3 1 375 1 501 4 342 1 949 1 1462 1 1469 1 1180 6 523 2 1023 1 647 1 1040 1 1344 3 1494 1 724 2 62 1 1447 2 1369 1 1275 1 816 1 1287
411 20 5 2 531 2 450 3 200 7 1421 4 545 1 210 2 459 1 567 1 697 1 1349 1 1459 2 1105 2 72 2 504 3 66 6 952 2 1150 2 874 1 452 8 1478
412 20 4 1 385 1 1402 1 91 4 1312 3 745 2 835 3 428 3 601 2 444 1 82 3 1413 1 1483 4 1000 1 478 4 1430 4 579 2 759 1 1435 4 1282 3 531
413 20 3 2 1117 1 331 2 1330 1 282 5 1019 1 1243 2 332 1 589 3 1498 2 1040 4 1003 1 126 2 1253 1 309 3 983 1 342 1 1388 3 1165 1 885 1 971
414 20 4 1 720 1 778 1 1246 4 1139 1 1116 1 452 3 1397 5 707 3 858 1 1347 1 771 2 1496 2 1373 3 427 2 1192 3 746 9 551 2 1316 2 853 1 969
415 20 4 1 692 2 1053 4 1150 3 31 1 993 2 246 1 1291 3 946 1 59 2 77 1 900 5 451 1 326 2 198 1 197 3 1324 7 1262 1 496 6 1256 1 695
416 20 3 2 1273 1 350 2 1214 1 19 1 650 3 615 2 1173 2 1025 4 802 1 334 1 1384 2 852 1 605 1 535 2 464 1 146 1 52 1 485 2 972 1 797
417 20 4 1 1420 1 1158 1 205 2 404 1 98 5 880 4 668 2 207 2 520 1 117 1 1225 1 250 2 983 3 1438 1 53 2 1023 2 1222 3 868 7 1247 1 117
418 20 3 1 1127 1 1324 2 178 2 1011 1 942 1 478 1 596 4 742 1 1284 1 467 1 812 2 994 3 1197 4 916 2 1087 1 1222 1 1224 2 718 2 1468 1 724
419 20 5 3 1340 4 373 3 463 2 131 2 430 5 1328 4 1231 3 1292 2 1460 2 1017 1 1387 3 832 1 561 3 1467 2 778 4 752 1 469 1 1391 1 785 3 1056
420 20 3 3 596 1 214 1 823 1 468 1 495 3 345 1 977 1 826 4 105 3 837 3 1214 1 456 2 82 1 1475 1 999 1 1236 1 289 1 900 1 1143 3 1356
421 20 4 1 1296 2 1260 1 855 3 335 3 407 1 1485 1 16 5 406 5 924 2 656 6 1017 1 21 2 1029 1 1490 1 224 1 1271 2 1251 2 384 3 505 3 101
422 20 4 2 660 2 987 1 1482 1 276 2 1307 1 802 6 418 4 1159 5 351 1 1191 4 260 1 988 1 1205 1 359 1 1027 1 1411 1 224 1 704 3 206 1 1500
423 20 4 1 1146 1 248 6 1165 3 109 1 1193 1 1032 1 1350 2 1178 2 199 3 115 3 1308 4 621 3 301 1 805 1 1314 1 1047 1 597 4 734 3 780 1 217
424 20 3 1 994 2 1414 1 873 2 137 1 952 2 621 2 1366 4 126 2 890 1 846 1 549 3 302 1 618 1 1086 4 686 2 781 1 779 4 329 1 1114 1 1141
425 20 3 2 908 2 912 2 1354 1 721 1 695 1 1130 1 85 3 1342 2 1003 4 509 2 1016 1 1054 2 1230 2 768 2 187 1 946 1 1492 1 528 1 671 6 100
426 20 4 2 154 3 300 2 1270 1 824 3 155 2 24 4 106 1 988 4 589 1 964 4 391 3 435 1 1440 1 740 3 817 3 839 1 1172 3 1119 2 1206 1 1295
427 20 4 1 92 2 1147 3 1251 2 204 1 362 3 1147 2 982 1 1473 2 655 1 559 4 95 2 1339 3 1255 5 814 2 458 1 1453 1 195 2 1459 2 168 3 1250
428 20 5 3 33 3 353 1 766 1 28 2 1019 4 853 2 461 1 906 7 1126 2 929 3 378 4 1399 2 1279 7 77 1 1004 1 805 2 863 1 1018 1 266 2 689
429 20 5 1 1426 2 626 3 339 1 870 2 1279 2 796 6 1283 8 1125 2 312 1 22 2 1461 2 1077 1 823 3 136 1 1360 4 737 2 546 1 474 8 1237 1 1383
430 20 4 1 153 1 136 3 760 2 624 2 1161 1 918 1 341 1 1491 1 146 2 292 3 180 4 191 6 26 1 887 1 349 1 647 4 579 1 1355 2 68 2 1417
431 20 3 1 70 2 1500 1 742 1 398 1 1367 1 187 1 1203 1 169 2 1093 4 232 1 1239 3 382 1 1046 2 179 1 1414 1 1259 2 424 1 1066 2 1394 4 19
432 20 3 1 69 1 290 2 194 1 1484 1 1317 1 747 1 304 1 945 1 1242 2 1283 2 1019 1 277 5 1007 1 568 6 207 1 864 1 1227 1 79 1 855 3 971
433 20 5 2 537 1 860 2 199 1 739 1 252 3 236 1 1038 2 1188 2 654 1 1336 2 344 5 132 3 1379 6 888 2 1291 1 1010 4 142 7 187 5 1327 7 924
434 20 4 1 447 3 801 2 630 1 735 3 695 1 190 2 1033 8 105 1 1462 1 586 1 841 2 1224 6 1362 2 933 1 1404 1 766 8 1480 1 261 1 31 1 661
435 20 3 1 1190 1 1375 1 763 8 576 1 34 3 1090 1 42 1 340 1 87 1 1230 1 772 4 1135 1 497 5 429 1 864 3 1406 1 144 1 211 2 1417 1 910
436 20 5 5 1354 1 1177 9 55 1 384 4 692 2 155 2 577 3 624 1 411 2 850 1 1429 3 176 2 408 1 570 3 1468 1 132 1 719 4 859 1 880 9 801
437 20 4 2 1080 1 1135 1 1164 4 1236 1 509 1 730 1 1029 1 733 3 1068 2 1253 1 1244 1 806 10 80 1 1414 5 129 2 325 1 178 3 1444 1 969 5 873
438 20 5 1 113 4 569 7 299 1 1319 2 967 1 220 1 771 6 335 1 602 6 806 8 1449 1 71 1 1339 7 222 4 99 2 642 2 846 1 439 1 1117 1 1014
439 20 4 9 745 5 1024 1 217 4 249 3 1436 1 124 2 242 1 1016 1 1430 2 820 3 668 3 454 1 5 3 57 1 621 2 764 1 391 1 1093 1 1338 2 830
440 20 4 1 373 1 724 2 847 1 1334 2 785 1 676 4 156 2 1156 1 1106 3 1119 1 1319 2 1038 1 1489 5 1340 1 1202 3 1220 2 227 1 314 2 1209 8 994
441 20 3 1 1491 1 1262 4 571 1 1377 1 252 1 897 3 1280 2 493 1 1099 3 628 5 1397 1 825 1 211 1 1295 2 78 1 812 1 339 5 53 1 1010 2 963
442 20 4 1 963 1 1336 1 7 5 678 2 1121 2 319 1 1235 1 868 1 218 1 1043 2 948 2 820 3 273 1 675 5 91 1 222 2 890 3 684 3 1092 3 192
443 20 4 1 225 2 887 3 1077 2 321 3 520 1 465 2 115 4 175 2 1060 5 534 2 1017 2 1496 1 1377 2 2 1 686 1 489 2 360 3 1019 3 540 1 22
444 20 3 1 967 1 440 2 924 7 552 2 916 1 225 1 692 3 983 1 622 3 1293 1 801 2 589 2 1168 1 1398 3 35 2 1209 1 393 1 71 1 1127 1 1371
445 20 5 2 522 1 497 1 1488 3 1410 2 999 1 371 1 608 5 369 2 817 5 449 3 1057 1 269 6 705 2 355 1 1299 1 1256 1 917 6 1193 3 286 4 762
446 20 4 1 117 1 890 4 1098 1 1186 2 1199 2 385 2 1385 3 935 1 994 1 688 3 177 5 160 3 241 1 535 2 339 1 453 1 448 4 252 5 753 1 568
447 20 5 1 1227 2 1465 1 89 1 82 5 839 3 1094 1 814 4 1365 1 315 3 1283 1 350 17 418 2 482 3 1334 3 665 1 1297 1 222 1 1448 1 55 2 808
448 20 4 1 978 1 594 3 667 3 353 4 295 2 988 2 1072 1 838 1 420 1 1174 2 1372 1 1288 1 423 1 273 1 608 7 1032 1 1155 4 869 3 1305 3 25
449 20 4 2 354 2 1102 3 1409 1 934 1 202 1 1500 6 125 2 791 2 1311 2 1309 1 688 1 826 1 880 1 226 5 550 3 1100 2 1139 1 1046 2 1230 1 1424
450 20 4 1 1258 1 566 2 1037 1 1208 5 919 1 367 1 1192 1 547 2 98 9 921 2 1488 2 139 1 1292 3 990 2 1141 1 172 9 434 1 1151 3 391 1 479
451 20 4 1 444 3 167 2 1059 6 1149 4 1447 1 54 3 232 1 254 1 137 2 815 1 1456 10 1267 1 784 1 684 1 535 3 712 2 316 1 323 1 745 2 690
452 20 4 1 983 6 1489 4 601 1 376 5 38 3 1131 2 816 8 1335 1 974 2 1376 1 1153 1 1362 2 1435 1 1102 1 1179 5 1105 2 740 1 60 1 4 1 436
453 20 3 1 360 2 970 1 256 1 512 4 716 3 1226 1 1144 2 647 2 549 2 249 2 573 1 348 1 51 4 952 1 1090 1 1401 1 690 1 715 3 445 1 220
454 20 5 4 803 3 628 1 282 2 875 1 550 1 1138 1 1381 1 899 1 1281 2 1005 2 1155 2 966 3 1177 14 38 2 950 4 886 2 376 4 1363 2 406 2 97
455 20 4 2 793 5 554 1 1352 1 757 3 509 2 1340 1 34 2 202 2 259 3 371 1 130 2 149 1 246 2 932 1 522 1 1367 1 185 4 834 3 295 2 1315
456 20 5 3 534 2 620 3 99 4 1430 3 97 2 203 1 718 8 211 3 1425 4 368 1 216 3 1118 1 818 1 711 1 1194 1 2 6 294 2 620 1 467 1 1044
457 20 4 1 129 2 1429 2 821 4 512 4 967 1 576 1 29 1 222 3 227 1 257 4 392 1 247 1 1048 1 1269 4 1210 7 369 1 912 1 776 1 180 2 1285
458 20 4 2 1350 3 405 1 1028 3 1069 2 308 2 724 1 677 1 1408 3 1314 1 19 4 569 1 413 3 1314 4 1097 2 1241 2 854 1 439 1 573 2 69 1 466
459 20 3 3 1148 1 16 2 555 4 1008 1 1327 1 553 2 1379 1 583 2 1157 1 1410 2 84 2 264 1 1169 1 118 3 329 1 1133 2 1258 1 690 3 576 2 731
460 20 5 2 668 1 651 5 1047 1 422 2 1348 5 1232 2 1031 4 1292 7 737 2 1360 1 1415 1 1078 3 627 4 1059 1 299 2 343 1 1190 9 1145 1 999 2 848
461 20 4 1 204 1 250 4 380 3 280 1 411 1 932 1 1355 2 313 1 50 1 423 5 453 2 252 3 1323 2 1009 3 327 5 1114 2 241 2 685 6 187 2 626
462 20 3 1 1056 3 721 4 747 1 1268 2 223 1 499 1 748 1 420 1 972 2 819 2 111 1 1484 7 114 1 6 1 1074 1 538 2 1340 4 467 2 951 1 178
463 20 4 1 464 7 1258 2 1294 3 1305 3 1154 1 889 2 323 1 142 2 304 1 1287 1 691 1 560 5 513 1 42 1 1431 2 768 3 1484 1 814 1 592 2 647
464 20 3 2 1198 2 480 1 255 1 1065 1 1057 5 1043 2 681 1 1497 2 1274 1 348 2 175 3 39 1 1394 3 651 1 123 2 532 1 646 4 582 1 44 1 214
465 20 4 2 451 3 1335 3 117 5 1401 2 1251 2 109 2 391 3 1195 1 1336 5 404 3 962 1 1330 2 1280 1 624 2 588 3 1002 2 212 2 945 1 37 1 282
466 20 3 2 851 2 293 1 988 3 54 2 445 1 219 1 467 1 893 5 1216 4 1014 1 563 1 1017 1 623 1 99 4 1277 1 156 1 184 3 988 1 493 1 577
467 20 4 3 621 1 458 1 323 1 913 3 1010 1 803 4 1052 1 636 1 1080 3 1197 3 218 2 864 1 470 3 934 2 629 1 1313 6 348 1 248 4 1154 2 896
468 20 5 1 1119 3 1150 4 176 1 506 4 858 7 1027 5 451 1 983 1 52 8 1446 2 1025 3 208 1 384 1 335 1 1269 2 835 2 220 1 1125 2 816 4 64
469 20 5 2 1291 1 1350 1 8 2 1431 3 908 4 1104 1 530 1 399 2 364 1 252 2 764 6 1416 2 623 1 1017 2 1005 1 559 3 1268 9 423 4 1178 6 891
470 20 3 1 1062 1 353 1 1321 4 1248 3 527 2 350 1 995 1 961 2 1463 2 691 2 1019 2 1487 1 982 4 539 1 969 1 779 2 973 1 731 1 1117 1 432
471 20 3 1 976 3 821 2 627 1 641 1 1091 3 1138 1 138 2 769 1 1050 1 1265 3 998 4 1477 1 1250 2 273 1 370 2 789 1 670 5 1272 1 1135 2 463
472 20 4 4 306 1 938 7 561 1 1258 1 779 3 119 3 348 1 235 3 1418 1 573 3 607 2 534 1 1416 6 1400 2 465 2 1141 2 462 1 501 1 1494 2 24
473 20 4 1 259 1 964 2 39 2 1155 2 1112 2 1489 1 1318 3 694 3 1307 1 427 4 1379 4 1006 2 851 2 439 3 391 3 620 2 1216 2 661 1 880 1 717
474 20 4 5 137 1 745 2 992 4 712 4 556 2 1050 1 1236 1 737 2 389 2 421 5 1140 1 1053 3 566 1 182 3 126 1 1369 1 23 4 406 3 586 1 982
475 20 6 13 398 1 91 4 1348 1 138 7 207 2 1445 1 1111 1 1475 1 525 5 463 2 1188 6 1367 2 319 1 214 4 399 3 550 2 787 4 922 1 203 1 724
476 20 4 5 64 1 1392 1 394 1 502 2 434 3 405 1 109 3 1258 1 1354 4 509 1 1396 3 987 2 1304 1 1292 1 397 1 871 4 459 1 437 3 1283 1 444
477 20 4 1 907 1 750 1 365 3 407 2 489 4 769 2 1192 3 761 2 693 2 1007 2 462 9 625 1 617 1 819 1 994 2 584 1 835 5 146 1 575 3 717
478 20 4 2 754 1 461 3 1476 1 101 2 312 1 138 2 1227 1 340 3 951 1 1455 2 181 3 293 2 265 2 733 3 474 2 430 1 957 5 600 1 1272 4 1026
479 20 5 2 5 2 594 2 178 1 85 1 1468 3 601 1 1122 2 1375 2 1148 2 1265 2 981 8 1027 7 1106 5 1401 4 296 1 502 2 655 1 1130 1 418 1 1331
480 20 3 1 991 2 53 6 686 1 610 1 607 3 226 3 996 1 250 2 1446 1 1328 1 650 2 356 1 539 1 822 1 1270 1 184 1 1010 1 196 1 750 4 594
481 20 4 4 1321 3 1399 3 1254 3 994 1 1017 1 1214 2 172 2 841 1 330 2 153 2 719 1 868 2 779 1 123 1 1191 2 1322 2 1322 1 837 5 865 2 7
482 20 3 2 488 1 955 3 1062 1 423 1 736 2 1160 1 1471 2 1187 1 478 1 523 1 371 2 12 1 1204 1 840 3 945 2 644 1 858 5 1152 2 1434 2 1455
483 20 2 2 857 1 976 1 794 2 902 3 572 1 771 1 357 1 901 2 114 2 1354 1 418 1 601 2 7 2 318 1 1226 1 1200 1 1041 1 1441 1 897 1 1118
484 20 3 1 264 2 751 2 1387 1 883 1 1144 1 541 1 476 2 1204 5 896 1 1414 1 830 1 989 1 754 2 446 3 793 3 874 3 1379 1 1167 1 171 1 777
485 20 4 1 68 3 1109 1 955 1 379 2 100 2 600 4 183 6 878 2 256 2 890 1 574 1 145 1 389 3 908 5 431 1 1227 1 736 8 511 1 181 3 1092
486 20 4 1 754 1 930 2 1498 1 232 1 431 2 1366 3 825 1 833 2 1180 2 182 1 544 2 118 5 1034 2 865 1 197 5 789 5 587 3 755 1 1312 1 1180
487 20 4 4 876 3 1193 3 613 3 192 3 969 1 645 1 204 1 739 3 610 4 945 1 1230 1 564 2 798 2 1019 1 225 3 511 3 1495 1 263 6 161 2 721
488 20 4 2 1361 2 117 1 116 1 638 1 704 1 1039 2 485 3 736 3 690 1 1361 2 225 1 1163 4 1234 1 903 1 842 5 1327 5 1229 1 207 8 733 2 1350
489 20 4 8 1459 5 710 3 1100 3 187 1 36 2 932 2 709 1 19 3 359 2 793 3 653 1 541 3 1420 1 55 2 216 2 570 1 1300 1 1334 1 310 1 1139
490 20 4 2 250 1 1249 1 1180 2 224 1 1259 2 492 1 4 1 756 2 550 3 1078 4 741 3 1408 3 720 2 455 2 317 1 1477 3 962 1 1070 4 47 2 1178
491 20 5 2 1343 3 670 1 256 1 34 2 715 7 680 2 1450 9 71 3 649 4 573 1 1331 3 1277 3 1381 1 352 1 697 1 286 4 1144 5 1117 1 169 1 163
492 20 4 2 556 1 425 1 726 1 1170 1 566 1 1493 1 116 1 1104 1 1306 3 1203 2 450 1 575 3 404 1 282 1 1210 2 770 6 466 2 1455 4 98 6 444
493 20 4 2 335 2 587 4 1183 7 1151 2 152 6 725 3 1198 1 1197 1 1340 2 130 1 1076 3 169 1 25 1 85 1 1216 3 156 2 367 2 1061 1 1209 4 323
494 20 5 5 1015 5 949 2 125 6 682 4 1230 1 1121 4 626 2 1324 2 514 7 669 2 1289 1 896 1 336 3 348 1 1244 1 1273 1 693 4 56 2 950 3 922
495 20 4 1 908 5 1095 6 247 3 137 1 620 1 1051 3 1299 1 591 2 1442 1 233 1 947 2 685 1 1404 6 418 2 781 1 762 1 983 5 171 1 1319 2 663
496 20 5 1 231 2 498 1 486 1 771 1 996 2 833 2 171 1 173 1 1363 5 1335 5 686 6 1135 2 1126 1 199 12 933 3 878 1 1329 1 110 2 482 1 913
497 20 5 1 177 3 1208 1 1431 1 291 1 1276 2 72 1 297 3 1224 1 576 2 1005 5 1402 2 608 1 1005 7 98 6 827 1 984 4 877 1 1344 8 971 5 1279
498 20 4 1 1317 1 56 1 238 5 82 3 692 1 295 5 41 1 847 1 707 2 152 2 353 2 176 1 1435 1 647 3 994 1 1237 3 364 4 898 2 1319 1 1267
499 20 3 1 695 1 83 2 366 1 943 2 1395 1 1335 1 104 1 931 3 360 4 283 1 353 2 616 2 664 4 647 2 1155 2 125 2 244 2 1122 1 972 2 821
500 20 4 12 999 2 121 2 826 1 1171 1 140 4 1080 4 1457 2 248 2 24 2 1095 1 413 1 119 2 1404 4 1433 2 1499 1 679 2 214 1 1311 1 1160 2 1142
