1 10 1692 44 258 251 388 176 902 73 852 257 404 170 133 164 989 183 602 163 1200 211 445
2 10 2065 281 500 39 1278 202 857 165 284 249 530 223 1316 159 295 203 447 257 1415 287 881
3 10 2199 286 888 195 1062 211 129 289 910 223 1173 226 460 223 207 234 1301 217 498 95 1152
4 10 1907 99 707 172 1023 246 152 285 71 66 964 118 1399 151 1392 278 656 202 1415 290 302
5 10 1977 241 1161 220 1259 146 1164 232 1329 192 830 124 942 266 1194 182 149 143 1356 231 94
6 10 2101 285 187 192 396 239 652 203 1335 194 1378 98 990 198 514 294 962 256 463 142 645
7 10 2144 280 1485 212 776 263 634 139 651 284 1165 123 1414 275 249 213 421 248 947 107 101
8 10 2083 160 672 190 442 159 1472 237 185 236 735 247 701 254 1485 214 1220 185 384 201 468
9 10 1790 116 179 261 746 241 1078 297 859 182 351 264 1410 187 750 89 1490 102 147 51 425
10 10 2033 276 81 28 51 180 414 300 8 237 1346 114 314 190 1445 295 1 161 107 252 522
11 10 2223 289 180 232 226 263 578 230 290 135 1326 142 1433 230 246 287 341 289 229 126 660
12 10 2312 88 578 274 631 231 1222 277 950 269 253 270 1276 237 611 209 1347 217 225 240 1126
13 10 1988 280 1372 96 1066 282 1260 179 300 260 1290 89 1168 237 296 197 1173 278 591 90 1185
14 10 2141 294 1131 43 645 261 1364 154 1126 291 919 259 1291 173 200 262 693 268 303 136 929
15 10 1708 124 1387 159 1152 73 1086 171 1465 170 1362 287 932 280 112 178 193 225 426 41 1303
16 10 2023 255 1388 246 1105 209 392 138 773 274 345 244 354 113 759 129 1156 151 29 264 100
17 10 2091 292 629 261 1421 184 184 140 810 146 86 202 248 299 355 180 978 275 1322 112 1451
18 10 1954 290 1349 179 121 207 1013 108 1162 208 1062 291 177 298 551 195 13 155 1348 23 930
19 10 2337 283 1103 261 734 230 613 217 450 268 201 159 1070 294 1164 187 948 280 1111 158 743
20 10 2012 232 1222 293 740 179 149 225 1189 160 1386 249 1023 166 1399 89 1448 120 301 299 571
21 10 1974 135 720 169 1453 87 30 238 1488 292 1255 193 126 246 1363 249 1184 136 555 229 670
22 10 1815 66 1413 137 802 227 590 138 597 295 685 174 268 236 1386 251 1272 203 629 88 743
23 10 2188 216 449 198 135 270 524 132 121 286 79 275 1106 145 1419 197 1374 269 1259 200 210
24 10 1991 290 532 174 332 221 1295 160 1370 211 517 145 113 165 783 182 447 297 1396 146 762
25 10 1855 237 1464 193 1103 241 834 176 539 57 1050 185 1488 257 169 227 46 178 832 104 870
26 10 2001 300 7 226 1170 68 601 276 1174 162 366 176 37 227 69 293 143 154 1468 119 135
27 10 2170 219 1211 225 272 291 1490 300 472 264 836 67 229 57 1021 269 76 272 814 206 1080
28 10 1924 144 772 228 1423 219 79 128 385 297 1086 139 1193 213 313 203 280 160 956 193 877
29 10 1990 214 488 294 246 276 218 63 417 201 1421 114 683 283 328 212 199 111 160 222 906
30 10 2362 148 1123 280 850 182 455 299 245 125 14 288 233 289 734 244 104 282 944 225 348
31 10 2369 244 80 254 1315 289 62 288 947 274 818 286 56 234 600 91 384 261 61 148 235
32 10 2082 255 1308 264 1037 110 1409 276 812 252 274 199 730 221 295 124 1325 105 1399 276 829
33 10 2105 99 958 218 821 243 610 166 319 266 228 192 746 214 936 295 1209 217 382 195 376
34 10 2001 120 22 244 954 206 151 65 344 278 425 129 1411 233 553 260 74 248 573 218 709
35 10 1992 274 716 272 1412 232 48 270 1139 199 301 120 1259 123 704 294 1148 46 1075 162 1385
36 10 2142 232 1382 282 35 240 212 300 1153 263 238 110 65 259 645 229 1273 128 551 99 10
37 10 1998 247 976 102 482 239 367 112 388 270 33 192 742 272 554 214 1167 248 488 102 149
38 10 2252 199 98 272 1120 248 402 260 93 290 9 271 766 223 68 131 956 173 76 185 867
39 10 1603 292 1259 168 1264 200 239 112 1442 56 324 254 1148 261 1341 180 279 26 684 54 774
40 10 1795 190 836 274 642 214 1075 139 801 130 1028 165 816 17 219 264 88 240 1335 162 1438
41 10 2021 60 1298 243 318 298 971 176 1143 244 142 182 1260 213 939 169 1249 243 349 193 117
42 10 1952 240 1395 60 299 192 834 220 512 84 693 201 645 176 388 295 494 253 848 231 846
43 10 2055 109 823 249 683 226 181 264 1401 245 303 176 473 128 1220 171 1063 264 411 223 1021
44 10 1687 116 1119 239 1 258 777 227 1416 144 225 216 525 38 1014 122 1093 159 265 168 929
45 10 1945 127 935 258 1041 207 73 239 224 216 505 266 1460 186 158 89 770 296 580 61 1477
46 10 1401 34 472 99 933 53 662 263 767 201 758 151 724 108 541 100 1494 148 1377 244 1266
47 10 1894 195 1064 209 1071 172 446 114 233 238 854 256 1282 114 1379 109 814 293 264 194 1358
48 10 2098 282 205 137 514 201 1332 269 151 271 1494 298 781 108 518 144 1354 258 323 130 1232
49 10 1784 269 235 146 654 290 321 223 1227 141 369 191 975 121 1076 192 481 128 803 83 133
50 10 2082 293 1034 231 1066 144 1235 258 594 221 979 113 857 258 525 284 347 38 539 242 667
51 10 2329 273 804 218 963 200 62 288 272 157 1320 256 1491 294 1291 229 386 246 265 168 399
52 10 1829 182 841 83 1336 190 1158 208 1357 195 828 221 217 271 1023 179 814 234 706 66 712
53 10 1442 164 275 87 111 101 540 228 1248 94 753 131 232 37 613 130 1174 199 413 271 539
54 10 2393 283 961 265 566 178 1015 241 1459 276 246 239 689 275 13 206 1496 203 263 227 1415
55 10 1769 113 601 150 146 251 125 144 495 217 1063 235 349 292 442 79 1440 145 407 143 1361
56 10 1587 245 929 263 661 80 953 300 1424 20 154 25 1348 35 991 245 400 268 999 106 616
57 10 2044 246 1035 281 159 209 1295 241 1115 289 1054 95 82 84 421 223 1457 286 636 90 1078
58 10 2230 256 985 266 569 201 219 87 761 272 956 136 1155 283 972 257 676 179 27 293 1468
59 10 2008 119 1145 289 278 45 60 86 174 290 962 151 9 227 1285 237 314 281 201 283 1355
60 10 1858 179 1062 121 1163 237 201 248 924 240 805 146 58 119 100 272 185 210 925 86 1420
61 10 2239 203 1212 182 1139 279 1214 251 120 189 539 170 22 152 1076 286 34 236 1103 291 418
62 10 1619 158 448 50 1398 199 151 209 1140 68 220 115 662 218 598 168 466 265 146 169 922
63 10 1910 117 465 196 346 210 174 288 120 139 1185 121 209 286 125 195 778 260 1084 98 240
64 10 2060 274 689 219 513 147 966 224 492 115 1434 288 707 192 593 241 1114 208 4 152 922
65 10 2144 285 798 111 1003 183 1468 292 61 252 1357 298 427 94 703 199 1107 191 213 239 1095
66 10 1777 79 460 82 987 201 1434 233 741 296 616 111 357 105 188 236 1408 174 1499 260 867
67 10 1978 200 638 178 1149 289 462 210 1017 247 234 243 479 151 975 207 825 81 49 172 245
68 10 2364 299 1462 208 1372 230 576 258 289 287 478 252 15 230 120 228 933 101 1169 271 1460
69 10 2534 246 1089 296 1394 241 304 252 494 276 953 274 219 204 697 243 1449 240 1070 262 1222
70 10 2186 191 682 203 1285 268 127 295 113 281 1053 180 987 162 164 216 1309 130 856 260 1300
71 10 1567 177 565 161 1144 47 1149 241 763 230 1015 15 1247 77 252 222 1257 270 299 127 801
72 10 1916 256 384 125 562 226 531 61 474 242 206 131 727 274 168 249 758 288 359 64 908
73 10 2356 272 1422 181 221 258 1203 139 1349 248 1351 214 89 282 547 240 1182 269 800 253 849
74 10 2340 196 661 265 1442 123 226 220 707 291 662 128 855 283 817 279 1048 293 411 262 1308
75 10 2083 3 1408 120 922 254 948 187 1000 273 410 171 1372 294 34 254 330 286 14 241 1323
76 10 1771 283 842 240 920 56 234 183 766 207 77 80 428 275 483 225 1411 154 953 68 931
77 10 2297 251 707 252 344 127 237 290 650 300 618 70 423 235 330 227 866 300 518 245 740
78 10 2184 52 788 265 716 276 1149 239 410 232 417 267 1067 90 513 254 1292 263 696 246 1001
79 10 1938 191 950 292 381 38 714 286 1239 269 990 220 632 184 62 88 1366 256 921 114 593
80 10 1541 284 400 209 1500 137 1386 55 741 104 1209 135 966 230 1468 204 1252 70 222 113 592
81 10 2205 159 1309 228 1238 290 457 96 1392 281 73 265 1098 288 114 151 252 250 551 197 553
82 10 1697 86 450 150 874 244 121 168 1375 167 917 236 1029 253 666 29 415 261 676 103 637
83 10 2327 123 1260 232 195 271 99 257 836 152 933 276 975 240 541 267 1466 286 77 223 164
84 10 2001 282 381 247 113 226 823 214 805 290 547 191 854 230 1330 102 198 192 803 27 443
85 10 1875 62 647 227 1033 105 715 258 1273 255 786 77 175 245 266 128 130 242 611 276 447
86 10 1837 213 1464 174 1247 185 565 299 688 168 635 271 905 232 120 51 1201 181 1331 63 639
87 10 1986 191 1317 284 15 104 1242 104 539 271 1287 71 1222 287 1117 251 55 143 872 280 696
88 10 1873 27 1098 289 1147 127 1207 117 691 193 519 246 1034 203 1047 164 506 212 394 295 691
89 10 2133 205 592 174 195 291 943 84 266 256 392 87 1381 224 1414 296 984 238 1467 278 21
90 10 1936 122 1090 34 496 166 448 231 714 287 1022 267 1180 235 1246 219 401 111 857 264 810
91 10 1704 184 669 104 352 108 1071 123 766 132 264 269 730 166 1459 74 1120 253 783 291 490
92 10 1905 262 1487 137 604 297 1316 245 651 293 219 18 253 266 798 231 469 141 1230 15 1026
93 10 1672 186 822 118 694 175 1372 207 965 8 471 231 1318 242 1423 190 1196 195 758 120 1188
94 10 2170 174 418 101 727 235 125 280 871 288 177 229 1447 149 999 190 926 240 1098 284 387
95 10 1937 228 57 243 457 138 526 120 453 155 1053 239 166 157 302 296 889 285 1016 76 981
96 10 1793 95 1466 205 650 260 60 157 171 293 1025 257 302 110 1098 52 355 178 816 186 826
97 10 1847 290 166 195 159 194 291 147 1066 258 1251 212 612 159 774 68 1442 126 1334 198 1451
98 10 2299 274 903 288 1378 288 1058 250 201 298 484 97 1438 261 358 228 1132 142 66 173 595
99 10 2048 271 893 275 657 208 980 286 1300 286 1489 58 245 199 765 122 602 299 1002 44 71
100 10 2334 286 71 296 969 67 718 260 193 223 156 177 167 190 428 299 901 268 630 268 691
101 10 1732 164 1404 276 1447 153 1269 268 399 123 757 82 979 228 1290 147 1111 144 674 147 27
102 10 2129 155 597 283 918 240 472 147 512 279 1022 211 456 249 722 285 1359 247 1489 33 1042
103 10 2139 232 938 273 239 193 472 205 304 290 544 269 810 272 172 173 1277 121 246 111 343
104 10 2052 286 510 213 1406 163 110 165 396 284 303 45 1036 293 1263 291 944 251 1462 61 438
105 10 2236 246 45 99 1076 229 586 298 796 217 1351 281 764 174 1398 198 847 268 798 226 966
106 10 2003 207 1436 34 214 237 679 269 938 230 593 215 1160 232 408 193 1192 187 490 199 278
107 10 1932 177 307 111 1309 205 258 284 1231 298 181 52 442 271 105 186 793 265 889 83 1148
108 10 1758 186 503 157 238 291 496 285 569 115 1093 45 1057 147 554 205 1468 158 1384 169 1233
109 10 2040 251 480 299 792 150 1286 188 52 141 170 300 1489 225 799 261 216 108 269 117 532
110 10 2056 291 1216 240 206 241 737 220 1176 21 85 227 560 151 786 88 591 289 372 288 622
111 10 2147 156 535 216 279 206 675 118 1336 132 346 275 30 233 652 291 65 269 244 251 881
112 10 1691 186 1008 129 1491 144 1211 117 551 156 37 191 1165 170 628 254 353 165 200 179 165
113 10 2002 41 1473 264 547 177 1055 222 943 261 1054 288 1192 202 603 163 1097 149 688 235 1498
114 10 2151 133 138 288 1463 283 950 235 1459 172 964 276 838 207 245 56 1051 248 1158 253 749
115 10 1767 130 1411 146 1206 278 1485 159 1100 167 465 67 1383 173 276 103 1008 266 938 278 241
116 10 2244 284 1461 251 689 214 802 284 476 172 489 210 241 180 1213 281 7 197 1479 171 709
117 10 2152 174 899 149 207 269 570 162 1226 194 1176 206 259 278 288 279 920 141 469 300 799
118 10 1856 21 1396 245 75 171 641 205 52 176 875 230 180 295 94 80 889 149 1143 284 1303
119 10 1955 182 630 288 172 126 859 173 104 198 1039 155 972 283 929 233 372 116 302 201 139
120 10 2008 237 266 108 1414 293 265 64 1208 268 868 220 1228 131 633 268 306 227 746 192 687
121 10 2227 197 1147 171 1423 263 801 156 357 244 1157 274 311 156 1126 280 1337 195 120 291 1268
122 10 1635 262 1349 171 916 253 949 168 869 60 7 65 584 296 774 114 674 157 745 89 1044
123 10 1744 192 1355 147 866 106 1010 227 62 138 2 206 231 172 947 229 1242 289 279 38 954
124 10 1768 163 257 243 950 72 1441 137 945 241 49 219 516 252 579 241 420 36 669 164 1500
125 10 2026 167 249 275 902 111 125 200 1303 279 521 229 46 256 834 298 514 147 961 64 771
126 10 2459 291 1042 238 1459 250 21 68 1223 201 1279 282 266 283 736 293 732 259 864 294 1109
127 10 1907 68 260 179 1343 246 1448 167 735 40 1121 247 789 283 1494 157 1298 284 975 236 1350
128 10 2243 229 1016 247 230 114 1451 215 717 170 721 157 1083 271 52 293 456 277 1065 270 909
129 10 2053 46 615 238 751 269 718 269 609 179 1451 262 145 253 151 276 1186 26 702 235 1169
130 10 1796 280 1332 114 1266 58 1222 255 19 265 782 173 645 81 1494 231 978 129 343 210 918
131 10 2345 212 31 293 1261 240 698 241 288 67 594 245 2 288 992 237 7 239 330 283 21
132 10 2037 104 297 294 203 133 676 244 89 245 7 201 1134 264 144 278 958 135 179 139 1317
133 10 2329 130 569 219 453 296 1478 201 918 249 569 279 341 287 17 298 1072 77 1391 293 1243
134 10 2135 191 1264 276 1299 246 765 262 580 215 1484 288 699 80 1003 94 600 233 370 250 242
135 10 2183 51 413 242 876 97 456 287 1068 300 226 190 146 207 1161 247 1376 271 538 291 615
136 10 1792 217 460 42 852 191 1334 153 831 206 495 237 105 232 1349 161 1347 200 883 153 262
137 10 2106 295 1378 38 25 176 991 290 348 224 820 242 1335 78 987 243 245 281 1185 239 105
138 10 2327 189 336 237 327 274 171 272 854 230 294 181 1351 211 447 293 1331 183 1467 257 840
139 10 1830 167 489 300 509 280 24 168 278 87 379 59 112 235 181 284 1322 210 1117 40 1419
140 10 2087 36 150 253 1256 272 495 232 1172 277 961 194 1275 185 298 91 288 296 344 251 324
141 10 2049 187 26 268 16 266 513 198 101 288 168 85 922 73 1039 299 534 124 898 261 1130
142 10 1445 215 528 98 1149 55 523 119 509 82 807 297 1196 256 9 53 436 120 560 150 222
143 10 1921 202 138 20 555 224 820 210 201 284 790 297 1259 43 195 191 938 265 368 185 1311
144 10 1851 92 523 234 1264 201 62 236 326 191 148 226 380 183 1496 124 485 210 558 154 1339
145 10 2125 182 656 212 188 274 68 220 409 233 936 183 1165 90 775 244 530 259 691 228 1102
146 10 2262 294 245 112 618 140 280 196 351 293 318 175 148 268 762 293 913 199 867 292 1124
147 10 1674 150 111 37 496 277 565 256 105 35 373 162 630 199 1035 205 453 235 412 118 618
148 10 2261 181 150 271 232 158 1161 271 1233 208 1355 159 209 230 1467 246 1132 257 417 280 1244
149 10 2044 211 561 95 550 246 690 244 789 241 1282 273 1070 211 747 191 618 276 1236 56 352
150 10 2043 53 254 259 1198 148 683 200 1309 210 1269 202 739 141 1227 280 871 250 1059 300 933
151 10 1777 105 277 156 108 177 1253 235 63 161 673 96 985 131 1197 298 893 167 805 251 1166
152 10 1741 132 920 108 369 250 281 219 181 91 110 200 1182 117 764 223 1137 216 23 185 620
153 10 2374 282 954 229 367 244 673 251 543 234 656 159 1157 288 207 149 1263 262 561 276 92
154 10 2077 221 851 211 607 254 1293 108 965 226 295 114 1088 280 942 288 417 209 1346 166 273
155 10 1850 101 56 181 161 295 650 296 685 24 402 125 376 162 1352 272 1084 127 927 267 112
156 10 1773 239 637 138 72 233 666 119 1071 203 1380 207 1495 91 594 172 1231 258 962 113 914
157 10 2256 141 425 290 545 296 1402 265 1235 154 1222 184 387 243 916 243 875 206 939 234 836
158 10 2057 241 576 170 457 245 1041 195 1098 220 1392 212 1165 141 1142 251 929 85 678 297 1124
159 10 1832 154 1045 277 944 202 344 150 697 106 333 111 1314 283 1347 247 812 156 160 146 509
160 10 2233 234 926 242 1422 240 947 215 1062 275 750 200 300 148 464 107 642 289 1385 283 458
161 10 2063 266 337 248 1494 296 1279 116 1429 243 379 190 681 211 419 129 1240 197 996 167 391
162 10 1679 212 1015 171 261 181 577 140 1105 246 507 138 485 97 335 257 1259 97 835 140 1203
163 10 1853 30 1255 134 1454 197 1201 133 570 265 103 153 60 291 80 246 1452 179 816 225 215
164 10 2304 224 153 159 922 191 1034 282 68 267 1038 271 173 280 1019 183 1492 270 1247 177 131
165 10 2331 197 1250 259 1279 204 49 219 1121 240 413 280 73 284 1022 291 659 165 669 192 38
166 10 2175 237 1001 289 604 211 126 249 401 132 294 244 1168 166 1394 204 45 150 191 293 688
167 10 2011 119 644 282 157 214 512 176 619 162 258 196 1426 248 1012 136 23 262 9 216 1179
168 10 1987 288 1183 258 89 169 75 138 1383 192 366 252 316 296 1490 171 1345 62 11 161 890
169 10 2380 294 833 295 98 182 287 297 1097 253 1026 139 627 257 498 103 649 268 1036 292 463
170 10 2052 280 1068 294 365 295 995 122 1485 188 793 222 1354 185 1205 156 518 178 457 132 1170
171 10 1547 107 773 53 1363 151 282 29 19 121 242 288 1150 293 582 96 1170 222 942 187 225
172 10 1930 288 1114 299 280 96 108 135 162 270 1260 94 1273 174 269 224 1248 124 753 226 1119
173 10 1850 111 1361 137 1284 81 14 214 921 185 618 170 1121 280 53 197 782 231 376 244 1444
174 10 2246 271 576 215 724 186 949 180 1243 225 690 148 102 273 418 242 767 246 782 260 775
175 10 2065 130 744 186 1188 288 1109 217 565 286 1155 193 396 176 596 228 1070 205 1017 156 989
176 10 2123 238 204 297 633 194 1188 166 493 205 16 174 1499 74 522 285 476 271 768 219 936
177 10 2291 275 483 296 1059 272 78 202 430 202 758 154 710 130 1149 287 559 193 595 280 1156
178 10 2046 212 713 299 753 84 1412 252 623 182 1386 217 1248 249 533 151 229 227 586 173 109
179 10 1855 295 42 105 1025 193 849 293 1190 127 69 253 939 43 269 94 1282 210 306 242 1263
180 10 1717 103 1273 108 250 90 1491 216 738 173 1169 14 785 198 1248 299 322 227 226 289 785
181 10 1625 69 784 198 313 241 898 206 909 151 749 114 289 181 714 169 229 148 170 148 12
182 10 2264 225 115 299 311 178 638 271 389 216 390 270 1313 190 854 296 930 56 544 263 653
183 10 1915 284 554 238 364 226 1319 147 749 209 804 207 938 200 1070 115 1363 191 615 98 547
184 10 2197 187 845 259 225 193 1057 281 258 292 1369 227 1385 225 66 207 1495 293 790 33 290
185 10 2126 130 562 298 147 266 1104 229 913 70 591 289 1185 230 1107 188 846 247 566 179 190
186 10 2103 290 197 174 915 213 793 214 627 186 1012 126 535 151 777 287 732 245 67 217 143
187 10 2108 261 931 293 633 77 1457 277 780 158 1082 287 852 235 768 268 87 23 1036 229 1373
188 10 1793 252 1051 25 794 245 238 185 380 268 1149 217 1394 105 18 139 411 192 1357 165 1234
189 10 2103 235 1245 201 1405 213 242 237 567 196 665 146 831 157 40 232 1013 298 286 188 889
190 10 2271 226 457 250 702 176 452 248 1223 252 1409 282 736 118 724 283 888 195 14 241 1284
191 10 2145 109 753 239 896 296 638 268 940 124 103 299 1013 182 695 270 323 59 1360 299 563
192 10 1955 216 333 263 871 216 264 231 494 259 470 118 484 224 216 84 282 201 584 143 1174
193 10 1679 226 93 117 108 172 42 148 1046 90 1098 197 3 183 28 133 1004 192 190 221 903
194 10 2004 243 761 235 705 292 864 183 255 39 423 103 426 297 561 218 1107 288 1473 106 1325
195 10 2246 208 803 237 1403 256 846 207 777 247 491 145 763 145 1181 296 710 293 109 212 345
196 10 1995 254 663 59 653 126 59 287 1271 162 591 189 956 183 1091 265 1492 299 40 171 1278
197 10 2185 60 757 244 1244 152 1387 186 634 223 964 233 1399 293 932 223 643 283 871 288 1420
198 10 1940 154 1272 249 1198 294 501 54 419 100 683 284 272 107 307 283 1085 217 888 198 1427
199 10 2122 174 806 263 517 143 714 121 1083 264 389 248 1160 103 1263 269 844 295 361 242 885
200 10 2277 261 122 247 153 242 1368 136 78 289 983 264 235 214 1464 292 1232 209 62 123 419
201 10 2018 200 1225 281 329 179 609 128 1383 231 1009 203 509 272 1002 197 484 174 464 153 1338
202 10 2181 244 694 261 1272 215 711 261 1295 232 103 271 828 177 510 253 1214 246 1450 21 1226
203 10 2465 232 336 271 186 182 6 251 1158 220 512 296 811 218 493 232 1177 270 1221 293 463
204 10 2270 233 1220 16 1054 289 1262 254 642 184 470 217 1475 264 549 278 567 291 154 244 851
205 10 1634 195 48 64 906 276 612 112 341 239 146 198 758 53 216 200 718 184 875 113 57
206 10 1642 156 1033 104 534 146 1430 269 40 57 676 249 1240 154 1014 66 58 225 1148 216 806
207 10 2022 85 1030 101 322 162 816 297 1176 234 783 286 1111 203 588 203 1174 185 890 266 841
208 10 2019 152 939 282 733 228 241 186 752 196 788 32 1109 243 586 198 970 267 940 235 218
209 10 1861 33 262 102 189 271 36 160 1280 221 380 244 285 185 440 292 1449 78 1002 275 286
210 10 1972 159 591 86 900 290 369 207 138 294 388 221 230 104 737 199 988 270 882 142 165
211 10 2307 233 857 212 1407 154 170 250 181 113 1490 279 391 273 1122 250 127 294 612 249 88
212 10 2022 260 1038 249 866 261 789 58 998 80 167 214 1015 270 1458 190 53 172 521 268 395
213 10 2153 215 998 165 1474 218 991 162 1300 267 252 54 1401 289 329 184 749 299 958 300 844
214 10 1979 189 1033 273 692 185 856 145 1201 229 1003 268 1225 277 350 211 75 31 871 171 1248
215 10 2110 136 628 232 1337 212 489 218 34 173 342 218 108 160 1258 268 306 220 1065 273 532
216 10 2180 260 813 263 917 168 1209 281 853 163 1258 268 281 207 1188 207 117 183 982 180 79
217 10 1989 157 1443 296 857 159 398 206 528 32 985 137 412 241 1479 256 1002 256 1201 249 1193
218 10 2003 153 613 280 874 284 409 89 1152 295 1159 193 648 260 340 143 1218 75 1084 231 9
219 10 1905 216 979 208 624 197 819 194 1026 8 401 173 864 296 1298 247 374 211 1485 155 787
220 10 2110 178 1372 157 817 298 994 228 475 201 1249 210 215 299 1059 220 1469 93 112 226 1082
221 10 2284 134 1404 276 313 213 386 191 671 230 1006 239 1005 273 742 223 617 254 1063 251 974
222 10 2171 276 204 127 762 255 253 280 342 129 148 252 508 203 159 261 1269 264 169 124 316
223 10 1997 178 809 20 1412 266 859 114 1207 139 277 238 724 270 680 287 1001 256 680 229 1048
224 10 2194 60 49 38 743 293 174 272 107 273 1004 246 1437 280 815 245 159 292 300 195 486
225 10 1913 288 798 292 375 120 300 99 405 253 520 9 194 199 1136 245 354 134 347 274 146
226 10 2032 219 1241 231 643 68 518 236 541 69 532 239 844 172 12 291 1485 229 724 278 1102
227 10 1476 64 1465 114 566 219 1002 37 733 117 570 198 1292 158 28 94 32 247 1241 228 246
228 10 1911 294 1433 215 1187 181 1003 60 958 273 1186 48 1036 196 981 177 993 277 29 190 313
229 10 1760 239 124 156 176 99 1095 8 275 91 31 77 638 288 753 280 780 244 869 278 618
230 10 2194 293 740 206 705 135 1497 259 1454 178 1175 157 264 173 355 261 548 248 1208 284 1109
231 10 1476 146 611 201 684 114 855 50 1082 175 755 93 867 180 1220 212 859 237 19 68 1499
232 10 2136 79 1386 248 434 199 639 129 975 232 120 274 886 257 1346 145 759 289 1049 284 467
233 10 1832 191 757 184 423 123 88 281 34 66 1036 146 571 274 1072 225 314 127 1448 215 990
234 10 1489 71 1259 250 887 164 803 61 716 80 919 145 1166 108 1486 205 860 281 532 124 667
235 10 2435 244 525 167 827 223 1013 149 1446 269 212 282 296 290 6 268 1075 296 1217 247 665
236 10 2150 179 576 254 607 233 1100 264 714 100 389 271 709 283 1275 255 114 183 777 128 1090
237 10 2113 288 357 248 1371 102 1184 230 884 271 1148 117 280 180 297 253 615 289 322 135 353
238 10 1788 286 962 84 1071 144 239 182 1479 202 214 221 55 115 958 239 715 222 259 93 547
239 10 1964 258 902 263 55 185 1135 300 1471 50 1459 115 293 190 590 152 527 273 453 178 109
240 10 1898 283 570 300 798 153 1087 129 930 180 1436 298 336 138 928 124 101 77 1170 216 1053
241 10 1681 211 1280 120 519 239 919 268 833 75 920 210 211 166 1394 151 623 105 131 136 123
242 10 2276 283 870 238 847 217 1252 258 1382 209 1000 253 1395 234 646 133 648 257 492 194 1145
243 10 1787 142 26 248 535 94 884 288 411 258 1012 94 1457 63 445 92 1399 297 771 211 964
244 10 2253 252 339 43 489 226 1499 298 447 192 530 269 686 264 974 299 1476 172 472 238 708
245 10 1873 223 1047 288 918 149 1280 251 183 284 378 45 159 163 364 145 1496 221 332 104 507
246 10 1845 145 632 253 588 253 1375 253 1494 240 702 85 768 157 879 99 464 237 966 123 29
247 10 2110 169 16 90 451 291 1446 86 1206 293 1281 203 1427 186 2 288 730 217 694 287 122
248 10 2229 180 698 294 460 281 126 223 1100 182 898 269 87 56 63 257 1321 267 792 220 109
249 10 1992 252 717 197 838 289 1417 185 880 216 314 161 890 226 1053 70 196 295 915 101 1440
250 10 1918 160 999 92 298 212 237 238 551 218 295 218 1058 50 100 267 1218 177 359 286 1342
251 10 2470 202 318 222 592 273 1383 246 825 295 48 150 1225 267 1363 245 251 284 362 286 1057
252 10 2103 182 116 298 739 194 1256 171 1433 251 541 82 606 221 653 139 860 287 878 278 1162
253 10 1932 246 107 130 1250 240 678 210 673 268 670 215 197 99 667 182 700 278 1165 64 301
254 10 1979 82 724 179 840 291 32 246 932 242 1057 267 1198 101 423 95 481 243 324 233 1325
255 10 1862 56 558 269 1212 262 675 79 786 275 190 91 188 291 510 282 928 142 1461 115 408
256 10 1977 240 1371 122 414 294 544 271 952 125 496 195 523 40 1158 125 878 289 878 276 314
257 10 1715 86 208 288 681 266 1043 282 605 51 1059 156 302 60 363 185 1274 245 249 96 978
258 10 1779 262 583 55 1361 106 201 281 919 263 887 109 1379 227 437 175 1234 140 624 161 333
259 10 2121 104 751 281 615 218 690 280 358 90 793 263 1140 299 360 86 79 246 223 254 1491
260 10 2164 20 469 231 52 239 797 150 447 230 755 172 125 244 1192 300 62 299 396 279 190
261 10 1997 262 700 160 91 194 1237 85 579 261 1379 185 1208 299 916 254 118 17 252 280 665
262 10 2230 159 164 210 812 268 13 260 230 214 621 266 1461 141 340 186 1469 240 618 286 365
263 10 1942 139 80 226 1244 131 334 269 901 191 524 176 1224 214 560 86 229 288 993 222 877
264 10 1693 153 1352 188 600 134 276 145 314 284 381 31 825 129 1411 144 684 249 679 236 852
265 10 2311 197 1150 182 879 284 59 156 394 292 510 296 1000 273 1232 261 866 293 1388 77 1068
266 10 1773 199 1477 175 215 296 1378 172 156 212 834 130 200 70 733 263 1277 41 821 215 1481
267 10 1956 254 420 201 1462 45 1435 188 854 211 1492 83 815 180 1481 279 458 275 800 240 94
268 10 1805 64 1424 122 1230 175 492 205 719 108 353 240 420 229 1247 166 446 258 810 238 255
269 10 2135 225 854 269 713 184 1322 166 1066 206 252 265 945 188 255 109 458 230 136 293 1057
270 10 2011 112 1031 116 956 262 420 153 831 275 1062 123 1131 161 945 260 1307 288 720 261 797
271 10 2126 216 1439 141 1269 209 1008 187 1489 257 1498 156 66 234 1456 229 173 220 1230 277 1484
272 10 1687 117 1440 293 1270 106 1020 196 1456 299 1090 231 1466 225 522 50 654 100 1455 70 356
273 10 1990 192 1004 206 1025 234 949 187 964 160 1151 238 1101 172 813 137 1003 202 953 262 1081
274 10 2389 191 313 278 1256 271 327 279 862 273 220 91 196 284 274 232 136 278 1444 212 834
275 10 1548 58 358 228 1358 81 942 93 1268 299 1057 51 425 214 525 142 298 229 1282 153 1355
276 10 2233 126 162 180 1185 293 1042 147 742 237 876 270 1245 217 1223 263 1340 289 1043 211 7
277 10 1887 181 141 164 800 230 677 113 939 126 623 179 514 192 1043 142 1307 299 709 261 715
278 10 1688 85 823 227 42 148 894 192 757 108 920 180 286 214 1086 291 1287 126 747 117 712
279 10 1759 288 984 268 568 77 723 208 1374 249 728 52 350 37 1236 136 1251 186 491 258 352
280 10 1939 217 1268 181 744 96 824 224 338 61 1193 126 1433 204 1228 294 1385 298 547 238 755
281 10 1898 139 721 227 204 198 850 273 686 81 853 269 1187 147 524 230 453 81 808 253 772
282 10 2133 148 992 91 496 284 428 295 700 220 764 92 812 283 940 204 24 294 286 222 1087
283 10 1901 237 88 210 271 243 507 219 1243 240 495 219 108 147 1156 112 1409 130 419 144 240
284 10 2012 236 31 223 331 270 392 180 603 189 787 249 1211 113 805 298 147 51 1181 203 1464
285 10 2245 296 204 169 677 138 633 284 1183 298 709 48 998 231 460 193 1444 289 441 299 401
286 10 2160 227 1075 225 1217 161 784 241 541 156 591 261 952 225 626 247 795 256 1116 161 44
287 10 1878 183 869 289 1180 270 142 228 615 173 384 16 179 132 1081 232 876 158 120 197 190
288 10 1492 148 390 163 1414 99 1472 95 1394 162 553 213 1172 139 22 78 911 191 1241 204 663
289 10 2050 256 199 100 622 230 114 225 53 295 1118 256 779 49 1281 214 971 169 239 256 969
290 10 2164 213 1401 135 760 278 1167 161 917 298 294 49 881 294 990 288 393 257 833 191 506
291 10 1867 239 939 276 499 226 1279 77 338 149 373 63 680 221 96 251 999 145 400 220 504
292 10 2071 138 1229 189 22 145 1221 240 830 175 252 259 1009 268 539 264 1500 262 461 131 956
293 10 2281 243 439 222 1360 163 1182 300 910 159 945 199 470 179 329 220 415 298 790 298 455
294 10 1513 226 964 162 1150 140 1079 137 837 89 803 34 838 165 833 183 134 241 1449 136 701
295 10 1612 182 908 249 1324 186 666 92 853 254 65 146 1038 119 793 174 371 151 500 59 1206
296 10 1801 243 501 72 749 286 1345 247 382 68 537 280 923 172 1269 133 20 254 605 46 584
297 10 1793 84 1163 177 1030 121 874 195 1291 258 312 100 71 137 1376 202 614 297 285 222 1111
298 10 2052 105 716 178 837 289 821 214 1499 145 453 283 734 135 265 172 964 288 938 243 450
299 10 2127 258 411 292 1370 156 301 277 4 95 253 293 300 172 395 150 1154 246 812 188 1309
300 10 1706 259 1425 227 1046 252 827 294 1188 62 464 80 1482 171 459 61 54 53 1382 247 1258
301 10 1909 208 613 147 1074 159 697 190 96 90 1261 276 818 78 771 298 525 195 97 268 1173
302 10 2176 256 567 123 888 187 1225 285 17 286 419 287 663 169 1160 273 550 153 581 157 1435
303 10 2238 186 357 287 1280 294 1377 300 349 162 1233 87 236 260 522 141 956 286 1334 235 269
304 10 1984 298 372 254 680 103 1031 243 1296 86 1229 171 986 167 303 228 613 155 1383 279 676
305 10 1912 266 1447 153 106 111 1190 240 106 107 111 152 117 165 1404 137 1075 288 869 293 679
306 10 1341 12 1071 123 708 158 1270 211 505 159 904 160 636 85 96 21 739 228 1271 184 446
307 10 2157 176 399 202 929 202 811 269 1462 242 1303 271 557 177 1314 211 141 209 344 198 1000
308 10 2107 294 888 55 715 182 528 278 92 192 367 203 614 241 970 184 779 284 49 194 1244
309 10 2685 266 417 202 1137 263 1407 287 319 253 1145 289 517 268 857 288 1018 275 195 294 278
310 10 1982 287 248 200 760 252 647 135 874 213 506 145 1240 259 1079 225 1444 113 858 153 445
311 10 1733 105 1004 281 1046 178 1254 94 529 94 1298 265 945 117 1264 262 1139 67 1476 270 1025
312 10 1861 109 1305 206 1096 39 1135 215 1497 214 1028 128 1445 214 377 255 584 189 1223 292 1393
313 10 2136 275 991 110 516 215 499 95 217 272 1090 239 1159 199 1332 162 1251 270 423 299 216
314 10 1859 93 1479 278 225 103 827 292 288 280 657 159 1089 144 749 291 416 91 945 128 320
315 10 2133 264 1442 162 904 260 591 164 24 225 501 298 1087 181 16 213 1040 78 289 288 457
316 10 2041 280 287 274 867 223 1282 250 1067 172 36 137 977 261 1395 149 883 149 493 146 1055
317 10 2300 285 982 246 1307 238 41 293 679 51 611 230 105 298 1014 226 1237 279 971 154 1271
318 10 1745 299 411 76 189 115 1343 97 1166 200 555 258 186 257 489 150 540 112 501 181 36
319 10 1994 198 872 116 717 258 1347 206 779 265 1458 163 1055 131 71 237 838 221 214 199 729
320 10 2352 295 855 293 400 202 1144 226 112 276 1354 298 1386 134 696 249 113 234 458 145 118
321 10 1962 63 870 132 388 213 1029 222 1380 233 1208 235 1063 266 209 118 1305 272 910 208 1357
322 10 2077 259 1197 292 859 171 1277 238 906 169 226 148 1124 261 1188 216 1429 115 1069 208 1491
323 10 2507 287 482 217 1052 220 1315 215 1254 214 1468 257 1457 272 1204 286 754 278 1288 261 710
324 10 1666 211 888 90 1385 104 1099 104 753 219 391 196 296 285 120 162 394 214 387 81 373
325 10 2387 292 1387 156 1452 286 1173 256 290 144 202 268 978 193 801 254 83 285 578 253 732
326 10 1753 155 40 262 948 241 697 173 701 198 17 85 14 233 336 276 53 90 83 40 33
327 10 2343 217 99 228 1352 165 527 138 1014 299 1264 279 1473 141 1181 290 589 290 620 296 163
328 10 1539 216 691 83 635 249 566 200 533 281 1407 263 1196 60 463 56 990 82 1474 49 1044
329 10 2034 83 768 234 1499 125 726 276 1410 177 75 114 1239 257 1050 252 1472 278 795 238 900
330 10 1944 64 29 257 1071 131 1091 256 225 166 115 230 1130 140 1461 243 131 287 739 170 967
331 10 2090 76 1250 99 110 298 466 260 349 144 1300 203 1099 249 585 282 326 184 1052 295 243
332 10 1910 192 1172 209 1124 95 758 289 1303 281 864 172 1011 160 1062 84 110 288 1038 140 144
333 10 2126 245 1305 249 950 162 523 273 1033 292 317 226 393 188 389 163 600 71 257 257 65
334 10 2172 183 1153 175 270 281 447 281 339 201 798 199 551 187 1241 271 393 109 1362 285 649
335 10 1766 222 940 295 1075 171 400 78 1144 108 404 165 1154 274 856 236 242 73 1086 144 1385
336 10 2323 265 728 281 498 185 768 177 794 270 876 160 622 287 676 245 1256 178 798 275 545
337 10 1557 104 138 124 933 188 684 152 490 288 1313 126 420 77 445 205 901 104 19 189 1201
338 10 1643 147 207 72 1031 140 124 206 745 263 202 248 1398 112 594 194 411 45 705 216 413
339 10 2094 269 742 205 316 297 451 115 883 239 1174 20 260 137 584 293 1376 241 295 278 484
340 10 2014 295 1025 275 374 197 1026 25 289 95 1139 290 577 102 1131 235 714 287 386 213 6
341 10 2118 298 1202 88 1346 231 428 159 346 171 338 259 10 259 185 289 715 211 569 153 624
342 10 1623 50 529 41 953 200 452 165 180 239 1424 200 886 221 363 94 132 221 454 192 956
343 10 2204 189 1377 209 591 136 962 201 27 300 1154 278 367 208 394 299 711 194 726 190 229
344 10 1926 155 307 217 1140 264 1343 246 1297 274 1014 168 59 198 592 120 1021 248 31 36 1245
345 10 2234 191 1341 229 872 297 1402 105 779 294 575 197 1291 196 184 275 356 267 1175 183 30
346 10 2152 254 397 143 1342 193 548 195 1370 240 38 296 981 248 69 170 930 294 316 119 785
347 10 1901 94 315 203 1422 259 1485 246 403 164 1384 182 785 268 235 160 1391 219 1397 106 360
348 10 1763 268 1157 200 1311 105 764 172 1215 103 1154 224 525 132 40 247 1035 124 1170 188 201
349 10 2080 65 1323 229 107 258 972 265 189 169 1335 201 1391 208 1495 202 830 192 1195 291 989
350 10 2039 213 15 294 535 221 1157 236 465 214 1313 164 781 292 943 86 932 119 438 200 1109
351 10 1767 284 280 128 1004 293 944 30 1184 58 102 219 313 193 485 219 63 253 434 90 640
352 10 1841 185 700 281 306 207 1444 140 1224 119 639 224 900 230 579 289 269 60 396 106 1422
353 10 2184 105 1418 252 230 289 67 265 711 248 538 195 842 161 732 254 950 161 23 254 574
354 10 2054 143 905 241 344 263 886 300 1446 199 640 205 1029 177 1140 171 179 243 266 112 923
355 10 1584 171 1179 250 379 253 547 55 42 60 788 163 1462 73 571 289 46 157 336 113 1374
356 10 1929 198 711 165 333 208 140 55 477 246 1266 215 1118 246 696 195 626 119 1169 282 677
357 10 2188 293 1325 240 329 105 503 211 1041 193 539 205 39 276 271 295 1217 87 1458 283 1447
358 10 1821 199 1350 212 675 257 1176 63 655 259 155 152 1194 124 478 92 1037 274 706 189 1462
359 10 2087 272 690 129 1044 179 1256 170 415 191 1014 298 938 230 1362 239 137 259 989 120 1174
360 10 1784 229 604 182 232 239 1236 124 1130 106 1252 283 790 175 300 205 1135 82 1409 159 1020
361 10 2469 224 400 224 387 193 1205 263 185 254 857 252 350 239 1378 273 174 290 173 257 887
362 10 1998 139 612 148 633 187 105 224 308 131 1290 250 1407 235 677 234 359 206 359 244 1354
363 10 2161 119 561 165 1184 289 230 279 493 273 659 263 9 243 515 258 286 128 407 144 1235
364 10 2038 214 299 295 1476 238 232 231 103 132 1498 111 55 273 1222 43 505 296 934 205 410
365 10 1964 263 1304 158 282 249 424 179 1303 116 183 248 979 208 936 203 1333 175 1338 165 1187
366 10 1973 94 685 116 218 26 984 272 1477 287 484 160 400 229 1445 247 175 277 187 265 187
367 10 1963 155 104 206 486 125 1175 119 1077 207 1255 272 187 267 744 121 1193 204 197 287 443
368 10 2166 282 711 292 774 218 173 198 181 283 1148 227 1353 175 1116 88 580 115 145 288 592
369 10 2304 268 1067 226 894 264 1157 219 742 281 433 239 115 165 628 300 1340 61 1227 281 590
370 10 1866 236 758 84 1241 140 316 280 56 186 876 236 292 290 1195 77 1145 48 404 289 611
371 10 2437 169 674 287 665 277 284 255 948 257 727 300 801 238 1129 225 1169 147 1308 282 1062
372 10 2212 63 1076 262 1140 225 1367 250 786 296 1500 127 357 174 1225 269 1054 271 1451 275 888
373 10 1948 244 741 211 562 265 223 296 135 114 576 78 176 254 1273 199 1304 90 1165 197 1289
374 10 2222 271 1169 40 1349 300 1167 243 559 183 741 196 533 259 1155 216 1178 218 1391 296 1008
375 10 1921 186 1470 278 1375 263 967 73 153 280 457 182 680 171 1405 291 936 111 249 86 686
376 10 2451 265 1155 110 38 282 1162 254 313 294 12 219 243 272 311 230 1450 241 408 284 1186
377 10 2135 124 1401 282 730 237 85 281 980 126 1217 241 619 232 413 234 23 170 959 208 601
378 10 2138 293 1434 223 63 218 825 232 799 277 1475 160 681 196 108 246 421 107 1179 186 878
379 10 1852 129 1236 140 122 231 149 118 642 228 1190 297 141 170 1027 67 540 207 51 265 418
380 10 1967 251 949 225 964 90 1176 195 36 292 1258 77 331 143 1232 221 278 200 419 273 1216
381 10 1959 67 957 265 679 165 123 271 476 239 1168 121 660 256 1120 231 7 101 358 243 1354
382 10 2307 231 1374 243 1224 235 804 256 946 295 96 197 1273 207 242 252 1141 277 1360 114 1003
383 10 1861 216 208 225 254 68 548 278 1124 191 735 162 201 28 839 157 701 294 581 242 1390
384 10 2186 87 138 117 94 208 520 279 590 234 939 291 628 254 378 246 272 220 226 250 1321
385 10 1794 263 715 139 276 99 1324 152 855 109 455 209 1273 159 248 175 1450 197 1352 292 357
386 10 1929 171 783 132 363 192 215 253 960 37 1035 231 1407 256 1469 139 1229 256 1148 262 950
387 10 1833 176 137 200 49 268 460 255 922 71 102 148 320 231 813 144 385 60 357 280 384
388 10 2066 295 156 106 703 103 1448 275 933 87 354 125 1197 282 884 220 108 275 507 298 1188
389 10 1650 238 1025 265 896 227 1341 122 827 264 1178 37 1162 20 387 243 1247 117 1453 117 1077
390 10 1570 46 960 270 1313 162 3 64 1165 124 1442 138 1190 65 259 289 226 230 145 182 280
391 10 2033 273 1416 113 1072 191 680 164 490 96 978 240 315 268 126 276 150 183 1272 229 691
392 10 1818 153 1012 134 937 286 1173 89 172 262 4 224 809 138 451 207 619 213 459 112 1180
393 10 1976 120 628 270 357 127 808 192 408 299 652 167 630 280 596 255 1368 72 1268 194 227
394 10 2490 211 1167 262 1037 291 1468 261 607 276 668 270 70 201 343 255 1324 163 860 300 712
395 10 2051 288 1342 184 615 292 1230 207 648 229 11 36 1003 128 377 175 1458 220 343 292 1096
396 10 1958 176 892 216 1159 128 307 157 81 294 4 231 366 221 753 58 358 299 1098 178 588
397 10 2383 241 985 229 787 272 1131 191 571 238 942 227 1436 243 1382 296 809 178 865 268 1189
398 10 1824 113 806 181 82 232 202 296 968 127 645 92 837 230 1083 245 567 120 856 188 775
399 10 2482 274 1371 293 998 158 561 222 575 229 730 229 1048 257 1357 263 743 258 843 299 1140
400 10 1913 152 749 239 444 54 1173 258 1101 201 922 139 277 297 948 161 437 157 859 255 997
401 10 2251 228 1058 271 147 237 438 276 448 261 1261 290 679 78 1210 285 1314 97 210 228 1113
402 10 2109 244 134 167 606 74 24 211 827 203 1100 216 945 229 313 298 142 207 858 260 1495
403 10 1963 248 1144 168 285 104 340 40 1270 183 1105 211 591 237 256 269 611 292 1466 211 97
404 10 2074 246 932 269 598 157 743 252 1019 83 1215 269 781 232 805 111 520 280 1346 175 453
405 10 1923 200 1125 248 816 283 782 203 605 79 1010 213 1154 237 714 66 591 275 864 119 1210
406 10 2050 187 475 290 1432 65 1380 236 409 166 624 296 388 140 884 287 1344 150 1292 233 96
407 10 1938 121 1313 287 345 238 410 134 683 244 149 236 1404 81 934 141 411 255 1162 201 142
408 10 1348 142 1339 129 659 31 1358 281 175 195 282 51 4 111 286 181 134 112 837 115 1204
409 10 1645 162 1248 180 818 196 683 51 66 61 1272 117 1454 286 915 284 508 75 436 233 1063
410 10 1861 214 851 162 1151 167 1101 132 478 118 843 170 790 195 158 286 1093 142 1349 275 161
411 10 2006 234 1277 158 946 227 1279 89 1241 193 768 170 346 216 1328 275 1266 227 1354 217 1465
412 10 1971 187 380 160 238 259 910 241 480 213 618 212 1252 53 26 278 215 185 159 183 1078
413 10 2263 259 362 264 1202 299 1413 204 978 131 683 190 655 289 366 175 1190 291 942 161 1349
414 10 1977 251 792 179 1254 295 931 262 410 236 832 115 1311 136 338 139 702 272 765 92 1023
415 10 2169 171 437 273 623 293 173 219 419 133 459 284 1179 282 332 198 1402 220 16 96 1265
416 10 1371 54 1141 162 172 255 485 119 985 125 1026 165 1015 53 62 138 416 137 830 163 849
417 10 2138 136 1085 299 978 290 1265 251 91 257 1045 238 802 187 605 83 913 104 451 293 1201
418 10 1844 210 418 217 29 164 182 145 294 178 796 245 60 146 867 164 1247 229 136 146 96
419 10 2240 173 918 161 783 265 609 258 857 191 572 280 148 297 936 211 1176 291 1411 113 1366
420 10 2341 169 521 201 1438 121 1046 245 1477 264 572 295 394 293 692 236 283 217 87 300 1354
421 10 2149 291 236 165 573 233 711 272 1145 289 549 269 144 265 1068 33 331 224 993 108 967
422 10 1559 5 34 291 27 132 1113 271 841 133 473 121 75 19 399 234 854 202 365 151 843
423 10 1881 227 1475 174 544 234 711 223 1215 233 138 85 1408 245 417 236 367 158 64 66 1213
424 10 2120 140 227 272 343 249 1482 221 996 194 1399 229 717 283 136 161 187 162 1050 209 76
425 10 1737 49 280 148 680 276 449 105 68 145 1303 212 128 300 858 224 1326 172 1239 106 950
426 10 2087 299 1296 282 1295 82 440 228 339 190 712 106 688 204 450 229 1178 284 961 183 31
427 10 2262 270 1371 201 1110 196 939 290 570 197 1134 256 722 231 1333 295 1311 171 870 155 312
428 10 1943 140 1447 237 891 256 770 296 603 170 527 53 525 125 1063 273 647 214 1099 179 1479
429 10 1467 122 34 128 33 175 604 36 803 27 756 255 645 252 515 145 1226 200 1092 127 446
430 10 1939 300 862 262 830 280 202 114 1072 131 279 184 146 188 1182 46 1470 188 447 246 140
431 10 2053 60 22 261 1008 171 720 174 765 292 1365 268 1486 129 331 214 1209 264 1442 220 468
432 10 2130 227 765 205 340 211 521 233 1154 202 1138 246 1289 241 638 258 1098 17 975 290 1104
433 10 1949 300 75 190 790 214 102 223 951 68 1350 254 1078 119 546 172 1045 273 1113 136 666
434 10 2362 292 1422 293 153 206 583 245 757 275 197 232 122 118 612 212 195 247 1 242 203
435 10 1983 251 481 278 791 280 686 192 176 151 769 140 842 73 868 59 175 261 949 298 1249
436 10 2176 256 884 270 29 182 262 145 567 218 323 111 324 198 1216 300 507 220 844 276 50
437 10 1966 253 1429 154 577 298 1483 84 932 277 952 284 134 113 190 128 176 201 1498 174 1366
438 10 1751 258 852 179 1345 134 902 30 999 218 1088 178 322 286 82 295 256 20 1442 153 685
439 10 2035 202 1491 218 143 201 715 245 600 95 1112 250 283 267 404 251 1315 165 932 141 339
440 10 2169 269 27 122 532 300 21 255 444 273 228 195 716 174 1313 157 609 227 119 197 988
441 10 1500 15 1051 170 313 106 105 68 134 41 61 282 1336 282 1404 243 598 46 933 247 1401
442 10 2191 160 213 281 1429 273 374 153 1119 256 850 248 1026 210 328 65 1028 253 971 292 862
443 10 2207 211 343 285 522 267 913 114 543 236 775 253 1399 188 1426 226 1419 299 896 128 872
444 10 1908 228 1045 148 56 202 553 126 298 294 277 113 384 84 1270 277 1462 268 39 168 1473
445 10 1791 171 1113 136 1006 88 1386 291 442 100 1293 152 1122 225 693 153 263 294 1144 181 833
446 10 2013 49 691 275 607 217 1405 283 903 287 49 49 590 293 371 212 100 56 1018 292 738
447 10 1700 171 395 131 275 200 595 30 1384 198 165 294 309 296 593 50 7 141 1365 189 50
448 10 1792 193 772 218 755 213 1129 97 244 172 1279 94 738 253 931 225 219 231 1053 96 163
449 10 1776 236 1060 233 1226 63 1148 199 12 171 493 70 169 31 1455 269 660 241 92 263 1153
450 10 2019 227 1203 294 280 295 148 156 689 103 683 271 1221 294 753 288 803 41 1011 50 925
451 10 2346 246 472 268 745 190 505 258 36 276 1315 252 872 255 801 274 376 262 350 65 1291
452 10 1947 244 649 164 1090 258 1347 194 1364 257 588 93 36 146 1236 226 465 189 905 176 674
453 10 2091 281 1197 116 1491 51 262 216 946 217 696 179 583 281 69 296 1486 263 86 191 1397
454 10 2069 293 156 230 1210 81 710 78 689 94 275 279 1003 251 411 245 449 236 31 282 932
455 10 1869 169 1419 268 343 57 693 153 274 89 313 262 1244 262 441 222 975 116 562 271 139
456 10 1788 187 1189 264 1145 166 265 82 518 210 694 114 1337 153 699 258 697 206 1116 148 684
457 10 1835 167 742 244 1398 199 1460 219 27 204 1360 236 386 175 222 176 815 143 1386 72 1245
458 10 1899 274 432 64 341 200 1483 297 774 206 287 178 695 104 802 293 97 234 865 49 64
459 10 2037 248 761 280 409 283 935 170 225 188 1332 271 144 67 850 256 1232 237 591 37 1039
460 10 1937 188 1470 194 490 234 315 167 1094 229 454 174 296 128 777 277 1467 95 654 251 673
461 10 1689 260 1464 88 79 265 1461 43 1369 81 1040 58 165 237 478 91 1199 286 760 280 972
462 10 2095 290 1365 265 1363 243 164 260 258 176 1198 290 624 88 170 141 94 239 1199 103 838
463 10 1764 99 431 137 1093 222 1244 133 749 203 521 185 1430 217 467 295 1212 209 1220 64 1042
464 10 1665 215 373 193 1131 36 968 12 144 143 1234 284 1405 233 847 235 1236 126 891 188 96
465 10 2382 266 1077 189 1222 160 1147 256 1364 292 1095 232 1489 207 687 281 1298 224 1450 275 517
466 10 2285 298 1452 256 146 154 164 227 1359 231 586 174 1261 288 142 198 1276 206 670 253 1264
467 10 1695 273 331 276 1303 64 864 133 756 148 99 119 1183 144 586 296 327 184 884 58 63
468 10 2000 217 410 143 378 132 522 123 894 167 631 222 17 263 157 251 839 273 1338 209 173
469 10 2232 126 1059 270 520 205 772 255 437 118 711 294 1464 224 1470 259 1282 200 295 281 1058
470 10 2057 79 81 228 1245 73 1066 279 1319 290 401 246 469 230 723 162 804 280 73 190 1423
471 10 2151 268 477 30 1129 279 1253 276 993 274 1289 165 643 271 788 145 343 282 99 161 1193
472 10 1927 292 18 278 828 115 804 86 128 195 161 259 937 35 219 164 538 248 994 255 694
473 10 1801 248 476 229 1296 156 1448 237 802 123 1472 234 932 66 215 235 1144 109 1011 164 1037
474 10 2357 298 829 274 1435 243 563 191 740 222 298 197 339 212 81 298 1051 179 242 243 1231
475 10 1322 116 915 77 1155 85 421 127 1266 141 1387 13 759 220 515 186 478 101 1093 256 1273
476 10 1830 235 1336 87 469 191 392 105 1374 254 688 195 530 105 27 282 46 109 624 267 312
477 10 2239 292 57 267 688 268 25 273 558 73 1112 174 672 250 864 152 575 216 635 274 478
478 10 1797 96 239 138 846 236 861 198 510 291 446 148 366 147 1114 117 475 227 1000 199 259
479 10 2216 230 1058 296 1365 201 314 181 941 197 1410 185 839 143 789 258 1477 228 1373 297 1135
480 10 1803 226 45 245 1026 111 932 171 720 170 1265 276 458 121 33 228 592 174 1006 81 347
481 10 1967 118 1226 249 596 246 813 140 1195 187 781 256 859 51 395 167 766 258 1455 295 1236
482 10 2148 50 738 171 935 245 310 226 1248 168 281 271 475 275 1195 271 409 214 1428 257 342
483 10 2418 251 887 230 1081 199 829 277 1068 299 1353 231 825 264 1300 169 376 293 643 205 946
484 10 1988 154 1018 293 408 53 128 294 773 145 1190 206 63 273 478 117 1335 160 834 293 1431
485 10 2183 218 1244 94 1198 296 1192 259 233 295 1319 145 1221 246 955 62 726 277 1068 291 195
486 10 2159 164 834 299 1473 282 290 262 440 9 968 272 1272 185 678 189 903 270 528 227 432
487 10 1943 114 352 190 335 275 835 249 530 117 883 230 1136 188 1071 244 1231 124 790 212 174
488 10 1979 260 730 236 926 131 1142 165 20 287 809 282 352 153 1004 134 843 222 96 109 774
489 10 1493 264 887 182 358 264 1332 18 1328 100 698 94 655 218 177 178 615 91 838 84 174
490 10 1861 186 671 225 1110 125 1055 118 818 261 1143 87 219 185 348 253 232 224 570 197 8
491 10 2155 191 21 98 279 95 712 262 500 273 1092 293 278 229 984 266 1007 165 838 283 432
492 10 2292 235 1025 225 1398 284 1367 272 223 279 137 153 411 167 935 240 939 223 784 214 592
493 10 1857 74 754 208 59 253 255 271 245 267 206 274 265 151 461 184 1484 123 640 52 365
494 10 2134 257 320 246 398 231 1156 269 913 125 1361 256 934 270 457 261 320 60 680 159 949
495 10 2004 121 1445 246 766 233 297 99 1146 271 221 159 43 118 102 273 1367 242 39 242 687
496 10 1496 205 45 179 742 126 339 167 1385 100 1373 81 1032 128 499 106 593 212 1392 192 1206
497 10 2030 200 1494 228 1226 267 1271 270 808 279 1038 53 112 123 942 189 1375 244 80 177 680
498 10 2219 277 39 262 26 233 262 135 1273 121 465 147 1353 300 397 294 25 188 603 262 218
499 10 1820 146 577 257 31 56 611 283 208 109 1359 245 1249 186 630 296 1353 54 1404 188 460
500 10 2182 266 876 279 1035 234 461 189 104 200 819 181 1118 285 513 161 97 161 1410 226 68
