4 1 0.006
4 1 0.009
4 1 0.008
4 1 0.010
4 1 0.015
4 1 0.002
4 1 0.012
4 1 0.009
4 1 0.012
4 1 0.010
4 1 0.007
4 1 0.011
4 1 0.013
4 1 0.011
4 1 0.008
4 1 0.010
4 1 0.012
4 1 0.018
4 1 0.015
4 1 0.012
4 1 0.008
4 1 0.010
4 1 0.013
4 1 0.013
4 1 0.008
4 1 0.014
4 1 0.011
4 1 0.010
4 1 0.007
4 1 0.014
4 1 0.011
4 1 0.009
4 1 0.012
4 1 0.015
4 1 0.015
4 1 0.015
4 1 0.010
4 1 0.010
4 1 0.014
4 1 0.009
4 1 0.010
4 1 0.016
4 1 0.006
4 1 0.014
4 1 0.012
4 1 0.010
4 1 0.009
4 1 0.012
4 1 0.015
4 1 0.013
4 1 0.011
4 1 0.008
4 1 0.016
4 1 0.014
4 1 0.009
4 1 0.014
4 1 0.013
4 1 0.015
4 1 0.014
4 1 0.006
4 1 0.011
4 1 0.010
4 1 0.015
4 1 0.009
4 1 0.010
4 1 0.013
4 1 0.003
4 1 0.008
4 1 0.009
4 1 0.011
4 1 0.010
4 1 0.013
4 1 0.012
4 1 0.012
4 1 0.014
4 1 0.007
4 1 0.016
4 1 0.007
4 1 0.008
4 1 0.012
4 1 0.013
4 1 0.006
4 1 0.008
4 1 0.011
4 1 0.014
4 1 0.010
4 1 0.009
4 1 0.011
4 1 0.010
4 1 0.010
4 1 0.013
4 1 0.002
4 1 0.012
4 1 0.011
4 1 0.012
4 1 0.010
4 1 0.012
4 1 0.011
4 1 0.011
4 1 0.008
4 1 0.015
4 1 0.010
4 1 0.013
4 1 0.011
4 1 0.011
4 1 0.011
4 1 0.012
4 1 0.014
4 1 0.014
4 1 0.011
4 1 0.013
4 1 0.007
4 1 0.012
4 1 0.010
4 1 0.011
4 1 0.012
4 1 0.016
4 1 0.011
4 1 0.008
4 1 0.013
4 1 0.016
4 1 0.015
4 1 0.015
4 1 0.009
4 1 0.013
4 1 0.007
4 1 0.011
4 1 0.006
4 1 0.011
4 1 0.009
4 1 0.010
4 1 0.006
4 1 0.011
4 1 0.012
4 1 0.007
4 1 0.016
4 1 0.014
4 1 0.012
4 1 0.014
4 1 0.011
4 1 0.015
4 1 0.006
4 1 0.013
4 1 0.010
4 1 0.013
4 1 0.009
4 1 0.013
4 1 0.014
4 1 0.009
4 1 0.007
4 1 0.009
4 1 0.009
4 1 0.015
4 1 0.014
4 1 0.008
4 1 0.014
4 1 0.012
4 1 0.016
4 1 0.007
4 1 0.012
4 1 0.006
4 1 0.010
4 1 0.011
4 1 0.010
4 1 0.004
4 1 0.014
4 1 0.012
4 1 0.010
4 1 0.008
4 1 0.013
4 1 0.017
4 1 0.010
4 1 0.010
4 1 0.014
4 1 0.014
4 1 0.016
4 1 0.010
4 1 0.008
4 1 0.008
4 1 0.011
4 1 0.015
4 1 0.014
4 1 0.007
4 1 0.012
4 1 0.015
4 1 0.010
4 1 0.009
4 1 0.013
4 1 0.011
4 1 0.012
4 1 0.013
4 1 0.014
4 1 0.013
4 1 0.011
4 1 0.011
4 1 0.014
4 1 0.009
4 1 0.011
4 1 0.012
4 1 0.017
4 1 0.011
4 1 0.011
4 1 0.011
4 1 0.014
4 1 0.007
4 1 0.012
4 1 0.013
4 1 0.009
4 1 0.014
4 1 0.015
4 1 0.015
4 1 0.011
4 1 0.009
4 1 0.014
4 1 0.009
4 1 0.011
4 1 0.011
4 1 0.011
4 1 0.014
4 1 0.012
4 1 0.014
4 1 0.013
4 1 0.012
4 1 0.008
4 1 0.011
4 1 0.004
4 1 0.008
4 1 0.014
4 1 0.012
4 1 0.013
4 1 0.014
4 1 0.015
4 1 0.014
4 1 0.013
4 1 0.008
4 1 0.009
4 1 0.012
4 1 0.012
4 1 0.008
4 1 0.011
4 1 0.012
4 1 0.011
4 1 0.013
4 1 0.013
4 1 0.011
4 1 0.012
4 1 0.013
4 1 0.015
4 1 0.010
4 1 0.013
4 1 0.008
4 1 0.012
4 1 0.009
4 1 0.010
4 1 0.014
4 1 0.013
4 1 0.002
4 1 0.017
4 1 0.014
4 1 0.012
4 1 0.009
4 1 0.014
4 1 0.015
4 1 0.013
4 1 0.009
4 1 0.009
4 1 0.014
4 1 0.012
4 1 0.011
4 1 0.011
4 1 0.013
4 1 0.012
4 1 0.015
4 1 0.009
4 1 0.010
4 1 0.011
4 1 0.013
4 1 0.009
4 1 0.016
4 1 0.011
4 1 0.011
4 1 0.011
4 1 0.010
4 1 0.015
4 1 0.010
4 1 0.011
4 1 0.009
4 1 0.010
4 1 0.008
4 1 0.009
4 1 0.013
4 1 0.016
4 1 0.007
4 1 0.011
4 1 0.014
4 1 0.008
4 1 0.015
4 1 0.010
4 1 0.011
4 1 0.009
4 1 0.009
4 1 0.013
4 1 0.011
4 1 0.018
4 1 0.010
4 1 0.015
4 1 0.004
4 1 0.015
4 1 0.013
4 1 0.013
4 1 0.012
4 1 0.015
4 1 0.013
4 1 0.012
4 1 0.012
4 1 0.004
4 1 0.012
4 1 0.008
4 1 0.009
4 1 0.010
4 1 0.013
4 1 0.014
4 1 0.015
4 1 0.010
4 1 0.007
4 1 0.014
4 1 0.009
4 1 0.012
4 1 0.010
4 1 0.006
4 1 0.011
4 1 0.013
4 1 0.012
4 1 0.010
4 1 0.010
4 1 0.010
4 1 0.016
4 1 0.013
4 1 0.006
4 1 0.007
4 1 0.015
4 1 0.011
4 1 0.011
4 1 0.009
4 1 0.009
4 1 0.017
4 1 0.010
4 1 0.012
4 1 0.008
4 1 0.007
4 1 0.014
4 1 0.011
4 1 0.010
4 1 0.015
4 1 0.013
4 1 0.014
4 1 0.010
4 1 0.006
4 1 0.013
4 1 0.010
4 1 0.013
4 1 0.012
4 1 0.012
4 1 0.013
4 1 0.009
4 1 0.010
4 1 0.016
4 1 0.012
4 1 0.012
4 1 0.003
4 1 0.012
4 1 0.009
4 1 0.011
4 1 0.012
4 1 0.009
4 1 0.004
4 1 0.014
4 1 0.011
4 1 0.014
4 1 0.009
4 1 0.010
4 1 0.010
4 1 0.013
4 1 0.013
4 1 0.011
4 1 0.014
4 1 0.012
4 1 0.013
4 1 0.010
4 1 0.013
4 1 0.013
4 1 0.010
4 1 0.011
4 1 0.010
4 1 0.008
4 1 0.012
4 1 0.011
4 1 0.010
4 1 0.006
4 1 0.006
4 1 0.014
4 1 0.013
4 1 0.011
4 1 0.008
4 1 0.013
4 1 0.008
4 1 0.011
4 1 0.010
4 1 0.004
4 1 0.008
4 1 0.016
4 1 0.013
4 1 0.011
4 1 0.011
4 1 0.012
4 1 0.013
4 1 0.015
4 1 0.009
4 1 0.012
4 1 0.011
4 1 0.014
4 1 0.013
4 1 0.011
4 1 0.011
4 1 0.004
4 1 0.013
4 1 0.008
4 1 0.014
4 1 0.013
4 1 0.012
4 1 0.014
4 1 0.010
4 1 0.011
4 1 0.013
4 1 0.013
4 1 0.017
4 1 0.008
4 1 0.010
4 1 0.014
4 1 0.007
4 1 0.015
4 1 0.014
4 1 0.011
4 1 0.014
4 1 0.011
4 1 0.012
4 1 0.012
4 1 0.003
4 1 0.010
4 1 0.009
4 1 0.013
4 1 0.010
4 1 0.009
4 1 0.015
4 1 0.008
4 1 0.009
4 1 0.004
4 1 0.006
4 1 0.013
4 1 0.003
4 1 0.012
4 1 0.012
4 1 0.010
4 1 0.008
4 1 0.013
4 1 0.009
4 1 0.009
4 1 0.013
4 1 0.014
4 1 0.012
4 1 0.014
4 1 0.014
4 1 0.006
4 1 0.014
4 1 0.011
4 1 0.013
4 1 0.017
4 1 0.006
4 1 0.006
4 1 0.013
4 1 0.015
4 1 0.013
4 1 0.014
4 1 0.013
4 1 0.010
4 1 0.008
4 1 0.013
4 1 0.013
4 1 0.013
4 1 0.012
4 1 0.008
4 1 0.012
4 1 0.008
4 1 0.012
4 1 0.011
4 1 0.013
4 1 0.012
4 1 0.012
4 1 0.011
4 1 0.012
4 2 0.006
4 2 0.009
4 2 0.008
4 2 0.010
4 2 0.015
4 2 0.002
4 2 0.012
4 2 0.008
4 2 0.012
4 2 0.010
4 2 0.007
4 2 0.011
4 2 0.013
4 2 0.011
4 2 0.009
4 2 0.011
4 2 0.012
4 2 0.018
4 2 0.015
4 2 0.012
4 2 0.008
4 2 0.010
4 2 0.013
4 2 0.013
4 2 0.009
4 2 0.014
4 2 0.010
4 2 0.010
4 2 0.007
4 2 0.014
4 2 0.011
4 2 0.009
4 2 0.012
4 2 0.015
4 2 0.015
4 2 0.015
4 2 0.010
4 2 0.011
4 2 0.014
4 2 0.008
4 2 0.010
4 2 0.016
4 2 0.006
4 2 0.014
4 2 0.012
4 2 0.011
4 2 0.009
4 2 0.012
4 2 0.016
4 2 0.013
4 2 0.011
4 2 0.008
4 2 0.016
4 2 0.013
4 2 0.009
4 2 0.014
4 2 0.014
4 2 0.016
4 2 0.014
4 2 0.006
4 2 0.011
4 2 0.010
4 2 0.015
4 2 0.009
4 2 0.010
4 2 0.013
4 2 0.004
4 2 0.008
4 2 0.009
4 2 0.011
4 2 0.011
4 2 0.012
4 2 0.012
4 2 0.012
4 2 0.014
4 2 0.008
4 2 0.016
4 2 0.007
4 2 0.007
4 2 0.012
4 2 0.013
4 2 0.006
4 2 0.008
4 2 0.011
4 2 0.013
4 2 0.010
4 2 0.010
4 2 0.011
4 2 0.010
4 2 0.009
4 2 0.013
4 2 0.002
4 2 0.013
4 2 0.011
4 2 0.012
4 2 0.010
4 2 0.011
4 2 0.010
4 2 0.011
4 2 0.008
4 2 0.015
4 2 0.010
4 2 0.012
4 2 0.011
4 2 0.010
4 2 0.010
4 2 0.012
4 2 0.014
4 2 0.014
4 2 0.011
4 2 0.013
4 2 0.007
4 2 0.011
4 2 0.010
4 2 0.011
4 2 0.011
4 2 0.016
4 2 0.011
4 2 0.008
4 2 0.013
4 2 0.016
4 2 0.015
4 2 0.015
4 2 0.009
4 2 0.013
4 2 0.007
4 2 0.010
4 2 0.006
4 2 0.011
4 2 0.009
4 2 0.010
4 2 0.006
4 2 0.011
4 2 0.012
4 2 0.007
4 2 0.016
4 2 0.012
4 2 0.011
4 2 0.014
4 2 0.012
4 2 0.016
4 2 0.006
4 2 0.013
4 2 0.010
4 2 0.013
4 2 0.008
4 2 0.013
4 2 0.014
4 2 0.009
4 2 0.007
4 2 0.009
4 2 0.009
4 2 0.015
4 2 0.014
4 2 0.008
4 2 0.014
4 2 0.012
4 2 0.016
4 2 0.007
4 2 0.011
4 2 0.006
4 2 0.010
4 2 0.011
4 2 0.010
4 2 0.004
4 2 0.013
4 2 0.012
4 2 0.010
4 2 0.008
4 2 0.013
4 2 0.017
4 2 0.011
4 2 0.010
4 2 0.015
4 2 0.014
4 2 0.016
4 2 0.010
4 2 0.008
4 2 0.008
4 2 0.011
4 2 0.015
4 2 0.014
4 2 0.007
4 2 0.011
4 2 0.013
4 2 0.010
4 2 0.009
4 2 0.013
4 2 0.011
4 2 0.012
4 2 0.013
4 2 0.014
4 2 0.013
4 2 0.011
4 2 0.012
4 2 0.015
4 2 0.010
4 2 0.011
4 2 0.011
4 2 0.017
4 2 0.010
4 2 0.011
4 2 0.011
4 2 0.014
4 2 0.007
4 2 0.012
4 2 0.013
4 2 0.009
4 2 0.014
4 2 0.015
4 2 0.014
4 2 0.011
4 2 0.009
4 2 0.014
4 2 0.009
4 2 0.011
4 2 0.011
4 2 0.010
4 2 0.014
4 2 0.012
4 2 0.014
4 2 0.013
4 2 0.012
4 2 0.008
4 2 0.012
4 2 0.004
4 2 0.008
4 2 0.014
4 2 0.013
4 2 0.013
4 2 0.014
4 2 0.015
4 2 0.015
4 2 0.013
4 2 0.007
4 2 0.009
4 2 0.012
4 2 0.012
4 2 0.008
4 2 0.011
4 2 0.012
4 2 0.011
4 2 0.013
4 2 0.013
4 2 0.011
4 2 0.012
4 2 0.013
4 2 0.014
4 2 0.011
4 2 0.012
4 2 0.008
4 2 0.012
4 2 0.009
4 2 0.010
4 2 0.014
4 2 0.013
4 2 0.002
4 2 0.016
4 2 0.014
4 2 0.012
4 2 0.009
4 2 0.013
4 2 0.015
4 2 0.013
4 2 0.009
4 2 0.009
4 2 0.014
4 2 0.011
4 2 0.011
4 2 0.011
4 2 0.013
4 2 0.012
4 2 0.015
4 2 0.009
4 2 0.010
4 2 0.012
4 2 0.013
4 2 0.009
4 2 0.016
4 2 0.012
4 2 0.011
4 2 0.010
4 2 0.010
4 2 0.015
4 2 0.010
4 2 0.011
4 2 0.009
4 2 0.010
4 2 0.008
4 2 0.009
4 2 0.013
4 2 0.016
4 2 0.008
4 2 0.011
4 2 0.014
4 2 0.008
4 2 0.015
4 2 0.010
4 2 0.011
4 2 0.009
4 2 0.009
4 2 0.013
4 2 0.011
4 2 0.017
4 2 0.010
4 2 0.015
4 2 0.004
4 2 0.015
4 2 0.013
4 2 0.014
4 2 0.011
4 2 0.015
4 2 0.013
4 2 0.012
4 2 0.012
4 2 0.004
4 2 0.011
4 2 0.008
4 2 0.009
4 2 0.011
4 2 0.013
4 2 0.014
4 2 0.015
4 2 0.010
4 2 0.007
4 2 0.014
4 2 0.009
4 2 0.012
4 2 0.009
4 2 0.006
4 2 0.011
4 2 0.013
4 2 0.012
4 2 0.010
4 2 0.010
4 2 0.010
4 2 0.016
4 2 0.014
4 2 0.006
4 2 0.007
4 2 0.015
4 2 0.011
4 2 0.011
4 2 0.009
4 2 0.008
4 2 0.017
4 2 0.010
4 2 0.012
4 2 0.008
4 2 0.007
4 2 0.014
4 2 0.011
4 2 0.009
4 2 0.015
4 2 0.013
4 2 0.014
4 2 0.010
4 2 0.006
4 2 0.012
4 2 0.010
4 2 0.013
4 2 0.012
4 2 0.012
4 2 0.013
4 2 0.009
4 2 0.010
4 2 0.016
4 2 0.012
4 2 0.012
4 2 0.003
4 2 0.011
4 2 0.009
4 2 0.011
4 2 0.012
4 2 0.009
4 2 0.004
4 2 0.014
4 2 0.011
4 2 0.014
4 2 0.008
4 2 0.011
4 2 0.010
4 2 0.014
4 2 0.013
4 2 0.011
4 2 0.014
4 2 0.012
4 2 0.013
4 2 0.010
4 2 0.013
4 2 0.013
4 2 0.010
4 2 0.011
4 2 0.010
4 2 0.008
4 2 0.012
4 2 0.011
4 2 0.010
4 2 0.006
4 2 0.006
4 2 0.013
4 2 0.013
4 2 0.011
4 2 0.008
4 2 0.013
4 2 0.008
4 2 0.011
4 2 0.010
4 2 0.003
4 2 0.008
4 2 0.016
4 2 0.013
4 2 0.011
4 2 0.012
4 2 0.013
4 2 0.013
4 2 0.015
4 2 0.009
4 2 0.012
4 2 0.011
4 2 0.014
4 2 0.013
4 2 0.011
4 2 0.010
4 2 0.004
4 2 0.013
4 2 0.008
4 2 0.014
4 2 0.013
4 2 0.012
4 2 0.014
4 2 0.010
4 2 0.011
4 2 0.013
4 2 0.013
4 2 0.017
4 2 0.008
4 2 0.010
4 2 0.014
4 2 0.007
4 2 0.014
4 2 0.014
4 2 0.012
4 2 0.014
4 2 0.011
4 2 0.013
4 2 0.012
4 2 0.003
4 2 0.010
4 2 0.008
4 2 0.014
4 2 0.010
4 2 0.009
4 2 0.015
4 2 0.008
4 2 0.009
4 2 0.004
4 2 0.006
4 2 0.013
4 2 0.003
4 2 0.012
4 2 0.012
4 2 0.010
4 2 0.008
4 2 0.013
4 2 0.009
4 2 0.008
4 2 0.013
4 2 0.014
4 2 0.012
4 2 0.015
4 2 0.014
4 2 0.006
4 2 0.013
4 2 0.011
4 2 0.013
4 2 0.017
4 2 0.006
4 2 0.006
4 2 0.013
4 2 0.014
4 2 0.013
4 2 0.014
4 2 0.013
4 2 0.011
4 2 0.007
4 2 0.013
4 2 0.013
4 2 0.013
4 2 0.012
4 2 0.008
4 2 0.012
4 2 0.008
4 2 0.012
4 2 0.011
4 2 0.013
4 2 0.012
4 2 0.013
4 2 0.011
4 2 0.012
4 3 0.006
4 3 0.009
4 3 0.008
4 3 0.010
4 3 0.015
4 3 0.002
4 3 0.012
4 3 0.008
4 3 0.012
4 3 0.010
4 3 0.007
4 3 0.011
4 3 0.013
4 3 0.011
4 3 0.009
4 3 0.011
4 3 0.012
4 3 0.018
4 3 0.015
4 3 0.012
4 3 0.008
4 3 0.010
4 3 0.013
4 3 0.013
4 3 0.008
4 3 0.013
4 3 0.010
4 3 0.010
4 3 0.007
4 3 0.014
4 3 0.011
4 3 0.009
4 3 0.012
4 3 0.015
4 3 0.015
4 3 0.015
4 3 0.010
4 3 0.011
4 3 0.014
4 3 0.008
4 3 0.010
4 3 0.015
4 3 0.006
4 3 0.014
4 3 0.012
4 3 0.010
4 3 0.009
4 3 0.012
4 3 0.016
4 3 0.014
4 3 0.011
4 3 0.008
4 3 0.016
4 3 0.013
4 3 0.010
4 3 0.014
4 3 0.013
4 3 0.016
4 3 0.013
4 3 0.006
4 3 0.011
4 3 0.010
4 3 0.015
4 3 0.009
4 3 0.010
4 3 0.013
4 3 0.004
4 3 0.008
4 3 0.009
4 3 0.011
4 3 0.010
4 3 0.012
4 3 0.012
4 3 0.012
4 3 0.014
4 3 0.007
4 3 0.016
4 3 0.007
4 3 0.007
4 3 0.012
4 3 0.013
4 3 0.006
4 3 0.008
4 3 0.011
4 3 0.014
4 3 0.010
4 3 0.009
4 3 0.011
4 3 0.009
4 3 0.009
4 3 0.013
4 3 0.002
4 3 0.012
4 3 0.011
4 3 0.012
4 3 0.010
4 3 0.011
4 3 0.011
4 3 0.011
4 3 0.008
4 3 0.015
4 3 0.010
4 3 0.012
4 3 0.011
4 3 0.010
4 3 0.011
4 3 0.012
4 3 0.014
4 3 0.014
4 3 0.010
4 3 0.013
4 3 0.007
4 3 0.011
4 3 0.010
4 3 0.011
4 3 0.011
4 3 0.017
4 3 0.011
4 3 0.008
4 3 0.013
4 3 0.016
4 3 0.015
4 3 0.015
4 3 0.009
4 3 0.013
4 3 0.007
4 3 0.011
4 3 0.006
4 3 0.012
4 3 0.009
4 3 0.010
4 3 0.006
4 3 0.011
4 3 0.012
4 3 0.007
4 3 0.016
4 3 0.012
4 3 0.011
4 3 0.014
4 3 0.011
4 3 0.016
4 3 0.006
4 3 0.013
4 3 0.010
4 3 0.013
4 3 0.008
4 3 0.013
4 3 0.014
4 3 0.009
4 3 0.007
4 3 0.009
4 3 0.009
4 3 0.016
4 3 0.014
4 3 0.008
4 3 0.014
4 3 0.011
4 3 0.016
4 3 0.007
4 3 0.012
4 3 0.006
4 3 0.010
4 3 0.011
4 3 0.010
4 3 0.004
4 3 0.013
4 3 0.012
4 3 0.010
4 3 0.008
4 3 0.014
4 3 0.017
4 3 0.011
4 3 0.010
4 3 0.015
4 3 0.014
4 3 0.016
4 3 0.010
4 3 0.008
4 3 0.008
4 3 0.012
4 3 0.015
4 3 0.014
4 3 0.007
4 3 0.011
4 3 0.013
4 3 0.011
4 3 0.009
4 3 0.013
4 3 0.011
4 3 0.012
4 3 0.013
4 3 0.014
4 3 0.012
4 3 0.011
4 3 0.012
4 3 0.014
4 3 0.010
4 3 0.011
4 3 0.011
4 3 0.016
4 3 0.011
4 3 0.011
4 3 0.011
4 3 0.014
4 3 0.007
4 3 0.012
4 3 0.013
4 3 0.009
4 3 0.014
4 3 0.015
4 3 0.014
4 3 0.010
4 3 0.009
4 3 0.015
4 3 0.009
4 3 0.011
4 3 0.011
4 3 0.011
4 3 0.014
4 3 0.012
4 3 0.014
4 3 0.013
4 3 0.012
4 3 0.008
4 3 0.011
4 3 0.004
4 3 0.008
4 3 0.014
4 3 0.012
4 3 0.013
4 3 0.014
4 3 0.015
4 3 0.014
4 3 0.013
4 3 0.007
4 3 0.009
4 3 0.012
4 3 0.012
4 3 0.008
4 3 0.011
4 3 0.012
4 3 0.011
4 3 0.013
4 3 0.013
4 3 0.011
4 3 0.012
4 3 0.013
4 3 0.014
4 3 0.011
4 3 0.013
4 3 0.008
4 3 0.012
4 3 0.009
4 3 0.010
4 3 0.014
4 3 0.014
4 3 0.002
4 3 0.016
4 3 0.014
4 3 0.012
4 3 0.009
4 3 0.014
4 3 0.016
4 3 0.013
4 3 0.009
4 3 0.009
4 3 0.014
4 3 0.011
4 3 0.011
4 3 0.011
4 3 0.013
4 3 0.012
4 3 0.015
4 3 0.009
4 3 0.010
4 3 0.011
4 3 0.013
4 3 0.009
4 3 0.016
4 3 0.011
4 3 0.011
4 3 0.010
4 3 0.010
4 3 0.015
4 3 0.010
4 3 0.011
4 3 0.009
4 3 0.010
4 3 0.009
4 3 0.009
4 3 0.013
4 3 0.016
4 3 0.008
4 3 0.012
4 3 0.014
4 3 0.007
4 3 0.015
4 3 0.010
4 3 0.011
4 3 0.009
4 3 0.009
4 3 0.013
4 3 0.011
4 3 0.018
4 3 0.010
4 3 0.015
4 3 0.004
4 3 0.014
4 3 0.013
4 3 0.013
4 3 0.011
4 3 0.015
4 3 0.012
4 3 0.012
4 3 0.012
4 3 0.004
4 3 0.011
4 3 0.008
4 3 0.009
4 3 0.011
4 3 0.013
4 3 0.014
4 3 0.015
4 3 0.010
4 3 0.007
4 3 0.013
4 3 0.009
4 3 0.012
4 3 0.009
4 3 0.006
4 3 0.011
4 3 0.013
4 3 0.012
4 3 0.010
4 3 0.010
4 3 0.010
4 3 0.016
4 3 0.013
4 3 0.006
4 3 0.007
4 3 0.015
4 3 0.011
4 3 0.011
4 3 0.010
4 3 0.008
4 3 0.016
4 3 0.010
4 3 0.012
4 3 0.008
4 3 0.007
4 3 0.014
4 3 0.012
4 3 0.010
4 3 0.015
4 3 0.013
4 3 0.014
4 3 0.010
4 3 0.007
4 3 0.013
4 3 0.010
4 3 0.013
4 3 0.011
4 3 0.012
4 3 0.012
4 3 0.009
4 3 0.010
4 3 0.016
4 3 0.012
4 3 0.012
4 3 0.003
4 3 0.012
4 3 0.009
4 3 0.011
4 3 0.012
4 3 0.009
4 3 0.004
4 3 0.014
4 3 0.011
4 3 0.014
4 3 0.009
4 3 0.010
4 3 0.010
4 3 0.013
4 3 0.013
4 3 0.011
4 3 0.013
4 3 0.011
4 3 0.013
4 3 0.010
4 3 0.013
4 3 0.013
4 3 0.010
4 3 0.011
4 3 0.010
4 3 0.008
4 3 0.012
4 3 0.011
4 3 0.010
4 3 0.006
4 3 0.006
4 3 0.013
4 3 0.013
4 3 0.011
4 3 0.008
4 3 0.014
4 3 0.008
4 3 0.011
4 3 0.010
4 3 0.004
4 3 0.008
4 3 0.016
4 3 0.013
4 3 0.011
4 3 0.012
4 3 0.012
4 3 0.013
4 3 0.015
4 3 0.010
4 3 0.012
4 3 0.011
4 3 0.014
4 3 0.013
4 3 0.011
4 3 0.010
4 3 0.004
4 3 0.013
4 3 0.008
4 3 0.014
4 3 0.013
4 3 0.012
4 3 0.014
4 3 0.011
4 3 0.011
4 3 0.012
4 3 0.013
4 3 0.017
4 3 0.008
4 3 0.010
4 3 0.014
4 3 0.007
4 3 0.014
4 3 0.014
4 3 0.012
4 3 0.014
4 3 0.011
4 3 0.012
4 3 0.012
4 3 0.003
4 3 0.011
4 3 0.008
4 3 0.014
4 3 0.010
4 3 0.009
4 3 0.015
4 3 0.008
4 3 0.009
4 3 0.004
4 3 0.006
4 3 0.013
4 3 0.003
4 3 0.012
4 3 0.012
4 3 0.010
4 3 0.008
4 3 0.013
4 3 0.010
4 3 0.008
4 3 0.013
4 3 0.014
4 3 0.012
4 3 0.014
4 3 0.014
4 3 0.006
4 3 0.014
4 3 0.011
4 3 0.013
4 3 0.017
4 3 0.006
4 3 0.006
4 3 0.013
4 3 0.014
4 3 0.013
4 3 0.013
4 3 0.013
4 3 0.011
4 3 0.008
4 3 0.013
4 3 0.013
4 3 0.013
4 3 0.012
4 3 0.008
4 3 0.012
4 3 0.008
4 3 0.012
4 3 0.012
4 3 0.013
4 3 0.012
4 3 0.013
4 3 0.011
4 3 0.012
10 1 0.050
10 1 0.057
10 1 0.069
10 1 0.062
10 1 0.057
10 1 0.072
10 1 0.066
10 1 0.072
10 1 0.074
10 1 0.054
10 1 0.082
10 1 0.073
10 1 0.056
10 1 0.071
10 1 0.069
10 1 0.081
10 1 0.071
10 1 0.078
10 1 0.065
10 1 0.065
10 1 0.074
10 1 0.062
10 1 0.066
10 1 0.075
10 1 0.071
10 1 0.072
10 1 0.086
10 1 0.058
10 1 0.063
10 1 0.067
10 1 0.058
10 1 0.068
10 1 0.063
10 1 0.080
10 1 0.067
10 1 0.049
10 1 0.071
10 1 0.058
10 1 0.067
10 1 0.065
10 1 0.059
10 1 0.063
10 1 0.072
10 1 0.070
10 1 0.062
10 1 0.072
10 1 0.080
10 1 0.063
10 1 0.082
10 1 0.076
10 1 0.063
10 1 0.051
10 1 0.078
10 1 0.070
10 1 0.080
10 1 0.084
10 1 0.077
10 1 0.065
10 1 0.063
10 1 0.053
10 1 0.072
10 1 0.075
10 1 0.069
10 1 0.073
10 1 0.063
10 1 0.066
10 1 0.066
10 1 0.063
10 1 0.050
10 1 0.091
10 1 0.058
10 1 0.074
10 1 0.052
10 1 0.065
10 1 0.056
10 1 0.073
10 1 0.051
10 1 0.079
10 1 0.066
10 1 0.082
10 1 0.049
10 1 0.057
10 1 0.068
10 1 0.077
10 1 0.059
10 1 0.073
10 1 0.071
10 1 0.073
10 1 0.072
10 1 0.059
10 1 0.083
10 1 0.063
10 1 0.067
10 1 0.083
10 1 0.071
10 1 0.087
10 1 0.066
10 1 0.065
10 1 0.054
10 1 0.077
10 1 0.072
10 1 0.063
10 1 0.057
10 1 0.065
10 1 0.075
10 1 0.081
10 1 0.066
10 1 0.064
10 1 0.047
10 1 0.063
10 1 0.083
10 1 0.068
10 1 0.072
10 1 0.067
10 1 0.077
10 1 0.073
10 1 0.056
10 1 0.069
10 1 0.058
10 1 0.075
10 1 0.055
10 1 0.062
10 1 0.071
10 1 0.071
10 1 0.060
10 1 0.074
10 1 0.065
10 1 0.062
10 1 0.075
10 1 0.059
10 1 0.061
10 1 0.064
10 1 0.085
10 1 0.069
10 1 0.065
10 1 0.063
10 1 0.058
10 1 0.084
10 1 0.080
10 1 0.066
10 1 0.071
10 1 0.073
10 1 0.066
10 1 0.064
10 1 0.049
10 1 0.069
10 1 0.067
10 1 0.057
10 1 0.060
10 1 0.042
10 1 0.079
10 1 0.066
10 1 0.075
10 1 0.068
10 1 0.067
10 1 0.070
10 1 0.070
10 1 0.068
10 1 0.053
10 1 0.081
10 1 0.081
10 1 0.080
10 1 0.059
10 1 0.066
10 1 0.072
10 1 0.059
10 1 0.070
10 1 0.061
10 1 0.059
10 1 0.063
10 1 0.053
10 1 0.070
10 1 0.060
10 1 0.078
10 1 0.074
10 1 0.065
10 1 0.057
10 1 0.070
10 1 0.074
10 1 0.066
10 1 0.070
10 1 0.044
10 1 0.073
10 1 0.069
10 1 0.058
10 1 0.065
10 1 0.075
10 1 0.072
10 1 0.068
10 1 0.071
10 1 0.067
10 1 0.081
10 1 0.074
10 1 0.053
10 1 0.078
10 1 0.082
10 1 0.063
10 1 0.083
10 1 0.057
10 1 0.063
10 1 0.072
10 1 0.061
10 1 0.065
10 1 0.056
10 1 0.072
10 1 0.057
10 1 0.058
10 1 0.057
10 1 0.060
10 1 0.064
10 1 0.058
10 1 0.060
10 1 0.068
10 1 0.069
10 1 0.059
10 1 0.070
10 1 0.084
10 1 0.059
10 1 0.076
10 1 0.069
10 1 0.052
10 1 0.082
10 1 0.065
10 1 0.071
10 1 0.061
10 1 0.075
10 1 0.048
10 1 0.079
10 1 0.075
10 1 0.065
10 1 0.052
10 1 0.080
10 1 0.051
10 1 0.085
10 1 0.052
10 1 0.057
10 1 0.065
10 1 0.076
10 1 0.071
10 1 0.065
10 1 0.082
10 1 0.050
10 1 0.054
10 1 0.059
10 1 0.059
10 1 0.064
10 1 0.084
10 1 0.050
10 1 0.082
10 1 0.080
10 1 0.065
10 1 0.059
10 1 0.083
10 1 0.069
10 1 0.073
10 1 0.065
10 1 0.067
10 1 0.072
10 1 0.077
10 1 0.085
10 1 0.061
10 1 0.067
10 1 0.058
10 1 0.055
10 1 0.073
10 1 0.087
10 1 0.053
10 1 0.090
10 1 0.066
10 1 0.071
10 1 0.078
10 1 0.085
10 1 0.060
10 1 0.053
10 1 0.064
10 1 0.060
10 1 0.071
10 1 0.070
10 1 0.056
10 1 0.062
10 1 0.062
10 1 0.082
10 1 0.077
10 1 0.070
10 1 0.075
10 1 0.077
10 1 0.065
10 1 0.071
10 1 0.067
10 1 0.058
10 1 0.051
10 1 0.064
10 1 0.060
10 1 0.059
10 1 0.074
10 1 0.061
10 1 0.051
10 1 0.075
10 1 0.065
10 1 0.079
10 1 0.059
10 1 0.065
10 1 0.059
10 1 0.077
10 1 0.095
10 1 0.061
10 1 0.044
10 1 0.070
10 1 0.057
10 1 0.051
10 1 0.067
10 1 0.064
10 1 0.084
10 1 0.053
10 1 0.053
10 1 0.082
10 1 0.067
10 1 0.064
10 1 0.066
10 1 0.090
10 1 0.071
10 1 0.065
10 1 0.089
10 1 0.059
10 1 0.076
10 1 0.067
10 1 0.081
10 1 0.073
10 1 0.056
10 1 0.053
10 1 0.061
10 1 0.055
10 1 0.058
10 1 0.062
10 1 0.057
10 1 0.062
10 1 0.078
10 1 0.082
10 1 0.083
10 1 0.070
10 1 0.077
10 1 0.070
10 1 0.073
10 1 0.083
10 1 0.079
10 1 0.075
10 1 0.065
10 1 0.081
10 1 0.075
10 1 0.073
10 1 0.057
10 1 0.051
10 1 0.077
10 1 0.071
10 1 0.070
10 1 0.057
10 1 0.080
10 1 0.080
10 1 0.072
10 1 0.070
10 1 0.066
10 1 0.058
10 1 0.063
10 1 0.075
10 1 0.052
10 1 0.090
10 1 0.083
10 1 0.064
10 1 0.067
10 1 0.059
10 1 0.077
10 1 0.054
10 1 0.070
10 1 0.079
10 1 0.053
10 1 0.060
10 1 0.081
10 1 0.058
10 1 0.059
10 1 0.058
10 1 0.070
10 1 0.057
10 1 0.067
10 1 0.059
10 1 0.049
10 1 0.057
10 1 0.070
10 1 0.074
10 1 0.073
10 1 0.061
10 1 0.078
10 1 0.071
10 1 0.069
10 1 0.063
10 1 0.044
10 1 0.067
10 1 0.057
10 1 0.046
10 1 0.059
10 1 0.073
10 1 0.064
10 1 0.075
10 1 0.056
10 1 0.062
10 1 0.070
10 1 0.052
10 1 0.078
10 1 0.082
10 1 0.062
10 1 0.070
10 1 0.082
10 1 0.076
10 1 0.061
10 1 0.047
10 1 0.080
10 1 0.062
10 1 0.064
10 1 0.070
10 1 0.055
10 1 0.055
10 1 0.055
10 1 0.058
10 1 0.070
10 1 0.075
10 1 0.058
10 1 0.067
10 1 0.066
10 1 0.057
10 1 0.088
10 1 0.062
10 1 0.079
10 1 0.058
10 1 0.076
10 1 0.059
10 1 0.059
10 1 0.078
10 1 0.063
10 1 0.070
10 1 0.062
10 1 0.067
10 1 0.058
10 1 0.081
10 1 0.056
10 1 0.058
10 1 0.065
10 1 0.064
10 1 0.069
10 1 0.075
10 1 0.057
10 1 0.077
10 1 0.067
10 1 0.065
10 1 0.084
10 1 0.061
10 1 0.077
10 1 0.089
10 1 0.075
10 1 0.071
10 1 0.070
10 1 0.051
10 1 0.080
10 1 0.089
10 1 0.070
10 1 0.069
10 1 0.043
10 1 0.050
10 1 0.064
10 1 0.048
10 1 0.080
10 1 0.088
10 1 0.072
10 1 0.055
10 1 0.071
10 1 0.054
10 1 0.073
10 1 0.078
10 1 0.076
10 1 0.054
10 1 0.069
10 1 0.068
10 1 0.061
10 1 0.068
10 1 0.050
10 1 0.068
10 1 0.059
10 1 0.085
10 1 0.065
10 1 0.051
10 1 0.073
10 1 0.061
10 1 0.084
10 1 0.062
10 1 0.074
10 1 0.076
10 1 0.049
10 1 0.076
10 1 0.054
10 1 0.083
10 1 0.061
10 1 0.049
10 2 0.049
10 2 0.055
10 2 0.066
10 2 0.059
10 2 0.056
10 2 0.073
10 2 0.064
10 2 0.070
10 2 0.075
10 2 0.053
10 2 0.082
10 2 0.075
10 2 0.056
10 2 0.069
10 2 0.069
10 2 0.085
10 2 0.071
10 2 0.079
10 2 0.063
10 2 0.070
10 2 0.075
10 2 0.064
10 2 0.067
10 2 0.072
10 2 0.073
10 2 0.073
10 2 0.086
10 2 0.061
10 2 0.066
10 2 0.067
10 2 0.055
10 2 0.065
10 2 0.064
10 2 0.076
10 2 0.065
10 2 0.049
10 2 0.067
10 2 0.056
10 2 0.068
10 2 0.062
10 2 0.056
10 2 0.059
10 2 0.068
10 2 0.068
10 2 0.059
10 2 0.066
10 2 0.076
10 2 0.060
10 2 0.079
10 2 0.079
10 2 0.060
10 2 0.049
10 2 0.081
10 2 0.070
10 2 0.080
10 2 0.088
10 2 0.076
10 2 0.063
10 2 0.062
10 2 0.053
10 2 0.071
10 2 0.074
10 2 0.073
10 2 0.071
10 2 0.061
10 2 0.061
10 2 0.067
10 2 0.060
10 2 0.050
10 2 0.090
10 2 0.060
10 2 0.073
10 2 0.052
10 2 0.063
10 2 0.057
10 2 0.073
10 2 0.055
10 2 0.076
10 2 0.064
10 2 0.083
10 2 0.050
10 2 0.056
10 2 0.068
10 2 0.074
10 2 0.058
10 2 0.073
10 2 0.068
10 2 0.076
10 2 0.071
10 2 0.057
10 2 0.077
10 2 0.063
10 2 0.065
10 2 0.079
10 2 0.068
10 2 0.083
10 2 0.061
10 2 0.061
10 2 0.055
10 2 0.077
10 2 0.075
10 2 0.060
10 2 0.057
10 2 0.066
10 2 0.073
10 2 0.081
10 2 0.067
10 2 0.063
10 2 0.046
10 2 0.062
10 2 0.084
10 2 0.069
10 2 0.070
10 2 0.068
10 2 0.071
10 2 0.076
10 2 0.056
10 2 0.071
10 2 0.058
10 2 0.074
10 2 0.055
10 2 0.062
10 2 0.074
10 2 0.071
10 2 0.061
10 2 0.073
10 2 0.063
10 2 0.059
10 2 0.072
10 2 0.056
10 2 0.060
10 2 0.065
10 2 0.082
10 2 0.071
10 2 0.063
10 2 0.060
10 2 0.056
10 2 0.080
10 2 0.075
10 2 0.068
10 2 0.073
10 2 0.077
10 2 0.072
10 2 0.061
10 2 0.049
10 2 0.071
10 2 0.068
10 2 0.057
10 2 0.058
10 2 0.042
10 2 0.074
10 2 0.065
10 2 0.075
10 2 0.068
10 2 0.067
10 2 0.068
10 2 0.075
10 2 0.069
10 2 0.051
10 2 0.075
10 2 0.076
10 2 0.076
10 2 0.059
10 2 0.067
10 2 0.070
10 2 0.058
10 2 0.067
10 2 0.060
10 2 0.057
10 2 0.066
10 2 0.050
10 2 0.066
10 2 0.057
10 2 0.075
10 2 0.070
10 2 0.064
10 2 0.054
10 2 0.068
10 2 0.072
10 2 0.065
10 2 0.069
10 2 0.043
10 2 0.074
10 2 0.066
10 2 0.057
10 2 0.065
10 2 0.076
10 2 0.073
10 2 0.066
10 2 0.071
10 2 0.067
10 2 0.084
10 2 0.074
10 2 0.053
10 2 0.078
10 2 0.081
10 2 0.063
10 2 0.084
10 2 0.056
10 2 0.063
10 2 0.073
10 2 0.061
10 2 0.065
10 2 0.057
10 2 0.070
10 2 0.058
10 2 0.058
10 2 0.057
10 2 0.059
10 2 0.066
10 2 0.056
10 2 0.060
10 2 0.069
10 2 0.070
10 2 0.058
10 2 0.071
10 2 0.082
10 2 0.058
10 2 0.077
10 2 0.068
10 2 0.053
10 2 0.082
10 2 0.067
10 2 0.072
10 2 0.061
10 2 0.076
10 2 0.048
10 2 0.078
10 2 0.077
10 2 0.067
10 2 0.053
10 2 0.082
10 2 0.052
10 2 0.086
10 2 0.051
10 2 0.059
10 2 0.064
10 2 0.093
10 2 0.070
10 2 0.066
10 2 0.081
10 2 0.049
10 2 0.052
10 2 0.059
10 2 0.058
10 2 0.063
10 2 0.081
10 2 0.049
10 2 0.083
10 2 0.082
10 2 0.064
10 2 0.060
10 2 0.076
10 2 0.066
10 2 0.071
10 2 0.063
10 2 0.063
10 2 0.069
10 2 0.073
10 2 0.080
10 2 0.058
10 2 0.068
10 2 0.057
10 2 0.052
10 2 0.073
10 2 0.086
10 2 0.050
10 2 0.085
10 2 0.063
10 2 0.066
10 2 0.071
10 2 0.079
10 2 0.059
10 2 0.052
10 2 0.065
10 2 0.061
10 2 0.069
10 2 0.070
10 2 0.057
10 2 0.062
10 2 0.063
10 2 0.082
10 2 0.076
10 2 0.070
10 2 0.079
10 2 0.078
10 2 0.067
10 2 0.071
10 2 0.069
10 2 0.059
10 2 0.052
10 2 0.063
10 2 0.060
10 2 0.061
10 2 0.075
10 2 0.062
10 2 0.051
10 2 0.078
10 2 0.067
10 2 0.076
10 2 0.059
10 2 0.067
10 2 0.057
10 2 0.077
10 2 0.099
10 2 0.061
10 2 0.044
10 2 0.069
10 2 0.057
10 2 0.051
10 2 0.066
10 2 0.064
10 2 0.084
10 2 0.053
10 2 0.052
10 2 0.083
10 2 0.068
10 2 0.064
10 2 0.068
10 2 0.090
10 2 0.068
10 2 0.066
10 2 0.089
10 2 0.061
10 2 0.080
10 2 0.070
10 2 0.081
10 2 0.074
10 2 0.055
10 2 0.053
10 2 0.063
10 2 0.054
10 2 0.060
10 2 0.064
10 2 0.056
10 2 0.063
10 2 0.079
10 2 0.083
10 2 0.082
10 2 0.070
10 2 0.075
10 2 0.068
10 2 0.070
10 2 0.081
10 2 0.077
10 2 0.076
10 2 0.064
10 2 0.079
10 2 0.073
10 2 0.073
10 2 0.057
10 2 0.050
10 2 0.076
10 2 0.073
10 2 0.071
10 2 0.055
10 2 0.082
10 2 0.081
10 2 0.072
10 2 0.074
10 2 0.066
10 2 0.058
10 2 0.064
10 2 0.074
10 2 0.053
10 2 0.087
10 2 0.084
10 2 0.067
10 2 0.066
10 2 0.058
10 2 0.079
10 2 0.052
10 2 0.072
10 2 0.081
10 2 0.056
10 2 0.061
10 2 0.082
10 2 0.060
10 2 0.057
10 2 0.059
10 2 0.072
10 2 0.057
10 2 0.068
10 2 0.059
10 2 0.049
10 2 0.057
10 2 0.071
10 2 0.074
10 2 0.073
10 2 0.060
10 2 0.073
10 2 0.068
10 2 0.068
10 2 0.062
10 2 0.044
10 2 0.068
10 2 0.058
10 2 0.045
10 2 0.061
10 2 0.073
10 2 0.064
10 2 0.077
10 2 0.057
10 2 0.062
10 2 0.068
10 2 0.052
10 2 0.078
10 2 0.080
10 2 0.059
10 2 0.069
10 2 0.083
10 2 0.076
10 2 0.060
10 2 0.047
10 2 0.079
10 2 0.060
10 2 0.066
10 2 0.070
10 2 0.055
10 2 0.054
10 2 0.057
10 2 0.059
10 2 0.073
10 2 0.074
10 2 0.059
10 2 0.068
10 2 0.067
10 2 0.055
10 2 0.087
10 2 0.062
10 2 0.080
10 2 0.058
10 2 0.077
10 2 0.061
10 2 0.059
10 2 0.079
10 2 0.064
10 2 0.069
10 2 0.061
10 2 0.067
10 2 0.059
10 2 0.083
10 2 0.056
10 2 0.058
10 2 0.064
10 2 0.061
10 2 0.066
10 2 0.077
10 2 0.057
10 2 0.076
10 2 0.069
10 2 0.067
10 2 0.085
10 2 0.063
10 2 0.076
10 2 0.088
10 2 0.074
10 2 0.070
10 2 0.069
10 2 0.051
10 2 0.079
10 2 0.089
10 2 0.070
10 2 0.067
10 2 0.043
10 2 0.051
10 2 0.065
10 2 0.049
10 2 0.079
10 2 0.093
10 2 0.071
10 2 0.057
10 2 0.072
10 2 0.054
10 2 0.071
10 2 0.079
10 2 0.074
10 2 0.051
10 2 0.068
10 2 0.069
10 2 0.060
10 2 0.068
10 2 0.049
10 2 0.068
10 2 0.059
10 2 0.088
10 2 0.065
10 2 0.052
10 2 0.072
10 2 0.059
10 2 0.081
10 2 0.063
10 2 0.074
10 2 0.073
10 2 0.048
10 2 0.077
10 2 0.057
10 2 0.081
10 2 0.061
10 2 0.047
10 3 0.050
10 3 0.056
10 3 0.069
10 3 0.060
10 3 0.056
10 3 0.072
10 3 0.065
10 3 0.068
10 3 0.074
10 3 0.054
10 3 0.083
10 3 0.074
10 3 0.057
10 3 0.070
10 3 0.070
10 3 0.086
10 3 0.070
10 3 0.078
10 3 0.062
10 3 0.067
10 3 0.073
10 3 0.061
10 3 0.067
10 3 0.075
10 3 0.072
10 3 0.072
10 3 0.087
10 3 0.060
10 3 0.063
10 3 0.066
10 3 0.057
10 3 0.063
10 3 0.062
10 3 0.079
10 3 0.065
10 3 0.047
10 3 0.069
10 3 0.056
10 3 0.067
10 3 0.064
10 3 0.057
10 3 0.059
10 3 0.068
10 3 0.066
10 3 0.058
10 3 0.069
10 3 0.079
10 3 0.061
10 3 0.081
10 3 0.075
10 3 0.062
10 3 0.050
10 3 0.082
10 3 0.073
10 3 0.082
10 3 0.089
10 3 0.080
10 3 0.063
10 3 0.063
10 3 0.055
10 3 0.070
10 3 0.074
10 3 0.070
10 3 0.071
10 3 0.060
10 3 0.060
10 3 0.067
10 3 0.061
10 3 0.051
10 3 0.089
10 3 0.059
10 3 0.072
10 3 0.052
10 3 0.062
10 3 0.056
10 3 0.072
10 3 0.053
10 3 0.075
10 3 0.066
10 3 0.083
10 3 0.050
10 3 0.056
10 3 0.068
10 3 0.076
10 3 0.056
10 3 0.074
10 3 0.069
10 3 0.072
10 3 0.070
10 3 0.057
10 3 0.078
10 3 0.063
10 3 0.064
10 3 0.079
10 3 0.069
10 3 0.084
10 3 0.061
10 3 0.061
10 3 0.054
10 3 0.073
10 3 0.071
10 3 0.060
10 3 0.058
10 3 0.066
10 3 0.076
10 3 0.082
10 3 0.067
10 3 0.064
10 3 0.046
10 3 0.063
10 3 0.084
10 3 0.069
10 3 0.072
10 3 0.068
10 3 0.071
10 3 0.074
10 3 0.058
10 3 0.072
10 3 0.059
10 3 0.075
10 3 0.055
10 3 0.062
10 3 0.071
10 3 0.069
10 3 0.059
10 3 0.075
10 3 0.063
10 3 0.061
10 3 0.068
10 3 0.056
10 3 0.059
10 3 0.065
10 3 0.081
10 3 0.066
10 3 0.063
10 3 0.060
10 3 0.055
10 3 0.081
10 3 0.075
10 3 0.065
10 3 0.069
10 3 0.077
10 3 0.065
10 3 0.061
10 3 0.049
10 3 0.069
10 3 0.067
10 3 0.059
10 3 0.061
10 3 0.041
10 3 0.074
10 3 0.065
10 3 0.076
10 3 0.064
10 3 0.068
10 3 0.069
10 3 0.073
10 3 0.068
10 3 0.050
10 3 0.077
10 3 0.076
10 3 0.075
10 3 0.059
10 3 0.066
10 3 0.070
10 3 0.059
10 3 0.068
10 3 0.060
10 3 0.057
10 3 0.062
10 3 0.051
10 3 0.065
10 3 0.056
10 3 0.076
10 3 0.071
10 3 0.064
10 3 0.054
10 3 0.068
10 3 0.071
10 3 0.066
10 3 0.069
10 3 0.044
10 3 0.073
10 3 0.065
10 3 0.056
10 3 0.063
10 3 0.076
10 3 0.074
10 3 0.066
10 3 0.070
10 3 0.068
10 3 0.082
10 3 0.073
10 3 0.054
10 3 0.077
10 3 0.082
10 3 0.062
10 3 0.084
10 3 0.057
10 3 0.064
10 3 0.075
10 3 0.062
10 3 0.067
10 3 0.055
10 3 0.073
10 3 0.057
10 3 0.059
10 3 0.057
10 3 0.059
10 3 0.063
10 3 0.056
10 3 0.062
10 3 0.069
10 3 0.070
10 3 0.059
10 3 0.074
10 3 0.080
10 3 0.058
10 3 0.078
10 3 0.071
10 3 0.057
10 3 0.081
10 3 0.067
10 3 0.072
10 3 0.061
10 3 0.073
10 3 0.049
10 3 0.075
10 3 0.075
10 3 0.064
10 3 0.053
10 3 0.084
10 3 0.052
10 3 0.086
10 3 0.051
10 3 0.057
10 3 0.065
10 3 0.077
10 3 0.070
10 3 0.063
10 3 0.083
10 3 0.049
10 3 0.054
10 3 0.058
10 3 0.058
10 3 0.064
10 3 0.083
10 3 0.049
10 3 0.080
10 3 0.084
10 3 0.066
10 3 0.060
10 3 0.075
10 3 0.068
10 3 0.069
10 3 0.064
10 3 0.064
10 3 0.068
10 3 0.073
10 3 0.083
10 3 0.059
10 3 0.065
10 3 0.056
10 3 0.053
10 3 0.076
10 3 0.089
10 3 0.051
10 3 0.083
10 3 0.064
10 3 0.068
10 3 0.076
10 3 0.079
10 3 0.061
10 3 0.052
10 3 0.064
10 3 0.062
10 3 0.069
10 3 0.068
10 3 0.056
10 3 0.062
10 3 0.062
10 3 0.082
10 3 0.076
10 3 0.079
10 3 0.077
10 3 0.077
10 3 0.065
10 3 0.071
10 3 0.068
10 3 0.059
10 3 0.052
10 3 0.062
10 3 0.060
10 3 0.058
10 3 0.075
10 3 0.060
10 3 0.050
10 3 0.080
10 3 0.065
10 3 0.076
10 3 0.058
10 3 0.069
10 3 0.057
10 3 0.079
10 3 0.096
10 3 0.064
10 3 0.044
10 3 0.071
10 3 0.059
10 3 0.051
10 3 0.068
10 3 0.066
10 3 0.083
10 3 0.054
10 3 0.053
10 3 0.082
10 3 0.066
10 3 0.064
10 3 0.067
10 3 0.089
10 3 0.070
10 3 0.066
10 3 0.088
10 3 0.062
10 3 0.076
10 3 0.067
10 3 0.083
10 3 0.072
10 3 0.054
10 3 0.054
10 3 0.063
10 3 0.056
10 3 0.062
10 3 0.065
10 3 0.060
10 3 0.064
10 3 0.077
10 3 0.082
10 3 0.082
10 3 0.071
10 3 0.078
10 3 0.087
10 3 0.086
10 3 0.079
10 3 0.077
10 3 0.074
10 3 0.065
10 3 0.081
10 3 0.074
10 3 0.075
10 3 0.057
10 3 0.051
10 3 0.077
10 3 0.073
10 3 0.071
10 3 0.059
10 3 0.081
10 3 0.079
10 3 0.071
10 3 0.070
10 3 0.068
10 3 0.059
10 3 0.062
10 3 0.074
10 3 0.052
10 3 0.088
10 3 0.082
10 3 0.065
10 3 0.067
10 3 0.058
10 3 0.078
10 3 0.053
10 3 0.071
10 3 0.083
10 3 0.053
10 3 0.062
10 3 0.084
10 3 0.060
10 3 0.058
10 3 0.058
10 3 0.072
10 3 0.057
10 3 0.067
10 3 0.059
10 3 0.048
10 3 0.058
10 3 0.070
10 3 0.072
10 3 0.075
10 3 0.060
10 3 0.073
10 3 0.066
10 3 0.068
10 3 0.064
10 3 0.044
10 3 0.065
10 3 0.058
10 3 0.045
10 3 0.060
10 3 0.074
10 3 0.064
10 3 0.073
10 3 0.056
10 3 0.063
10 3 0.069
10 3 0.052
10 3 0.079
10 3 0.076
10 3 0.062
10 3 0.070
10 3 0.080
10 3 0.075
10 3 0.061
10 3 0.048
10 3 0.083
10 3 0.061
10 3 0.061
10 3 0.070
10 3 0.053
10 3 0.055
10 3 0.055
10 3 0.060
10 3 0.073
10 3 0.074
10 3 0.059
10 3 0.066
10 3 0.068
10 3 0.055
10 3 0.085
10 3 0.064
10 3 0.080
10 3 0.064
10 3 0.074
10 3 0.059
10 3 0.059
10 3 0.077
10 3 0.064
10 3 0.070
10 3 0.062
10 3 0.066
10 3 0.059
10 3 0.082
10 3 0.056
10 3 0.058
10 3 0.063
10 3 0.061
10 3 0.068
10 3 0.081
10 3 0.057
10 3 0.078
10 3 0.067
10 3 0.065
10 3 0.082
10 3 0.058
10 3 0.076
10 3 0.091
10 3 0.073
10 3 0.071
10 3 0.070
10 3 0.051
10 3 0.079
10 3 0.089
10 3 0.069
10 3 0.068
10 3 0.042
10 3 0.051
10 3 0.068
10 3 0.050
10 3 0.081
10 3 0.088
10 3 0.074
10 3 0.057
10 3 0.072
10 3 0.056
10 3 0.071
10 3 0.083
10 3 0.078
10 3 0.051
10 3 0.070
10 3 0.067
10 3 0.062
10 3 0.067
10 3 0.049
10 3 0.064
10 3 0.059
10 3 0.088
10 3 0.066
10 3 0.051
10 3 0.072
10 3 0.060
10 3 0.083
10 3 0.062
10 3 0.075
10 3 0.074
10 3 0.049
10 3 0.079
10 3 0.058
10 3 0.086
10 3 0.061
10 3 0.049
15 1 0.110
15 1 0.155
15 1 0.145
15 1 0.153
15 1 0.152
15 1 0.183
15 1 0.146
15 1 0.162
15 1 0.137
15 1 0.149
15 1 0.170
15 1 0.169
15 1 0.132
15 1 0.165
15 1 0.147
15 1 0.167
15 1 0.168
15 1 0.158
15 1 0.147
15 1 0.151
15 1 0.152
15 1 0.135
15 1 0.153
15 1 0.149
15 1 0.127
15 1 0.139
15 1 0.147
15 1 0.147
15 1 0.126
15 1 0.142
15 1 0.143
15 1 0.148
15 1 0.155
15 1 0.175
15 1 0.140
15 1 0.136
15 1 0.183
15 1 0.161
15 1 0.163
15 1 0.136
15 1 0.146
15 1 0.140
15 1 0.173
15 1 0.157
15 1 0.133
15 1 0.139
15 1 0.143
15 1 0.166
15 1 0.152
15 1 0.149
15 1 0.127
15 1 0.169
15 1 0.122
15 1 0.162
15 1 0.176
15 1 0.112
15 1 0.148
15 1 0.150
15 1 0.165
15 1 0.160
15 1 0.171
15 1 0.140
15 1 0.172
15 1 0.140
15 1 0.156
15 1 0.192
15 1 0.141
15 1 0.131
15 1 0.179
15 1 0.136
15 1 0.130
15 1 0.159
15 1 0.176
15 1 0.133
15 1 0.131
15 1 0.161
15 1 0.155
15 1 0.158
15 1 0.153
15 1 0.159
15 1 0.155
15 1 0.148
15 1 0.144
15 1 0.137
15 1 0.153
15 1 0.156
15 1 0.162
15 1 0.140
15 1 0.147
15 1 0.131
15 1 0.141
15 1 0.150
15 1 0.146
15 1 0.137
15 1 0.172
15 1 0.139
15 1 0.158
15 1 0.150
15 1 0.150
15 1 0.114
15 1 0.176
15 1 0.148
15 1 0.114
15 1 0.172
15 1 0.152
15 1 0.154
15 1 0.154
15 1 0.157
15 1 0.152
15 1 0.146
15 1 0.166
15 1 0.146
15 1 0.160
15 1 0.145
15 1 0.155
15 1 0.130
15 1 0.138
15 1 0.140
15 1 0.138
15 1 0.168
15 1 0.140
15 1 0.148
15 1 0.139
15 1 0.145
15 1 0.118
15 1 0.157
15 1 0.140
15 1 0.120
15 1 0.180
15 1 0.151
15 1 0.164
15 1 0.177
15 1 0.143
15 1 0.160
15 1 0.180
15 1 0.162
15 1 0.149
15 1 0.170
15 1 0.145
15 1 0.135
15 1 0.153
15 1 0.127
15 1 0.121
15 1 0.125
15 1 0.122
15 1 0.131
15 1 0.161
15 1 0.142
15 1 0.173
15 1 0.128
15 1 0.159
15 1 0.142
15 1 0.175
15 1 0.148
15 1 0.145
15 1 0.144
15 1 0.167
15 1 0.158
15 1 0.118
15 1 0.143
15 1 0.176
15 1 0.116
15 1 0.143
15 1 0.149
15 1 0.158
15 1 0.152
15 1 0.109
15 1 0.145
15 1 0.127
15 1 0.160
15 1 0.152
15 1 0.176
15 1 0.140
15 1 0.165
15 1 0.153
15 1 0.150
15 1 0.144
15 1 0.137
15 1 0.152
15 1 0.148
15 1 0.141
15 1 0.146
15 1 0.180
15 1 0.136
15 1 0.161
15 1 0.163
15 1 0.159
15 1 0.107
15 1 0.155
15 1 0.134
15 1 0.158
15 1 0.151
15 1 0.126
15 1 0.166
15 1 0.164
15 1 0.172
15 1 0.157
15 1 0.153
15 1 0.149
15 1 0.123
15 1 0.135
15 1 0.121
15 1 0.141
15 1 0.134
15 1 0.151
15 1 0.144
15 1 0.148
15 1 0.139
15 1 0.170
15 1 0.176
15 1 0.128
15 1 0.155
15 1 0.088
15 1 0.154
15 1 0.172
15 1 0.126
15 1 0.166
15 1 0.155
15 1 0.149
15 1 0.186
15 1 0.170
15 1 0.187
15 1 0.150
15 1 0.167
15 1 0.168
15 1 0.154
15 1 0.131
15 1 0.130
15 1 0.121
15 1 0.133
15 1 0.137
15 1 0.162
15 1 0.176
15 1 0.159
15 1 0.164
15 1 0.165
15 1 0.173
15 1 0.176
15 1 0.164
15 1 0.162
15 1 0.157
15 1 0.131
15 1 0.171
15 1 0.146
15 1 0.136
15 1 0.182
15 1 0.161
15 1 0.143
15 1 0.144
15 1 0.140
15 1 0.133
15 1 0.189
15 1 0.155
15 1 0.146
15 1 0.172
15 1 0.141
15 1 0.172
15 1 0.133
15 1 0.150
15 1 0.149
15 1 0.119
15 1 0.150
15 1 0.127
15 1 0.149
15 1 0.119
15 1 0.138
15 1 0.156
15 1 0.123
15 1 0.164
15 1 0.151
15 1 0.147
15 1 0.132
15 1 0.117
15 1 0.114
15 1 0.161
15 1 0.137
15 1 0.149
15 1 0.135
15 1 0.144
15 1 0.175
15 1 0.152
15 1 0.154
15 1 0.163
15 1 0.165
15 1 0.135
15 1 0.154
15 1 0.146
15 1 0.136
15 1 0.113
15 1 0.145
15 1 0.163
15 1 0.160
15 1 0.164
15 1 0.145
15 1 0.171
15 1 0.169
15 1 0.148
15 1 0.167
15 1 0.145
15 1 0.148
15 1 0.152
15 1 0.159
15 1 0.136
15 1 0.171
15 1 0.128
15 1 0.156
15 1 0.161
15 1 0.163
15 1 0.150
15 1 0.176
15 1 0.158
15 1 0.157
15 1 0.191
15 1 0.159
15 1 0.163
15 1 0.123
15 1 0.162
15 1 0.214
15 1 0.134
15 1 0.119
15 1 0.128
15 1 0.114
15 1 0.180
15 1 0.167
15 1 0.137
15 1 0.141
15 1 0.152
15 1 0.165
15 1 0.142
15 1 0.125
15 1 0.132
15 1 0.129
15 1 0.137
15 1 0.170
15 1 0.141
15 1 0.150
15 1 0.132
15 1 0.146
15 1 0.164
15 1 0.152
15 1 0.144
15 1 0.143
15 1 0.145
15 1 0.108
15 1 0.132
15 1 0.160
15 1 0.142
15 1 0.160
15 1 0.137
15 1 0.167
15 1 0.154
15 1 0.159
15 1 0.129
15 1 0.158
15 1 0.142
15 1 0.146
15 1 0.162
15 1 0.120
15 1 0.137
15 1 0.125
15 1 0.165
15 1 0.136
15 1 0.161
15 1 0.153
15 1 0.181
15 1 0.146
15 1 0.171
15 1 0.125
15 1 0.146
15 1 0.150
15 1 0.156
15 1 0.136
15 1 0.146
15 1 0.152
15 1 0.136
15 1 0.137
15 1 0.131
15 1 0.126
15 1 0.118
15 1 0.187
15 1 0.144
15 1 0.137
15 1 0.122
15 1 0.177
15 1 0.149
15 1 0.139
15 1 0.162
15 1 0.150
15 1 0.170
15 1 0.138
15 1 0.128
15 1 0.131
15 1 0.147
15 1 0.161
15 1 0.145
15 1 0.114
15 1 0.145
15 1 0.137
15 1 0.168
15 1 0.130
15 1 0.124
15 1 0.168
15 1 0.151
15 1 0.113
15 1 0.167
15 1 0.151
15 1 0.171
15 1 0.185
15 1 0.169
15 1 0.158
15 1 0.160
15 1 0.156
15 1 0.171
15 1 0.181
15 1 0.156
15 1 0.193
15 1 0.157
15 1 0.156
15 1 0.134
15 1 0.159
15 1 0.146
15 1 0.133
15 1 0.103
15 1 0.160
15 1 0.167
15 1 0.147
15 1 0.142
15 1 0.177
15 1 0.164
15 1 0.169
15 1 0.166
15 1 0.147
15 1 0.152
15 1 0.177
15 1 0.159
15 1 0.168
15 1 0.177
15 1 0.136
15 1 0.142
15 1 0.148
15 1 0.134
15 1 0.164
15 1 0.145
15 1 0.201
15 1 0.160
15 1 0.126
15 1 0.114
15 1 0.163
15 1 0.148
15 1 0.147
15 1 0.159
15 1 0.172
15 1 0.151
15 1 0.137
15 1 0.175
15 1 0.122
15 1 0.163
15 1 0.120
15 1 0.153
15 1 0.116
15 1 0.148
15 1 0.126
15 1 0.181
15 1 0.127
15 1 0.158
15 1 0.158
15 1 0.152
15 1 0.143
15 1 0.113
15 1 0.170
15 1 0.165
15 1 0.144
15 1 0.138
15 1 0.143
15 1 0.135
15 1 0.173
15 1 0.159
15 1 0.166
15 1 0.140
15 1 0.163
15 1 0.155
15 1 0.153
15 1 0.150
15 1 0.132
15 1 0.160
15 1 0.135
15 1 0.166
15 1 0.158
15 1 0.147
15 1 0.112
15 1 0.155
15 1 0.173
15 1 0.156
15 1 0.193
15 1 0.158
15 1 0.149
15 1 0.141
15 1 0.121
15 1 0.122
15 1 0.187
15 2 0.115
15 2 0.155
15 2 0.153
15 2 0.154
15 2 0.152
15 2 0.191
15 2 0.147
15 2 0.161
15 2 0.144
15 2 0.156
15 2 0.177
15 2 0.177
15 2 0.140
15 2 0.168
15 2 0.152
15 2 0.174
15 2 0.176
15 2 0.164
15 2 0.152
15 2 0.169
15 2 0.160
15 2 0.147
15 2 0.160
15 2 0.158
15 2 0.128
15 2 0.145
15 2 0.153
15 2 0.157
15 2 0.133
15 2 0.148
15 2 0.153
15 2 0.154
15 2 0.159
15 2 0.183
15 2 0.147
15 2 0.138
15 2 0.201
15 2 0.160
15 2 0.167
15 2 0.134
15 2 0.148
15 2 0.145
15 2 0.177
15 2 0.166
15 2 0.139
15 2 0.145
15 2 0.148
15 2 0.175
15 2 0.156
15 2 0.163
15 2 0.134
15 2 0.177
15 2 0.131
15 2 0.172
15 2 0.186
15 2 0.117
15 2 0.157
15 2 0.153
15 2 0.174
15 2 0.175
15 2 0.168
15 2 0.146
15 2 0.172
15 2 0.148
15 2 0.166
15 2 0.204
15 2 0.146
15 2 0.141
15 2 0.184
15 2 0.143
15 2 0.139
15 2 0.161
15 2 0.177
15 2 0.132
15 2 0.131
15 2 0.167
15 2 0.157
15 2 0.165
15 2 0.159
15 2 0.169
15 2 0.161
15 2 0.157
15 2 0.145
15 2 0.134
15 2 0.153
15 2 0.157
15 2 0.167
15 2 0.146
15 2 0.159
15 2 0.134
15 2 0.149
15 2 0.147
15 2 0.146
15 2 0.138
15 2 0.177
15 2 0.144
15 2 0.176
15 2 0.153
15 2 0.152
15 2 0.116
15 2 0.169
15 2 0.141
15 2 0.110
15 2 0.163
15 2 0.144
15 2 0.149
15 2 0.158
15 2 0.158
15 2 0.148
15 2 0.144
15 2 0.164
15 2 0.142
15 2 0.164
15 2 0.144
15 2 0.162
15 2 0.130
15 2 0.140
15 2 0.143
15 2 0.138
15 2 0.169
15 2 0.142
15 2 0.143
15 2 0.140
15 2 0.144
15 2 0.117
15 2 0.156
15 2 0.145
15 2 0.124
15 2 0.176
15 2 0.152
15 2 0.161
15 2 0.183
15 2 0.140
15 2 0.153
15 2 0.167
15 2 0.158
15 2 0.144
15 2 0.161
15 2 0.139
15 2 0.136
15 2 0.156
15 2 0.126
15 2 0.124
15 2 0.125
15 2 0.127
15 2 0.129
15 2 0.155
15 2 0.140
15 2 0.173
15 2 0.130
15 2 0.163
15 2 0.147
15 2 0.176
15 2 0.153
15 2 0.145
15 2 0.143
15 2 0.173
15 2 0.166
15 2 0.121
15 2 0.146
15 2 0.181
15 2 0.120
15 2 0.161
15 2 0.154
15 2 0.159
15 2 0.155
15 2 0.111
15 2 0.145
15 2 0.129
15 2 0.161
15 2 0.153
15 2 0.186
15 2 0.141
15 2 0.169
15 2 0.158
15 2 0.147
15 2 0.146
15 2 0.139
15 2 0.155
15 2 0.143
15 2 0.139
15 2 0.145
15 2 0.179
15 2 0.138
15 2 0.161
15 2 0.163
15 2 0.166
15 2 0.109
15 2 0.160
15 2 0.138
15 2 0.165
15 2 0.150
15 2 0.127
15 2 0.174
15 2 0.168
15 2 0.173
15 2 0.155
15 2 0.163
15 2 0.150
15 2 0.122
15 2 0.137
15 2 0.121
15 2 0.147
15 2 0.135
15 2 0.144
15 2 0.143
15 2 0.149
15 2 0.146
15 2 0.168
15 2 0.175
15 2 0.122
15 2 0.151
15 2 0.088
15 2 0.158
15 2 0.167
15 2 0.123
15 2 0.164
15 2 0.149
15 2 0.144
15 2 0.179
15 2 0.167
15 2 0.186
15 2 0.151
15 2 0.165
15 2 0.176
15 2 0.146
15 2 0.133
15 2 0.131
15 2 0.123
15 2 0.122
15 2 0.136
15 2 0.171
15 2 0.171
15 2 0.162
15 2 0.165
15 2 0.169
15 2 0.182
15 2 0.174
15 2 0.157
15 2 0.166
15 2 0.162
15 2 0.125
15 2 0.171
15 2 0.140
15 2 0.141
15 2 0.179
15 2 0.172
15 2 0.144
15 2 0.146
15 2 0.146
15 2 0.136
15 2 0.189
15 2 0.159
15 2 0.148
15 2 0.172
15 2 0.134
15 2 0.164
15 2 0.129
15 2 0.142
15 2 0.149
15 2 0.123
15 2 0.147
15 2 0.127
15 2 0.146
15 2 0.118
15 2 0.137
15 2 0.160
15 2 0.123
15 2 0.168
15 2 0.149
15 2 0.150
15 2 0.132
15 2 0.116
15 2 0.110
15 2 0.160
15 2 0.136
15 2 0.144
15 2 0.132
15 2 0.145
15 2 0.162
15 2 0.152
15 2 0.159
15 2 0.161
15 2 0.164
15 2 0.138
15 2 0.157
15 2 0.150
15 2 0.132
15 2 0.113
15 2 0.144
15 2 0.148
15 2 0.154
15 2 0.157
15 2 0.140
15 2 0.166
15 2 0.170
15 2 0.150
15 2 0.161
15 2 0.137
15 2 0.141
15 2 0.154
15 2 0.155
15 2 0.129
15 2 0.172
15 2 0.120
15 2 0.153
15 2 0.156
15 2 0.165
15 2 0.145
15 2 0.177
15 2 0.157
15 2 0.158
15 2 0.189
15 2 0.161
15 2 0.171
15 2 0.129
15 2 0.167
15 2 0.218
15 2 0.132
15 2 0.115
15 2 0.130
15 2 0.117
15 2 0.184
15 2 0.168
15 2 0.137
15 2 0.138
15 2 0.157
15 2 0.169
15 2 0.145
15 2 0.129
15 2 0.130
15 2 0.129
15 2 0.132
15 2 0.159
15 2 0.138
15 2 0.146
15 2 0.135
15 2 0.144
15 2 0.166
15 2 0.163
15 2 0.147
15 2 0.145
15 2 0.146
15 2 0.105
15 2 0.135
15 2 0.163
15 2 0.137
15 2 0.161
15 2 0.143
15 2 0.175
15 2 0.161
15 2 0.161
15 2 0.130
15 2 0.159
15 2 0.136
15 2 0.139
15 2 0.159
15 2 0.119
15 2 0.141
15 2 0.127
15 2 0.163
15 2 0.134
15 2 0.162
15 2 0.154
15 2 0.178
15 2 0.143
15 2 0.178
15 2 0.134
15 2 0.144
15 2 0.156
15 2 0.156
15 2 0.139
15 2 0.144
15 2 0.153
15 2 0.136
15 2 0.134
15 2 0.132
15 2 0.126
15 2 0.116
15 2 0.194
15 2 0.147
15 2 0.141
15 2 0.121
15 2 0.177
15 2 0.151
15 2 0.140
15 2 0.165
15 2 0.149
15 2 0.165
15 2 0.144
15 2 0.123
15 2 0.129
15 2 0.154
15 2 0.160
15 2 0.144
15 2 0.118
15 2 0.148
15 2 0.143
15 2 0.169
15 2 0.134
15 2 0.118
15 2 0.164
15 2 0.152
15 2 0.109
15 2 0.159
15 2 0.139
15 2 0.160
15 2 0.177
15 2 0.163
15 2 0.158
15 2 0.157
15 2 0.154
15 2 0.164
15 2 0.174
15 2 0.155
15 2 0.185
15 2 0.150
15 2 0.147
15 2 0.132
15 2 0.155
15 2 0.148
15 2 0.132
15 2 0.104
15 2 0.158
15 2 0.166
15 2 0.146
15 2 0.137
15 2 0.171
15 2 0.162
15 2 0.165
15 2 0.161
15 2 0.142
15 2 0.141
15 2 0.171
15 2 0.156
15 2 0.166
15 2 0.169
15 2 0.131
15 2 0.135
15 2 0.140
15 2 0.126
15 2 0.158
15 2 0.138
15 2 0.192
15 2 0.153
15 2 0.125
15 2 0.114
15 2 0.170
15 2 0.139
15 2 0.145
15 2 0.160
15 2 0.165
15 2 0.150
15 2 0.132
15 2 0.171
15 2 0.115
15 2 0.154
15 2 0.114
15 2 0.144
15 2 0.109
15 2 0.147
15 2 0.123
15 2 0.175
15 2 0.121
15 2 0.150
15 2 0.152
15 2 0.145
15 2 0.137
15 2 0.109
15 2 0.161
15 2 0.165
15 2 0.132
15 2 0.132
15 2 0.141
15 2 0.133
15 2 0.170
15 2 0.154
15 2 0.159
15 2 0.140
15 2 0.157
15 2 0.148
15 2 0.143
15 2 0.141
15 2 0.125
15 2 0.159
15 2 0.136
15 2 0.161
15 2 0.154
15 2 0.139
15 2 0.124
15 2 0.149
15 2 0.165
15 2 0.153
15 2 0.184
15 2 0.154
15 2 0.142
15 2 0.134
15 2 0.117
15 2 0.114
15 2 0.187
15 3 0.114
15 3 0.153
15 3 0.142
15 3 0.148
15 3 0.154
15 3 0.182
15 3 0.143
15 3 0.157
15 3 0.140
15 3 0.153
15 3 0.171
15 3 0.174
15 3 0.139
15 3 0.164
15 3 0.149
15 3 0.167
15 3 0.172
15 3 0.161
15 3 0.150
15 3 0.157
15 3 0.150
15 3 0.134
15 3 0.151
15 3 0.154
15 3 0.126
15 3 0.141
15 3 0.152
15 3 0.152
15 3 0.126
15 3 0.147
15 3 0.146
15 3 0.146
15 3 0.151
15 3 0.176
15 3 0.140
15 3 0.135
15 3 0.173
15 3 0.153
15 3 0.158
15 3 0.137
15 3 0.144
15 3 0.144
15 3 0.169
15 3 0.156
15 3 0.136
15 3 0.145
15 3 0.147
15 3 0.166
15 3 0.148
15 3 0.150
15 3 0.127
15 3 0.167
15 3 0.125
15 3 0.159
15 3 0.178
15 3 0.112
15 3 0.150
15 3 0.155
15 3 0.173
15 3 0.161
15 3 0.168
15 3 0.146
15 3 0.166
15 3 0.145
15 3 0.161
15 3 0.193
15 3 0.140
15 3 0.131
15 3 0.179
15 3 0.137
15 3 0.130
15 3 0.158
15 3 0.171
15 3 0.135
15 3 0.135
15 3 0.166
15 3 0.162
15 3 0.164
15 3 0.156
15 3 0.166
15 3 0.161
15 3 0.152
15 3 0.149
15 3 0.136
15 3 0.153
15 3 0.149
15 3 0.160
15 3 0.149
15 3 0.152
15 3 0.134
15 3 0.147
15 3 0.148
15 3 0.143
15 3 0.135
15 3 0.179
15 3 0.138
15 3 0.165
15 3 0.158
15 3 0.151
15 3 0.121
15 3 0.164
15 3 0.147
15 3 0.111
15 3 0.170
15 3 0.145
15 3 0.150
15 3 0.163
15 3 0.170
15 3 0.160
15 3 0.153
15 3 0.165
15 3 0.142
15 3 0.169
15 3 0.145
15 3 0.157
15 3 0.129
15 3 0.139
15 3 0.139
15 3 0.140
15 3 0.168
15 3 0.142
15 3 0.147
15 3 0.141
15 3 0.148
15 3 0.121
15 3 0.175
15 3 0.158
15 3 0.123
15 3 0.179
15 3 0.150
15 3 0.156
15 3 0.170
15 3 0.147
15 3 0.151
15 3 0.167
15 3 0.154
15 3 0.144
15 3 0.167
15 3 0.144
15 3 0.137
15 3 0.158
15 3 0.130
15 3 0.124
15 3 0.123
15 3 0.122
15 3 0.130
15 3 0.160
15 3 0.142
15 3 0.172
15 3 0.125
15 3 0.159
15 3 0.143
15 3 0.168
15 3 0.145
15 3 0.143
15 3 0.148
15 3 0.169
15 3 0.163
15 3 0.116
15 3 0.141
15 3 0.169
15 3 0.116
15 3 0.147
15 3 0.149
15 3 0.161
15 3 0.156
15 3 0.108
15 3 0.146
15 3 0.126
15 3 0.155
15 3 0.146
15 3 0.177
15 3 0.145
15 3 0.164
15 3 0.153
15 3 0.148
15 3 0.141
15 3 0.139
15 3 0.151
15 3 0.145
15 3 0.131
15 3 0.148
15 3 0.180
15 3 0.136
15 3 0.160
15 3 0.166
15 3 0.165
15 3 0.107
15 3 0.156
15 3 0.141
15 3 0.162
15 3 0.148
15 3 0.125
15 3 0.169
15 3 0.163
15 3 0.168
15 3 0.151
15 3 0.158
15 3 0.150
15 3 0.124
15 3 0.139
15 3 0.123
15 3 0.144
15 3 0.142
15 3 0.148
15 3 0.150
15 3 0.153
15 3 0.144
15 3 0.170
15 3 0.184
15 3 0.125
15 3 0.160
15 3 0.090
15 3 0.161
15 3 0.169
15 3 0.120
15 3 0.161
15 3 0.149
15 3 0.142
15 3 0.187
15 3 0.163
15 3 0.182
15 3 0.152
15 3 0.162
15 3 0.165
15 3 0.148
15 3 0.132
15 3 0.130
15 3 0.125
15 3 0.124
15 3 0.139
15 3 0.170
15 3 0.175
15 3 0.165
15 3 0.165
15 3 0.167
15 3 0.176
15 3 0.171
15 3 0.157
15 3 0.164
15 3 0.162
15 3 0.134
15 3 0.168
15 3 0.139
15 3 0.139
15 3 0.184
15 3 0.168
15 3 0.142
15 3 0.146
15 3 0.140
15 3 0.136
15 3 0.189
15 3 0.167
15 3 0.154
15 3 0.183
15 3 0.143
15 3 0.201
15 3 0.134
15 3 0.145
15 3 0.148
15 3 0.122
15 3 0.150
15 3 0.128
15 3 0.150
15 3 0.115
15 3 0.140
15 3 0.161
15 3 0.122
15 3 0.166
15 3 0.147
15 3 0.147
15 3 0.130
15 3 0.117
15 3 0.111
15 3 0.166
15 3 0.142
15 3 0.146
15 3 0.133
15 3 0.146
15 3 0.164
15 3 0.151
15 3 0.155
15 3 0.157
15 3 0.164
15 3 0.140
15 3 0.158
15 3 0.147
15 3 0.129
15 3 0.114
15 3 0.145
15 3 0.149
15 3 0.152
15 3 0.158
15 3 0.138
15 3 0.164
15 3 0.164
15 3 0.143
15 3 0.157
15 3 0.140
15 3 0.142
15 3 0.147
15 3 0.154
15 3 0.130
15 3 0.167
15 3 0.117
15 3 0.149
15 3 0.153
15 3 0.154
15 3 0.143
15 3 0.179
15 3 0.151
15 3 0.152
15 3 0.181
15 3 0.152
15 3 0.169
15 3 0.124
15 3 0.163
15 3 0.214
15 3 0.132
15 3 0.116
15 3 0.129
15 3 0.116
15 3 0.183
15 3 0.166
15 3 0.136
15 3 0.139
15 3 0.153
15 3 0.173
15 3 0.147
15 3 0.125
15 3 0.131
15 3 0.125
15 3 0.134
15 3 0.164
15 3 0.139
15 3 0.144
15 3 0.131
15 3 0.146
15 3 0.163
15 3 0.158
15 3 0.145
15 3 0.142
15 3 0.143
15 3 0.103
15 3 0.132
15 3 0.165
15 3 0.134
15 3 0.159
15 3 0.145
15 3 0.166
15 3 0.162
15 3 0.159
15 3 0.123
15 3 0.154
15 3 0.140
15 3 0.140
15 3 0.161
15 3 0.121
15 3 0.133
15 3 0.127
15 3 0.166
15 3 0.134
15 3 0.159
15 3 0.151
15 3 0.179
15 3 0.142
15 3 0.173
15 3 0.126
15 3 0.140
15 3 0.158
15 3 0.155
15 3 0.134
15 3 0.142
15 3 0.154
15 3 0.137
15 3 0.134
15 3 0.128
15 3 0.124
15 3 0.118
15 3 0.193
15 3 0.145
15 3 0.142
15 3 0.122
15 3 0.177
15 3 0.143
15 3 0.137
15 3 0.165
15 3 0.149
15 3 0.165
15 3 0.135
15 3 0.124
15 3 0.133
15 3 0.145
15 3 0.162
15 3 0.144
15 3 0.113
15 3 0.146
15 3 0.136
15 3 0.172
15 3 0.129
15 3 0.119
15 3 0.164
15 3 0.148
15 3 0.108
15 3 0.165
15 3 0.144
15 3 0.174
15 3 0.180
15 3 0.170
15 3 0.161
15 3 0.153
15 3 0.154
15 3 0.168
15 3 0.171
15 3 0.153
15 3 0.184
15 3 0.151
15 3 0.152
15 3 0.137
15 3 0.159
15 3 0.142
15 3 0.127
15 3 0.098
15 3 0.150
15 3 0.161
15 3 0.145
15 3 0.144
15 3 0.170
15 3 0.153
15 3 0.162
15 3 0.155
15 3 0.136
15 3 0.144
15 3 0.172
15 3 0.150
15 3 0.163
15 3 0.169
15 3 0.128
15 3 0.139
15 3 0.140
15 3 0.125
15 3 0.151
15 3 0.139
15 3 0.195
15 3 0.150
15 3 0.123
15 3 0.109
15 3 0.156
15 3 0.140
15 3 0.143
15 3 0.155
15 3 0.169
15 3 0.149
15 3 0.134
15 3 0.173
15 3 0.115
15 3 0.152
15 3 0.116
15 3 0.147
15 3 0.110
15 3 0.140
15 3 0.122
15 3 0.175
15 3 0.123
15 3 0.153
15 3 0.151
15 3 0.141
15 3 0.137
15 3 0.108
15 3 0.169
15 3 0.160
15 3 0.132
15 3 0.134
15 3 0.137
15 3 0.136
15 3 0.165
15 3 0.154
15 3 0.158
15 3 0.133
15 3 0.154
15 3 0.146
15 3 0.146
15 3 0.139
15 3 0.124
15 3 0.155
15 3 0.129
15 3 0.162
15 3 0.158
15 3 0.135
15 3 0.108
15 3 0.146
15 3 0.168
15 3 0.153
15 3 0.188
15 3 0.155
15 3 0.139
15 3 0.140
15 3 0.120
15 3 0.118
15 3 0.184
20 1 0.227
20 1 0.316
20 1 0.298
20 1 0.294
20 1 0.330
20 1 0.324
20 1 0.304
20 1 0.337
20 1 0.354
20 1 0.333
20 1 0.321
20 1 0.310
20 1 0.361
20 1 0.373
20 1 0.297
20 1 0.286
20 1 0.258
20 1 0.326
20 1 0.286
20 1 0.298
20 1 0.294
20 1 0.269
20 1 0.304
20 1 0.305
20 1 0.310
20 1 0.360
20 1 0.276
20 1 0.353
20 1 0.349
20 1 0.317
20 1 0.278
20 1 0.256
20 1 0.343
20 1 0.310
20 1 0.272
20 1 0.276
20 1 0.351
20 1 0.328
20 1 0.234
20 1 0.324
20 1 0.339
20 1 0.353
20 1 0.258
20 1 0.333
20 1 0.301
20 1 0.344
20 1 0.293
20 1 0.332
20 1 0.326
20 1 0.347
20 1 0.306
20 1 0.283
20 1 0.373
20 1 0.265
20 1 0.345
20 1 0.334
20 1 0.261
20 1 0.347
20 1 0.315
20 1 0.310
20 1 0.303
20 1 0.349
20 1 0.292
20 1 0.262
20 1 0.335
20 1 0.293
20 1 0.300
20 1 0.311
20 1 0.251
20 1 0.338
20 1 0.296
20 1 0.260
20 1 0.390
20 1 0.355
20 1 0.400
20 1 0.225
20 1 0.355
20 1 0.272
20 1 0.287
20 1 0.312
20 1 0.284
20 1 0.334
20 1 0.326
20 1 0.281
20 1 0.368
20 1 0.270
20 1 0.293
20 1 0.288
20 1 0.273
20 1 0.282
20 1 0.311
20 1 0.333
20 1 0.280
20 1 0.284
20 1 0.294
20 1 0.277
20 1 0.257
20 1 0.333
20 1 0.308
20 1 0.326
20 1 0.341
20 1 0.311
20 1 0.349
20 1 0.335
20 1 0.323
20 1 0.319
20 1 0.289
20 1 0.315
20 1 0.238
20 1 0.281
20 1 0.268
20 1 0.315
20 1 0.308
20 1 0.298
20 1 0.369
20 1 0.305
20 1 0.322
20 1 0.307
20 1 0.291
20 1 0.344
20 1 0.254
20 1 0.320
20 1 0.337
20 1 0.289
20 1 0.295
20 1 0.330
20 1 0.232
20 1 0.293
20 1 0.263
20 1 0.301
20 1 0.379
20 1 0.287
20 1 0.349
20 1 0.288
20 1 0.289
20 1 0.334
20 1 0.302
20 1 0.276
20 1 0.320
20 1 0.320
20 1 0.337
20 1 0.325
20 1 0.309
20 1 0.264
20 1 0.307
20 1 0.342
20 1 0.281
20 1 0.354
20 1 0.374
20 1 0.321
20 1 0.328
20 1 0.309
20 1 0.267
20 1 0.272
20 1 0.317
20 1 0.296
20 1 0.288
20 1 0.296
20 1 0.318
20 1 0.436
20 1 0.232
20 1 0.247
20 1 0.285
20 1 0.351
20 1 0.238
20 1 0.367
20 1 0.287
20 1 0.385
20 1 0.354
20 1 0.344
20 1 0.351
20 1 0.306
20 1 0.272
20 1 0.269
20 1 0.278
20 1 0.256
20 1 0.378
20 1 0.339
20 1 0.345
20 1 0.349
20 1 0.343
20 1 0.317
20 1 0.314
20 1 0.313
20 1 0.265
20 1 0.317
20 1 0.324
20 1 0.351
20 1 0.307
20 1 0.299
20 1 0.305
20 1 0.368
20 1 0.305
20 1 0.283
20 1 0.295
20 1 0.343
20 1 0.257
20 1 0.316
20 1 0.256
20 1 0.271
20 1 0.280
20 1 0.275
20 1 0.287
20 1 0.330
20 1 0.326
20 1 0.312
20 1 0.272
20 1 0.266
20 1 0.228
20 1 0.330
20 1 0.316
20 1 0.268
20 1 0.283
20 1 0.340
20 1 0.330
20 1 0.338
20 1 0.254
20 1 0.318
20 1 0.319
20 1 0.257
20 1 0.263
20 1 0.338
20 1 0.296
20 1 0.324
20 1 0.342
20 1 0.370
20 1 0.281
20 1 0.233
20 1 0.351
20 1 0.293
20 1 0.274
20 1 0.322
20 1 0.272
20 1 0.344
20 1 0.316
20 1 0.285
20 1 0.308
20 1 0.344
20 1 0.368
20 1 0.328
20 1 0.270
20 1 0.394
20 1 0.309
20 1 0.207
20 1 0.281
20 1 0.341
20 1 0.402
20 1 0.258
20 1 0.348
20 1 0.353
20 1 0.259
20 1 0.318
20 1 0.278
20 1 0.276
20 1 0.353
20 1 0.274
20 1 0.296
20 1 0.305
20 1 0.322
20 1 0.294
20 1 0.354
20 1 0.220
20 1 0.281
20 1 0.335
20 1 0.314
20 1 0.286
20 1 0.368
20 1 0.287
20 1 0.268
20 1 0.328
20 1 0.257
20 1 0.349
20 1 0.242
20 1 0.237
20 1 0.319
20 1 0.269
20 1 0.355
20 1 0.343
20 1 0.306
20 1 0.290
20 1 0.298
20 1 0.311
20 1 0.331
20 1 0.246
20 1 0.326
20 1 0.287
20 1 0.269
20 1 0.248
20 1 0.249
20 1 0.313
20 1 0.301
20 1 0.265
20 1 0.335
20 1 0.281
20 1 0.326
20 1 0.355
20 1 0.271
20 1 0.261
20 1 0.242
20 1 0.349
20 1 0.289
20 1 0.270
20 1 0.271
20 1 0.336
20 1 0.251
20 1 0.311
20 1 0.274
20 1 0.205
20 1 0.309
20 1 0.352
20 1 0.349
20 1 0.315
20 1 0.301
20 1 0.319
20 1 0.335
20 1 0.361
20 1 0.351
20 1 0.298
20 1 0.281
20 1 0.301
20 1 0.260
20 1 0.238
20 1 0.315
20 1 0.333
20 1 0.255
20 1 0.373
20 1 0.330
20 1 0.310
20 1 0.271
20 1 0.321
20 1 0.363
20 1 0.309
20 1 0.348
20 1 0.286
20 1 0.270
20 1 0.279
20 1 0.371
20 1 0.316
20 1 0.330
20 1 0.270
20 1 0.230
20 1 0.283
20 1 0.335
20 1 0.294
20 1 0.336
20 1 0.308
20 1 0.304
20 1 0.253
20 1 0.276
20 1 0.265
20 1 0.260
20 1 0.285
20 1 0.340
20 1 0.261
20 1 0.296
20 1 0.277
20 1 0.278
20 1 0.264
20 1 0.330
20 1 0.259
20 1 0.316
20 1 0.243
20 1 0.327
20 1 0.297
20 1 0.294
20 1 0.321
20 1 0.299
20 1 0.281
20 1 0.268
20 1 0.265
20 1 0.326
20 1 0.317
20 1 0.249
20 1 0.260
20 1 0.321
20 1 0.352
20 1 0.350
20 1 0.307
20 1 0.219
20 1 0.256
20 1 0.360
20 1 0.287
20 1 0.265
20 1 0.318
20 1 0.321
20 1 0.284
20 1 0.339
20 1 0.333
20 1 0.318
20 1 0.295
20 1 0.314
20 1 0.299
20 1 0.292
20 1 0.421
20 1 0.301
20 1 0.303
20 1 0.302
20 1 0.319
20 1 0.323
20 1 0.306
20 1 0.317
20 1 0.349
20 1 0.344
20 1 0.297
20 1 0.277
20 1 0.257
20 1 0.329
20 1 0.305
20 1 0.283
20 1 0.291
20 1 0.313
20 1 0.315
20 1 0.354
20 1 0.241
20 1 0.285
20 1 0.360
20 1 0.326
20 1 0.292
20 1 0.200
20 1 0.329
20 1 0.244
20 1 0.321
20 1 0.324
20 1 0.262
20 1 0.352
20 1 0.276
20 1 0.281
20 1 0.273
20 1 0.369
20 1 0.312
20 1 0.266
20 1 0.352
20 1 0.263
20 1 0.366
20 1 0.344
20 1 0.364
20 1 0.332
20 1 0.300
20 1 0.270
20 1 0.303
20 1 0.255
20 1 0.296
20 1 0.286
20 1 0.241
20 1 0.276
20 1 0.310
20 1 0.329
20 1 0.306
20 1 0.335
20 1 0.303
20 1 0.332
20 1 0.337
20 1 0.320
20 1 0.243
20 1 0.344
20 1 0.320
20 1 0.305
20 1 0.292
20 1 0.339
20 1 0.305
20 1 0.306
20 1 0.250
20 1 0.336
20 1 0.305
20 1 0.312
20 1 0.282
20 1 0.333
20 1 0.288
20 1 0.335
20 1 0.318
20 1 0.287
20 1 0.280
20 1 0.278
20 1 0.259
20 1 0.284
20 1 0.265
20 1 0.318
20 1 0.313
20 1 0.346
20 1 0.264
20 1 0.348
20 1 0.338
20 1 0.383
20 1 0.296
20 1 0.354
20 1 0.235
20 1 0.317
20 1 0.312
20 1 0.304
20 1 0.318
20 1 0.319
20 1 0.307
20 1 0.315
20 1 0.329
20 1 0.320
20 1 0.318
20 1 0.288
20 1 0.342
20 1 0.332
20 1 0.323
20 2 0.225
20 2 0.314
20 2 0.298
20 2 0.297
20 2 0.332
20 2 0.324
20 2 0.299
20 2 0.335
20 2 0.351
20 2 0.330
20 2 0.319
20 2 0.310
20 2 0.356
20 2 0.369
20 2 0.310
20 2 0.284
20 2 0.259
20 2 0.337
20 2 0.285
20 2 0.293
20 2 0.293
20 2 0.270
20 2 0.303
20 2 0.299
20 2 0.313
20 2 0.361
20 2 0.270
20 2 0.360
20 2 0.349
20 2 0.318
20 2 0.277
20 2 0.257
20 2 0.341
20 2 0.319
20 2 0.271
20 2 0.279
20 2 0.347
20 2 0.329
20 2 0.238
20 2 0.323
20 2 0.335
20 2 0.350
20 2 0.249
20 2 0.334
20 2 0.306
20 2 0.338
20 2 0.296
20 2 0.335
20 2 0.317
20 2 0.349
20 2 0.298
20 2 0.285
20 2 0.362
20 2 0.261
20 2 0.343
20 2 0.334
20 2 0.256
20 2 0.343
20 2 0.325
20 2 0.317
20 2 0.297
20 2 0.353
20 2 0.296
20 2 0.258
20 2 0.328
20 2 0.296
20 2 0.288
20 2 0.315
20 2 0.252
20 2 0.338
20 2 0.297
20 2 0.260
20 2 0.329
20 2 0.356
20 2 0.334
20 2 0.229
20 2 0.348
20 2 0.266
20 2 0.282
20 2 0.316
20 2 0.288
20 2 0.335
20 2 0.326
20 2 0.278
20 2 0.371
20 2 0.274
20 2 0.299
20 2 0.291
20 2 0.280
20 2 0.284
20 2 0.309
20 2 0.333
20 2 0.283
20 2 0.276
20 2 0.290
20 2 0.279
20 2 0.255
20 2 0.332
20 2 0.306
20 2 0.323
20 2 0.342
20 2 0.300
20 2 0.345
20 2 0.331
20 2 0.323
20 2 0.324
20 2 0.285
20 2 0.306
20 2 0.246
20 2 0.284
20 2 0.262
20 2 0.311
20 2 0.314
20 2 0.290
20 2 0.364
20 2 0.301
20 2 0.314
20 2 0.302
20 2 0.290
20 2 0.345
20 2 0.242
20 2 0.321
20 2 0.338
20 2 0.280
20 2 0.296
20 2 0.325
20 2 0.227
20 2 0.290
20 2 0.269
20 2 0.308
20 2 0.384
20 2 0.290
20 2 0.349
20 2 0.285
20 2 0.305
20 2 0.326
20 2 0.305
20 2 0.277
20 2 0.325
20 2 0.336
20 2 0.333
20 2 0.333
20 2 0.305
20 2 0.263
20 2 0.314
20 2 0.321
20 2 0.282
20 2 0.351
20 2 0.370
20 2 0.320
20 2 0.328
20 2 0.300
20 2 0.264
20 2 0.270
20 2 0.308
20 2 0.298
20 2 0.285
20 2 0.290
20 2 0.316
20 2 0.374
20 2 0.233
20 2 0.247
20 2 0.292
20 2 0.356
20 2 0.239
20 2 0.368
20 2 0.285
20 2 0.384
20 2 0.352
20 2 0.348
20 2 0.352
20 2 0.304
20 2 0.274
20 2 0.267
20 2 0.277
20 2 0.255
20 2 0.378
20 2 0.343
20 2 0.348
20 2 0.351
20 2 0.352
20 2 0.318
20 2 0.321
20 2 0.316
20 2 0.277
20 2 0.323
20 2 0.326
20 2 0.355
20 2 0.307
20 2 0.303
20 2 0.304
20 2 0.375
20 2 0.306
20 2 0.281
20 2 0.291
20 2 0.352
20 2 0.260
20 2 0.315
20 2 0.254
20 2 0.273
20 2 0.278
20 2 0.269
20 2 0.285
20 2 0.334
20 2 0.322
20 2 0.311
20 2 0.271
20 2 0.263
20 2 0.229
20 2 0.326
20 2 0.311
20 2 0.274
20 2 0.279
20 2 0.332
20 2 0.334
20 2 0.337
20 2 0.253
20 2 0.317
20 2 0.314
20 2 0.259
20 2 0.273
20 2 0.334
20 2 0.297
20 2 0.306
20 2 0.338
20 2 0.365
20 2 0.289
20 2 0.235
20 2 0.349
20 2 0.290
20 2 0.272
20 2 0.322
20 2 0.267
20 2 0.345
20 2 0.317
20 2 0.286
20 2 0.304
20 2 0.343
20 2 0.366
20 2 0.333
20 2 0.267
20 2 0.384
20 2 0.309
20 2 0.206
20 2 0.285
20 2 0.339
20 2 0.347
20 2 0.263
20 2 0.340
20 2 0.359
20 2 0.262
20 2 0.311
20 2 0.270
20 2 0.275
20 2 0.357
20 2 0.275
20 2 0.293
20 2 0.306
20 2 0.324
20 2 0.296
20 2 0.347
20 2 0.224
20 2 0.278
20 2 0.328
20 2 0.317
20 2 0.289
20 2 0.377
20 2 0.293
20 2 0.268
20 2 0.331
20 2 0.270
20 2 0.363
20 2 0.236
20 2 0.241
20 2 0.332
20 2 0.267
20 2 0.355
20 2 0.345
20 2 0.303
20 2 0.292
20 2 0.298
20 2 0.308
20 2 0.316
20 2 0.243
20 2 0.322
20 2 0.279
20 2 0.268
20 2 0.250
20 2 0.250
20 2 0.310
20 2 0.307
20 2 0.265
20 2 0.339
20 2 0.282
20 2 0.322
20 2 0.345
20 2 0.279
20 2 0.271
20 2 0.239
20 2 0.352
20 2 0.290
20 2 0.275
20 2 0.272
20 2 0.338
20 2 0.251
20 2 0.316
20 2 0.274
20 2 0.209
20 2 0.325
20 2 0.332
20 2 0.355
20 2 0.308
20 2 0.296
20 2 0.317
20 2 0.337
20 2 0.361
20 2 0.341
20 2 0.303
20 2 0.283
20 2 0.298
20 2 0.259
20 2 0.245
20 2 0.318
20 2 0.334
20 2 0.249
20 2 0.359
20 2 0.330
20 2 0.314
20 2 0.280
20 2 0.312
20 2 0.362
20 2 0.305
20 2 0.349
20 2 0.289
20 2 0.269
20 2 0.271
20 2 0.308
20 2 0.315
20 2 0.321
20 2 0.258
20 2 0.238
20 2 0.290
20 2 0.336
20 2 0.297
20 2 0.332
20 2 0.311
20 2 0.297
20 2 0.254
20 2 0.273
20 2 0.272
20 2 0.262
20 2 0.290
20 2 0.337
20 2 0.261
20 2 0.298
20 2 0.279
20 2 0.283
20 2 0.263
20 2 0.333
20 2 0.257
20 2 0.319
20 2 0.242
20 2 0.339
20 2 0.299
20 2 0.293
20 2 0.322
20 2 0.300
20 2 0.282
20 2 0.262
20 2 0.261
20 2 0.325
20 2 0.314
20 2 0.247
20 2 0.261
20 2 0.329
20 2 0.350
20 2 0.348
20 2 0.304
20 2 0.221
20 2 0.253
20 2 0.347
20 2 0.281
20 2 0.264
20 2 0.320
20 2 0.321
20 2 0.287
20 2 0.334
20 2 0.326
20 2 0.319
20 2 0.296
20 2 0.296
20 2 0.300
20 2 0.287
20 2 0.422
20 2 0.297
20 2 0.304
20 2 0.300
20 2 0.318
20 2 0.321
20 2 0.310
20 2 0.316
20 2 0.339
20 2 0.342
20 2 0.302
20 2 0.274
20 2 0.260
20 2 0.318
20 2 0.304
20 2 0.279
20 2 0.289
20 2 0.318
20 2 0.309
20 2 0.356
20 2 0.245
20 2 0.287
20 2 0.364
20 2 0.329
20 2 0.290
20 2 0.196
20 2 0.331
20 2 0.246
20 2 0.322
20 2 0.325
20 2 0.265
20 2 0.372
20 2 0.287
20 2 0.279
20 2 0.277
20 2 0.370
20 2 0.318
20 2 0.268
20 2 0.348
20 2 0.264
20 2 0.367
20 2 0.338
20 2 0.363
20 2 0.345
20 2 0.304
20 2 0.278
20 2 0.313
20 2 0.252
20 2 0.304
20 2 0.287
20 2 0.252
20 2 0.277
20 2 0.306
20 2 0.338
20 2 0.301
20 2 0.339
20 2 0.305
20 2 0.322
20 2 0.341
20 2 0.322
20 2 0.238
20 2 0.340
20 2 0.327
20 2 0.307
20 2 0.297
20 2 0.341
20 2 0.310
20 2 0.312
20 2 0.251
20 2 0.337
20 2 0.304
20 2 0.320
20 2 0.280
20 2 0.336
20 2 0.282
20 2 0.339
20 2 0.320
20 2 0.286
20 2 0.284
20 2 0.281
20 2 0.261
20 2 0.289
20 2 0.259
20 2 0.319
20 2 0.308
20 2 0.364
20 2 0.265
20 2 0.341
20 2 0.341
20 2 0.375
20 2 0.300
20 2 0.358
20 2 0.235
20 2 0.321
20 2 0.306
20 2 0.305
20 2 0.319
20 2 0.316
20 2 0.307
20 2 0.309
20 2 0.336
20 2 0.329
20 2 0.323
20 2 0.285
20 2 0.342
20 2 0.342
20 2 0.322
20 3 0.229
20 3 0.317
20 3 0.298
20 3 0.297
20 3 0.329
20 3 0.335
20 3 0.301
20 3 0.333
20 3 0.359
20 3 0.333
20 3 0.318
20 3 0.315
20 3 0.361
20 3 0.370
20 3 0.307
20 3 0.285
20 3 0.259
20 3 0.329
20 3 0.283
20 3 0.290
20 3 0.303
20 3 0.273
20 3 0.305
20 3 0.305
20 3 0.311
20 3 0.359
20 3 0.271
20 3 0.354
20 3 0.348
20 3 0.319
20 3 0.275
20 3 0.257
20 3 0.340
20 3 0.320
20 3 0.278
20 3 0.274
20 3 0.346
20 3 0.330
20 3 0.235
20 3 0.323
20 3 0.334
20 3 0.352
20 3 0.250
20 3 0.341
20 3 0.308
20 3 0.341
20 3 0.294
20 3 0.343
20 3 0.326
20 3 0.351
20 3 0.300
20 3 0.286
20 3 0.365
20 3 0.266
20 3 0.346
20 3 0.334
20 3 0.260
20 3 0.344
20 3 0.318
20 3 0.317
20 3 0.300
20 3 0.345
20 3 0.297
20 3 0.288
20 3 0.328
20 3 0.291
20 3 0.289
20 3 0.314
20 3 0.253
20 3 0.340
20 3 0.299
20 3 0.260
20 3 0.330
20 3 0.358
20 3 0.331
20 3 0.227
20 3 0.342
20 3 0.274
20 3 0.282
20 3 0.311
20 3 0.280
20 3 0.339
20 3 0.322
20 3 0.276
20 3 0.364
20 3 0.278
20 3 0.295
20 3 0.292
20 3 0.273
20 3 0.285
20 3 0.306
20 3 0.337
20 3 0.285
20 3 0.277
20 3 0.300
20 3 0.276
20 3 0.256
20 3 0.335
20 3 0.316
20 3 0.325
20 3 0.351
20 3 0.304
20 3 0.345
20 3 0.346
20 3 0.328
20 3 0.320
20 3 0.287
20 3 0.307
20 3 0.242
20 3 0.274
20 3 0.264
20 3 0.316
20 3 0.322
20 3 0.286
20 3 0.360
20 3 0.293
20 3 0.316
20 3 0.306
20 3 0.288
20 3 0.346
20 3 0.244
20 3 0.322
20 3 0.339
20 3 0.299
20 3 0.295
20 3 0.328
20 3 0.226
20 3 0.289
20 3 0.263
20 3 0.305
20 3 0.377
20 3 0.290
20 3 0.349
20 3 0.288
20 3 0.291
20 3 0.333
20 3 0.302
20 3 0.280
20 3 0.325
20 3 0.318
20 3 0.333
20 3 0.328
20 3 0.311
20 3 0.262
20 3 0.309
20 3 0.330
20 3 0.277
20 3 0.355
20 3 0.372
20 3 0.324
20 3 0.331
20 3 0.307
20 3 0.263
20 3 0.270
20 3 0.310
20 3 0.302
20 3 0.288
20 3 0.293
20 3 0.316
20 3 0.371
20 3 0.233
20 3 0.247
20 3 0.282
20 3 0.350
20 3 0.242
20 3 0.371
20 3 0.288
20 3 0.386
20 3 0.355
20 3 0.344
20 3 0.356
20 3 0.306
20 3 0.272
20 3 0.274
20 3 0.297
20 3 0.253
20 3 0.382
20 3 0.345
20 3 0.347
20 3 0.346
20 3 0.350
20 3 0.316
20 3 0.323
20 3 0.315
20 3 0.267
20 3 0.316
20 3 0.329
20 3 0.351
20 3 0.305
20 3 0.296
20 3 0.309
20 3 0.374
20 3 0.305
20 3 0.283
20 3 0.291
20 3 0.349
20 3 0.263
20 3 0.316
20 3 0.254
20 3 0.275
20 3 0.276
20 3 0.268
20 3 0.284
20 3 0.333
20 3 0.322
20 3 0.313
20 3 0.276
20 3 0.260
20 3 0.229
20 3 0.334
20 3 0.318
20 3 0.275
20 3 0.283
20 3 0.337
20 3 0.336
20 3 0.341
20 3 0.250
20 3 0.312
20 3 0.319
20 3 0.262
20 3 0.270
20 3 0.338
20 3 0.299
20 3 0.309
20 3 0.350
20 3 0.367
20 3 0.286
20 3 0.234
20 3 0.345
20 3 0.296
20 3 0.277
20 3 0.324
20 3 0.271
20 3 0.351
20 3 0.319
20 3 0.288
20 3 0.312
20 3 0.341
20 3 0.372
20 3 0.332
20 3 0.272
20 3 0.388
20 3 0.311
20 3 0.215
20 3 0.281
20 3 0.350
20 3 0.345
20 3 0.264
20 3 0.343
20 3 0.356
20 3 0.259
20 3 0.320
20 3 0.275
20 3 0.278
20 3 0.358
20 3 0.273
20 3 0.294
20 3 0.306
20 3 0.328
20 3 0.303
20 3 0.345
20 3 0.222
20 3 0.287
20 3 0.334
20 3 0.316
20 3 0.297
20 3 0.365
20 3 0.291
20 3 0.266
20 3 0.333
20 3 0.262
20 3 0.349
20 3 0.239
20 3 0.247
20 3 0.322
20 3 0.267
20 3 0.352
20 3 0.353
20 3 0.307
20 3 0.289
20 3 0.292
20 3 0.311
20 3 0.317
20 3 0.245
20 3 0.327
20 3 0.287
20 3 0.266
20 3 0.252
20 3 0.258
20 3 0.318
20 3 0.306
20 3 0.264
20 3 0.341
20 3 0.277
20 3 0.324
20 3 0.357
20 3 0.269
20 3 0.258
20 3 0.244
20 3 0.347
20 3 0.286
20 3 0.274
20 3 0.269
20 3 0.340
20 3 0.254
20 3 0.318
20 3 0.277
20 3 0.210
20 3 0.304
20 3 0.327
20 3 0.352
20 3 0.311
20 3 0.298
20 3 0.320
20 3 0.343
20 3 0.365
20 3 0.343
20 3 0.301
20 3 0.294
20 3 0.298
20 3 0.263
20 3 0.235
20 3 0.315
20 3 0.337
20 3 0.248
20 3 0.356
20 3 0.330
20 3 0.310
20 3 0.279
20 3 0.318
20 3 0.362
20 3 0.308
20 3 0.354
20 3 0.290
20 3 0.279
20 3 0.273
20 3 0.305
20 3 0.318
20 3 0.326
20 3 0.262
20 3 0.242
20 3 0.282
20 3 0.339
20 3 0.302
20 3 0.337
20 3 0.307
20 3 0.296
20 3 0.253
20 3 0.269
20 3 0.266
20 3 0.262
20 3 0.286
20 3 0.340
20 3 0.263
20 3 0.296
20 3 0.278
20 3 0.284
20 3 0.267
20 3 0.341
20 3 0.262
20 3 0.317
20 3 0.237
20 3 0.328
20 3 0.300
20 3 0.288
20 3 0.321
20 3 0.293
20 3 0.286
20 3 0.263
20 3 0.264
20 3 0.322
20 3 0.318
20 3 0.252
20 3 0.259
20 3 0.320
20 3 0.355
20 3 0.351
20 3 0.299
20 3 0.219
20 3 0.258
20 3 0.347
20 3 0.282
20 3 0.275
20 3 0.324
20 3 0.329
20 3 0.282
20 3 0.340
20 3 0.339
20 3 0.327
20 3 0.296
20 3 0.295
20 3 0.306
20 3 0.289
20 3 0.417
20 3 0.299
20 3 0.309
20 3 0.298
20 3 0.316
20 3 0.322
20 3 0.304
20 3 0.317
20 3 0.342
20 3 0.346
20 3 0.302
20 3 0.272
20 3 0.263
20 3 0.319
20 3 0.306
20 3 0.282
20 3 0.284
20 3 0.316
20 3 0.311
20 3 0.353
20 3 0.242
20 3 0.287
20 3 0.355
20 3 0.324
20 3 0.287
20 3 0.200
20 3 0.331
20 3 0.247
20 3 0.325
20 3 0.323
20 3 0.260
20 3 0.352
20 3 0.293
20 3 0.280
20 3 0.276
20 3 0.384
20 3 0.324
20 3 0.266
20 3 0.356
20 3 0.269
20 3 0.370
20 3 0.341
20 3 0.370
20 3 0.330
20 3 0.297
20 3 0.276
20 3 0.303
20 3 0.255
20 3 0.300
20 3 0.285
20 3 0.232
20 3 0.279
20 3 0.306
20 3 0.342
20 3 0.296
20 3 0.344
20 3 0.305
20 3 0.335
20 3 0.343
20 3 0.320
20 3 0.240
20 3 0.339
20 3 0.322
20 3 0.311
20 3 0.289
20 3 0.336
20 3 0.305
20 3 0.312
20 3 0.248
20 3 0.326
20 3 0.309
20 3 0.310
20 3 0.282
20 3 0.335
20 3 0.286
20 3 0.338
20 3 0.322
20 3 0.280
20 3 0.287
20 3 0.283
20 3 0.258
20 3 0.282
20 3 0.258
20 3 0.318
20 3 0.312
20 3 0.382
20 3 0.264
20 3 0.342
20 3 0.342
20 3 0.374
20 3 0.299
20 3 0.358
20 3 0.234
20 3 0.315
20 3 0.307
20 3 0.302
20 3 0.315
20 3 0.318
20 3 0.333
20 3 0.308
20 3 0.330
20 3 0.323
20 3 0.321
20 3 0.292
20 3 0.340
20 3 0.329
20 3 0.319
22 1 0.304
22 1 0.356
22 1 0.375
22 1 0.409
22 1 0.374
22 1 0.403
22 1 0.355
22 1 0.450
22 1 0.370
22 1 0.405
22 1 0.362
22 1 0.421
22 1 0.432
22 1 0.358
22 1 0.360
22 1 0.374
22 1 0.364
22 1 0.359
22 1 0.378
22 1 0.327
22 1 0.385
22 1 0.364
22 1 0.393
22 1 0.447
22 1 0.311
22 1 0.434
22 1 0.422
22 1 0.359
22 1 0.330
22 1 0.411
22 1 0.402
22 1 0.344
22 1 0.327
22 1 0.435
22 1 0.322
22 1 0.353
22 1 0.364
22 1 0.434
22 1 0.333
22 1 0.369
22 1 0.396
22 1 0.400
22 1 0.368
22 1 0.393
22 1 0.387
22 1 0.433
22 1 0.333
22 1 0.419
22 1 0.353
22 1 0.362
22 1 0.441
22 1 0.333
22 1 0.430
22 1 0.404
22 1 0.384
22 1 0.383
22 1 0.378
22 1 0.373
22 1 0.343
22 1 0.399
22 1 0.392
22 1 0.349
22 1 0.315
22 1 0.416
22 1 0.358
22 1 0.386
22 1 0.391
22 1 0.412
22 1 0.345
22 1 0.378
22 1 0.369
22 1 0.325
22 1 0.393
22 1 0.379
22 1 0.375
22 1 0.359
22 1 0.438
22 1 0.384
22 1 0.396
22 1 0.352
22 1 0.344
22 1 0.356
22 1 0.354
22 1 0.418
22 1 0.356
22 1 0.367
22 1 0.311
22 1 0.386
22 1 0.302
22 1 0.426
22 1 0.393
22 1 0.415
22 1 0.375
22 1 0.420
22 1 0.394
22 1 0.397
22 1 0.374
22 1 0.355
22 1 0.342
22 1 0.313
22 1 0.335
22 1 0.370
22 1 0.369
22 1 0.393
22 1 0.419
22 1 0.374
22 1 0.405
22 1 0.356
22 1 0.366
22 1 0.406
22 1 0.385
22 1 0.387
22 1 0.330
22 1 0.398
22 1 0.391
22 1 0.306
22 1 0.338
22 1 0.403
22 1 0.344
22 1 0.412
22 1 0.403
22 1 0.384
22 1 0.354
22 1 0.375
22 1 0.381
22 1 0.342
22 1 0.408
22 1 0.367
22 1 0.373
22 1 0.462
22 1 0.273
22 1 0.378
22 1 0.426
22 1 0.352
22 1 0.410
22 1 0.443
22 1 0.398
22 1 0.385
22 1 0.345
22 1 0.359
22 1 0.347
22 1 0.351
22 1 0.377
22 1 0.385
22 1 0.381
22 1 0.452
22 1 0.293
22 1 0.302
22 1 0.401
22 1 0.376
22 1 0.402
22 1 0.381
22 1 0.432
22 1 0.408
22 1 0.419
22 1 0.416
22 1 0.418
22 1 0.331
22 1 0.323
22 1 0.318
22 1 0.372
22 1 0.424
22 1 0.425
22 1 0.410
22 1 0.447
22 1 0.398
22 1 0.411
22 1 0.385
22 1 0.355
22 1 0.385
22 1 0.382
22 1 0.437
22 1 0.371
22 1 0.359
22 1 0.402
22 1 0.415
22 1 0.358
22 1 0.360
22 1 0.417
22 1 0.343
22 1 0.383
22 1 0.290
22 1 0.338
22 1 0.342
22 1 0.342
22 1 0.416
22 1 0.360
22 1 0.409
22 1 0.333
22 1 0.329
22 1 0.332
22 1 0.354
22 1 0.334
22 1 0.356
22 1 0.406
22 1 0.415
22 1 0.429
22 1 0.322
22 1 0.412
22 1 0.363
22 1 0.300
22 1 0.372
22 1 0.405
22 1 0.386
22 1 0.397
22 1 0.444
22 1 0.398
22 1 0.353
22 1 0.367
22 1 0.387
22 1 0.358
22 1 0.369
22 1 0.368
22 1 0.384
22 1 0.350
22 1 0.371
22 1 0.401
22 1 0.441
22 1 0.402
22 1 0.342
22 1 0.474
22 1 0.365
22 1 0.313
22 1 0.304
22 1 0.462
22 1 0.380
22 1 0.354
22 1 0.417
22 1 0.370
22 1 0.345
22 1 0.324
22 1 0.343
22 1 0.396
22 1 0.392
22 1 0.386
22 1 0.411
22 1 0.357
22 1 0.374
22 1 0.353
22 1 0.305
22 1 0.416
22 1 0.389
22 1 0.410
22 1 0.406
22 1 0.346
22 1 0.400
22 1 0.337
22 1 0.384
22 1 0.339
22 1 0.315
22 1 0.426
22 1 0.364
22 1 0.445
22 1 0.402
22 1 0.416
22 1 0.330
22 1 0.336
22 1 0.418
22 1 0.357
22 1 0.371
22 1 0.339
22 1 0.319
22 1 0.305
22 1 0.359
22 1 0.360
22 1 0.348
22 1 0.369
22 1 0.359
22 1 0.388
22 1 0.401
22 1 0.353
22 1 0.359
22 1 0.298
22 1 0.445
22 1 0.358
22 1 0.307
22 1 0.392
22 1 0.396
22 1 0.273
22 1 0.422
22 1 0.258
22 1 0.359
22 1 0.394
22 1 0.430
22 1 0.388
22 1 0.391
22 1 0.406
22 1 0.428
22 1 0.431
22 1 0.406
22 1 0.348
22 1 0.355
22 1 0.347
22 1 0.290
22 1 0.373
22 1 0.430
22 1 0.321
22 1 0.430
22 1 0.425
22 1 0.359
22 1 0.356
22 1 0.427
22 1 0.388
22 1 0.419
22 1 0.338
22 1 0.357
22 1 0.390
22 1 0.306
22 1 0.457
22 1 0.394
22 1 0.255
22 1 0.363
22 1 0.409
22 1 0.389
22 1 0.404
22 1 0.373
22 1 0.360
22 1 0.353
22 1 0.296
22 1 0.327
22 1 0.358
22 1 0.387
22 1 0.299
22 1 0.408
22 1 0.347
22 1 0.347
22 1 0.339
22 1 0.349
22 1 0.349
22 1 0.313
22 1 0.421
22 1 0.365
22 1 0.383
22 1 0.405
22 1 0.363
22 1 0.363
22 1 0.355
22 1 0.332
22 1 0.390
22 1 0.377
22 1 0.273
22 1 0.370
22 1 0.419
22 1 0.460
22 1 0.348
22 1 0.301
22 1 0.332
22 1 0.439
22 1 0.348
22 1 0.366
22 1 0.424
22 1 0.364
22 1 0.397
22 1 0.405
22 1 0.392
22 1 0.370
22 1 0.360
22 1 0.404
22 1 0.404
22 1 0.438
22 1 0.384
22 1 0.385
22 1 0.423
22 1 0.363
22 1 0.386
22 1 0.425
22 1 0.382
22 1 0.411
22 1 0.382
22 1 0.382
22 1 0.303
22 1 0.395
22 1 0.352
22 1 0.375
22 1 0.350
22 1 0.442
22 1 0.412
22 1 0.330
22 1 0.373
22 1 0.436
22 1 0.357
22 1 0.321
22 1 0.326
22 1 0.333
22 1 0.333
22 1 0.396
22 1 0.316
22 1 0.405
22 1 0.358
22 1 0.327
22 1 0.374
22 1 0.424
22 1 0.355
22 1 0.378
22 1 0.410
22 1 0.405
22 1 0.423
22 1 0.442
22 1 0.415
22 1 0.352
22 1 0.337
22 1 0.337
22 1 0.373
22 1 0.390
22 1 0.237
22 1 0.377
22 1 0.377
22 1 0.375
22 1 0.379
22 1 0.419
22 1 0.356
22 1 0.394
22 1 0.453
22 1 0.292
22 1 0.376
22 1 0.424
22 1 0.399
22 1 0.359
22 1 0.389
22 1 0.386
22 1 0.377
22 1 0.328
22 1 0.409
22 1 0.328
22 1 0.382
22 1 0.418
22 1 0.383
22 1 0.390
22 1 0.386
22 1 0.343
22 1 0.365
22 1 0.329
22 1 0.338
22 1 0.374
22 1 0.295
22 1 0.397
22 1 0.390
22 1 0.391
22 1 0.373
22 1 0.413
22 1 0.468
22 1 0.382
22 1 0.388
22 1 0.316
22 1 0.409
22 1 0.400
22 1 0.356
22 1 0.386
22 1 0.359
22 1 0.401
22 1 0.398
22 1 0.417
22 1 0.406
22 1 0.381
22 1 0.433
22 1 0.391
22 1 0.391
22 1 0.346
22 1 0.302
22 1 0.308
22 1 0.333
22 1 0.366
22 1 0.435
22 1 0.384
22 1 0.385
22 1 0.290
22 1 0.406
22 1 0.407
22 1 0.348
22 1 0.312
22 1 0.398
22 1 0.414
22 1 0.360
22 1 0.387
22 1 0.406
22 1 0.336
22 1 0.472
22 1 0.398
22 1 0.387
22 1 0.359
22 1 0.415
22 1 0.433
22 1 0.434
22 1 0.399
22 1 0.407
22 1 0.376
22 1 0.407
22 1 0.399
22 1 0.386
22 1 0.402
22 1 0.334
22 1 0.446
22 1 0.457
22 1 0.355
22 1 0.362
22 1 0.329
22 1 0.401
22 1 0.376
22 1 0.421
22 1 0.377
22 2 0.299
22 2 0.360
22 2 0.370
22 2 0.409
22 2 0.369
22 2 0.402
22 2 0.354
22 2 0.447
22 2 0.363
22 2 0.398
22 2 0.361
22 2 0.412
22 2 0.418
22 2 0.355
22 2 0.343
22 2 0.379
22 2 0.373
22 2 0.357
22 2 0.386
22 2 0.339
22 2 0.381
22 2 0.367
22 2 0.398
22 2 0.451
22 2 0.311
22 2 0.430
22 2 0.424
22 2 0.355
22 2 0.331
22 2 0.410
22 2 0.406
22 2 0.348
22 2 0.326
22 2 0.434
22 2 0.321
22 2 0.342
22 2 0.362
22 2 0.433
22 2 0.332
22 2 0.374
22 2 0.392
22 2 0.395
22 2 0.366
22 2 0.387
22 2 0.397
22 2 0.433
22 2 0.325
22 2 0.416
22 2 0.365
22 2 0.354
22 2 0.436
22 2 0.329
22 2 0.427
22 2 0.398
22 2 0.384
22 2 0.378
22 2 0.377
22 2 0.382
22 2 0.342
22 2 0.398
22 2 0.390
22 2 0.353
22 2 0.313
22 2 0.413
22 2 0.359
22 2 0.386
22 2 0.400
22 2 0.418
22 2 0.351
22 2 0.379
22 2 0.363
22 2 0.311
22 2 0.393
22 2 0.371
22 2 0.372
22 2 0.357
22 2 0.433
22 2 0.387
22 2 0.398
22 2 0.353
22 2 0.333
22 2 0.348
22 2 0.355
22 2 0.418
22 2 0.353
22 2 0.361
22 2 0.310
22 2 0.387
22 2 0.307
22 2 0.426
22 2 0.392
22 2 0.413
22 2 0.364
22 2 0.418
22 2 0.383
22 2 0.392
22 2 0.371
22 2 0.365
22 2 0.343
22 2 0.308
22 2 0.336
22 2 0.371
22 2 0.378
22 2 0.392
22 2 0.424
22 2 0.379
22 2 0.403
22 2 0.351
22 2 0.376
22 2 0.420
22 2 0.382
22 2 0.399
22 2 0.323
22 2 0.405
22 2 0.397
22 2 0.310
22 2 0.333
22 2 0.408
22 2 0.345
22 2 0.414
22 2 0.437
22 2 0.387
22 2 0.354
22 2 0.384
22 2 0.387
22 2 0.345
22 2 0.409
22 2 0.367
22 2 0.382
22 2 0.481
22 2 0.271
22 2 0.381
22 2 0.423
22 2 0.354
22 2 0.417
22 2 0.441
22 2 0.399
22 2 0.389
22 2 0.336
22 2 0.354
22 2 0.359
22 2 0.349
22 2 0.376
22 2 0.390
22 2 0.384
22 2 0.447
22 2 0.295
22 2 0.304
22 2 0.405
22 2 0.377
22 2 0.405
22 2 0.388
22 2 0.427
22 2 0.410
22 2 0.423
22 2 0.421
22 2 0.419
22 2 0.334
22 2 0.320
22 2 0.312
22 2 0.373
22 2 0.419
22 2 0.428
22 2 0.408
22 2 0.450
22 2 0.379
22 2 0.408
22 2 0.382
22 2 0.347
22 2 0.386
22 2 0.385
22 2 0.437
22 2 0.370
22 2 0.364
22 2 0.398
22 2 0.419
22 2 0.359
22 2 0.360
22 2 0.427
22 2 0.343
22 2 0.388
22 2 0.287
22 2 0.339
22 2 0.340
22 2 0.342
22 2 0.422
22 2 0.358
22 2 0.399
22 2 0.327
22 2 0.324
22 2 0.332
22 2 0.356
22 2 0.333
22 2 0.354
22 2 0.409
22 2 0.416
22 2 0.429
22 2 0.322
22 2 0.414
22 2 0.366
22 2 0.300
22 2 0.372
22 2 0.408
22 2 0.383
22 2 0.395
22 2 0.431
22 2 0.393
22 2 0.356
22 2 0.366
22 2 0.396
22 2 0.354
22 2 0.382
22 2 0.371
22 2 0.385
22 2 0.363
22 2 0.377
22 2 0.404
22 2 0.441
22 2 0.403
22 2 0.342
22 2 0.474
22 2 0.359
22 2 0.312
22 2 0.304
22 2 0.463
22 2 0.377
22 2 0.359
22 2 0.412
22 2 0.382
22 2 0.335
22 2 0.323
22 2 0.346
22 2 0.393
22 2 0.398
22 2 0.375
22 2 0.403
22 2 0.359
22 2 0.375
22 2 0.357
22 2 0.316
22 2 0.413
22 2 0.388
22 2 0.419
22 2 0.411
22 2 0.359
22 2 0.401
22 2 0.339
22 2 0.386
22 2 0.339
22 2 0.308
22 2 0.368
22 2 0.358
22 2 0.441
22 2 0.401
22 2 0.413
22 2 0.330
22 2 0.343
22 2 0.414
22 2 0.360
22 2 0.367
22 2 0.350
22 2 0.321
22 2 0.308
22 2 0.356
22 2 0.368
22 2 0.347
22 2 0.367
22 2 0.355
22 2 0.389
22 2 0.412
22 2 0.353
22 2 0.361
22 2 0.299
22 2 0.449
22 2 0.362
22 2 0.318
22 2 0.379
22 2 0.394
22 2 0.267
22 2 0.420
22 2 0.259
22 2 0.361
22 2 0.401
22 2 0.438
22 2 0.389
22 2 0.391
22 2 0.409
22 2 0.424
22 2 0.434
22 2 0.392
22 2 0.341
22 2 0.352
22 2 0.353
22 2 0.295
22 2 0.364
22 2 0.445
22 2 0.317
22 2 0.428
22 2 0.421
22 2 0.357
22 2 0.351
22 2 0.427
22 2 0.397
22 2 0.410
22 2 0.336
22 2 0.348
22 2 0.393
22 2 0.303
22 2 0.463
22 2 0.390
22 2 0.253
22 2 0.357
22 2 0.407
22 2 0.390
22 2 0.413
22 2 0.372
22 2 0.361
22 2 0.347
22 2 0.290
22 2 0.327
22 2 0.353
22 2 0.394
22 2 0.296
22 2 0.405
22 2 0.353
22 2 0.345
22 2 0.340
22 2 0.348
22 2 0.348
22 2 0.323
22 2 0.452
22 2 0.374
22 2 0.394
22 2 0.405
22 2 0.355
22 2 0.366
22 2 0.355
22 2 0.330
22 2 0.393
22 2 0.378
22 2 0.269
22 2 0.366
22 2 0.416
22 2 0.466
22 2 0.347
22 2 0.306
22 2 0.334
22 2 0.443
22 2 0.347
22 2 0.370
22 2 0.423
22 2 0.374
22 2 0.398
22 2 0.394
22 2 0.396
22 2 0.366
22 2 0.370
22 2 0.395
22 2 0.398
22 2 0.429
22 2 0.396
22 2 0.390
22 2 0.390
22 2 0.362
22 2 0.376
22 2 0.425
22 2 0.382
22 2 0.421
22 2 0.386
22 2 0.367
22 2 0.301
22 2 0.403
22 2 0.354
22 2 0.373
22 2 0.351
22 2 0.432
22 2 0.412
22 2 0.332
22 2 0.385
22 2 0.431
22 2 0.370
22 2 0.322
22 2 0.323
22 2 0.334
22 2 0.319
22 2 0.404
22 2 0.315
22 2 0.401
22 2 0.370
22 2 0.322
22 2 0.366
22 2 0.421
22 2 0.353
22 2 0.372
22 2 0.423
22 2 0.404
22 2 0.412
22 2 0.443
22 2 0.417
22 2 0.357
22 2 0.340
22 2 0.343
22 2 0.364
22 2 0.396
22 2 0.235
22 2 0.382
22 2 0.380
22 2 0.379
22 2 0.383
22 2 0.426
22 2 0.359
22 2 0.387
22 2 0.456
22 2 0.286
22 2 0.381
22 2 0.436
22 2 0.399
22 2 0.355
22 2 0.391
22 2 0.388
22 2 0.385
22 2 0.331
22 2 0.413
22 2 0.332
22 2 0.378
22 2 0.420
22 2 0.382
22 2 0.388
22 2 0.389
22 2 0.339
22 2 0.355
22 2 0.329
22 2 0.337
22 2 0.373
22 2 0.295
22 2 0.397
22 2 0.381
22 2 0.404
22 2 0.372
22 2 0.411
22 2 0.465
22 2 0.375
22 2 0.388
22 2 0.322
22 2 0.404
22 2 0.396
22 2 0.354
22 2 0.393
22 2 0.365
22 2 0.402
22 2 0.397
22 2 0.419
22 2 0.410
22 2 0.385
22 2 0.436
22 2 0.389
22 2 0.390
22 2 0.352
22 2 0.303
22 2 0.307
22 2 0.335
22 2 0.372
22 2 0.429
22 2 0.390
22 2 0.381
22 2 0.281
22 2 0.410
22 2 0.398
22 2 0.350
22 2 0.312
22 2 0.395
22 2 0.411
22 2 0.371
22 2 0.387
22 2 0.411
22 2 0.337
22 2 0.467
22 2 0.403
22 2 0.382
22 2 0.360
22 2 0.412
22 2 0.441
22 2 0.428
22 2 0.399
22 2 0.404
22 2 0.376
22 2 0.410
22 2 0.410
22 2 0.382
22 2 0.403
22 2 0.337
22 2 0.446
22 2 0.464
22 2 0.357
22 2 0.364
22 2 0.323
22 2 0.404
22 2 0.374
22 2 0.418
22 2 0.378
22 3 0.296
22 3 0.357
22 3 0.372
22 3 0.404
22 3 0.364
22 3 0.403
22 3 0.351
22 3 0.447
22 3 0.367
22 3 0.400
22 3 0.361
22 3 0.428
22 3 0.426
22 3 0.355
22 3 0.347
22 3 0.375
22 3 0.360
22 3 0.359
22 3 0.376
22 3 0.323
22 3 0.382
22 3 0.370
22 3 0.396
22 3 0.454
22 3 0.312
22 3 0.442
22 3 0.427
22 3 0.348
22 3 0.327
22 3 0.406
22 3 0.400
22 3 0.349
22 3 0.335
22 3 0.431
22 3 0.318
22 3 0.344
22 3 0.351
22 3 0.441
22 3 0.332
22 3 0.376
22 3 0.411
22 3 0.401
22 3 0.369
22 3 0.393
22 3 0.384
22 3 0.442
22 3 0.324
22 3 0.420
22 3 0.356
22 3 0.353
22 3 0.448
22 3 0.324
22 3 0.431
22 3 0.399
22 3 0.386
22 3 0.375
22 3 0.378
22 3 0.371
22 3 0.350
22 3 0.401
22 3 0.388
22 3 0.358
22 3 0.309
22 3 0.428
22 3 0.360
22 3 0.393
22 3 0.400
22 3 0.427
22 3 0.343
22 3 0.376
22 3 0.359
22 3 0.308
22 3 0.392
22 3 0.376
22 3 0.366
22 3 0.361
22 3 0.439
22 3 0.386
22 3 0.398
22 3 0.353
22 3 0.329
22 3 0.349
22 3 0.358
22 3 0.416
22 3 0.367
22 3 0.360
22 3 0.309
22 3 0.385
22 3 0.297
22 3 0.426
22 3 0.394
22 3 0.412
22 3 0.367
22 3 0.415
22 3 0.379
22 3 0.389
22 3 0.368
22 3 0.360
22 3 0.347
22 3 0.312
22 3 0.340
22 3 0.370
22 3 0.374
22 3 0.393
22 3 0.417
22 3 0.371
22 3 0.409
22 3 0.356
22 3 0.364
22 3 0.410
22 3 0.383
22 3 0.383
22 3 0.324
22 3 0.408
22 3 0.400
22 3 0.304
22 3 0.339
22 3 0.413
22 3 0.343
22 3 0.412
22 3 0.400
22 3 0.381
22 3 0.351
22 3 0.381
22 3 0.402
22 3 0.352
22 3 0.416
22 3 0.354
22 3 0.376
22 3 0.463
22 3 0.271
22 3 0.380
22 3 0.429
22 3 0.346
22 3 0.415
22 3 0.441
22 3 0.404
22 3 0.387
22 3 0.341
22 3 0.356
22 3 0.357
22 3 0.355
22 3 0.379
22 3 0.386
22 3 0.385
22 3 0.463
22 3 0.290
22 3 0.306
22 3 0.419
22 3 0.384
22 3 0.403
22 3 0.385
22 3 0.432
22 3 0.435
22 3 0.421
22 3 0.419
22 3 0.422
22 3 0.330
22 3 0.328
22 3 0.311
22 3 0.372
22 3 0.412
22 3 0.439
22 3 0.412
22 3 0.448
22 3 0.383
22 3 0.421
22 3 0.389
22 3 0.357
22 3 0.382
22 3 0.382
22 3 0.436
22 3 0.372
22 3 0.361
22 3 0.403
22 3 0.422
22 3 0.358
22 3 0.358
22 3 0.409
22 3 0.343
22 3 0.389
22 3 0.286
22 3 0.341
22 3 0.339
22 3 0.346
22 3 0.415
22 3 0.363
22 3 0.400
22 3 0.326
22 3 0.324
22 3 0.335
22 3 0.357
22 3 0.326
22 3 0.351
22 3 0.406
22 3 0.412
22 3 0.433
22 3 0.323
22 3 0.408
22 3 0.359
22 3 0.302
22 3 0.376
22 3 0.396
22 3 0.380
22 3 0.397
22 3 0.432
22 3 0.399
22 3 0.360
22 3 0.372
22 3 0.384
22 3 0.351
22 3 0.373
22 3 0.373
22 3 0.384
22 3 0.355
22 3 0.373
22 3 0.405
22 3 0.446
22 3 0.404
22 3 0.340
22 3 0.472
22 3 0.360
22 3 0.310
22 3 0.307
22 3 0.460
22 3 0.375
22 3 0.353
22 3 0.419
22 3 0.369
22 3 0.344
22 3 0.325
22 3 0.342
22 3 0.394
22 3 0.393
22 3 0.374
22 3 0.405
22 3 0.373
22 3 0.375
22 3 0.359
22 3 0.307
22 3 0.423
22 3 0.390
22 3 0.402
22 3 0.404
22 3 0.356
22 3 0.398
22 3 0.339
22 3 0.383
22 3 0.333
22 3 0.303
22 3 0.370
22 3 0.368
22 3 0.438
22 3 0.402
22 3 0.409
22 3 0.332
22 3 0.334
22 3 0.419
22 3 0.417
22 3 0.378
22 3 0.349
22 3 0.323
22 3 0.303
22 3 0.355
22 3 0.362
22 3 0.354
22 3 0.365
22 3 0.351
22 3 0.390
22 3 0.410
22 3 0.347
22 3 0.356
22 3 0.299
22 3 0.448
22 3 0.361
22 3 0.304
22 3 0.382
22 3 0.402
22 3 0.269
22 3 0.430
22 3 0.257
22 3 0.361
22 3 0.394
22 3 0.436
22 3 0.395
22 3 0.399
22 3 0.408
22 3 0.422
22 3 0.430
22 3 0.401
22 3 0.345
22 3 0.358
22 3 0.350
22 3 0.286
22 3 0.370
22 3 0.441
22 3 0.325
22 3 0.436
22 3 0.425
22 3 0.354
22 3 0.351
22 3 0.434
22 3 0.384
22 3 0.415
22 3 0.327
22 3 0.364
22 3 0.387
22 3 0.304
22 3 0.465
22 3 0.393
22 3 0.250
22 3 0.360
22 3 0.413
22 3 0.397
22 3 0.409
22 3 0.375
22 3 0.363
22 3 0.352
22 3 0.293
22 3 0.321
22 3 0.355
22 3 0.392
22 3 0.295
22 3 0.404
22 3 0.353
22 3 0.352
22 3 0.338
22 3 0.344
22 3 0.347
22 3 0.315
22 3 0.407
22 3 0.370
22 3 0.393
22 3 0.400
22 3 0.358
22 3 0.363
22 3 0.355
22 3 0.333
22 3 0.387
22 3 0.384
22 3 0.266
22 3 0.361
22 3 0.425
22 3 0.460
22 3 0.345
22 3 0.303
22 3 0.327
22 3 0.443
22 3 0.346
22 3 0.370
22 3 0.423
22 3 0.377
22 3 0.401
22 3 0.408
22 3 0.387
22 3 0.378
22 3 0.364
22 3 0.383
22 3 0.395
22 3 0.451
22 3 0.388
22 3 0.382
22 3 0.391
22 3 0.357
22 3 0.370
22 3 0.428
22 3 0.387
22 3 0.422
22 3 0.396
22 3 0.367
22 3 0.296
22 3 0.393
22 3 0.352
22 3 0.381
22 3 0.345
22 3 0.434
22 3 0.403
22 3 0.333
22 3 0.371
22 3 0.434
22 3 0.358
22 3 0.324
22 3 0.323
22 3 0.339
22 3 0.325
22 3 0.396
22 3 0.321
22 3 0.406
22 3 0.354
22 3 0.325
22 3 0.370
22 3 0.418
22 3 0.353
22 3 0.383
22 3 0.409
22 3 0.398
22 3 0.417
22 3 0.441
22 3 0.422
22 3 0.354
22 3 0.334
22 3 0.338
22 3 0.372
22 3 0.393
22 3 0.233
22 3 0.383
22 3 0.381
22 3 0.379
22 3 0.383
22 3 0.421
22 3 0.362
22 3 0.389
22 3 0.461
22 3 0.288
22 3 0.382
22 3 0.430
22 3 0.410
22 3 0.353
22 3 0.402
22 3 0.387
22 3 0.383
22 3 0.331
22 3 0.408
22 3 0.332
22 3 0.383
22 3 0.413
22 3 0.382
22 3 0.375
22 3 0.386
22 3 0.340
22 3 0.361
22 3 0.330
22 3 0.333
22 3 0.376
22 3 0.297
22 3 0.398
22 3 0.385
22 3 0.403
22 3 0.370
22 3 0.409
22 3 0.475
22 3 0.380
22 3 0.384
22 3 0.319
22 3 0.407
22 3 0.406
22 3 0.352
22 3 0.394
22 3 0.357
22 3 0.402
22 3 0.398
22 3 0.414
22 3 0.404
22 3 0.390
22 3 0.432
22 3 0.390
22 3 0.387
22 3 0.345
22 3 0.309
22 3 0.314
22 3 0.342
22 3 0.373
22 3 0.439
22 3 0.386
22 3 0.385
22 3 0.281
22 3 0.403
22 3 0.408
22 3 0.347
22 3 0.310
22 3 0.400
22 3 0.409
22 3 0.366
22 3 0.388
22 3 0.418
22 3 0.333
22 3 0.541
22 3 0.395
22 3 0.386
22 3 0.359
22 3 0.420
22 3 0.440
22 3 0.445
22 3 0.394
22 3 0.416
22 3 0.379
22 3 0.418
22 3 0.407
22 3 0.386
22 3 0.403
22 3 0.339
22 3 0.448
22 3 0.463
22 3 0.362
22 3 0.362
22 3 0.320
22 3 0.423
22 3 0.378
22 3 0.422
22 3 0.379
