1 15 9713 1 1 1 1 0 1 1 0 1 1 1 1 1 1 0 0.0
2 15 11760 1 1 0 1 1 0 0 1 0 1 1 1 1 1 1 0.0
3 15 12533 1 1 0 1 1 1 1 1 1 1 0 0 1 1 0 0.0
4 15 12002 0 0 1 1 1 1 0 1 1 1 1 1 1 1 0 0.0
5 15 11867 1 1 0 1 0 0 1 1 1 1 1 1 0 1 1 0.0
6 15 15601 1 1 1 1 1 0 1 0 0 1 1 0 1 1 1 0.0
7 15 11450 0 1 1 1 1 1 1 1 1 0 0 1 1 0 1 0.0
8 15 13821 0 1 0 0 1 1 1 0 1 1 1 1 1 1 1 0.0
9 15 10779 1 0 0 1 1 1 1 1 0 1 1 0 1 1 1 0.0
10 15 12046 1 1 1 0 1 1 0 1 1 1 0 1 0 1 1 0.0
11 15 14150 1 1 0 1 1 1 0 1 1 1 1 0 0 1 1 0.0
12 15 15031 0 1 1 1 1 0 1 1 1 1 1 1 1 0 0 0.0
13 15 12342 1 0 1 1 1 1 1 1 1 1 1 0 1 1 0 0.0
14 15 13940 0 1 1 1 1 1 0 1 1 1 1 1 0 1 0 0.0
15 15 12131 0 0 1 1 1 0 1 1 1 1 1 0 1 1 1 0.0
16 15 14105 0 1 1 0 1 1 1 0 1 1 1 1 1 1 0 0.0
17 15 14571 1 1 1 1 1 0 0 1 1 0 1 1 1 0 1 0.0
18 15 14762 1 1 1 1 1 1 0 1 0 1 1 1 1 1 0 0.0
19 15 11026 1 0 1 0 0 1 1 1 1 1 1 1 1 1 0 0.0
20 15 12014 1 1 1 0 1 0 1 1 0 0 1 1 1 1 1 0.0
21 15 12026 1 1 1 1 0 1 1 1 0 1 0 1 1 1 0 0.0
22 15 11337 0 1 1 1 1 1 0 1 1 1 1 0 1 1 0 0.0
23 15 12420 1 1 1 1 0 0 1 1 1 1 0 1 1 1 0 0.0
24 15 14038 1 0 1 1 1 1 1 1 1 1 1 1 1 0 0 0.0
25 15 11272 0 1 1 1 1 1 1 1 1 1 0 0 1 1 1 0.0
26 15 10842 1 0 0 1 0 1 1 1 1 0 1 1 1 1 1 0.0
27 15 11300 1 0 1 0 1 0 1 1 1 1 1 1 0 1 1 0.0
28 15 11445 1 1 0 1 1 0 1 1 1 1 0 1 1 1 0 0.0
29 15 10440 1 1 1 0 0 1 1 1 1 1 1 1 0 1 1 0.0
30 15 12949 1 1 1 1 1 0 0 1 1 1 1 0 1 1 1 0.0
31 15 12800 1 0 1 1 1 1 1 1 1 1 0 1 1 1 0 0.0
32 15 12194 1 1 1 1 1 0 0 1 1 1 0 1 1 0 1 0.0
33 15 12526 1 0 0 1 1 1 0 1 1 1 1 0 1 1 1 0.0
34 15 15145 1 0 1 0 1 1 1 1 1 1 0 1 1 0 1 0.0
35 15 11538 1 1 1 0 1 0 0 1 1 0 1 1 1 1 1 0.0
36 15 12022 0 1 1 1 1 1 1 1 0 1 1 1 0 1 1 0.0
37 15 15408 1 1 1 1 0 1 1 0 1 1 0 1 0 1 1 0.0
38 15 12706 1 1 1 1 0 1 1 1 1 0 1 0 1 0 1 0.0
39 15 13038 1 1 1 1 1 0 0 1 0 1 1 1 1 1 0 0.0
40 15 11798 0 1 1 1 1 1 1 1 0 1 0 1 1 1 1 0.0
41 15 11333 1 1 1 0 0 1 1 1 1 0 0 1 1 1 1 0.0
42 15 10707 1 1 1 0 1 1 0 1 1 1 0 0 1 1 1 0.0
43 15 14773 1 1 1 0 0 0 1 1 1 1 1 1 1 0 1 0.0
44 15 12947 1 1 1 1 0 1 1 1 1 0 1 0 0 1 1 0.0
45 15 11679 0 1 1 1 1 0 1 0 1 0 1 1 1 1 1 0.0
46 15 12914 0 1 1 1 1 1 1 1 1 1 0 1 1 0 1 0.0
47 15 12726 0 0 1 1 1 1 1 1 0 1 1 1 1 1 1 0.0
48 15 14389 1 1 1 1 1 0 1 0 1 0 1 1 1 1 0 0.0
49 15 12237 0 1 1 1 1 1 1 1 1 0 0 1 1 0 1 0.0
50 15 12287 1 0 1 0 0 1 1 1 1 1 1 1 0 1 1 0.0
51 15 10590 1 1 1 1 0 1 1 0 1 0 1 1 0 1 1 0.0
52 15 14046 1 1 0 0 1 1 1 1 0 1 1 1 1 0 1 0.0
53 15 11301 0 1 1 1 1 1 1 1 1 0 1 1 1 1 0 0.0
54 15 13273 1 1 0 0 0 1 0 1 1 1 1 1 1 1 1 0.0
55 15 15354 1 1 1 1 0 1 1 1 1 0 1 0 1 0 1 0.0
56 15 10460 1 1 1 0 1 0 1 0 1 1 1 1 1 1 1 0.0
57 15 11818 1 1 0 1 0 1 1 1 1 0 1 1 0 1 1 0.0
58 15 13394 1 1 1 0 1 1 1 0 1 0 1 1 1 1 1 0.0
59 15 13793 1 1 1 0 1 1 1 1 0 1 1 0 1 1 0 0.0
60 15 13603 1 1 1 1 1 1 0 0 1 1 1 1 0 1 0 0.0
61 15 14035 1 1 1 1 0 1 0 1 1 0 0 1 1 1 1 0.0
62 15 10867 1 0 0 1 1 1 1 1 1 1 1 1 0 1 0 0.0
63 15 13733 1 1 1 0 0 1 1 1 1 0 1 1 0 1 1 0.0
64 15 12661 0 1 1 0 1 1 1 1 1 0 1 1 1 1 1 0.0
65 15 12633 0 1 1 0 1 1 1 0 0 1 1 1 1 1 1 0.0
66 15 14785 1 1 0 1 0 1 0 1 1 1 0 0 1 1 1 0.0
67 15 12302 0 1 1 1 1 1 1 1 1 0 1 0 1 1 1 0.0
68 15 11309 1 1 1 1 0 0 1 1 1 0 1 0 1 1 1 0.0
69 15 14843 1 1 1 0 1 1 0 0 1 1 1 1 1 0 1 0.0
70 15 12396 1 1 0 1 0 1 0 1 1 1 1 1 1 1 1 0.0
71 15 12309 0 1 1 1 1 1 0 1 1 1 1 1 1 1 0 0.0
72 15 12469 1 1 0 1 1 0 1 1 1 0 1 1 0 1 1 0.0
73 15 14660 0 1 1 0 0 1 1 1 1 1 0 1 1 1 1 0.0
74 15 11711 0 0 1 1 1 1 1 1 1 1 1 1 1 0 1 0.0
75 15 11678 1 1 0 0 1 1 1 1 1 1 1 1 1 1 0 0.0
76 15 14493 1 1 0 1 1 1 1 1 1 1 0 1 0 1 0 0.0
77 15 12582 1 0 1 0 1 1 1 1 1 1 1 1 0 1 0 0.0
78 15 14195 0 1 1 0 0 1 1 1 1 1 1 1 1 0 1 0.0
79 15 12023 1 1 1 1 1 1 0 1 1 0 1 0 1 1 0 0.0
80 15 13721 1 1 1 1 0 1 0 1 0 1 1 1 1 0 1 0.0
81 15 12954 1 1 1 1 1 0 0 1 1 1 1 1 1 0 0 0.0
82 15 12087 1 0 1 1 0 1 1 1 1 1 1 1 0 1 0 0.0
83 15 13154 0 1 1 1 1 0 1 1 1 1 1 1 0 1 1 0.0
84 15 11171 1 1 1 1 0 1 1 1 1 0 1 1 1 0 1 0.0
85 15 12276 1 1 1 0 1 1 0 0 1 1 1 1 1 1 0 0.0
86 15 11369 0 0 1 1 0 1 1 1 1 1 1 1 1 0 1 0.0
87 15 13690 1 0 0 1 1 1 1 1 0 1 1 1 1 1 0 0.0
88 15 11232 0 1 1 1 0 0 1 1 1 1 1 0 1 1 1 0.0
89 15 12206 1 1 1 0 1 1 1 0 1 1 1 1 0 0 1 0.0
90 15 11798 1 0 0 1 1 1 1 1 1 1 1 0 1 1 1 0.0
91 15 12001 1 1 1 1 1 1 1 0 1 0 0 1 1 1 0 0.0
92 15 13233 0 1 0 1 1 1 1 1 1 1 1 0 1 1 1 0.0
93 15 11129 0 1 1 1 1 1 1 1 1 1 0 0 1 0 1 0.0
94 15 11379 1 1 0 0 1 1 1 1 1 0 1 1 0 1 1 0.0
95 15 15008 1 1 0 1 1 1 1 1 1 0 1 0 0 1 1 0.0
96 15 11989 1 1 1 1 1 0 0 1 1 1 1 1 1 0 1 0.0
97 15 13044 0 1 1 0 1 1 0 1 1 0 1 1 1 1 1 0.0
98 15 14032 1 1 1 0 1 0 1 1 1 1 0 1 1 1 1 0.0
99 15 12443 0 1 1 1 0 1 1 0 1 1 1 1 0 1 1 0.0
100 15 9698 1 1 1 0 1 1 0 1 1 1 1 1 1 0 1 0.0
101 15 13864 0 1 1 1 1 0 1 1 0 1 1 1 1 0 1 0.0
102 15 13094 1 1 1 1 1 1 1 1 0 1 1 0 0 1 1 0.0
103 15 9969 1 1 0 0 1 1 0 1 1 1 1 1 1 1 1 0.0
104 15 13865 1 1 1 1 1 1 0 0 0 1 1 1 1 1 0 0.0
105 15 12115 0 1 0 1 1 1 1 1 0 1 1 1 0 1 1 0.0
106 15 12332 0 0 1 0 1 0 1 1 1 1 1 1 1 1 1 0.0
107 15 12474 1 1 1 1 0 0 1 1 1 1 1 1 0 0 1 0.0
108 15 12808 1 1 1 1 1 1 1 0 1 1 1 1 0 0 0 0.0
109 15 12130 0 0 1 1 0 1 1 1 1 1 1 0 1 1 1 0.0
110 15 11974 1 1 1 1 1 1 0 0 1 1 0 1 1 1 0 0.0
111 15 13809 1 1 1 1 0 0 1 0 1 0 1 1 1 1 1 0.0
112 15 11830 1 0 1 0 1 1 1 1 0 1 1 1 1 0 1 0.0
113 15 13046 1 0 1 1 1 1 1 1 1 0 1 1 1 0 0 0.0
114 15 13014 1 1 1 1 0 1 1 0 1 1 1 1 1 0 1 0.0
115 15 12972 1 1 1 1 1 0 0 0 1 1 1 1 1 0 1 0.0
116 15 10511 0 1 1 1 1 1 1 0 1 1 1 1 0 1 0 0.0
117 15 12121 1 1 1 1 0 0 1 1 1 1 0 1 1 1 0 0.0
118 15 11256 1 1 1 1 0 1 1 1 0 1 1 0 1 1 0 0.0
119 15 10917 1 1 0 1 1 0 0 1 1 1 1 1 1 1 0 0.0
120 15 14484 0 1 1 1 1 1 1 1 0 1 1 0 1 1 0 0.0
121 15 12146 1 0 1 1 1 1 0 1 1 1 0 1 1 1 1 0.0
122 15 13202 1 1 1 1 0 1 1 1 1 1 1 1 0 1 0 0.0
123 15 12546 1 0 1 1 1 1 1 1 1 1 0 1 0 1 1 0.0
124 15 12878 1 1 1 1 1 0 1 1 1 0 1 1 1 1 0 0.0
125 15 10615 0 1 1 1 1 0 1 1 1 1 0 1 1 1 1 0.0
126 15 12935 1 1 0 1 1 1 0 1 1 1 1 0 1 0 1 0.0
127 15 12146 1 1 1 0 1 0 1 0 1 1 1 1 1 1 0 0.0
128 15 10276 1 1 1 1 1 0 1 1 0 1 1 1 0 1 1 0.0
129 15 15140 1 1 1 0 1 0 1 1 0 1 1 1 1 1 0 0.0
130 15 11974 1 1 0 1 1 1 1 0 0 1 1 1 1 1 0 0.0
131 15 12987 0 0 0 1 1 1 1 0 1 1 1 1 1 1 1 0.0
132 15 12914 1 1 0 1 1 1 0 1 1 0 0 1 1 1 0 0.0
133 15 10933 1 1 0 1 1 1 0 0 1 0 1 1 1 1 1 0.0
134 15 13561 0 1 1 1 1 1 0 1 0 0 1 1 1 1 1 0.0
135 15 14259 1 1 1 0 0 0 1 1 1 1 1 1 1 0 1 0.0
136 15 13329 1 0 1 1 1 1 1 1 0 1 1 1 0 0 1 0.0
137 15 11844 1 0 0 1 1 1 1 1 0 1 1 1 1 1 0 0.0
138 15 14313 0 1 1 1 1 1 1 1 1 0 0 1 1 0 1 0.0
139 15 11373 1 1 1 1 0 1 1 0 1 1 0 1 1 0 1 0.0
140 15 12274 0 1 0 1 1 1 1 1 1 1 1 1 0 1 1 0.0
141 15 12910 1 1 0 1 0 1 1 1 1 1 1 1 1 0 0 0.0
142 15 10484 1 1 1 1 1 1 1 1 0 0 1 0 0 1 1 0.0
143 15 10044 1 1 1 1 1 0 1 0 1 0 1 1 1 1 1 0.0
144 15 10126 1 1 0 0 1 1 1 0 1 1 1 1 1 1 1 0.0
145 15 11386 1 1 1 1 0 1 1 1 0 1 1 1 1 1 0 0.0
146 15 11576 1 0 1 0 1 1 0 1 1 1 1 1 1 1 0 0.0
147 15 12596 1 1 0 1 0 1 1 1 1 0 1 1 1 1 0 0.0
148 15 12117 1 1 0 0 1 0 1 1 1 1 1 1 0 1 1 0.0
149 15 14643 1 1 1 1 0 1 1 1 0 1 1 1 1 0 0 0.0
150 15 9837 1 1 1 1 1 1 1 1 1 1 0 0 0 1 0 0.0
151 15 13659 1 1 1 0 1 0 1 0 1 1 1 1 0 1 1 0.0
152 15 12642 1 1 0 0 0 1 1 1 1 1 1 1 1 1 1 0.0
153 15 15000 1 0 1 1 1 1 0 0 1 1 1 1 1 1 0 0.0
154 15 11650 0 1 1 1 1 1 0 1 1 0 1 0 1 1 1 0.0
155 15 12266 1 1 0 1 1 1 1 1 1 0 1 0 1 1 0 0.0
156 15 11090 0 1 1 1 0 0 1 1 1 1 1 1 0 1 1 0.0
157 15 14285 1 0 0 1 1 1 1 1 1 0 1 1 0 1 1 0.0
158 15 13635 1 0 0 1 1 1 1 1 1 1 1 0 1 1 0 0.0
159 15 9447 1 1 1 1 0 1 0 1 1 1 1 1 1 0 1 0.0
160 15 12981 0 1 1 0 0 1 1 1 1 1 1 1 1 1 1 0.0
161 15 14280 1 1 1 1 0 1 1 1 1 0 0 1 0 1 1 0.0
162 15 9675 0 1 1 1 1 1 1 1 1 1 0 0 0 1 1 0.0
163 15 11933 0 1 1 1 1 0 1 1 0 1 1 0 1 1 1 0.0
164 15 12901 1 1 0 1 0 1 0 1 1 1 1 1 0 1 1 0.0
165 15 13149 1 1 0 0 1 0 1 1 1 0 1 1 1 1 1 0.0
166 15 12574 0 0 1 1 1 0 1 0 1 1 1 1 1 1 1 0.0
167 15 9600 1 1 1 1 1 1 1 0 1 1 1 0 1 0 1 0.0
168 15 11507 1 1 1 1 1 1 1 1 0 0 1 0 1 0 1 0.0
169 15 11779 1 1 1 1 1 0 0 1 1 1 1 1 1 1 0 0.0
170 15 12854 1 1 1 1 0 0 1 1 1 0 1 1 1 1 0 0.0
171 15 13655 1 1 1 1 1 1 1 0 1 1 0 0 1 1 1 0.0
172 15 15940 0 1 1 0 1 1 1 1 1 1 0 1 1 1 0 0.0
173 15 10687 1 1 1 0 1 1 0 1 0 0 1 1 1 1 1 0.0
174 15 14061 0 1 1 1 0 0 0 1 1 1 1 1 1 1 1 0.0
175 15 12495 0 1 0 1 1 1 1 0 1 1 0 1 1 1 1 0.0
176 15 11298 0 1 1 0 1 1 1 1 1 0 1 1 1 1 0 0.0
177 15 13286 1 1 1 0 1 1 1 1 1 0 1 1 1 0 1 0.0
178 15 11991 1 1 1 1 1 1 1 1 0 0 0 1 1 1 1 0.0
179 15 13921 1 1 1 0 0 0 1 1 1 1 1 1 1 1 1 0.0
180 15 11783 1 0 0 1 1 1 1 0 1 0 1 1 1 1 1 0.0
181 15 10514 1 0 1 1 1 0 1 0 1 1 1 1 0 1 1 0.0
182 15 11682 1 1 1 0 1 1 1 1 0 1 0 1 1 1 0 0.0
183 15 15013 1 1 0 1 1 1 1 0 0 0 1 1 1 1 1 0.0
184 15 12227 1 1 1 1 1 1 1 0 1 0 0 1 1 1 1 0.0
185 15 13487 1 0 0 1 0 1 1 1 0 1 1 1 1 1 1 0.0
186 15 13461 1 1 1 1 1 1 1 0 0 1 1 0 0 1 1 0.0
187 15 13006 1 1 1 1 1 0 0 1 0 0 1 1 1 1 1 0.0
188 15 8763 0 1 0 0 1 1 1 1 1 1 1 1 1 1 1 0.0
189 15 12706 1 1 1 1 0 0 1 1 1 1 1 1 1 0 0 0.0
190 15 12706 0 1 1 1 0 1 1 1 1 0 1 1 1 1 1 0.0
191 15 13076 1 0 1 0 1 1 0 1 1 0 1 1 1 1 1 0.0
192 15 12306 1 0 1 1 1 1 1 0 1 1 0 1 1 0 1 0.0
193 15 11376 1 1 1 1 1 1 0 1 0 1 1 1 1 1 0 0.0
194 15 14448 1 0 1 1 1 1 0 1 1 0 1 1 0 1 1 0.0
195 15 14223 1 0 1 1 1 1 0 1 0 1 1 0 1 1 1 0.0
196 15 15039 1 1 0 1 1 1 0 1 0 1 1 1 0 1 1 0.0
197 15 12681 0 1 0 1 0 1 1 1 1 1 1 1 1 1 0 0.0
198 15 13017 1 1 1 0 0 1 1 1 0 0 1 1 1 1 1 0.0
199 15 11397 1 1 1 1 0 1 0 1 0 1 0 1 1 1 1 0.0
200 15 11031 1 1 0 1 0 1 1 1 1 1 1 1 1 1 0 0.0
201 15 11590 1 1 1 0 1 1 1 0 1 1 1 1 0 1 0 0.0
202 15 10292 1 1 1 1 1 1 0 0 1 1 0 1 1 1 0 0.0
203 15 12922 1 1 1 1 1 1 0 1 0 1 1 0 1 1 1 0.0
204 15 10733 1 1 1 0 1 0 1 0 1 1 0 1 1 1 1 0.0
205 15 13254 0 1 1 1 1 1 1 0 0 1 1 1 1 1 1 0.0
206 15 12279 1 1 0 0 0 1 1 1 1 1 1 1 1 0 1 0.0
207 15 12326 1 0 0 1 1 1 1 1 1 1 1 0 1 1 0 0.0
208 15 11825 1 1 0 1 1 1 0 1 0 1 1 1 1 0 1 0.0
209 15 13715 1 1 1 1 0 1 1 1 1 1 1 1 0 0 0 0.0
210 15 15421 0 1 0 0 1 1 1 1 1 0 1 1 1 1 1 0.0
211 15 10194 1 1 1 0 1 1 1 1 0 1 0 1 1 1 1 0.0
212 15 12472 1 0 1 1 1 1 1 0 1 1 1 1 1 0 0 0.0
213 15 8436 1 1 1 1 1 1 1 1 1 0 1 1 1 1 0 0.0
214 15 12570 0 1 1 0 1 1 0 1 1 1 0 1 1 1 1 0.0
215 15 14355 0 1 1 1 1 1 1 0 0 1 1 1 0 1 1 0.0
216 15 10114 0 1 1 1 1 1 1 1 1 1 0 0 1 0 1 0.0
217 15 12733 1 1 1 1 1 1 1 1 0 0 1 0 1 1 0 0.0
218 15 11706 1 1 0 0 0 1 1 1 1 0 1 1 1 1 1 0.0
219 15 12178 1 1 1 1 0 0 1 1 1 1 1 0 0 1 1 0.0
220 15 16110 1 1 1 1 1 0 0 1 0 1 0 1 1 1 1 0.0
221 15 13958 1 0 1 1 1 1 1 0 1 1 0 1 1 0 1 0.0
222 15 15872 1 1 1 1 1 0 1 1 1 0 1 1 1 0 0 0.0
223 15 13295 0 1 1 1 1 1 1 1 1 0 1 1 0 1 1 0.0
224 15 12738 1 0 1 1 0 1 1 1 1 1 1 0 0 1 0 0.0
225 15 13996 1 1 0 1 0 0 1 1 1 1 0 1 1 1 1 0.0
226 15 12698 1 0 1 1 1 1 0 0 1 1 1 1 0 1 1 0.0
227 15 11590 1 0 0 0 1 1 1 1 1 1 1 1 1 1 1 0.0
228 15 11898 1 0 0 1 1 1 1 1 1 1 1 1 1 1 0 0.0
229 15 10330 1 1 1 1 1 1 1 0 0 0 0 1 1 1 1 0.0
230 15 10209 1 1 1 1 1 0 1 1 0 1 1 1 1 0 1 0.0
231 15 12148 1 1 1 0 1 1 1 1 1 0 1 1 1 0 1 0.0
232 15 13896 0 1 0 1 1 1 0 1 1 1 1 0 1 1 1 0.0
233 15 15066 0 1 0 1 1 1 1 1 0 1 1 1 1 1 0 0.0
234 15 13749 1 1 1 1 0 0 1 1 1 1 1 1 0 1 0 0.0
235 15 13911 1 1 0 0 1 0 1 1 1 1 1 0 1 1 1 0.0
236 15 13707 1 1 1 0 1 1 1 1 0 1 1 1 1 0 0 0.0
237 15 14529 1 1 1 0 1 1 0 1 1 1 0 0 1 1 1 0.0
238 15 14207 1 1 1 0 1 0 1 1 1 0 1 1 1 1 0 0.0
239 15 12354 1 1 1 1 1 1 0 1 1 0 0 1 1 1 0 0.0
240 15 13650 1 0 1 1 0 1 1 1 0 1 1 1 0 1 1 0.0
241 15 12787 1 1 1 0 1 0 1 0 0 1 1 1 1 1 1 0.0
242 15 10791 1 1 0 0 1 1 1 1 1 1 1 1 1 0 1 0.0
243 15 14541 1 1 0 1 0 1 0 1 1 1 1 1 1 1 0 0.0
244 15 12925 1 1 1 1 0 1 0 0 1 1 1 1 1 1 1 0.0
245 15 12356 1 1 0 1 1 1 1 1 1 1 0 1 1 0 1 0.0
246 15 15354 0 1 1 1 0 1 1 1 1 1 0 1 0 1 1 0.0
247 15 13673 0 1 1 1 1 1 1 0 1 1 0 1 1 0 1 0.0
248 15 11615 1 0 1 1 0 1 1 0 1 1 1 1 1 0 1 0.0
249 15 13513 0 1 1 1 1 1 1 1 0 1 0 1 1 1 1 0.0
250 15 12967 1 1 0 1 0 1 1 1 1 1 1 0 1 1 1 0.0
251 15 11933 0 1 1 1 1 1 1 0 1 1 1 1 1 1 0 0.0
252 15 16754 1 1 1 1 0 0 1 0 1 1 1 0 1 1 1 0.0
253 15 13088 0 1 1 0 1 1 1 0 1 1 1 1 1 1 0 0.0
254 15 11346 1 1 0 1 0 1 1 0 0 1 1 1 1 1 1 0.0
255 15 14936 1 1 1 1 0 1 1 1 1 0 0 1 1 0 1 0.0
256 15 11968 0 1 1 1 1 0 1 1 1 1 1 1 1 0 1 0.0
257 15 14364 1 0 1 1 1 0 1 0 1 1 1 1 1 1 0 0.0
258 15 11410 0 1 1 1 1 1 1 1 1 1 1 0 1 0 1 0.0
259 15 13256 1 1 1 0 1 1 1 1 0 1 0 1 1 1 1 0.0
260 15 13074 0 1 1 1 1 1 1 0 0 1 1 1 1 1 1 0.0
261 15 10003 1 1 0 1 1 1 1 1 0 1 1 1 0 1 1 0.0
262 15 12004 1 1 0 1 1 1 1 1 1 0 0 1 1 0 1 0.0
263 15 11453 1 1 1 0 1 1 1 1 0 1 0 1 1 1 1 0.0
264 15 11736 0 1 1 0 1 1 1 0 1 1 1 1 1 1 0 0.0
265 15 10040 1 0 1 0 1 1 1 1 1 1 0 1 0 1 1 0.0
266 15 12503 1 1 1 1 1 1 1 1 0 0 0 1 1 1 1 0.0
267 15 13447 1 1 1 1 1 1 1 0 0 1 1 0 0 1 1 0.0
268 15 9938 1 0 0 1 1 1 1 1 1 1 0 1 1 1 1 0.0
269 15 12306 1 1 0 1 1 0 0 0 1 1 1 1 1 1 0 0.0
270 15 12681 1 0 1 1 1 0 1 0 0 1 1 1 1 1 1 0.0
271 15 12145 1 0 1 1 1 1 1 0 0 1 0 1 1 1 1 0.0
272 15 11906 1 1 1 1 1 1 1 1 0 1 0 0 1 1 1 0.0
273 15 9816 1 1 1 1 1 1 1 0 1 0 1 0 1 1 1 0.0
274 15 9983 0 1 1 1 0 1 1 1 1 1 0 1 1 1 1 0.0
275 15 13642 1 0 1 1 1 1 1 0 1 1 0 1 1 1 0 0.0
276 15 12706 1 1 1 0 0 1 1 1 1 1 1 1 1 1 0 0.0
277 15 11783 0 1 1 1 0 1 0 0 1 1 1 1 1 1 1 0.0
278 15 11693 1 1 1 1 0 1 1 0 1 0 1 1 1 1 1 0.0
279 15 11489 0 1 0 1 1 1 1 0 1 1 1 1 1 1 0 0.0
280 15 13649 1 1 1 0 1 1 1 1 1 0 1 1 1 0 0 0.0
281 15 12181 0 1 1 1 1 0 0 1 1 0 1 1 1 1 1 0.0
282 15 14175 1 1 1 1 1 1 0 1 1 1 0 1 1 1 0 0.0
283 15 13809 0 1 1 1 1 1 1 0 1 1 1 0 0 1 1 0.0
284 15 14143 1 0 0 1 1 1 1 0 1 1 1 1 1 1 0 0.0
285 15 12678 1 1 1 1 1 1 1 1 1 0 1 0 1 0 1 0.0
286 15 12122 1 1 1 0 0 1 1 1 1 0 0 1 1 1 1 0.0
287 15 11232 1 1 1 0 1 1 0 1 1 1 1 0 1 1 0 0.0
288 15 11524 1 1 1 0 1 1 1 1 1 1 1 1 1 0 0 0.0
289 15 9138 0 0 1 1 1 1 1 0 1 1 1 1 1 1 1 0.0
290 15 11733 1 1 1 1 0 0 1 1 1 0 1 0 1 1 1 0.0
291 15 11955 1 0 1 1 0 1 0 1 1 0 1 1 1 1 1 0.0
292 15 13107 0 1 1 0 1 0 1 1 1 1 1 1 1 1 0 0.0
293 15 12547 0 1 1 1 1 1 1 1 1 0 1 1 0 0 1 0.0
294 15 12076 1 1 1 1 0 0 1 1 1 1 0 1 1 1 1 0.0
295 15 13691 1 1 0 1 1 0 1 1 1 0 1 0 1 1 1 0.0
296 15 13365 1 1 1 1 1 1 1 1 1 0 0 0 1 1 0 0.0
297 15 12550 1 1 1 1 1 1 1 0 0 0 1 1 1 1 1 0.0
298 15 13496 0 1 1 0 1 1 0 1 1 1 1 1 1 0 1 0.0
299 15 11825 0 1 1 1 1 1 1 1 1 1 0 0 1 0 1 0.0
300 15 11126 1 1 1 1 0 1 1 0 0 1 0 1 1 1 1 0.0
301 15 11736 0 1 1 0 1 1 1 0 1 1 1 1 1 1 0 0.0
302 15 12760 0 1 1 1 1 1 1 1 0 0 1 1 0 1 1 0.0
303 15 11529 1 1 1 1 0 1 0 1 1 1 0 1 1 1 1 0.0
304 15 14581 1 1 1 1 1 1 1 0 1 1 0 0 1 1 0 0.0
305 15 10569 1 1 0 0 1 1 1 1 1 1 1 1 1 0 1 0.0
306 15 11629 1 1 1 0 1 1 1 0 1 1 1 0 1 1 0 0.0
307 15 12174 1 1 0 1 1 1 0 1 1 0 1 1 1 1 0 0.0
308 15 12655 1 1 1 1 1 1 1 0 0 1 1 1 1 0 0 0.0
309 15 11953 1 0 0 1 1 1 1 1 1 1 1 1 0 0 1 0.0
310 15 12549 1 0 0 1 1 1 1 1 1 1 1 0 1 0 1 0.0
311 15 12110 1 1 1 0 1 1 1 1 1 1 0 1 0 1 0 0.0
312 15 11989 1 1 0 0 0 1 1 1 1 1 1 1 1 0 1 0.0
313 15 15227 1 1 1 0 0 1 1 1 1 1 1 1 1 0 0 0.0
314 15 12866 0 1 1 1 1 0 1 0 0 1 1 1 1 1 1 0.0
315 15 13486 0 0 1 1 1 1 0 1 1 0 1 1 1 1 1 0.0
316 15 10157 1 0 1 0 0 1 0 1 1 1 1 1 1 1 1 0.0
317 15 14107 1 1 1 0 1 0 1 1 0 1 1 0 1 1 1 0.0
318 15 17064 1 1 1 1 1 1 0 1 0 1 0 1 1 0 0 0.0
319 15 11403 1 1 1 1 1 1 1 1 1 0 1 0 0 1 1 0.0
320 15 9410 1 1 1 1 1 1 1 1 1 0 0 1 0 1 1 0.0
321 15 10893 1 1 1 1 1 0 0 1 1 1 1 1 1 1 0 0.0
322 15 9718 1 1 1 1 1 1 0 0 1 1 1 1 0 1 1 0.0
323 15 13908 1 1 0 1 1 0 1 0 1 1 0 1 1 1 0 0.0
324 15 13951 0 0 1 0 1 1 1 1 1 0 1 1 1 1 1 0.0
325 15 12576 1 1 1 1 1 1 1 1 0 1 0 1 0 1 1 0.0
326 15 11850 1 1 1 1 1 1 1 1 0 1 1 1 1 0 0 0.0
327 15 12488 1 0 1 1 1 0 1 1 1 1 0 0 1 1 1 0.0
328 15 14051 1 1 1 1 1 0 1 1 1 0 1 1 1 0 0 0.0
329 15 11657 0 1 0 1 1 1 1 1 1 1 0 1 1 0 1 0.0
330 15 11375 1 1 0 1 1 1 1 1 0 1 1 0 1 1 1 0.0
331 15 11506 1 0 1 1 1 1 1 1 0 1 1 1 0 1 1 0.0
332 15 11223 0 1 0 1 1 1 1 0 1 1 1 1 1 1 1 0.0
333 15 11762 1 1 0 0 1 1 1 1 0 1 1 1 1 1 1 0.0
334 15 12933 1 1 1 0 1 1 1 0 1 0 1 1 1 0 1 0.0
335 15 12005 0 1 1 0 1 0 1 1 1 1 1 1 1 1 1 0.0
336 15 13472 1 1 0 1 1 1 1 0 1 1 1 1 0 1 1 0.0
337 15 12053 1 1 1 1 0 1 1 0 1 1 0 1 1 1 1 0.0
338 15 11774 0 1 1 1 0 1 1 0 1 1 1 0 1 1 1 0.0
339 15 14273 0 1 1 1 1 1 0 1 1 1 1 1 0 0 1 0.0
340 15 12849 1 1 0 1 1 1 1 0 0 0 1 1 1 1 1 0.0
341 15 13335 1 1 1 1 1 0 1 1 1 0 1 1 0 1 1 0.0
342 15 11755 1 1 1 1 0 1 1 1 1 1 0 0 0 1 1 0.0
343 15 13461 1 0 0 1 0 1 1 1 1 1 1 1 1 1 1 0.0
344 15 9325 1 1 1 1 1 0 0 1 1 1 1 1 0 1 1 0.0
345 15 10917 1 1 0 1 0 1 1 1 1 1 1 1 1 0 0 0.0
346 15 13159 0 1 1 1 1 0 1 1 1 1 0 1 1 1 0 0.0
347 15 11201 0 1 1 1 1 1 0 1 1 1 0 0 1 1 1 0.0
348 15 12812 1 1 1 0 1 1 1 1 0 0 1 0 1 1 1 0.0
349 15 12476 1 1 1 1 1 1 1 1 1 0 0 1 0 1 1 0.0
350 15 14199 0 0 1 0 1 1 1 1 1 1 1 1 0 1 1 0.0
351 15 12231 0 1 1 0 0 1 1 1 1 1 1 1 1 0 1 0.0
352 15 12842 1 0 1 0 1 0 1 1 1 1 1 1 1 1 0 0.0
353 15 10675 1 1 1 0 0 1 1 1 1 1 0 1 1 0 1 0.0
354 15 12151 1 1 1 0 1 1 1 0 1 0 1 1 0 1 1 0.0
355 15 11455 0 0 1 1 1 1 1 0 1 1 1 1 0 1 1 0.0
356 15 12768 1 0 1 1 1 1 1 0 1 1 1 0 1 1 1 0.0
357 15 13207 1 1 0 1 1 0 1 1 1 1 1 0 1 1 0 0.0
358 15 10472 0 1 1 0 1 1 1 0 1 1 1 1 1 1 1 0.0
359 15 12348 1 1 0 1 1 1 1 1 1 0 1 1 0 1 1 0.0
360 15 11339 1 1 1 1 1 1 1 1 1 0 1 1 0 0 1 0.0
361 15 14155 1 1 1 1 1 1 1 1 1 0 0 1 1 0 0 0.0
362 15 10435 1 1 1 1 1 0 1 0 1 1 1 0 1 0 1 0.0
363 15 13075 1 1 1 0 1 1 0 1 0 1 1 0 1 1 1 0.0
364 15 12087 0 1 1 1 0 1 1 1 0 1 0 1 1 1 1 0.0
365 15 15539 1 1 1 1 0 1 0 1 1 1 1 0 0 1 1 0.0
366 15 11665 1 1 1 1 0 0 0 1 1 1 0 1 1 1 1 0.0
367 15 14860 1 1 0 0 0 1 0 1 1 1 1 1 1 1 1 0.0
368 15 10607 1 1 1 0 1 1 1 1 1 0 1 1 1 0 1 0.0
369 15 12506 0 0 1 1 1 1 1 1 1 1 1 1 0 1 1 0.0
370 15 14061 1 1 1 0 1 1 1 1 1 1 0 1 0 1 1 0.0
371 15 12807 1 0 1 1 1 0 1 1 0 1 1 1 1 1 0 0.0
372 15 10829 1 1 0 1 1 1 1 1 0 1 1 0 1 1 0 0.0
373 15 13082 1 1 1 0 0 1 1 1 1 1 1 1 0 1 1 0.0
374 15 11848 1 0 1 1 1 1 0 0 1 0 1 1 1 1 1 0.0
375 15 11248 1 1 1 1 1 1 0 1 1 1 0 1 1 0 0 0.0
376 15 11736 1 1 0 1 1 1 1 1 1 1 0 1 1 0 1 0.0
377 15 10896 1 1 1 1 1 0 1 1 1 1 1 0 0 1 1 0.0
378 15 10851 1 1 1 1 1 1 0 0 1 1 1 1 0 1 1 0.0
379 15 9874 1 1 1 1 0 1 1 0 1 1 1 1 1 1 0 0.0
380 15 14867 0 1 1 1 0 1 0 0 1 1 1 1 1 0 1 0.0
381 15 12361 1 0 1 1 1 1 1 1 0 1 0 1 1 1 0 0.0
382 15 10955 1 1 1 0 1 1 1 0 1 1 1 0 0 1 1 0.0
383 15 10538 0 1 1 1 1 1 1 0 1 1 1 0 1 1 1 0.0
384 15 15069 0 0 1 1 1 1 1 1 1 1 1 0 0 1 1 0.0
385 15 11329 0 1 1 1 1 1 0 0 1 1 0 1 1 1 1 0.0
386 15 12536 1 1 1 1 1 1 1 0 1 1 0 1 1 0 1 0.0
387 15 13599 0 1 1 1 1 1 0 1 1 0 0 1 1 1 1 0.0
388 15 13598 1 1 1 1 1 0 1 0 1 1 1 1 1 0 1 0.0
389 15 13022 1 0 1 0 1 1 0 0 1 0 1 1 1 1 1 0.0
390 15 11930 1 1 1 1 1 0 1 1 1 1 0 0 1 1 1 0.0
391 15 11418 1 1 1 1 1 1 1 1 0 0 1 1 1 1 0 0.0
392 15 11818 1 1 0 0 1 1 1 1 1 0 1 1 1 1 1 0.0
393 15 11688 1 1 1 1 1 1 1 1 0 0 1 0 0 1 1 0.0
394 15 12748 0 1 1 1 0 1 1 1 1 0 1 0 1 1 1 0.0
395 15 12907 1 0 1 1 1 1 1 1 1 0 1 1 1 0 1 0.0
396 15 9999 1 1 1 0 1 1 1 1 0 1 1 1 0 1 1 0.0
397 15 13090 1 1 1 1 0 1 1 1 1 1 1 1 0 1 0 0.0
398 15 12617 1 0 1 1 1 1 1 1 0 1 1 1 1 0 1 0.0
399 15 12377 1 0 1 0 1 0 1 1 0 1 1 1 1 0 1 0.0
400 15 11128 1 1 1 0 1 1 1 0 1 1 1 1 1 0 1 0.0
401 15 9560 0 1 0 1 1 1 1 1 0 1 1 1 1 1 0 0.0
402 15 13036 1 0 0 1 1 1 0 1 1 0 1 1 1 1 1 0.0
403 15 13245 1 1 1 1 0 1 1 1 1 1 0 1 1 0 1 0.0
404 15 9183 1 1 1 0 1 0 1 1 1 1 1 1 1 1 0 0.0
405 15 12247 1 1 1 1 0 0 1 1 0 1 1 0 1 1 1 0.0
406 15 10558 1 1 1 0 1 0 1 1 1 1 0 1 0 1 1 0.0
407 15 13575 0 1 1 1 1 0 1 0 1 0 1 1 1 1 1 0.0
408 15 14284 1 1 1 1 1 0 0 1 0 1 0 1 1 1 1 0.0
409 15 13506 1 0 0 1 1 1 0 1 1 1 0 1 1 1 1 0.0
410 15 12608 0 1 1 1 1 0 1 0 1 1 1 1 1 0 1 0.0
411 15 12397 1 0 1 1 1 0 1 1 1 1 0 1 1 0 1 0.0
412 15 12346 1 1 1 1 1 1 0 0 0 1 0 1 1 1 1 0.0
413 15 13919 1 0 1 1 0 1 1 1 1 1 1 1 0 0 1 0.0
414 15 14705 1 1 0 0 1 1 1 0 1 1 1 1 0 1 1 0.0
415 15 12055 1 1 0 1 1 1 0 0 1 0 1 1 1 1 1 0.0
416 15 15485 0 1 1 1 1 0 1 0 1 1 1 0 1 1 1 0.0
417 15 12083 1 0 1 0 0 1 1 1 1 1 1 0 1 1 1 0.0
418 15 13053 1 1 1 0 1 1 0 0 1 1 1 1 1 1 1 0.0
419 15 10703 1 1 0 0 1 1 1 0 1 1 0 1 1 1 1 0.0
420 15 12724 1 0 1 1 1 1 1 1 0 1 1 1 0 0 1 0.0
421 15 12595 1 1 1 1 1 1 1 1 1 0 0 1 1 1 0 0.0
422 15 11428 1 1 1 1 1 0 1 1 1 1 0 1 1 1 0 0.0
423 15 8023 1 1 1 1 1 1 1 1 1 0 0 0 1 1 1 0.0
424 15 12280 1 0 0 1 1 1 1 1 0 1 1 1 1 0 1 0.0
425 15 13395 1 1 1 0 1 1 1 1 0 1 0 0 1 1 1 0.0
426 15 12017 1 1 0 1 0 1 1 1 1 1 0 1 0 1 1 0.0
427 15 11244 1 1 0 0 1 1 1 1 1 1 1 0 1 1 0 0.0
428 15 14243 0 1 0 1 1 1 1 1 0 1 1 1 0 1 1 0.0
429 15 14081 1 1 0 1 1 0 1 1 1 1 1 1 1 0 1 0.0
430 15 13308 1 1 1 1 1 0 0 1 0 1 1 1 0 1 1 0.0
431 15 12491 1 1 1 0 0 1 1 1 0 1 0 1 1 1 1 0.0
432 15 10810 1 0 1 1 1 0 0 1 1 1 1 1 1 0 1 0.0
433 15 12856 1 1 1 0 1 1 0 1 1 1 1 1 1 1 0 0.0
434 15 14159 1 0 1 1 1 1 0 1 1 0 0 1 1 1 1 0.0
435 15 12441 0 0 1 1 1 0 1 1 1 0 1 1 1 1 1 0.0
436 15 13919 1 0 1 0 1 1 1 1 1 1 1 1 1 0 0 0.0
437 15 14485 1 1 1 0 1 0 1 1 0 1 1 1 1 0 1 0.0
438 15 11281 1 1 1 1 1 1 1 0 1 1 1 0 1 0 1 0.0
439 15 11761 0 1 0 1 1 1 1 1 1 1 1 1 1 0 1 0.0
440 15 11408 1 0 0 1 1 1 1 1 1 1 1 0 0 1 1 0.0
441 15 11159 1 0 1 1 1 0 1 1 1 0 1 1 1 1 1 0.0
442 15 12604 0 1 0 1 1 1 1 1 1 1 0 1 1 0 1 0.0
443 15 10931 1 1 0 1 1 1 1 1 0 1 1 0 0 1 1 0.0
444 15 15120 0 1 1 1 0 0 0 1 1 0 1 1 1 1 1 0.0
445 15 12697 1 1 1 0 1 1 1 0 1 1 1 1 1 0 0 0.0
446 15 10402 1 0 1 1 1 1 0 0 1 1 1 1 1 1 1 0.0
447 15 8537 0 1 0 1 1 1 1 0 1 1 1 1 0 1 1 0.0
448 15 12788 1 0 0 1 1 0 1 0 1 1 1 1 1 1 1 0.0
449 15 12734 1 0 1 1 1 1 1 1 0 0 1 1 1 1 1 0.0
450 15 12492 1 0 0 1 0 1 0 1 1 1 1 1 1 1 1 0.0
451 15 11692 0 1 0 1 1 1 1 1 1 1 0 1 1 1 0 0.0
452 15 14440 0 1 1 1 0 1 1 1 1 0 1 1 0 1 1 0.0
453 15 13436 1 0 1 1 1 1 0 1 1 1 0 1 1 1 1 0.0
454 15 11400 1 1 1 0 0 1 1 1 1 1 1 1 1 1 0 0.0
455 15 14631 0 1 1 1 1 1 1 1 1 0 1 0 0 1 1 0.0
456 15 9480 1 0 1 1 1 1 1 1 0 1 0 1 1 1 1 0.0
457 15 11984 1 1 1 1 1 1 1 0 1 0 1 1 1 0 0 0.0
458 15 9906 0 1 1 0 1 1 1 1 1 1 1 1 1 0 1 0.0
459 15 11363 1 0 1 1 1 1 1 0 1 0 1 1 1 0 1 0.0
460 15 9284 1 1 1 1 0 1 1 1 0 0 1 1 1 1 1 0.0
461 15 13175 1 0 1 1 1 0 1 1 1 1 1 1 0 1 1 0.0
462 15 10847 1 0 1 1 1 1 0 1 1 1 1 1 0 1 1 0.0
463 15 13510 1 1 0 0 1 1 0 1 1 1 1 0 1 1 0 0.0
464 15 11063 1 1 0 1 0 1 1 1 0 1 1 1 1 1 1 0.0
465 15 11982 1 1 1 1 0 1 1 0 0 0 1 1 1 1 1 0.0
466 15 12344 1 0 1 1 0 1 1 1 1 0 1 1 0 1 1 0.0
467 15 11337 1 1 0 1 1 1 1 0 1 0 1 1 1 0 1 0.0
468 15 11299 1 1 1 1 1 1 1 0 0 1 1 0 1 0 1 0.0
469 15 9454 1 1 0 0 1 1 1 1 1 0 1 1 0 1 1 0.0
470 15 12420 1 1 1 1 0 0 1 1 1 1 1 0 1 1 0 0.0
471 15 13351 1 1 1 1 1 1 0 0 0 1 1 1 1 0 1 0.0
472 15 11650 1 1 1 1 1 1 1 0 1 1 0 0 1 1 1 0.0
473 15 11142 1 1 1 1 1 1 1 1 0 0 1 1 1 0 0 0.0
474 15 12113 1 1 0 1 1 1 1 1 0 1 1 1 0 1 1 0.0
475 15 11361 1 1 1 1 1 1 1 1 1 1 0 1 1 0 0 0.0
476 15 13752 1 1 1 1 0 1 1 1 0 1 0 1 0 1 1 0.0
477 15 11941 0 1 1 1 1 0 0 1 1 1 1 0 1 1 1 0.0
478 15 12991 1 1 1 0 0 1 1 1 1 1 1 0 1 1 0 0.0
479 15 12550 0 1 1 0 1 0 1 1 1 1 1 1 1 1 1 0.0
480 15 13009 1 1 1 1 1 0 1 0 0 1 1 0 1 1 1 0.0
481 15 11855 0 1 0 1 1 1 1 0 1 0 1 1 1 1 1 0.0
482 15 11342 1 1 0 1 0 1 1 1 1 1 0 1 1 1 0 0.0
483 15 11619 0 1 1 1 0 1 0 1 0 1 1 1 1 1 1 0.0
484 15 11179 1 1 0 0 1 0 1 1 1 1 1 1 1 1 1 0.0
485 15 12244 0 1 1 1 0 0 1 1 0 1 1 1 1 1 1 0.0
486 15 10395 1 1 0 1 1 1 1 0 1 1 1 1 0 0 1 0.0
487 15 13414 1 1 1 0 0 1 1 1 1 0 1 1 0 1 1 0.0
488 15 13076 1 1 1 1 1 0 1 0 0 1 1 0 1 1 1 0.0
489 15 10957 1 1 1 1 1 0 1 1 1 0 1 0 0 1 1 0.0
490 15 9003 1 1 0 1 1 1 1 1 0 1 0 1 1 1 1 0.0
491 15 11979 0 1 0 1 1 1 1 1 1 1 0 1 1 0 1 0.0
492 15 14357 1 0 1 1 1 1 1 1 0 1 1 0 0 1 1 0.0
493 15 12476 1 1 0 1 1 1 1 1 0 1 1 0 0 1 1 0.0
494 15 16241 1 1 0 1 1 1 0 1 1 1 1 0 0 1 1 0.0
495 15 12656 1 1 1 0 1 1 1 1 1 1 0 0 1 0 1 0.0
496 15 12331 1 1 0 1 1 1 1 1 1 1 1 1 1 0 0 0.0
497 15 10864 0 1 1 0 1 0 1 1 1 0 1 1 1 1 1 0.0
498 15 9963 1 1 1 1 1 1 0 1 1 0 1 1 0 1 1 0.0
499 15 10832 1 1 1 1 1 0 1 0 1 1 1 1 1 1 0 0.0
500 15 13516 1 1 0 1 0 1 1 1 0 0 1 1 1 0 1 0.0
