1 20 1786 44 115 1 51 52 128 136 254 243 414 12 67 179 318 251 426 33 99 78 167 65 148 89 183 176 314 36 104 181 321 73 159 19 78 171 306 257 436 137 256
2 20 2449 271 456 286 478 185 328 294 490 170 305 9 64 27 90 9 63 233 400 164 296 155 282 198 347 141 262 220 379 60 140 146 269 183 325 27 91 121 231 163 295
3 20 2304 240 410 211 366 152 278 89 184 207 361 10 65 197 346 281 471 156 284 100 200 39 109 9 64 256 434 202 352 51 127 172 307 165 297 105 208 57 135 181 321
4 20 2328 192 338 237 406 50 125 281 472 18 77 250 425 249 423 21 82 106 209 88 182 197 345 223 384 49 123 264 445 159 289 71 156 59 139 203 354 103 204 90 184
5 20 2610 165 297 283 475 189 333 287 480 287 480 64 146 177 315 259 438 161 291 250 425 60 140 65 147 286 478 129 243 178 317 21 81 104 206 22 83 81 172 195 343
6 20 2542 213 369 211 366 75 162 26 89 289 483 144 265 182 323 223 385 137 255 235 402 226 388 208 361 92 188 213 369 244 416 14 71 135 252 223 385 46 119 42 112
7 20 2323 208 362 234 401 140 260 261 441 217 375 162 293 100 200 60 139 186 329 105 208 272 457 95 192 53 129 231 396 33 99 99 199 42 112 142 262 172 307 92 187
8 20 2649 246 419 222 383 31 96 285 478 200 350 15 72 97 195 295 492 114 221 239 408 66 149 30 95 193 339 118 227 79 168 280 470 151 277 94 191 279 468 278 467
9 20 2792 132 247 202 353 192 337 283 475 290 485 63 144 61 141 173 309 241 411 231 397 233 399 220 379 21 81 252 428 69 153 186 328 146 268 31 96 233 400 232 398
10 20 2600 266 449 232 398 272 458 29 94 260 440 192 338 123 234 166 299 56 133 78 167 124 236 49 123 189 333 49 123 227 390 81 171 115 222 266 449 238 406 239 409
11 20 2532 20 79 30 95 143 265 57 135 272 457 168 301 235 403 191 336 208 362 143 264 262 442 120 230 231 396 40 110 220 380 231 397 176 314 19 79 115 223 285 477
12 20 2436 38 106 192 337 137 255 80 169 239 409 85 178 131 246 203 354 13 70 267 451 194 341 159 288 276 464 70 155 191 336 194 341 264 445 98 196 17 76 198 347
13 20 2831 173 309 173 310 243 414 198 346 73 159 103 205 35 102 180 320 151 276 259 439 294 491 226 388 193 339 256 434 176 314 93 189 210 364 248 422 142 262 113 219
14 20 2909 103 204 85 177 255 433 51 126 174 311 280 470 59 138 297 496 212 367 80 170 156 283 120 229 151 277 291 487 294 491 138 256 298 497 56 134 274 460 263 444
15 20 2348 127 241 56 133 70 155 68 152 90 185 139 259 67 151 131 246 284 475 66 148 233 400 123 234 74 160 283 474 23 84 273 459 96 194 199 349 275 463 258 437
16 20 2188 24 86 91 186 116 224 211 366 30 94 55 133 213 370 154 280 85 177 248 422 114 221 190 334 162 293 253 429 138 257 278 467 107 210 3 55 21 81 242 413
17 20 2028 168 302 100 200 109 213 160 290 67 151 135 252 190 334 48 121 89 183 159 288 61 142 295 492 87 180 135 253 237 405 26 88 37 106 236 403 50 125 147 271
18 20 2566 247 421 22 82 144 266 16 74 243 415 247 420 121 231 141 261 136 254 258 436 254 430 36 104 297 496 214 370 121 231 244 416 185 327 134 250 77 166 71 157
19 20 2239 89 184 122 233 73 160 279 468 267 451 284 476 201 352 150 274 94 191 52 128 19 78 68 152 116 223 45 118 36 104 153 279 242 413 261 442 98 197 150 274
20 20 2284 237 405 132 248 211 366 241 411 116 223 216 374 27 90 83 174 36 104 133 250 297 496 90 185 172 308 33 100 79 169 182 322 121 231 71 156 264 446 114 220
21 20 2296 116 224 289 483 187 330 139 258 150 275 13 69 198 347 3 54 279 468 73 159 81 171 99 199 105 207 203 355 273 460 89 183 78 166 298 497 102 203 95 193
22 20 2148 2 52 284 476 171 306 193 339 96 194 280 470 51 127 43 114 85 178 174 311 276 464 256 434 17 75 87 180 245 418 28 92 18 77 11 66 76 164 293 489
23 20 2382 118 227 180 320 5 57 83 175 58 136 224 386 241 411 269 453 300 500 98 196 2 53 237 405 129 244 270 454 114 221 78 167 63 144 190 335 30 94 289 484
24 20 2385 198 347 2 53 100 200 129 243 233 399 95 192 97 196 295 492 257 435 1 51 62 143 279 468 161 292 147 270 22 82 45 118 160 290 212 368 235 402 252 428
25 20 2463 105 207 20 80 289 484 181 321 36 104 232 398 168 301 46 118 190 335 269 453 263 444 142 263 116 224 84 175 251 427 142 263 151 276 67 150 97 195 230 395
26 20 2838 58 137 43 114 194 341 260 440 292 488 178 317 265 447 53 129 178 316 135 252 46 118 266 448 196 344 272 457 142 263 91 186 287 480 113 220 300 500 179 318
27 20 2127 145 267 198 347 25 87 202 353 230 395 177 316 50 124 287 481 57 135 69 153 75 162 158 286 52 128 149 273 289 483 142 263 46 119 126 239 50 125 132 248
28 20 2792 152 278 179 318 88 181 63 145 116 224 274 461 129 243 127 240 231 396 36 104 245 417 109 213 234 401 277 465 210 364 190 335 269 454 240 410 51 126 270 454
29 20 2730 256 433 237 405 125 237 123 234 30 95 113 219 209 363 132 248 270 454 217 376 118 227 45 118 221 382 248 422 161 292 264 445 49 124 288 482 35 102 272 457
30 20 2496 1 52 226 388 240 409 125 238 260 440 280 470 23 84 275 462 96 193 72 157 214 370 17 75 124 236 282 473 281 471 252 428 179 318 12 68 60 140 101 201
31 20 2172 95 193 207 360 260 440 4 55 258 437 1 52 113 220 70 155 90 184 89 184 49 123 234 401 60 140 271 457 237 405 51 126 60 139 197 346 135 253 235 402
32 20 2013 50 125 119 228 71 156 124 235 28 92 124 236 90 184 18 77 237 406 123 234 125 237 287 480 58 137 170 304 5 58 240 409 294 491 84 176 227 390 43 114
33 20 2684 129 244 82 173 188 332 261 441 238 407 273 460 154 281 140 260 226 388 90 185 222 382 108 211 163 295 291 486 105 207 184 326 10 65 138 257 259 439 95 192
34 20 2465 173 310 11 67 40 110 170 305 280 470 121 231 257 436 262 442 207 360 139 258 268 452 185 328 61 141 55 132 136 253 6 59 215 372 158 287 189 334 149 273
35 20 2140 136 253 28 91 186 329 157 285 124 235 82 173 278 466 159 289 36 103 231 396 73 159 10 65 218 376 32 97 158 286 57 135 234 401 171 306 13 69 293 490
36 20 2170 154 280 273 459 287 480 43 114 187 330 44 115 152 277 110 214 154 281 280 469 95 193 23 84 178 317 53 129 39 108 225 387 107 210 86 178 65 147 158 287
37 20 2709 12 68 261 441 141 262 255 432 199 348 278 467 246 419 137 256 221 382 250 425 274 461 43 114 235 403 209 363 152 278 79 168 69 154 96 194 138 256 92 188
38 20 2580 265 448 272 457 11 67 159 288 274 461 109 214 69 154 20 79 227 391 171 307 284 476 244 416 216 374 71 156 79 168 131 247 39 109 200 350 112 217 272 458
39 20 1854 168 301 17 76 115 222 2 52 142 262 13 70 263 444 113 219 110 214 152 278 140 259 182 323 129 243 56 134 232 397 151 276 81 171 6 59 48 122 198 347
40 20 2517 255 432 20 80 75 162 35 103 252 427 292 488 79 168 126 239 261 441 245 417 285 477 172 308 270 454 184 326 37 105 37 106 140 259 74 161 162 293 146 268
41 20 2619 18 76 202 353 93 189 50 125 84 176 171 307 299 498 207 360 71 157 48 121 262 443 223 384 297 496 197 345 285 478 180 320 24 85 196 344 159 289 208 362
42 20 2779 129 243 149 273 221 381 22 83 254 431 78 167 215 372 275 462 244 416 265 447 112 218 88 182 291 486 69 153 290 485 159 289 270 455 179 318 139 258 25 87
43 20 2006 196 344 207 360 24 86 203 354 17 76 192 337 1 52 97 195 130 244 166 298 8 61 77 165 156 284 227 391 108 211 6 59 233 399 6 59 246 419 208 362
44 20 2646 213 369 192 338 291 486 2 53 196 344 291 487 75 162 36 104 81 171 183 324 28 92 226 389 298 496 25 87 111 216 172 308 298 496 113 219 282 473 195 342
45 20 2396 3 54 155 282 30 95 270 455 87 180 221 381 137 256 278 467 23 84 10 65 186 329 146 268 283 475 85 177 221 381 261 442 215 372 147 270 230 394 8 61
46 20 2680 217 375 177 315 90 185 123 234 173 310 268 452 231 396 41 111 159 289 95 192 214 371 294 491 40 109 233 400 34 101 189 334 187 331 116 224 190 335 280 469
47 20 2307 223 384 41 111 141 261 263 444 273 459 158 286 37 105 149 273 98 197 232 397 39 109 245 417 293 490 161 292 148 272 41 111 122 233 179 318 11 67 30 95
48 20 2611 94 190 238 407 36 104 258 437 71 157 118 226 160 289 96 194 278 466 249 423 226 389 205 357 166 299 128 242 280 470 89 184 51 126 290 485 120 229 111 216
49 20 2533 299 499 5 57 115 222 252 428 135 253 99 198 144 266 169 303 163 294 291 486 162 293 166 298 87 180 42 113 6 59 162 293 261 441 238 407 73 159 298 497
50 20 2760 92 187 135 252 260 440 292 488 35 102 251 427 25 87 140 260 193 339 101 202 26 88 246 419 154 281 273 459 117 225 280 470 47 120 300 500 249 423 235 403
51 20 2355 265 448 294 490 136 253 110 214 111 217 27 90 260 439 229 393 37 106 134 251 117 226 5 57 240 409 66 148 11 67 283 474 230 395 262 442 50 125 77 165
52 20 2252 280 470 137 256 7 61 161 291 150 275 202 353 227 390 6 58 118 227 87 180 191 336 116 224 216 374 138 257 105 207 120 229 64 146 257 436 4 56 230 395
53 20 2870 124 235 137 256 270 455 298 496 174 311 142 263 54 131 236 403 215 373 278 466 43 114 273 460 50 124 197 346 251 426 19 79 255 432 102 202 267 450 203 354
54 20 2053 126 239 88 182 47 121 149 273 60 139 152 277 237 406 216 374 98 196 90 185 198 346 192 337 27 91 270 455 26 88 105 207 103 204 122 233 132 248 129 244
55 20 2708 212 368 256 433 39 109 204 356 286 478 17 76 16 74 275 462 140 260 222 382 60 140 273 459 145 268 36 103 284 476 159 289 262 442 24 86 279 468 197 345
56 20 2621 275 463 269 453 34 100 252 428 115 223 121 231 252 428 255 433 200 350 137 255 42 113 153 279 251 426 276 464 290 485 38 106 107 210 52 128 156 284 2 53
57 20 2029 174 310 31 96 67 150 221 382 91 186 259 439 25 88 287 481 160 290 42 113 274 461 211 367 136 254 104 205 47 121 67 150 145 267 128 242 23 84 45 117
58 20 2700 136 254 277 465 39 108 151 276 101 201 232 397 165 297 108 211 157 285 182 322 173 309 90 185 162 293 209 363 95 192 212 368 188 332 285 477 297 495 117 226
59 20 2468 33 99 257 435 138 256 219 378 82 172 151 276 146 269 145 267 153 279 110 215 237 405 23 84 293 490 35 103 204 355 193 340 55 132 221 381 241 411 150 275
60 20 2465 176 313 115 222 108 212 141 261 192 338 143 265 291 486 90 185 127 240 179 319 226 388 57 135 7 60 210 365 101 201 284 476 185 327 35 102 298 497 117 225
61 20 2353 43 114 82 173 257 435 68 152 34 101 35 102 218 376 33 100 242 413 194 341 248 421 112 217 298 497 132 248 203 354 155 282 169 303 227 390 182 323 10 64
62 20 2727 47 121 178 317 11 67 167 300 237 406 248 422 198 346 209 363 104 206 97 195 174 311 179 319 300 500 230 395 2 52 115 222 278 467 226 388 175 313 234 401
63 20 2340 16 74 121 231 4 55 191 336 47 120 212 368 276 464 76 164 235 403 187 330 269 453 162 293 65 148 74 160 190 335 276 464 176 314 147 271 8 61 194 340
64 20 2064 56 134 274 461 37 106 54 131 227 390 130 245 14 71 91 186 165 297 293 490 201 352 29 93 154 281 30 95 294 491 119 229 51 126 27 91 252 427 82 173
65 20 2570 75 162 79 168 60 140 228 392 219 379 212 368 243 414 225 387 187 331 55 132 54 131 77 165 112 217 145 268 291 486 118 227 298 497 300 499 140 259 95 192
66 20 2310 178 316 168 301 67 150 33 100 46 119 57 135 12 67 205 357 269 453 155 283 16 73 106 209 218 377 272 458 104 206 163 294 206 359 142 263 216 374 255 433
67 20 2268 143 264 155 282 25 87 59 139 228 391 181 322 285 477 219 379 95 192 16 74 232 397 264 446 95 192 119 228 24 86 153 280 162 292 239 408 3 54 138 257
68 20 2461 180 320 110 215 200 350 104 206 250 425 128 242 38 107 77 166 297 495 170 305 218 376 139 258 54 131 239 408 213 370 26 88 63 144 74 161 294 490 203 354
69 20 1989 56 134 160 290 74 160 192 337 38 107 118 227 155 283 247 421 110 214 172 308 12 68 164 296 1 52 135 252 193 340 78 167 176 313 92 188 74 161 240 410
70 20 2684 227 391 214 371 167 300 98 197 203 355 238 407 294 491 291 486 50 124 276 463 275 462 44 116 108 212 140 260 63 144 63 144 84 176 221 382 293 489 7 60
71 20 2328 201 352 174 311 285 477 114 220 111 216 137 255 56 134 134 251 24 86 60 139 139 258 191 336 283 475 247 421 66 149 212 367 90 185 40 110 158 287 189 333
72 20 2064 223 384 111 216 72 158 32 98 77 165 165 297 222 382 5 58 182 322 197 345 17 75 147 271 74 160 116 223 69 154 263 444 198 347 211 366 148 272 51 127
73 20 2582 56 134 272 458 141 261 284 476 280 469 253 429 170 305 160 290 264 446 182 323 6 59 91 187 51 127 271 456 299 498 240 410 49 124 125 238 31 96 3 55
74 20 2819 292 488 53 129 293 489 288 482 185 327 47 120 289 484 211 366 147 271 244 416 112 218 21 81 282 472 5 57 189 334 225 387 165 297 70 155 162 293 244 416
75 20 2626 16 74 254 431 193 339 263 445 124 235 241 411 98 197 188 331 289 483 105 208 13 69 45 117 83 174 288 482 217 375 190 334 81 171 193 340 274 461 128 242
76 20 1779 286 479 110 215 12 67 18 77 124 235 234 401 157 286 120 230 91 186 88 182 77 166 36 103 212 368 54 131 111 216 261 441 10 65 13 69 148 272 62 142
77 20 2707 179 318 255 432 73 160 262 443 264 446 140 260 208 361 110 215 68 152 282 473 118 227 126 239 276 464 154 280 163 294 150 275 237 406 252 428 12 68 55 132
78 20 2120 120 229 146 269 221 382 26 88 59 139 124 236 101 202 265 448 105 207 83 174 280 470 276 463 1 51 166 299 146 268 99 198 16 73 192 338 218 377 7 60
79 20 2225 243 414 46 118 122 233 166 299 136 254 64 146 40 110 58 137 15 73 78 167 97 195 203 354 54 131 171 306 156 284 185 327 275 463 295 492 266 449 112 218
80 20 2448 190 334 207 360 66 148 241 411 131 246 295 493 42 113 240 410 114 221 131 246 192 337 42 112 150 274 214 370 101 201 188 331 190 334 220 380 42 113 64 145
81 20 2219 229 394 295 492 137 256 242 413 17 76 241 412 217 375 199 348 77 165 195 343 69 154 76 163 125 237 3 54 168 301 120 229 93 190 5 57 80 170 186 329
82 20 2609 286 478 244 416 61 141 191 337 206 359 91 187 31 96 266 449 294 491 113 219 116 224 168 302 205 358 65 147 61 141 69 153 171 306 182 322 278 467 164 296
83 20 2551 129 243 47 120 283 474 224 386 300 499 139 259 289 483 233 399 6 59 111 216 260 440 122 233 15 73 148 271 226 389 114 221 176 313 248 421 4 55 115 222
84 20 2184 14 70 142 263 10 65 35 102 122 232 150 275 175 312 274 461 224 385 144 265 135 252 223 384 64 146 105 208 153 279 281 471 103 204 187 330 54 131 135 252
85 20 2892 244 416 272 458 169 304 283 474 95 192 253 429 65 148 210 365 232 397 211 367 10 65 270 454 119 228 228 392 185 328 257 435 25 87 162 292 147 271 179 319
86 20 2172 40 109 61 141 120 230 54 131 252 428 123 235 116 223 141 262 294 491 19 78 230 395 46 118 21 81 215 373 162 292 76 164 277 466 136 253 232 397 100 200
87 20 2301 282 473 65 147 7 61 240 410 77 166 43 114 300 499 212 367 231 396 263 444 249 423 48 122 110 215 60 140 13 70 259 438 49 123 129 244 100 199 140 259
88 20 2275 183 324 2 53 256 433 241 412 279 468 180 320 195 342 15 72 15 73 128 242 266 448 229 393 57 136 255 432 128 242 121 232 111 216 99 199 82 173 2 53
89 20 2168 14 70 103 204 21 81 176 314 247 421 182 323 196 343 95 192 155 282 102 203 87 181 97 195 190 335 245 418 3 55 135 252 119 229 143 264 239 409 162 293
90 20 2190 177 315 181 322 112 218 85 177 78 167 84 176 120 229 270 454 37 106 7 60 113 220 238 406 152 278 183 324 192 338 130 245 149 273 272 458 47 120 111 217
91 20 2414 237 405 214 371 79 168 234 400 248 421 12 68 98 197 133 250 186 329 102 202 98 197 30 95 292 487 126 239 248 421 199 349 111 217 20 80 166 299 185 327
92 20 2639 218 377 272 457 37 105 224 386 248 422 116 224 81 171 260 439 139 258 19 78 290 484 254 431 2 53 84 176 170 304 271 457 151 276 154 280 30 95 279 468
93 20 2225 96 194 14 71 28 92 298 496 131 247 63 144 192 337 34 101 269 453 173 310 81 172 16 73 185 327 48 122 174 310 209 364 292 488 59 138 252 428 168 301
94 20 2186 253 430 58 136 219 378 3 55 104 205 200 350 189 333 48 122 45 118 297 495 196 343 228 392 112 218 39 108 289 483 88 182 211 366 56 133 33 99 65 148
95 20 2289 199 348 230 395 29 93 288 482 103 205 163 294 4 55 142 263 261 441 152 278 269 453 180 319 157 285 56 134 110 215 234 401 26 88 25 87 137 255 97 195
96 20 2184 42 113 135 252 54 131 2 53 155 282 53 129 215 372 275 462 190 335 91 186 168 301 274 460 159 288 129 243 55 132 143 264 214 371 22 83 215 373 139 259
97 20 2001 161 291 130 245 16 73 206 359 135 252 241 411 161 291 196 343 165 298 3 55 164 295 49 123 152 278 123 234 199 349 122 233 214 370 17 75 4 56 44 116
98 20 2625 259 439 129 243 224 386 264 446 75 162 18 77 38 106 255 432 23 84 104 206 50 125 209 364 240 410 117 226 267 451 242 413 295 493 162 292 23 84 288 482
99 20 2382 196 344 203 354 60 140 10 65 260 440 243 414 89 183 64 146 298 497 66 148 195 342 176 314 108 212 229 393 244 415 91 186 29 93 77 166 119 229 221 381
100 20 2580 223 385 289 483 222 382 281 472 36 104 78 166 182 323 11 67 252 428 28 92 213 370 31 97 207 360 213 369 182 323 188 332 22 82 202 352 125 237 241 412
101 20 2704 122 233 210 365 286 479 169 303 143 264 250 425 243 415 147 270 70 155 101 201 254 430 73 159 125 237 145 267 256 434 193 339 88 182 24 85 242 413 240 409
102 20 2348 279 469 60 140 32 98 60 140 192 338 108 212 167 301 220 380 119 229 103 204 84 176 53 129 139 258 199 348 201 351 248 421 253 430 84 176 133 249 201 351
103 20 2716 129 244 176 314 173 310 78 167 1 52 280 470 295 492 267 450 99 198 253 429 245 417 170 305 231 396 10 65 170 304 259 438 109 213 37 106 165 297 249 424
104 20 2608 137 255 107 211 174 311 115 222 170 305 226 388 175 313 37 105 163 294 262 443 264 446 168 302 281 471 214 370 252 428 245 417 3 55 61 141 43 115 164 296
105 20 2540 233 399 176 313 121 231 95 192 128 242 116 224 244 416 5 58 300 500 203 355 210 364 43 114 62 143 171 306 49 123 213 369 94 191 232 397 264 445 217 376
106 20 2506 223 384 202 352 205 357 140 260 45 117 152 277 108 212 244 416 116 224 63 144 224 386 118 227 212 368 239 408 36 103 1 51 258 436 164 295 156 283 227 391
107 20 2256 284 475 144 266 87 180 45 118 40 109 180 319 216 374 209 363 105 208 17 76 267 451 38 107 11 67 203 355 122 233 27 90 219 378 164 296 284 476 159 288
108 20 2414 53 130 168 301 155 282 186 329 118 226 165 297 286 479 198 347 260 439 75 162 171 306 6 59 110 214 102 202 113 219 127 241 100 199 187 331 258 437 180 319
109 20 1885 207 360 38 107 15 72 239 408 94 190 45 118 216 374 56 133 101 202 266 448 19 79 292 488 76 163 266 449 28 92 48 121 186 328 44 115 32 98 89 184
110 20 2165 154 281 296 493 255 432 116 224 61 141 1 52 296 494 28 92 34 101 20 79 95 192 54 130 196 344 122 232 258 437 99 198 92 187 187 330 119 229 224 385
111 20 2076 52 128 133 249 263 445 47 120 154 280 86 179 101 201 1 51 200 350 201 352 144 265 152 278 134 251 286 479 45 118 102 203 151 276 83 175 145 268 116 224
112 20 2460 108 212 46 118 109 213 161 291 258 436 100 200 66 149 299 499 117 225 249 423 159 288 223 384 148 272 108 212 276 463 6 59 134 251 244 415 11 67 254 430
113 20 2420 195 342 113 220 213 369 209 363 176 314 215 372 172 308 66 148 90 184 114 220 1 51 47 120 238 407 110 214 171 306 256 434 213 370 257 435 114 220 55 132
114 20 2244 109 214 84 176 163 294 293 489 214 371 53 130 194 341 133 249 272 458 281 471 282 472 150 275 41 112 26 88 67 150 137 256 129 244 103 204 37 105 38 106
115 20 2835 299 499 187 330 215 372 126 239 184 326 88 181 189 333 201 352 149 274 267 450 76 163 226 388 174 311 255 433 49 124 97 196 142 263 203 354 269 453 148 272
116 20 2341 37 105 125 237 271 457 268 452 299 498 298 496 90 184 157 285 7 61 75 163 108 211 70 155 104 206 74 161 139 258 72 157 156 283 232 398 254 430 91 186
117 20 2485 144 265 109 213 271 457 258 436 182 322 65 147 230 394 239 408 130 244 21 82 247 420 93 189 269 453 62 143 47 121 146 269 43 114 131 247 290 484 130 245
118 20 2392 223 384 210 365 246 419 141 261 141 261 74 161 55 133 93 190 176 313 267 450 22 83 180 320 2 53 131 246 191 337 92 187 195 343 164 295 267 450 121 232
119 20 2264 216 373 75 162 272 457 192 337 71 157 97 195 277 466 295 493 128 242 87 180 161 291 12 68 91 187 194 340 228 391 83 175 1 51 27 90 76 164 248 422
120 20 2703 222 382 234 401 48 122 129 244 17 75 54 131 293 489 227 390 207 361 231 396 114 221 214 370 144 265 128 242 247 421 258 436 79 168 119 229 221 381 193 339
121 20 1920 113 219 80 170 172 307 258 437 49 124 105 208 284 476 119 228 70 154 25 87 234 401 10 64 280 469 106 209 267 450 9 64 37 105 38 106 37 105 108 212
122 20 2524 285 477 87 180 297 496 242 413 70 155 134 250 299 499 273 459 72 158 161 292 218 377 213 369 193 339 6 58 23 85 200 349 33 99 13 69 288 481 49 124
123 20 2646 157 285 70 154 264 446 177 315 200 350 256 433 85 177 299 498 294 491 69 154 259 438 229 393 195 343 78 166 246 418 127 240 53 130 67 150 109 214 74 161
124 20 2202 40 110 134 250 4 55 171 306 168 302 143 264 80 170 126 239 146 268 195 342 182 323 35 103 169 303 155 282 281 471 83 174 9 63 268 451 190 334 174 311
125 20 2304 6 59 81 171 146 269 223 384 118 226 127 240 208 362 99 199 272 457 198 347 232 398 195 343 115 222 166 299 55 133 185 328 221 381 55 133 44 115 134 250
126 20 2541 152 278 278 466 271 456 94 190 205 357 107 211 139 258 117 225 287 480 38 107 138 256 179 319 60 140 163 295 108 212 264 445 234 401 68 151 142 262 133 250
127 20 1796 161 291 278 467 178 316 208 362 4 56 164 296 66 149 48 121 143 264 173 310 164 296 101 202 55 133 87 180 37 105 23 84 46 119 178 316 101 202 31 96
128 20 2284 228 391 37 105 250 425 94 191 70 154 151 276 30 95 100 200 131 246 65 147 47 120 92 188 136 254 243 415 255 432 206 358 252 427 68 152 255 433 146 269
129 20 2043 37 106 30 95 123 234 130 245 16 74 235 403 199 348 189 333 83 174 127 241 186 329 11 66 203 354 41 111 275 463 271 456 45 117 108 212 219 379 26 88
130 20 2399 283 475 238 406 193 339 245 417 279 468 21 82 130 244 44 116 83 175 265 447 9 64 114 220 29 93 37 105 178 317 70 155 203 355 56 134 281 471 241 411
131 20 2973 292 488 276 464 221 382 50 124 111 217 189 334 239 409 191 336 138 257 275 462 189 333 3 54 225 387 232 398 206 359 20 80 300 499 195 342 230 395 135 252
132 20 2259 203 354 179 318 53 129 80 170 258 437 30 95 42 112 227 391 148 271 283 475 297 496 113 219 43 114 121 231 150 274 106 208 30 94 251 426 185 327 25 88
133 20 2783 299 498 242 412 270 455 144 266 106 209 99 199 118 226 217 376 217 375 47 120 213 369 17 75 284 475 228 392 250 424 235 403 151 276 70 155 31 96 241 411
134 20 2241 40 109 292 487 131 246 89 183 128 242 179 318 101 201 260 439 79 168 61 142 288 482 145 268 54 131 82 172 143 264 106 209 273 459 145 268 18 77 188 331
135 20 2312 289 483 50 125 95 192 30 95 243 414 245 417 45 118 186 329 32 97 240 409 90 184 240 409 4 55 227 391 167 300 299 498 19 78 260 440 40 110 89 183
136 20 2600 28 91 133 249 80 169 64 146 191 336 300 499 273 459 285 478 20 80 18 76 31 97 248 422 263 445 27 90 255 433 153 280 286 478 277 465 293 490 25 88
137 20 2387 270 455 96 194 229 393 112 217 225 387 35 102 14 71 199 348 168 301 287 480 245 417 56 134 80 170 8 61 77 165 268 451 188 332 200 350 59 138 168 301
138 20 2194 162 293 157 285 191 337 2 52 216 373 44 116 147 270 103 205 267 451 18 77 229 394 106 209 99 198 124 235 118 227 246 419 72 157 207 361 41 111 194 341
139 20 2540 117 225 281 471 102 203 32 98 70 154 76 163 209 363 201 351 259 439 102 202 175 313 113 219 260 440 105 207 173 309 127 240 294 491 241 411 15 73 223 385
140 20 2523 291 486 289 483 250 425 211 367 123 234 161 292 60 140 154 281 95 193 41 111 17 75 84 176 70 155 85 177 223 384 3 54 292 487 181 321 238 406 286 479
141 20 2626 128 241 90 185 84 175 216 374 201 352 256 434 250 425 197 346 266 449 47 120 114 221 168 301 285 478 201 352 175 312 44 116 87 180 49 123 153 279 272 458
142 20 2566 192 337 23 84 41 111 136 254 12 68 231 397 283 475 262 443 195 342 232 398 290 484 257 436 151 276 136 253 146 269 165 298 179 319 110 215 6 58 161 291
143 20 2403 293 490 32 97 294 491 283 474 178 317 202 352 23 84 198 346 119 228 73 159 229 394 65 147 245 417 289 483 141 262 56 134 73 159 118 227 10 64 83 174
144 20 2094 21 82 12 68 86 178 63 145 35 103 164 296 214 370 48 121 179 319 290 484 259 439 193 339 151 276 73 159 2 53 122 232 146 269 40 109 293 490 227 390
145 20 2429 257 436 71 156 71 156 236 404 243 415 237 406 63 144 63 145 102 202 244 416 4 56 162 293 64 146 89 183 136 254 263 444 156 284 280 470 29 93 267 451
146 20 2540 186 329 281 471 126 239 41 111 283 474 212 368 271 457 12 68 179 319 57 135 213 369 189 333 274 461 54 130 115 222 121 232 44 115 233 399 237 405 47 120
147 20 2154 248 421 89 183 185 327 240 410 162 293 161 292 146 269 39 108 12 68 40 110 171 306 147 270 272 458 99 198 213 369 119 228 55 132 20 80 105 207 170 304
148 20 2763 186 329 37 106 210 364 56 134 185 328 86 179 47 120 284 476 195 342 210 365 299 499 203 354 189 333 243 414 182 323 174 310 228 392 144 266 267 450 29 94
149 20 2936 208 362 217 376 279 469 138 257 243 414 170 305 178 317 251 427 126 239 24 86 189 333 134 251 108 212 171 306 266 448 191 337 234 401 123 234 236 403 184 326
150 20 2526 170 305 208 361 38 106 272 458 63 144 154 280 245 417 273 459 123 234 239 409 40 109 271 457 164 295 211 366 74 161 156 284 170 305 130 245 5 57 152 278
151 20 2593 216 373 286 479 158 287 7 61 133 250 268 451 236 404 36 103 221 381 102 202 235 402 291 486 145 268 84 176 165 298 108 212 213 370 158 286 90 185 90 185
152 20 2387 13 69 280 470 115 222 282 473 152 278 243 414 231 396 291 486 1 52 167 301 199 349 50 124 31 96 209 363 45 117 228 392 130 244 236 404 68 152 13 70
153 20 2080 115 223 63 144 133 249 24 86 194 341 37 105 266 448 218 377 5 57 120 230 121 231 245 417 168 302 164 296 94 190 265 447 121 231 30 94 78 167 140 260
154 20 2112 144 265 185 327 234 401 41 111 138 257 117 225 70 155 93 190 138 256 181 321 196 344 120 230 70 154 210 365 129 244 35 102 59 139 184 325 128 241 168 301
155 20 2432 138 257 168 301 248 421 46 119 254 431 106 209 287 480 1 51 187 330 288 482 136 253 24 86 25 87 263 444 78 166 176 313 20 80 272 458 121 231 203 354
156 20 2351 241 411 139 258 39 108 237 406 85 178 91 186 121 231 29 93 42 113 286 478 8 61 25 88 195 342 58 136 156 284 208 361 271 456 260 440 231 396 217 376
157 20 2250 95 193 48 122 34 101 274 461 10 65 138 257 209 364 262 443 219 379 65 148 103 204 147 271 123 234 194 340 70 154 84 175 199 349 206 358 142 263 191 336
158 20 2291 214 370 224 386 52 128 99 198 128 241 197 345 76 164 146 269 115 223 106 209 287 481 74 160 84 175 288 482 86 179 142 262 96 194 237 405 192 338 21 81
159 20 2467 241 411 143 264 223 384 208 362 75 162 1 51 180 320 228 392 37 106 236 404 152 278 93 189 185 327 70 154 285 478 219 378 160 290 111 216 36 104 201 351
160 20 2965 57 136 294 491 292 488 260 440 13 69 252 428 172 307 272 457 298 496 209 363 86 178 232 398 239 408 240 410 274 460 94 190 44 115 141 261 199 349 39 108
161 20 1830 191 337 17 75 43 114 239 408 228 392 219 379 34 101 53 130 238 407 26 89 300 500 25 87 34 101 79 169 13 70 92 188 108 212 249 423 82 173 18 77
162 20 1936 201 351 183 324 287 480 233 400 3 54 149 273 54 131 72 158 296 494 237 405 124 235 68 151 138 257 111 216 34 101 72 157 105 207 1 51 38 107 14 70
163 20 2254 8 62 78 167 11 67 19 79 236 403 182 322 282 473 174 310 85 178 300 500 15 73 120 229 260 440 92 188 174 310 130 245 200 350 146 269 128 242 178 317
164 20 2783 230 395 289 484 213 370 93 189 15 72 37 105 87 180 239 409 242 413 279 468 210 364 183 324 204 355 247 420 225 387 47 121 243 415 234 401 96 194 66 148
165 20 1891 155 283 165 298 49 123 62 142 151 277 14 70 195 343 207 361 76 163 165 298 81 172 75 162 10 65 172 307 62 142 49 124 234 400 95 192 227 390 120 230
166 20 2942 299 499 132 248 293 489 208 362 27 90 275 462 230 394 98 196 116 223 258 437 275 462 258 436 219 378 58 137 15 73 198 347 287 480 84 175 96 194 252 428
167 20 2250 3 55 230 395 103 205 24 86 61 142 170 305 219 378 248 421 135 252 170 305 93 189 155 282 106 208 227 391 228 392 58 136 187 330 111 217 184 326 101 201
168 20 3072 234 401 122 233 271 456 271 456 210 365 292 488 87 180 246 419 228 391 218 377 134 251 214 371 296 493 28 92 279 469 71 156 158 286 241 411 180 319 61 142
169 20 2788 202 353 99 198 276 464 235 402 191 336 274 461 33 100 44 116 204 356 33 100 140 259 243 414 85 177 290 485 240 410 18 76 214 371 262 443 157 285 245 417
170 20 2723 264 446 291 486 209 364 288 481 191 336 31 97 137 255 203 354 65 147 257 436 23 84 48 122 268 452 98 196 26 88 295 492 276 464 23 84 281 472 130 245
171 20 2771 180 319 25 88 198 346 192 337 193 340 162 292 152 277 33 99 153 280 259 438 216 374 150 274 262 443 130 244 32 98 172 307 260 440 152 278 260 440 283 475
172 20 2379 88 181 113 220 159 288 245 418 161 291 53 130 229 394 167 301 174 310 220 379 242 412 137 255 221 381 47 120 18 77 230 395 241 412 74 161 153 279 2 52
173 20 2168 230 395 51 126 203 355 15 72 10 64 250 424 273 460 286 478 77 165 14 71 51 126 2 53 249 423 25 87 139 258 126 239 188 332 222 382 48 121 252 427
174 20 2118 224 386 270 455 177 315 60 140 78 167 193 340 84 175 137 256 127 240 23 85 161 291 111 217 32 97 216 374 256 434 63 144 77 166 125 237 121 232 113 219
175 20 2163 143 264 164 295 194 341 226 389 188 331 107 210 61 141 50 125 95 193 242 413 186 328 42 112 131 246 21 81 146 268 274 461 79 168 34 101 249 423 72 158
176 20 1997 16 74 16 74 288 482 72 158 72 158 48 122 200 350 97 195 285 477 28 92 142 263 55 133 212 368 65 148 271 456 64 145 41 111 182 323 254 431 89 184
177 20 3013 272 458 249 423 285 477 181 322 88 182 45 117 258 437 46 119 241 411 139 258 90 185 270 455 180 320 199 348 32 98 245 417 248 422 214 371 271 456 214 370
178 20 2698 18 77 69 154 190 335 282 472 209 363 110 214 240 410 47 120 237 405 269 453 263 445 160 290 26 88 180 320 145 268 236 404 253 429 44 116 170 305 225 388
179 20 2731 130 244 133 249 265 448 62 142 289 483 123 235 56 134 46 118 240 410 261 442 138 257 255 432 220 380 179 318 142 263 202 353 225 387 291 487 24 86 133 249
180 20 2705 58 137 171 307 42 113 67 150 283 474 123 234 164 296 118 227 183 325 279 468 87 180 210 365 89 183 212 368 293 489 266 448 83 174 262 442 130 244 262 443
181 20 2700 3 55 2 52 282 473 120 230 97 196 185 327 285 478 289 483 254 431 71 156 190 335 187 330 57 135 200 350 232 397 243 415 223 384 292 488 45 117 119 228
182 20 2496 299 499 114 220 216 374 60 140 153 280 273 459 78 166 82 173 117 225 200 349 20 79 20 79 199 348 294 491 171 307 35 103 275 462 294 491 214 371 7 61
183 20 2488 225 387 56 134 241 411 254 431 71 156 66 149 286 479 240 409 3 54 160 290 270 455 46 118 184 325 82 173 243 414 155 283 210 365 72 157 112 218 135 252
184 20 2491 241 412 196 344 265 447 6 59 283 474 270 455 169 303 240 410 19 78 184 326 49 123 96 194 56 133 15 72 47 121 261 442 281 471 183 324 99 198 154 280
185 20 2111 91 187 16 74 80 169 41 111 86 179 275 462 26 89 97 195 176 314 180 319 225 387 140 259 283 474 82 172 240 410 154 280 134 250 191 336 68 152 54 131
186 20 2501 212 368 251 426 147 270 142 262 180 320 200 349 15 72 231 396 22 83 288 482 252 427 179 318 69 153 51 126 201 351 127 240 95 192 48 121 290 485 127 241
187 20 2547 300 499 160 289 124 236 10 65 79 169 70 155 30 95 85 177 235 403 232 398 66 149 227 391 137 256 174 310 300 499 91 187 104 206 235 402 280 470 245 418
188 20 2796 148 272 177 315 82 172 269 453 6 58 264 445 242 413 245 417 121 231 279 468 182 323 220 380 52 128 26 88 158 287 114 220 272 457 168 302 206 358 265 447
189 20 2422 144 265 276 464 31 97 230 395 210 365 235 402 14 71 180 320 239 409 55 132 82 173 232 398 79 168 84 175 156 283 224 386 76 163 271 456 27 90 183 325
190 20 2341 122 232 214 370 108 212 211 366 24 85 106 209 38 106 245 417 164 295 297 495 90 185 23 84 103 204 206 358 222 383 16 74 207 360 254 430 18 77 259 438
191 20 2381 184 326 31 96 161 291 77 165 90 184 263 445 239 408 140 259 142 263 195 342 246 418 134 251 201 351 32 98 191 336 24 86 190 335 292 488 68 152 77 165
192 20 2925 24 85 143 265 74 161 272 458 188 331 247 420 197 346 208 362 108 212 255 432 286 479 139 258 248 422 213 369 242 413 121 231 296 494 16 74 164 295 216 374
193 20 2384 269 453 199 348 198 347 220 379 50 125 127 240 69 153 244 415 151 276 190 334 184 326 165 298 13 69 38 106 285 477 1 51 57 136 40 109 261 442 220 380
194 20 2209 88 181 7 60 274 460 256 434 88 182 185 327 114 221 47 120 119 228 186 329 4 56 150 275 131 246 183 325 112 217 225 387 131 247 218 376 55 133 189 333
195 20 2290 246 419 80 170 172 308 293 489 209 363 76 163 300 500 112 218 160 290 137 255 15 72 278 466 37 105 151 277 55 132 30 95 149 273 104 206 17 75 242 413
196 20 2697 247 421 36 104 258 437 135 252 50 124 194 340 230 395 186 329 294 491 120 230 218 377 83 174 142 262 204 356 185 328 251 426 118 227 282 472 70 155 69 154
197 20 2050 113 219 98 197 119 228 146 269 15 72 167 300 162 293 241 411 112 218 228 391 10 65 276 464 24 86 24 86 34 100 269 453 95 193 251 426 159 288 20 80
198 20 2468 30 95 271 456 228 392 54 131 248 422 206 358 262 443 290 485 100 199 92 187 52 128 170 305 96 193 31 96 279 468 281 472 7 60 15 72 265 448 109 213
199 20 2014 192 338 196 343 81 171 147 270 288 482 47 120 23 85 151 276 89 184 51 126 250 425 43 115 111 216 69 153 255 433 54 131 74 161 197 346 89 184 111 216
200 20 2135 86 178 59 138 90 185 150 274 57 135 175 313 238 406 254 431 171 306 195 342 244 416 56 134 25 87 51 126 60 139 119 228 274 460 87 180 110 215 168 302
201 20 2184 275 463 35 102 184 326 167 300 27 90 184 325 29 94 149 274 236 404 103 204 206 359 253 430 106 209 134 250 40 109 257 435 29 93 21 81 83 175 212 368
202 20 2118 38 107 271 457 261 442 78 167 136 253 27 90 156 283 103 204 86 178 128 241 90 185 123 234 97 195 252 428 112 218 148 271 35 102 100 199 198 347 209 363
203 20 2254 107 210 232 397 120 229 39 109 21 81 232 398 270 455 278 467 271 457 42 113 20 80 51 126 185 327 257 435 42 113 168 301 152 278 108 212 187 330 36 104
204 20 2624 276 463 258 437 195 343 110 215 228 391 240 410 154 281 109 213 267 450 26 88 294 490 286 479 65 148 16 73 223 385 21 81 33 100 29 93 166 299 284 476
205 20 2524 87 180 108 211 122 233 282 473 195 342 77 165 247 420 71 157 23 84 240 410 283 474 226 389 174 311 165 297 214 371 66 148 161 292 166 298 234 400 15 72
206 20 2428 290 485 188 331 110 214 108 212 189 334 117 225 283 475 191 337 113 219 171 307 54 131 80 169 132 247 142 262 230 395 196 343 266 449 102 202 34 101 40 110
207 20 2127 190 335 228 391 246 419 173 310 280 470 3 55 26 89 192 338 135 252 161 291 27 91 27 90 89 183 29 93 62 143 45 118 130 245 169 303 251 426 196 344
208 20 2080 227 390 157 286 207 360 54 130 253 430 26 88 63 145 21 81 57 135 105 207 65 147 143 265 258 436 44 115 255 432 48 122 276 463 39 108 48 122 255 433
209 20 1789 158 286 77 166 44 116 35 103 245 417 65 148 54 130 128 241 82 173 26 89 242 413 114 221 123 234 71 157 116 224 76 164 191 336 276 464 24 85 90 184
210 20 2572 213 369 167 300 293 490 174 311 80 169 250 425 43 114 205 357 35 103 243 414 185 327 27 90 113 220 215 372 235 403 299 499 114 221 138 257 168 302 19 78
211 20 2448 61 141 78 166 65 147 175 312 243 415 260 439 271 456 143 264 181 322 56 134 234 400 94 190 235 402 232 398 193 339 24 86 171 306 187 330 28 92 130 245
212 20 2144 20 79 24 86 142 263 51 126 37 106 241 411 181 322 134 251 267 450 21 81 260 440 63 144 9 64 128 242 182 323 191 336 51 127 264 446 186 329 229 393
213 20 2203 175 312 156 284 158 287 284 476 207 361 3 55 21 81 63 144 104 206 65 147 249 423 104 205 21 82 108 212 196 343 245 418 71 157 179 318 172 307 173 309
214 20 2640 282 473 69 154 193 339 58 137 279 468 271 456 160 289 258 437 56 133 159 289 71 156 26 88 245 417 287 481 208 361 224 386 251 427 66 149 11 67 126 239
215 20 2624 143 264 105 207 175 312 40 110 63 145 280 469 113 219 140 259 300 500 79 169 252 427 82 173 296 494 27 91 24 85 220 380 289 484 257 435 230 394 166 299
216 20 2663 135 252 184 326 127 240 82 173 242 413 117 226 37 105 139 258 199 348 278 467 193 340 116 224 104 206 193 340 269 453 246 419 195 342 207 361 203 354 63 145
217 20 1995 164 296 31 96 102 202 212 367 75 163 79 168 295 493 63 144 139 258 29 93 99 198 144 265 41 111 120 230 40 110 113 219 176 313 227 390 109 213 236 403
218 20 2483 280 470 93 189 259 438 205 357 110 215 119 228 291 486 292 487 174 311 152 278 39 109 23 84 257 435 291 486 136 253 189 333 35 102 73 159 84 175 2 53
219 20 2493 256 433 254 431 79 168 206 358 276 464 42 113 141 261 87 181 30 94 277 465 224 386 16 73 283 475 30 95 40 110 29 93 158 287 296 494 196 343 197 346
220 20 2045 54 131 98 196 107 211 25 88 103 205 121 232 275 463 238 407 94 190 294 491 278 467 116 224 5 57 144 266 122 233 106 209 218 377 34 101 25 87 100 199
221 20 2045 52 127 32 98 87 180 166 299 118 226 90 185 50 124 183 324 231 397 201 351 143 265 140 260 178 317 287 481 89 183 205 357 71 157 104 206 36 104 94 191
222 20 2672 300 500 35 102 177 315 267 450 64 146 236 404 235 402 31 96 250 424 219 379 136 254 81 171 111 217 57 135 172 307 264 445 162 293 162 293 254 431 127 240
223 20 2320 184 325 166 299 134 251 104 205 89 183 71 156 108 212 78 167 215 372 116 223 285 477 98 197 227 390 123 234 66 148 154 280 198 347 200 350 10 64 274 461
224 20 2416 170 305 281 471 296 494 55 132 149 274 132 248 129 243 53 129 228 391 295 492 269 453 76 164 146 269 166 299 53 130 292 488 13 70 124 236 74 160 20 80
225 20 2662 79 169 98 196 253 429 74 161 157 285 291 487 153 280 98 197 237 406 262 443 115 222 298 496 155 282 245 417 51 127 296 494 31 97 161 291 63 144 211 367
226 20 2919 219 378 137 255 39 109 121 232 297 496 297 496 264 445 125 238 189 333 245 417 133 250 131 246 46 118 209 364 183 325 283 474 61 141 91 187 284 475 295 493
227 20 2230 156 283 44 116 18 77 5 58 51 126 57 135 292 488 61 142 160 290 266 449 98 196 160 290 231 397 173 309 94 191 202 353 229 394 141 261 104 206 246 419
228 20 1840 14 71 206 358 143 264 186 328 81 171 165 297 118 226 42 113 139 259 175 312 5 57 275 462 207 361 118 227 193 340 44 115 85 177 8 61 2 53 95 192
229 20 2762 240 410 231 396 207 360 264 446 242 413 229 393 285 477 25 88 44 116 96 194 174 310 170 305 273 459 190 334 21 82 240 409 23 84 162 293 43 114 294 490
230 20 2296 52 127 152 278 120 230 8 61 238 407 253 429 6 59 241 411 174 311 96 194 84 176 101 201 85 178 146 268 218 376 268 451 235 402 89 183 25 88 280 470
231 20 2176 175 312 288 481 41 111 36 103 45 118 215 372 229 393 12 67 290 485 131 247 200 350 206 359 262 443 30 94 68 152 149 273 10 65 200 350 31 96 102 203
232 20 2528 167 300 186 328 173 309 187 330 240 410 71 156 220 380 284 475 240 410 78 166 179 319 228 391 147 270 12 67 8 62 251 427 243 415 16 74 92 187 138 257
233 20 2126 106 208 120 230 120 229 91 186 197 345 215 372 9 64 137 256 155 282 29 93 211 366 239 409 16 73 34 100 172 307 275 463 157 285 18 77 61 141 296 494
234 20 2708 178 317 285 477 113 220 204 355 82 173 237 405 76 164 25 87 197 345 276 464 95 192 59 139 294 490 205 357 186 328 130 245 4 55 262 443 260 440 217 375
235 20 2481 72 158 136 253 157 285 143 264 35 102 293 489 257 436 205 358 119 228 201 352 29 94 243 414 257 435 16 74 61 141 233 399 241 411 110 215 74 160 220 380
236 20 2252 21 81 71 157 178 316 95 193 164 295 228 392 257 435 186 329 42 112 166 298 221 382 290 484 200 350 34 100 97 196 176 313 195 342 114 221 32 98 48 122
237 20 2420 64 146 217 375 186 329 226 388 35 102 166 298 74 161 274 460 194 341 80 170 59 138 147 270 14 71 214 370 258 436 141 262 251 426 129 243 270 454 26 89
238 20 2720 44 115 251 426 268 451 292 487 212 368 87 180 123 234 159 288 54 131 155 282 68 152 25 88 289 483 126 239 19 79 267 450 198 347 196 344 291 486 277 466
239 20 2920 250 425 274 461 29 94 181 321 66 149 125 237 20 79 289 483 288 481 225 388 276 464 86 178 184 326 146 268 180 320 288 481 133 249 212 368 250 425 148 272
240 20 2613 19 78 154 281 86 178 178 316 250 425 298 497 298 497 38 106 97 196 97 196 29 94 288 482 134 251 245 418 261 442 252 427 72 158 145 267 260 440 66 149
241 20 2129 144 266 205 357 157 286 166 298 228 392 8 61 227 390 142 262 92 188 14 70 66 149 137 255 61 141 145 267 28 91 185 327 173 310 107 210 119 229 258 437
242 20 3063 204 356 152 277 193 339 271 456 150 275 179 318 275 462 140 260 132 247 40 109 167 301 208 361 98 196 196 344 151 277 155 283 286 478 286 478 260 440 286 479
243 20 2460 298 497 85 177 280 469 290 484 297 495 58 137 19 78 49 124 199 348 16 73 153 280 122 232 9 64 121 231 11 66 279 468 182 323 265 447 299 498 43 115
244 20 1646 63 145 123 234 23 85 46 119 33 99 223 385 44 116 41 111 15 72 13 70 286 479 231 396 15 72 296 493 90 184 194 341 67 150 49 124 144 266 62 143
245 20 2218 78 167 281 471 260 439 185 328 39 108 223 385 122 232 32 97 23 85 24 86 276 463 296 494 47 121 89 183 177 315 97 195 34 101 23 84 277 466 190 334
246 20 2700 86 179 26 89 69 154 299 499 55 132 181 321 268 451 19 78 126 239 268 451 203 354 139 258 289 484 72 158 243 414 164 295 150 274 281 472 207 360 230 395
247 20 2722 247 420 87 181 275 462 276 464 14 71 290 485 153 280 149 273 254 431 99 198 235 402 268 452 117 226 80 170 110 215 244 415 43 114 232 398 123 234 107 211
248 20 2051 82 173 6 58 196 344 29 93 115 222 228 391 107 211 258 437 170 304 290 485 147 270 49 123 223 384 144 265 29 93 135 253 147 270 4 56 6 59 199 348
249 20 2712 296 494 155 283 71 157 120 229 164 295 256 433 283 474 83 175 184 326 240 409 195 343 95 192 81 171 288 482 147 271 36 104 103 204 48 122 266 449 279 468
250 20 2784 205 357 46 119 271 456 165 297 189 333 211 367 26 89 92 187 249 423 204 356 145 267 127 241 294 490 112 217 159 289 81 172 242 413 285 478 106 209 272 458
251 20 2047 230 395 16 74 130 244 91 186 166 299 8 62 47 121 212 368 231 396 119 229 147 270 247 420 222 383 298 497 33 99 17 76 209 363 16 74 3 55 117 225
252 20 2480 100 200 232 397 186 329 188 332 273 460 208 361 48 122 179 318 251 426 14 71 291 486 7 61 7 61 193 340 157 286 95 192 174 311 220 380 205 357 72 158
253 20 2144 290 485 44 115 109 214 269 453 228 392 162 293 272 457 84 175 35 102 173 309 89 183 256 433 12 68 97 195 121 231 81 171 50 124 55 133 143 265 111 217
254 20 2188 69 153 259 438 286 479 79 168 102 203 213 369 1 51 282 472 4 55 154 281 84 175 236 403 163 294 37 105 22 83 165 298 57 135 80 169 284 476 158 286
255 20 2776 209 364 271 456 240 410 282 473 45 117 25 87 208 361 293 489 116 223 253 429 291 487 145 267 189 334 251 426 47 120 293 489 61 142 48 121 88 182 116 223
256 20 2145 124 236 9 64 99 198 34 100 216 373 53 130 82 173 229 394 134 250 118 226 55 132 69 153 298 496 116 223 160 289 217 375 75 162 271 456 121 231 202 353
257 20 2303 73 159 153 279 174 310 72 158 280 470 15 72 141 261 198 347 14 70 170 304 268 452 7 60 160 290 114 220 121 231 226 389 214 371 194 340 160 289 125 237
258 20 2411 207 361 141 261 288 481 34 100 14 71 43 114 237 405 44 116 136 254 111 216 227 390 269 453 127 241 188 332 66 149 141 261 178 316 253 429 230 394 80 169
259 20 2536 215 373 46 119 232 398 232 398 151 276 82 173 193 340 51 127 239 408 187 330 154 280 98 197 219 378 253 429 241 412 290 485 199 349 9 64 56 134 24 86
260 20 2305 167 300 177 315 60 140 62 143 111 216 44 115 262 443 205 358 33 100 52 128 284 476 150 275 247 420 298 496 206 358 37 105 190 335 214 370 52 127 31 96
261 20 2730 271 456 124 236 21 82 186 329 33 100 159 288 223 385 223 385 265 448 118 227 178 317 83 175 53 129 230 395 256 434 231 396 298 496 42 113 233 399 186 329
262 20 1744 101 201 155 282 168 302 157 285 16 74 48 122 291 487 54 131 100 199 71 156 98 196 100 200 160 290 285 478 34 101 114 221 7 60 25 87 43 115 153 280
263 20 2206 88 181 219 378 45 118 43 115 212 367 136 254 275 463 21 81 148 271 32 98 187 331 147 270 45 118 111 217 178 316 230 395 205 357 33 99 294 491 109 213
264 20 2615 158 287 24 86 277 466 169 304 73 159 247 420 119 228 251 426 160 290 96 194 39 108 257 436 299 498 196 344 159 288 91 186 113 220 150 275 133 249 258 436
265 20 2508 177 315 153 279 274 460 188 332 61 141 11 66 13 69 231 396 187 330 194 341 26 89 225 387 141 262 1 51 34 101 227 391 247 421 300 500 148 271 298 497
266 20 2296 3 54 160 290 261 441 42 113 44 115 108 212 54 130 54 131 117 225 39 108 107 210 174 311 249 424 279 468 179 319 276 464 147 270 204 355 75 162 298 497
267 20 2923 171 307 244 415 69 153 173 310 146 268 227 390 47 121 159 288 179 318 217 375 240 410 102 203 42 112 196 344 273 459 130 245 247 421 265 448 286 478 241 411
268 20 2299 148 272 23 84 91 186 60 140 62 143 173 310 251 427 14 71 158 287 182 323 267 450 112 218 267 451 191 336 264 445 43 114 58 136 220 379 54 131 236 403
269 20 2110 154 281 82 172 254 431 21 81 5 57 17 76 56 133 202 353 227 390 109 214 112 218 117 225 148 271 150 275 185 327 151 276 115 222 158 286 81 172 294 491
270 20 2588 67 150 119 228 289 484 111 216 75 162 248 421 282 473 149 274 262 442 40 110 139 259 288 482 98 197 125 237 59 138 219 378 265 447 156 284 137 255 107 211
271 20 2057 184 326 216 374 44 115 56 134 100 200 132 248 206 359 47 121 135 253 118 227 86 179 268 451 155 282 229 394 132 247 94 190 70 154 275 462 19 78 6 59
272 20 2751 287 480 233 399 77 165 131 246 291 486 173 310 13 70 269 453 86 178 49 124 251 426 194 341 177 315 150 274 186 329 166 298 202 353 129 244 76 163 299 498
273 20 1869 232 398 144 265 104 206 243 414 60 140 72 157 71 157 206 358 23 85 42 113 117 226 57 135 111 216 156 283 44 116 8 62 191 336 53 129 233 400 170 304
274 20 1885 126 239 103 204 150 274 147 270 273 459 32 97 51 126 254 431 71 157 71 156 165 297 68 152 40 110 179 318 168 302 33 100 62 142 101 201 136 254 127 240
275 20 2535 41 111 22 82 295 492 264 446 140 260 110 214 177 316 99 198 211 367 74 161 98 196 222 382 76 164 189 333 105 207 223 384 261 442 63 144 211 366 288 481
276 20 2104 239 408 202 352 50 125 121 231 163 294 25 88 220 380 24 86 215 373 149 273 107 210 138 257 235 402 15 73 300 500 36 103 133 249 39 108 28 92 192 338
277 20 2791 83 174 162 292 288 482 212 368 293 489 17 75 218 377 283 474 5 58 190 335 235 403 205 357 292 488 172 308 28 92 193 340 276 464 114 221 168 302 55 133
278 20 2713 181 321 234 400 207 360 51 127 49 124 31 96 107 210 56 134 18 77 211 366 241 411 254 430 180 319 290 485 248 422 92 188 232 398 196 344 261 441 253 430
279 20 2372 150 275 231 396 94 191 183 324 130 245 122 232 283 474 216 374 243 414 8 62 77 165 141 261 192 337 89 183 163 294 94 190 94 190 146 269 67 151 242 412
280 20 2263 254 430 297 496 98 196 256 433 159 288 15 73 220 380 37 106 196 344 169 303 249 423 167 300 7 60 93 190 67 150 62 143 277 465 20 79 180 319 6 59
281 20 2309 173 309 300 500 96 193 123 234 139 258 248 421 51 126 140 260 278 467 291 486 173 310 115 223 56 133 103 204 20 80 202 353 84 176 135 253 28 92 132 247
282 20 2432 36 104 188 332 47 121 103 204 5 57 225 388 278 467 93 189 49 123 186 329 79 168 188 332 149 273 276 464 152 278 285 478 82 172 170 304 284 476 165 297
283 20 2477 122 233 248 422 51 126 255 432 42 112 105 207 251 426 68 152 138 257 118 227 136 254 152 278 261 441 214 371 159 289 161 291 284 476 147 270 96 193 89 183
284 20 1932 30 95 240 410 29 93 61 142 172 307 80 169 98 197 210 365 82 172 49 123 180 320 113 219 243 414 281 471 167 301 2 52 9 63 179 318 12 68 178 317
285 20 2527 297 496 34 101 220 380 197 346 88 182 296 494 171 306 150 275 142 263 47 121 213 369 294 491 97 196 221 381 46 119 84 176 17 75 200 350 174 311 171 307
286 20 2164 149 273 7 61 42 113 17 75 161 291 269 454 165 298 114 221 114 220 213 369 162 293 26 89 246 418 194 341 54 131 236 403 106 208 285 477 36 104 110 215
287 20 2104 50 125 206 359 23 85 52 128 278 467 215 373 58 137 279 468 50 125 184 326 43 114 64 146 141 261 135 253 94 191 300 500 226 389 160 290 52 128 21 82
288 20 1958 280 469 245 418 86 179 15 73 25 87 173 310 171 306 71 157 129 243 16 74 97 196 241 411 300 500 79 169 110 214 12 68 37 105 205 358 145 268 11 66
289 20 1954 102 202 175 313 1 52 72 157 230 394 143 265 36 104 295 492 21 81 19 78 80 169 31 96 178 317 63 145 222 383 47 120 261 441 149 274 89 183 229 393
290 20 2456 234 401 261 441 236 404 121 232 137 256 182 323 147 270 126 239 288 481 238 407 35 102 43 114 206 358 126 239 9 63 172 308 173 310 117 226 21 82 198 347
291 20 2362 208 362 155 282 85 177 195 342 283 474 107 210 186 329 90 185 145 268 233 400 150 275 75 162 29 94 257 435 116 224 14 71 61 141 258 436 262 442 44 116
292 20 2092 115 222 244 415 13 69 217 375 201 352 47 121 28 92 12 67 237 406 29 94 54 130 77 165 284 476 81 171 144 266 108 212 56 134 283 474 293 489 92 187
293 20 2665 232 398 249 423 80 169 213 370 64 146 29 93 242 413 268 451 252 428 174 311 220 380 28 91 246 419 35 102 68 152 131 247 121 231 127 240 268 451 285 477
294 20 2200 116 224 268 451 21 82 62 142 227 391 143 265 150 274 43 114 81 171 192 338 68 151 138 256 136 253 100 200 269 453 197 346 12 67 230 394 171 306 127 241
295 20 2568 12 68 197 345 263 444 17 75 161 291 156 283 138 257 72 157 244 416 13 70 232 398 274 461 271 457 63 144 163 294 238 407 200 349 274 461 156 284 67 150
296 20 2724 25 87 125 237 280 470 209 363 268 452 195 342 125 237 24 86 23 84 228 391 291 487 17 75 254 431 151 276 262 442 139 258 270 455 171 306 165 297 184 325
297 20 2139 152 278 190 335 52 128 105 208 168 302 130 244 174 311 60 140 49 123 2 52 121 231 131 246 198 347 264 446 65 147 5 57 117 226 145 267 250 425 296 494
298 20 2032 155 283 150 275 242 412 114 220 63 144 135 252 157 285 33 100 149 274 89 184 23 85 209 364 201 351 49 123 81 172 192 337 42 113 271 457 147 270 38 106
299 20 1912 210 365 276 464 106 209 72 158 202 353 81 171 130 245 227 390 172 308 13 69 138 257 55 132 1 51 206 359 41 112 47 120 61 142 150 275 172 307 31 96
300 20 2772 151 276 218 377 229 394 97 195 249 423 289 483 201 351 56 134 228 392 295 493 38 107 11 67 191 336 280 470 163 294 132 248 52 127 214 370 297 496 74 160
301 20 2256 243 414 30 95 190 335 72 158 70 155 289 483 137 255 77 166 189 334 121 231 199 348 50 124 53 130 241 411 66 149 10 65 135 252 267 450 219 378 163 294
302 20 2160 82 173 144 265 252 428 7 60 116 224 48 121 97 195 241 411 180 320 84 176 40 110 195 342 36 104 1 51 134 251 231 396 264 446 164 296 84 176 300 500
303 20 2117 167 300 11 66 50 125 87 180 155 283 113 220 263 445 19 79 269 454 172 307 182 322 275 463 169 304 181 321 111 217 109 213 25 88 19 78 213 370 57 136
304 20 2683 200 350 26 89 261 441 75 163 239 408 149 273 215 373 134 251 284 475 73 159 224 385 154 281 156 284 279 468 3 54 105 207 137 255 207 361 229 393 204 355
305 20 1999 256 434 176 314 167 301 298 497 113 219 103 204 51 126 260 440 12 67 14 70 18 77 31 96 1 51 268 452 147 271 54 131 193 339 4 55 269 453 64 146
306 20 2444 155 282 151 276 59 138 181 322 66 148 167 301 47 120 132 248 21 82 173 309 72 157 108 211 291 487 290 485 209 363 238 406 103 204 292 488 91 186 209 363
307 20 2162 45 118 5 57 105 207 156 284 109 213 191 336 68 151 51 127 245 417 251 426 288 482 201 351 15 72 256 434 3 54 10 64 282 473 85 177 54 130 283 474
308 20 1627 148 271 29 94 102 203 36 103 228 392 138 257 164 296 60 140 105 207 13 69 143 264 31 96 81 171 23 84 69 153 293 489 89 184 147 270 41 111 94 191
309 20 2389 293 489 259 438 130 244 173 310 294 491 12 68 222 383 286 478 85 178 112 218 68 152 9 64 52 128 179 319 81 171 269 453 23 84 234 400 83 175 123 235
310 20 2590 183 324 246 419 84 176 290 485 53 129 125 237 4 55 253 429 167 301 145 267 147 271 184 326 270 455 111 217 265 448 106 209 263 444 144 266 158 287 40 110
311 20 2787 225 387 96 194 199 349 247 421 243 415 158 287 20 80 298 497 283 474 83 174 299 499 10 64 271 456 185 327 260 440 60 140 77 165 157 285 53 129 260 440
312 20 2428 151 277 195 343 141 261 235 402 138 257 205 358 171 306 260 440 43 115 110 215 92 188 139 258 68 151 292 487 78 167 148 272 2 52 225 387 236 404 107 210
313 20 2328 42 113 229 393 98 197 204 355 75 162 229 393 112 217 162 292 47 120 255 432 40 110 47 120 159 288 264 445 247 420 191 336 46 119 80 169 270 454 114 221
314 20 2480 291 486 215 372 153 279 144 265 170 305 108 211 145 267 157 286 125 238 217 375 271 456 227 390 11 66 293 490 211 366 92 187 43 114 80 169 34 100 114 221
315 20 2652 213 369 213 370 270 455 161 291 182 323 124 236 46 118 9 63 123 235 139 259 247 420 238 407 169 303 151 276 93 190 199 349 269 453 254 430 144 266 71 157
316 20 2875 269 454 61 142 122 233 179 318 118 227 291 486 212 368 230 394 262 443 155 282 29 94 253 430 235 402 31 96 76 164 250 424 276 464 207 360 238 406 100 200
317 20 2689 26 89 18 77 141 261 281 472 289 483 235 403 177 315 234 401 62 142 280 469 70 155 267 450 108 212 219 378 171 306 299 499 114 221 59 138 254 430 58 137
318 20 2340 245 417 207 360 242 412 255 433 41 111 4 56 83 174 140 259 151 276 189 333 265 447 64 145 157 285 173 309 41 112 129 244 81 172 11 67 299 498 148 272
319 20 2224 280 469 280 470 231 396 120 230 196 344 24 86 29 94 129 244 31 97 69 153 15 72 73 159 210 365 207 360 184 326 85 177 191 336 216 374 36 103 174 310
320 20 2373 172 308 7 60 36 104 93 190 293 489 104 205 253 429 240 410 28 91 140 260 11 66 141 262 225 387 237 405 80 170 107 210 215 372 300 500 241 411 44 116
321 20 2068 63 144 160 290 67 150 36 104 119 228 245 417 83 174 1 51 23 85 246 419 288 482 191 337 199 348 97 196 275 463 237 405 101 201 2 52 70 154 82 172
322 20 1859 258 436 16 74 114 221 71 156 122 233 239 408 221 381 66 149 172 308 239 408 283 474 46 118 5 57 143 265 104 206 60 140 60 140 18 77 80 170 7 60
323 20 2508 211 367 277 466 40 109 42 113 70 154 230 395 7 60 290 484 294 491 194 340 41 111 133 249 89 184 136 253 244 415 207 360 18 77 153 279 214 370 245 417
324 20 2648 2 53 124 236 159 288 30 95 256 433 201 352 132 247 227 390 70 154 261 441 115 223 299 498 264 446 141 261 29 94 196 344 277 465 123 234 127 240 278 467
325 20 1961 192 338 99 198 151 277 68 151 119 228 180 319 199 349 51 127 216 373 135 253 2 53 36 104 139 259 134 251 264 445 216 374 14 70 43 114 130 244 64 145
326 20 2840 171 306 207 361 219 378 31 96 91 186 233 399 282 472 296 493 149 274 296 494 185 327 206 358 92 188 142 262 21 82 270 455 201 352 26 89 184 326 249 423
327 20 2612 114 221 279 468 81 171 69 153 287 480 188 332 4 56 298 497 135 253 215 372 77 165 34 100 279 468 161 291 218 377 293 489 23 84 249 423 144 266 117 225
328 20 2452 191 336 54 131 253 430 276 464 5 57 260 440 246 419 146 269 153 280 262 442 26 89 116 224 18 77 35 103 215 372 61 141 297 496 288 482 23 84 140 260
329 20 2149 240 410 202 352 276 464 80 170 22 82 201 351 94 191 49 124 120 230 233 399 189 333 74 161 19 78 232 398 250 424 161 292 49 123 138 257 51 126 7 60
330 20 2463 242 413 188 332 176 313 97 196 81 171 92 187 287 480 60 140 214 371 300 500 246 418 46 118 74 161 82 173 190 334 109 213 30 94 253 429 283 475 29 94
331 20 2862 207 360 104 205 233 399 47 121 288 481 247 420 178 317 276 463 271 456 103 205 108 212 71 156 199 349 16 74 268 452 291 486 146 269 123 235 185 328 217 375
332 20 2411 92 188 211 366 231 397 42 113 40 110 171 306 18 77 134 250 191 337 189 333 267 451 156 283 240 409 153 279 95 192 167 300 206 359 75 162 99 199 237 405
333 20 2759 21 82 254 431 262 442 65 147 156 283 232 397 165 297 270 455 55 133 254 431 161 291 72 158 270 455 200 350 164 295 177 315 149 273 255 433 39 109 228 392
334 20 2261 170 305 9 63 136 253 153 280 45 117 53 129 281 471 68 152 155 282 157 286 257 435 97 195 266 449 18 76 119 228 295 492 202 352 276 464 38 107 32 98
335 20 2128 176 313 8 62 199 348 115 223 265 448 6 58 33 99 290 485 94 191 70 155 57 136 274 460 224 385 85 177 164 296 102 203 105 208 117 225 202 352 74 161
336 20 2139 220 380 246 419 17 76 110 215 242 412 47 120 267 451 78 167 51 126 198 347 243 415 127 240 49 124 30 94 237 405 60 140 227 391 68 151 83 175 74 161
337 20 2394 281 471 169 303 237 406 239 408 182 322 21 82 78 167 189 333 7 61 68 151 237 406 114 220 66 148 274 461 187 330 35 102 100 199 112 218 272 458 125 237
338 20 2501 51 126 136 254 1 52 255 433 25 88 134 251 230 394 213 369 59 139 181 321 11 66 271 456 211 366 195 342 90 184 293 489 269 453 267 450 183 324 52 127
339 20 2563 257 435 183 324 168 302 179 318 170 305 192 338 158 287 203 354 21 82 210 364 167 300 106 208 98 197 300 500 9 64 102 203 120 229 166 299 181 321 214 371
340 20 2064 288 481 62 143 255 432 60 140 96 193 73 160 131 246 280 469 252 427 5 58 19 78 123 235 21 81 191 336 100 200 110 215 62 143 219 378 64 145 169 303
341 20 1811 48 121 56 134 49 123 215 372 87 180 75 162 76 164 52 127 170 305 59 138 43 114 23 84 7 60 279 469 235 402 162 293 37 105 284 475 42 112 265 447
342 20 2229 229 393 57 135 62 143 210 364 186 328 224 385 40 109 33 99 284 476 59 139 36 104 22 83 30 95 253 430 43 114 252 427 272 458 164 296 99 199 232 398
343 20 2669 235 402 277 466 172 307 193 339 194 340 185 327 255 433 160 290 213 369 185 327 170 304 60 140 91 186 7 61 58 137 55 133 161 292 125 237 275 462 266 449
344 20 2314 130 245 170 304 19 78 46 118 35 102 168 301 98 197 299 498 46 119 99 199 121 231 296 494 101 201 225 387 46 119 162 293 166 299 249 423 198 347 219 378
345 20 2660 159 289 296 493 197 345 69 153 251 426 198 347 65 148 288 482 6 59 297 496 187 330 38 107 6 58 182 323 270 454 268 451 61 141 4 55 266 449 218 376
346 20 2422 85 177 240 410 198 347 50 125 21 81 56 134 278 467 288 481 204 356 34 101 85 178 31 96 185 327 73 159 61 142 208 362 116 224 234 400 299 499 282 473
347 20 2333 124 236 112 218 180 320 25 87 155 283 131 247 226 388 261 441 211 366 226 389 223 384 215 372 103 204 106 209 1 52 290 485 6 59 75 162 123 235 124 236
348 20 1998 34 101 230 395 123 235 259 438 66 149 136 253 55 133 27 90 105 207 119 228 7 60 102 203 82 173 39 108 162 292 133 250 282 473 143 264 293 490 101 201
349 20 2142 239 408 258 437 297 495 13 69 240 409 26 88 175 313 256 433 67 150 2 53 53 130 3 54 88 181 120 230 66 149 112 218 40 109 208 362 174 310 241 411
350 20 2108 247 420 150 275 77 165 45 117 23 84 23 84 253 429 192 338 300 500 83 175 84 176 144 266 276 463 202 353 146 269 28 92 20 79 7 60 111 217 224 386
351 20 2060 164 296 43 114 282 473 210 365 156 284 41 111 19 78 36 104 73 159 113 220 192 338 266 449 114 221 250 424 26 89 251 427 5 57 54 131 94 190 187 331
352 20 2235 163 295 284 476 91 186 158 287 297 496 237 405 252 428 43 115 27 90 39 109 61 142 229 393 151 277 178 316 38 106 145 267 26 89 270 455 45 118 60 140
353 20 2681 146 268 188 332 226 388 270 455 138 257 205 358 265 448 104 206 74 161 185 327 62 143 263 444 189 333 182 322 245 417 92 187 7 60 105 207 234 401 172 308
354 20 2083 201 351 56 133 13 69 236 403 142 263 66 148 42 113 84 176 191 336 3 54 30 95 226 389 39 108 76 164 84 176 269 453 183 324 133 250 300 499 230 395
355 20 2334 124 235 9 63 97 196 210 365 54 130 112 218 117 226 288 481 154 281 153 280 268 452 64 145 182 323 59 139 132 247 212 368 209 363 38 107 274 461 162 292
356 20 2156 220 380 18 76 82 173 233 399 134 250 188 331 183 324 158 286 233 400 98 197 277 465 90 184 20 80 155 283 244 416 24 85 106 209 23 85 117 225 93 189
357 20 2193 22 83 47 121 124 236 186 329 259 438 167 301 139 258 228 392 114 220 221 381 157 285 294 490 46 119 49 124 142 263 148 272 112 218 54 130 124 236 109 213
358 20 2090 140 260 132 248 56 134 196 344 13 69 71 156 43 114 45 117 63 144 83 174 202 353 258 436 293 489 173 309 64 146 175 312 114 220 30 95 268 452 194 340
359 20 2620 293 489 39 109 183 324 199 349 13 69 174 310 160 290 179 318 292 487 290 485 225 388 24 86 78 166 198 346 137 255 242 412 75 162 296 494 150 274 29 93
360 20 2034 37 106 21 81 100 199 87 180 279 468 70 155 134 251 277 465 259 438 113 220 256 434 139 258 21 82 35 102 28 92 75 162 162 293 125 238 126 239 199 349
361 20 2483 207 361 205 357 117 226 91 186 132 248 229 394 235 402 152 278 83 174 268 452 292 488 88 182 224 385 118 227 23 84 124 236 286 479 181 321 19 78 30 95
362 20 1903 15 73 47 120 70 155 176 314 8 62 99 198 8 62 144 266 10 65 243 414 49 123 159 288 59 138 296 494 14 71 151 276 251 427 285 477 158 287 137 256
363 20 2608 16 74 148 272 271 457 38 107 247 420 110 215 281 472 6 59 267 450 237 405 293 490 82 172 218 376 80 169 276 464 5 58 210 365 76 164 110 215 289 483
364 20 2329 23 84 190 335 208 361 128 241 271 457 159 288 79 169 42 113 4 56 133 250 230 394 136 254 294 490 246 419 65 147 227 390 63 144 166 299 83 174 165 297
365 20 2277 19 78 84 175 280 470 214 370 249 424 126 238 103 204 233 400 44 116 256 434 211 366 63 144 113 219 95 192 61 141 110 215 109 213 180 319 66 149 231 396
366 20 2535 178 317 76 164 77 165 151 276 259 438 218 376 270 455 246 418 109 213 138 257 244 416 82 172 158 287 161 292 168 302 241 411 31 96 257 435 21 81 84 175
367 20 2334 133 249 273 459 26 89 214 371 211 367 194 341 150 274 191 336 65 147 124 236 65 147 229 393 276 464 62 143 248 421 56 134 38 107 71 156 201 352 91 186
368 20 2238 150 274 183 325 4 56 236 404 95 193 214 370 53 130 24 86 51 127 259 438 135 252 240 410 171 306 230 395 79 169 166 299 148 271 101 201 137 255 122 233
369 20 2090 200 350 23 84 262 443 210 364 90 185 254 431 3 54 102 203 202 353 27 90 148 272 77 165 78 167 141 261 5 57 246 418 280 470 37 105 175 312 53 130
370 20 2060 250 425 180 320 212 368 300 500 47 120 187 330 195 342 36 104 43 115 105 208 78 166 56 134 96 193 232 398 156 284 40 110 22 83 103 205 194 340 43 114
371 20 2543 177 315 168 302 251 426 235 402 44 116 13 69 161 291 132 248 135 252 268 452 278 466 96 194 23 85 197 346 157 285 280 469 131 247 63 145 240 409 130 244
372 20 2453 298 496 185 327 179 318 167 300 44 116 161 292 251 427 156 283 234 400 291 486 132 248 12 68 184 326 53 129 129 243 163 295 180 319 108 211 66 149 74 161
373 20 1960 180 320 250 425 174 310 57 135 149 273 219 378 25 88 254 430 219 378 81 172 37 105 42 113 198 347 61 142 281 471 29 93 62 142 91 186 19 78 22 83
374 20 2052 89 184 237 405 10 65 11 67 117 225 96 194 153 280 223 384 53 129 228 391 216 374 176 313 5 57 185 327 20 80 124 236 16 74 282 473 134 251 191 336
375 20 2517 115 222 74 160 131 246 258 437 154 281 224 386 94 191 121 231 69 154 121 231 244 416 161 291 135 252 251 426 245 417 109 213 234 400 209 363 132 247 66 149
376 20 2748 195 342 213 370 70 155 85 178 145 267 221 381 159 288 80 169 232 397 288 482 115 222 42 112 134 251 144 266 233 399 291 486 62 143 249 423 227 391 250 424
377 20 2756 191 336 149 273 110 215 253 429 262 442 177 316 113 219 276 463 164 296 19 78 179 318 221 381 148 272 171 306 211 367 23 85 122 232 152 277 250 424 254 430
378 20 2357 259 438 108 212 47 120 193 340 12 67 288 482 149 273 183 324 226 388 35 103 59 139 114 220 8 62 218 377 16 73 37 105 280 469 238 406 189 333 288 482
379 20 1721 84 175 209 363 62 143 270 454 67 150 114 220 177 315 181 321 166 299 139 258 55 132 102 203 43 114 74 160 5 57 139 258 101 201 61 141 12 67 91 187
380 20 1988 41 111 112 217 181 321 53 129 33 99 295 492 157 285 130 245 296 494 68 151 137 256 120 230 125 237 65 147 248 422 124 235 173 309 24 86 22 83 81 171
381 20 2759 83 174 76 163 178 317 236 403 162 293 21 81 271 456 114 221 273 459 75 163 258 436 76 163 276 464 272 457 159 288 217 376 264 446 289 483 127 240 22 82
382 20 2220 157 285 175 313 93 189 175 313 267 450 194 340 23 84 141 261 239 408 53 129 128 241 43 115 140 260 184 326 289 483 138 256 39 108 15 72 233 399 50 125
383 20 2095 161 291 255 432 41 111 67 151 1 51 62 143 86 179 112 218 119 228 90 185 215 372 203 354 110 215 276 464 207 360 36 103 299 499 91 187 69 153 119 228
384 20 2512 110 215 247 420 258 437 68 151 193 339 113 220 51 126 183 325 142 262 141 262 62 143 85 178 290 485 44 116 109 214 296 494 49 123 281 471 265 448 153 279
385 20 2549 141 262 211 367 107 210 224 386 154 281 137 255 245 417 184 326 36 103 78 166 2 53 147 270 243 414 153 279 184 325 208 361 243 414 243 414 72 158 175 313
386 20 2230 128 242 188 332 36 103 93 190 146 269 251 426 28 92 104 206 234 401 48 122 168 301 280 469 127 240 266 449 241 411 20 79 116 223 170 304 52 127 92 187
387 20 2653 260 440 20 80 229 393 152 278 223 384 245 418 220 379 209 363 95 193 143 265 11 66 103 204 195 342 22 83 220 380 8 62 294 491 220 380 169 304 279 468
388 20 2597 126 238 212 368 186 328 233 400 211 366 245 417 141 261 10 65 229 393 7 60 128 241 251 426 106 208 186 329 85 177 27 91 136 254 194 341 237 405 297 495
389 20 2472 225 388 112 218 133 249 242 413 154 281 120 230 209 364 171 306 178 316 277 466 112 218 189 334 19 79 34 100 60 139 204 356 163 294 190 335 84 176 215 372
390 20 2294 35 102 69 153 150 275 128 241 140 260 106 209 93 189 67 150 111 216 64 146 263 444 283 475 278 467 270 454 63 145 148 272 139 259 143 264 50 124 268 452
391 20 2320 222 383 168 301 196 343 65 148 228 391 247 420 134 251 163 294 88 181 106 209 156 283 91 187 32 98 165 297 283 474 146 268 127 240 102 203 138 256 44 115
392 20 2356 34 101 237 405 18 76 130 245 234 400 32 98 186 328 58 136 121 232 51 126 128 242 242 413 137 255 285 477 240 410 148 272 190 334 215 372 46 118 213 369
393 20 2258 172 308 150 275 103 205 125 237 200 350 17 75 60 140 148 271 146 268 93 189 153 280 283 474 232 397 296 494 53 130 274 461 107 210 21 81 129 243 61 142
394 20 3344 289 483 238 407 277 466 283 474 187 331 92 188 101 201 266 449 106 209 68 152 144 266 214 371 248 422 136 254 299 499 229 393 281 471 296 493 170 305 256 434
395 20 2340 16 74 286 479 66 149 90 184 160 290 205 357 243 414 33 100 76 164 190 335 166 299 137 255 45 117 107 211 171 307 211 367 211 366 198 347 84 176 231 396
396 20 2380 208 361 247 420 150 275 177 316 33 100 45 117 129 243 91 186 248 422 5 57 78 166 197 345 64 146 200 349 247 421 270 455 165 297 209 363 167 300 46 119
397 20 2328 132 247 212 368 77 165 203 355 171 306 147 270 53 129 181 321 168 302 116 223 140 260 37 105 221 382 96 194 218 376 23 84 124 236 280 470 289 483 22 82
398 20 2497 246 419 181 322 102 203 120 230 265 448 171 307 276 464 138 256 76 163 97 196 137 255 257 436 97 195 71 156 67 151 257 435 52 128 252 428 19 78 241 412
399 20 2450 91 186 167 301 105 207 198 347 140 260 12 67 241 411 288 481 159 288 285 477 8 61 295 492 30 95 1 51 251 427 134 250 15 72 291 487 197 345 155 283
400 20 2410 133 249 120 230 114 221 265 448 239 408 21 81 153 279 152 278 12 68 291 486 108 211 16 74 72 157 230 394 65 147 237 405 162 293 264 446 87 181 272 457
401 20 2484 269 453 246 419 176 313 291 486 28 91 249 423 179 318 177 315 164 295 73 160 177 315 225 387 22 83 43 115 106 208 79 168 290 485 224 386 56 133 31 96
402 20 2703 106 208 185 327 191 336 147 271 207 361 282 472 167 300 14 71 82 172 266 449 267 450 16 73 208 362 271 457 7 60 35 102 238 407 276 464 170 304 244 416
403 20 2679 52 127 53 129 58 137 280 469 218 376 204 356 183 325 41 111 299 498 109 213 218 377 270 455 269 454 250 424 177 316 98 197 27 90 225 387 197 345 121 231
404 20 2363 76 164 276 463 24 85 204 356 259 439 39 108 256 434 204 355 168 302 10 65 33 100 246 418 38 106 275 462 219 378 33 99 225 387 240 410 46 119 83 174
405 20 2152 227 391 15 72 284 475 13 69 205 357 131 246 183 324 149 274 167 301 11 67 194 341 291 487 85 177 132 248 165 297 86 178 134 251 192 338 19 78 8 62
406 20 2044 237 405 64 146 201 351 289 484 8 61 121 231 211 366 56 133 26 88 249 424 151 276 81 171 58 136 184 326 13 69 54 130 68 152 240 409 109 213 135 252
407 20 2495 78 166 59 139 244 416 36 104 234 401 59 139 210 365 268 452 270 455 138 256 165 298 166 299 25 88 279 469 204 355 10 65 9 64 174 311 275 462 216 373
408 20 2380 42 113 294 490 59 139 210 365 150 275 112 217 39 108 131 246 279 469 293 489 208 361 138 257 184 326 119 228 72 157 129 243 282 473 150 275 32 97 52 128
409 20 2196 214 371 104 205 103 204 164 296 192 337 176 314 9 63 124 236 5 57 245 418 162 293 1 51 52 128 108 212 243 414 2 53 256 434 127 240 262 442 196 344
410 20 2268 286 478 150 275 209 363 248 422 33 99 203 354 194 341 226 389 78 167 177 315 136 254 36 104 5 57 2 52 84 175 262 442 89 184 2 53 216 373 199 348
411 20 2513 255 432 288 481 280 470 237 405 7 60 13 69 258 437 207 360 18 77 169 303 70 155 15 73 138 256 6 59 277 465 188 332 283 474 192 338 167 300 74 160
412 20 2438 271 456 252 427 81 172 64 145 215 372 227 390 296 494 131 246 298 497 31 96 206 358 171 306 128 242 269 454 62 143 20 79 3 54 78 166 84 176 161 291
413 20 2798 178 317 87 180 294 490 104 206 167 300 53 130 255 432 77 165 276 464 29 94 298 496 295 493 200 350 20 80 196 344 267 450 182 322 165 297 58 137 297 495
414 20 1915 220 379 24 85 286 479 60 140 116 224 253 429 252 427 206 358 5 58 73 159 139 259 13 70 126 238 37 106 43 115 1 51 32 97 99 198 207 361 202 353
415 20 2236 36 104 54 130 76 164 113 219 20 79 267 450 257 436 188 332 100 200 103 204 32 98 130 245 268 451 91 187 208 361 116 224 285 478 146 269 154 281 152 278
416 20 2832 292 487 203 355 93 189 107 211 280 470 105 207 214 371 294 491 21 81 73 160 295 492 30 94 199 349 206 359 277 465 122 233 52 128 297 496 102 203 278 467
417 20 2569 183 324 171 307 274 461 188 332 100 199 159 288 73 159 270 455 222 382 66 148 271 457 25 88 121 231 179 318 203 354 185 328 84 176 241 412 96 193 101 201
418 20 2256 199 349 86 178 195 342 156 283 70 155 104 206 178 316 119 229 92 187 132 248 82 173 234 401 252 427 74 160 119 228 138 257 161 291 42 113 290 485 97 196
419 20 1562 107 211 70 154 155 282 48 122 112 218 53 129 10 64 273 459 151 276 65 147 57 135 29 93 9 64 4 56 206 359 244 415 35 103 177 316 121 232 27 90
420 20 2556 288 482 65 147 230 395 64 146 185 327 116 223 143 265 293 489 273 459 117 225 96 194 45 118 234 401 107 211 143 265 222 382 30 94 189 333 124 236 232 398
421 20 1924 132 247 45 118 264 446 12 67 65 147 114 220 129 244 32 98 111 217 288 482 109 213 223 385 299 498 174 311 56 134 96 194 80 170 22 83 135 253 19 79
422 20 2518 270 455 57 136 252 428 94 191 3 54 255 432 164 296 233 400 174 311 64 145 54 131 224 386 59 138 250 425 120 230 272 458 124 235 102 202 151 276 226 388
423 20 2548 224 386 207 360 168 302 263 444 172 307 235 403 111 216 96 194 273 459 137 255 62 142 257 435 81 171 76 164 3 55 214 371 6 58 185 327 150 275 266 449
424 20 2065 31 96 35 102 176 314 185 327 1 51 124 236 170 304 81 171 225 387 280 470 275 463 11 66 143 265 167 300 76 164 87 180 88 182 190 335 1 52 236 404
425 20 2768 139 258 197 346 184 325 157 285 185 328 242 413 231 396 208 362 76 163 244 415 35 102 289 484 53 129 271 457 129 244 116 223 215 372 159 288 145 267 186 329
426 20 2197 190 335 131 246 245 417 36 104 160 290 125 238 167 300 66 149 250 425 180 320 151 277 249 423 62 143 80 169 225 387 17 76 138 257 148 272 106 209 21 81
427 20 2184 243 414 13 69 202 353 273 459 44 116 84 176 242 413 139 258 154 280 9 64 206 359 156 284 214 370 51 126 178 316 69 154 132 247 99 198 195 342 28 91
428 20 2175 246 418 40 110 157 285 260 440 52 128 155 283 20 79 65 148 219 378 130 244 44 116 149 273 86 179 246 419 51 126 100 200 123 234 280 469 134 251 162 292
429 20 2916 146 269 238 407 178 317 181 322 288 481 72 158 222 383 217 376 155 283 113 220 218 376 296 493 286 479 109 213 231 397 193 339 92 188 80 169 176 313 155 282
430 20 2491 228 391 132 247 214 371 205 358 1 52 204 355 156 283 19 79 198 347 295 492 238 407 17 75 41 112 146 269 275 463 107 210 136 254 297 495 78 167 127 240
431 20 2080 39 109 238 407 166 299 98 196 99 198 205 357 48 122 4 55 121 231 298 497 14 71 245 417 174 310 21 82 300 500 74 161 7 61 105 207 70 154 274 461
432 20 2772 232 398 285 478 272 458 96 193 271 456 205 358 154 281 44 116 57 135 35 103 154 281 219 378 1 52 188 331 226 389 275 462 193 339 97 195 296 494 165 298
433 20 2083 79 168 248 422 272 457 154 281 16 74 202 353 54 131 86 179 59 138 136 254 202 352 191 336 152 278 154 281 64 146 142 263 130 244 10 65 230 395 23 84
434 20 2877 287 480 229 394 112 218 193 339 1 51 119 229 241 412 296 494 280 470 97 196 232 397 208 361 212 367 89 183 143 264 134 251 275 463 121 231 287 481 41 112
435 20 2698 226 389 245 417 61 141 224 385 145 267 222 383 126 238 172 307 244 416 249 424 35 102 152 277 6 59 228 392 3 55 230 394 299 498 260 439 151 276 95 193
436 20 2890 84 175 76 163 283 474 252 428 203 354 125 237 182 323 79 168 278 466 265 448 290 485 135 252 214 371 30 95 243 414 72 157 101 201 223 385 261 441 217 376
437 20 2585 250 425 138 257 205 357 249 424 173 309 107 210 61 141 254 430 229 393 263 444 151 276 88 182 46 119 155 282 174 310 227 390 110 214 118 226 173 309 61 141
438 20 2362 164 296 17 75 184 325 295 492 201 351 9 63 105 207 20 80 205 358 193 340 127 240 170 305 293 489 200 350 238 407 2 52 104 206 49 123 250 425 127 241
439 20 2160 14 71 253 429 224 386 188 332 129 243 186 328 19 78 160 290 43 114 34 101 54 131 37 105 180 319 154 281 186 328 94 191 81 171 257 435 210 365 197 346
440 20 2384 26 89 180 319 242 412 190 335 253 429 258 436 180 320 273 459 103 204 82 173 255 432 3 55 58 137 108 211 104 206 50 125 90 184 10 65 299 498 216 373
441 20 2017 148 272 25 88 45 117 13 69 239 408 1 51 128 242 173 309 123 235 234 401 14 71 9 63 157 286 198 347 74 161 250 425 66 148 158 287 172 308 295 493
442 20 2351 158 286 65 147 227 390 68 152 46 118 122 232 188 332 289 484 45 117 157 286 261 442 69 153 42 113 157 286 198 347 186 328 63 144 241 412 177 316 180 320
443 20 2226 242 412 27 90 295 492 206 358 60 140 182 323 66 148 246 419 120 230 194 341 103 205 108 212 151 276 55 133 150 275 114 221 47 120 58 137 181 322 178 316
444 20 1848 169 303 28 91 46 119 37 106 67 150 148 272 63 144 34 101 24 85 97 195 10 64 265 447 52 128 263 444 259 438 270 455 51 127 160 290 19 79 249 423
445 20 2170 263 444 105 208 115 222 148 272 40 109 3 54 96 193 225 387 165 297 23 85 299 499 252 428 63 144 36 104 69 154 178 317 84 175 128 242 271 456 150 275
446 20 2409 125 237 164 296 216 373 99 199 78 167 12 68 114 221 61 142 110 215 269 454 292 487 270 455 140 260 263 444 157 286 252 427 23 84 118 227 110 214 139 259
447 20 2563 193 340 51 126 125 237 82 173 288 481 190 334 104 206 171 307 100 200 239 409 296 494 135 253 186 329 147 270 295 493 56 134 48 122 109 214 153 279 236 404
448 20 2344 223 384 131 246 220 380 95 192 223 384 4 56 249 423 284 476 117 225 111 216 86 179 163 294 31 97 130 244 41 111 148 272 58 137 238 407 137 256 241 412
449 20 2646 161 291 73 159 141 262 287 481 166 299 300 499 42 113 276 463 226 389 167 300 264 446 27 90 96 194 72 157 256 434 147 271 96 194 150 275 209 363 152 278
450 20 2400 207 360 157 285 188 332 20 79 229 393 14 70 188 331 200 349 8 62 214 371 192 338 197 346 59 139 97 196 140 260 259 438 115 222 52 128 273 459 191 336
451 20 2519 123 235 98 197 88 181 110 214 274 460 187 331 169 303 169 304 259 439 162 293 45 118 193 340 72 158 212 368 82 173 270 455 136 253 156 284 281 471 63 144
452 20 2675 73 160 78 167 108 211 239 408 80 169 260 439 76 164 167 300 229 393 298 497 115 222 241 412 292 487 260 440 274 461 239 408 273 459 7 61 31 96 4 56
453 20 2515 227 390 209 363 277 466 118 226 212 367 225 388 44 116 14 70 68 151 205 357 1 51 184 326 81 172 103 205 207 360 26 88 299 499 126 239 225 387 293 490
454 20 1876 158 287 1 51 124 236 33 100 18 76 58 137 76 164 142 263 155 283 130 245 124 236 113 219 32 98 93 189 298 496 246 418 30 94 266 449 28 91 221 382
455 20 2701 70 155 183 324 70 154 11 66 119 228 278 467 287 480 181 322 254 431 60 139 148 272 199 348 225 387 289 483 119 228 237 406 230 394 7 61 222 382 188 332
456 20 2528 170 304 247 420 224 386 114 220 60 140 246 418 179 319 152 278 38 107 3 54 230 395 257 436 59 138 113 220 68 152 251 427 290 484 245 418 40 109 174 310
457 20 2393 183 325 213 369 165 297 159 288 72 158 202 353 214 370 193 339 126 238 40 110 60 140 186 328 163 294 203 354 126 239 47 120 107 211 214 371 258 437 61 141
458 20 2281 68 151 169 303 151 276 117 225 156 284 287 480 92 188 147 270 245 417 191 336 14 70 77 165 85 177 217 376 193 339 29 93 265 447 74 161 160 290 115 223
459 20 2664 261 441 212 368 187 330 293 489 212 367 127 240 90 185 131 247 85 177 169 304 9 63 206 359 77 166 70 155 292 487 277 465 38 106 156 284 189 333 250 425
460 20 2424 27 90 217 375 287 481 179 318 171 306 235 402 26 88 154 281 268 452 240 410 18 76 23 84 21 82 208 361 229 393 8 62 275 462 72 158 252 428 121 231
461 20 2443 16 73 168 302 25 87 2 53 159 289 245 418 83 175 48 122 255 432 282 473 185 327 132 247 76 164 268 452 186 328 230 395 217 375 4 56 279 469 194 341
462 20 1952 58 136 157 286 36 103 183 324 129 243 267 450 178 316 239 408 190 335 201 351 13 69 23 84 19 78 46 119 102 202 245 417 105 207 96 194 4 56 150 275
463 20 2600 70 154 297 495 138 256 262 443 19 79 294 491 139 258 62 143 83 174 192 338 88 182 272 457 165 298 8 61 247 420 213 369 235 402 17 75 249 424 201 352
464 20 2380 281 472 213 369 155 282 49 123 237 405 68 152 114 221 63 144 280 470 12 67 220 380 196 343 193 339 133 250 96 194 131 246 68 152 146 269 79 168 241 411
465 20 2479 14 70 167 300 157 285 38 107 8 62 111 216 234 401 232 398 35 102 203 354 298 497 246 418 58 136 188 332 153 279 178 317 199 348 115 222 239 408 226 389
466 20 2215 92 188 74 161 110 215 250 425 137 255 141 261 176 314 9 63 91 186 6 58 156 284 40 110 171 306 248 422 2 52 245 417 252 428 5 57 282 473 282 472
467 20 2613 148 271 228 392 254 430 118 227 102 203 145 267 283 475 268 452 178 317 20 79 100 200 39 109 167 300 195 342 153 279 3 55 241 411 116 224 257 436 252 428
468 20 2223 236 404 66 149 88 181 109 213 92 188 151 276 239 409 29 94 180 319 296 493 140 260 128 242 99 198 233 399 4 56 45 118 268 452 64 146 188 332 124 235
469 20 2652 21 81 32 97 193 339 32 98 225 387 189 334 245 418 299 498 295 492 203 354 135 252 278 467 182 323 51 127 139 259 72 157 173 309 270 454 216 374 65 147
470 20 2488 102 202 59 138 39 109 272 458 299 498 185 327 113 219 222 382 216 374 194 341 67 150 263 445 11 66 175 312 124 236 149 274 99 199 273 459 78 167 170 305
471 20 2209 254 430 65 147 288 481 60 140 204 356 216 374 172 308 53 129 231 397 230 394 99 199 259 438 14 71 94 191 118 227 52 127 97 195 20 80 74 161 162 293
472 20 2229 5 58 73 159 224 386 89 183 44 115 159 289 282 472 84 175 70 154 57 135 48 122 168 302 157 285 199 349 120 230 203 354 195 343 234 400 201 351 175 313
473 20 2202 143 264 133 249 235 403 224 386 226 389 216 374 19 78 80 170 234 401 2 53 260 439 5 57 86 179 89 183 286 479 117 226 13 69 22 83 131 247 232 398
474 20 2061 94 191 9 63 148 272 142 262 210 364 90 184 47 120 220 380 87 181 299 499 197 345 114 221 1 51 57 136 260 440 173 310 227 390 183 324 13 70 6 59
475 20 2218 165 297 133 249 1 51 201 352 192 337 184 326 38 107 221 381 134 250 181 321 274 461 24 85 299 498 97 195 225 388 123 234 160 289 11 66 57 135 53 130
476 20 2012 243 414 113 219 153 279 235 402 23 84 141 262 292 487 101 202 173 310 183 325 2 52 51 127 22 82 209 363 39 109 15 72 85 177 70 155 262 442 103 205
477 20 2515 86 178 159 288 196 344 125 238 160 289 297 496 58 137 113 219 218 377 100 199 222 382 288 482 39 109 295 492 1 51 143 264 106 208 96 194 265 448 177 316
478 20 2420 72 157 161 291 237 405 204 356 281 471 65 147 124 236 256 434 8 62 170 304 207 360 153 279 156 283 56 134 293 489 4 56 149 274 247 420 83 175 99 198
479 20 2769 238 407 208 361 213 369 145 267 20 80 153 279 145 268 128 242 237 405 192 338 197 345 151 277 170 305 234 401 243 415 171 306 285 478 77 165 243 414 12 68
480 20 2075 296 493 66 149 142 263 293 489 247 421 22 83 212 368 97 196 69 154 231 397 254 431 23 84 133 249 59 138 1 52 131 246 126 239 88 182 12 68 92 188
481 20 2716 91 186 232 398 287 480 107 210 255 432 162 293 2 53 119 228 288 482 294 490 189 333 86 179 192 337 1 51 151 276 107 210 264 446 157 286 229 393 183 325
482 20 2714 219 378 265 447 85 177 299 498 149 273 249 423 299 498 14 71 8 62 171 306 166 299 256 434 272 458 60 139 6 59 152 278 117 226 194 340 244 416 168 301
483 20 2976 115 222 167 300 152 278 113 219 278 466 186 328 134 251 127 241 138 256 230 394 223 384 211 366 193 340 233 399 190 335 280 470 204 356 285 477 31 96 231 396
484 20 2326 126 239 106 209 164 295 84 176 94 191 91 187 120 229 37 105 66 148 176 314 230 394 197 345 212 368 161 291 166 298 293 489 72 157 187 330 223 384 103 204
485 20 2829 283 474 212 368 175 312 288 482 45 118 284 476 169 304 154 281 41 112 255 432 107 210 221 381 96 193 290 484 17 75 169 304 90 184 151 277 212 368 278 466
486 20 1844 108 212 5 58 130 244 249 423 24 86 240 410 294 490 99 198 101 201 54 131 30 95 84 176 13 69 124 235 100 200 4 55 137 255 113 220 256 433 141 261
487 20 2492 284 476 196 344 55 132 107 211 55 132 62 142 283 475 63 144 217 376 60 139 137 255 217 375 171 307 178 317 200 350 283 474 198 347 14 70 286 478 49 123
488 20 2419 34 101 162 292 36 103 290 485 263 444 142 262 104 205 143 265 66 149 143 265 121 231 113 219 217 375 264 445 222 383 78 167 248 421 140 260 232 398 6 59
489 20 2375 103 205 80 169 253 429 269 454 21 81 169 304 93 189 290 484 295 492 102 202 73 159 82 173 175 313 69 154 81 172 242 412 73 159 177 316 294 490 28 92
490 20 2496 261 441 39 108 25 87 143 264 194 341 247 420 211 366 31 96 242 413 65 148 274 461 136 254 131 246 16 74 289 483 222 382 197 345 264 446 87 180 47 121
491 20 2461 87 180 119 229 261 441 16 74 200 349 214 371 58 137 293 490 81 172 290 485 196 344 224 386 71 157 106 208 133 250 280 469 27 91 92 188 116 224 213 369
492 20 2440 34 100 247 420 209 364 4 56 13 69 98 197 251 426 123 234 60 140 84 176 193 339 250 425 273 459 37 106 113 220 200 350 58 137 245 418 281 471 278 466
493 20 2426 139 258 256 433 47 120 172 308 65 148 83 175 130 245 218 377 179 318 156 283 122 233 183 325 209 364 128 241 21 81 277 465 231 397 12 68 202 353 203 355
494 20 2617 102 203 272 458 43 115 201 351 197 345 66 149 97 195 174 311 48 122 93 190 153 279 21 82 268 452 153 279 244 416 233 400 139 258 261 441 252 428 255 432
495 20 2552 9 63 143 264 131 246 211 366 28 92 207 361 158 287 232 397 261 442 29 93 259 439 232 398 202 352 21 81 42 112 267 450 271 457 154 280 166 299 167 300
496 20 2524 60 140 198 346 177 315 120 230 102 203 104 205 194 341 32 98 178 317 253 429 169 304 243 415 246 419 230 395 290 485 21 81 6 59 246 418 54 131 232 398
497 20 2272 68 151 271 456 98 196 38 106 182 322 44 116 2 52 55 132 248 421 251 426 49 123 232 398 226 389 266 449 23 84 131 247 220 379 104 206 103 204 229 393
498 20 2671 296 494 210 364 163 294 40 110 137 255 218 377 130 244 99 198 91 186 200 350 223 385 261 441 232 398 153 279 236 403 3 55 96 194 116 224 165 297 270 455
499 20 2593 245 417 293 489 97 196 93 189 188 332 233 400 134 251 244 416 67 151 193 339 115 222 124 236 51 126 152 278 125 237 172 307 154 281 167 300 125 237 270 455
500 20 2536 12 68 211 367 289 484 194 341 253 429 105 208 298 497 93 189 159 288 19 79 101 201 254 431 204 356 129 243 184 326 74 160 94 191 52 128 229 393 217 375
