1 22 2068 44 115 1 51 52 128 136 254 243 414 12 67 179 318 251 426 33 99 78 167 65 148 89 183 176 314 36 104 181 321 73 159 19 78 171 306 257 436 137 256 81 171 271 456
2 22 2508 185 328 294 490 170 305 9 64 27 90 9 63 233 400 164 296 155 282 198 347 141 262 220 379 60 140 146 269 183 325 27 91 121 231 163 295 27 90 240 410 211 366 152 278
3 22 2608 207 361 10 65 197 346 281 471 156 284 100 200 39 109 9 64 256 434 202 352 51 127 172 307 165 297 105 208 57 135 181 321 294 490 192 338 237 406 50 125 281 472 18 77
4 22 2872 249 423 21 82 106 209 88 182 197 345 223 384 49 123 264 445 159 289 71 156 59 139 203 354 103 204 90 184 257 435 165 297 283 475 189 333 287 480 287 480 64 146 177 315
5 22 2594 161 291 250 425 60 140 65 147 286 478 129 243 178 317 21 81 104 206 22 83 81 172 195 343 191 336 213 369 211 366 75 162 26 89 289 483 144 265 182 323 223 385 137 255
6 22 2840 226 388 208 361 92 188 213 369 244 416 14 71 135 252 223 385 46 119 42 112 163 294 208 362 234 401 140 260 261 441 217 375 162 293 100 200 60 139 186 329 105 208 272 457
7 22 2481 53 129 231 396 33 99 99 199 42 112 142 262 172 307 92 187 205 357 246 419 222 383 31 96 285 478 200 350 15 72 97 195 295 492 114 221 239 408 66 149 30 95 193 339
8 22 3183 79 168 280 470 151 277 94 191 279 468 278 467 155 283 132 247 202 353 192 337 283 475 290 485 63 144 61 141 173 309 241 411 231 397 233 399 220 379 21 81 252 428 69 153
9 22 2553 146 268 31 96 233 400 232 398 42 112 266 449 232 398 272 458 29 94 260 440 192 338 123 234 166 299 56 133 78 167 124 236 49 123 189 333 49 123 227 390 81 171 115 222
10 22 2832 238 406 239 409 182 323 20 79 30 95 143 265 57 135 272 457 168 301 235 403 191 336 208 362 143 264 262 442 120 230 231 396 40 110 220 380 231 397 176 314 19 79 115 223
11 22 2542 80 170 38 106 192 337 137 255 80 169 239 409 85 178 131 246 203 354 13 70 267 451 194 341 159 288 276 464 70 155 191 336 194 341 264 445 98 196 17 76 198 347 52 127
12 22 2946 173 310 243 414 198 346 73 159 103 205 35 102 180 320 151 276 259 439 294 491 226 388 193 339 256 434 176 314 93 189 210 364 248 422 142 262 113 219 129 244 103 204 85 177
13 22 2944 51 126 174 311 280 470 59 138 297 496 212 367 80 170 156 283 120 229 151 277 291 487 294 491 138 256 298 497 56 134 274 460 263 444 166 299 127 241 56 133 70 155 68 152
14 22 2480 139 259 67 151 131 246 284 475 66 148 233 400 123 234 74 160 283 474 23 84 273 459 96 194 199 349 275 463 258 437 50 125 24 86 91 186 116 224 211 366 30 94 55 133
15 22 2402 154 280 85 177 248 422 114 221 190 334 162 293 253 429 138 257 278 467 107 210 3 55 21 81 242 413 31 97 168 302 100 200 109 213 160 290 67 151 135 252 190 334 48 121
16 22 2628 159 288 61 142 295 492 87 180 135 253 237 405 26 88 37 106 236 403 50 125 147 271 241 411 247 421 22 82 144 266 16 74 243 415 247 420 121 231 141 261 136 254 258 436
17 22 2549 36 104 297 496 214 370 121 231 244 416 185 327 134 250 77 166 71 157 110 215 89 184 122 233 73 160 279 468 267 451 284 476 201 352 150 274 94 191 52 128 19 78 68 152
18 22 2508 45 118 36 104 153 279 242 413 261 442 98 197 150 274 127 241 237 405 132 248 211 366 241 411 116 223 216 374 27 90 83 174 36 104 133 250 297 496 90 185 172 308 33 100
19 22 2664 182 322 121 231 71 156 264 446 114 220 282 473 116 224 289 483 187 330 139 258 150 275 13 69 198 347 3 54 279 468 73 159 81 171 99 199 105 207 203 355 273 460 89 183
20 22 2273 298 497 102 203 95 193 30 94 2 52 284 476 171 306 193 339 96 194 280 470 51 127 43 114 85 178 174 311 276 464 256 434 17 75 87 180 245 418 28 92 18 77 11 66
21 22 2692 293 489 94 191 118 227 180 320 5 57 83 175 58 136 224 386 241 411 269 453 300 500 98 196 2 53 237 405 129 244 270 454 114 221 78 167 63 144 190 335 30 94 289 484
22 22 2603 198 347 2 53 100 200 129 243 233 399 95 192 97 196 295 492 257 435 1 51 62 143 279 468 161 292 147 270 22 82 45 118 160 290 212 368 235 402 252 428 167 301 105 207
23 22 2774 289 484 181 321 36 104 232 398 168 301 46 118 190 335 269 453 263 444 142 263 116 224 84 175 251 427 142 263 151 276 67 150 97 195 230 395 219 379 58 137 43 114 194 341
24 22 3187 292 488 178 317 265 447 53 129 178 316 135 252 46 118 266 448 196 344 272 457 142 263 91 186 287 480 113 220 300 500 179 318 191 336 145 267 198 347 25 87 202 353 230 395
25 22 2175 50 124 287 481 57 135 69 153 75 162 158 286 52 128 149 273 289 483 142 263 46 119 126 239 50 125 132 248 36 104 152 278 179 318 88 181 63 145 116 224 274 461 129 243
26 22 3098 231 396 36 104 245 417 109 213 234 401 277 465 210 364 190 335 269 454 240 410 51 126 270 454 16 73 256 433 237 405 125 237 123 234 30 95 113 219 209 363 132 248 270 454
27 22 3002 118 227 45 118 221 382 248 422 161 292 264 445 49 124 288 482 35 102 272 457 240 409 1 52 226 388 240 409 125 238 260 440 280 470 23 84 275 462 96 193 72 157 214 370
28 22 2453 124 236 282 473 281 471 252 428 179 318 12 68 60 140 101 201 246 419 95 193 207 360 260 440 4 55 258 437 1 52 113 220 70 155 90 184 89 184 49 123 234 401 60 140
29 22 2257 237 405 51 126 60 139 197 346 135 253 235 402 278 467 50 125 119 228 71 156 124 235 28 92 124 236 90 184 18 77 237 406 123 234 125 237 287 480 58 137 170 304 5 58
30 22 2842 294 491 84 176 227 390 43 114 41 111 129 244 82 173 188 332 261 441 238 407 273 460 154 281 140 260 226 388 90 185 222 382 108 211 163 295 291 486 105 207 184 326 10 65
31 22 2836 259 439 95 192 259 438 173 310 11 67 40 110 170 305 280 470 121 231 257 436 262 442 207 360 139 258 268 452 185 328 61 141 55 132 136 253 6 59 215 372 158 287 189 334
32 22 2439 203 354 136 253 28 91 186 329 157 285 124 235 82 173 278 466 159 289 36 103 231 396 73 159 10 65 218 376 32 97 158 286 57 135 234 401 171 306 13 69 293 490 170 305
33 22 2298 273 459 287 480 43 114 187 330 44 115 152 277 110 214 154 281 280 469 95 193 23 84 178 317 53 129 39 108 225 387 107 210 86 178 65 147 158 287 41 111 12 68 261 441
34 22 3068 255 432 199 348 278 467 246 419 137 256 221 382 250 425 274 461 43 114 235 403 209 363 152 278 79 168 69 154 96 194 138 256 92 188 155 282 265 448 272 457 11 67 159 288
35 22 2216 109 214 69 154 20 79 227 391 171 307 284 476 244 416 216 374 71 156 79 168 131 247 39 109 200 350 112 217 272 458 69 153 168 301 17 76 115 222 2 52 142 262 13 70
36 22 2396 113 219 110 214 152 278 140 259 182 323 129 243 56 134 232 397 151 276 81 171 6 59 48 122 198 347 264 446 255 432 20 80 75 162 35 103 252 427 292 488 79 168 126 239
37 22 2476 245 417 285 477 172 308 270 454 184 326 37 105 37 106 140 259 74 161 162 293 146 268 100 199 18 76 202 353 93 189 50 125 84 176 171 307 299 498 207 360 71 157 48 121
38 22 3094 223 384 297 496 197 345 285 478 180 320 24 85 196 344 159 289 208 362 47 121 129 243 149 273 221 381 22 83 254 431 78 167 215 372 275 462 244 416 265 447 112 218 88 182
39 22 2348 69 153 290 485 159 289 270 455 179 318 139 258 25 87 104 205 196 344 207 360 24 86 203 354 17 76 192 337 1 52 97 195 130 244 166 298 8 61 77 165 156 284 227 391
40 22 2632 6 59 233 399 6 59 246 419 208 362 171 306 213 369 192 338 291 486 2 53 196 344 291 487 75 162 36 104 81 171 183 324 28 92 226 389 298 496 25 87 111 216 172 308
41 22 2797 113 219 282 473 195 342 149 274 3 54 155 282 30 95 270 455 87 180 221 381 137 256 278 467 23 84 10 65 186 329 146 268 283 475 85 177 221 381 261 442 215 372 147 270
42 22 2785 8 61 123 234 217 375 177 315 90 185 123 234 173 310 268 452 231 396 41 111 159 289 95 192 214 371 294 491 40 109 233 400 34 101 189 334 187 331 116 224 190 335 280 469
43 22 2562 223 384 41 111 141 261 263 444 273 459 158 286 37 105 149 273 98 197 232 397 39 109 245 417 293 490 161 292 148 272 41 111 122 233 179 318 11 67 30 95 225 387 94 190
44 22 2729 36 104 258 437 71 157 118 226 160 289 96 194 278 466 249 423 226 389 205 357 166 299 128 242 280 470 89 184 51 126 290 485 120 229 111 216 61 141 299 499 5 57 115 222
45 22 2680 135 253 99 198 144 266 169 303 163 294 291 486 162 293 166 298 87 180 42 113 6 59 162 293 261 441 238 407 73 159 298 497 41 111 92 187 135 252 260 440 292 488 35 102
46 22 3060 25 87 140 260 193 339 101 202 26 88 246 419 154 281 273 459 117 225 280 470 47 120 300 500 249 423 235 403 237 406 265 448 294 490 136 253 110 214 111 217 27 90 260 439
47 22 2278 37 106 134 251 117 226 5 57 240 409 66 148 11 67 283 474 230 395 262 442 50 125 77 165 48 122 280 470 137 256 7 61 161 291 150 275 202 353 227 390 6 58 118 227
48 22 2965 191 336 116 224 216 374 138 257 105 207 120 229 64 146 257 436 4 56 230 395 295 493 124 235 137 256 270 455 298 496 174 311 142 263 54 131 236 403 215 373 278 466 43 114
49 22 2472 50 124 197 346 251 426 19 79 255 432 102 202 267 450 203 354 66 148 126 239 88 182 47 121 149 273 60 139 152 277 237 406 216 374 98 196 90 185 198 346 192 337 27 91
50 22 2485 26 88 105 207 103 204 122 233 132 248 129 244 25 87 212 368 256 433 39 109 204 356 286 478 17 76 16 74 275 462 140 260 222 382 60 140 273 459 145 268 36 103 284 476
51 22 3136 262 442 24 86 279 468 197 345 91 186 275 463 269 453 34 100 252 428 115 223 121 231 252 428 255 433 200 350 137 255 42 113 153 279 251 426 276 464 290 485 38 106 107 210
52 22 2281 156 284 2 53 202 353 174 310 31 96 67 150 221 382 91 186 259 439 25 88 287 481 160 290 42 113 274 461 211 367 136 254 104 205 47 121 67 150 145 267 128 242 23 84
53 22 3028 129 243 136 254 277 465 39 108 151 276 101 201 232 397 165 297 108 211 157 285 182 322 173 309 90 185 162 293 209 363 95 192 212 368 188 332 285 477 297 495 117 226 280 469
54 22 2808 257 435 138 256 219 378 82 172 151 276 146 269 145 267 153 279 110 215 237 405 23 84 293 490 35 103 204 355 193 340 55 132 221 381 241 411 150 275 167 301 176 313 115 222
55 22 2708 141 261 192 338 143 265 291 486 90 185 127 240 179 319 226 388 57 135 7 60 210 365 101 201 284 476 185 327 35 102 298 497 117 225 252 428 43 114 82 173 257 435 68 152
56 22 2677 35 102 218 376 33 100 242 413 194 341 248 421 112 217 298 497 132 248 203 354 155 282 169 303 227 390 182 323 10 64 1 51 47 121 178 317 11 67 167 300 237 406 248 422
57 22 2667 209 363 104 206 97 195 174 311 179 319 300 500 230 395 2 52 115 222 278 467 226 388 175 313 234 401 68 151 16 74 121 231 4 55 191 336 47 120 212 368 276 464 76 164
58 22 2627 187 330 269 453 162 293 65 148 74 160 190 335 276 464 176 314 147 271 8 61 194 340 195 342 56 134 274 461 37 106 54 131 227 390 130 245 14 71 91 186 165 297 293 490
59 22 2390 29 93 154 281 30 95 294 491 119 229 51 126 27 91 252 427 82 173 236 403 75 162 79 168 60 140 228 392 219 379 212 368 243 414 225 387 187 331 55 132 54 131 77 165
60 22 2762 145 268 291 486 118 227 298 497 300 499 140 259 95 192 264 446 178 316 168 301 67 150 33 100 46 119 57 135 12 67 205 357 269 453 155 283 16 73 106 209 218 377 272 458
61 22 2735 163 294 206 359 142 263 216 374 255 433 144 266 143 264 155 282 25 87 59 139 228 391 181 322 285 477 219 379 95 192 16 74 232 397 264 446 95 192 119 228 24 86 153 280
62 22 2456 239 408 3 54 138 257 111 216 180 320 110 215 200 350 104 206 250 425 128 242 38 107 77 166 297 495 170 305 218 376 139 258 54 131 239 408 213 370 26 88 63 144 74 161
63 22 2164 203 354 16 74 56 134 160 290 74 160 192 337 38 107 118 227 155 283 247 421 110 214 172 308 12 68 164 296 1 52 135 252 193 340 78 167 176 313 92 188 74 161 240 410
64 22 2936 227 391 214 371 167 300 98 197 203 355 238 407 294 491 291 486 50 124 276 463 275 462 44 116 108 212 140 260 63 144 63 144 84 176 221 382 293 489 7 60 113 219 201 352
65 22 2508 285 477 114 220 111 216 137 255 56 134 134 251 24 86 60 139 139 258 191 336 283 475 247 421 66 149 212 367 90 185 40 110 158 287 189 333 194 340 223 384 111 216 72 158
66 22 2720 77 165 165 297 222 382 5 58 182 322 197 345 17 75 147 271 74 160 116 223 69 154 263 444 198 347 211 366 148 272 51 127 225 387 56 134 272 458 141 261 284 476 280 469
67 22 2796 170 305 160 290 264 446 182 323 6 59 91 187 51 127 271 456 299 498 240 410 49 124 125 238 31 96 3 55 107 210 292 488 53 129 293 489 288 482 185 327 47 120 289 484
68 22 2927 147 271 244 416 112 218 21 81 282 472 5 57 189 334 225 387 165 297 70 155 162 293 244 416 127 240 16 74 254 431 193 339 263 445 124 235 241 411 98 197 188 331 289 483
69 22 2394 13 69 45 117 83 174 288 482 217 375 190 334 81 171 193 340 274 461 128 242 164 296 286 479 110 215 12 67 18 77 124 235 234 401 157 286 120 230 91 186 88 182 77 166
70 22 2623 212 368 54 131 111 216 261 441 10 65 13 69 148 272 62 142 47 121 179 318 255 432 73 160 262 443 264 446 140 260 208 361 110 215 68 152 282 473 118 227 126 239 276 464
71 22 2549 163 294 150 275 237 406 252 428 12 68 55 132 199 348 120 229 146 269 221 382 26 88 59 139 124 236 101 202 265 448 105 207 83 174 280 470 276 463 1 51 166 299 146 268
72 22 2165 16 73 192 338 218 377 7 60 165 297 243 414 46 118 122 233 166 299 136 254 64 146 40 110 58 137 15 73 78 167 97 195 203 354 54 131 171 306 156 284 185 327 275 463
73 22 2736 266 449 112 218 46 119 190 334 207 360 66 148 241 411 131 246 295 493 42 113 240 410 114 221 131 246 192 337 42 112 150 274 214 370 101 201 188 331 190 334 220 380 42 113
74 22 2603 216 374 229 394 295 492 137 256 242 413 17 76 241 412 217 375 199 348 77 165 195 343 69 154 76 163 125 237 3 54 168 301 120 229 93 190 5 57 80 170 186 329 264 446
75 22 2589 244 416 61 141 191 337 206 359 91 187 31 96 266 449 294 491 113 219 116 224 168 302 205 358 65 147 61 141 69 153 171 306 182 322 278 467 164 296 85 178 129 243 47 120
76 22 2519 224 386 300 499 139 259 289 483 233 399 6 59 111 216 260 440 122 233 15 73 148 271 226 389 114 221 176 313 248 421 4 55 115 222 218 377 14 70 142 263 10 65 35 102
77 22 3068 150 275 175 312 274 461 224 385 144 265 135 252 223 384 64 146 105 208 153 279 281 471 103 204 187 330 54 131 135 252 112 218 244 416 272 458 169 304 283 474 95 192 253 429
78 22 2672 210 365 232 397 211 367 10 65 270 454 119 228 228 392 185 328 257 435 25 87 162 292 147 271 179 319 199 348 40 109 61 141 120 230 54 131 252 428 123 235 116 223 141 262
79 22 2808 19 78 230 395 46 118 21 81 215 373 162 292 76 164 277 466 136 253 232 397 100 200 277 465 282 473 65 147 7 61 240 410 77 166 43 114 300 499 212 367 231 396 263 444
80 22 2462 48 122 110 215 60 140 13 70 259 438 49 123 129 244 100 199 140 259 181 321 183 324 2 53 256 433 241 412 279 468 180 320 195 342 15 72 15 73 128 242 266 448 229 393
81 22 2323 255 432 128 242 121 232 111 216 99 199 82 173 2 53 196 344 14 70 103 204 21 81 176 314 247 421 182 323 196 343 95 192 155 282 102 203 87 181 97 195 190 335 245 418
82 22 2424 135 252 119 229 143 264 239 409 162 293 74 160 177 315 181 322 112 218 85 177 78 167 84 176 120 229 270 454 37 106 7 60 113 220 238 406 152 278 183 324 192 338 130 245
83 22 2501 272 458 47 120 111 217 30 94 237 405 214 371 79 168 234 400 248 421 12 68 98 197 133 250 186 329 102 202 98 197 30 95 292 487 126 239 248 421 199 349 111 217 20 80
84 22 2956 185 327 211 366 218 377 272 457 37 105 224 386 248 422 116 224 81 171 260 439 139 258 19 78 290 484 254 431 2 53 84 176 170 304 271 457 151 276 154 280 30 95 279 468
85 22 2480 96 194 14 71 28 92 298 496 131 247 63 144 192 337 34 101 269 453 173 310 81 172 16 73 185 327 48 122 174 310 209 364 292 488 59 138 252 428 168 301 65 147 253 430
86 22 2507 219 378 3 55 104 205 200 350 189 333 48 122 45 118 297 495 196 343 228 392 112 218 39 108 289 483 88 182 211 366 56 133 33 99 65 148 254 430 199 348 230 395 29 93
87 22 2153 103 205 163 294 4 55 142 263 261 441 152 278 269 453 180 319 157 285 56 134 110 215 234 401 26 88 25 87 137 255 97 195 188 331 42 113 135 252 54 131 2 53 155 282
88 22 2724 215 372 275 462 190 335 91 186 168 301 274 460 159 288 129 243 55 132 143 264 214 371 22 83 215 373 139 259 66 148 161 291 130 245 16 73 206 359 135 252 241 411 161 291
89 22 2101 165 298 3 55 164 295 49 123 152 278 123 234 199 349 122 233 214 370 17 75 4 56 44 116 86 178 259 439 129 243 224 386 264 446 75 162 18 77 38 106 255 432 23 84
90 22 3017 50 125 209 364 240 410 117 226 267 451 242 413 295 493 162 292 23 84 288 482 195 342 196 344 203 354 60 140 10 65 260 440 243 414 89 183 64 146 298 497 66 148 195 342
91 22 2761 108 212 229 393 244 415 91 186 29 93 77 166 119 229 221 381 281 472 223 385 289 483 222 382 281 472 36 104 78 166 182 323 11 67 252 428 28 92 213 370 31 97 207 360
92 22 2926 182 323 188 332 22 82 202 352 125 237 241 412 104 205 122 233 210 365 286 479 169 303 143 264 250 425 243 415 147 270 70 155 101 201 254 430 73 159 125 237 145 267 256 434
93 22 2543 88 182 24 85 242 413 240 409 68 152 279 469 60 140 32 98 60 140 192 338 108 212 167 301 220 380 119 229 103 204 84 176 53 129 139 258 199 348 201 351 248 421 253 430
94 22 2945 133 249 201 351 201 351 129 244 176 314 173 310 78 167 1 52 280 470 295 492 267 450 99 198 253 429 245 417 170 305 231 396 10 65 170 304 259 438 109 213 37 106 165 297
95 22 2688 3 55 137 255 107 211 174 311 115 222 170 305 226 388 175 313 37 105 163 294 262 443 264 446 168 302 281 471 214 370 252 428 245 417 3 55 61 141 43 115 164 296 96 194
96 22 2760 176 313 121 231 95 192 128 242 116 224 244 416 5 58 300 500 203 355 210 364 43 114 62 143 171 306 49 123 213 369 94 191 232 397 264 445 217 376 83 174 223 384 202 352
97 22 2568 140 260 45 117 152 277 108 212 244 416 116 224 63 144 224 386 118 227 212 368 239 408 36 103 1 51 258 436 164 295 156 283 227 391 148 272 284 475 144 266 87 180 45 118
98 22 2486 180 319 216 374 209 363 105 208 17 76 267 451 38 107 11 67 203 355 122 233 27 90 219 378 164 296 284 476 159 288 42 113 53 130 168 301 155 282 186 329 118 226 165 297
99 22 2404 198 347 260 439 75 162 171 306 6 59 110 214 102 202 113 219 127 241 100 199 187 331 258 437 180 319 209 363 207 360 38 107 15 72 239 408 94 190 45 118 216 374 56 133
100 22 2144 266 448 19 79 292 488 76 163 266 449 28 92 48 121 186 328 44 115 32 98 89 184 74 161 154 281 296 493 255 432 116 224 61 141 1 52 296 494 28 92 34 101 20 79
101 22 2350 54 130 196 344 122 232 258 437 99 198 92 187 187 330 119 229 224 385 53 130 52 128 133 249 263 445 47 120 154 280 86 179 101 201 1 51 200 350 201 352 144 265 152 278
102 22 2582 286 479 45 118 102 203 151 276 83 175 145 268 116 224 149 273 108 212 46 118 109 213 161 291 258 436 100 200 66 149 299 499 117 225 249 423 159 288 223 384 148 272 108 212
103 22 2611 6 59 134 251 244 415 11 67 254 430 229 394 195 342 113 220 213 369 209 363 176 314 215 372 172 308 66 148 90 184 114 220 1 51 47 120 238 407 110 214 171 306 256 434
104 22 2746 257 435 114 220 55 132 276 464 109 214 84 176 163 294 293 489 214 371 53 130 194 341 133 249 272 458 281 471 282 472 150 275 41 112 26 88 67 150 137 256 129 244 103 204
105 22 2942 38 106 96 193 299 499 187 330 215 372 126 239 184 326 88 181 189 333 201 352 149 274 267 450 76 163 226 388 174 311 255 433 49 124 97 196 142 263 203 354 269 453 148 272
106 22 2614 37 105 125 237 271 457 268 452 299 498 298 496 90 184 157 285 7 61 75 163 108 211 70 155 104 206 74 161 139 258 72 157 156 283 232 398 254 430 91 186 197 345 144 265
107 22 2878 271 457 258 436 182 322 65 147 230 394 239 408 130 244 21 82 247 420 93 189 269 453 62 143 47 121 146 269 43 114 131 247 290 484 130 245 65 147 223 384 210 365 246 419
108 22 2478 141 261 74 161 55 133 93 190 176 313 267 450 22 83 180 320 2 53 131 246 191 337 92 187 195 343 164 295 267 450 121 232 101 202 216 373 75 162 272 457 192 337 71 157
109 22 2560 277 466 295 493 128 242 87 180 161 291 12 68 91 187 194 340 228 391 83 175 1 51 27 90 76 164 248 422 295 492 222 382 234 401 48 122 129 244 17 75 54 131 293 489
110 22 2880 207 361 231 396 114 221 214 370 144 265 128 242 247 421 258 436 79 168 119 229 221 381 193 339 196 344 113 219 80 170 172 307 258 437 49 124 105 208 284 476 119 228 70 154
111 22 2694 234 401 10 64 280 469 106 209 267 450 9 64 37 105 38 106 37 105 108 212 104 206 285 477 87 180 297 496 242 413 70 155 134 250 299 499 273 459 72 158 161 292 218 377
112 22 2731 193 339 6 58 23 85 200 349 33 99 13 69 288 481 49 124 55 132 157 285 70 154 264 446 177 315 200 350 256 433 85 177 299 498 294 491 69 154 259 438 229 393 195 343
113 22 2254 246 418 127 240 53 130 67 150 109 214 74 161 113 219 40 110 134 250 4 55 171 306 168 302 143 264 80 170 126 239 146 268 195 342 182 323 35 103 169 303 155 282 281 471
114 22 2816 9 63 268 451 190 334 174 311 232 398 6 59 81 171 146 269 223 384 118 226 127 240 208 362 99 199 272 457 198 347 232 398 195 343 115 222 166 299 55 133 185 328 221 381
115 22 2740 44 115 134 250 203 354 152 278 278 466 271 456 94 190 205 357 107 211 139 258 117 225 287 480 38 107 138 256 179 319 60 140 163 295 108 212 264 445 234 401 68 151 142 262
116 22 2097 268 452 161 291 278 467 178 316 208 362 4 56 164 296 66 149 48 121 143 264 173 310 164 296 101 202 55 133 87 180 37 105 23 84 46 119 178 316 101 202 31 96 108 212
117 22 2354 37 105 250 425 94 191 70 154 151 276 30 95 100 200 131 246 65 147 47 120 92 188 136 254 243 415 255 432 206 358 252 427 68 152 255 433 146 269 248 421 37 106 30 95
118 22 2855 130 245 16 74 235 403 199 348 189 333 83 174 127 241 186 329 11 66 203 354 41 111 275 463 271 456 45 117 108 212 219 379 26 88 246 418 283 475 238 406 193 339 245 417
119 22 2412 21 82 130 244 44 116 83 175 265 447 9 64 114 220 29 93 37 105 178 317 70 155 203 355 56 134 281 471 241 411 115 222 292 488 276 464 221 382 50 124 111 217 189 334
120 22 2927 191 336 138 257 275 462 189 333 3 54 225 387 232 398 206 359 20 80 300 499 195 342 230 395 135 252 248 421 203 354 179 318 53 129 80 170 258 437 30 95 42 112 227 391
121 22 2803 283 475 297 496 113 219 43 114 121 231 150 274 106 208 30 94 251 426 185 327 25 88 141 261 299 498 242 412 270 455 144 266 106 209 99 199 118 226 217 376 217 375 47 120
122 22 2658 17 75 284 475 228 392 250 424 235 403 151 276 70 155 31 96 241 411 23 84 40 109 292 487 131 246 89 183 128 242 179 318 101 201 260 439 79 168 61 142 288 482 145 268
123 22 2475 82 172 143 264 106 209 273 459 145 268 18 77 188 331 123 234 289 483 50 125 95 192 30 95 243 414 245 417 45 118 186 329 32 97 240 409 90 184 240 409 4 55 227 391
124 22 2671 299 498 19 78 260 440 40 110 89 183 263 444 28 91 133 249 80 169 64 146 191 336 300 499 273 459 285 478 20 80 18 76 31 97 248 422 263 445 27 90 255 433 153 280
125 22 2698 277 465 293 490 25 88 21 81 270 455 96 194 229 393 112 217 225 387 35 102 14 71 199 348 168 301 287 480 245 417 56 134 80 170 8 61 77 165 268 451 188 332 200 350
126 22 2397 168 301 86 179 162 293 157 285 191 337 2 52 216 373 44 116 147 270 103 205 267 451 18 77 229 394 106 209 99 198 124 235 118 227 246 419 72 157 207 361 41 111 194 341
127 22 2893 117 225 281 471 102 203 32 98 70 154 76 163 209 363 201 351 259 439 102 202 175 313 113 219 260 440 105 207 173 309 127 240 294 491 241 411 15 73 223 385 151 276 291 486
128 22 2485 250 425 211 367 123 234 161 292 60 140 154 281 95 193 41 111 17 75 84 176 70 155 85 177 223 384 3 54 292 487 181 321 238 406 286 479 231 396 128 241 90 185 84 175
129 22 2603 201 352 256 434 250 425 197 346 266 449 47 120 114 221 168 301 285 478 201 352 175 312 44 116 87 180 49 123 153 279 272 458 85 177 192 337 23 84 41 111 136 254 12 68
130 22 3288 283 475 262 443 195 342 232 398 290 484 257 436 151 276 136 253 146 269 165 298 179 319 110 215 6 58 161 291 232 397 293 490 32 97 294 491 283 474 178 317 202 352 23 84
131 22 1894 119 228 73 159 229 394 65 147 245 417 289 483 141 262 56 134 73 159 118 227 10 64 83 174 45 117 21 82 12 68 86 178 63 145 35 103 164 296 214 370 48 121 179 319
132 22 2644 259 439 193 339 151 276 73 159 2 53 122 232 146 269 40 109 293 490 227 390 208 362 257 436 71 156 71 156 236 404 243 415 237 406 63 144 63 145 102 202 244 416 4 56
133 22 2975 64 146 89 183 136 254 263 444 156 284 280 470 29 93 267 451 111 216 186 329 281 471 126 239 41 111 283 474 212 368 271 457 12 68 179 319 57 135 213 369 189 333 274 461
134 22 2449 115 222 121 232 44 115 233 399 237 405 47 120 41 111 248 421 89 183 185 327 240 410 162 293 161 292 146 269 39 108 12 68 40 110 171 306 147 270 272 458 99 198 213 369
135 22 2908 55 132 20 80 105 207 170 304 272 457 186 329 37 106 210 364 56 134 185 328 86 179 47 120 284 476 195 342 210 365 299 499 203 354 189 333 243 414 182 323 174 310 228 392
136 22 3112 267 450 29 94 109 214 208 362 217 376 279 469 138 257 243 414 170 305 178 317 251 427 126 239 24 86 189 333 134 251 108 212 171 306 266 448 191 337 234 401 123 234 236 403
137 22 2804 243 415 170 305 208 361 38 106 272 458 63 144 154 280 245 417 273 459 123 234 239 409 40 109 271 457 164 295 211 366 74 161 156 284 170 305 130 245 5 57 152 278 104 206
138 22 2695 286 479 158 287 7 61 133 250 268 451 236 404 36 103 221 381 102 202 235 402 291 486 145 268 84 176 165 298 108 212 213 370 158 286 90 185 90 185 50 124 13 69 280 470
139 22 2364 282 473 152 278 243 414 231 396 291 486 1 52 167 301 199 349 50 124 31 96 209 363 45 117 228 392 130 244 236 404 68 152 13 70 44 116 115 223 63 144 133 249 24 86
140 22 2480 37 105 266 448 218 377 5 57 120 230 121 231 245 417 168 302 164 296 94 190 265 447 121 231 30 94 78 167 140 260 169 304 144 265 185 327 234 401 41 111 138 257 117 225
141 22 2432 93 190 138 256 181 321 196 344 120 230 70 154 210 365 129 244 35 102 59 139 184 325 128 241 168 301 82 172 138 257 168 301 248 421 46 119 254 431 106 209 287 480 1 51
142 22 2469 288 482 136 253 24 86 25 87 263 444 78 166 176 313 20 80 272 458 121 231 203 354 171 307 241 411 139 258 39 108 237 406 85 178 91 186 121 231 29 93 42 113 286 478
143 22 2658 25 88 195 342 58 136 156 284 208 361 271 456 260 440 231 396 217 376 98 196 95 193 48 122 34 101 274 461 10 65 138 257 209 364 262 443 219 379 65 148 103 204 147 271
144 22 2704 194 340 70 154 84 175 199 349 206 358 142 263 191 336 205 357 214 370 224 386 52 128 99 198 128 241 197 345 76 164 146 269 115 223 106 209 287 481 74 160 84 175 288 482
145 22 2706 142 262 96 194 237 405 192 338 21 81 119 228 241 411 143 264 223 384 208 362 75 162 1 51 180 320 228 392 37 106 236 404 152 278 93 189 185 327 70 154 285 478 219 378
146 22 3200 111 216 36 104 201 351 183 325 57 136 294 491 292 488 260 440 13 69 252 428 172 307 272 457 298 496 209 363 86 178 232 398 239 408 240 410 274 460 94 190 44 115 141 261
147 22 2039 39 108 222 382 191 337 17 75 43 114 239 408 228 392 219 379 34 101 53 130 238 407 26 89 300 500 25 87 34 101 79 169 13 70 92 188 108 212 249 423 82 173 18 77
148 22 2122 201 351 183 324 287 480 233 400 3 54 149 273 54 131 72 158 296 494 237 405 124 235 68 151 138 257 111 216 34 101 72 157 105 207 1 51 38 107 14 70 225 387 8 62
149 22 2828 11 67 19 79 236 403 182 322 282 473 174 310 85 178 300 500 15 73 120 229 260 440 92 188 174 310 130 245 200 350 146 269 128 242 178 317 72 158 230 395 289 484 213 370
150 22 2645 15 72 37 105 87 180 239 409 242 413 279 468 210 364 183 324 204 355 247 420 225 387 47 121 243 415 234 401 96 194 66 148 71 157 155 283 165 298 49 123 62 142 151 277
151 22 2814 195 343 207 361 76 163 165 298 81 172 75 162 10 65 172 307 62 142 49 124 234 400 95 192 227 390 120 230 286 479 299 499 132 248 293 489 208 362 27 90 275 462 230 394
152 22 2694 116 223 258 437 275 462 258 436 219 378 58 137 15 73 198 347 287 480 84 175 96 194 252 428 59 139 3 55 230 395 103 205 24 86 61 142 170 305 219 378 248 421 135 252
153 22 3052 93 189 155 282 106 208 227 391 228 392 58 136 187 330 111 217 184 326 101 201 53 129 234 401 122 233 271 456 271 456 210 365 292 488 87 180 246 419 228 391 218 377 134 251
154 22 2900 296 493 28 92 279 469 71 156 158 286 241 411 180 319 61 142 252 428 202 353 99 198 276 464 235 402 191 336 274 461 33 100 44 116 204 356 33 100 140 259 243 414 85 177
155 22 2968 240 410 18 76 214 371 262 443 157 285 245 417 176 313 264 446 291 486 209 364 288 481 191 336 31 97 137 255 203 354 65 147 257 436 23 84 48 122 268 452 98 196 26 88
156 22 2952 276 464 23 84 281 472 130 245 211 366 180 319 25 88 198 346 192 337 193 340 162 292 152 277 33 99 153 280 259 438 216 374 150 274 262 443 130 244 32 98 172 307 260 440
157 22 2953 260 440 283 475 177 315 88 181 113 220 159 288 245 418 161 291 53 130 229 394 167 301 174 310 220 379 242 412 137 255 221 381 47 120 18 77 230 395 241 412 74 161 153 279
158 22 2339 205 358 230 395 51 126 203 355 15 72 10 64 250 424 273 460 286 478 77 165 14 71 51 126 2 53 249 423 25 87 139 258 126 239 188 332 222 382 48 121 252 427 8 62
159 22 2233 270 455 177 315 60 140 78 167 193 340 84 175 137 256 127 240 23 85 161 291 111 217 32 97 216 374 256 434 63 144 77 166 125 237 121 232 113 219 61 142 143 264 164 295
160 22 2197 226 389 188 331 107 210 61 141 50 125 95 193 242 413 186 328 42 112 131 246 21 81 146 268 274 461 79 168 34 101 249 423 72 158 152 278 16 74 16 74 288 482 72 158
161 22 2613 48 122 200 350 97 195 285 477 28 92 142 263 55 133 212 368 65 148 271 456 64 145 41 111 182 323 254 431 89 184 114 221 272 458 249 423 285 477 181 322 88 182 45 117
162 22 2922 46 119 241 411 139 258 90 185 270 455 180 320 199 348 32 98 245 417 248 422 214 371 271 456 214 370 99 199 18 77 69 154 190 335 282 472 209 363 110 214 240 410 47 120
163 22 3017 269 453 263 445 160 290 26 88 180 320 145 268 236 404 253 429 44 116 170 305 225 388 196 344 130 244 133 249 265 448 62 142 289 483 123 235 56 134 46 118 240 410 261 442
164 22 2867 255 432 220 380 179 318 142 263 202 353 225 387 291 487 24 86 133 249 128 242 58 137 171 307 42 113 67 150 283 474 123 234 164 296 118 227 183 325 279 468 87 180 210 365
165 22 3207 212 368 293 489 266 448 83 174 262 442 130 244 262 443 279 469 3 55 2 52 282 473 120 230 97 196 185 327 285 478 289 483 254 431 71 156 190 335 187 330 57 135 200 350
166 22 2692 243 415 223 384 292 488 45 117 119 228 113 220 299 499 114 220 216 374 60 140 153 280 273 459 78 166 82 173 117 225 200 349 20 79 20 79 199 348 294 491 171 307 35 103
167 22 2879 294 491 214 371 7 61 220 379 225 387 56 134 241 411 254 431 71 156 66 149 286 479 240 409 3 54 160 290 270 455 46 118 184 325 82 173 243 414 155 283 210 365 72 157
168 22 2708 135 252 137 255 241 412 196 344 265 447 6 59 283 474 270 455 169 303 240 410 19 78 184 326 49 123 96 194 56 133 15 72 47 121 261 442 281 471 183 324 99 198 154 280
169 22 2430 91 187 16 74 80 169 41 111 86 179 275 462 26 89 97 195 176 314 180 319 225 387 140 259 283 474 82 172 240 410 154 280 134 250 191 336 68 152 54 131 187 330 212 368
170 22 2702 147 270 142 262 180 320 200 349 15 72 231 396 22 83 288 482 252 427 179 318 69 153 51 126 201 351 127 240 95 192 48 121 290 485 127 241 130 245 300 499 160 289 124 236
171 22 2706 79 169 70 155 30 95 85 177 235 403 232 398 66 149 227 391 137 256 174 310 300 499 91 187 104 206 235 402 280 470 245 418 111 216 148 272 177 315 82 172 269 453 6 58
172 22 3080 242 413 245 417 121 231 279 468 182 323 220 380 52 128 26 88 158 287 114 220 272 457 168 302 206 358 265 447 161 291 144 265 276 464 31 97 230 395 210 365 235 402 14 71
173 22 2565 239 409 55 132 82 173 232 398 79 168 84 175 156 283 224 386 76 163 271 456 27 90 183 325 267 450 122 232 214 370 108 212 211 366 24 85 106 209 38 106 245 417 164 295
174 22 2557 90 185 23 84 103 204 206 358 222 383 16 74 207 360 254 430 18 77 259 438 31 96 184 326 31 96 161 291 77 165 90 184 263 445 239 408 140 259 142 263 195 342 246 418
175 22 2801 201 351 32 98 191 336 24 86 190 335 292 488 68 152 77 165 38 107 24 85 143 265 74 161 272 458 188 331 247 420 197 346 208 362 108 212 255 432 286 479 139 258 248 422
176 22 2976 242 413 121 231 296 494 16 74 164 295 216 374 264 446 269 453 199 348 198 347 220 379 50 125 127 240 69 153 244 415 151 276 190 334 184 326 165 298 13 69 38 106 285 477
177 22 2495 57 136 40 109 261 442 220 380 241 411 88 181 7 60 274 460 256 434 88 182 185 327 114 221 47 120 119 228 186 329 4 56 150 275 131 246 183 325 112 217 225 387 131 247
178 22 2519 55 133 189 333 284 476 246 419 80 170 172 308 293 489 209 363 76 163 300 500 112 218 160 290 137 255 15 72 278 466 37 105 151 277 55 132 30 95 149 273 104 206 17 75
179 22 2921 235 402 247 421 36 104 258 437 135 252 50 124 194 340 230 395 186 329 294 491 120 230 218 377 83 174 142 262 204 356 185 328 251 426 118 227 282 472 70 155 69 154 45 117
180 22 2410 98 197 119 228 146 269 15 72 167 300 162 293 241 411 112 218 228 391 10 65 276 464 24 86 24 86 34 100 269 453 95 193 251 426 159 288 20 80 262 443 30 95 271 456
181 22 2714 54 131 248 422 206 358 262 443 290 485 100 199 92 187 52 128 170 305 96 193 31 96 279 468 281 472 7 60 15 72 265 448 109 213 220 380 192 338 196 343 81 171 147 270
182 22 2000 47 120 23 85 151 276 89 184 51 126 250 425 43 115 111 216 69 153 255 433 54 131 74 161 197 346 89 184 111 216 269 453 86 178 59 138 90 185 150 274 57 135 175 313
183 22 2368 254 431 171 306 195 342 244 416 56 134 25 87 51 126 60 139 119 228 274 460 87 180 110 215 168 302 97 195 275 463 35 102 184 326 167 300 27 90 184 325 29 94 149 274
184 22 2367 103 204 206 359 253 430 106 209 134 250 40 109 257 435 29 93 21 81 83 175 212 368 231 396 38 107 271 457 261 442 78 167 136 253 27 90 156 283 103 204 86 178 128 241
185 22 2377 123 234 97 195 252 428 112 218 148 271 35 102 100 199 198 347 209 363 15 72 107 210 232 397 120 229 39 109 21 81 232 398 270 455 278 467 271 457 42 113 20 80 51 126
186 22 2915 257 435 42 113 168 301 152 278 108 212 187 330 36 104 170 305 276 463 258 437 195 343 110 215 228 391 240 410 154 281 109 213 267 450 26 88 294 490 286 479 65 148 16 73
187 22 2517 21 81 33 100 29 93 166 299 284 476 34 101 87 180 108 211 122 233 282 473 195 342 77 165 247 420 71 157 23 84 240 410 283 474 226 389 174 311 165 297 214 371 66 148
188 22 2793 166 298 234 400 15 72 115 222 290 485 188 331 110 214 108 212 189 334 117 225 283 475 191 337 113 219 171 307 54 131 80 169 132 247 142 262 230 395 196 343 266 449 102 202
189 22 2292 40 110 166 298 190 335 228 391 246 419 173 310 280 470 3 55 26 89 192 338 135 252 161 291 27 91 27 90 89 183 29 93 62 143 45 118 130 245 169 303 251 426 196 344
190 22 2249 227 390 157 286 207 360 54 130 253 430 26 88 63 145 21 81 57 135 105 207 65 147 143 265 258 436 44 115 255 432 48 122 276 463 39 108 48 122 255 433 53 129 158 286
191 22 2328 44 116 35 103 245 417 65 148 54 130 128 241 82 173 26 89 242 413 114 221 123 234 71 157 116 224 76 164 191 336 276 464 24 85 90 184 236 404 213 369 167 300 293 490
192 22 2494 80 169 250 425 43 114 205 357 35 103 243 414 185 327 27 90 113 220 215 372 235 403 299 499 114 221 138 257 168 302 19 78 127 241 61 141 78 166 65 147 175 312 243 415
193 22 2301 271 456 143 264 181 322 56 134 234 400 94 190 235 402 232 398 193 339 24 86 171 306 187 330 28 92 130 245 2 52 20 79 24 86 142 263 51 126 37 106 241 411 181 322
194 22 2442 267 450 21 81 260 440 63 144 9 64 128 242 182 323 191 336 51 127 264 446 186 329 229 393 31 97 175 312 156 284 158 287 284 476 207 361 3 55 21 81 63 144 104 206
195 22 2873 249 423 104 205 21 82 108 212 196 343 245 418 71 157 179 318 172 307 173 309 218 377 282 473 69 154 193 339 58 137 279 468 271 456 160 289 258 437 56 133 159 289 71 156
196 22 2927 245 417 287 481 208 361 224 386 251 427 66 149 11 67 126 239 173 309 143 264 105 207 175 312 40 110 63 145 280 469 113 219 140 259 300 500 79 169 252 427 82 173 296 494
197 22 3027 24 85 220 380 289 484 257 435 230 394 166 299 183 324 135 252 184 326 127 240 82 173 242 413 117 226 37 105 139 258 199 348 278 467 193 340 116 224 104 206 193 340 269 453
198 22 2240 195 342 207 361 203 354 63 145 210 365 164 296 31 96 102 202 212 367 75 163 79 168 295 493 63 144 139 258 29 93 99 198 144 265 41 111 120 230 40 110 113 219 176 313
199 22 2912 109 213 236 403 194 341 280 470 93 189 259 438 205 357 110 215 119 228 291 486 292 487 174 311 152 278 39 109 23 84 257 435 291 486 136 253 189 333 35 102 73 159 84 175
200 22 2545 54 130 256 433 254 431 79 168 206 358 276 464 42 113 141 261 87 181 30 94 277 465 224 386 16 73 283 475 30 95 40 110 29 93 158 287 296 494 196 343 197 346 11 67
201 22 2071 98 196 107 211 25 88 103 205 121 232 275 463 238 407 94 190 294 491 278 467 116 224 5 57 144 266 122 233 106 209 218 377 34 101 25 87 100 199 2 52 52 127 32 98
202 22 2600 166 299 118 226 90 185 50 124 183 324 231 397 201 351 143 265 140 260 178 317 287 481 89 183 205 357 71 157 104 206 36 104 94 191 86 179 300 500 35 102 177 315 267 450
203 22 2799 236 404 235 402 31 96 250 424 219 379 136 254 81 171 111 217 57 135 172 307 264 445 162 293 162 293 254 431 127 240 254 431 184 325 166 299 134 251 104 205 89 183 71 156
204 22 2655 78 167 215 372 116 223 285 477 98 197 227 390 123 234 66 148 154 280 198 347 200 350 10 64 274 461 10 65 170 305 281 471 296 494 55 132 149 274 132 248 129 243 53 129
205 22 2763 295 492 269 453 76 164 146 269 166 299 53 130 292 488 13 70 124 236 74 160 20 80 224 386 79 169 98 196 253 429 74 161 157 285 291 487 153 280 98 197 237 406 262 443
206 22 3064 298 496 155 282 245 417 51 127 296 494 31 97 161 291 63 144 211 367 122 233 219 378 137 255 39 109 121 232 297 496 297 496 264 445 125 238 189 333 245 417 133 250 131 246
207 22 2776 209 364 183 325 283 474 61 141 91 187 284 475 295 493 293 490 156 283 44 116 18 77 5 58 51 126 57 135 292 488 61 142 160 290 266 449 98 196 160 290 231 397 173 309
208 22 2438 202 353 229 394 141 261 104 206 246 419 15 73 14 71 206 358 143 264 186 328 81 171 165 297 118 226 42 113 139 259 175 312 5 57 275 462 207 361 118 227 193 340 44 115
209 22 2585 8 61 2 53 95 192 11 67 240 410 231 396 207 360 264 446 242 413 229 393 285 477 25 88 44 116 96 194 174 310 170 305 273 459 190 334 21 82 240 409 23 84 162 293
210 22 2688 294 490 195 342 52 127 152 278 120 230 8 61 238 407 253 429 6 59 241 411 174 311 96 194 84 176 101 201 85 178 146 268 218 376 268 451 235 402 89 183 25 88 280 470
211 22 2461 175 312 288 481 41 111 36 103 45 118 215 372 229 393 12 67 290 485 131 247 200 350 206 359 262 443 30 94 68 152 149 273 10 65 200 350 31 96 102 203 190 335 167 300
212 22 2606 173 309 187 330 240 410 71 156 220 380 284 475 240 410 78 166 179 319 228 391 147 270 12 67 8 62 251 427 243 415 16 74 92 187 138 257 105 208 106 208 120 230 120 229
213 22 2593 197 345 215 372 9 64 137 256 155 282 29 93 211 366 239 409 16 73 34 100 172 307 275 463 157 285 18 77 61 141 296 494 159 288 178 317 285 477 113 220 204 355 82 173
214 22 2712 76 164 25 87 197 345 276 464 95 192 59 139 294 490 205 357 186 328 130 245 4 55 262 443 260 440 217 375 12 68 72 158 136 253 157 285 143 264 35 102 293 489 257 436
215 22 2478 119 228 201 352 29 94 243 414 257 435 16 74 61 141 233 399 241 411 110 215 74 160 220 380 52 128 21 81 71 157 178 316 95 193 164 295 228 392 257 435 186 329 42 112
216 22 2608 221 382 290 484 200 350 34 100 97 196 176 313 195 342 114 221 32 98 48 122 278 466 64 146 217 375 186 329 226 388 35 102 166 298 74 161 274 460 194 341 80 170 59 138
217 22 2810 14 71 214 370 258 436 141 262 251 426 129 243 270 454 26 89 183 325 44 115 251 426 268 451 292 487 212 368 87 180 123 234 159 288 54 131 155 282 68 152 25 88 289 483
218 22 3143 19 79 267 450 198 347 196 344 291 486 277 466 62 143 250 425 274 461 29 94 181 321 66 149 125 237 20 79 289 483 288 481 225 388 276 464 86 178 184 326 146 268 180 320
219 22 2864 133 249 212 368 250 425 148 272 41 111 19 78 154 281 86 178 178 316 250 425 298 497 298 497 38 106 97 196 97 196 29 94 288 482 134 251 245 418 261 442 252 427 72 158
220 22 2386 260 440 66 149 253 429 144 266 205 357 157 286 166 298 228 392 8 61 227 390 142 262 92 188 14 70 66 149 137 255 61 141 145 267 28 91 185 327 173 310 107 210 119 229
221 22 3352 134 251 204 356 152 277 193 339 271 456 150 275 179 318 275 462 140 260 132 247 40 109 167 301 208 361 98 196 196 344 151 277 155 283 286 478 286 478 260 440 286 479 228 391
222 22 2531 85 177 280 469 290 484 297 495 58 137 19 78 49 124 199 348 16 73 153 280 122 232 9 64 121 231 11 66 279 468 182 323 265 447 299 498 43 115 201 351 63 145 123 234
223 22 2182 46 119 33 99 223 385 44 116 41 111 15 72 13 70 286 479 231 396 15 72 296 493 90 184 194 341 67 150 49 124 144 266 62 143 75 162 78 167 281 471 260 439 185 328
224 22 2130 223 385 122 232 32 97 23 85 24 86 276 463 296 494 47 121 89 183 177 315 97 195 34 101 23 84 277 466 190 334 17 75 86 179 26 89 69 154 299 499 55 132 181 321
225 22 3278 19 78 126 239 268 451 203 354 139 258 289 484 72 158 243 414 164 295 150 274 281 472 207 360 230 395 216 374 247 420 87 181 275 462 276 464 14 71 290 485 153 280 149 273
226 22 2632 99 198 235 402 268 452 117 226 80 170 110 215 244 415 43 114 232 398 123 234 107 211 152 278 82 173 6 58 196 344 29 93 115 222 228 391 107 211 258 437 170 304 290 485
227 22 2472 49 123 223 384 144 265 29 93 135 253 147 270 4 56 6 59 199 348 13 69 296 494 155 283 71 157 120 229 164 295 256 433 283 474 83 175 184 326 240 409 195 343 95 192
228 22 2932 288 482 147 271 36 104 103 204 48 122 266 449 279 468 163 294 205 357 46 119 271 456 165 297 189 333 211 367 26 89 92 187 249 423 204 356 145 267 127 241 294 490 112 217
229 22 2586 81 172 242 413 285 478 106 209 272 458 33 99 230 395 16 74 130 244 91 186 166 299 8 62 47 121 212 368 231 396 119 229 147 270 247 420 222 383 298 497 33 99 17 76
230 22 2388 16 74 3 55 117 225 26 89 100 200 232 397 186 329 188 332 273 460 208 361 48 122 179 318 251 426 14 71 291 486 7 61 7 61 193 340 157 286 95 192 174 311 220 380
231 22 2251 72 158 61 141 290 485 44 115 109 214 269 453 228 392 162 293 272 457 84 175 35 102 173 309 89 183 256 433 12 68 97 195 121 231 81 171 50 124 55 133 143 265 111 217
232 22 2404 69 153 259 438 286 479 79 168 102 203 213 369 1 51 282 472 4 55 154 281 84 175 236 403 163 294 37 105 22 83 165 298 57 135 80 169 284 476 158 286 61 141 209 364
233 22 2775 240 410 282 473 45 117 25 87 208 361 293 489 116 223 253 429 291 487 145 267 189 334 251 426 47 120 293 489 61 142 48 121 88 182 116 223 246 419 124 236 9 64 99 198
234 22 2759 216 373 53 130 82 173 229 394 134 250 118 226 55 132 69 153 298 496 116 223 160 289 217 375 75 162 271 456 121 231 202 353 281 471 73 159 153 279 174 310 72 158 280 470
235 22 2656 141 261 198 347 14 70 170 304 268 452 7 60 160 290 114 220 121 231 226 389 214 371 194 340 160 289 125 237 245 417 207 361 141 261 288 481 34 100 14 71 43 114 237 405
236 22 2852 136 254 111 216 227 390 269 453 127 241 188 332 66 149 141 261 178 316 253 429 230 394 80 169 119 228 215 373 46 119 232 398 232 398 151 276 82 173 193 340 51 127 239 408
237 22 2528 154 280 98 197 219 378 253 429 241 412 290 485 199 349 9 64 56 134 24 86 160 290 167 300 177 315 60 140 62 143 111 216 44 115 262 443 205 358 33 100 52 128 284 476
238 22 2640 247 420 298 496 206 358 37 105 190 335 214 370 52 127 31 96 89 183 271 456 124 236 21 82 186 329 33 100 159 288 223 385 223 385 265 448 118 227 178 317 83 175 53 129
239 22 2475 256 434 231 396 298 496 42 113 233 399 186 329 10 64 101 201 155 282 168 302 157 285 16 74 48 122 291 487 54 131 100 199 71 156 98 196 100 200 160 290 285 478 34 101
240 22 2132 7 60 25 87 43 115 153 280 115 222 88 181 219 378 45 118 43 115 212 367 136 254 275 463 21 81 148 271 32 98 187 331 147 270 45 118 111 217 178 316 230 395 205 357
241 22 2889 294 491 109 213 198 347 158 287 24 86 277 466 169 304 73 159 247 420 119 228 251 426 160 290 96 194 39 108 257 436 299 498 196 344 159 288 91 186 113 220 150 275 133 249
242 22 2746 72 157 177 315 153 279 274 460 188 332 61 141 11 66 13 69 231 396 187 330 194 341 26 89 225 387 141 262 1 51 34 101 227 391 247 421 300 500 148 271 298 497 225 387
243 22 2858 160 290 261 441 42 113 44 115 108 212 54 130 54 131 117 225 39 108 107 210 174 311 249 424 279 468 179 319 276 464 147 270 204 355 75 162 298 497 291 487 171 307 244 415
244 22 2856 173 310 146 268 227 390 47 121 159 288 179 318 217 375 240 410 102 203 42 112 196 344 273 459 130 245 247 421 265 448 286 478 241 411 79 169 148 272 23 84 91 186 60 140
245 22 2433 173 310 251 427 14 71 158 287 182 323 267 450 112 218 267 451 191 336 264 445 43 114 58 136 220 379 54 131 236 403 19 79 154 281 82 172 254 431 21 81 5 57 17 76
246 22 2781 202 353 227 390 109 214 112 218 117 225 148 271 150 275 185 327 151 276 115 222 158 286 81 172 294 491 88 181 67 150 119 228 289 484 111 216 75 162 248 421 282 473 149 274
247 22 2348 40 110 139 259 288 482 98 197 125 237 59 138 219 378 265 447 156 284 137 255 107 211 65 148 184 326 216 374 44 115 56 134 100 200 132 248 206 359 47 121 135 253 118 227
248 22 2702 268 451 155 282 229 394 132 247 94 190 70 154 275 462 19 78 6 59 76 164 287 480 233 399 77 165 131 246 291 486 173 310 13 70 269 453 86 178 49 124 251 426 194 341
249 22 2337 150 274 186 329 166 298 202 353 129 244 76 163 299 498 76 163 232 398 144 265 104 206 243 414 60 140 72 157 71 157 206 358 23 85 42 113 117 226 57 135 111 216 156 283
250 22 2139 8 62 191 336 53 129 233 400 170 304 88 181 126 239 103 204 150 274 147 270 273 459 32 97 51 126 254 431 71 157 71 156 165 297 68 152 40 110 179 318 168 302 33 100
251 22 2586 101 201 136 254 127 240 199 348 41 111 22 82 295 492 264 446 140 260 110 214 177 316 99 198 211 367 74 161 98 196 222 382 76 164 189 333 105 207 223 384 261 442 63 144
252 22 2527 288 481 240 409 239 408 202 352 50 125 121 231 163 294 25 88 220 380 24 86 215 373 149 273 107 210 138 257 235 402 15 73 300 500 36 103 133 249 39 108 28 92 192 338
253 22 3136 83 174 162 292 288 482 212 368 293 489 17 75 218 377 283 474 5 58 190 335 235 403 205 357 292 488 172 308 28 92 193 340 276 464 114 221 168 302 55 133 250 425 181 321
254 22 2830 207 360 51 127 49 124 31 96 107 210 56 134 18 77 211 366 241 411 254 430 180 319 290 485 248 422 92 188 232 398 196 344 261 441 253 430 86 178 150 275 231 396 94 191
255 22 2919 130 245 122 232 283 474 216 374 243 414 8 62 77 165 141 261 192 337 89 183 163 294 94 190 94 190 146 269 67 151 242 412 278 467 254 430 297 496 98 196 256 433 159 288
256 22 2312 220 380 37 106 196 344 169 303 249 423 167 300 7 60 93 190 67 150 62 143 277 465 20 79 180 319 6 59 10 65 173 309 300 500 96 193 123 234 139 258 248 421 51 126
257 22 2325 278 467 291 486 173 310 115 223 56 133 103 204 20 80 202 353 84 176 135 253 28 92 132 247 266 449 36 104 188 332 47 121 103 204 5 57 225 388 278 467 93 189 49 123
258 22 2925 79 168 188 332 149 273 276 464 152 278 285 478 82 172 170 304 284 476 165 297 293 489 122 233 248 422 51 126 255 432 42 112 105 207 251 426 68 152 138 257 118 227 136 254
259 22 2504 261 441 214 371 159 289 161 291 284 476 147 270 96 193 89 183 132 248 30 95 240 410 29 93 61 142 172 307 80 169 98 197 210 365 82 172 49 123 180 320 113 219 243 414
260 22 2613 167 301 2 52 9 63 179 318 12 68 178 317 207 360 297 496 34 101 220 380 197 346 88 182 296 494 171 306 150 275 142 263 47 121 213 369 294 491 97 196 221 381 46 119
261 22 2413 17 75 200 350 174 311 171 307 180 320 149 273 7 61 42 113 17 75 161 291 269 454 165 298 114 221 114 220 213 369 162 293 26 89 246 418 194 341 54 131 236 403 106 208
262 22 2226 36 104 110 215 27 91 50 125 206 359 23 85 52 128 278 467 215 373 58 137 279 468 50 125 184 326 43 114 64 146 141 261 135 253 94 191 300 500 226 389 160 290 52 128
263 22 2114 19 79 280 469 245 418 86 179 15 73 25 87 173 310 171 306 71 157 129 243 16 74 97 196 241 411 300 500 79 169 110 214 12 68 37 105 205 358 145 268 11 66 176 314
264 22 2496 175 313 1 52 72 157 230 394 143 265 36 104 295 492 21 81 19 78 80 169 31 96 178 317 63 145 222 383 47 120 261 441 149 274 89 183 229 393 284 475 234 401 261 441
265 22 2537 121 232 137 256 182 323 147 270 126 239 288 481 238 407 35 102 43 114 206 358 126 239 9 63 172 308 173 310 117 226 21 82 198 347 190 334 208 362 155 282 85 177 195 342
266 22 2440 107 210 186 329 90 185 145 268 233 400 150 275 75 162 29 94 257 435 116 224 14 71 61 141 258 436 262 442 44 116 186 329 115 222 244 415 13 69 217 375 201 352 47 121
267 22 2544 12 67 237 406 29 94 54 130 77 165 284 476 81 171 144 266 108 212 56 134 283 474 293 489 92 187 53 130 232 398 249 423 80 169 213 370 64 146 29 93 242 413 268 451
268 22 2482 174 311 220 380 28 91 246 419 35 102 68 152 131 247 121 231 127 240 268 451 285 477 97 195 116 224 268 451 21 82 62 142 227 391 143 265 150 274 43 114 81 171 192 338
269 22 2755 138 256 136 253 100 200 269 453 197 346 12 67 230 394 171 306 127 241 285 477 12 68 197 345 263 444 17 75 161 291 156 283 138 257 72 157 244 416 13 70 232 398 274 461
270 22 2881 63 144 163 294 238 407 200 349 274 461 156 284 67 150 226 388 25 87 125 237 280 470 209 363 268 452 195 342 125 237 24 86 23 84 228 391 291 487 17 75 254 431 151 276
271 22 2438 139 258 270 455 171 306 165 297 184 325 253 430 152 278 190 335 52 128 105 208 168 302 130 244 174 311 60 140 49 123 2 52 121 231 131 246 198 347 264 446 65 147 5 57
272 22 2483 145 267 250 425 296 494 58 137 155 283 150 275 242 412 114 220 63 144 135 252 157 285 33 100 149 274 89 184 23 85 209 364 201 351 49 123 81 172 192 337 42 113 271 457
273 22 2082 38 106 174 310 210 365 276 464 106 209 72 158 202 353 81 171 130 245 227 390 172 308 13 69 138 257 55 132 1 51 206 359 41 112 47 120 61 142 150 275 172 307 31 96
274 22 3166 151 276 218 377 229 394 97 195 249 423 289 483 201 351 56 134 228 392 295 493 38 107 11 67 191 336 280 470 163 294 132 248 52 127 214 370 297 496 74 160 250 425 243 414
275 22 2504 190 335 72 158 70 155 289 483 137 255 77 166 189 334 121 231 199 348 50 124 53 130 241 411 66 149 10 65 135 252 267 450 219 378 163 294 104 205 82 173 144 265 252 428
276 22 2152 116 224 48 121 97 195 241 411 180 320 84 176 40 110 195 342 36 104 1 51 134 251 231 396 264 446 164 296 84 176 300 500 5 57 167 300 11 66 50 125 87 180 155 283
277 22 2689 263 445 19 79 269 454 172 307 182 322 275 463 169 304 181 321 111 217 109 213 25 88 19 78 213 370 57 136 133 249 200 350 26 89 261 441 75 163 239 408 149 273 215 373
278 22 2800 284 475 73 159 224 385 154 281 156 284 279 468 3 54 105 207 137 255 207 361 229 393 204 355 10 64 256 434 176 314 167 301 298 497 113 219 103 204 51 126 260 440 12 67
279 22 1856 18 77 31 96 1 51 268 452 147 271 54 131 193 339 4 55 269 453 64 146 48 122 155 282 151 276 59 138 181 322 66 148 167 301 47 120 132 248 21 82 173 309 72 157
280 22 2962 291 487 290 485 209 363 238 406 103 204 292 488 91 186 209 363 250 425 45 118 5 57 105 207 156 284 109 213 191 336 68 151 51 127 245 417 251 426 288 482 201 351 15 72
281 22 1775 3 54 10 64 282 473 85 177 54 130 283 474 132 248 148 271 29 94 102 203 36 103 228 392 138 257 164 296 60 140 105 207 13 69 143 264 31 96 81 171 23 84 69 153
282 22 2483 89 184 147 270 41 111 94 191 186 329 293 489 259 438 130 244 173 310 294 491 12 68 222 383 286 478 85 178 112 218 68 152 9 64 52 128 179 319 81 171 269 453 23 84
283 22 2770 83 175 123 235 59 139 183 324 246 419 84 176 290 485 53 129 125 237 4 55 253 429 167 301 145 267 147 271 184 326 270 455 111 217 265 448 106 209 263 444 144 266 158 287
284 22 3031 21 81 225 387 96 194 199 349 247 421 243 415 158 287 20 80 298 497 283 474 83 174 299 499 10 64 271 456 185 327 260 440 60 140 77 165 157 285 53 129 260 440 284 475
285 22 2740 195 343 141 261 235 402 138 257 205 358 171 306 260 440 43 115 110 215 92 188 139 258 68 151 292 487 78 167 148 272 2 52 225 387 236 404 107 210 270 455 42 113 229 393
286 22 2760 204 355 75 162 229 393 112 217 162 292 47 120 255 432 40 110 47 120 159 288 264 445 247 420 191 336 46 119 80 169 270 454 114 221 105 207 291 486 215 372 153 279 144 265
287 22 2854 108 211 145 267 157 286 125 238 217 375 271 456 227 390 11 66 293 490 211 366 92 187 43 114 80 169 34 100 114 221 277 466 213 369 213 370 270 455 161 291 182 323 124 236
288 22 3004 9 63 123 235 139 259 247 420 238 407 169 303 151 276 93 190 199 349 269 453 254 430 144 266 71 157 168 302 269 454 61 142 122 233 179 318 118 227 291 486 212 368 230 394
289 22 3056 155 282 29 94 253 430 235 402 31 96 76 164 250 424 276 464 207 360 238 406 100 200 227 391 26 89 18 77 141 261 281 472 289 483 235 403 177 315 234 401 62 142 280 469
290 22 2781 267 450 108 212 219 378 171 306 299 499 114 221 59 138 254 430 58 137 42 113 245 417 207 360 242 412 255 433 41 111 4 56 83 174 140 259 151 276 189 333 265 447 64 145
291 22 2392 173 309 41 112 129 244 81 172 11 67 299 498 148 272 214 370 280 469 280 470 231 396 120 230 196 344 24 86 29 94 129 244 31 97 69 153 15 72 73 159 210 365 207 360
292 22 2464 85 177 191 336 216 374 36 103 174 310 212 368 172 308 7 60 36 104 93 190 293 489 104 205 253 429 240 410 28 91 140 260 11 66 141 262 225 387 237 405 80 170 107 210
293 22 2460 300 500 241 411 44 116 58 137 63 144 160 290 67 150 36 104 119 228 245 417 83 174 1 51 23 85 246 419 288 482 191 337 199 348 97 196 275 463 237 405 101 201 2 52
294 22 1998 82 172 92 188 258 436 16 74 114 221 71 156 122 233 239 408 221 381 66 149 172 308 239 408 283 474 46 118 5 57 143 265 104 206 60 140 60 140 18 77 80 170 7 60
295 22 2576 211 367 277 466 40 109 42 113 70 154 230 395 7 60 290 484 294 491 194 340 41 111 133 249 89 184 136 253 244 415 207 360 18 77 153 279 214 370 245 417 84 176 2 53
296 22 3049 159 288 30 95 256 433 201 352 132 247 227 390 70 154 261 441 115 223 299 498 264 446 141 261 29 94 196 344 277 465 123 234 127 240 278 467 185 328 192 338 99 198 151 277
297 22 2220 119 228 180 319 199 349 51 127 216 373 135 253 2 53 36 104 139 259 134 251 264 445 216 374 14 70 43 114 130 244 64 145 114 221 171 306 207 361 219 378 31 96 91 186
298 22 3070 282 472 296 493 149 274 296 494 185 327 206 358 92 188 142 262 21 82 270 455 201 352 26 89 184 326 249 423 217 375 114 221 279 468 81 171 69 153 287 480 188 332 4 56
299 22 2993 135 253 215 372 77 165 34 100 279 468 161 291 218 377 293 489 23 84 249 423 144 266 117 225 213 370 191 336 54 131 253 430 276 464 5 57 260 440 246 419 146 269 153 280
300 22 2525 26 89 116 224 18 77 35 103 215 372 61 141 297 496 288 482 23 84 140 260 232 397 240 410 202 352 276 464 80 170 22 82 201 351 94 191 49 124 120 230 233 399 189 333
301 22 2474 19 78 232 398 250 424 161 292 49 123 138 257 51 126 7 60 83 174 242 413 188 332 176 313 97 196 81 171 92 187 287 480 60 140 214 371 300 500 246 418 46 118 74 161
302 22 3016 190 334 109 213 30 94 253 429 283 475 29 94 260 440 207 360 104 205 233 399 47 121 288 481 247 420 178 317 276 463 271 456 103 205 108 212 71 156 199 349 16 74 268 452
303 22 2726 146 269 123 235 185 328 217 375 134 251 92 188 211 366 231 397 42 113 40 110 171 306 18 77 134 250 191 337 189 333 267 451 156 283 240 409 153 279 95 192 167 300 206 359
304 22 2922 99 199 237 405 96 194 21 82 254 431 262 442 65 147 156 283 232 397 165 297 270 455 55 133 254 431 161 291 72 158 270 455 200 350 164 295 177 315 149 273 255 433 39 109
305 22 2304 49 123 170 305 9 63 136 253 153 280 45 117 53 129 281 471 68 152 155 282 157 286 257 435 97 195 266 449 18 76 119 228 295 492 202 352 276 464 38 107 32 98 5 58
306 22 2459 8 62 199 348 115 223 265 448 6 58 33 99 290 485 94 191 70 155 57 136 274 460 224 385 85 177 164 296 102 203 105 208 117 225 202 352 74 161 124 236 220 380 246 419
307 22 2698 110 215 242 412 47 120 267 451 78 167 51 126 198 347 243 415 127 240 49 124 30 94 237 405 60 140 227 391 68 151 83 175 74 161 256 434 281 471 169 303 237 406 239 408
308 22 2126 21 82 78 167 189 333 7 61 68 151 237 406 114 220 66 148 274 461 187 330 35 102 100 199 112 218 272 458 125 237 171 307 51 126 136 254 1 52 255 433 25 88 134 251
309 22 3279 213 369 59 139 181 321 11 66 271 456 211 366 195 342 90 184 293 489 269 453 267 450 183 324 52 127 294 490 257 435 183 324 168 302 179 318 170 305 192 338 158 287 203 354
310 22 2760 210 364 167 300 106 208 98 197 300 500 9 64 102 203 120 229 166 299 181 321 214 371 276 464 288 481 62 143 255 432 60 140 96 193 73 160 131 246 280 469 252 427 5 58
311 22 1744 123 235 21 81 191 336 100 200 110 215 62 143 219 378 64 145 169 303 168 302 48 121 56 134 49 123 215 372 87 180 75 162 76 164 52 127 170 305 59 138 43 114 23 84
312 22 2526 279 469 235 402 162 293 37 105 284 475 42 112 265 447 129 243 229 393 57 135 62 143 210 364 186 328 224 385 40 109 33 99 284 476 59 139 36 104 22 83 30 95 253 430
313 22 2899 252 427 272 458 164 296 99 199 232 398 95 193 235 402 277 466 172 307 193 339 194 340 185 327 255 433 160 290 213 369 185 327 170 304 60 140 91 186 7 61 58 137 55 133
314 22 2740 125 237 275 462 266 449 284 476 130 245 170 304 19 78 46 118 35 102 168 301 98 197 299 498 46 119 99 199 121 231 296 494 101 201 225 387 46 119 162 293 166 299 249 423
315 22 2903 219 378 84 175 159 289 296 493 197 345 69 153 251 426 198 347 65 148 288 482 6 59 297 496 187 330 38 107 6 58 182 323 270 454 268 451 61 141 4 55 266 449 218 376
316 22 2607 85 177 240 410 198 347 50 125 21 81 56 134 278 467 288 481 204 356 34 101 85 178 31 96 185 327 73 159 61 142 208 362 116 224 234 400 299 499 282 473 107 211 124 236
317 22 2532 180 320 25 87 155 283 131 247 226 388 261 441 211 366 226 389 223 384 215 372 103 204 106 209 1 52 290 485 6 59 75 162 123 235 124 236 98 197 34 101 230 395 123 235
318 22 2407 66 149 136 253 55 133 27 90 105 207 119 228 7 60 102 203 82 173 39 108 162 292 133 250 282 473 143 264 293 490 101 201 110 214 239 408 258 437 297 495 13 69 240 409
319 22 2041 175 313 256 433 67 150 2 53 53 130 3 54 88 181 120 230 66 149 112 218 40 109 208 362 174 310 241 411 129 243 247 420 150 275 77 165 45 117 23 84 23 84 253 429
320 22 2235 300 500 83 175 84 176 144 266 276 463 202 353 146 269 28 92 20 79 7 60 111 217 224 386 145 267 164 296 43 114 282 473 210 365 156 284 41 111 19 78 36 104 73 159
321 22 2494 192 338 266 449 114 221 250 424 26 89 251 427 5 57 54 131 94 190 187 331 27 91 163 295 284 476 91 186 158 287 297 496 237 405 252 428 43 115 27 90 39 109 61 142
322 22 2735 151 277 178 316 38 106 145 267 26 89 270 455 45 118 60 140 191 336 146 268 188 332 226 388 270 455 138 257 205 358 265 448 104 206 74 161 185 327 62 143 263 444 189 333
323 22 2077 245 417 92 187 7 60 105 207 234 401 172 308 253 430 201 351 56 133 13 69 236 403 142 263 66 148 42 113 84 176 191 336 3 54 30 95 226 389 39 108 76 164 84 176
324 22 2860 183 324 133 250 300 499 230 395 285 477 124 235 9 63 97 196 210 365 54 130 112 218 117 226 288 481 154 281 153 280 268 452 64 145 182 323 59 139 132 247 212 368 209 363
325 22 2442 274 461 162 292 14 71 220 380 18 76 82 173 233 399 134 250 188 331 183 324 158 286 233 400 98 197 277 465 90 184 20 80 155 283 244 416 24 85 106 209 23 85 117 225
326 22 2411 141 262 22 83 47 121 124 236 186 329 259 438 167 301 139 258 228 392 114 220 221 381 157 285 294 490 46 119 49 124 142 263 148 272 112 218 54 130 124 236 109 213 131 247
327 22 2366 132 248 56 134 196 344 13 69 71 156 43 114 45 117 63 144 83 174 202 353 258 436 293 489 173 309 64 146 175 312 114 220 30 95 268 452 194 340 153 279 293 489 39 109
328 22 2423 199 349 13 69 174 310 160 290 179 318 292 487 290 485 225 388 24 86 78 166 198 346 137 255 242 412 75 162 296 494 150 274 29 93 23 84 37 106 21 81 100 199 87 180
329 22 2424 70 155 134 251 277 465 259 438 113 220 256 434 139 258 21 82 35 102 28 92 75 162 162 293 125 238 126 239 199 349 31 97 207 361 205 357 117 226 91 186 132 248 229 394
330 22 2180 152 278 83 174 268 452 292 488 88 182 224 385 118 227 23 84 124 236 286 479 181 321 19 78 30 95 271 456 15 73 47 120 70 155 176 314 8 62 99 198 8 62 144 266
331 22 2924 243 414 49 123 159 288 59 138 296 494 14 71 151 276 251 427 285 477 158 287 137 256 233 399 16 74 148 272 271 457 38 107 247 420 110 215 281 472 6 59 267 450 237 405
332 22 2595 82 172 218 376 80 169 276 464 5 58 210 365 76 164 110 215 289 483 295 493 23 84 190 335 208 361 128 241 271 457 159 288 79 169 42 113 4 56 133 250 230 394 136 254
333 22 2689 246 419 65 147 227 390 63 144 166 299 83 174 165 297 257 436 19 78 84 175 280 470 214 370 249 424 126 238 103 204 233 400 44 116 256 434 211 366 63 144 113 219 95 192
334 22 2796 110 215 109 213 180 319 66 149 231 396 24 86 178 317 76 164 77 165 151 276 259 438 218 376 270 455 246 418 109 213 138 257 244 416 82 172 158 287 161 292 168 302 241 411
335 22 2480 257 435 21 81 84 175 113 219 133 249 273 459 26 89 214 371 211 367 194 341 150 274 191 336 65 147 124 236 65 147 229 393 276 464 62 143 248 421 56 134 38 107 71 156
336 22 2528 91 186 272 458 150 274 183 325 4 56 236 404 95 193 214 370 53 130 24 86 51 127 259 438 135 252 240 410 171 306 230 395 79 169 166 299 148 271 101 201 137 255 122 233
337 22 2500 200 350 23 84 262 443 210 364 90 185 254 431 3 54 102 203 202 353 27 90 148 272 77 165 78 167 141 261 5 57 246 418 280 470 37 105 175 312 53 130 263 444 250 425
338 22 2288 212 368 300 500 47 120 187 330 195 342 36 104 43 115 105 208 78 166 56 134 96 193 232 398 156 284 40 110 22 83 103 205 194 340 43 114 119 228 177 315 168 302 251 426
339 22 2737 44 116 13 69 161 291 132 248 135 252 268 452 278 466 96 194 23 85 197 346 157 285 280 469 131 247 63 145 240 409 130 244 201 352 298 496 185 327 179 318 167 300 44 116
340 22 2588 251 427 156 283 234 400 291 486 132 248 12 68 184 326 53 129 129 243 163 295 180 319 108 211 66 149 74 161 149 273 180 320 250 425 174 310 57 135 149 273 219 378 25 88
341 22 1864 219 378 81 172 37 105 42 113 198 347 61 142 281 471 29 93 62 142 91 186 19 78 22 83 200 350 89 184 237 405 10 65 11 67 117 225 96 194 153 280 223 384 53 129
342 22 2546 216 374 176 313 5 57 185 327 20 80 124 236 16 74 282 473 134 251 191 336 229 393 115 222 74 160 131 246 258 437 154 281 224 386 94 191 121 231 69 154 121 231 244 416
343 22 2886 135 252 251 426 245 417 109 213 234 400 209 363 132 247 66 149 248 421 195 342 213 370 70 155 85 178 145 267 221 381 159 288 80 169 232 397 288 482 115 222 42 112 134 251
344 22 3283 233 399 291 486 62 143 249 423 227 391 250 424 148 272 191 336 149 273 110 215 253 429 262 442 177 316 113 219 276 463 164 296 19 78 179 318 221 381 148 272 171 306 211 367
345 22 2431 122 232 152 277 250 424 254 430 29 93 259 438 108 212 47 120 193 340 12 67 288 482 149 273 183 324 226 388 35 103 59 139 114 220 8 62 218 377 16 73 37 105 280 469
346 22 2093 189 333 288 482 79 168 84 175 209 363 62 143 270 454 67 150 114 220 177 315 181 321 166 299 139 258 55 132 102 203 43 114 74 160 5 57 139 258 101 201 61 141 12 67
347 22 2308 276 464 41 111 112 217 181 321 53 129 33 99 295 492 157 285 130 245 296 494 68 151 137 256 120 230 125 237 65 147 248 422 124 235 173 309 24 86 22 83 81 171 125 237
348 22 3107 76 163 178 317 236 403 162 293 21 81 271 456 114 221 273 459 75 163 258 436 76 163 276 464 272 457 159 288 217 376 264 446 289 483 127 240 22 82 186 328 157 285 175 313
349 22 2407 175 313 267 450 194 340 23 84 141 261 239 408 53 129 128 241 43 115 140 260 184 326 289 483 138 256 39 108 15 72 233 399 50 125 134 250 161 291 255 432 41 111 67 151
350 22 2604 62 143 86 179 112 218 119 228 90 185 215 372 203 354 110 215 276 464 207 360 36 103 299 499 91 187 69 153 119 228 172 307 110 215 247 420 258 437 68 151 193 339 113 220
351 22 3000 183 325 142 262 141 262 62 143 85 178 290 485 44 116 109 214 296 494 49 123 281 471 265 448 153 279 247 421 141 262 211 367 107 210 224 386 154 281 137 255 245 417 184 326
352 22 2568 78 166 2 53 147 270 243 414 153 279 184 325 208 361 243 414 243 414 72 158 175 313 206 358 128 242 188 332 36 103 93 190 146 269 251 426 28 92 104 206 234 401 48 122
353 22 2816 280 469 127 240 266 449 241 411 20 79 116 223 170 304 52 127 92 187 246 419 260 440 20 80 229 393 152 278 223 384 245 418 220 379 209 363 95 193 143 265 11 66 103 204
354 22 2820 22 83 220 380 8 62 294 491 220 380 169 304 279 468 42 113 126 238 212 368 186 328 233 400 211 366 245 417 141 261 10 65 229 393 7 60 128 241 251 426 106 208 186 329
355 22 2724 27 91 136 254 194 341 237 405 297 495 75 163 225 388 112 218 133 249 242 413 154 281 120 230 209 364 171 306 178 316 277 466 112 218 189 334 19 79 34 100 60 139 204 356
356 22 2592 190 335 84 176 215 372 202 352 35 102 69 153 150 275 128 241 140 260 106 209 93 189 67 150 111 216 64 146 263 444 283 475 278 467 270 454 63 145 148 272 139 259 143 264
357 22 2540 268 452 7 61 222 383 168 301 196 343 65 148 228 391 247 420 134 251 163 294 88 181 106 209 156 283 91 187 32 98 165 297 283 474 146 268 127 240 102 203 138 256 44 115
358 22 2713 34 101 237 405 18 76 130 245 234 400 32 98 186 328 58 136 121 232 51 126 128 242 242 413 137 255 285 477 240 410 148 272 190 334 215 372 46 118 213 369 275 462 172 308
359 22 2760 103 205 125 237 200 350 17 75 60 140 148 271 146 268 93 189 153 280 283 474 232 397 296 494 53 130 274 461 107 210 21 81 129 243 61 142 145 267 289 483 238 407 277 466
360 22 3061 187 331 92 188 101 201 266 449 106 209 68 152 144 266 214 371 248 422 136 254 299 499 229 393 281 471 296 493 170 305 256 434 116 224 16 74 286 479 66 149 90 184 160 290
361 22 2698 243 414 33 100 76 164 190 335 166 299 137 255 45 117 107 211 171 307 211 367 211 366 198 347 84 176 231 396 281 472 208 361 247 420 150 275 177 316 33 100 45 117 129 243
362 22 2655 248 422 5 57 78 166 197 345 64 146 200 349 247 421 270 455 165 297 209 363 167 300 46 119 79 168 132 247 212 368 77 165 203 355 171 306 147 270 53 129 181 321 168 302
363 22 2755 140 260 37 105 221 382 96 194 218 376 23 84 124 236 280 470 289 483 22 82 185 328 246 419 181 322 102 203 120 230 265 448 171 307 276 464 138 256 76 163 97 196 137 255
364 22 2537 97 195 71 156 67 151 257 435 52 128 252 428 19 78 241 412 97 196 91 186 167 301 105 207 198 347 140 260 12 67 241 411 288 481 159 288 285 477 8 61 295 492 30 95
365 22 2620 251 427 134 250 15 72 291 487 197 345 155 283 241 411 133 249 120 230 114 221 265 448 239 408 21 81 153 279 152 278 12 68 291 486 108 211 16 74 72 157 230 394 65 147
366 22 3022 162 293 264 446 87 181 272 457 199 349 269 453 246 419 176 313 291 486 28 91 249 423 179 318 177 315 164 295 73 160 177 315 225 387 22 83 43 115 106 208 79 168 290 485
367 22 2704 56 133 31 96 159 288 106 208 185 327 191 336 147 271 207 361 282 472 167 300 14 71 82 172 266 449 267 450 16 73 208 362 271 457 7 60 35 102 238 407 276 464 170 304
368 22 2906 34 100 52 127 53 129 58 137 280 469 218 376 204 356 183 325 41 111 299 498 109 213 218 377 270 455 269 454 250 424 177 316 98 197 27 90 225 387 197 345 121 231 250 425
369 22 2720 276 463 24 85 204 356 259 439 39 108 256 434 204 355 168 302 10 65 33 100 246 418 38 106 275 462 219 378 33 99 225 387 240 410 46 119 83 174 280 470 227 391 15 72
370 22 2600 13 69 205 357 131 246 183 324 149 274 167 301 11 67 194 341 291 487 85 177 132 248 165 297 86 178 134 251 192 338 19 78 8 62 294 490 237 405 64 146 201 351 289 484
371 22 2078 121 231 211 366 56 133 26 88 249 424 151 276 81 171 58 136 184 326 13 69 54 130 68 152 240 409 109 213 135 252 132 248 78 166 59 139 244 416 36 104 234 401 59 139
372 22 2779 268 452 270 455 138 256 165 298 166 299 25 88 279 469 204 355 10 65 9 64 174 311 275 462 216 373 238 407 42 113 294 490 59 139 210 365 150 275 112 217 39 108 131 246
373 22 2463 293 489 208 361 138 257 184 326 119 228 72 157 129 243 282 473 150 275 32 97 52 128 84 176 214 371 104 205 103 204 164 296 192 337 176 314 9 63 124 236 5 57 245 418
374 22 2636 1 51 52 128 108 212 243 414 2 53 256 434 127 240 262 442 196 344 73 159 286 478 150 275 209 363 248 422 33 99 203 354 194 341 226 389 78 167 177 315 136 254 36 104
375 22 2440 2 52 84 175 262 442 89 184 2 53 216 373 199 348 236 404 255 432 288 481 280 470 237 405 7 60 13 69 258 437 207 360 18 77 169 303 70 155 15 73 138 256 6 59
376 22 3090 188 332 283 474 192 338 167 300 74 160 237 405 271 456 252 427 81 172 64 145 215 372 227 390 296 494 131 246 298 497 31 96 206 358 171 306 128 242 269 454 62 143 20 79
377 22 2846 78 166 84 176 161 291 92 188 178 317 87 180 294 490 104 206 167 300 53 130 255 432 77 165 276 464 29 94 298 496 295 493 200 350 20 80 196 344 267 450 182 322 165 297
378 22 2299 297 495 183 324 220 379 24 85 286 479 60 140 116 224 253 429 252 427 206 358 5 58 73 159 139 259 13 70 126 238 37 106 43 115 1 51 32 97 99 198 207 361 202 353
379 22 2624 36 104 54 130 76 164 113 219 20 79 267 450 257 436 188 332 100 200 103 204 32 98 130 245 268 451 91 187 208 361 116 224 285 478 146 269 154 281 152 278 193 339 292 487
380 22 3053 93 189 107 211 280 470 105 207 214 371 294 491 21 81 73 160 295 492 30 94 199 349 206 359 277 465 122 233 52 128 297 496 102 203 278 467 144 266 183 324 171 307 274 461
381 22 2488 100 199 159 288 73 159 270 455 222 382 66 148 271 457 25 88 121 231 179 318 203 354 185 328 84 176 241 412 96 193 101 201 9 63 199 349 86 178 195 342 156 283 70 155
382 22 2211 178 316 119 229 92 187 132 248 82 173 234 401 252 427 74 160 119 228 138 257 161 291 42 113 290 485 97 196 199 348 107 211 70 154 155 282 48 122 112 218 53 129 10 64
383 22 2264 151 276 65 147 57 135 29 93 9 64 4 56 206 359 244 415 35 103 177 316 121 232 27 90 49 123 288 482 65 147 230 395 64 146 185 327 116 223 143 265 293 489 273 459
384 22 2328 96 194 45 118 234 401 107 211 143 265 222 382 30 94 189 333 124 236 232 398 187 331 132 247 45 118 264 446 12 67 65 147 114 220 129 244 32 98 111 217 288 482 109 213
385 22 2253 299 498 174 311 56 134 96 194 80 170 22 83 135 253 19 79 33 99 270 455 57 136 252 428 94 191 3 54 255 432 164 296 233 400 174 311 64 145 54 131 224 386 59 138
386 22 2794 120 230 272 458 124 235 102 202 151 276 226 388 133 250 224 386 207 360 168 302 263 444 172 307 235 403 111 216 96 194 273 459 137 255 62 142 257 435 81 171 76 164 3 55
387 22 2210 6 58 185 327 150 275 266 449 1 51 31 96 35 102 176 314 185 327 1 51 124 236 170 304 81 171 225 387 280 470 275 463 11 66 143 265 167 300 76 164 87 180 88 182
388 22 2836 1 52 236 404 33 99 139 258 197 346 184 325 157 285 185 328 242 413 231 396 208 362 76 163 244 415 35 102 289 484 53 129 271 457 129 244 116 223 215 372 159 288 145 267
389 22 2428 157 286 190 335 131 246 245 417 36 104 160 290 125 238 167 300 66 149 250 425 180 320 151 277 249 423 62 143 80 169 225 387 17 76 138 257 148 272 106 209 21 81 131 246
390 22 2268 13 69 202 353 273 459 44 116 84 176 242 413 139 258 154 280 9 64 206 359 156 284 214 370 51 126 178 316 69 154 132 247 99 198 195 342 28 91 61 142 246 418 40 110
391 22 2564 260 440 52 128 155 283 20 79 65 148 219 378 130 244 44 116 149 273 86 179 246 419 51 126 100 200 123 234 280 469 134 251 162 292 186 328 146 269 238 407 178 317 181 322
392 22 2975 72 158 222 383 217 376 155 283 113 220 218 376 296 493 286 479 109 213 231 397 193 339 92 188 80 169 176 313 155 282 120 229 228 391 132 247 214 371 205 358 1 52 204 355
393 22 2452 19 79 198 347 295 492 238 407 17 75 41 112 146 269 275 463 107 210 136 254 297 495 78 167 127 240 194 340 39 109 238 407 166 299 98 196 99 198 205 357 48 122 4 55
394 22 2633 298 497 14 71 245 417 174 310 21 82 300 500 74 161 7 61 105 207 70 154 274 461 59 138 232 398 285 478 272 458 96 193 271 456 205 358 154 281 44 116 57 135 35 103
395 22 2856 219 378 1 52 188 331 226 389 275 462 193 339 97 195 296 494 165 298 212 368 79 168 248 422 272 457 154 281 16 74 202 353 54 131 86 179 59 138 136 254 202 352 191 336
396 22 2826 154 281 64 146 142 263 130 244 10 65 230 395 23 84 184 326 287 480 229 394 112 218 193 339 1 51 119 229 241 412 296 494 280 470 97 196 232 397 208 361 212 367 89 183
397 22 2914 134 251 275 463 121 231 287 481 41 112 217 375 226 389 245 417 61 141 224 385 145 267 222 383 126 238 172 307 244 416 249 424 35 102 152 277 6 59 228 392 3 55 230 394
398 22 3147 260 439 151 276 95 193 293 489 84 175 76 163 283 474 252 428 203 354 125 237 182 323 79 168 278 466 265 448 290 485 135 252 214 371 30 95 243 414 72 157 101 201 223 385
399 22 2920 217 376 201 351 250 425 138 257 205 357 249 424 173 309 107 210 61 141 254 430 229 393 263 444 151 276 88 182 46 119 155 282 174 310 227 390 110 214 118 226 173 309 61 141
400 22 2473 164 296 17 75 184 325 295 492 201 351 9 63 105 207 20 80 205 358 193 340 127 240 170 305 293 489 200 350 238 407 2 52 104 206 49 123 250 425 127 241 125 237 14 71
401 22 2354 224 386 188 332 129 243 186 328 19 78 160 290 43 114 34 101 54 131 37 105 180 319 154 281 186 328 94 191 81 171 257 435 210 365 197 346 62 142 26 89 180 319 242 412
402 22 2366 253 429 258 436 180 320 273 459 103 204 82 173 255 432 3 55 58 137 108 211 104 206 50 125 90 184 10 65 299 498 216 373 146 268 148 272 25 88 45 117 13 69 239 408
403 22 2579 128 242 173 309 123 235 234 401 14 71 9 63 157 286 198 347 74 161 250 425 66 148 158 287 172 308 295 493 299 498 158 286 65 147 227 390 68 152 46 118 122 232 188 332
404 22 2764 45 117 157 286 261 442 69 153 42 113 157 286 198 347 186 328 63 144 241 412 177 316 180 320 235 402 242 412 27 90 295 492 206 358 60 140 182 323 66 148 246 419 120 230
405 22 1608 103 205 108 212 151 276 55 133 150 275 114 221 47 120 58 137 181 322 178 316 143 265 169 303 28 91 46 119 37 106 67 150 148 272 63 144 34 101 24 85 97 195 10 64
406 22 2685 52 128 263 444 259 438 270 455 51 127 160 290 19 79 249 423 237 405 263 444 105 208 115 222 148 272 40 109 3 54 96 193 225 387 165 297 23 85 299 499 252 428 63 144
407 22 2662 69 154 178 317 84 175 128 242 271 456 150 275 78 167 125 237 164 296 216 373 99 199 78 167 12 68 114 221 61 142 110 215 269 454 292 487 270 455 140 260 263 444 157 286
408 22 2622 23 84 118 227 110 214 139 259 182 322 193 340 51 126 125 237 82 173 288 481 190 334 104 206 171 307 100 200 239 409 296 494 135 253 186 329 147 270 295 493 56 134 48 122
409 22 2672 153 279 236 404 263 444 223 384 131 246 220 380 95 192 223 384 4 56 249 423 284 476 117 225 111 216 86 179 163 294 31 97 130 244 41 111 148 272 58 137 238 407 137 256
410 22 2965 238 407 161 291 73 159 141 262 287 481 166 299 300 499 42 113 276 463 226 389 167 300 264 446 27 90 96 194 72 157 256 434 147 271 96 194 150 275 209 363 152 278 161 291
411 22 2506 157 285 188 332 20 79 229 393 14 70 188 331 200 349 8 62 214 371 192 338 197 346 59 139 97 196 140 260 259 438 115 222 52 128 273 459 191 336 119 228 123 235 98 197
412 22 2712 110 214 274 460 187 331 169 303 169 304 259 439 162 293 45 118 193 340 72 158 212 368 82 173 270 455 136 253 156 284 281 471 63 144 52 128 73 160 78 167 108 211 239 408
413 22 3274 260 439 76 164 167 300 229 393 298 497 115 222 241 412 292 487 260 440 274 461 239 408 273 459 7 61 31 96 4 56 59 139 227 390 209 363 277 466 118 226 212 367 225 388
414 22 1962 14 70 68 151 205 357 1 51 184 326 81 172 103 205 207 360 26 88 299 499 126 239 225 387 293 490 11 67 158 287 1 51 124 236 33 100 18 76 58 137 76 164 142 263
415 22 2658 130 245 124 236 113 219 32 98 93 189 298 496 246 418 30 94 266 449 28 91 221 382 229 393 70 155 183 324 70 154 11 66 119 228 278 467 287 480 181 322 254 431 60 139
416 22 2996 199 348 225 387 289 483 119 228 237 406 230 394 7 61 222 382 188 332 110 215 170 304 247 420 224 386 114 220 60 140 246 418 179 319 152 278 38 107 3 54 230 395 257 436
417 22 2808 113 220 68 152 251 427 290 484 245 418 40 109 174 310 150 275 183 325 213 369 165 297 159 288 72 158 202 353 214 370 193 339 126 238 40 110 60 140 186 328 163 294 203 354
418 22 2444 47 120 107 211 214 371 258 437 61 141 131 246 68 151 169 303 151 276 117 225 156 284 287 480 92 188 147 270 245 417 191 336 14 70 77 165 85 177 217 376 193 339 29 93
419 22 2752 74 161 160 290 115 223 200 350 261 441 212 368 187 330 293 489 212 367 127 240 90 185 131 247 85 177 169 304 9 63 206 359 77 166 70 155 292 487 277 465 38 106 156 284
420 22 2751 250 425 158 287 27 90 217 375 287 481 179 318 171 306 235 402 26 88 154 281 268 452 240 410 18 76 23 84 21 82 208 361 229 393 8 62 275 462 72 158 252 428 121 231
421 22 2675 16 73 168 302 25 87 2 53 159 289 245 418 83 175 48 122 255 432 282 473 185 327 132 247 76 164 268 452 186 328 230 395 217 375 4 56 279 469 194 341 232 397 58 136
422 22 2332 36 103 183 324 129 243 267 450 178 316 239 408 190 335 201 351 13 69 23 84 19 78 46 119 102 202 245 417 105 207 96 194 4 56 150 275 185 327 70 154 297 495 138 256
423 22 2877 19 79 294 491 139 258 62 143 83 174 192 338 88 182 272 457 165 298 8 61 247 420 213 369 235 402 17 75 249 424 201 352 178 317 281 472 213 369 155 282 49 123 237 405
424 22 2277 114 221 63 144 280 470 12 67 220 380 196 343 193 339 133 250 96 194 131 246 68 152 146 269 79 168 241 411 146 269 14 70 167 300 157 285 38 107 8 62 111 216 234 401
425 22 2669 35 102 203 354 298 497 246 418 58 136 188 332 153 279 178 317 199 348 115 222 239 408 226 389 119 228 92 188 74 161 110 215 250 425 137 255 141 261 176 314 9 63 91 186
426 22 2910 156 284 40 110 171 306 248 422 2 52 245 417 252 428 5 57 282 473 282 472 111 216 148 271 228 392 254 430 118 227 102 203 145 267 283 475 268 452 178 317 20 79 100 200
427 22 2660 167 300 195 342 153 279 3 55 241 411 116 224 257 436 252 428 89 184 236 404 66 149 88 181 109 213 92 188 151 276 239 409 29 94 180 319 296 493 140 260 128 242 99 198
428 22 2640 4 56 45 118 268 452 64 146 188 332 124 235 88 182 21 81 32 97 193 339 32 98 225 387 189 334 245 418 299 498 295 492 203 354 135 252 278 467 182 323 51 127 139 259
429 22 2673 173 309 270 454 216 374 65 147 29 93 102 202 59 138 39 109 272 458 299 498 185 327 113 219 222 382 216 374 194 341 67 150 263 445 11 66 175 312 124 236 149 274 99 199
430 22 2348 78 167 170 305 88 182 254 430 65 147 288 481 60 140 204 356 216 374 172 308 53 129 231 397 230 394 99 199 259 438 14 71 94 191 118 227 52 127 97 195 20 80 74 161
431 22 2488 206 359 5 58 73 159 224 386 89 183 44 115 159 289 282 472 84 175 70 154 57 135 48 122 168 302 157 285 199 349 120 230 203 354 195 343 234 400 201 351 175 313 117 225
432 22 2308 133 249 235 403 224 386 226 389 216 374 19 78 80 170 234 401 2 53 260 439 5 57 86 179 89 183 286 479 117 226 13 69 22 83 131 247 232 398 172 308 94 191 9 63
433 22 2313 142 262 210 364 90 184 47 120 220 380 87 181 299 499 197 345 114 221 1 51 57 136 260 440 173 310 227 390 183 324 13 70 6 59 66 148 165 297 133 249 1 51 201 352
434 22 2609 184 326 38 107 221 381 134 250 181 321 274 461 24 85 299 498 97 195 225 388 123 234 160 289 11 66 57 135 53 130 273 460 243 414 113 219 153 279 235 402 23 84 141 262
435 22 2076 101 202 173 310 183 325 2 52 51 127 22 82 209 363 39 109 15 72 85 177 70 155 262 442 103 205 87 180 86 178 159 288 196 344 125 238 160 289 297 496 58 137 113 219
436 22 2814 100 199 222 382 288 482 39 109 295 492 1 51 143 264 106 208 96 194 265 448 177 316 208 361 72 157 161 291 237 405 204 356 281 471 65 147 124 236 256 434 8 62 170 304
437 22 2700 153 279 156 283 56 134 293 489 4 56 149 274 247 420 83 175 99 198 109 214 238 407 208 361 213 369 145 267 20 80 153 279 145 268 128 242 237 405 192 338 197 345 151 277
438 22 2800 234 401 243 415 171 306 285 478 77 165 243 414 12 68 92 188 296 493 66 149 142 263 293 489 247 421 22 83 212 368 97 196 69 154 231 397 254 431 23 84 133 249 59 138
439 22 2605 131 246 126 239 88 182 12 68 92 188 245 417 91 186 232 398 287 480 107 210 255 432 162 293 2 53 119 228 288 482 294 490 189 333 86 179 192 337 1 51 151 276 107 210
440 22 2917 157 286 229 393 183 325 97 196 219 378 265 447 85 177 299 498 149 273 249 423 299 498 14 71 8 62 171 306 166 299 256 434 272 458 60 139 6 59 152 278 117 226 194 340
441 22 3310 168 301 249 424 115 222 167 300 152 278 113 219 278 466 186 328 134 251 127 241 138 256 230 394 223 384 211 366 193 340 233 399 190 335 280 470 204 356 285 477 31 96 231 396
442 22 2656 126 239 106 209 164 295 84 176 94 191 91 187 120 229 37 105 66 148 176 314 230 394 197 345 212 368 161 291 166 298 293 489 72 157 187 330 223 384 103 204 129 243 283 474
443 22 2695 175 312 288 482 45 118 284 476 169 304 154 281 41 112 255 432 107 210 221 381 96 193 290 484 17 75 169 304 90 184 151 277 212 368 278 466 84 175 108 212 5 58 130 244
444 22 2217 24 86 240 410 294 490 99 198 101 201 54 131 30 95 84 176 13 69 124 235 100 200 4 55 137 255 113 220 256 433 141 261 261 441 284 476 196 344 55 132 107 211 55 132
445 22 2848 283 475 63 144 217 376 60 139 137 255 217 375 171 307 178 317 200 350 283 474 198 347 14 70 286 478 49 123 174 310 34 101 162 292 36 103 290 485 263 444 142 262 104 205
446 22 2812 66 149 143 265 121 231 113 219 217 375 264 445 222 383 78 167 248 421 140 260 232 398 6 59 93 190 103 205 80 169 253 429 269 454 21 81 169 304 93 189 290 484 295 492
447 22 2479 73 159 82 173 175 313 69 154 81 172 242 412 73 159 177 316 294 490 28 92 73 159 261 441 39 108 25 87 143 264 194 341 247 420 211 366 31 96 242 413 65 148 274 461
448 22 2748 131 246 16 74 289 483 222 382 197 345 264 446 87 180 47 121 73 160 87 180 119 229 261 441 16 74 200 349 214 371 58 137 293 490 81 172 290 485 196 344 224 386 71 157
449 22 2513 133 250 280 469 27 91 92 188 116 224 213 369 292 487 34 100 247 420 209 364 4 56 13 69 98 197 251 426 123 234 60 140 84 176 193 339 250 425 273 459 37 106 113 220
450 22 2835 58 137 245 418 281 471 278 466 66 149 139 258 256 433 47 120 172 308 65 148 83 175 130 245 218 377 179 318 156 283 122 233 183 325 209 364 128 241 21 81 277 465 231 397
451 22 2819 202 353 203 355 102 203 102 203 272 458 43 115 201 351 197 345 66 149 97 195 174 311 48 122 93 190 153 279 21 82 268 452 153 279 244 416 233 400 139 258 261 441 252 428
452 22 2945 215 372 9 63 143 264 131 246 211 366 28 92 207 361 158 287 232 397 261 442 29 93 259 439 232 398 202 352 21 81 42 112 267 450 271 457 154 280 166 299 167 300 277 465
453 22 2861 198 346 177 315 120 230 102 203 104 205 194 341 32 98 178 317 253 429 169 304 243 415 246 419 230 395 290 485 21 81 6 59 246 418 54 131 232 398 143 264 68 151 271 456
454 22 2721 38 106 182 322 44 116 2 52 55 132 248 421 251 426 49 123 232 398 226 389 266 449 23 84 131 247 220 379 104 206 103 204 229 393 290 484 296 494 210 364 163 294 40 110
455 22 3054 218 377 130 244 99 198 91 186 200 350 223 385 261 441 232 398 153 279 236 403 3 55 96 194 116 224 165 297 270 455 176 314 245 417 293 489 97 196 93 189 188 332 233 400
456 22 2744 244 416 67 151 193 339 115 222 124 236 51 126 152 278 125 237 172 307 154 281 167 300 125 237 270 455 16 74 12 68 211 367 289 484 194 341 253 429 105 208 298 497 93 189
457 22 2690 19 79 101 201 254 431 204 356 129 243 184 326 74 160 94 191 52 128 229 393 217 375 27 91 295 493 130 245 222 383 264 445 191 336 110 215 278 467 86 179 114 221 89 183
458 22 2405 106 209 138 257 291 487 121 231 31 97 244 416 20 80 171 306 62 143 195 342 83 174 10 65 146 269 297 495 64 146 1 51 182 322 38 107 296 494 103 204 132 247 276 464
459 22 2091 123 234 121 232 269 453 112 218 102 203 69 153 78 167 260 440 107 211 136 254 239 409 47 121 30 94 38 107 199 349 198 347 134 251 152 278 53 129 26 89 44 115 77 165
460 22 2138 200 350 137 255 144 266 184 326 139 258 175 313 3 54 25 88 196 344 203 355 103 205 163 295 113 219 34 101 12 68 29 93 156 283 139 258 207 360 104 206 100 200 107 211
461 22 2355 13 69 286 479 54 131 67 150 27 91 288 482 79 169 166 299 269 453 137 255 8 62 57 135 3 54 136 253 249 423 122 232 248 422 40 109 260 440 154 281 78 166 203 354
462 22 2587 108 212 66 149 25 88 12 68 212 368 270 455 225 388 138 257 230 395 216 374 72 158 162 292 131 246 9 63 224 385 180 320 290 485 141 262 186 329 85 177 46 118 206 359
463 22 3056 69 153 65 147 162 293 61 141 164 295 297 495 275 463 236 403 82 172 202 353 234 400 228 392 157 285 286 479 208 362 223 384 203 354 32 98 118 227 203 354 80 170 235 403
464 22 2714 97 195 178 317 148 271 236 404 39 109 154 281 266 448 127 240 169 303 229 393 152 278 87 181 188 332 282 473 208 362 147 270 228 392 156 284 49 123 16 73 60 139 177 315
465 22 2695 186 329 98 197 151 276 186 329 251 426 196 344 57 135 158 287 32 97 31 96 222 383 243 414 109 213 118 226 198 346 110 215 194 341 132 247 143 264 267 451 99 198 188 332
466 22 1961 149 273 7 61 39 108 235 403 73 159 44 116 204 355 14 70 276 464 33 99 11 66 53 129 229 393 253 430 102 203 9 64 38 107 154 280 231 396 271 456 19 79 8 61
467 22 2850 234 401 160 289 59 138 256 434 221 382 168 301 76 164 244 416 195 342 57 136 7 60 87 180 185 328 23 85 88 182 292 487 274 461 290 485 28 91 67 150 260 440 292 487
468 22 2854 21 81 201 351 275 462 227 390 58 136 221 382 159 288 119 228 119 228 86 178 40 110 180 320 290 484 235 402 74 161 207 360 141 261 28 92 294 491 294 490 78 167 221 381
469 22 2452 46 119 148 272 261 441 104 206 33 99 148 272 199 348 39 108 198 347 87 181 89 183 270 454 209 364 177 315 56 134 289 483 15 72 246 418 51 126 155 283 142 262 104 206
470 22 2166 197 345 38 106 67 151 233 399 173 309 172 307 94 190 124 235 24 86 75 162 23 84 184 325 212 367 53 129 282 473 154 281 111 216 34 101 250 425 58 137 37 105 113 219
471 22 2803 298 497 95 193 120 230 104 206 150 275 279 468 59 138 79 168 149 273 265 447 16 73 38 106 51 126 275 462 150 275 210 365 122 233 230 395 273 459 253 429 225 387 63 144
472 22 2896 250 425 69 153 26 89 294 491 198 347 123 234 249 424 26 89 18 77 166 298 168 301 222 383 260 440 235 402 208 362 201 351 275 462 249 423 72 158 174 310 30 94 107 211
473 22 2549 176 314 158 287 66 148 172 307 145 267 201 352 17 75 248 422 58 137 12 68 200 350 67 151 253 429 80 170 36 104 34 100 214 370 132 248 203 355 165 297 280 470 270 455
474 22 2713 292 488 190 335 136 254 11 66 172 308 24 85 105 207 268 452 236 403 79 169 22 83 72 157 245 417 215 372 178 317 200 350 209 364 246 419 182 323 203 354 46 119 61 141
475 22 2871 280 470 278 466 279 468 52 128 93 190 62 143 180 319 111 216 229 394 165 297 142 263 295 492 65 148 72 157 162 293 236 404 128 242 262 443 124 236 294 491 16 73 64 145
476 22 2320 105 208 199 348 49 123 88 181 162 293 40 109 260 440 94 191 100 200 267 450 164 295 51 126 54 131 41 111 281 471 124 236 200 350 130 245 170 304 7 60 25 88 289 483
477 22 3330 66 149 184 326 108 212 150 275 107 211 260 440 299 499 232 398 192 338 169 304 228 391 300 499 194 341 169 303 78 167 189 333 84 176 207 360 240 410 242 412 273 460 192 338
478 22 2792 185 327 97 196 172 307 145 267 15 72 241 411 229 394 109 213 201 351 199 349 284 476 268 451 231 396 245 418 277 465 201 352 70 155 4 56 50 125 211 366 42 113 15 73
479 22 2677 16 74 175 312 171 306 107 210 250 425 103 205 149 273 164 296 24 85 186 329 136 254 124 235 126 239 232 398 222 383 268 451 203 355 252 428 212 368 26 88 98 197 103 205
480 22 2526 218 377 162 292 7 61 67 151 222 383 173 309 72 158 69 153 119 228 256 433 105 208 227 391 218 376 108 211 22 83 160 289 88 182 252 428 268 452 190 335 62 142 93 190
481 22 2923 220 379 214 371 213 370 273 459 65 147 107 210 94 191 260 439 230 394 163 294 263 445 120 230 184 325 31 96 57 136 168 301 76 164 242 413 65 147 223 384 94 190 292 487
482 22 3100 99 199 171 306 163 294 12 68 252 428 268 451 195 342 57 135 207 361 142 263 238 407 207 361 177 315 24 86 207 360 280 469 224 385 245 418 183 325 147 270 197 345 180 320
483 22 3057 16 74 167 301 167 300 189 333 157 285 81 171 289 483 219 378 238 407 200 350 262 443 53 129 96 194 296 494 64 145 172 307 109 213 193 339 110 214 216 374 236 404 292 487
484 22 2804 73 160 80 170 206 358 108 212 106 209 32 98 22 82 197 346 137 255 75 163 83 174 241 411 104 206 296 494 58 137 266 449 256 434 246 418 201 351 221 381 264 445 234 401
485 22 2837 256 434 179 318 241 411 91 186 118 226 50 125 203 354 249 423 74 161 239 408 1 51 153 280 72 158 123 234 39 109 266 449 250 425 287 480 81 171 156 284 280 470 139 259
486 22 2635 2 53 58 137 143 265 291 486 284 475 240 410 82 173 162 292 258 437 89 183 16 74 231 396 21 81 29 93 295 492 92 188 232 398 193 339 34 100 130 245 158 287 254 430
487 22 2860 265 447 20 80 184 326 260 440 219 378 68 152 143 265 134 251 244 416 75 162 12 67 217 376 231 396 168 302 2 53 238 407 81 171 239 409 216 374 155 282 196 344 208 361
488 22 2875 125 238 32 97 152 278 197 345 105 207 164 296 201 351 262 443 194 340 154 281 206 358 247 421 257 435 8 61 8 61 81 171 173 309 109 213 173 310 296 494 190 335 260 440
489 22 2694 207 360 51 126 103 204 247 421 113 220 75 163 115 222 184 326 4 56 292 488 211 366 161 291 297 496 155 282 47 120 158 287 39 108 178 316 45 118 275 462 147 271 264 445
490 22 2835 152 277 164 295 298 497 18 76 199 349 228 392 163 294 95 193 118 226 284 475 192 338 278 467 64 145 141 261 201 351 132 248 250 425 210 364 150 275 43 115 65 148 99 199
491 22 2352 146 268 299 499 68 152 212 368 220 380 9 63 294 491 93 189 46 118 23 84 39 108 169 304 226 389 20 79 217 375 210 365 37 105 144 266 79 169 195 342 134 251 60 140
492 22 3165 276 464 119 228 63 144 213 369 31 96 78 166 191 336 164 296 135 252 230 395 77 166 202 352 239 409 191 337 201 352 187 331 230 394 174 311 221 381 172 308 290 485 273 459
493 22 3286 149 273 21 81 143 265 223 385 146 268 124 235 273 459 277 466 254 431 208 362 213 369 18 77 268 452 251 426 125 237 195 342 289 483 276 464 181 321 41 112 145 268 288 482
494 22 2487 254 430 114 221 200 350 43 115 94 191 127 240 81 172 153 279 77 166 195 342 255 433 241 412 51 126 134 250 229 393 9 64 49 123 280 470 224 385 69 153 129 244 101 201
495 22 2550 252 428 250 425 102 203 137 255 267 451 45 118 72 157 203 354 139 258 32 98 261 442 212 368 254 431 264 446 38 106 34 101 124 236 15 72 64 145 21 81 126 239 276 464
496 22 2233 194 341 178 317 44 116 162 293 44 116 163 294 49 123 251 426 113 219 211 366 20 79 15 73 283 474 60 139 135 253 132 248 190 335 98 197 249 423 62 142 97 195 42 113
497 22 2820 139 259 252 428 46 118 227 390 122 233 169 304 266 449 76 164 172 308 114 221 75 162 242 412 31 96 237 405 139 258 80 170 56 133 49 123 299 498 207 361 290 485 238 407
498 22 2637 145 268 270 454 232 397 136 254 287 480 137 256 201 351 256 433 93 190 136 254 102 203 286 478 229 393 56 134 210 365 29 93 90 185 239 409 60 139 55 132 10 65 38 107
499 22 2958 149 273 149 273 289 484 293 490 30 95 35 103 272 458 88 182 22 82 273 459 254 431 201 351 246 418 40 110 288 481 75 162 137 255 98 197 247 421 280 470 69 154 163 295
500 22 2649 5 57 32 98 292 488 45 118 60 140 45 117 171 307 195 343 44 116 98 196 64 146 161 291 265 447 222 383 239 409 288 481 133 249 160 290 78 167 265 448 292 487 158 286
